154278
140826
124554
101857
101049
86367
84799
84015
82512
79571
78076
75300
74754
72738
70246
68242
64739
62686
62404
61920
61203
60213
59201
58711
57433
57402
57119
56057
55754
55498
53627
52652
52601
52433
49969
49758
49723
49089
49047
49021
48861
47735
47642
47524
47412
47279
46474
45705
45125
44722
44105
43996
43904
43433
43364
43214
43160
43093
42920
42553
42085
42069
42065
42024
41608
41189
40935
40747
40683
40604
40085
40062
39821
39781
39550
39434
39419
39201
38895
38876
38801
38042
37973
37858
37737
37652
37630
37411
37404
37344
37089
36931
36902
36755
36707
36407
36334
36107
35784
35623
35611
35413
35346
35125
35100
34878
34838
34689
34681
34570
34557
34366
34305
34229
33795
33351
33091
33056
32904
32770
32610
32555
32554
32410
32310
32248
32227
32130
32124
31291
31273
31269
31242
31072
30841
30695
30652
30535
30299
30234
30153
29985
29901
29883
29737
29734
29566
29566
29511
29502
29395
29349
29341
29290
29264
29230
29230
29174
28782
28750
28543
28540
28502
28496
28472
28460
28430
28389
28366
28331
28263
28186
28139
28029
28025
27975
27954
27906
27894
27833
27706
27612
27491
27476
27435
27340
27316
27231
26894
26860
26663
26656
26637
26617
26583
26579
26527
26393
26375
26346
26328
26322
26136
26066
25930
25768
25662
25581
25526
25306
25267
25179
25021
24924
24801
24795
24736
24706
24701
24677
24626
24613
24610
24570
24427
24426
24361
24169
24099
24088
24062
24017
24005
23963
23852
23683
23674
23499
23473
23434
23226
23220
23168
23159
23119
23118
23084
22991
22926
22923
22887
22868
22861
22707
22698
22651
22627
22619
22582
22537
22528
22476
22464
22362
22298
22241
22218
22140
21997
21901
21772
21751
21730
21717
21696
21629
21628
21621
21612
21499
21452
21429
21394
21342
21196
21116
21085
20992
20869
20851
20786
20767
20743
20742
20734
20722
20613
20590
20579
20549
20546
20542
20514
20496
20478
20468
20461
20445
20316
20245
20160
20134
20131
20130
20120
20106
20083
20027
20018
20006
19964
19901
19790
19789
19767
19726
19621
19612
19578
19548
19514
19505
19505
19502
19392
19379
19358
19304
19294
19237
19229
19184
19179
19165
19137
19123
19114
19098
19069
19067
19059
19038
18986
18911
18888
18888
18849
18814
18799
18766
18750
18669
18625
18536
18532
18488
18430
18417
18395
18382
18208
18207
18141
18136
18114
18094
18062
18048
18035
18021
17950
17947
17920
17916
17913
17853
17805
17726
17686
17680
17669
17665
17640
17635
17606
17603
17568
17549
17517
17473
17468
17452
17449
17420
17373
17372
17343
17294
17279
17276
17244
17239
17211
17165
17160
17127
17029
17025
16966
16945
16926
16924
16921
16919
16915
16909
16871
16825
16735
16707
16688
16668
16662
16648
16646
16644
16621
16616
16606
16597
16580
16554
16549
16460
16433
16395
16342
16277
16218
16217
16195
16179
16161
16145
16118
16070
16066
16061
16055
16041
16020
16018
16016
16003
15984
15963
15939
15935
15926
15925
15912
15874
15854
15812
15782
15778
15777
15772
15753
15733
15700
15694
15657
15630
15622
15601
15592
15570
15525
15525
15521
15514
15495
15485
15473
15445
15435
15420
15416
15407
15374
15366
15342
15330
15323
15312
15304
15277
15248
15246
15234
15227
15207
15186
15185
15175
15143
15141
15101
15095
15088
15081
15073
15001
14965
14953
14951
14897
14891
14875
14861
14847
14833
14801
14799
14791
14790
14774
14755
14718
14707
14672
14670
14652
14651
14625
14604
14594
14585
14580
14580
14559
14537
14530
14530
14528
14514
14498
14474
14464
14462
14453
14452
14449
14448
14437
14436
14411
14394
14368
14335
14315
14306
14305
14267
14267
14264
14250
14236
14201
14201
14193
14165
14164
14150
14139
14130
14129
14119
14117
14105
14090
14050
14033
14009
13994
13989
13968
13961
13884
13880
13873
13860
13857
13852
13845
13784
13761
13758
13756
13749
13732
13719
13715
13671
13669
13653
13645
13629
13622
13615
13599
13570
13569
13567
13562
13548
13548
13543
13537
13515
13512
13506
13497
13476
13470
13410
13406
13396
13385
13383
13372
13368
13364
13345
13307
13305
13295
13270
13269
13268
13259
13259
13254
13220
13197
13197
13139
13135
13134
13118
13059
13051
13047
13042
13035
13016
12988
12988
12975
12968
12944
12914
12904
12899
12892
12890
12889
12824
12811
12804
12804
12804
12803
12799
12795
12793
12752
12731
12726
12725
12699
12680
12678
12675
12662
12661
12652
12637
12612
12601
12593
12571
12558
12547
12544
12445
12434
12429
12421
12417
12408
12406
12389
12377
12368
12364
12352
12327
12324
12306
12304
12296
12290
12279
12278
12246
12245
12234
12219
12195
12195
12192
12189
12184
12183
12183
12181
12179
12174
12160
12160
12152
12150
12146
12140
12138
12100
12086
12085
12058
12050
12039
12027
12027
12019
12011
12005
12000
11988
11978
11967
11959
11942
11932
11915
11897
11897
11889
11870
11850
11848
11844
11817
11812
11787
11781
11780
11778
11774
11769
11762
11753
11745
11740
11721
11711
11699
11698
11668
11653
11642
11642
11642
11639
11626
11617
11614
11608
11608
11596
11591
11584
11562
11542
11506
11488
11471
11460
11456
11441
11441
11430
11429
11426
11410
11402
11399
11393
11383
11356
11337
11335
11333
11328
11326
11315
11312
11311
11308
11306
11303
11283
11250
11248
11248
11233
11229
11207
11205
11198
11197
11197
11192
11181
11177
11168
11162
11157
11126
11117
11102
11074
11072
11071
11040
11006
11000
10978
10948
10894
10891
10883
10879
10877
10874
10867
10838
10836
10835
10832
10814
10814
10799
10794
10793
10790
10776
10771
10755
10753
10738
10736
10724
10722
10721
10719
10718
10703
10695
10693
10686
10686
10684
10671
10659
10643
10635
10581
10562
10552
10552
10552
10542
10534
10529
10519
10514
10512
10507
10502
10495
10493
10490
10485
10480
10474
10467
10464
10453
10451
10450
10443
10416
10411
10408
10395
10391
10380
10368
10365
10363
10362
10358
10344
10343
10342
10342
10331
10310
10306
10304
10283
10271
10268
10267
10262
10252
10241
10233
10209
10204
10200
10197
10193
10192
10188
10186
10173
10173
10146
10102
10097
10091
10076
10066
10053
10051
10044
10044
10037
10027
10018
10005
10002
9997
9995
9985
9985
9981
9977
9960
9954
9952
9950
9949
9947
9944
9937
9935
9934
9933
9930
9930
9899
9887
9886
9885
9872
9870
9869
9854
9852
9851
9850
9840
9826
9823
9822
9816
9815
9814
9812
9807
9800
9800
9795
9792
9792
9790
9790
9778
9775
9770
9761
9755
9748
9735
9733
9718
9716
9711
9707
9706
9704
9702
9683
9664
9664
9664
9659
9654
9649
9648
9637
9636
9636
9623
9620
9619
9613
9613
9607
9606
9588
9556
9553
9539
9535
9528
9526
9517
9505
9499
9496
9495
9483
9472
9464
9456
9442
9438
9436
9434
9433
9432
9427
9419
9416
9412
9410
9409
9405
9402
9384
9384
9383
9382
9375
9372
9367
9365
9358
9354
9353
9347
9346
9332
9328
9309
9306
9306
9297
9297
9290
9275
9269
9265
9262
9250
9247
9247
9237
9237
9236
9228
9225
9220
9219
9214
9212
9211
9207
9205
9201
9196
9193
9191
9178
9175
9165
9165
9162
9162
9156
9155
9149
9148
9147
9134
9112
9104
9099
9088
9073
9073
9071
9070
9067
9062
9060
9059
9057
9051
9049
9044
9039
9022
9020
9020
8994
8983
8981
8977
8970
8958
8953
8953
8950
8948
8947
8939
8933
8932
8927
8925
8920
8914
8910
8898
8890
8882
8880
8876
8876
8874
8871
8863
8862
8861
8858
8857
8849
8838
8831
8825
8815
8808
8803
8796
8795
8794
8793
8793
8786
8784
8773
8770
8757
8755
8755
8751
8748
8740
8740
8739
8739
8738
8728
8724
8720
8715
8707
8707
8706
8702
8702
8701
8699
8695
8692
8679
8679
8677
8676
8674
8666
8664
8660
8658
8656
8654
8654
8639
8638
8633
8628
8628
8625
8625
8625
8622
8621
8608
8608
8604
8586
8581
8577
8576
8567
8565
8563
8562
8559
8559
8557
8557
8554
8547
8540
8534
8528
8523
8506
8494
8481
8480
8476
8450
8449
8447
8437
8432
8429
8424
8422
8413
8398
8395
8394
8393
8377
8361
8355
8353
8353
8353
8347
8345
8339
8333
8331
8329
8325
8322
8319
8319
8318
8307
8305
8299
8289
8289
8284
8282
8279
8276
8264
8257
8256
8255
8257
8252
8249
8247
8242
8242
8241
8238
8237
8233
8231
8225
8220
8203
8199
8199
8196
8193
8191
8191
8184
8183
8182
8178
8174
8170
8165
8155
8153
8147
8142
8139
8139
8136
8131
8128
8126
8124
8123
8120
8120
8117
8112
8104
8102
8102
8102
8094
8090
8085
8080
8071
8068
8059
8054
8052
8049
8046
8045
8044
8043
8043
8041
8040
8019
8017
8015
8010
8010
8008
8002
7998
7995
7993
7979
7972
7967
7965
7962
7959
7955
7955
7954
7947
7943
7942
7938
7929
7928
7927
7927
7921
7912
7905
7900
7898
7887
7871
7863
7862
7860
7857
7851
7848
7844
7840
7840
7840
7839
7838
7838
7834
7826
7825
7824
7820
7815
7811
7807
7807
7806
7802
7800
7791
7779
7778
7771
7769
7768
7765
7765
7761
7759
7750
7748
7745
7744
7743
7743
7740
7737
7737
7737
7735
7734
7733
7731
7724
7723
7721
7720
7717
7715
7713
7711
7711
7707
7696
7690
7688
7686
7685
7680
7676
7675
7675
7670
7669
7668
7659
7657
7652
7650
7650
7648
7645
7642
7639
7639
7637
7633
7629
7627
7624
7619
7616
7616
7613
7605
7601
7585
7584
7578
7572
7570
7561
7548
7547
7540
7539
7539
7534
7530
7530
7526
7518
7517
7511
7511
7508
7500
7495
7491
7479
7477
7466
7465
7462
7462
7458
7451
7443
7441
7440
7439
7432
7431
7429
7427
7426
7426
7415
7410
7408
7405
7405
7404
7404
7401
7394
7390
7389
7383
7382
7381
7376
7375
7371
7370
7370
7365
7361
7358
7344
7342
7337
7337
7337
7337
7336
7329
7329
7320
7320
7319
7311
7309
7308
7307
7306
7305
7303
7303
7300
7297
7296
7296
7296
7296
7279
7275
7274
7272
7262
7261
7260
7257
7257
7252
7251
7250
7246
7245
7244
7237
7235
7235
7235
7228
7223
7216
7215
7214
7213
7212
7209
7209
7208
7208
7206
7206
7205
7198
7196
7195
7194
7193
7193
7190
7189
7188
7188
7171
7166
7164
7157
7153
7151
7149
7146
7144
7140
7140
7139
7139
7138
7135
7134
7133
7132
7131
7130
7127
7125
7123
7122
7118
7110
7105
7102
7095
7090
7088
7086
7085
7073
7072
7070
7067
7067
7067
7061
7059
7058
7051
7048
7047
7046
7045
7043
7042
7041
7038
7030
7028
7023
7022
7018
7011
7008
7002
7000
6999
6995
6994
6993
6993
6992
6990
6982
6982
6981
6981
6979
6976
6974
6971
6967
6966
6965
6964
6956
6951
6949
6944
6941
6941
6939
6929
6928
6926
6922
6919
6913
6911
6909
6907
6903
6902
6898
6887
6886
6882
6870
6867
6866
6863
6863
6862
6860
6856
6855
6850
6850
6848
6845
6843
6838
6838
6836
6833
6832
6829
6824
6821
6819
6817
6816
6816
6815
6812
6805
6803
6797
6795
6793
6791
6791
6785
6784
6780
6775
6773
6770
6767
6765
6762
6760
6756
6753
6753
6751
6748
6747
6743
6741
6739
6735
6733
6732
6727
6726
6716
6713
6713
6709
6705
6702
6699
6698
6698
6698
6688
6687
6683
6682
6678
6677
6673
6672
6666
6664
6658
6646
6644
6642
6642
6640
6638
6633
6629
6626
6623
6621
6621
6620
6616
6616
6614
6613
6613
6612
6609
6609
6604
6603
6601
6601
6597
6594
6593
6591
6589
6588
6583
6581
6577
6574
6572
6567
6566
6561
6559
6557
6557
6553
6553
6553
6551
6550
6550
6549
6543
6539
6538
6535
6535
6533
6532
6531
6531
6528
6526
6524
6524
6521
6511
6507
6505
6503
6496
6496
6491
6489
6489
6489
6482
6481
6481
6480
6471
6469
6469
6455
6455
6454
6453
6451
6451
6449
6447
6444
6444
6443
6441
6436
6436
6434
6431
6424
6421
6420
6419
6419
6416
6414
6413
6412
6408
6407
6406
6405
6403
6402
6398
6397
6395
6395
6393
6389
6386
6385
6385
6379
6374
6370
6364
6364
6359
6357
6357
6357
6355
6353
6347
6347
6343
6341
6340
6335
6331
6329
6329
6327
6325
6323
6321
6319
6312
6311
6311
6309
6299
6299
6297
6297
6293
6289
6288
6282
6280
6280
6276
6275
6274
6271
6270
6267
6267
6264
6263
6262
6259
6258
6258
6257
6254
6254
6251
6249
6247
6246
6245
6245
6244
6238
6238
6238
6234
6228
6227
6226
6226
6225
6221
6219
6209
6204
6199
6199
6199
6196
6191
6191
6188
6187
6185
6184
6181
6179
6176
6176
6174
6173
6167
6159
6153
6151
6146
6145
6135
6126
6125
6120
6119
6118
6117
6115
6114
6113
6112
6110
6109
6108
6103
6097
6095
6094
6092
6090
6088
6088
6088
6088
6086
6084
6083
6082
6077
6075
6075
6071
6070
6067
6065
6064
6063
6059
6059
6057
6057
6054
6052
6052
6048
6045
6044
6041
6041
6039
6037
6032
6031
6030
6027
6026
6025
6024
6022
6021
6018
6017
6015
6014
6008
6007
6006
6004
6003
6001
6000
5987
5986
5982
5982
5981
5980
5980
5979
5978
5978
5977
5975
5971
5967
5964
5962
5961
5961
5960
5958
5955
5953
5943
5943
5942
5942
5941
5940
5939
5938
5937
5937
5929
5926
5926
5923
5920
5920
5919
5919
5918
5915
5913
5912
5909
5907
5906
5903
5900
5898
5897
5897
5896
5896
5896
5889
5885
5884
5879
5879
5875
5873
5870
5870
5869
5868
5868
5867
5866
5865
5864
5860
5852
5851
5849
5848
5848
5836
5834
5831
5830
5830
5828
5828
5826
5825
5822
5821
5821
5820
5818
5817
5817
5814
5814
5812
5812
5811
5809
5806
5804
5803
5800
5799
5799
5796
5795
5793
5791
5789
5786
5785
5785
5784
5781
5780
5780
5779
5779
5779
5777
5774
5774
5774
5769
5766
5764
5759
5757
5757
5754
5750
5749
5745
5738
5733
5731
5730
5730
5726
5725
5725
5720
5720
5719
5717
5717
5716
5714
5713
5711
5710
5710
5707
5706
5702
5701
5700
5696
5693
5693
5691
5690
5685
5680
5678
5677
5676
5672
5671
5671
5670
5670
5667
5661
5661
5660
5660
5658
5658
5657
5653
5651
5649
5649
5647
5645
5645
5643
5643
5641
5640
5638
5637
5629
5627
5627
5624
5622
5622
5620
5628
5617
5615
5612
5611
5611
5610
5604
5601
5600
5596
5586
5584
5578
5578
5577
5575
5571
5568
5568
5567
5564
5563
5563
5563
5561
5559
5555
5554
5554
5554
5553
5549
5548
5547
5537
5536
5533
5532
5530
5530
5523
5519
5517
5515
5513
5513
5511
5509
5507
5505
5503
5503
5502
5497
5496
5494
5484
5483
5481
5479
5479
5478
5477
5474
5468
5468
5466
5465
5464
5462
5461
5458
5455
5453
5446
5444
5442
5439
5436
5435
5435
5435
5434
5433
5433
5433
5432
5430
5430
5429
5428
5428
5427
5424
5424
5423
5421
5420
5418
5416
5415
5415
5412
5410
5410
5409
5408
5406
5403
5403
5402
5402
5400
5395
5393
5392
5391
5391
5391
5387
5384
5384
5380
5380
5379
5379
5378
5377
5377
5376
5368
5367
5367
5367
5367
5365
5363
5359
5359
5358
5357
5355
5355
5355
5355
5350
5349
5346
5344
5344
5340
5335
5335
5333
5325
5324
5321
5320
5319
5318
5316
5315
5314
5311
5309
5309
5309
5309
5308
5304
5303
5303
5302
5302
5300
5300
5300
5299
5298
5293
5290
5290
5287
5287
5287
5287
5285
5284
5283
5282
5281
5280
5280
5280
5280
5277
5277
5276
5273
5272
5271
5271
5269
5268
5265
5263
5263
5262
5262
5261
5258
5257
5253
5252
5252
5251
5251
5250
5250
5250
5249
5248
5247
5242
5241
5240
5240
5239
5239
5238
5238
5237
5237
5237
5235
5233
5231
5230
5230
5227
5224
5223
5219
5219
5218
5218
5209
5207
5207
5204
5204
5202
5202
5199
5198
5197
5197
5194
5192
5192
5191
5191
5191
5190
5189
5189
5189
5184
5183
5181
5181
5177
5175
5174
5172
5169
5168
5168
5166
5164
5162
5161
5158
5157
5155
5154
5148
5148
5145
5145
5145
5144
5141
5140
5139
5134
5133
5132
5131
5131
5131
5127
5122
5120
5120
5119
5116
5116
5116
5115
5114
5114
5114
5113
5111
5111
5111
5109
5109
5108
5106
5106
5106
5105
5104
5102
5101
5098
5095
5095
5094
5092
5091
5089
5087
5087
5086
5084
5083
5083
5083
5083
5082
5081
5079
5079
5077
5077
5072
5072
5072
5071
5069
5068
5067
5066
5065
5065
5063
5059
5057
5049
5047
5046
5046
5046
5045
5044
5042
5041
5040
5038
5038
5037
5037
5037
5036
5033
5032
5028
5025
5024
5023
5023
5023
5017
5013
5013
5012
5010
5005
5002
5002
5001
5001
5000
4999
4997
4996
4994
4993
4992
4986
4981
4981
4980
4978
4976
4976
4975
4973
4971
4971
4970
4967
4965
4964
4962
4962
4960
4959
4958
4957
4956
4955
4953
4953
4953
4951
4947
4946
4946
4943
4942
4941
4939
4939
4933
4928
4926
4926
4925
4924
4922
4922
4920
4916
4915
4914
4914
4907
4907
4906
4905
4902
4899
4897
4897
4896
4893
4892
4892
4891
4891
4889
4885
4883
4883
4882
4882
4881
4881
4876
4875
4873
4872
4870
4869
4869
4868
4867
4867
4866
4864
4863
4861
4859
4857
4856
4856
4855
4853
4853
4852
4852
4852
4852
4850
4850
4848
4848
4846
4845
4845
4843
4843
4842
4840
4839
4839
4838
4835
4834
4833
4833
4832
4831
4830
4829
4829
4828
4827
4826
4824
4823
4821
4820
4820
4819
4819
4818
4817
4816
4816
4816
4815
4814
4811
4811
4810
4810
4809
4808
4804
4801
4801
4799
4798
4798
4797
4795
4794
4794
4792
4789
4789
4789
4788
4788
4785
4785
4784
4784
4783
4782
4781
4776
4773
4769
4768
4767
4765
4762
4762
4760
4757
4756
4756
4755
4752
4750
4749
4748
4748
4748
4746
4745
4745
4744
4743
4741
4740
4739
4739
4739
4738
4737
4736
4731
4729
4729
4726
4725
4721
4721
4720
4719
4718
4718
4715
4715
4715
4715
4714
4713
4712
4712
4711
4708
4706
4706
4705
4704
4704
4704
4704
4703
4702
4700
4698
4697
4697
4694
4694
4693
4693
4692
4689
4689
4688
4688
4687
4686
4681
4681
4680
4679
4678
4674
4672
4670
4670
4669
4669
4668
4667
4667
4665
4663
4662
4660
4660
4659
4658
4657
4656
4655
4655
4655
4653
4652
4652
4651
4651
4648
4647
4646
4644
4640
4639
4638
4638
4637
4637
4636
4636
4634
4633
4632
4632
4632
4631
4631
4630
4630
4629
4629
4628
4627
4627
4626
4626
4625
4625
4624
4623
4622
4622
4621
4621
4618
4618
4616
4614
4611
4610
4610
4609
4607
4606
4604
4602
4602
4600
4599
4599
4598
4598
4597
4596
4596
4596
4596
4595
4594
4593
4592
4592
4591
4589
4588
4588
4585
4585
4583
4583
4582
4581
4578
4578
4577
4577
4576
4576
4576
4576
4575
4574
4574
4573
4572
4572
4571
4570
4569
4569
4569
4568
4567
4566
4565
4565
4563
4563
4561
4560
4559
4559
4558
4556
4555
4554
4551
4551
4550
4549
4549
4547
4546
4545
4545
4544
4543
4543
4543
4542
4542
4542
4540
4537
4536
4536
4536
4535
4533
4533
4532
4531
4531
4530
4529
4529
4529
4528
4528
4527
4527
4526
4525
4524
4522
4521
4521
4520
4519
4519
4519
4519
4518
4518
4517
4516
4516
4515
4514
4510
4508
4507
4507
4507
4506
4506
4504
4503
4503
4502
4501
4500
4500
4498
4497
4495
4495
4495
4495
4494
4494
4493
4493
4493
4491
4491
4489
4488
4487
4487
4486
4485
4484
4483
4482
4481
4479
4479
4478
4478
4477
4477
4476
4473
4473
4472
4471
4470
4470
4469
4468
4468
4467
4466
4463
4461
4461
4460
4460
4459
4459
4459
4459
4457
4457
4456
4453
4453
4453
4450
4450
4449
4449
4449
4447
4447
4446
4445
4445
4442
4442
4441
4440
4440
4437
4436
4436
4433
4433
4432
4432
4430
4430
4430
4428
4427
4425
4425
4422
4422
4422
4420
4420
4418
4416
4416
4415
4415
4414
4414
4413
4411
4410
4409
4407
4406
4406
4406
4402
4401
4400
4399
4399
4398
4398
4397
4397
4397
4395
4395
4394
4394
4393
4392
4391
4391
4389
4389
4387
4387
4386
4384
4383
4380
4379
4377
4376
4375
4373
4372
4372
4371
4371
4370
4370
4370
4369
4369
4368
4368
4368
4368
4366
4366
4364
4363
4363
4361
4360
4359
4359
4358
4357
4357
4355
4355
4355
4355
4352
4351
4349
4347
4347
4346
4346
4345
4345
4345
4344
4342
4342
4342
4342
4341
4340
4340
4340
4338
4337
4336
4334
4334
4334
4333
4333
4333
4332
4332
4332
4331
4330
4330
4327
4327
4326
4325
4324
4323
4322
4321
4321
4320
4320
4319
4317
4317
4315
4314
4314
4312
4311
4310
4310
4308
4307
4307
4305
4305
4305
4304
4303
4302
4300
4299
4299
4298
4298
4295
4295
4294
4294
4293
4289
4288
4287
4287
4285
4285
4284
4284
4283
4283
4282
4282
4282
4281
4281
4280
4280
4279
4279
4278
4277
4276
4276
4276
4275
4275
4275
4275
4274
4273
4272
4271
4269
4268
4268
4266
4266
4264
4264
4261
4261
4260
4260
4260
4259
4259
4257
4257
4256
4253
4252
4252
4251
4251
4249
4249
4248
4248
4248
4248
4247
4247
4247
4246
4246
4246
4244
4244
4244
4242
4240
4240
4238
4237
4237
4236
4234
4234
4232
4232
4232
4232
4231
4231
4231
4230
4229
4228
4228
4227
4227
4227
4225
4224
4224
4224
4223
4223
4222
4221
4219
4219
4218
4218
4218
4217
4217
4217
4217
4217
4217
4216
4214
4213
4213
4211
4211
4210
4210
4210
4209
4209
4205
4205
4203
4202
4202
4201
4201
4201
4200
4196
4196
4193
4193
4193
4192
4191
4191
4190
4190
4188
4186
4185
4185
4183
4179
4179
4179
4178
4178
4177
4176
4175
4175
4175
4173
4170
4170
4170
4168
4163
4163
4163
4163
4162
4162
4159
4159
4158
4158
4158
4157
4157
4157
4156
4156
4155
4154
4154
4152
4152
4152
4151
4150
4149
4149
4148
4147
4146
4146
4145
4145
4143
4143
4143
4142
4141
4139
4139
4137
4135
4134
4134
4131
4131
4130
4127
4127
4126
4126
4126
4125
4125
4122
4120
4120
4120
4120
4119
4118
4117
4116
4115
4114
4112
4111
4111
4111
4108
4108
4108
4107
4105
4105
4104
4104
4103
4102
4102
4101
4101
4101
4099
4098
4097
4096
4096
4095
4095
4093
4093
4092
4092
4090
4090
4090
4090
4088
4087
4086
4081
4081
4081
4081
4080
4080
4080
4080
4079
4078
4077
4077
4077
4076
4076
4075
4075
4072
4071
4071
4070
4070
4069
4068
4068
4067
4067
4066
4065
4064
4063
4062
4062
4062
4061
4061
4061
4060
4060
4059
4059
4058
4057
4056
4056
4055
4055
4054
4053
4052
4052
4052
4051
4050
4049
4047
4047
4046
4046
4045
4044
4044
4044
4043
4043
4042
4042
4041
4041
4041
4040
4040
4039
4039
4037
4034
4034
4034
4033
4033
4032
4030
4029
4029
4029
4029
4029
4028
4027
4026
4026
4025
4025
4023
4022
4022
4022
4021
4021
4021
4020
4019
4018
4018
4018
4016
4015
4015
4015
4013
4013
4012
4012
4012
4011
4010
4010
4009
4009
4005
4005
4005
4003
4001
4000
4000
4000
4000
3999
3999
3999
3998
3998
3997
3996
3995
3995
3995
3993
3991
3991
3991
3990
3990
3990
3990
3990
3990
3990
3990
3989
3989
3988
3987
3986
3986
3985
3985
3985
3985
3984
3984
3983
3982
3981
3981
3981
3980
3979
3979
3979
3979
3977
3977
3974
3973
3973
3970
3969
3968
3963
3962
3960
3959
3959
3959
3958
3958
3957
3957
3957
3957
3957
3957
3956
3956
3955
3955
3954
3954
3954
3953
3953
3953
3953
3952
3951
3949
3949
3948
3948
3947
3947
3947
3946
3944
3943
3943
3942
3940
3940
3940
3939
3939
3939
3938
3938
3938
3936
3936
3935
3935
3934
3934
3933
3933
3932
3932
3931
3931
3931
3930
3929
3929
3928
3928
3928
3927
3926
3925
3922
3922
3921
3920
3919
3916
3915
3915
3912
3911
3911
3911
3910
3908
3908
3907
3907
3903
3902
3900
3899
3899
3899
3898
3898
3898
3897
3894
3892
3892
3892
3891
3889
3889
3888
3888
3888
3888
3888
3887
3886
3886
3884
3883
3883
3881
3881
3881
3880
3880
3880
3879
3878
3878
3878
3877
3877
3875
3874
3874
3874
3873
3873
3871
3871
3871
3869
3869
3869
3869
3866
3865
3865
3865
3864
3863
3862
3862
3861
3860
3859
3859
3858
3858
3856
3855
3855
3854
3853
3852
3851
3851
3851
3849
3848
3847
3847
3847
3846
3844
3843
3843
3841
3839
3838
3838
3837
3836
3836
3835
3835
3834
3833
3832
3832
3832
3831
3831
3829
3829
3828
3827
3826
3824
3822
3822
3821
3821
3820
3820
3819
3819
3817
3817
3816
3816
3815
3815
3814
3813
3811
3811
3810
3810
3810
3809
3809
3809
3807
3806
3806
3806
3806
3806
3805
3804
3804
3803
3803
3802
3801
3800
3800
3800
3800
3800
3799
3798
3798
3796
3796
3795
3795
3795
3794
3794
3793
3793
3793
3792
3792
3792
3791
3789
3789
3788
3788
3788
3787
3787
3787
3786
3786
3786
3786
3786
3786
3784
3782
3782
3781
3779
3779
3779
3779
3779
3778
3778
3777
3777
3777
3777
3776
3775
3775
3774
3774
3774
3774
3773
3772
3771
3771
3770
3770
3769
3768
3767
3766
3765
3764
3763
3762
3761
3761
3760
3759
3759
3757
3757
3756
3756
3755
3755
3755
3754
3753
3752
3752
3751
3750
3750
3750
3750
3749
3748
3747
3747
3747
3747
3747
3746
3744
3744
3743
3743
3740
3739
3739
3738
3737
3737
3737
3737
3736
3736
3736
3736
3734
3734
3733
3733
3733
3731
3730
3730
3727
3727
3727
3727
3726
3725
3724
3722
3721
3721
3721
3720
3718
3718
3718
3715
3713
3713
3712
3712
3711
3711
3711
3711
3711
3710
3710
3710
3709
3707
3706
3706
3705
3704
3704
3704
3703
3703
3703
3701
3700
3700
3700
3699
3698
3696
3696
3695
3694
3693
3693
3691
3691
3691
3690
3690
3689
3688
3688
3688
3687
3687
3686
3685
3684
3684
3684
3684
3680
3680
3679
3678
3678
3677
3675
3675
3674
3673
3673
3671
3670
3670
3670
3670
3670
3669
3669
3669
3668
3668
3667
3666
3666
3666
3666
3665
3665
3664
3663
3663
3663
3663
3662
3662
3661
3661
3660
3659
3659
3659
3658
3658
3658
3657
3657
3656
3656
3656
3655
3653
3652
3651
3650
3650
3649
3649
3647
3647
3647
3646
3646
3645
3645
3644
3644
3644
3644
3642
3642
3641
3641
3641
3641
3641
3640
3640
3638
3637
3637
3636
3636
3635
3635
3635
3634
3634
3633
3633
3633
3632
3632
3630
3630
3628
3627
3626
3626
3626
3623
3622
3622
3621
3621
3621
3621
3620
3620
3620
3620
3619
3618
3618
3617
3616
3615
3615
3614
3614
3611
3611
3611
3611
3610
3610
3608
3608
3606
3606
3604
3603
3602
3601
3601
3600
3600
3600
3599
3599
3598
3597
3597
3596
3596
3595
3595
3595
3594
3594
3592
3591
3591
3591
3590
3589
3589
3588
3588
3588
3587
3586
3585
3584
3584
3583
3583
3583
3582
3582
3581
3581
3581
3580
3580
3578
3577
3577
3575
3574
3574
3574
3574
3573
3573
3573
3573
3571
3571
3571
3571
3571
3571
3570
3570
3570
3570
3570
3570
3568
3567
3566
3566
3564
3564
3564
3563
3563
3562
3561
3561
3561
3560
3560
3560
3559
3559
3559
3559
3558
3557
3557
3557
3557
3557
3556
3556
3556
3555
3555
3554
3554
3554
3553
3553
3553
3552
3552
3552
3551
3551
3551
3551
3550
3549
3548
3547
3547
3546
3546
3546
3546
3546
3545
3545
3545
3545
3544
3544
3544
3544
3543
3542
3541
3541
3539
3539
3537
3537
3537
3536
3534
3534
3534
3533
3533
3533
3533
3532
3531
3530
3530
3530
3530
3530
3530
3529
3529
3529
3528
3527
3527
3527
3525
3524
3523
3523
3523
3522
3521
3519
3519
3518
3518
3517
3517
3517
3515
3515
3514
3513
3513
3513
3512
3512
3512
3512
3510
3510
3510
3510
3509
3509
3509
3508
3507
3507
3507
3507
3506
3506
3506
3506
3506
3505
3505
3505
3504
3502
3502
3501
3501
3501
3501
3501
3501
3501
3500
3499
3499
3498
3498
3498
3498
3497
3497
3496
3495
3493
3493
3493
3493
3493
3492
3492
3492
3491
3491
3491
3491
3490
3488
3488
3488
3488
3487
3487
3487
3487
3487
3486
3486
3484
3484
3484
3484
3483
3483
3483
3483
3481
3480
3480
3480
3479
3479
3478
3478
3477
3477
3477
3477
3477
3476
3476
3476
3476
3476
3476
3476
3475
3474
3474
3473
3472
3472
3471
3471
3470
3470
3469
3469
3467
3467
3467
3467
3467
3466
3466
3466
3465
3465
3465
3465
3464
3463
3463
3463
3463
3462
3462
3462
3461
3461
3461
3461
3460
3460
3459
3459
3458
3458
3457
3457
3457
3457
3456
3455
3455
3455
3455
3454
3453
3453
3453
3452
3452
3452
3451
3451
3451
3451
3450
3449
3447
3447
3446
3445
3444
3444
3444
3443
3443
3443
3442
3441
3441
3440
3440
3438
3438
3438
3438
3437
3437
3436
3436
3436
3435
3435
3435
3434
3434
3433
3433
3432
3430
3430
3430
3430
3429
3429
3429
3429
3428
3428
3428
3428
3428
3428
3427
3427
3427
3426
3425
3425
3425
3424
3424
3422
3421
3420
3420
3420
3419
3419
3418
3418
3416
3416
3416
3414
3413
3413
3413
3412
3412
3412
3412
3411
3411
3410
3410
3409
3408
3408
3408
3407
3407
3407
3407
3407
3406
3406
3406
3406
3405
3405
3405
3405
3404
3402
3401
3401
3400
3400
3400
3400
3399
3399
3398
3397
3397
3397
3396
3396
3396
3395
3394
3394
3393
3393
3393
3393
3393
3393
3392
3391
3391
3391
3391
3388
3387
3387
3387
3387
3387
3386
3386
3385
3385
3385
3384
3384
3382
3382
3381
3381
3380
3379
3378
3378
3378
3378
3377
3377
3376
3376
3376
3376
3375
3375
3375
3375
3375
3374
3374
3373
3372
3372
3372
3369
3369
3369
3369
3369
3368
3368
3366
3366
3365
3362
3361
3361
3358
3358
3357
3357
3357
3357
3356
3356
3356
3356
3355
3354
3354
3353
3353
3353
3352
3351
3350
3349
3349
3348
3347
3346
3346
3346
3346
3346
3346
3345
3345
3344
3343
3343
3343
3343
3343
3342
3342
3341
3341
3341
3340
3340
3340
3339
3339
3339
3339
3339
3339
3338
3338
3338
3337
3336
3336
3335
3335
3335
3335
3334
3334
3333
3333
3333
3332
3332
3331
3331
3330
3330
3329
3328
3328
3328
3328
3328
3327
3327
3327
3326
3326
3325
3325
3325
3324
3323
3322
3322
3321
3321
3321
3321
3320
3320
3320
3319
3318
3318
3317
3317
3317
3316
3314
3313
3313
3313
3312
3312
3311
3311
3311
3310
3310
3309
3309
3309
3309
3309
3308
3308
3308
3308
3307
3306
3306
3306
3306
3306
3305
3305
3304
3303
3303
3303
3302
3302
3302
3302
3302
3302
3301
3301
3300
3300
3299
3298
3298
3297
3297
3297
3297
3296
3296
3295
3294
3293
3293
3293
3293
3293
3293
3291
3290
3289
3289
3289
3288
3288
3288
3288
3285
3285
3285
3285
3284
3284
3284
3284
3284
3284
3284
3283
3283
3283
3282
3282
3282
3281
3280
3280
3280
3279
3279
3279
3278
3278
3277
3277
3277
3277
3276
3276
3276
3275
3275
3275
3275
3275
3274
3274
3274
3273
3273
3272
3272
3272
3271
3271
3270
3270
3270
3270
3270
3269
3269
3268
3268
3268
3268
3266
3265
3265
3264
3264
3264
3262
3261
3261
3261
3261
3260
3260
3260
3259
3259
3259
3257
3257
3257
3257
3256
3255
3255
3255
3255
3255
3254
3254
3253
3252
3252
3251
3251
3251
3251
3250
3250
3250
3250
3250
3248
3247
3247
3247
3246
3246
3246
3245
3245
3245
3245
3245
3245
3243
3243
3243
3242
3242
3242
3242
3241
3241
3239
3239
3238
3238
3237
3236
3235
3235
3234
3233
3233
3233
3232
3232
3231
3230
3230
3230
3229
3229
3229
3228
3227
3227
3227
3227
3226
3226
3225
3225
3225
3224
3224
3223
3223
3223
3221
3221
3221
3221
3221
3220
3220
3218
3218
3218
3218
3218
3217
3217
3217
3216
3216
3215
3214
3214
3214
3214
3213
3213
3212
3212
3212
3212
3211
3211
3211
3211
3210
3210
3210
3210
3210
3209
3209
3208
3208
3208
3208
3207
3207
3207
3206
3205
3205
3205
3205
3204
3204
3203
3203
3202
3202
3202
3201
3201
3201
3201
3201
3201
3201
3201
3200
3199
3199
3199
3198
3198
3198
3198
3197
3197
3196
3196
3195
3195
3195
3195
3194
3194
3194
3194
3193
3193
3193
3193
3192
3192
3192
3192
3192
3191
3191
3190
3190
3190
3190
3189
3189
3189
3189
3188
3187
3185
3185
3185
3184
3183
3183
3182
3182
3182
3182
3182
3182
3182
3182
3181
3181
3179
3179
3178
3177
3177
3176
3176
3175
3175
3175
3174
3174
3173
3173
3172
3172
3171
3171
3171
3171
3171
3171
3169
3169
3169
3168
3167
3166
3166
3166
3165
3165
3165
3164
3162
3162
3162
3162
3161
3161
3161
3160
3159
3159
3159
3158
3158
3158
3157
3157
3157
3156
3156
3156
3156
3156
3156
3156
3155
3155
3155
3154
3154
3153
3153
3152
3152
3152
3152
3151
3151
3150
3150
3149
3148
3148
3148
3147
3147
3147
3146
3145
3145
3145
3144
3144
3142
3142
3142
3142
3140
3139
3139
3139
3139
3139
3139
3137
3137
3137
3137
3136
3136
3135
3135
3134
3134
3134
3133
3133
3133
3133
3132
3132
3131
3130
3130
3129
3129
3128
3128
3127
3127
3127
3127
3127
3126
3124
3124
3123
3123
3122
3122
3121
3121
3119
3119
3119
3119
3119
3118
3118
3118
3118
3118
3118
3117
3117
3117
3116
3116
3115
3115
3115
3114
3113
3112
3112
3112
3112
3111
3111
3111
3110
3109
3108
3108
3108
3107
3107
3106
3106
3106
3106
3105
3105
3105
3105
3104
3104
3104
3104
3103
3103
3103
3102
3101
3101
3100
3099
3098
3098
3097
3096
3096
3096
3093
3093
3093
3093
3093
3093
3092
3092
3092
3091
3091
3091
3091
3091
3091
3091
3091
3091
3091
3091
3090
3090
3090
3090
3088
3088
3088
3087
3087
3086
3086
3086
3086
3086
3086
3086
3085
3085
3084
3084
3084
3082
3082
3081
3081
3081
3081
3080
3080
3080
3079
3079
3079
3079
3079
3079
3079
3078
3078
3078
3077
3077
3077
3077
3077
3076
3075
3075
3075
3075
3074
3073
3073
3073
3073
3072
3071
3070
3070
3069
3069
3069
3069
3068
3068
3068
3068
3067
3067
3067
3067
3066
3066
3064
3064
3064
3064
3063
3063
3063
3062
3062
3061
3061
3061
3060
3059
3059
3059
3059
3059
3059
3059
3058
3058
3057
3057
3056
3056
3056
3055
3055
3055
3054
3054
3054
3054
3053
3053
3053
3053
3052
3052
3052
3051
3051
3050
3050
3049
3049
3049
3049
3049
3049
3049
3048
3048
3047
3047
3046
3046
3045
3045
3044
3043
3043
3042
3041
3039
3039
3038
3038
3038
3038
3038
3038
3037
3037
3037
3037
3036
3036
3036
3036
3035
3035
3034
3034
3034
3033
3033
3032
3032
3032
3032
3031
3031
3029
3028
3028
3028
3026
3026
3025
3024
3024
3024
3023
3023
3023
3023
3022
3022
3022
3022
3022
3021
3021
3021
3021
3020
3020
3019
3019
3018
3018
3017
3017
3017
3017
3017
3017
3016
3016
3016
3016
3015
3015
3014
3014
3014
3013
3013
3013
3012
3011
3011
3011
3010
3010
3009
3009
3009
3009
3008
3007
3007
3007
3006
3006
3006
3005
3005
3004
3003
3002
3002
3002
3001
3001
3000
