138990
93569
91511
79007
66946
57500
57391
56542
51400
41000
38978
38383
38329
38184
36585
34885
33598
32537
31890
31255
30563
30300
29873
29430
29248
27983
27070
26692
26414
25931
25496
25106
25054
24104
24103
23823
23767
23284
23269
22977
22915
22865
22848
22659
22041
21622
20842
20755
20712
20675
20286
20157
19377
19350
19337
19293
19207
19169
19144
18559
18550
18251
17950
17756
17664
17617
17599
17524
17512
17483
17235
17099
16931
16865
16743
16485
16247
16222
16045
16016
15964
15890
15818
15655
15585
15582
15539
15459
15405
15339
15142
15135
15084
15075
14978
14811
14791
14624
14606
14593
14583
14580
14554
14509
14479
14066
14018
13992
13922
13838
13813
13790
13744
13714
13650
13638
13623
13553
13546
13455
13449
13354
13347
13305
13288
13169
13128
13064
13001
12991
12990
12875
12862
12849
12698
12674
12663
12476
12423
12406
12383
12348
12339
12213
12201
12180
12168
12126
12107
12088
11988
11982
11961
11958
11952
11942
11706
11689
11654
11644
11642
11600
11594
11585
11569
11537
11518
11461
11395
11382
11337
11310
11303
11265
11257
11126
11107
11058
11044
10996
10956
10948
10948
10936
10901
10887
10846
10831
10808
10719
10699
10678
10676
10515
10487
10495
10470
10468
10391
10386
10352
10349
10345
10310
10286
10279
10235
10233
10200
10190
10172
10118
10118
10114
10095
10094
10076
10027
10016
10014
10008
9992
9990
9973
9972
9971
9964
9899
9897
9869
9856
9841
9820
9813
9776
9765
9749
9745
9736
9731
9672
9625
9597
9586
9563
9514
9507
9495
9459
9422
9417
9395
9379
9353
9339
9320
9314
9301
9283
9278
9253
9229
9215
9211
9207
9181
9179
9147
9135
9117
9068
9015
8948
8933
8909
8894
8899
8867
8846
8840
8837
8835
8806
8778
8749
8737
8731
8721
8672
8653
8623
8616
8614
8598
8591
8564
8558
8558
8532
8499
8495
8483
8462
8453
8430
8419
8419
8404
8390
8361
8354
8329
8328
8326
8322
8309
8286
8260
8246
8228
8225
8197
8161
8156
8148
8131
8122
8110
8090
8083
8060
7982
7972
7967
7961
7952
7942
7942
7936
7920
7909
7908
7899
7869
7848
7839
7835
7832
7827
7823
7822
7794
7778
7765
7754
7735
7725
7702
7694
7678
7667
7662
7616
7598
7596
7587
7583
7551
7544
7525
7504
7496
7484
7454
7414
7404
7393
7391
7383
7370
7339
7318
7315
7302
7301
7284
7284
7272
7271
7261
7260
7252
7249
7248
7238
7232
7225
7221
7200
7198
7196
7191
7190
7184
7175
7175
7170
7168
7145
7146
7142
7137
7136
7133
7108
7108
7106
7105
7079
7076
7068
7058
7047
7041
7035
7029
7024
7022
7009
7004
6999
6987
6977
6968
6964
6963
6965
6958
6954
6947
6929
6924
6922
6920
6911
6903
6898
6886
6881
6881
6878
6878
6875
6863
6859
6856
6851
6849
6848
6845
6832
6829
6816
6808
6792
6788
6788
6764
6740
6727
6717
6717
6703
6716
6679
6674
6661
6660
6659
6647
6643
6631
6620
6618
6580
6577
6552
6552
6526
6522
6515
6497
6496
6469
6465
6461
6452
6451
6438
6435
6434
6433
6431
6430
6422
6416
6414
6411
6409
6408
6400
6396
6383
6378
6369
6366
6364
6363
6362
6356
6412
6341
6337
6336
6336
6324
6323
6317
6310
6291
6289
6271
6265
6264
6262
6255
6255
6253
6239
6236
6218
6210
6203
6196
6196
6193
6190
6178
6173
6163
6143
6138
6129
6115
6103
6103
6098
6090
6076
6065
6053
6051
6050
6046
6039
6033
6026
6018
6017
6011
6007
5997
5984
5979
5976
5975
5966
5965
5964
5962
5953
5952
5952
5951
5951
5947
5935
5934
5925
5920
5916
5914
5912
5911
5894
5889
5882
5879
5875
5855
5848
5847
5843
5838
5835
5834
5832
5827
5824
5815
5804
5800
5800
5797
5777
5768
5767
5753
5739
5736
5730
5729
5728
5727
5727
5710
5703
5703
5693
5687
5686
5676
5703
5636
5635
5632
5630
5617
5604
5602
5600
5586
5577
5576
5568
5567
5567
5566
5561
5561
5560
5560
5560
5559
5552
5551
5545
5538
5532
5532
5520
5519
5515
5511
5511
5508
5484
5478
5475
5472
5464
5451
5442
5435
5427
5426
5424
5423
5420
5408
5397
5396
5386
5379
5366
5365
5364
5355
5349
5345
5340
5339
5339
5329
5329
5328
5320
5314
5313
5305
5299
5298
5296
5284
5275
5265
5262
5260
5251
5242
5239
5231
5230
5229
5227
5227
5226
5222
5220
5216
5211
5209
5203
5189
5187
5187
5174
5150
5149
5148
5148
5145
5143
5141
5134
5130
5121
5120
5118
5117
5105
5100
5096
5095
5095
5091
5088
5085
5085
5082
5081
5081
5080
5079
5074
5072
5065
5063
5056
5039
5033
5031
5029
5028
5028
5019
5018
5017
5014
5014
5009
5006
4998
4994
4993
4992
4992
4991
4976
4975
4973
4969
4965
4964
4964
4963
4957
4947
4943
4934
4931
4929
4924
4919
4909
4898
4890
4888
4885
4881
4879
4879
4877
4877
4871
4871
4868
4864
4861
4861
4861
4860
4859
4846
4840
4838
4826
4826
4826
4820
4819
4819
4815
4815
4812
4811
4809
4807
4805
4793
4788
4788
4788
4779
4773
4770
4769
4761
4760
4758
4756
4752
4751
4750
4746
4746
4746
4742
4741
4738
4738
4737
4736
4731
4727
4726
4717
4716
4713
4709
4709
4707
4706
4702
4702
4695
4694
4690
4682
4680
4678
4677
4677
4677
4672
4671
4670
4662
4657
4652
4645
4640
4639
4637
4624
4618
4608
4607
4604
4603
4600
4597
4597
4595
4593
4590
4585
4580
4580
4579
4575
4572
4572
4569
4569
4569
4568
4566
4566
4565
4565
4561
4561
4559
4559
4558
4558
4554
4553
4547
4545
4543
4542
4540
4539
4523
4520
4514
4513
4513
4512
4511
4509
4500
4499
4499
4491
4485
4484
4482
4481
4479
4479
4474
4470
4469
4469
4464
4461
4459
4456
4450
4446
4443
4437
4430
4425
4423
4423
4421
4416
4413
4402
4401
4395
4392
4391
4388
4385
4384
4382
4382
4379
4379
4377
4373
4372
4366
4363
4359
4355
4351
4349
4348
4330
4324
4321
4318
4318
4316
4315
4304
4301
4299
4297
4291
4288
4284
4284
4283
4282
4280
4279
4272
4270
4266
4262
4261
4252
4250
4250
4248
4244
4244
4243
4242
4239
4239
4236
4231
4230
4228
4228
4228
4230
4227
4226
4226
4224
4224
4219
4218
4216
4216
4214
4212
4206
4201
4199
4197
4193
4193
4191
4190
4190
4186
4180
4178
4173
4168
4165
4161
4158
4153
4150
4150
4144
4143
4130
4130
4130
4127
4125
4123
4117
4114
4112
4111
4107
4106
4104
4100
4100
4095
4092
4081
4133
4080
4079
4077
4075
4072
4071
4069
4061
4060
4058
4057
4057
4057
4055
4053
4050
4043
4036
4033
4031
4029
4025
4024
4019
4011
4008
4008
4006
4004
3999
3998
3997
3997
3996
3994
3989
3981
3978
3978
3977
3973
3973
3972
3970
3966
3966
3962
3960
3960
3956
3955
3954
3951
3950
3950
3949
3946
3944
3942
3942
3942
3940
3939
3938
3938
3931
3929
3923
3917
3917
3915
3910
3909
3905
3903
3901
3900
3898
3897
3896
3895
3894
3892
3890
3889
3887
3886
3883
3883
3881
3880
3874
3874
3872
3869
3866
3865
3865
3865
3863
3863
3859
3858
3855
3851
3849
3846
3844
3838
3837
3834
3834
3841
3831
3831
3829
3826
3824
3821
3818
3815
3814
3813
3813
3812
3807
3806
3805
3805
3804
3802
3800
3797
3793
3788
3787
3783
3782
3776
3775
3774
3767
3767
3766
3763
3762
3758
3757
3757
3755
3755
3754
3752
3748
3747
3747
3745
3745
3742
3741
3741
3740
3738
3734
3732
3732
3732
3731
3729
3729
3728
3728
3727
3725
3723
3718
3716
3715
3715
3712
3711
3710
3706
3705
3703
3701
3700
3699
3698
3697
3697
3689
3687
3686
3684
3684
3682
3681
3680
3679
3677
3676
3674
3673
3671
3670
3670
3667
3667
3665
3665
3665
3664
3662
3660
3657
3656
3654
3652
3651
3646
3642
3641
3641
3639
3636
3637
3634
3633
3633
3632
3631
3631
3629
3628
3628
3627
3627
3627
3626
3623
3622
3621
3621
3619
3617
3616
3613
3609
3604
3601
3598
3597
3596
3595
3595
3592
3591
3589
3588
3587
3587
3587
3585
3583
3578
3576
3574
3573
3566
3565
3563
3562
3560
3554
3553
3553
3552
3551
3551
3550
3549
3549
3547
3547
3546
3546
3544
3543
3542
3541
3540
3538
3536
3536
3535
3535
3535
3535
3535
3534
3533
3533
3533
3533
3527
3527
3527
3525
3521
3521
3517
3517
3514
3514
3512
3510
3505
3495
3493
3493
3492
3490
3489
3486
3486
3485
3485
3482
3482
3483
3480
3479
3479
3478
3477
3475
3471
3470
3470
3466
3466
3463
3461
3460
3459
3458
3458
3455
3454
3453
3453
3452
3446
3445
3443
3442
3441
3441
3440
3438
3436
3433
3432
3430
3430
3428
3425
3423
3422
3422
3420
3419
3419
3419
3416
3412
3411
3407
3405
3404
3403
3403
3403
3399
3395
3392
3392
3392
3391
3388
3384
3383
3383
3382
3381
3379
3378
3378
3377
3376
3372
3372
3372
3372
3371
3369
3364
3364
3363
3363
3363
3361
3360
3360
3360
3359
3358
3355
3354
3353
3353
3353
3353
3352
3349
3348
3346
3345
3344
3344
3341
3340
3340
3337
3337
3337
3335
3331
3330
3328
3327
3327
3324
3322
3321
3317
3315
3314
3312
3311
3309
3307
3304
3303
3303
3302
3302
3301
3300
3297
3297
3296
3296
3294
3291
3286
3285
3283
3283
3281
3281
3278
3278
3277
3277
3276
3274
3270
3270
3269
3265
3264
3255
3253
3251
3250
3250
3249
3245
3245
3243
3243
3241
3241
3240
3240
3238
3237
3235
3234
3234
3232
3231
3231
3230
3229
3226
3225
3221
3219
3216
3215
3214
3214
3212
3211
3207
3202
3202
3201
3205
3200
3199
3199
3196
3196
3195
3195
3193
3192
3190
3190
3190
3186
3185
3185
3183
3183
3183
3183
3182
3182
3178
3177
3176
3176
3175
3172
3172
3172
3171
3171
3170
3170
3168
3163
3160
3160
3159
3157
3156
3156
3152
3151
3151
3150
3148
3147
3146
3144
3141
3141
3140
3140
3139
3139
3131
3128
3128
3126
3124
3122
3122
3120
3118
3118
3116
3115
3115
3114
3114
3112
3112
3111
3111
3111
3110
3110
3110
3109
3108
3108
3108
3108
3102
3101
3100
3099
3097
3095
3093
3093
3092
3091
3089
3089
3088
3085
3083
3093
3082
3081
3080
3079
3079
3077
3077
3077
3075
3075
3073
3071
3071
3070
3070
3070
3069
3069
3068
3066
3065
3065
3064
3063
3062
3062
3062
3060
3060
3058
3058
3058
3057
3057
3056
3055
3054
3054
3053
3053
3052
3051
3050
3048
3047
3045
3043
3040
3039
3037
3036
3035
3034
3032
3031
3030
3028
3027
3026
3025
3025
3024
3023
3022
3021
3021
3021
3019
3019
3018
3018
3017
3016
3016
3016
3015
3013
3013
3013
3011
3009
3009
3039
3006
3005
3003
3002
3001
