238631
65717
49920
41631
41361
38902
33566
31971
31266
31158
30378
29357
28823
26363
26014
26009
25980
25979
25936
25763
25554
25542
25293
25251
25131
24755
24403
24060
24054
24023
23944
23705
23529
23477
23395
23206
22322
22125
22026
21801
21727
21547
21253
21051
21030
20568
20560
20458
20256
20001
19820
19546
19530
19399
19144
18874
18797
18538
18464
17888
17759
17719
17598
17521
17362
17182
17166
17091
16981
16962
16710
16667
16550
16477
16441
16302
16213
15993
15630
15605
15576
15542
15259
15217
15135
15111
15072
14983
14898
14774
14751
14682
14433
14433
14331
14301
14255
14223
14215
14196
14171
14109
14068
14056
14002
13953
13881
13837
13772
13768
13751
13750
13746
13738
13680
13543
13482
13395
13307
13227
13211
13188
13118
13113
13073
13018
12946
12911
12908
12878
12875
12849
12849
12848
12791
12785
12777
12692
12633
12573
12572
12537
12451
12408
12399
12395
12327
12325
12316
12306
12238
12225
12195
12165
12160
12133
12068
12014
11995
11988
11866
11802
11794
11779
11778
11758
11747
11716
11687
11681
11658
11620
11614
11599
11576
11569
11553
11549
11543
11514
11478
11477
11373
11286
11248
11242
11192
11157
11143
11133
11111
11071
11044
11021
11012
11007
11006
10997
10971
10920
10910
10902
10807
10777
10772
10760
10746
10690
10644
10635
10625
10529
10487
10469
10468
10453
10451
10444
10413
10400
10365
10352
10320
10265
10247
10226
10205
10147
10098
10096
10061
9999
9988
9956
9938
9931
9912
9908
9884
9883
9866
9817
9768
9725
9695
9678
9649
9646
9639
9635
9634
9605
9578
9534
9521
9510
9497
9490
9433
9421
9411
9389
9378
9371
9353
9348
9319
9284
9266
9246
9243
9219
9208
9204
9168
9147
9143
9138
9138
9134
9133
9130
9127
9095
9075
9051
9042
9032
9027
9017
9014
9002
9002
8992
8989
8987
8949
8947
8935
8907
8905
8904
8897
8877
8867
8859
8849
8845
8830
8826
8820
8807
8807
8803
8802
8787
8767
8739
8738
8692
8681
8681
8659
8642
8638
8623
8618
8575
8560
8538
8537
8528
8517
8517
8507
8503
8499
8497
8495
8493
8481
8421
8409
8408
8387
8374
8367
8355
8343
8332
8331
8295
8292
8280
8272
8271
8258
8234
8233
8225
8224
8215
8204
8198
8179
8166
8156
8151
8145
8098
8097
8079
8077
8069
8036
8029
8026
8020
7997
7990
7985
7975
7971
7971
7966
7944
7942
7935
7924
7915
7906
7893
7862
7831
7823
7819
7804
7802
7792
7790
7786
7757
7749
7747
7723
7723
7714
7703
7702
7698
7698
7696
7688
7670
7644
7640
7639
7638
7634
7617
7615
7604
7594
7591
7589
7557
7556
7555
7551
7535
7526
7520
7518
7514
7502
7493
7492
7488
7484
7479
7477
7474
7461
7453
7450
7441
7429
7413
7409
7408
7393
7393
7390
7383
7383
7382
7377
7367
7364
7358
7357
7356
7350
7338
7338
7330
7324
7320
7313
7312
7301
7296
7279
7277
7274
7259
7255
7245
7214
7209
7200
7189
7169
7167
7161
7159
7158
7155
7148
7147
7144
7144
7142
7136
7130
7121
7095
7094
7075
7071
7045
7030
7029
7008
6999
6991
6988
6970
6965
6960
6944
6941
6937
6933
6926
6926
6924
6921
6918
6909
6903
6902
6901
6900
6893
6893
6893
6886
6879
6872
6856
6847
6840
6830
6826
6809
6806
6801
6796
6787
6777
6769
6759
6756
6751
6746
6743
6739
6739
6725
6710
6707
6705
6688
6688
6684
6669
6667
6662
6654
6652
6639
6634
6622
6611
6596
6591
6589
6578
6564
6564
6562
6558
6552
6550
6538
6520
6516
6514
6514
6496
6492
6482
6471
6470
6467
6466
6460
6451
6446
6442
6441
6426
6425
6424
6421
6409
6401
6394
6389
6388
6386
6381
6377
6367
6344
6343
6334
6332
6327
6317
6316
6311
6310
6303
6301
6297
6285
6283
6264
6263
6256
6256
6243
6234
6227
6226
6221
6219
6202
6196
6186
6185
6184
6181
6176
6174
6159
6147
6145
6144
6139
6139
6136
6133
6123
6119
6115
6108
6108
6106
6087
6086
6075
6065
6059
6053
6043
6042
6035
6035
6031
6026
6023
6018
6016
6012
6010
6009
6009
6001
5998
5990
5986
5984
5983
5983
5981
5981
5975
5973
5962
5955
5946
5943
5937
5927
5924
5918
5918
5912
5911
5910
5908
5907
5905
5904
5903
5896
5888
5888
5886
5882
5880
5877
5859
5857
5853
5853
5851
5846
5846
5840
5840
5837
5831
5830
5823
5810
5805
5805
5804
5800
5799
5793
5788
5780
5776
5776
5774
5760
5760
5743
5740
5740
5738
5738
5735
5735
5735
5727
5723
5719
5717
5716
5713
5711
5709
5708
5705
5702
5700
5698
5690
5685
5685
5683
5682
5678
5675
5662
5660
5656
5646
5644
5639
5633
5631
5630
5621
5619
5618
5613
5597
5593
5587
5585
5574
5574
5566
5560
5560
5555
5553
5551
5546
5545
5543
5542
5533
5521
5511
5511
5499
5497
5497
5493
5491
5489
5484
5482
5479
5472
5469
5466
5458
5453
5433
5429
5427
5415
5414
5414
5412
5412
5410
5410
5406
5404
5404
5399
5398
5396
5394
5386
5382
5373
5371
5370
5366
5364
5362
5355
5354
5348
5346
5337
5335
5334
5329
5327
5327
5322
5318
5318
5318
5317
5313
5310
5303
5298
5295
5294
5287
5285
5284
5279
5277
5276
5276
5275
5274
5273
5267
5266
5257
5250
5242
5241
5240
5237
5234
5231
5229
5221
5220
5219
5210
5207
5207
5202
5200
5195
5194
5194
5187
5177
5177
5175
5170
5163
5160
5151
5148
5146
5142
5137
5132
5125
5123
5123
5121
5118
5113
5112
5110
5104
5103
5100
5092
5086
5086
5077
5074
5073
5072
5072
5071
5070
5067
5065
5058
5058
5057
5053
5053
5051
5044
5042
5038
5037
5037
5037
5035
5032
5029
5026
5026
5022
5017
5017
5013
5009
5005
5004
5001
4999
4998
4997
4995
4993
4992
4991
4985
4985
4984
4984
4982
4980
4980
4978
4978
4977
4977
4976
4975
4974
4974
4973
4970
4967
4965
4960
4960
4952
4949
4947
4939
4933
4933
4926
4926
4925
4924
4922
4922
4912
4903
4902
4900
4899
4894
4893
4885
4885
4884
4882
4877
4875
4872
4870
4867
4861
4860
4853
4839
4839
4836
4835
4833
4830
4828
4828
4828
4822
4820
4819
4816
4816
4808
4803
4803
4799
4799
4798
4793
4793
4791
4791
4787
4786
4785
4784
4779
4768
4766
4764
4761
4758
4751
4750
4750
4749
4746
4745
4745
4745
4743
4740
4739
4732
4730
4727
4724
4722
4720
4718
4718
4709
4703
4702
4696
4695
4692
4691
4688
4684
4683
4677
4671
4670
4669
4667
4665
4665
4664
4664
4656
4652
4651
4650
4645
4642
4638
4638
4635
4632
4632
4628
4627
4623
4622
4621
4618
4617
4611
4609
4604
4603
4599
4598
4590
4590
4589
4587
4583
4569
4566
4563
4561
4560
4555
4555
4551
4549
4545
4544
4543
4542
4540
4525
4523
4521
4517
4515
4508
4502
4501
4499
4499
4498
4495
4494
4492
4491
4489
4487
4486
4480
4479
4476
4476
4476
4473
4471
4471
4471
4470
4468
4463
4459
4451
4446
4443
4438
4438
4434
4433
4429
4428
4427
4425
4420
4419
4416
4415
4413
4413
4409
4408
4402
4401
4401
4392
4385
4384
4384
4375
4372
4371
4371
4369
4367
4365
4362
4360
4359
4354
4354
4352
4351
4386
4346
4344
4343
4343
4336
4336
4335
4334
4333
4332
4332
4331
4326
4322
4320
4319
4318
4317
4315
4315
4312
4312
4310
4307
4300
4299
4299
4298
4295
4293
4288
4288
4277
4275
4275
4273
4269
4265
4265
4262
4261
4259
4258
4256
4255
4254
4245
4240
4238
4238
4235
4233
4231
4230
4228
4227
4227
4224
4222
4220
4219
4216
4213
4212
4210
4207
4205
4203
4201
4200
4200
4197
4196
4195
4190
4187
4187
4186
4182
4182
4180
4180
4174
4173
4171
4169
4169
4165
4163
4162
4159
4159
4158
4158
4154
4151
4147
4144
4144
4144
4143
4140
4138
4136
4135
4134
4132
4131
4129
4127
4126
4124
4123
4123
4123
4122
4120
4119
4113
4112
4110
4106
4103
4102
4102
4099
4096
4094
4091
4086
4086
4085
4082
4081
4081
4078
4077
4076
4074
4072
4070
4066
4061
4056
4055
4055
4055
4050
4049
4049
4048
4047
4046
4046
4042
4041
4036
4032
4031
4030
4028
4028
4027
4025
4024
4023
4023
4022
4018
4017
4017
4017
4013
4011
4011
4011
4003
4003
3996
3994
3994
3991
3990
3987
3985
3984
3981
3980
3979
3977
3976
3974
3973
3973
3972
3969
3967
3961
3960
3957
3956
3954
3948
3945
3945
3943
3942
3942
3941
3941
3939
3939
3939
3937
3933
3931
3927
3923
3922
3919
3917
3917
3914
3913
3909
3908
3908
3907
3907
3906
3899
3897
3897
3893
3892
3892
3892
3891
3887
3887
3885
3885
3884
3881
3880
3878
3877
3875
3874
3872
3871
3866
3865
3865
3864
3864
3863
3859
3857
3856
3856
3855
3854
3853
3852
3849
3847
3846
3845
3843
3838
3835
3834
3833
3831
3830
3830
3829
3828
3827
3826
3826
3825
3823
3823
3823
3821
3821
3819
3817
3816
3815
3815
3813
3813
3810
3808
3806
3803
3801
3801
3800
3800
3799
3797
3797
3795
3794
3791
3787
3786
3783
3782
3780
3778
3778
3778
3776
3775
3767
3765
3764
3758
3754
3754
3751
3749
3749
3748
3747
3744
3743
3741
3739
3738
3736
3734
3732
3730
3730
3729
3728
3727
3727
3725
3722
3720
3719
3718
3718
3718
3717
3716
3714
3710
3708
3707
3703
3702
3701
3700
3699
3699
3699
3699
3698
3696
3691
3689
3683
3681
3678
3677
3675
3670
3670
3669
3668
3667
3666
3664
3664
3662
3662
3661
3661
3659
3655
3654
3650
3649
3649
3648
3647
3644
3644
3643
3642
3640
3639
3635
3634
3634
3626
3624
3623
3623
3623
3619
3618
3618
3617
3617
3617
3616
3614
3613
3610
3610
3608
3603
3602
3601
3601
3601
3599
3599
3598
3598
3596
3593
3590
3588
3587
3587
3586
3585
3585
3584
3584
3583
3582
3579
3579
3579
3577
3576
3576
3574
3574
3574
3574
3573
3569
3564
3563
3562
3558
3558
3558
3555
3554
3553
3543
3542
3542
3539
3538
3536
3536
3534
3531
3530
3525
3525
3522
3522
3519
3519
3518
3518
3517
3515
3514
3513
3513
3513
3511
3510
3508
3508
3506
3506
3501
3500
3499
3498
3497
3496
3496
3496
3496
3494
3494
3493
3493
3488
3487
3486
3485
3484
3483
3482
3482
3481
3481
3479
3479
3477
3477
3476
3476
3475
3475
3473
3473
3471
3471
3469
3469
3468
3465
3462
3462
3462
3461
3461
3460
3458
3457
3456
3456
3456
3454
3451
3451
3449
3447
3447
3445
3445
3442
3439
3437
3437
3434
3431
3430
3428
3428
3427
3426
3425
3423
3422
3421
3420
3420
3419
3417
3417
3417
3416
3416
3412
3412
3412
3410
3409
3408
3407
3406
3404
3404
3404
3402
3401
3401
3400
3400
3399
3398
3398
3397
3395
3394
3391
3391
3390
3386
3384
3384
3383
3383
3379
3378
3374
3372
3372
3370
3370
3370
3369
3369
3366
3365
3365
3365
3364
3362
3361
3360
3356
3354
3352
3351
3350
3349
3349
3348
3348
3348
3348
3342
3340
3338
3337
3336
3335
3334
3334
3334
3332
3332
3330
3329
3326
3325
3324
3321
3321
3320
3320
3319
3317
3317
3316
3314
3314
3310
3309
3308
3306
3304
3303
3302
3302
3301
3299
3298
3298
3297
3296
3295
3295
3292
3292
3290
3288
3287
3286
3286
3285
3284
3282
3280
3280
3279
3279
3278
3277
3276
3276
3274
3273
3273
3273
3272
3272
3271
3271
3266
3266
3264
3263
3262
3261
3260
3260
3260
3260
3259
3259
3258
3258
3257
3255
3253
3251
3250
3248
3246
3245
3244
3244
3244
3243
3242
3240
3238
3237
3236
3235
3234
3233
3232
3232
3232
3232
3231
3229
3228
3228
3228
3226
3224
3223
3223
3223
3223
3222
3221
3221
3221
3219
3219
3219
3218
3215
3215
3214
3212
3212
3211
3209
3208
3208
3208
3207
3207
3206
3206
3205
3205
3204
3202
3199
3197
3194
3193
3193
3192
3192
3192
3190
3189
3189
3185
3185
3185
3184
3184
3183
3182
3182
3181
3180
3180
3178
3176
3176
3175
3174
3173
3172
3171
3171
3170
3170
3169
3169
3169
3168
3167
3167
3167
3165
3162
3161
3157
3157
3156
3156
3155
3154
3153
3152
3150
3148
3148
3147
3146
3146
3145
3143
3143
3141
3141
3140
3138
3137
3137
3134
3134
3132
3129
3129
3128
3127
3127
3125
3125
3124
3123
3123
3123
3122
3121
3121
3120
3120
3119
3118
3118
3118
3117
3116
3115
3115
3114
3113
3113
3112
3111
3109
3108
3108
3107
3107
3107
3105
3104
3104
3103
3103
3103
3102
3102
3100
3099
3098
3097
3097
3096
3095
3095
3095
3094
3093
3090
3090
3089
3089
3088
3087
3087
3082
3081
3080
3079
3072
3072
3072
3068
3067
3067
3064
3064
3063
3063
3063
3063
3061
3061
3061
3061
3060
3059
3058
3058
3056
3056
3056
3054
3053
3052
3052
3050
3049
3048
3048
3047
3047
3046
3044
3044
3043
3042
3042
3040
3040
3039
3039
3039
3038
3038
3036
3036
3035
3034
3033
3032
3030
3027
3026
3025
3022
3022
3022
3021
3021
3020
3018
3018
3016
3015
3014
3014
3014
3014
3014
3014
3013
3012
3012
3012
3010
3008
3007
3006
3002
3002
3001
3000
3000
