538828
436802
415305
362415
324946
305462
292587
274837
243920
223917
222793
204333
198946
187086
184102
181348
178087
177389
176368
176360
175142
170183
162620
161345
153339
150934
146887
146352
141962
141640
140696
139665
138972
136539
133714
132003
127543
124711
122894
122414
122301
122028
121962
120230
119435
118038
114672
114460
114430
111591
110764
109312
108786
107082
104533
102072
101654
101454
100840
100054
99873
99817
99636
98325
97126
96200
96089
95066
95036
94737
94104
93598
93356
92321
91950
90626
88627
88353
87743
84986
84857
84830
84324
84303
84284
83457
82493
81984
81236
81151
81000
78376
77102
76356
75800
75489
74952
73790
73735
73727
72860
72176
71688
71328
71307
71282
71131
71098
71021
70613
70405
70324
70181
70076
68628
68549
68194
67943
67376
67262
65651
65617
65605
65404
65311
65307
65006
64960
64868
64666
64298
64156
63994
63924
63630
63114
62794
62785
62604
62461
62397
62363
62124
62004
61802
61674
61628
61208
60794
60050
59913
59857
59788
59764
59445
59350
59255
58889
58678
58510
58146
57886
57757
57689
57373
57344
57306
56681
56625
56546
56530
56354
56332
55756
55562
55436
55337
55260
55187
55132
54600
54600
54585
54479
54391
54292
54291
54143
53904
53858
53780
53587
53521
53441
53153
53120
53090
52880
52825
52714
52270
52250
51563
51406
51372
51209
51154
51137
50881
50869
50817
50732
50499
50462
50460
50392
50207
50181
50051
49989
49917
49687
49674
49575
49475
49434
49368
49251
49062
48938
48921
48839
48805
48752
48640
48598
48263
48051
48047
47990
47840
47800
47612
46901
46901
46761
46646
46553
46507
46454
46392
46193
46204
46142
46127
46124
46099
46036
45920
45890
45876
45648
45478
45361
45116
45114
45039
45021
44997
44952
44881
44830
44696
44571
44281
44269
44254
44082
44005
43857
43696
43675
43600
43410
43409
42685
42624
42592
42457
42400
42340
42281
42110
42008
41976
41964
41807
41789
41606
41523
41522
41427
41232
41199
41189
41026
40858
40850
40804
40701
40673
40565
40557
40552
40498
40397
40293
40210
40207
40190
40143
40019
39826
39741
39724
39684
39474
39461
39330
39317
39301
39274
38920
38671
38499
38346
38224
38208
38192
38183
38105
38015
37986
37756
37647
37487
37391
37367
37280
37262
37143
37045
37038
36875
36811
36781
36774
36727
36701
36587
36342
36312
36252
36084
36083
36082
35946
35913
35881
35839
35817
35772
35727
35695
35601
35571
35567
35538
35485
35430
35395
35328
35298
35102
35052
35047
35020
34986
34955
34949
34880
34797
34650
34601
34571
34524
34440
34408
34374
34351
34319
34288
34265
34210
34166
34102
34094
33991
33971
33907
33780
33607
33588
33551
33465
33457
33454
33443
33436
33378
33295
33260
33250
33215
33212
33232
33129
33116
33051
33034
33027
32959
32926
32877
32867
32827
32791
32631
32517
32505
32455
32437
32389
32316
32223
32005
31946
31877
31860
31745
31691
31652
31530
31474
31473
31434
31346
31316
31314
31302
31275
31265
31257
31218
31095
31082
31074
31064
31063
30915
30867
30867
30826
30824
30781
30748
30744
30714
30681
30677
30640
30617
30614
30584
30549
30513
30452
30414
30333
30301
30254
30252
30213
30188
30167
30077
30048
30012
29981
29933
29917
29899
29893
29863
29790
29759
29733
29726
29582
29536
29511
29484
29470
29459
29441
29401
29376
29373
29216
29211
29205
29134
28989
28913
28908
28846
28769
28642
28635
28616
28591
28589
28518
28514
28492
28428
28303
28228
28228
28211
28209
28088
28038
28026
28006
27986
27939
27913
27879
27842
27827
27825
27818
27797
27764
27759
27751
27708
27694
27669
27651
27625
27591
27586
27571
27523
27484
27471
27431
27422
27399
27387
27380
27372
27362
27281
27278
27243
27226
27209
27147
27140
27131
27054
27049
27036
27030
27025
27015
27012
26990
26944
26894
26850
26814
26813
26734
26718
26673
26667
26665
26614
26534
26483
26479
26426
26377
26342
26325
26322
26305
26259
26234
26220
26213
26165
26119
26113
26108
26050
26060
26039
25978
25971
25954
25935
25914
25912
25882
25871
25857
25834
25799
25780
25774
25776
25733
25712
25686
25674
25616
25609
25590
25586
25564
25532
25450
25467
25433
25413
25386
25367
25320
25291
25288
25300
25277
25167
25139
25122
25120
25049
25030
25013
24986
24969
24958
24911
24910
24855
24832
24821
24815
24801
24792
24768
24739
24730
24667
24683
24647
24641
24583
24585
24565
24556
24551
24544
24528
24422
24399
24386
24375
24365
24334
24291
24245
24192
24201
24160
24159
24158
24139
24133
24092
24082
23972
23960
23956
23943
23930
23888
23875
23870
23863
23840
23832
23823
23759
23743
23700
23642
23637
23629
23628
23615
23603
23589
23584
23562
23539
23520
23494
23484
23458
23424
23406
23394
23356
23348
23336
23286
23282
23274
23263
23259
23282
23254
23228
23218
23213
23155
23146
23145
23143
23143
23119
23069
23031
23027
23005
22995
22971
22950
22914
22907
22918
22848
22847
22822
22815
22803
22787
22738
22756
22709
22626
22573
22570
22466
22445
22433
22431
22423
22407
22402
22398
22340
22325
22311
22320
22254
22249
22240
22211
22226
22192
22172
22173
22152
22130
22134
22104
22064
22040
22037
22024
22009
22030
21984
21974
21981
21948
21924
21858
21845
21833
21822
21819
21811
21801
21792
21786
21767
21766
21754
21743
21671
21668
21665
21665
21622
21621
21621
21621
21566
21543
21541
21541
21529
21517
21517
21496
21473
21431
21393
21374
21354
21328
21322
21316
21298
21291
21281
21287
21246
21245
21232
21233
21204
21198
21173
21163
21141
21136
21131
21090
21077
21059
21052
21048
21046
21034
21015
21010
21034
20960
20955
20964
20925
20922
20889
20909
20903
20889
20838
20836
20827
20820
20808
20804
20792
20791
20771
20765
20755
20743
20737
20716
20689
20669
20664
20657
20638
20615
20592
20583
20576
20561
20543
20555
20526
20521
20492
20485
20484
20458
20479
20448
20444
20444
20426
20405
20398
20358
20353
20335
20287
20288
20263
20198
20177
20159
20131
20128
20103
20103
20099
20084
20063
20058
20054
20053
20048
20033
20001
19999
20005
19983
19982
19962
19958
19955
19920
19886
19878
19877
19871
19861
19834
19830
19814
19805
19799
19777
19786
19746
19728
19725
19724
19714
19719
19673
19649
19641
19636
19615
19619
19607
19601
19578
19582
19551
19550
19510
19508
19507
19521
19468
19459
19419
19418
19417
19381
19372
19365
19339
19280
19269
19256
19223
19207
19206
19175
19171
19156
19137
19133
19073
19063
19054
19045
19001
18987
18985
18985
18949
18945
18940
18939
18937
18908
18876
18863
18849
18793
18794
18786
18750
18762
18712
18707
18705
18703
18700
18690
18686
18677
18667
18653
18646
18651
18631
18610
18582
18577
18574
18573
18569
18553
18550
18524
18508
18493
18492
18492
18450
18432
18414
18402
18400
18390
18375
18361
18348
18328
18327
18322
18292
18282
18281
18240
18232
18231
18207
18216
18186
18175
18144
18105
18099
18079
18072
18067
18067
18064
18097
18049
18041
18028
18001
17997
17982
17926
17933
17915
17891
17855
17852
17852
17849
17819
17810
17804
17796
17807
17790
17772
17768
17718
17699
17688
17670
17663
17655
17647
17646
17611
17584
17582
17570
17551
17546
17534
17528
17502
17498
17498
17496
17479
17438
17421
17403
17399
17387
17375
17372
17361
17348
17340
17337
17326
17320
17354
17296
17279
17284
17258
17250
17204
17198
17197
17195
17193
17190
17172
17163
17149
17128
17116
17085
17074
17072
17066
17064
17058
17032
17020
17014
17013
17010
16992
17006
16978
16962
16954
16952
16949
16927
16965
16922
16919
16918
16915
16914
16904
16892
16877
16871
16865
16863
16856
16847
16844
16843
16839
16835
16830
16828
16810
16804
16804
16804
16801
16796
16792
16749
16741
16739
16710
16735
16684
16681
16674
16669
16659
16658
16655
16634
16622
16621
16613
16604
16603
16595
16594
16591
16568
16563
16563
16563
16562
16556
16553
16534
16532
16528
16523
16516
16505
16495
16473
16494
16462
16452
16446
16477
16437
16431
16395
16377
16385
16329
16318
16295
16290
16286
16278
16270
16267
16267
16257
16247
16227
16225
16212
16199
16195
16180
16165
16141
16134
16125
16110
16100
16099
16098
16092
16086
16085
16084
16067
16059
16043
16070
16039
16035
16030
16025
15990
15989
15987
15987
15975
15967
15954
15946
15938
15936
15916
15913
15909
15896
15887
15882
15881
15879
15875
15858
15855
15848
15844
15844
15839
15832
15827
15802
15799
15771
15770
15767
15748
15744
15740
15737
15727
15673
15682
15662
15660
15627
15625
15623
15619
15615
15613
15610
15584
15578
15574
15536
15524
15515
15510
15508
15508
15490
15478
15455
15456
15436
15424
15418
15382
15381
15381
15376
15358
15346
15325
15324
15324
15336
15319
15311
15309
15307
15301
15295
15294
15282
15277
15294
15273
15269
15263
15256
15255
15230
15222
15219
15198
15182
15176
15176
15198
15167
15149
15126
15124
15097
15090
15089
15086
15082
15069
15068
15050
15044
15060
15040
15037
15058
15031
15021
15019
15019
15014
15012
15007
14994
14955
14945
14919
14904
14897
14894
14913
14890
14888
14887
14881
14878
14875
14869
14864
14851
14835
14820
14797
14795
14802
14807
14787
14784
14777
14775
14766
14754
14751
14746
14736
14735
14735
14725
14725
14718
14702
14696
14693
14687
14680
14673
14670
14670
14653
14647
14645
14644
14641
14634
14634
14630
14627
14625
14622
14620
14618
14609
14606
14600
14597
14592
14588
14579
14586
14573
14573
14572
14571
14552
14532
14526
14522
14512
14522
14510
14505
14499
14492
14492
14491
14483
14475
14474
14463
14463
14452
14443
14436
14435
14423
14412
14411
14407
14365
14357
14348
14345
14341
14340
14339
14333
14326
14323
14322
14317
14314
14302
14293
14288
14282
14280
14268
14260
14258
14253
14240
14216
14214
14199
14197
14191
14189
14173
14172
14171
14164
14161
14160
14144
14142
14140
14123
14119
14112
14102
14101
14098
14088
14079
14077
14075
14070
14070
14060
14048
14036
14031
14027
14018
14016
14011
13997
13993
13985
13961
13960
13952
13970
13948
13937
13960
13939
13937
13945
13934
13924
13925
13921
13918
13896
13891
13881
13875
13875
13861
13859
13849
13842
13836
13834
13822
13821
13818
13817
13815
13805
13805
13806
13797
13774
13771
13762
13746
13746
13742
13729
13720
13715
13714
13714
13712
13702
13689
13687
13686
13681
13669
13667
13659
13655
13651
13641
13632
13627
13626
13624
13612
13616
13623
13587
13557
13556
13550
13549
13544
13531
13515
13503
13502
13498
13497
13480
13476
13476
13468
13422
13429
13421
13417
13415
13407
13404
13400
13397
13386
13386
13386
13381
13380
13377
13394
13358
13360
13370
13344
13340
13339
13338
13336
13324
13321
13316
13315
13313
13307
13306
13328
13289
13283
13279
13276
13267
13266
13263
13274
13261
13255
13252
13250
13249
13248
13243
13241
13235
13229
13226
13220
13220
13217
13215
13215
13206
13203
13197
13196
13171
13171
13168
13153
13151
13150
13150
13149
13149
13145
13140
13136
13133
13129
13139
13106
13105
13100
13090
13086
13077
13073
13070
13066
13066
13062
13062
13054
13048
13039
13039
13022
13018
13014
13005
12996
13003
12989
12984
12963
12963
12958
12952
12943
12940
12932
12924
12906
12884
12882
12875
12873
12859
12856
12855
12853
12843
12837
12832
12829
12829
12822
12820
12793
12777
12772
12768
12764
12761
12761
12736
12731
12749
12726
12725
12721
12718
12718
12709
12694
12683
12683
12688
12684
12652
12646
12644
12640
12624
12623
12611
12610
12606
12604
12603
12602
12602
12593
12597
12589
12589
12588
12586
12581
12578
12574
12573
12570
12568
12560
12547
12547
12547
12545
12526
12525
12507
12523
12509
12493
12515
12485
12483
12477
12476
12495
12472
12464
12455
12453
12442
12438
12426
12407
12403
12402
12391
12386
12385
12377
12372
12371
12365
12362
12361
12353
12344
12340
12339
12339
12337
12335
12320
12317
12313
12299
12298
12288
12274
12265
12256
12259
12249
12244
12239
12223
12220
12220
12214
12213
12211
12207
12206
12187
12183
12182
12177
12172
12168
12167
12166
12160
12155
12148
12141
12141
12131
12126
12123
12121
12121
12111
12109
12104
12097
12094
12085
12081
12095
12075
12068
12066
12057
12071
12051
12041
12031
12028
12017
12015
12006
11999
11997
11997
11994
11991
11988
11983
11970
11965
11962
11961
11953
11957
11949
11949
11947
11941
11937
11937
11936
11929
11927
11921
11919
11918
11916
11914
11908
11902
11890
11885
11885
11884
11879
11872
11861
11860
11860
11857
11855
11854
11851
11851
11844
11835
11832
11829
11821
11817
11817
11816
11803
11803
11799
11791
11788
11788
11779
11776
11774
11773
11771
11782
11764
11751
11744
11737
11730
11729
11724
11722
11713
11711
11710
11708
11706
11701
11696
11709
11681
11680
11677
11672
11661
11655
11654
11653
11649
11649
11638
11637
11644
11621
11616
11627
11612
11577
11577
11556
11548
11540
11534
11528
11527
11523
11548
11510
11510
11504
11501
11493
11485
11482
11484
11471
11461
11453
11450
11459
11439
11439
11432
11429
11417
11407
11406
11402
11402
11394
11393
11391
11391
11384
11382
11381
11374
11371
11356
11347
11342
11337
11329
11328
11326
11319
11286
11279
11278
11270
11257
11254
11254
11249
11240
11235
11209
11209
11209
11209
11204
11204
11200
11194
11186
11182
11179
11169
11168
11164
11159
11155
11154
11154
11147
11141
11139
11138
11133
11142
11128
11125
11123
11119
11114
11109
11106
11104
11099
11094
11091
11088
11086
11084
11083
11083
11083
11076
11075
11075
11074
11073
11068
11065
11065
11080
11046
11044
11027
11026
11025
11022
11018
11013
11012
11011
11009
11023
10995
10994
10988
10986
10967
10965
10956
10954
10953
10949
10945
10939
10939
10935
10935
10921
10919
10914
10931
10907
10915
10903
10895
10894
10894
10886
10882
10878
10874
10872
10876
10870
10866
10859
10854
10854
10844
10838
10833
10830
10829
10824
10822
10821
10819
10814
10809
10816
10807
10806
10802
10799
10793
10780
10774
10774
10795
10770
10770
10768
10766
10763
10761
10758
10745
10743
10742
10738
10735
10714
10713
10710
10703
10703
10702
10701
10695
10696
10686
10683
10675
10670
10668
10668
10662
10660
10646
10645
10644
10643
10639
10665
10638
10638
10625
10622
10618
10618
10612
10608
10607
10605
10605
10604
10603
10600
10599
10594
10593
10584
10581
10581
10578
10576
10568
10582
10563
10554
10552
10550
10542
10548
10539
10537
10533
10531
10528
10526
10525
10524
10522
10532
10517
10515
10507
10500
10484
10467
10469
10466
10462
10455
10450
10441
10439
10437
10428
10428
10426
10422
10421
10432
10414
10414
10413
10394
10388
10386
10385
10384
10383
10374
10366
10366
10365
10363
10360
10355
10347
10342
10341
10352
10338
10336
10335
10333
10333
10332
10332
10327
10321
10318
10311
10309
10305
10299
10293
10292
10291
10299
10274
10272
10271
10260
10253
10253
10248
10238
10241
10230
10230
10229
10220
10219
10213
10213
10206
10204
10199
10198
10197
10192
10186
10179
10178
10177
10175
10170
10166
10166
10165
10158
10154
10151
10147
10143
10143
10142
10140
10140
10137
10133
10121
10118
10117
10113
10111
10109
10109
10106
10106
10103
10103
10097
10094
10092
10091
10088
10085
10083
10081
10073
10066
10056
10051
10049
10036
10036
10027
10034
10025
10021
10020
10016
10025
10011
10002
9998
9997
9994
9989
9988
9985
9983
9983
9980
9979
9978
9975
9964
9963
9983
9962
9959
9957
9952
9951
9951
9950
9945
9943
9940
9947
9932
9931
9930
9930
9924
9912
9912
9911
9906
9906
9902
9901
9918
9887
9884
9884
9882
9880
9880
9867
9867
9864
9863
9860
9859
9858
9855
9854
9847
9843
9837
9833
9828
9824
9821
9820
9819
9821
9813
9811
9810
9809
9807
9807
9799
9798
9786
9785
9778
9777
9774
9770
9763
9748
9744
9744
9742
9739
9738
9734
9734
9733
9732
9729
9723
9719
9749
9716
9715
9712
9712
9709
9706
9706
9699
9697
9696
9683
9679
9679
9674
9673
9670
9670
9669
9685
9665
9662
9647
9635
9632
9626
9615
9615
9608
9604
9601
9597
9597
9596
9596
9590
9588
9587
9592
9620
9580
9574
9574
9588
9570
9569
9588
9565
9585
9563
9561
9561
9550
9553
9556
9543
9539
9539
9536
9556
9531
9530
9547
9513
9489
9484
9480
9474
9474
9473
9470
9470
9464
9487
9446
9441
9441
9437
9436
9433
9424
9423
9423
9443
9419
9418
9406
9403
9399
9395
9392
9391
9388
9386
9382
9382
9379
9379
9367
9364
9362
9361
9354
9353
9350
9338
9333
9331
9325
9349
9335
9316
9314
9305
9301
9307
9292
9285
9280
9279
9279
9278
9276
9276
9278
9272
9279
9266
9262
9255
9251
9241
9240
9248
9236
9249
9231
9229
9220
9216
9211
9208
9206
9203
9220
9188
9187
9186
9184
9176
9175
9169
9166
9166
9163
9156
9155
9148
9147
9146
9143
9139
9138
9137
9137
9135
9129
9128
9110
9108
9106
9106
9105
9103
9100
9097
9119
9096
9093
9091
9091
9090
9089
9083
9082
9079
9077
9077
9075
9073
9071
9067
9061
9060
9059
9057
9054
9054
9052
9052
9046
9038
9029
9028
9025
9023
9016
9015
9014
9010
9009
8999
8994
8994
8990
8988
8983
8983
8982
8982
8981
8981
8978
8974
8971
8971
8971
8968
8964
8964
8958
8954
8950
8964
8947
8944
8940
8935
8932
8931
8930
8930
8928
8927
8927
8923
8950
8922
8922
8916
8915
8914
8911
8911
8900
8900
8897
8871
8858
8858
8848
8845
8845
8841
8835
8829
8827
8824
8823
8822
8812
8808
8803
8781
8780
8777
8775
8773
8771
8767
8766
8760
8756
8752
8752
8748
8741
8763
8739
8735
8731
8730
8727
8723
8723
8721
8717
8713
8713
8728
8709
8708
8705
8705
8707
8702
8697
8696
8688
8688
8684
8683
8677
8676
8675
8697
8672
8670
8669
8666
8663
8660
8667
8657
8651
8645
8632
8626
8624
8623
8617
8625
8616
8612
8611
8611
8602
8598
8597
8593
8591
8590
8588
8587
8585
8584
8583
8583
8583
8582
8579
8575
8579
8569
8567
8565
8551
8549
8546
8552
8544
8537
8534
8534
8531
8530
8522
8515
8513
8511
8511
8507
8504
8496
8494
8490
8486
8484
8483
8473
8473
8471
8468
8467
8463
8463
8463
8463
8457
8455
8445
8438
8438
8432
8432
8431
8431
8429
8428
8427
8427
8422
8421
8420
8416
8414
8413
8413
8408
8407
8406
8405
8401
8397
8396
8396
8396
8395
8395
8389
8387
8383
8382
8381
8380
8379
8379
8376
8372
8371
8371
8371
8366
8356
8372
8353
8352
8339
8339
8335
8335
8334
8333
8329
8321
8317
8314
8312
8310
8310
8308
8308
8307
8305
8305
8304
8303
8293
8291
8291
8290
8300
8283
8281
8274
8268
8263
8262
8257
8255
8254
8252
8250
8248
8247
8245
8243
8242
8241
8241
8236
8244
8235
8233
8232
8229
8228
8227
8226
8224
8223
8215
8213
8210
8209
8209
8202
8201
8200
8218
8195
8188
8195
8183
8183
8182
8181
8180
8175
8174
8173
8190
8169
8169
8166
8166
8166
8164
8163
8161
8176
8159
8158
8157
8157
8154
8153
8149
8145
8142
8141
8138
8131
8131
8124
8131
8120
8118
8111
8110
8108
8106
8118
8102
8102
8102
8101
8090
8096
8084
8082
8087
8078
8075
8074
8073
8071
8070
8069
8075
8066
8062
8061
8060
8051
8047
8046
8046
8040
8034
8030
8029
8027
8027
8027
8026
8025
8023
8022
8022
8016
8015
8014
8014
8013
8040
8004
8001
7999
7998
8004
7993
7985
7985
7984
7983
7982
7982
7981
7980
7977
7976
7972
7970
7965
7964
7961
7961
7958
7958
7957
7946
7945
7942
7939
7938
7933
7930
7929
7929
7929
7927
7919
7918
7917
7917
7916
7915
7914
7908
7907
7903
7903
7902
7900
7896
7896
7890
7890
7890
7889
7886
7885
7884
7884
7883
7880
7879
7876
7875
7871
7870
7869
7867
7865
7864
7862
7858
7860
7856
7854
7874
7852
7848
7850
7847
7858
7846
7844
7844
7843
7843
7842
7837
7829
7825
7825
7823
7822
7819
7818
7818
7813
7825
7805
7800
7799
7795
7793
7808
7788
7784
7779
7773
7770
7767
7767
7767
7765
7765
7759
7753
7766
7755
7748
7748
7747
7746
7745
7742
7742
7741
7740
7739
7737
7734
7733
7732
7739
7731
7731
7731
7729
7728
7722
7725
7721
7718
7717
7717
7715
7709
7707
7697
7696
7695
7693
7691
7686
7686
7685
7685
7700
7698
7680
7678
7678
7675
7670
7669
7669
7678
7665
7664
7662
7660
7659
7656
7655
7654
7652
7650
7644
7659
7642
7640
7640
7638
7638
7636
7632
7632
7632
7633
7627
7625
7624
7624
7618
7612
7637
7604
7604
7599
7597
7591
7587
7584
7583
7581
7577
7576
7570
7567
7566
7564
7563
7563
7557
7555
7554
7554
7553
7551
7551
7548
7546
7546
7544
7542
7562
7535
7532
7552
7530
7529
7528
7527
7525
7525
7524
7522
7521
7518
7518
7516
7514
7514
7514
7510
7508
7500
7495
7495
7494
7494
7494
7489
7488
7485
7485
7484
7483
7483
7478
7478
7477
7477
7477
7476
7475
7474
7473
7469
7469
7467
7464
7464
7463
7459
7457
7457
7454
7453
7453
7450
7484
7450
7444
7436
7432
7431
7427
7424
7423
7419
7422
7418
7416
7413
7410
7409
7407
7407
7407
7405
7404
7398
7398
7395
7394
7394
7391
7390
7392
7383
7380
7379
7379
7376
7374
7372
7371
7369
7366
7365
7365
7361
7360
7360
7359
7354
7352
7349
7348
7348
7347
7344
7342
7338
7337
7336
7335
7329
7328
7327
7324
7323
7323
7323
7319
7319
7318
7317
7316
7316
7313
7313
7307
7307
7307
7304
7303
7295
7292
7291
7279
7277
7276
7275
7273
7271
7270
7265
7265
7260
7260
7259
7286
7256
7255
7254
7254
7248
7247
7245
7245
7243
7237
7235
7235
7231
7227
7225
7225
7227
7221
7218
7211
7212
7208
7208
7207
7207
7204
7203
7199
7211
7195
7193
7192
7192
7186
7181
7181
7179
7179
7178
7178
7187
7172
7172
7171
7170
7169
7164
7163
7161
7160
7160
7162
7154
7153
7151
7151
7148
7145
7144
7143
7142
7141
7140
7140
7139
7138
7137
7137
7136
7135
7134
7133
7126
7124
7124
7121
7120
7120
7114
7111
7108
7108
7107
7105
7105
7104
7104
7103
7101
7095
7094
7094
7094
7091
7090
7090
7088
7085
7084
7080
7080
7080
7080
7078
7078
7076
7076
7074
7069
7065
7064
7060
7060
7059
7057
7051
7045
7035
7033
7033
7031
7030
7039
7017
7015
7014
7013
7011
7010
7009
7033
7006
7006
7005
7003
7001
7000
7000
7000
6995
6993
6992
6991
6988
6988
6986
6985
6983
6976
6975
6986
6970
6967
6966
6966
6963
6960
6960
6973
6953
6952
6947
6946
6942
6941
6939
6950
6936
6936
6935
6933
6933
6933
6929
6928
6925
6924
6923
6923
6921
6917
6915
6915
6915
6915
6913
6912
6909
6908
6907
6902
6902
6901
6901
6900
6900
6899
6898
6896
6896
6894
6891
6890
6886
6884
6883
6882
6880
6879
6869
6867
6872
6862
6861
6859
6855
6855
6854
6854
6852
6851
6851
6846
6843
6842
6867
6841
6840
6836
6832
6829
6828
6825
6823
6820
6814
6808
6807
6806
6800
6799
6811
6799
6799
6792
6791
6786
6785
6785
6785
6783
6783
6782
6779
6776
6775
6773
6770
6768
6768
6765
6762
6761
6758
6762
6754
6748
6745
6759
6740
6739
6738
6735
6735
6735
6732
6730
6742
6728
6727
6727
6727
6726
6725
6725
6723
6723
6723
6722
6719
6719
6718
6716
6715
6715
6712
6706
6704
6702
6699
6699
6699
6698
6697
6692
6691
6685
6685
6684
6684
6682
6681
6679
6678
6678
6678
6675
6674
6671
6670
6669
6669
6668
6667
6661
6659
6659
6659
6656
6645
6655
6650
6650
6650
6648
6648
6644
6643
6639
6638
6637
6635
6634
6634
6633
6633
6631
6630
6630
6629
6629
6626
6624
6633
6618
6616
6615
6614
6611
6610
6609
6609
6609
6607
6607
6606
6606
6606
6603
6602
6601
6599
6598
6596
6595
6594
6590
6589
6583
6581
6581
6580
6579
6577
6575
6574
6574
6573
6572
6572
6572
6571
6571
6575
6570
6570
6567
6563
6558
6556
6555
6555
6554
6552
6551
6548
6546
6545
6542
6540
6540
6539
6537
6537
6534
6535
6531
6531
6531
6528
6526
6526
6526
6525
6523
6521
6521
6520
6520
6517
6516
6515
6514
6514
6511
6511
6510
6505
6504
6502
6502
6499
6499
6499
6495
6494
6495
6507
6493
6491
6491
6490
6490
6490
6485
6485
6483
6482
6489
6478
6477
6474
6471
6459
6456
6456
6455
6454
6451
6448
6447
6447
6445
6443
6441
6440
6439
6436
6436
6435
6433
6433
6431
6430
6425
6424
6423
6419
6418
6416
6413
6411
6410
6408
6407
6407
6402
6402
6400
6397
6418
6391
6389
6389
6388
6387
6383
6383
6382
6381
6379
6377
6376
6376
6375
6374
6368
6364
6363
6362
6361
6359
6378
6357
6356
6353
6353
6353
6352
6365
6350
6349
6349
6349
6348
6348
6347
6346
6340
6334
6333
6333
6332
6332
6332
6331
6330
6329
6327
6326
6325
6322
6320
6319
6316
6313
6312
6312
6311
6310
6310
6307
6306
6306
6305
6302
6302
6301
6301
6301
6300
6300
6316
6299
6297
6297
6296
6295
6294
6291
6290
6288
6287
6284
6283
6282
6281
6280
6278
6297
6274
6272
6273
6269
6268
6267
6280
6266
6264
6264
6263
6263
6262
6261
6260
6258
6257
6257
6257
6256
6253
6252
6252
6252
6251
6250
6249
6248
6247
6246
6245
6243
6243
6241
6240
6237
6236
6235
6234
6232
6230
6230
6228
6228
6228
6224
6224
6221
6221
6220
6218
6207
6206
6206
6204
6203
6203
6201
6200
6200
6198
6197
6197
6193
6192
6190
6187
6186
6181
6178
6174
6173
6173
6172
6172
6170
6167
6167
6166
6165
6164
6162
6157
6156
6156
6155
6154
6156
6148
6146
6144
6136
6134
6134
6153
6130
6130
6130
6129
6128
6127
6126
6126
6124
6139
6120
6119
6118
6115
6114
6113
6111
6108
6107
6105
6104
6104
6103
6103
6102
6102
6101
6101
6101
6097
6097
6096
6092
6091
6091
6116
6088
6088
6087
6086
6085
6084
6083
6083
6082
6082
6076
6075
6074
6071
6071
6071
6070
6070
6070
6067
6065
6064
6078
6061
6058
6057
6055
6055
6080
6052
6049
6049
6047
6046
6045
6044
6044
6041
6040
6033
6033
6052
6030
6030
6029
6029
6029
6028
6027
6027
6026
6024
6022
6018
6017
6016
6016
6016
6013
6012
6011
6011
6009
6008
6006
6004
6004
6003
6003
6003
6000
5999
5998
5997
5996
5995
5994
5992
5989
5988
5986
5985
5983
5983
5980
5979
5973
5970
5969
5969
5967
5962
5961
5960
5959
5959
5959
5950
5950
5949
5947
5946
5946
5944
5943
5941
5940
5940
5938
5937
5937
5936
5936
5931
5930
5929
5928
5927
5925
5923
5923
5923
5920
5920
5918
5918
5918
5918
5917
5917
5913
5910
5909
5909
5907
5904
5904
5903
5898
5897
5897
5891
5891
5890
5889
5889
5888
5886
5885
5885
5884
5883
5883
5883
5883
5882
5882
5882
5881
5880
5880
5879
5877
5877
5902
5876
5875
5874
5873
5871
5871
5871
5871
5868
5865
5861
5860
5859
5879
5856
5855
5854
5854
5853
5853
5849
5848
5848
5845
5843
5841
5841
5841
5840
5840
5838
5838
5838
5837
5837
5836
5836
5835
5834
5831
5828
5827
5825
5824
5823
5821
5820
5819
5818
5817
5817
5816
5815
5815
5814
5813
5812
5810
5809
5808
5806
5806
5804
5804
5803
5800
5798
5795
5793
5793
5790
5788
5787
5786
5784
5781
5780
5788
5779
5778
5777
5774
5773
5770
5764
5763
5763
5763
5761
5761
5756
5755
5755
5755
5754
5751
5751
5750
5750
5748
5763
5747
5747
5747
5746
5746
5744
5742
5741
5740
5740
5739
5738
5767
5737
5737
5737
5735
5735
5733
5733
5731
5725
5740
5720
5720
5719
5717
5715
5711
5710
5708
5708
5708
5708
5706
5706
5704
5704
5702
5697
5697
5694
5694
5691
5690
5690
5685
5680
5698
5680
5679
5679
5678
5678
5676
5675
5673
5672
5670
5668
5667
5667
5675
5667
5667
5665
5663
5660
5660
5659
5658
5658
5656
5653
5670
5652
5652
5649
5647
5647
5646
5646
5645
5643
5643
5643
5641
5641
5639
5634
5633
5632
5638
5630
5628
5628
5627
5627
5633
5626
5625
5624
5624
5623
5622
5618
5617
5615
5614
5614
5613
5613
5610
5606
5605
5605
5601
5601
5600
5598
5598
5597
5596
5596
5595
5595
5594
5592
5591
5590
5589
5589
5588
5587
5586
5585
5584
5583
5582
5580
5579
5579
5578
5578
5577
5577
5576
5572
5571
5568
5567
5566
5587
5563
5563
5560
5560
5560
5560
5560
5559
5559
5579
5557
5578
5555
5553
5552
5551
5550
5549
5546
5543
5543
5542
5541
5540
5539
5537
5536
5534
5533
5530
5530
5528
5526
5526
5526
5526
5525
5525
5524
5524
5522
5522
5522
5543
5519
5519
5518
5515
5513
5511
5511
5510
5508
5507
5506
5503
5502
5499
5496
5494
5494
5492
5511
5488
5488
5487
5485
5485
5480
5480
5480
5476
5475
5475
5475
5474
5471
5471
5465
5465
5464
5463
5471
5462
5461
5461
5461
5460
5459
5456
5454
5453
5452
5452
5451
5449
5447
5445
5444
5453
5441
5441
5436
5435
5435
5434
5443
5430
5428
5428
5427
5427
5424
5423
5422
5421
5420
5420
5420
5419
5419
5419
5418
5415
5414
5412
5411
5411
5411
5411
5410
5410
5423
5409
5407
5406
5406
5404
5403
5401
5400
5400
5399
5398
5398
5397
5397
5395
5395
5394
5393
5401
5391
5391
5387
5386
5386
5385
5384
5382
5406
5379
5375
5374
5374
5373
5373
5371
5370
5369
5369
5369
5369
5367
5366
5366
5366
5364
5364
5363
5362
5361
5373
5359
5357
5357
5357
5356
5355
5353
5353
5353
5352
5350
5348
5348
5348
5348
5346
5355
5344
5342
5342
5341
5340
5340
5339
5338
5338
5349
5336
5333
5333
5333
5333
5330
5325
5322
5320
5319
5319
5318
5318
5317
5315
5315
5313
5313
5312
5312
5310
5309
5308
5308
5307
5305
5305
5304
5304
5303
5303
5303
5302
5301
5301
5301
5299
5298
5295
5294
5292
5292
5292
5291
5290
5285
5284
5282
5281
5280
5277
5276
5275
5275
5289
5266
5265
5264
5283
5263
5262
5262
5262
5261
5260
5259
5263
5259
5258
5256
5255
5254
5254
5252
5251
5250
5250
5249
5256
5245
5244
5242
5241
5237
5237
5237
5237
5237
5236
5233
5231
5230
5253
5228
5227
5227
5226
5224
5224
5223
5223
5221
5220
5220
5219
5218
5221
5218
5217
5216
5215
5213
5212
5215
5232
5210
5210
5210
5209
5208
5208
5207
5207
5197
5205
5204
5203
5201
5199
5199
5197
5197
5196
5196
5195
5194
5193
5192
5190
5190
5189
5189
5187
5187
5186
5186
5184
5184
5184
5183
5180
5179
5178
5176
5174
5173
5172
5171
5171
5170
5170
5170
5170
5168
5204
5166
5166
5166
5165
5164
5163
5163
5162
5161
5161
5160
5159
5158
5158
5157
5156
5156
5155
5169
5154
5152
5159
5147
5171
5144
5143
5141
5141
5140
5140
5140
5140
5139
5139
5138
5138
5138
5139
5134
5127
5130
5129
5128
5128
5127
5127
5126
5126
5122
5119
5117
5116
5115
5114
5113
5113
5112
5112
5111
5109
5108
5106
5106
5105
5104
5102
5102
5101
5101
5100
5099
5099
5098
5095
5095
5095
5093
5093
5091
5091
5085
5084
5084
5084
5082
5081
5081
5081
5081
5080
5079
5078
5090
5075
5075
5073
5073
5073
5072
5072
5071
5071
5069
5068
5068
5066
5066
5088
5063
5062
5067
5059
5059
5059
5058
5057
5057
5057
5075
5055
5054
5054
5053
5053
5050
5049
5049
5048
5047
5047
5045
5042
5039
5039
5039
5039
5039
5038
5037
5037
5036
5036
5035
5055
5035
5034
5034
5033
5031
5031
5030
5029
5029
5029
5028
5026
5025
5057
5024
5024
5023
5023
5023
5023
5021
5020
5019
5018
5018
5018
5016
5016
5038
5015
5013
5012
5011
5009
5008
5008
5007
5006
5004
5004
4999
4996
4996
4995
4993
4991
4991
4991
4990
4990
4989
4987
4986
4986
4985
4983
4982
4982
4989
4982
4981
4980
4980
4979
4978
4978
4976
4974
4974
4974
4973
4972
4971
4971
4970
4970
4969
4969
4968
4967
4965
4965
4977
4964
4962
4962
4969
4958
4958
4954
4956
4955
4969
4954
4953
4953
4953
4950
4950
4950
4948
4947
4946
4946
4943
4943
4943
4942
4968
4941
4961
4939
4937
4936
4935
4935
4934
4933
4933
4931
4930
4929
4927
4925
4925
4923
4965
4923
4923
4921
4920
4917
4919
4916
4916
4915
4910
4910
4908
4907
4906
4906
4905
4904
4901
4901
4900
4900
4900
4899
4897
4897
4897
4896
4895
4894
4894
4894
4893
4892
4892
4890
4889
4888
4888
4887
4885
4885
4885
4905
4884
4884
4884
4881
4879
4875
4875
4875
4874
4872
4871
4884
4869
4869
4868
4867
4866
4866
4865
4863
4863
4861
4861
4859
4858
4858
4877
4854
4854
4854
4853
4853
4851
4850
4850
4850
4849
4849
4849
4848
4848
4848
4845
4844
4843
4842
4842
4840
4839
4838
4838
4836
4833
4833
4832
4832
4831
4829
4829
4828
4828
4826
4826
4826
4822
4822
4821
4821
4820
4820
4819
4817
4815
4815
4830
4812
4811
4810
4808
4808
4807
4806
4806
4804
4804
4803
4803
4801
4799
4799
4797
4797
4796
4796
4795
4794
4794
4794
4794
4793
4788
4785
4785
4784
4783
4783
4783
4783
4782
4781
4781
4776
4774
4773
4792
4773
4773
4772
4772
4771
4770
4770
4770
4791
4768
4767
4766
4766
4765
4765
4764
4763
4761
4760
4760
4759
4759
4757
4755
4753
4753
4751
4749
4749
4748
4748
4747
4747
4746
4761
4745
4745
4744
4744
4742
4740
4740
4740
4739
4739
4739
4737
4736
4736
4735
4732
4731
4731
4727
4727
4725
4725
4725
4725
4724
4721
4717
4716
4716
4716
4716
4717
4716
4714
4714
4714
4713
4712
4712
4711
4709
4709
4708
4706
4706
4705
4705
4705
4704
4704
4704
4703
4702
4701
4701
4701
4701
4699
4699
4698
4698
4698
4697
4697
4696
4696
4696
4696
4695
4695
4691
4691
4690
4690
4689
4686
4686
4686
4686
4686
4684
4683
4682
4682
4682
4681
4681
4678
4678
4676
4675
4675
4673
4673
4673
4672
4672
4672
4671
4671
4670
4669
4667
4667
4667
4690
4665
4665
4665
4665
4663
4659
4659
4656
4654
4653
4653
4652
4649
4648
4648
4648
4646
4644
4643
4642
4640
4637
4637
4636
4635
4635
4635
4631
4632
4634
4630
4628
4627
4627
4626
4624
4624
4621
4621
4621
4619
4619
4619
4618
4617
4616
4616
4615
4615
4615
4613
4611
4610
4608
4608
4607
4605
4604
4604
4603
4602
4600
4598
4597
4596
4596
4596
4599
4595
4594
4592
4609
4591
4591
4590
4590
4588
4587
4586
4586
4583
4582
4582
4582
4576
4575
4574
4574
4592
4573
4572
4572
4571
4608
4570
4570
4569
4568
4568
4566
4584
4566
4565
4564
4585
4563
4563
4562
4562
4561
4561
4560
4560
4559
4559
4557
4555
4554
4554
4554
4553
4552
4552
4559
4557
4549
4549
4548
4547
4546
4546
4545
4545
4545
4545
4544
4544
4547
4542
4541
4541
4541
4541
4540
4539
4539
4539
4538
4538
4557
4536
4536
4533
4533
4533
4532
4531
4530
4527
4526
4525
4524
4524
4524
4524
4523
4522
4522
4521
4519
4519
4519
4518
4518
4517
4517
4515
4514
4513
4513
4512
4510
4510
4509
4507
4506
4505
4503
4503
4502
4501
4501
4501
4499
4499
4498
4498
4497
4497
4496
4496
4507
4495
4495
4494
4493
4492
4491
4490
4490
4490
4489
4498
4486
4486
4486
4486
4485
4485
4485
4485
4484
4484
4482
4481
4479
4479
4478
4476
4476
4475
4474
4474
4473
4473
4471
4470
4470
4470
4469
4467
4467
4464
4464
4464
4463
4463
4462
4461
4459
4459
4456
4455
4454
4454
4453
4452
4450
4450
4449
4448
4447
4446
4445
4452
4455
4443
4441
4441
4465
4440
4439
4439
4437
4437
4437
4436
4434
4434
4434
4433
4433
4432
4432
4430
4429
4429
4428
4428
4427
4426
4425
4424
4424
4424
4424
4424
4424
4423
4421
4420
4420
4419
4418
4418
4416
4415
4413
4413
4413
4413
4413
4412
4412
4411
4410
4410
4410
4409
4408
4407
4407
4407
4420
4404
4403
4402
4401
4401
4400
4398
4397
4396
4395
4395
4395
4394
4391
4390
4388
4388
4386
4385
4385
4384
4384
4383
4383
4382
4382
4382
4382
4381
4379
4378
4376
4375
4374
4374
4373
4372
4372
4371
4370
4370
4370
4368
4368
4366
4366
4365
4363
4361
4361
4360
4359
4358
4358
4358
4357
4357
4356
4354
4354
4352
4351
4351
4347
4347
4347
4346
4345
4345
4345
4344
4341
4341
4341
4341
4341
4340
4340
4339
4339
4351
4339
4338
4337
4337
4337
4337
4336
4336
4335
4334
4332
4332
4332
4331
4331
4331
4330
4329
4329
4329
4328
4328
4326
4326
4326
4325
4323
4323
4322
4322
4331
4321
4321
4321
4320
4319
4319
4317
4317
4316
4316
4315
4314
4314
4314
4313
4313
4312
4312
4312
4311
4310
4310
4310
4310
4310
4309
4309
4308
4326
4308
4307
4307
4304
4304
4304
4304
4307
4302
4302
4302
4301
4301
4302
4300
4299
4299
4297
4297
4297
4296
4295
4294
4293
4297
4290
4290
4307
4289
4289
4309
4288
4287
4287
4285
4284
4283
4283
4283
4282
4282
4280
4279
4279
4278
4278
4277
4277
4277
4276
4276
4275
4274
4274
4274
4278
4272
4270
4270
4268
4268
4268
4283
4267
4267
4267
4266
4266
4265
4265
4265
4264
4275
4263
4263
4261
4261
4274
4260
4271
4259
4259
4255
4254
4253
4252
4251
4251
4251
4250
4250
4248
4248
4248
4248
4246
4243
4241
4238
4253
4237
4236
4235
4235
4234
4233
4232
4230
4229
4229
4228
4225
4224
4223
4223
4221
4221
4221
4221
4220
4220
4219
4218
4216
4215
4215
4211
4211
4210
4210
4209
4209
4209
4208
4207
4207
4206
4206
4205
4205
4203
4203
4203
4203
4202
4201
4199
4199
4199
4198
4179
4198
4197
4196
4194
4194
4193
4193
4191
4191
4219
4190
4190
4215
4189
4189
4188
4187
4186
4186
4185
4203
4184
4184
4183
4183
4183
4183
4179
4179
4176
4175
4175
4174
4174
4174
4172
4171
4170
4169
4169
4169
4165
4163
4162
4161
4159
4157
4156
4156
4155
4153
4153
4152
4152
4151
4150
4150
4149
4148
4147
4147
4146
4146
4146
4144
4144
4143
4143
4141
4140
4140
4140
4140
4139
4139
4138
4136
4135
4134
4134
4132
4132
4131
4131
4130
4130
4129
4129
4145
4127
4127
4126
4125
4124
4124
4122
4121
4121
4120
4120
4118
4117
4117
4139
4116
4116
4115
4115
4114
4114
4114
4113
4112
4112
4112
4133
4111
4111
4111
4109
4109
4107
4107
4107
4106
4106
4105
4104
4104
4103
4103
4103
4101
4100
4100
4099
4099
4098
4098
4097
4096
4095
4094
4092
4103
4091
4091
4091
4111
4089
4089
4089
4087
4085
4083
4082
4081
4078
4078
4078
4078
4075
4074
4073
4073
4072
4073
4072
4071
4067
4066
4064
4064
4063
4062
4061
4060
4074
4059
4059
4058
4057
4057
4056
4054
4053
4053
4053
4053
4052
4052
4051
4050
4049
4049
4048
4045
4044
4044
4044
4043
4042
4041
4041
4041
4041
4039
4039
4039
4038
4038
4038
4037
4037
4037
4037
4036
4035
4034
4046
4032
4032
4033
4032
4031
4030
4029
4028
4028
4028
4027
4026
4026
4026
4025
4025
4024
4023
4022
4022
4021
4020
4018
4018
4017
4017
4017
4015
4014
4014
4012
4015
4012
4011
4010
4009
4009
4008
4007
4007
4006
4006
4008
4005
4004
4004
4004
4000
3999
3998
3998
3998
3998
3998
3996
3995
3995
3994
3993
3993
3992
3992
3991
3991
3990
3988
3987
3987
3987
3987
3986
3985
3985
3984
3984
3983
3983
3982
3980
3980
3979
3979
3979
3978
3978
3978
3952
3977
3995
3977
3976
3974
3973
3972
3972
3972
3862
3972
3972
3970
3970
3969
3967
3967
3967
3967
3966
3966
3966
3966
3964
3964
3964
3963
3963
3963
3962
3961
3961
3961
3960
3960
3960
3978
3959
3959
3972
3959
3958
3958
3958
3957
3956
3955
3954
3954
3952
3951
3950
3950
3949
3949
3947
3945
3944
3944
3948
3943
3942
3942
3953
3939
3939
3939
3938
3938
3937
3937
3937
3937
3936
3936
3936
3936
3935
3946
3933
3959
3933
3932
3931
3930
3930
3930
3966
3929
3929
3936
3928
3928
3927
3927
3927
3926
3925
3925
3925
3924
3923
3923
3923
3923
3923
3922
3921
3920
3920
3919
3918
3917
3917
3917
3915
3914
3914
3913
3913
3912
3911
3911
3911
3911
3911
3910
3910
3909
3909
3908
3908
3907
3907
3907
3925
3906
3905
3903
3903
3903
3901
3901
3901
3901
3900
3899
3899
3899
3899
3896
3896
3895
3895
3894
3893
3892
3892
3890
3890
3890
3888
3887
3887
3886
3903
3885
3885
3884
3884
3883
3880
3880
3880
3880
3879
3879
3879
3878
3878
3878
3877
3877
3876
3876
3875
3874
3874
3873
3873
3873
3872
3872
3871
3870
3870
3870
3869
3868
3867
3867
3866
3866
3866
3879
3863
3863
3862
3861
3861
3861
3859
3859
3859
3857
3857
3856
3856
3855
3854
3854
3853
3853
3852
3852
3852
3850
3850
3849
3849
3849
3848
3848
3847
3846
3845
3845
3844
3844
3843
3843
3843
3841
3840
3840
3855
3839
3839
3839
3837
3836
3836
3835
3833
3833
3833
3832
3831
3831
3830
3830
3830
3829
3828
3828
3828
3828
3828
3827
3826
3825
3823
3823
3822
3822
3821
3821
3821
3821
3819
3819
3819
3818
3818
3818
3817
3817
3817
3817
3816
3816
3816
3815
3815
3814
3812
3810
3810
3809
3809
3808
3808
3807
3807
3807
3807
3806
3806
3805
3803
3802
3802
3801
3801
3801
3800
3800
3800
3800
3798
3798
3797
3797
3796
3796
3796
3796
3796
3794
3799
3793
3792
3791
3791
3791
3790
3790
3789
3788
3787
3787
3786
3786
3786
3786
3784
3784
3784
3784
3783
3783
3782
3782
3781
3781
3781
3780
3780
3778
3777
3776
3776
3774
3774
3773
3773
3772
3772
3769
3769
3769
3768
3768
3766
3765
3765
3764
3789
3762
3762
3761
3760
3760
3759
3758
3758
3758
3757
3757
3755
3754
3753
3753
3753
3752
3752
3752
3752
3751
3751
3749
3749
3747
3746
3745
3745
3744
3744
3742
3733
3741
3740
3739
3737
3737
3735
3735
3735
3743
3734
3734
3755
3733
3733
3732
3731
3729
3729
3728
3728
3728
3727
3727
3726
3726
3726
3725
3725
3724
3723
3723
3721
3719
3719
3718
3718
3717
3717
3716
3716
3716
3715
3715
3715
3714
3717
3713
3713
3713
3712
3712
3710
3710
3710
3710
3709
3709
3709
3708
3712
3707
3706
3704
3703
3703
3702
3702
3702
3701
3700
3700
3699
3699
3697
3697
3696
3696
3695
3695
3694
3689
3689
3689
3688
3688
3687
3687
3686
3685
3685
3685
3684
3684
3684
3684
3683
3683
3682
3682
3681
3681
3681
3681
3680
3680
3686
3679
3679
3677
3676
3676
3675
3675
3674
3673
3673
3672
3671
3671
3670
3670
3668
3667
3667
3667
3666
3664
3664
3663
3663
3662
3662
3661
3661
3661
3660
3659
3658
3658
3658
3657
3658
3655
3655
3655
3654
3654
3654
3653
3653
3652
3652
3651
3651
3651
3650
3650
3650
3649
3648
3648
3647
3646
3645
3645
3643
3641
3641
3641
3641
3641
3640
3638
3637
3636
3635
3635
3635
3635
3635
3635
3635
3631
3629
3628
3627
3649
3626
3625
3625
3624
3623
3623
3623
3623
3622
3638
3621
3621
3621
3621
3620
3620
3619
3619
3619
3618
3618
3617
3617
3616
3615
3614
3614
3613
3613
3611
3611
3610
3610
3610
3610
3609
3609
3608
3607
3607
3607
3607
3606
3606
3606
3606
3605
3605
3604
3602
3602
3601
3601
3601
3599
3599
3598
3595
3595
3594
3593
3593
3592
3591
3591
3590
3590
3589
3589
3589
3589
3588
3588
3588
3587
3586
3586
3584
3584
3583
3583
3583
3582
3582
3582
3581
3581
3580
3579
3579
3578
3578
3578
3576
3576
3575
3574
3599
3574
3573
3572
3572
3572
3571
3571
3571
3571
3570
3570
3568
3567
3567
3566
3566
3565
3565
3564
3564
3563
3562
3561
3560
3559
3558
3559
3556
3556
3555
3558
3555
3554
3554
3553
3553
3553
3553
3553
3553
3553
3553
3552
3552
3551
3550
3550
3550
3548
3548
3548
3547
3547
3547
3547
3545
3545
3544
3543
3543
3542
3542
3542
3541
3541
3541
3541
3541
3540
3566
3540
3540
3539
3539
3538
3538
3537
3536
3536
3534
3534
3533
3532
3531
3531
3531
3530
3529
3529
3529
3547
3528
3528
3527
3527
3527
3526
3526
3525
3524
3524
3524
3523
3523
3522
3542
3522
3522
3521
3521
3520
3520
3519
3519
3519
3517
3517
3513
3513
3513
3513
3512
3512
3512
3514
3510
3510
3509
3509
3508
3508
3504
3504
3504
3503
3502
3502
3502
3501
3509
3500
3500
3500
3500
3499
3499
3499
3499
3498
3497
3497
3496
3496
3510
3495
3495
3494
3494
3493
3493
3492
3491
3489
3489
3489
3489
3488
3488
3488
3488
3487
3486
3486
3486
3482
3481
3481
3481
3479
3479
3479
3478
3476
3476
3474
3474
3473
3473
3473
3473
3472
3472
3472
3471
3471
3470
3470
3470
3485
3469
3469
3468
3468
3468
3467
3467
3467
3466
3466
3464
3464
3464
3464
3464
3463
3463
3462
3461
3461
3460
3459
3459
3459
3459
3459
3459
3458
3458
3458
3456
3456
3455
3454
3453
3453
3452
3452
3452
3451
3451
3450
3450
3450
3449
3449
3448
3448
3447
3447
3446
3446
3446
3446
3445
3445
3445
3459
3444
3460
3443
3443
3443
3442
3442
3441
3444
3440
3440
3439
3439
3438
3438
3438
3438
3437
3437
3437
3437
3437
3436
3436
3436
3436
3435
3434
3433
3432
3432
3431
3431
3446
3430
3429
3429
3428
3428
3427
3427
3427
3427
3427
3446
3426
3424
3424
3424
3424
3423
3423
3423
3423
3422
3422
3421
3419
3419
3419
3418
3417
3416
3415
3415
3415
3413
3412
3418
3412
3412
3412
3412
3411
3411
3413
3410
3410
3410
3409
3409
3409
3409
3409
3408
3408
3406
3406
3406
3404
3404
3402
3401
3413
3400
3399
3399
3399
3398
3398
3397
3396
3396
3396
3395
3393
3392
3392
3392
3392
3391
3402
3389
3389
3389
3389
3389
3388
3387
3387
3386
3386
3385
3384
3384
3384
3383
3383
3381
3381
3381
3380
3379
3376
3376
3376
3393
3375
3372
3372
3372
3371
3371
3369
3368
3367
3367
3367
3366
3366
3365
3365
3365
3369
3364
3364
3363
3363
3363
3363
3362
3360
3360
3360
3359
3359
3359
3358
3358
3358
3358
3356
3356
3356
3359
3355
3354
3354
3352
3352
3352
3351
3350
3350
3350
3350
3358
3356
3349
3348
3348
3347
3346
3346
3346
3346
3345
3345
3345
3345
3344
3344
3343
3343
3342
3342
3340
3340
3340
3340
3338
3338
3338
3338
3338
3337
3337
3337
3337
3337
3336
3336
3335
3334
3332
3334
3332
3332
3332
3331
3331
3331
3330
3330
3330
3330
3330
3329
3327
3327
3326
3326
3325
3324
3324
3323
3323
3325
3322
3321
3321
3320
3319
3318
3318
3317
3316
3316
3326
3315
3315
3315
3315
3315
3315
3315
3314
3314
3314
3313
3313
3313
3312
3312
3312
3312
3312
3311
3310
3310
3310
3309
3309
3309
3309
3308
3308
3307
3307
3306
3306
3306
3305
3305
3305
3305
3305
3304
3304
3315
3304
3304
3303
3303
3302
3302
3302
3301
3301
3300
3300
3300
3300
3299
3299
3299
3298
3298
3297
3296
3296
3295
3295
3317
3293
3293
3293
3292
3292
3292
3292
3290
3290
3289
3288
3287
3287
3287
3287
3286
3286
3286
3285
3284
3283
3282
3281
3281
3279
3279
3278
3278
3277
3294
3276
3276
3275
3274
3272
3272
3272
3272
3272
3271
3271
3271
3271
3273
3270
3270
3269
3269
3269
3268
3267
3267
3267
3266
3266
3265
3265
3264
3263
3282
3263
3263
3262
3262
3262
3262
3261
3261
3261
3260
3260
3260
3259
3259
3259
3259
3258
3258
3257
3257
3257
3256
3256
3256
3255
3254
3272
3253
3253
3260
3252
3252
3251
3250
3263
3249
3248
3248
3248
3248
3248
3248
3247
3247
3246
3246
3245
3245
3245
3257
3244
3244
3244
3242
3241
3240
3240
3240
3238
3238
3237
3237
3236
3236
3235
3234
3234
3233
3233
3233
3233
3232
3231
3231
3231
3230
3229
3228
3228
3228
3228
3228
3228
3227
3226
3226
3226
3225
3246
3225
3225
3224
3224
3223
3223
3220
3219
3222
3219
3218
3217
3217
3217
3217
3216
3216
3216
3216
3215
3215
3215
3215
3215
3214
3214
3213
3226
3213
3212
3211
3209
3226
3208
3207
3207
3207
3206
3206
3205
3205
3205
3204
3204
3204
3203
3202
3201
3200
3200
3208
3198
3198
3198
3197
3196
3196
3195
3195
3201
3194
3194
3193
3193
3193
3193
3192
3192
3192
3191
3191
3191
3191
3191
3190
3197
3190
3189
3189
3188
3187
3187
3186
3186
3202
3185
3183
3183
3182
3182
3181
3181
3181
3181
3181
3181
3180
3180
3180
3180
3180
3189
3179
3178
3176
3176
3174
3173
3173
3173
3173
3171
3168
3168
3168
3168
3167
3166
3166
3166
3166
3165
3166
3165
3165
3165
3164
3164
3164
3164
3164
3164
3163
3163
3163
3163
3163
3164
3162
3162
3161
3161
3161
3161
3161
3161
3160
3159
3175
3159
3159
3159
3159
3158
3158
3158
3157
3157
3157
3156
3156
3156
3156
3156
3155
3155
3154
3153
3153
3184
3152
3152
3151
3151
3151
3151
3150
3150
3150
3149
3149
3148
3148
3147
3147
3147
3147
3147
3146
3146
3146
3145
3145
3145
3145
3145
3145
3144
3144
3144
3144
3144
3143
3143
3143
3142
3142
3142
3142
3142
3141
3141
3141
3141
3141
3140
3140
3140
3140
3140
3140
3139
3139
3139
3138
3138
3138
3138
3137
3137
3136
3135
3135
3135
3134
3133
3133
3132
3132
3132
3131
3131
3131
3130
3130
3130
3130
3130
3130
3129
3128
3146
3128
3127
3127
3127
3126
3125
3124
3123
3123
3122
3161
3120
3120
3120
3120
3119
3119
3119
3119
3117
3117
3117
3117
3116
3116
3116
3115
3113
3113
3113
3112
3111
3110
3110
3110
3110
3110
3110
3109
3108
3108
3107
3107
3127
3107
3106
3105
3105
3104
3104
3104
3104
3104
3103
3103
3102
3102
3102
3101
3101
3101
3101
3101
3101
3100
3099
3099
3099
3099
3099
3099
3099
3099
3098
3097
3096
3105
3095
3095
3095
3095
3095
3103
3094
3094
3109
3093
3093
3093
3093
3092
3092
3092
3092
3092
3092
3091
3091
3091
3090
3090
3090
3090
3089
3087
3086
3086
3086
3090
3086
3085
3085
3085
3085
3084
3084
3084
3083
3082
3082
3082
3081
3080
3080
3080
3079
3078
3077
3077
3076
3076
3076
3076
3076
3076
3075
3073
3073
3072
3071
3071
3071
3070
3070
3070
3069
3069
3069
3069
3068
3068
3068
3068
3068
3068
3067
3066
3066
3066
3065
3077
3064
3063
3062
3062
3061
3061
3058
3058
3058
3058
3058
3057
3055
3055
3055
3054
3053
3053
3052
3051
3051
3051
3050
3050
3050
3050
3049
3047
3047
3046
3046
3045
3045
3045
3044
3044
3044
3044
3044
3043
3043
3042
3042
3041
3040
3040
3040
3040
3039
3039
3039
3037
3037
3037
3037
3036
3035
3035
3035
3035
3035
3034
3034
3034
3034
3033
3033
3033
3033
3032
3031
3039
3029
3029
3028
3027
3027
3027
3027
3026
3026
3025
3029
3024
3024
3023
3023
3023
3023
3022
3022
3022
3022
3022
3022
3022
3021
3021
3020
3019
3019
3018
3018
3018
3017
3015
3015
3014
3013
3013
3013
3012
3011
3011
3011
3010
3010
3010
3009
3009
3009
3009
3009
3009
3008
3008
3007
3006
3006
3006
3006
3005
3003
3003
3003
3003
3002
3002
3002
3001
3010
3001
3001
3000
3000
3000
3000
