649174
619613
559642
541572
410393
397135
377654
373292
346612
344860
327150
315210
301225
288889
288771
288044
286201
279043
264424
264085
263291
254922
244823
242737
229343
223777
220386
217942
214373
213546
212746
207069
202788
202413
195239
193746
192399
187298
182976
182146
176958
175862
173543
173272
171400
171203
170935
170927
170546
169635
169586
169301
168104
167933
167685
164036
160622
158685
156189
155467
155418
154838
153963
153377
149323
144751
144497
144389
143267
140842
140818
138844
138404
137582
137228
136632
136265
135624
135153
135023
133594
132131
131903
131778
131222
130326
126350
126107
125314
124821
122824
122217
121742
121429
120725
119018
116630
115709
114085
113822
113279
111138
110038
108523
107320
106250
106045
105096
103904
103473
102988
102876
101953
101229
101099
100882
100045
99888
98064
97923
97651
96244
95762
95748
94133
93970
93705
93394
93359
92953
92798
92102
91966
91456
91125
90889
90488
90482
90480
89977
89911
89726
89662
89650
89602
89592
89399
88622
88523
87979
87936
87376
86729
86683
86648
86540
86396
86200
85595
85485
85084
85017
84621
84593
84408
84017
83944
83884
83396
83188
82848
82237
81581
81555
81385
81380
81199
80879
80750
79959
79854
79078
78644
78592
78391
78182
78125
78091
77509
77424
77223
76251
76129
75872
75470
74783
74758
73652
73599
73572
73539
73259
72872
72780
72474
72304
72186
72121
71817
71676
71137
70679
70657
70585
70527
70147
70139
70097
69832
69644
69585
69296
68974
68936
68873
68669
68147
67778
67719
67404
67373
67324
67308
66657
66574
66516
66369
65915
65270
65147
64960
64856
64717
63191
63173
62986
62678
62646
62577
62456
62191
62111
61988
61847
61810
61429
61369
61303
61233
61047
60910
60895
60683
60581
60519
60461
60404
60268
60102
59969
59518
59439
59437
59280
58989
58210
58131
58022
57952
57918
57518
57431
57431
57338
57187
57157
57012
56943
56814
56752
56701
56501
56498
56442
56438
56277
56211
55974
55911
55694
55367
55253
55195
55179
55025
54744
54740
54737
54603
54529
54452
54381
54334
54161
54132
54023
53564
53497
53451
53416
53227
53200
53089
53088
52972
52957
52641
52523
52458
52383
52242
52016
51821
51726
51587
51551
51382
51361
51344
51204
51142
51080
50910
50866
50588
50495
50481
50475
50342
50246
50178
50141
50113
50029
49956
49815
49802
49773
49684
49589
49486
49474
49427
49307
49242
49194
48934
48867
48835
48777
48741
48660
48659
48559
48495
48462
48416
48271
48265
48249
48170
47792
47748
47426
47326
47220
47108
47063
46927
46813
46675
46498
46471
46310
46174
46147
46064
45933
45885
45830
45725
45698
45610
45632
45589
45473
45374
45278
45246
45046
45000
44998
44944
44886
44886
44886
44823
44808
44804
44690
44682
44595
44548
44399
44301
44287
44206
44194
44022
43997
43992
43719
43492
43324
43312
43143
43119
43033
42888
42727
42606
42589
42573
42576
42497
42426
42399
42396
42285
42263
42078
42018
41979
41877
41853
41778
41782
41587
41563
41553
41478
41434
41409
41335
41301
41243
40919
40914
40881
40872
40558
40553
40553
40497
40475
40473
40447
40382
40375
40304
40301
40263
40249
40173
40003
39982
39971
39954
39946
39884
39844
39763
39693
39671
39593
39587
39535
39371
39352
39313
39264
39201
39156
39127
38998
38919
38813
38600
38492
38478
38417
38415
38387
38293
38250
38247
38246
38177
38147
38132
38110
38015
37890
37867
37845
37785
37593
37572
37532
37470
37435
37315
37193
37164
37069
37052
37017
36982
36950
36723
36646
36630
36609
36397
36375
36279
36261
36266
36241
36198
36159
36155
36091
36089
36062
36027
36002
35975
35962
35913
35881
35738
35725
35648
35645
35593
35507
35481
35468
35416
35392
35391
35387
35316
35238
35237
35237
35215
35187
35154
35142
35137
35036
34950
34912
34816
34743
34732
34714
34680
34545
34464
34414
34354
34352
34345
34308
34297
34286
34292
34281
34197
34168
34138
34129
34110
34089
34087
34042
34029
34028
34017
33975
33981
33924
33911
33818
33771
33734
33698
33687
33669
33667
33655
33645
33639
33634
33575
33480
33411
33382
33377
33359
33348
33332
33310
33234
33186
33100
33084
33033
33027
33007
32989
32913
32872
32870
32848
32819
32772
32566
32490
32442
32438
32428
32410
32361
32366
32331
32317
32292
32233
32221
32194
32167
32164
32099
32036
32031
32028
31961
31925
31903
31868
31865
31796
31787
31781
31767
31762
31709
31677
31630
31612
31607
31577
31496
31474
31312
31310
31290
31214
31183
31172
31162
31156
31153
31142
31060
31046
31039
30989
30987
30983
30958
30795
30649
30632
30566
30514
30502
30490
30462
30439
30406
30377
30294
30235
30075
30032
30031
30023
30017
30008
29972
29954
29926
29917
29909
29871
29790
29715
29613
29578
29567
29547
29538
29504
29430
29425
29418
29405
29362
29326
29299
29290
29263
29260
29254
29220
29210
29127
29126
29062
29050
29034
28995
28951
28938
28894
28885
28874
28849
28845
28792
28777
28674
28662
28631
28578
28559
28543
28541
28534
28521
28520
28520
28467
28373
28350
28337
28330
28320
28299
28280
28251
28217
28201
28183
28174
28166
28146
28104
28101
28095
28092
28027
28013
28005
27994
27925
27917
27907
27871
27852
27836
27836
27817
27795
27754
27741
27738
27705
27704
27693
27649
27577
27567
27573
27556
27546
27528
27502
27494
27446
27427
27410
27400
27377
27351
27282
27275
27220
27219
27195
27179
27180
27127
27096
27116
27084
27077
27011
26958
26941
26895
26836
26789
26762
26735
26718
26692
26703
26682
26681
26651
26588
26579
26577
26555
26449
26442
26418
26416
26397
26376
26367
26367
26321
26309
26293
26268
26119
26093
26037
26010
26002
26001
25999
25965
25968
25937
25888
25876
25868
25867
25859
25751
25742
25737
25678
25633
25617
25546
25482
25430
25405
25335
25300
25299
25290
25286
25263
25248
25230
25200
25190
25189
25176
25152
25134
25090
25086
25068
25065
25056
25012
25001
24861
24823
24813
24807
24778
24753
24709
24699
24699
24698
24664
24653
24618
24600
24584
24575
24556
24544
24509
24454
24453
24430
24412
24397
24321
24304
24286
24220
24187
24182
24175
24174
24150
24110
24082
24055
24044
24042
24012
23933
23896
23886
23874
23838
23837
23824
23824
23786
23819
23755
23750
23748
23746
23742
23740
23720
23695
23672
23665
23627
23610
23509
23494
23476
23467
23457
23436
23434
23385
23348
23335
23277
23232
23184
23175
23153
23145
23109
23102
23080
23072
23064
23015
22995
22984
22976
22964
22937
22918
22896
22886
22873
22852
22815
22780
22769
22763
22738
22728
22720
22688
22672
22672
22672
22659
22643
22618
22617
22611
22594
22593
22590
22570
22551
22555
22500
22472
22443
22340
22337
22319
22311
22291
22273
22253
22240
22236
22226
22226
22226
22190
22149
22145
22141
22135
22130
22126
22126
22102
22090
22087
22082
22068
22059
22036
22023
22019
22008
22006
22005
21982
21977
21951
21936
21923
21904
21896
21896
21875
21845
21844
21813
21798
21796
21786
21735
21723
21721
21720
21703
21688
21662
21654
21628
21606
21592
21585
21577
21567
21554
21554
21528
21514
21496
21495
21480
21466
21463
21427
21412
21396
21409
21338
21338
21320
21302
21302
21296
21282
21270
21251
21239
21239
21237
21235
21221
21180
21177
21156
21174
21129
21125
21095
21072
21072
21056
21051
21048
21032
21009
20993
20993
20992
20989
20963
20961
20954
20953
20897
20885
20899
20875
20869
20861
20857
20854
20845
20841
20836
20822
20799
20785
20783
20771
20717
20705
20683
20677
20647
20647
20640
20621
20616
20613
20610
20577
20564
20510
20507
20500
20485
20485
20481
20474
20471
20468
20450
20434
20424
20421
20417
20417
20399
20382
20381
20381
20378
20367
20359
20329
20321
20308
20294
20267
20247
20225
20183
20171
20123
20113
20043
20001
19996
19961
19953
19943
19929
19929
19905
19899
19894
19892
19891
19887
19857
19849
19842
19841
19829
19811
19795
19769
19767
19764
19736
19691
19681
19671
19630
19623
19631
19599
19593
19583
19580
19565
19548
19524
19517
19509
19499
19495
19473
19470
19469
19448
19446
19445
19435
19433
19413
19399
19391
19383
19378
19323
19321
19304
19269
19257
19251
19249
19248
19240
19227
19213
19203
19170
19144
19082
19078
19087
19064
19049
19026
19017
19015
18974
18968
18968
18903
18882
18877
18873
18832
18797
18769
18758
18743
18686
18673
18659
18656
18656
18640
18618
18593
18573
18565
18556
18544
18541
18528
18520
18486
18485
18483
18480
18456
18454
18453
18434
18417
18408
18408
18410
18378
18376
18365
18359
18356
18340
18338
18324
18319
18302
18300
18240
18231
18164
18159
18159
18157
18141
18126
18115
18115
18113
18112
18111
18085
18077
18061
18011
17984
17981
17976
17952
17947
17947
17929
17927
17917
17905
17873
17872
17872
17869
17860
17860
17858
17836
17815
17787
17763
17743
17729
17720
17704
17692
17686
17683
17681
17679
17672
17665
17652
17645
17642
17638
17632
17630
17612
17594
17591
17574
17571
17564
17548
17542
17540
17508
17505
17494
17478
17458
17453
17443
17411
17401
17401
17388
17387
17371
17358
17355
17347
17325
17307
17303
17298
17295
17291
17271
17262
17260
17256
17244
17243
17240
17213
17203
17203
17189
17187
17180
17160
17133
17114
17082
17077
17068
17059
17045
17010
16971
16971
16960
16951
16940
16936
16922
16921
16907
16902
16896
16894
16892
16885
16881
16855
16835
16832
16817
16814
16794
16793
16792
16778
16766
16758
16753
16740
16724
16716
16713
16709
16702
16684
16646
16618
16592
16591
16588
16534
16523
16515
16502
16498
16489
16477
16467
16463
16463
16451
16430
16411
16410
16407
16396
16385
16356
16352
16338
16328
16328
16319
16312
16297
16294
16293
16289
16268
16254
16247
16246
16205
16195
16189
16189
16177
16159
16159
16154
16136
16121
16117
16100
16097
16097
16085
16077
16066
16065
16063
16033
16027
16018
16016
16000
15998
16017
15989
15982
15975
15953
15952
15940
15978
15935
15934
15929
15927
15918
15911
15891
15891
15889
15887
15870
15901
15851
15849
15842
15841
15837
15811
15804
15792
15776
15773
15780
15767
15753
15735
15731
15728
15718
15706
15698
15698
15694
15693
15688
15681
15683
15677
15675
15657
15612
15610
15604
15583
15573
15572
15566
15561
15542
15534
15530
15528
15526
15524
15524
15503
15503
15494
15490
15487
15485
15484
15476
15461
15452
15451
15448
15473
15446
15434
15433
15428
15413
15410
15405
15402
15399
15391
15391
15358
15357
15351
15354
15345
15337
15326
15309
15305
15291
15287
15286
15280
15274
15272
15267
15267
15254
15248
15248
15235
15229
15201
15198
15178
15145
15131
15130
15129
15126
15125
15121
15113
15104
15097
15085
15085
15069
15066
15059
15068
15053
15049
15048
15047
15039
15038
15032
15022
15017
15013
15006
15006
15001
14995
14994
14994
14967
14963
14955
14947
14944
14939
14927
14919
14918
14894
14873
14868
14864
14854
14829
14823
14823
14821
14815
14812
14803
14797
14793
14779
14768
14764
14754
14773
14743
14741
14736
14721
14712
14698
14691
14684
14675
14670
14663
14661
14649
14649
14642
14641
14639
14630
14628
14624
14628
14616
14614
14613
14613
14604
14598
14589
14581
14580
14571
14551
14550
14537
14533
14527
14516
14515
14513
14500
14506
14492
14478
14483
14472
14471
14466
14459
14458
14453
14448
14443
14437
14436
14425
14425
14411
14410
14408
14408
14407
14419
14403
14376
14368
14359
14356
14342
14337
14336
14329
14328
14326
14321
14307
14301
14297
14280
14268
14268
14244
14234
14234
14232
14230
14218
14216
14198
14186
14176
14176
14175
14175
14171
14168
14168
14167
14165
14159
14158
14156
14147
14147
14146
14140
14151
14133
14131
14123
14122
14119
14111
14109
14101
14089
14055
14048
14046
14043
14040
14038
14033
14026
14022
14019
14018
13996
13996
13976
13970
13965
13958
13957
13957
13952
13938
13933
13909
13907
13904
13903
13903
13901
13897
13895
13890
13875
13850
13843
13840
13817
13799
13799
13796
13774
13772
13770
13763
13760
13758
13750
13746
13721
13716
13713
13711
13692
13684
13674
13673
13670
13664
13663
13657
13655
13653
13645
13633
13610
13604
13594
13590
13587
13582
13569
13562
13559
13554
13543
13540
13536
13527
13518
13523
13504
13499
13487
13482
13482
13481
13477
13470
13461
13445
13442
13440
13429
13422
13424
13415
13407
13405
13394
13393
13377
13372
13367
13357
13348
13340
13339
13338
13330
13330
13325
13324
13325
13318
13306
13303
13299
13294
13277
13274
13269
13266
13278
13262
13251
13250
13241
13233
13230
13228
13228
13225
13211
13209
13210
13207
13206
13188
13185
13172
13178
13158
13156
13144
13144
13144
13142
13139
13136
13129
13128
13127
13108
13104
13098
13097
13087
13086
13074
13070
13069
13066
13064
13057
13048
13047
13037
13033
13025
13022
13025
13011
12977
12971
12971
12972
12965
12947
12947
12909
12918
12915
12905
12893
12913
12883
12881
12880
12874
12865
12863
12856
12854
12849
12848
12869
12845
12842
12840
12838
12832
12827
12823
12822
12821
12819
12818
12817
12814
12809
12801
12800
12796
12795
12793
12791
12788
12786
12786
12775
12770
12737
12731
12727
12731
12734
12713
12710
12710
12696
12692
12684
12678
12677
12658
12650
12650
12643
12632
12632
12630
12635
12626
12620
12619
12616
12608
12608
12600
12597
12596
12596
12595
12590
12590
12590
12587
12585
12584
12581
12579
12579
12580
12569
12560
12555
12550
12549
12548
12547
12546
12543
12539
12537
12534
12537
12503
12493
12484
12483
12469
12469
12469
12451
12442
12440
12436
12426
12426
12422
12434
12414
12403
12398
12392
12386
12385
12383
12384
12377
12377
12367
12362
12362
12355
12349
12348
12339
12338
12334
12318
12309
12298
12289
12283
12282
12279
12275
12280
12266
12265
12264
12255
12247
12246
12244
12242
12244
12241
12240
12236
12235
12232
12231
12231
12217
12214
12231
12187
12184
12174
12173
12170
12169
12163
12150
12149
12154
12141
12140
12123
12121
12119
12118
12106
12105
12093
12093
12086
12085
12084
12083
12076
12075
12074
12068
12067
12065
12057
12065
12050
12048
12047
12039
12035
12024
12013
12012
11997
11994
11988
11986
11984
11977
11973
11971
11969
11966
11956
11955
11953
11940
11939
11930
11922
11912
11910
11900
11899
11919
11896
11893
11892
11888
11883
11881
11879
11877
11874
11864
11861
11860
11854
11851
11846
11846
11844
11842
11842
11840
11827
11826
11823
11825
11812
11800
11798
11791
11786
11784
11777
11776
11769
11760
11747
11746
11742
11740
11733
11724
11710
11708
11704
11691
11684
11680
11675
11671
11661
11655
11654
11649
11648
11643
11639
11626
11626
11624
11616
11612
11611
11619
11596
11588
11582
11579
11579
11579
11573
11573
11568
11559
11556
11555
11541
11537
11537
11534
11533
11531
11528
11525
11525
11525
11519
11519
11517
11515
11511
11511
11510
11509
11497
11497
11490
11477
11477
11472
11471
11469
11467
11461
11455
11447
11447
11440
11440
11433
11419
11428
11413
11411
11410
11404
11392
11391
11389
11384
11381
11380
11380
11378
11377
11375
11372
11371
11367
11363
11362
11387
11354
11347
11337
11332
11327
11323
11312
11311
11303
11296
11293
11292
11291
11285
11277
11274
11270
11258
11257
11255
11250
11242
11246
11233
11229
11219
11216
11224
11210
11208
11197
11195
11193
11192
11190
11189
11186
11185
11184
11177
11170
11168
11159
11153
11153
11142
11139
11136
11134
11131
11129
11127
11146
11118
11112
11107
11107
11103
11100
11098
11098
11096
11096
11095
11083
11078
11075
11073
11073
11073
11071
11071
11071
11071
11062
11062
11056
11051
11048
11064
11045
11050
11041
11040
11038
11024
11017
11016
11012
11011
11010
11010
11008
11007
11005
11004
11002
11002
11000
10991
10991
10990
10988
10987
10982
10980
10978
10971
10968
10964
10960
10960
10955
10954
10950
10946
10944
10941
10941
10933
10930
10925
10923
10915
10915
10915
10913
10913
10913
10911
10911
10909
10908
10906
10900
10900
10898
10896
10894
10894
10893
10885
10885
10883
10882
10882
10862
10861
10869
10852
10848
10847
10869
10844
10841
10835
10830
10829
10828
10827
10825
10823
10820
10819
10818
10816
10815
10813
10807
10806
10798
10785
10783
10781
10773
10772
10787
10762
10756
10754
10748
10745
10745
10745
10744
10739
10738
10734
10733
10731
10730
10729
10727
10724
10717
10716
10714
10707
10705
10704
10697
10693
10692
10691
10687
10682
10676
10674
10670
10660
10659
10662
10646
10645
10642
10641
10639
10639
10629
10645
10622
10619
10617
10601
10599
10588
10597
10575
10568
10564
10563
10557
10553
10553
10549
10548
10548
10534
10534
10533
10532
10532
10531
10530
10527
10527
10523
10523
10539
10510
10509
10506
10505
10496
10494
10490
10488
10488
10484
10483
10476
10471
10471
10467
10465
10464
10460
10460
10453
10452
10447
10447
10447
10446
10444
10441
10438
10432
10430
10421
10420
10418
10415
10402
10400
10394
10393
10380
10378
10374
10372
10366
10362
10355
10360
10348
10347
10343
10347
10336
10333
10333
10331
10331
10326
10321
10314
10314
10313
10329
10307
10302
10296
10288
10287
10282
10282
10281
10279
10278
10273
10270
10265
10264
10263
10261
10257
10243
10242
10256
10238
10229
10227
10224
10222
10222
10215
10207
10206
10203
10200
10192
10188
10201
10184
10180
10179
10179
10179
10178
10178
10175
10174
10172
10166
10164
10160
10161
10152
10152
10149
10139
10136
10135
10135
10132
10135
10127
10126
10134
10121
10121
10120
10117
10115
10099
10095
10094
10093
10091
10090
10089
10089
10086
10084
10078
10077
10071
10066
10059
10058
10058
10056
10054
10054
10053
10052
10047
10046
10045
10043
10043
10041
10047
10034
10033
10030
10025
10032
10027
10018
10015
10031
10000
10000
9998
9996
9994
9991
9988
9987
9980
9971
9968
9966
9966
9962
9961
9954
9950
9948
9946
9944
9943
9939
9936
9933
9929
9928
9927
9924
9922
9912
9912
9912
9911
9908
9904
9901
9900
9898
9899
9893
9893
9886
9883
9880
9880
9877
9876
9876
9872
9870
9867
9863
9863
9858
9854
9852
9842
9841
9841
9840
9837
9836
9835
9838
9832
9845
9827
9824
9820
9820
9819
9826
9807
9806
9802
9801
9798
9793
9793
9791
9789
9784
9803
9777
9773
9773
9770
9768
9767
9767
9766
9766
9765
9763
9762
9762
9785
9762
9754
9752
9751
9751
9751
9750
9747
9745
9745
9744
9756
9738
9738
9738
9737
9737
9735
9734
9731
9730
9729
9724
9723
9723
9720
9720
9719
9718
9714
9711
9709
9709
9708
9704
9702
9700
9696
9696
9694
9693
9691
9690
9690
9688
9687
9686
9681
9681
9680
9679
9689
9676
9676
9670
9656
9654
9654
9657
9650
9650
9649
9649
9648
9645
9644
9643
9642
9640
9630
9624
9622
9620
9622
9615
9614
9613
9613
9601
9593
9592
9591
9589
9588
9588
9586
9586
9584
9583
9582
9582
9581
9601
9579
9579
9578
9573
9568
9566
9566
9565
9565
9565
9565
9561
9560
9558
9549
9548
9542
9542
9539
9534
9533
9533
9529
9528
9528
9526
9522
9519
9517
9516
9515
9513
9509
9507
9504
9502
9498
9497
9495
9494
9490
9483
9478
9473
9470
9469
9493
9468
9466
9466
9464
9459
9457
9470
9453
9453
9448
9447
9445
9441
9439
9438
9440
9436
9433
9428
9427
9426
9424
9422
9416
9416
9415
9412
9410
9408
9401
9397
9392
9389
9386
9385
9384
9379
9373
9369
9363
9362
9361
9360
9356
9366
9354
9353
9343
9342
9339
9338
9336
9332
9330
9341
9327
9326
9324
9317
9317
9316
9316
9335
9311
9311
9310
9309
9307
9307
9305
9302
9302
9301
9301
9298
9297
9296
9289
9292
9287
9293
9279
9278
9277
9275
9274
9273
9271
9290
9270
9268
9265
9265
9263
9256
9255
9255
9254
9248
9246
9244
9254
9239
9236
9231
9224
9223
9221
9221
9217
9216
9215
9214
9214
9210
9210
9210
9208
9205
9202
9192
9191
9191
9191
9188
9187
9185
9184
9184
9183
9182
9186
9178
9174
9169
9168
9166
9166
9166
9165
9164
9162
9160
9158
9157
9156
9154
9151
9148
9147
9140
9139
9138
9136
9135
9134
9127
9126
9126
9122
9122
9118
9117
9113
9113
9109
9104
9100
9094
9093
9092
9092
9077
9076
9076
9066
9065
9063
9061
9058
9056
9056
9055
9053
9049
9048
9046
9046
9055
9044
9040
9039
9037
9037
9034
9032
9019
9030
9021
9014
9013
9017
9011
9019
9008
9007
9007
9004
9002
9001
9001
9000
9000
9000
8997
8996
8996
8993
8993
8992
8992
8989
8982
8982
8981
8981
8975
8971
8970
8964
8961
8959
8954
8950
8949
8948
8946
8944
8943
8943
8942
8941
8938
8935
8933
8932
8932
8932
8932
8932
8928
8911
8905
8903
8900
8900
8897
8897
8891
8887
8885
8883
8882
8882
8881
8894
8880
8877
8871
8869
8869
8867
8861
8858
8871
8857
8856
8852
8852
8850
8849
8848
8844
8844
8843
8840
8839
8838
8838
8835
8833
8830
8828
8825
8825
8820
8818
8812
8811
8810
8808
8804
8804
8803
8800
8799
8797
8796
8791
8790
8788
8786
8786
8800
8783
8780
8799
8777
8776
8771
8771
8769
8769
8767
8762
8759
8756
8755
8780
8752
8750
8743
8743
8743
8736
8736
8736
8736
8735
8733
8733
8732
8731
8727
8726
8723
8712
8710
8709
8705
8702
8701
8699
8697
8692
8692
8690
8689
8688
8686
8683
8681
8681
8680
8679
8678
8675
8671
8671
8669
8668
8664
8664
8658
8658
8656
8655
8649
8646
8646
8644
8642
8637
8634
8634
8633
8632
8627
8622
8621
8635
8618
8612
8610
8609
8607
8606
8602
8602
8601
8599
8597
8597
8596
8595
8593
8593
8593
8589
8588
8587
8585
8583
8579
8576
8576
8576
8575
8572
8570
8569
8568
8567
8562
8560
8556
8555
8554
8554
8548
8542
8539
8539
8539
8536
8536
8535
8547
8532
8530
8537
8527
8525
8519
8519
8517
8515
8514
8514
8513
8512
8511
8511
8509
8508
8508
8505
8502
8500
8499
8493
8492
8491
8490
8490
8485
8484
8483
8475
8475
8474
8473
8471
8468
8465
8464
8461
8459
8459
8455
8454
8453
8462
8448
8447
8447
8444
8439
8437
8435
8435
8431
8430
8429
8427
8427
8423
8422
8422
8421
8420
8420
8420
8416
8415
8414
8412
8412
8424
8410
8409
8409
8407
8423
8405
8405
8391
8391
8391
8390
8386
8386
8383
8381
8381
8383
8377
8368
8367
8366
8366
8366
8365
8364
8363
8362
8360
8358
8356
8352
8350
8348
8345
8348
8344
8340
8338
8337
8333
8332
8326
8325
8323
8323
8321
8320
8317
8317
8312
8310
8329
8306
8300
8298
8297
8295
8294
8292
8292
8290
8285
8284
8283
8283
8282
8282
8281
8281
8279
8285
8277
8276
8276
8275
8271
8270
8264
8262
8260
8255
8254
8253
8251
8251
8250
8244
8243
8241
8241
8240
8236
8235
8232
8230
8230
8229
8227
8226
8222
8241
8221
8220
8219
8219
8218
8218
8217
8216
8214
8213
8212
8210
8210
8205
8201
8224
8200
8197
8196
8195
8195
8195
8194
8193
8192
8192
8189
8188
8188
8188
8186
8185
8184
8183
8192
8181
8181
8181
8177
8176
8175
8170
8164
8159
8179
8157
8154
8164
8150
8147
8146
8146
8143
8141
8140
8137
8136
8135
8129
8132
8128
8125
8124
8120
8120
8117
8117
8113
8111
8111
8107
8107
8105
8104
8103
8102
8102
8098
8097
8095
8093
8094
8092
8091
8082
8081
8081
8080
8078
8075
8075
8075
8074
8073
8072
8068
8064
8061
8060
8058
8061
8057
8056
8055
8055
8079
8052
8058
8051
8049
8048
8048
8043
8042
8042
8041
8038
8041
8037
8037
8037
8035
8033
8032
8025
8024
8024
8023
8020
8019
8015
8014
8014
8014
8013
8011
8009
8009
8006
8004
8008
7999
7998
7997
7996
7996
7993
7992
7992
7991
7995
7991
7986
7985
7998
7984
7982
7981
7980
7979
7977
7975
7973
7970
7968
7967
7966
7966
7965
7965
7964
7964
7964
7963
7962
7961
7959
7969
7955
7954
7960
7954
7953
7953
7949
7946
7946
7946
7942
7937
7935
7934
7928
7927
7926
7922
7917
7916
7913
7909
7907
7923
7906
7905
7904
7903
7900
7897
7894
7890
7885
7883
7882
7882
7882
7881
7881
7879
7879
7876
7873
7871
7869
7867
7867
7865
7863
7863
7861
7858
7858
7858
7857
7857
7855
7855
7855
7853
7850
7849
7845
7845
7843
7842
7887
7844
7837
7848
7831
7830
7829
7828
7827
7825
7825
7823
7821
7820
7820
7819
7819
7818
7816
7816
7814
7812
7810
7809
7806
7806
7804
7804
7803
7803
7801
7800
7800
7800
7799
7799
7826
7797
7796
7795
7795
7794
7794
7789
7789
7785
7789
7783
7782
7781
7806
7780
7779
7778
7776
7773
7772
7772
7771
7770
7766
7762
7761
7760
7760
7760
7759
7759
7757
7753
7749
7749
7747
7745
7768
7743
7740
7739
7738
7735
7735
7735
7750
7745
7725
7723
7722
7716
7716
7715
7713
7713
7709
7705
7704
7703
7701
7721
7713
7698
7696
7696
7692
7691
7690
7689
7688
7687
7686
7684
7682
7682
7680
7677
7677
7676
7675
7667
7670
7672
7665
7665
7665
7662
7661
7659
7658
7657
7656
7654
7654
7654
7654
7653
7652
7651
7650
7646
7643
7642
7641
7640
7635
7634
7633
7632
7631
7629
7624
7621
7620
7619
7618
7618
7616
7612
7624
7609
7606
7605
7604
7601
7601
7599
7596
7595
7591
7589
7601
7583
7583
7579
7578
7577
7576
7575
7574
7574
7572
7572
7572
7570
7570
7569
7569
7569
7568
7567
7566
7565
7594
7561
7561
7559
7556
7552
7551
7547
7546
7545
7544
7543
7542
7537
7536
7536
7535
7530
7529
7528
7528
7527
7524
7524
7519
7518
7517
7514
7513
7513
7540
7511
7509
7527
7505
7507
7502
7501
7499
7498
7497
7497
7497
7495
7493
7491
7490
7487
7520
7482
7482
7482
7480
7479
7477
7473
7472
7471
7470
7464
7464
7447
7463
7463
7461
7461
7467
7459
7454
7453
7453
7452
7451
7450
7450
7449
7448
7447
7447
7447
7457
7446
7445
7443
7440
7439
7439
7436
7435
7434
7433
7432
7428
7428
7428
7428
7428
7427
7427
7425
7438
7420
7420
7430
7421
7417
7416
7414
7413
7412
7412
7412
7411
7409
7408
7404
7402
7402
7401
7401
7400
7400
7399
7403
7398
7397
7397
7393
7393
7392
7411
7387
7384
7383
7382
7378
7378
7376
7375
7373
7373
7389
7371
7370
7377
7368
7367
7366
7366
7363
7363
7362
7389
7360
7360
7359
7358
7358
7355
7353
7357
7346
7344
7344
7344
7343
7342
7342
7341
7340
7340
7340
7339
7336
7333
7333
7331
7331
7330
7323
7322
7322
7321
7320
7320
7319
7318
7318
7315
7314
7313
7309
7309
7308
7308
7308
7307
7307
7306
7305
7305
7304
7304
7303
7303
7297
7297
7296
7294
7292
7289
7282
7281
7274
7300
7273
7272
7271
7270
7269
7268
7267
7267
7263
7261
7260
7259
7258
7255
7254
7252
7252
7250
7250
7249
7249
7249
7249
7248
7244
7243
7243
7242
7239
7238
7239
7237
7237
7237
7236
7252
7235
7235
7234
7245
7232
7235
7230
7229
7227
7231
7226
7226
7222
7222
7220
7220
7220
7220
7219
7219
7235
7216
7214
7212
7211
7235
7209
7209
7209
7208
7207
7207
7206
7205
7203
7202
7202
7202
7201
7200
7204
7199
7199
7198
7197
7197
7196
7196
7194
7191
7186
7183
7183
7183
7183
7181
7181
7178
7183
7175
7173
7172
7169
7168
7169
7166
7165
7162
7161
7179
7160
7159
7159
7157
7157
7157
7156
7155
7158
7152
7151
7151
7151
7149
7147
7146
7144
7142
7142
7140
7139
7139
7139
7136
7136
7135
7134
7133
7132
7129
7128
7126
7125
7123
7134
7123
7121
7121
7117
7115
7116
7115
7111
7110
7113
7109
7107
7106
7105
7105
7105
7104
7104
7104
7100
7099
7099
7099
7098
7095
7095
7094
7093
7092
7091
7086
7085
7082
7082
7081
7081
7077
7073
7072
7072
7071
7076
7070
7087
7069
7075
7069
7069
7068
7068
7068
7066
7072
7065
7065
7064
7064
7062
7060
7059
7058
7056
7056
7056
7055
7054
7052
7067
7064
7047
7047
7046
7045
7044
7043
7040
7038
7056
7037
7036
7036
7036
7035
7034
7032
7030
7028
7027
7026
7026
7025
7024
7024
7046
7022
7022
7021
7021
7018
7033
7018
7018
7016
7015
7014
7013
7012
7011
7010
7010
7010
7009
7008
7008
7005
7004
7004
7004
7004
7004
7003
7000
6999
6999
6997
6997
6995
6995
6994
6994
6994
6993
7006
6991
6990
6989
6988
6987
6986
6986
6986
6985
6985
6984
6983
6982
6981
6981
7013
6979
6978
6992
6977
6976
6997
6971
6970
6969
6966
6965
6962
6960
6960
6959
6958
6951
6951
6950
6949
6949
6949
6946
6941
6941
6953
6939
6938
6935
6933
6932
6931
6930
6926
6926
6926
6925
6924
6924
6925
6921
6920
6920
6919
6919
6918
6916
6915
6914
6914
6913
6913
6913
6911
6910
6910
6909
6909
6908
6903
6903
6902
6902
6892
6904
6891
6890
6888
6887
6885
6884
6882
6885
6877
6877
6876
6874
6873
6873
6871
6871
6871
6869
6868
6867
6867
6867
6866
6863
6862
6861
6861
6860
6858
6858
6858
6859
6855
6869
6853
6851
6850
6850
6849
6849
6849
6848
6845
6843
6841
6841
6841
6840
6838
6865
6838
6836
6835
6833
6833
6838
6830
6827
6827
6827
6825
6824
6823
6822
6820
6819
6846
6818
6818
6816
6834
6810
6809
6808
6807
6805
6805
6803
6801
6801
6800
6799
6799
6798
6796
6795
6795
6794
6790
6790
6790
6795
6789
6788
6787
6786
6785
6784
6781
6780
6779
6778
6777
6785
6775
6775
6772
6770
6769
6768
6768
6768
6761
6760
6759
6758
6780
6757
6757
6756
6756
6755
6753
6781
6749
6748
6747
6746
6746
6743
6743
6740
6740
6739
6735
6734
6732
6731
6731
6728
6728
6728
6725
6725
6722
6722
6721
6720
6720
6722
6719
6719
6718
6717
6716
6716
6715
6714
6714
6721
6713
6712
6711
6710
6709
6708
6708
6707
6706
6706
6706
6706
6705
6700
6698
6713
6694
6693
6693
6693
6693
6692
6692
6692
6691
6705
6689
6689
6688
6688
6687
6684
6683
6683
6681
6680
6680
6680
6677
6676
6676
6676
6681
6671
6671
6669
6669
6669
6667
6665
6664
6664
6661
6661
6661
6660
6660
6660
6660
6659
6659
6659
6658
6656
6656
6654
6653
6652
6652
6651
6649
6649
6646
6646
6645
6644
6644
6643
6642
6641
6647
6645
6638
6637
6637
6642
6636
6634
6634
6633
6632
6633
6631
6631
6648
6626
6622
6622
6622
6622
6621
6620
6620
6619
6618
6616
6614
6614
6613
6613
6612
6611
6608
6607
6607
6606
6606
6606
6605
6604
6614
6600
6599
6598
6598
6596
6593
6588
6588
6588
6582
6580
6579
6578
6575
6573
6573
6572
6600
6571
6570
6570
6569
6569
6568
6567
6566
6565
6565
6563
6562
6561
6561
6560
6557
6555
6553
6553
6553
6552
6550
6549
6547
6547
6546
6545
6544
6543
6543
6543
6541
6540
6539
6539
6538
6538
6537
6537
6535
6535
6534
6534
6534
6534
6533
6532
6532
6530
6528
6528
6527
6527
6527
6526
6525
6522
6520
6520
6519
6519
6518
6517
6515
6515
6514
6513
6512
6511
6509
6512
6507
6506
6505
6505
6505
6520
6509
6501
6501
6501
6500
6498
6498
6497
6497
6495
6495
6495
6493
6492
6488
6487
6486
6486
6484
6483
6482
6482
6481
6481
6496
6476
6475
6475
6475
6473
6473
6470
6470
6469
6467
6466
6466
6466
6465
6465
6464
6464
6463
6462
6460
6464
6459
6459
6458
6454
6451
6451
6449
6449
6449
6448
6448
6448
6448
6447
6444
6443
6442
6440
6445
6407
6438
6435
6434
6429
6428
6426
6425
6425
6424
6422
6421
6420
6417
6428
6414
6413
6412
6412
6409
6409
6407
6406
6402
6407
6402
6400
6400
6399
6399
6410
6398
6396
6395
6395
6394
6393
6393
6393
6392
6388
6387
6385
6384
6381
6378
6378
6378
6377
6376
6376
6376
6375
6373
6373
6373
6373
6370
6369
6367
6367
6366
6364
6362
6362
6374
6360
6358
6357
6356
6356
6355
6355
6352
6352
6382
6350
6349
6349
6349
6348
6348
6348
6346
6346
6345
6345
6344
6344
6344
6344
6350
6342
6341
6340
6340
6339
6342
6337
6335
6335
6335
6332
6330
6325
6325
6322
6332
6320
6320
6320
6319
6347
6318
6317
6317
6317
6316
6315
6315
6315
6314
6343
6312
6306
6306
6306
6304
6304
6302
6301
6300
6298
6298
6298
6298
6296
6295
6295
6294
6294
6294
6292
6290
6290
6289
6289
6289
6289
6288
6288
6288
6288
6288
6287
6286
6284
6284
6282
6282
6281
6281
6281
6279
6278
6277
6277
6277
6276
6276
6275
6275
6274
6307
6271
6271
6270
6269
6268
6285
6266
6266
6264
6263
6262
6262
6261
6261
6282
6258
6258
6258
6258
6257
6257
6255
6254
6254
6254
6254
6251
6248
6246
6246
6246
6245
6244
6243
6230
6241
6240
6239
6239
6239
6238
6237
6237
6237
6237
6236
6235
6235
6234
6232
6232
6231
6228
6228
6227
6227
6227
6226
6226
6226
6225
6225
6224
6224
6224
6223
6223
6222
6221
6220
6218
6218
6224
6216
6216
6216
6215
6214
6214
6212
6211
6210
6210
6210
6209
6209
6209
6208
6208
6206
6205
6205
6208
6204
6202
6202
6200
6199
6199
6199
6199
6199
6198
6197
6196
6195
6194
6193
6191
6190
6187
6186
6186
6186
6186
6185
6185
6185
6185
6184
6183
6185
6182
6180
6178
6178
6177
6176
6176
6176
6176
6175
6175
6174
6169
6169
6168
6168
6167
6167
6167
6166
6165
6165
6164
6167
6163
6160
6159
6157
6157
6156
6156
6155
6155
6153
6153
6152
6151
6151
6150
6150
6149
6149
6147
6143
6143
6142
6142
6141
6139
6139
6137
6136
6139
6132
6132
6131
6131
6130
6129
6129
6128
6127
6126
6122
6121
6134
6121
6131
6119
6118
6116
6115
6115
6114
6113
6113
6124
6112
6112
6111
6110
6117
6106
6106
6106
6105
6105
6105
6104
6104
6102
6100
6098
6097
6096
6095
6095
6095
6099
6095
6093
6092
6090
6090
6089
6089
6088
6088
6088
6086
6086
6086
6086
6085
6084
6083
6082
6081
6080
6079
6078
6084
6076
6076
6074
6073
6072
6070
6066
6066
6065
6063
6062
6076
6061
6060
6059
6056
6056
6056
6056
6055
6054
6074
6053
6050
6050
6049
6048
6048
6045
6045
6044
6044
6043
6041
6041
6041
6041
6040
6040
6038
6038
6037
6037
6035
6034
6033
6032
6030
6030
6029
6027
6027
6026
6026
6025
6024
6023
6021
6019
6019
6019
6019
6018
6017
6017
6017
6017
6016
6015
6015
6013
6011
6011
6007
6007
6007
6006
6006
6005
6001
6000
5999
5999
5997
5996
5995
5994
5993
5990
5990
5990
5990
5988
5988
5988
5988
5987
5985
5985
5985
5983
5993
5983
5982
5982
5981
5981
5980
5980
5979
5988
5977
5975
5985
5975
5975
5975
5974
5973
5971
5971
5971
5969
5969
5967
5964
5963
5961
5959
5959
5958
5956
5956
5953
5953
5949
5947
5946
5946
5946
5945
5945
5944
5944
5942
5942
5941
5940
5938
5937
5937
5936
5936
5934
5933
5931
5929
5935
5927
5927
5926
5926
5925
5921
5920
5920
5919
5918
5918
5918
5918
5917
5917
5917
5916
5916
5915
5914
5913
5913
5913
5909
5909
5909
5908
5907
5906
5906
5906
5904
5904
5902
5902
5902
5902
5901
5901
5901
5901
5900
5900
5900
5900
5900
5899
5898
5898
5898
5898
5898
5897
5910
5897
5897
5907
5895
5895
5894
5894
5893
5893
5892
5895
5892
5892
5914
5890
5890
5889
5890
5888
5887
5902
5885
5885
5883
5879
5878
5893
5877
5877
5877
5876
5875
5874
5873
5873
5873
5871
5871
5871
5871
5871
5870
5870
5870
5872
5868
5866
5870
5866
5865
5865
5863
5863
5862
5861
5860
5860
5877
5858
5858
5858
5857
5856
5856
5853
5851
5851
5850
5849
5849
5849
5847
5847
5847
5845
5845
5844
5844
5843
5842
5842
5842
5841
5840
5840
5840
5839
5839
5838
5837
5837
5836
5836
5844
5835
5834
5833
5832
5832
5832
5828
5828
5827
5827
5827
5826
5825
5824
5820
5819
5819
5821
5818
5818
5815
5812
5810
5809
5808
5808
5804
5804
5802
5802
5801
5798
5796
5795
5794
5792
5792
5792
5792
5792
5791
5790
5790
5789
5789
5788
5787
5787
5787
5787
5786
5785
5785
5784
5784
5783
5780
5780
5779
5779
5779
5778
5778
5778
5775
5775
5800
5774
5774
5773
5772
5772
5771
5771
5771
5770
5785
5770
5770
5769
5768
5766
5765
5765
5764
5764
5763
5763
5763
5763
5762
5762
5761
5760
5766
5755
5755
5748
5754
5754
5754
5753
5753
5751
5751
5750
5747
5747
5746
5743
5765
5741
5740
5740
5740
5739
5739
5739
5738
5754
5735
5735
5735
5735
5735
5735
5734
5734
5733
5732
5732
5731
5731
5730
5729
5729
5728
5725
5724
5724
5724
5722
5722
5701
5721
5720
5718
5718
5715
5715
5713
5711
5711
5710
5710
5709
5708
5713
5709
5706
5705
5704
5703
5702
5702
5701
5701
5701
5701
5699
5698
5698
5697
5696
5696
5694
5691
5691
5691
5690
5689
5687
5686
5685
5684
5684
5683
5683
5682
5682
5682
5682
5691
5680
5680
5680
5680
5679
5678
5677
5677
5677
5675
5674
5672
5672
5669
5668
5668
5667
5667
5666
5665
5685
5682
5661
5660
5660
5660
5659
5676
5659
5658
5673
5658
5658
5657
5657
5656
5656
5655
5654
5654
5654
5653
5666
5658
5653
5653
5652
5652
5652
5652
5652
5650
5649
5649
5647
5646
5645
5645
5645
5645
5643
5642
5641
5640
5640
5639
5638
5638
5638
5637
5637
5636
5635
5633
5632
5631
5630
5628
5627
5627
5627
5629
5640
5625
5624
5622
5622
5621
5620
5620
5620
5620
5618
5618
5618
5616
5616
5615
5624
5613
5612
5612
5611
5611
5610
5608
5608
5607
5607
5605
5604
5603
5603
5639
5601
5601
5601
5601
5601
5599
5599
5597
5597
5597
5596
5594
5594
5593
5593
5592
5627
5592
5591
5591
5590
5589
5588
5588
5587
5585
5585
5585
5584
5584
5584
5582
5581
5581
5581
5580
5578
5578
5577
5576
5576
5576
5575
5575
5575
5575
5575
5575
5573
5573
5573
5573
5572
5569
5568
5568
5573
5567
5566
5564
5561
5561
5561
5560
5559
5559
5558
5554
5551
5550
5550
5550
5548
5548
5546
5546
5545
5545
5544
5544
5544
5544
5543
5543
5543
5543
5543
5542
5541
5541
5541
5540
5539
5538
5537
5535
5535
5535
5534
5534
5534
5533
5533
5533
5532
5532
5530
5529
5527
5529
5533
5522
5522
5521
5537
5518
5518
5517
5517
5517
5516
5516
5516
5515
5514
5514
5514
5513
5513
5512
5512
5512
5511
5510
5533
5509
5509
5507
5506
5506
5505
5503
5503
5503
5503
5503
5501
5501
5501
5501
5500
5500
5500
5499
5499
5497
5496
5494
5493
5493
5492
5492
5491
5491
5491
5490
5489
5488
5486
5486
5486
5484
5483
5483
5482
5481
5480
5480
5479
5478
5483
5477
5481
5477
5476
5476
5475
5473
5472
5471
5471
5470
5469
5469
5469
5468
5468
5467
5467
5466
5466
5466
5465
5464
5463
5463
5463
5462
5462
5461
5460
5460
5459
5459
5458
5477
5457
5456
5455
5455
5455
5455
5454
5453
5453
5452
5451
5451
5476
5461
5449
5448
5446
5445
5445
5445
5463
5444
5443
5443
5442
5441
5441
5441
5440
5440
5438
5438
5436
5436
5436
5434
5434
5446
5430
5430
5429
5429
5429
5428
5428
5428
5427
5427
5426
5426
5426
5425
5425
5423
5421
5420
5420
5418
5438
5418
5417
5415
5415
5415
5413
5418
5411
5411
5411
5410
5410
5408
5408
5407
5407
5407
5407
5405
5405
5402
5402
5402
5401
5401
5401
5401
5400
5400
5400
5399
5398
5398
5398
5397
5396
5395
5394
5394
5393
5392
5392
5391
5391
5391
5390
5388
5387
5385
5385
5384
5383
5381
5380
5380
5379
5379
5378
5378
5378
5378
5377
5377
5377
5375
5374
5374
5374
5373
5373
5373
5381
5371
5370
5369
5368
5368
5366
5370
5364
5363
5362
5362
5361
5361
5360
5359
5358
5358
5358
5356
5356
5355
5355
5356
5353
5353
5353
5377
5352
5352
5350
5349
5349
5364
5347
5347
5347
5345
5345
5343
5343
5342
5342
5342
5342
5341
5340
5339
5339
5338
5338
5338
5337
5337
5335
5335
5334
5337
5332
5332
5331
5329
5328
5328
5327
5327
5327
5326
5364
5323
5323
5323
5323
5322
5322
5321
5321
5320
5320
5319
5319
5319
5319
5318
5318
5318
5317
5326
5315
5313
5313
5313
5312
5312
5311
5311
5310
5332
5310
5309
5309
5308
5308
5311
5307
5306
5306
5305
5305
5304
5304
5303
5303
5301
5300
5300
5300
5299
5298
5298
5296
5295
5295
5295
5294
5294
5294
5293
5293
5293
5292
5291
5291
5290
5289
5289
5288
5288
5287
5287
5287
5287
5286
5286
5286
5285
5284
5283
5283
5281
5280
5279
5279
5277
5276
5276
5274
5274
5274
5273
5272
5271
5270
5270
5270
5269
5269
5268
5266
5266
5266
5265
5264
5264
5264
5263
5263
5263
5262
5261
5261
5259
5258
5257
5257
5257
5256
5255
5255
5252
5252
5252
5252
5252
5251
5251
5251
5250
5249
5248
5248
5248
5247
5246
5246
5246
5244
5244
5243
5243
5243
5243
5241
5241
5240
5240
5240
5238
5238
5238
5238
5237
5236
5235
5235
5234
5233
5232
5231
5230
5230
5230
5230
5229
5229
5229
5228
5228
5228
5227
5226
5226
5230
5226
5225
5225
5222
5222
5222
5222
5222
5221
5218
5218
5216
5216
5216
5215
5214
5214
5212
5212
5211
5211
5210
5209
5208
5208
5207
5206
5205
5204
5204
5204
5203
5202
5201
5201
5200
5200
5199
5199
5196
5196
5195
5195
5195
5193
5193
5193
5193
5192
5192
5191
5190
5188
5188
5188
5186
5186
5186
5186
5185
5185
5184
5183
5183
5183
5183
5177
5177
5177
5176
5175
5175
5179
5174
5173
5172
5172
5171
5179
5189
5170
5170
5169
5169
5169
5169
5168
5168
5168
5168
5167
5190
5167
5165
5164
5173
5162
5162
5161
5160
5159
5159
5172
5159
5158
5158
5157
5156
5156
5156
5154
5176
5154
5154
5153
5153
5153
5153
5153
5152
5152
5151
5151
5151
5151
5168
5150
5150
5149
5149
5148
5148
5155
5146
5146
5143
5143
5142
5140
5140
5138
5138
5137
5137
5137
5136
5136
5135
5134
5134
5133
5133
5133
5132
5131
5129
5140
5128
5128
5128
5127
5127
5127
5127
5127
5126
5126
5125
5125
5123
5123
5123
5123
5122
5121
5121
5119
5119
5118
5118
5116
5116
5115
5115
5114
5114
5114
5114
5113
5113
5113
5112
5112
5112
5111
5111
5111
5110
5110
5110
5109
5109
5108
5108
5107
5120
5107
5106
5105
5117
5105
5104
5103
5103
5103
5103
5102
5101
5101
5101
5097
5097
5112
5095
5093
5093
5093
5093
5092
5092
5092
5090
5090
5090
5090
5090
5090
5089
5088
5087
5087
5087
5086
5086
5083
5083
5083
5080
5080
5080
5079
5079
5078
5077
5077
5077
5077
5076
5076
5076
5075
5074
5074
5073
5073
5072
5072
5072
5071
5071
5068
5068
5068
5068
5076
5067
5067
5066
5066
5065
5064
5063
5063
5062
5062
5062
5061
5061
5061
5059
5059
5059
5059
5059
5058
5058
5057
5057
5057
5057
5056
5056
5055
5054
5053
5053
5053
5053
5060
5052
5052
5051
5051
5050
5050
5050
5049
5049
5048
5047
5058
5045
5045
5045
5045
5044
5044
5041
5040
5040
5039
5039
5039
5038
5038
5037
5036
5035
5035
5034
5034
5048
5033
5033
5033
5032
5032
5031
5031
5030
5030
5038
5030
5030
5029
5029
5042
5028
5027
5027
5026
5026
5025
5024
5024
5023
5023
5023
5022
5021
5021
5021
5021
5020
5037
5020
5019
5019
5019
5017
5017
5016
5016
5015
5015
5031
5014
5014
5012
5012
5012
5010
5010
5010
5008
5007
5007
5007
5007
5007
5007
5006
5005
5005
5005
5004
5001
5000
4999
4998
4997
4997
4997
4996
4996
4995
4994
4994
4993
5004
4993
4993
4992
5007
4994
4992
4991
4991
4991
4991
4991
4989
4988
4986
4985
4987
4985
4985
4985
4985
4984
4984
4984
4984
4983
4983
4982
4982
4981
4980
4980
4980
4979
4979
4979
4993
4977
4976
4976
5000
4975
4973
4970
4969
4968
4968
4968
4968
4968
4980
4967
4967
4967
4967
4966
4965
4965
4963
4963
4963
4963
4963
4963
4962
4962
4961
4961
4961
4961
4961
4961
4960
4960
4959
4958
4958
4958
4957
4963
4956
4960
4956
4956
4955
4954
4954
4954
4954
4952
4951
4950
4948
4948
4947
4965
4946
4946
4945
4945
4944
4942
4942
4942
4942
4942
4941
4941
4940
4938
4937
4937
4937
4936
4936
4935
4935
4935
4935
4934
4934
4934
4934
4933
4932
4932
4932
4932
4949
4935
4931
4931
4929
4928
4928
4927
4927
4927
4926
4926
4925
4925
4924
4924
4924
4931
4921
4920
4920
4920
4919
4917
4926
4915
4914
4914
4914
4914
4913
4913
4912
4924
4912
4912
4911
4910
4920
4909
4908
4907
4906
4906
4904
4904
4904
4902
4902
4902
4902
4903
4901
4900
4900
4899
4899
4899
4899
4905
4898
4898
4898
4898
4897
4896
4895
4895
4895
4895
4894
4893
4892
4901
4892
4892
4892
4891
4891
4890
4889
4888
4887
4887
4887
4887
4886
4885
4885
4885
4885
4884
4884
4882
4882
4882
4882
4881
4931
4881
4879
4877
4877
4876
4875
4875
4875
4875
4873
4873
4873
4873
4873
4872
4871
4871
4871
4870
4870
4870
4870
4870
4870
4870
4869
4868
4868
4867
4867
4866
4866
4863
4862
4861
4864
4861
4860
4860
4859
4858
4858
4857
4857
4856
4856
4856
4854
4853
4853
4853
4852
4850
4849
4849
4848
4848
4847
4863
4846
4846
4846
4846
4846
4846
4849
4844
4844
4843
4843
4843
4842
4841
4840
4840
4840
4839
4839
4838
4851
4838
4838
4837
4845
4836
4836
4835
4835
4835
4845
4835
4835
4834
4834
4834
4833
4832
4832
4831
4830
4830
4830
4830
4834
4828
4828
4828
4827
4827
4827
4827
4825
4825
4825
4825
4825
4823
4823
4823
4822
4821
4821
4821
4821
4820
4819
4818
4818
4818
4817
4816
4816
4815
4814
4815
4814
4814
4813
4830
4813
4812
4811
4811
4810
4810
4809
4808
4808
4808
4807
4807
4806
4805
4805
4803
4802
4802
4801
4801
4801
4801
4801
4801
4800
4800
4800
4799
4799
4798
4796
4795
4795
4795
4794
4794
4793
4817
4793
4793
4792
4792
4791
4791
4791
4791
4790
4790
4790
4789
4789
4808
4788
4787
4787
4787
4786
4786
4785
4784
4784
4783
4783
4782
4782
4782
4780
4784
4779
4779
4778
4778
4787
4778
4777
4776
4776
4775
4775
4774
4774
4774
4774
4773
4773
4773
4771
4771
4770
4770
4770
4769
4769
4768
4768
4768
4767
4767
4767
4767
4766
4766
4766
4765
4764
4764
4763
4763
4761
4761
4759
4759
4759
4758
4758
4758
4757
4757
4756
4755
4754
4754
4753
4753
4753
4753
4751
4765
4751
4750
4751
4749
4749
4749
4749
4748
4748
4748
4747
4747
4746
4746
4746
4745
4745
4744
4743
4743
4743
4742
4740
4739
4738
4738
4738
4737
4736
4735
4735
4735
4733
4732
4731
4731
4731
4730
4730
4729
4728
4728
4728
4727
4727
4726
4724
4723
4723
4723
4723
4722
4720
4720
4719
4718
4718
4718
4718
4718
4718
4718
4718
4717
4717
4717
4716
4716
4716
4715
4715
4713
4716
4713
4712
4712
4711
4710
4710
4709
4724
4708
4708
4708
4708
4707
4707
4707
4706
4706
4704
4704
4703
4703
4703
4703
4703
4702
4702
4701
4699
4699
4699
4698
4698
4697
4697
4697
4697
4696
4695
4695
4694
4692
4692
4691
4690
4689
4689
4689
4688
4688
4688
4687
4687
4686
4685
4685
4685
4684
4683
4683
4683
4682
4682
4682
4681
4681
4680
4680
4679
4679
4692
4676
4676
4676
4675
4674
4683
4673
4673
4672
4671
4672
4671
4670
4670
4670
4669
4667
4665
4665
4664
4664
4664
4664
4663
4663
4662
4662
4661
4661
4661
4661
4661
4635
4660
4659
4659
4658
4658
4658
4658
4658
4656
4656
4656
4655
4655
4654
4654
4654
4653
4653
4652
4652
4652
4651
4651
4651
4650
4650
4649
4649
4649
4648
4646
4646
4645
4645
4644
4644
4644
4643
4642
4642
4642
4641
4640
4640
4665
4639
4639
4639
4639
4638
4637
4635
4635
4635
4635
4634
4633
4633
4633
4633
4632
4631
4620
4631
4630
4629
4629
4629
4629
4628
4628
4628
4627
4627
4627
4627
4626
4626
4626
4626
4626
4625
4625
4637
4624
4624
4624
4624
4623
4623
4623
4624
4623
4622
4621
4621
4621
4620
4619
4619
4619
4618
4618
4618
4617
4617
4617
4617
4617
4617
4616
4616
4615
4615
4614
4614
4613
4613
4613
4614
4612
4611
4611
4611
4610
4609
4609
4609
4607
4607
4607
4608
4606
4606
4606
4606
4605
4605
4604
4603
4602
4602
4601
4601
4600
4600
4600
4599
4607
4599
4599
4599
4598
4598
4595
4595
4594
4594
4594
4594
4594
4593
4593
4592
4592
4592
4592
4591
4591
4591
4590
4590
4590
4590
4590
4590
4598
4589
4589
4588
4588
4588
4588
4588
4588
4586
4586
4586
4585
4585
4584
4600
4584
4584
4584
4583
4583
4582
4582
4582
4581
4580
4580
4580
4580
4579
4579
4577
4577
4577
4576
4576
4575
4574
4574
4574
4574
4573
4573
4573
4572
4572
4572
4572
4571
4571
4570
4570
4569
4569
4568
4568
4568
4568
4567
4566
4575
4566
4566
4565
4565
4565
4565
4564
4564
4563
4563
4563
4562
4562
4562
4561
4561
4561
4561
4560
4558
4558
4558
4557
4557
4556
4556
4556
4556
4555
4554
4553
4553
4553
4552
4550
4550
4549
4549
4549
4549
4549
4549
4548
4547
4546
4545
4544
4544
4544
4543
4542
4542
4542
4542
4542
4541
4540
4540
4539
4539
4539
4539
4538
4540
4540
4538
4538
4537
4542
4537
4536
4536
4535
4534
4534
4533
4547
4533
4533
4533
4561
4533
4532
4532
4531
4531
4531
4530
4530
4530
4556
4530
4529
4528
4535
4527
4527
4526
4526
4526
4526
4525
4525
4525
4525
4525
4524
4524
4524
4540
4523
4523
4523
4523
4523
4522
4522
4521
4520
4519
4518
4518
4530
4517
4517
4517
4517
4516
4516
4515
4515
4531
4513
4512
4512
4512
4512
4512
4512
4511
4511
4511
4528
4511
4510
4508
4527
4508
4508
4507
4507
4506
4506
4506
4505
4505
4503
4503
4503
4505
4502
4502
4502
4502
4502
4501
4501
4501
4500
4499
4499
4498
4498
4497
4496
4498
4496
4496
4496
4494
4493
4502
4498
4492
4492
4492
4492
4491
4491
4490
4489
4489
4489
4487
4487
4487
4486
4486
4486
4485
4485
4484
4484
4484
4482
4482
4482
4482
4481
4481
4480
4480
4480
4479
4479
4479
4478
4478
4478
4478
4477
4477
4475
4473
4471
4471
4471
4471
4470
4470
4470
4470
4470
4469
4469
4469
4468
4468
4467
4467
4466
4465
4465
4465
4464
4464
4464
4463
4463
4463
4463
4463
4462
4462
4461
4459
4459
4459
4459
4458
4458
4458
4458
4456
4475
4456
4456
4456
4455
4455
4455
4455
4454
4452
4452
4452
4451
4451
4457
4450
4450
4450
4450
4448
4448
4448
4447
4447
4447
4446
4446
4444
4444
4444
4443
4443
4443
4442
4442
4440
4440
4439
4438
4438
4438
4443
4437
4437
4437
4440
4436
4436
4435
4435
4434
4433
4433
4433
4432
4432
4432
4432
4431
4431
4430
4428
4428
4428
4428
4428
4427
4427
4427
4427
4426
4425
4425
4425
4424
4424
4423
4423
4423
4423
4422
4421
4421
4420
4422
4419
4419
4419
4419
4418
4418
4418
4417
4417
4417
4417
4416
4416
4415
4415
4415
4415
4415
4415
4414
4414
4414
4413
4413
4412
4412
4412
4411
4411
4416
4410
4414
4409
4409
4408
4424
4408
4407
4407
4407
4409
4403
4402
4401
4401
4400
4399
4399
4399
4399
4399
4398
4396
4396
4395
4395
4395
4395
4394
4394
4394
4393
4393
4393
4393
4397
4392
4392
4391
4391
4391
4390
4390
4390
4389
4389
4389
4388
4388
4387
4387
4387
4387
4386
4386
4385
4384
4384
4384
4384
4383
4383
4382
4388
4381
4381
4381
4380
4379
4379
4378
4378
4378
4378
4378
4377
4376
4376
4376
4383
4375
4374
4377
4374
4374
4374
4374
4373
4373
4372
4372
4372
4372
4371
4370
4370
4369
4368
4367
4367
4367
4367
4366
4366
4366
4366
4365
4364
4364
4364
4363
4362
4362
4362
4362
4361
4361
4361
4360
4360
4360
4360
4359
4359
4359
4359
4358
4362
4358
4358
4357
4357
4357
4356
4381
4356
4356
4355
4354
4354
4353
4353
4353
4353
4353
4352
4352
4352
4351
4351
4351
4350
4350
4349
4348
4348
4348
4350
4347
4377
4367
4345
4345
4344
4344
4343
4343
4342
4342
4342
4341
4341
4340
4340
4343
4340
4340
4338
4350
4338
4338
4337
4337
4337
4323
4336
4336
4335
4335
4334
4334
4334
4334
4334
4333
4333
4333
4333
4332
4332
4332
4332
4332
4331
4331
4352
4329
4344
4329
4329
4328
4328
4328
4327
4327
4327
4327
4325
4324
4337
4323
4327
4322
4321
4321
4321
4327
4321
4321
4320
4320
4319
4319
4330
4318
4317
4315
4315
4315
4314
4313
4313
4312
4312
4312
4311
4309
4308
4307
4307
4307
4306
4314
4304
4304
4303
4303
4303
4303
4303
4302
4302
4302
4307
4301
4300
4300
4298
4298
4297
4297
4297
4296
4296
4296
4296
4295
4295
4293
4312
4292
4294
4291
4301
4291
4290
4289
4289
4289
4288
4288
4288
4288
4287
4287
4287
4287
4286
4307
4285
4285
4285
4285
4285
4283
4283
4283
4282
4282
4281
4281
4281
4280
4280
4279
4278
4278
4277
4277
4277
4277
4276
4276
4275
4274
4274
4274
4273
4273
4273
4273
4273
4273
4271
4277
4270
4269
4268
4268
4268
4267
4266
4266
4266
4266
4265
4265
4265
4265
4265
4265
4263
4263
4263
4262
4262
4275
4260
4259
4258
4258
4258
4258
4257
4257
4256
4256
4256
4255
4255
4255
4255
4255
4253
4265
4253
4252
4252
4252
4251
4251
4251
4250
4250
4250
4250
4250
4249
4249
4249
4249
4248
4248
4248
4247
4246
4246
4246
4245
4245
4245
4245
4245
4245
4244
4244
4244
4243
4243
4243
4243
4243
4243
4243
4243
4241
4241
4241
4240
4240
4240
4239
4239
4239
4238
4238
4238
4238
4238
4237
4236
4238
4236
4239
4235
4235
4235
4234
4232
4232
4232
4231
4231
4231
4230
4230
4229
4229
4229
4229
4228
4228
4227
4227
4227
4226
4225
4225
4225
4224
4224
4223
4223
4223
4223
4222
4222
4222
4222
4220
4219
4219
4218
4217
4217
4217
4217
4216
4216
4216
4216
4216
4216
4215
4215
4215
4215
4215
4215
4214
4214
4212
4212
4211
4211
4211
4211
4211
4210
4210
4210
4210
4210
4210
4209
4209
4208
4230
4208
4208
4208
4207
4207
4206
4204
4202
4202
4201
4201
4200
4199
4199
4199
4198
4195
4195
4195
4195
4194
4193
4192
4192
4192
4192
4191
4191
4191
4190
4190
4190
4189
4188
4187
4187
4210
4187
4187
4186
4186
4185
4185
4185
4185
4184
4184
4183
4183
4183
4182
4182
4182
4182
4182
4181
4180
4179
4178
4178
4178
4178
4178
4178
4177
4177
4176
4176
4176
4176
4175
4175
4174
4174
4174
4174
4173
4173
4172
4172
4171
4171
4171
4171
4175
4170
4170
4170
4170
4169
4169
4169
4168
4168
4167
4167
4167
4167
4166
4166
4165
4165
4164
4164
4164
4163
4163
4163
4162
4162
4161
4161
4161
4160
4160
4158
4158
4158
4157
4157
4156
4156
4155
4155
4155
4154
4153
4153
4153
4153
4152
4152
4152
4152
4151
4151
4151
4151
4151
4150
4150
4149
4149
4149
4148
4148
4148
4147
4147
4147
4147
4146
4146
4146
4146
4146
4144
4144
4144
4143
4143
4142
4141
4141
4140
4139
4139
4139
4139
4138
4138
4138
4138
4138
4137
4137
4137
4137
4137
4136
4136
4136
4136
4135
4135
4135
4134
4133
4132
4132
4132
4132
4130
4157
4130
4130
4129
4135
4128
4128
4128
4127
4127
4127
4138
4133
4126
4126
4126
4125
4125
4124
4123
4123
4123
4123
4122
4135
4121
4121
4121
4121
4121
4121
4120
4120
4120
4120
4119
4119
4119
4118
4118
4118
4130
4117
4117
4116
4116
4116
4116
4116
4116
4115
4115
4115
4135
4115
4114
4114
4114
4114
4114
4113
4113
4113
4113
4133
4113
4113
4112
4111
4111
4111
4110
4108
4108
4107
4106
4105
4105
4105
4104
4122
4104
4104
4103
4103
4103
4103
4116
4103
4102
4102
4102
4101
4101
4101
4100
4105
4100
4100
4099
4099
4099
4098
4097
4097
4096
4096
4110
4102
4096
4095
4095
4094
4094
4093
4092
4092
4091
4090
4090
4089
4089
4089
4089
4089
4089
4088
4087
4087
4091
4087
4086
4086
4086
4085
4085
4084
4084
4084
4083
4083
4083
4101
4083
4082
4082
4082
4082
4082
4082
4082
4082
4081
4081
4088
4080
4080
4079
4079
4079
4079
4078
4077
4077
4077
4076
4076
4075
4075
4075
4075
4075
4074
4074
4073
4073
4073
4073
4072
4072
4072
4072
4071
4070
4070
4069
4069
4068
4068
4068
4068
4067
4067
4067
4066
4065
4065
4064
4064
4064
4063
4063
4062
4062
4063
4061
4060
4060
4059
4059
4059
4058
4058
4058
4058
4058
4058
4058
4058
4057
4057
4061
4057
4057
4056
4056
4056
4056
4056
4055
4055
4055
4055
4055
4054
4054
4054
4053
4053
4052
4052
4052
4052
4051
4051
4051
4051
4051
4051
4050
4050
4050
4050
4048
4048
4047
4047
4047
4046
4046
4046
4046
4046
4046
4045
4045
4045
4044
4044
4044
4044
4044
4043
4043
4060
4043
4043
4043
4042
4042
4042
4042
4041
4041
4041
4041
4041
4040
4039
4039
4038
4038
4038
4042
4038
4038
4038
4037
4036
4036
4035
4055
4034
4032
4051
4032
4031
4031
4031
4030
4029
4029
4029
4029
4029
4028
4028
4028
4028
4028
4028
4027
4027
4026
4028
4025
4025
4024
4024
4023
4023
4023
4022
4022
4022
4022
4021
4021
4021
4033
4020
4019
4019
4018
4018
4018
4018
4030
4018
4017
4017
4016
4016
4016
4016
4016
4015
4015
4015
4014
4014
4014
4014
4013
4013
4013
4012
4012
4014
4011
4027
4010
4010
4009
4009
4009
4009
4008
4008
4008
4007
4007
4006
4006
4006
4006
4006
4005
4005
4009
4004
4004
4004
4003
4007
4003
4026
4003
4002
4000
4000
4000
4000
4000
4000
3999
3999
3999
3999
3999
3998
3997
3997
3997
3997
3997
3997
3996
3996
3996
3995
3995
3994
3994
4000
3994
3994
3994
3993
3992
3992
3992
3992
3992
4008
3991
3991
3991
3990
3990
3989
3989
3988
3988
3988
3988
3987
3987
3987
3986
3985
3985
3984
3984
3984
3984
3984
3984
3983
3983
3982
3982
3982
3982
3981
3981
3981
3980
3980
3980
3979
3979
3978
3978
3978
3978
3979
3977
3980
3977
3976
3976
3976
3976
3975
3975
3975
3975
3974
3991
3974
3974
3974
3978
3974
3973
3973
3998
3973
3972
3972
3971
3971
3971
3959
3970
3970
3970
3970
3970
3970
3970
3969
3969
3969
3969
3968
3968
3967
3966
3966
3965
3965
3965
3964
3964
3964
3964
3963
3963
3963
3963
3963
3962
3961
3960
3960
3959
3959
3959
3959
3958
3958
3958
3958
3958
3957
3956
3956
3956
3956
3955
3955
3954
3972
3954
3954
3954
3953
3953
3953
3953
3952
3951
3951
3951
3950
3950
3949
3949
3949
3949
3949
3949
3949
3948
3947
3946
3946
3945
3945
3945
3944
3944
3944
3944
3943
3943
3943
3942
3942
3942
3941
3941
3941
3940
3940
3939
3938
3937
3937
3937
3937
3936
3936
3935
3935
3935
3934
3934
3934
3934
3933
3933
3933
3932
3932
3932
3932
3931
3931
3931
3931
3931
3930
3930
3930
3930
3930
3930
3930
3929
3929
3929
3929
3929
3929
3929
3929
3927
3927
3925
3925
3925
3925
3925
3924
3924
3924
3924
3923
3923
3923
3923
3923
3922
3922
3922
3921
3921
3920
3920
3920
3919
3919
3919
3919
3918
3917
3917
3916
3916
3916
3916
3916
3915
3915
3915
3915
3914
3914
3913
3913
3913
3913
3913
3913
3913
3912
3912
3911
3911
3911
3910
3910
3909
3909
3909
3909
3909
3908
3908
3908
3908
3907
3907
3913
3907
3907
3900
3906
3906
3906
3905
3905
3905
3905
3905
3904
3904
3904
3904
3903
3903
3902
3902
3902
3907
3925
3902
3901
3901
3901
3901
3900
3900
3899
3900
3899
3899
3898
3898
3898
3897
3897
3897
3896
3896
3896
3895
3895
3895
3894
3894
3894
3893
3893
3893
3893
3893
3893
3892
3892
3892
3892
3891
3891
3890
3890
3890
3905
3892
3890
3890
3889
3889
3889
3889
3889
3888
3888
3888
3887
3887
3887
3886
3886
3886
3885
3884
3884
3884
3884
3884
3883
3883
3887
3883
3883
3882
3882
3882
3882
3882
3881
3881
3880
3880
3879
3879
3879
3878
3878
3878
3877
3877
3877
3876
3876
3876
3876
3876
3875
3875
3874
3874
3874
3873
3873
3873
3872
3872
3872
3872
3872
3872
3872
3872
3871
3871
3871
3871
3872
3870
3870
3870
3869
3869
3893
3868
3868
3868
3868
3868
3868
3867
3890
3867
3867
3867
3866
3866
3866
3866
3865
3865
3865
3865
3864
3864
3864
3863
3862
3862
3862
3862
3862
3861
3861
3861
3861
3861
3861
3861
3861
3860
3860
3860
3860
3860
3859
3859
3859
3859
3858
3858
3858
3857
3857
3857
3857
3857
3857
3857
3856
3856
3855
3855
3855
3855
3871
3854
3854
3854
3854
3853
3853
3852
3852
3851
3850
3850
3850
3849
3849
3848
3848
3847
3847
3846
3845
3845
3845
3845
3844
3844
3844
3844
3844
3843
3842
3841
3840
3839
3838
3838
3837
3837
3837
3836
3836
3835
3835
3834
3834
3834
3834
3834
3831
3831
3831
3831
3848
3830
3830
3829
3829
3829
3828
3831
3827
3827
3827
3826
3826
3826
3826
3826
3825
3825
3825
3824
3824
3824
3823
3822
3822
3822
3821
3821
3820
3820
3820
3820
3820
3820
3819
3818
3839
3818
3818
3818
3817
3817
3817
3817
3816
3816
3816
3816
3815
3815
3812
3815
3815
3814
3814
3813
3813
3813
3823
3812
3812
3812
3819
3812
3811
3811
3811
3811
3811
3811
3811
3811
3810
3810
3809
3809
3809
3809
3809
3809
3808
3808
3808
3808
3807
3807
3807
3807
3806
3806
3806
3806
3805
3811
3805
3804
3804
3804
3804
3803
3803
3803
3802
3802
3802
3802
3801
3801
3801
3801
3801
3818
3800
3799
3818
3798
3798
3798
3798
3798
3798
3797
3797
3797
3797
3796
3796
3796
3796
3796
3796
3796
3796
3795
3795
3795
3795
3795
3794
3793
3793
3792
3791
3791
3791
3791
3791
3790
3790
3790
3790
3790
3790
3789
3789
3801
3789
3789
3789
3789
3789
3789
3788
3788
3788
3788
3787
3787
3787
3787
3787
3786
3786
3786
3785
3806
3784
3784
3783
3783
3782
3789
3781
3781
3781
3781
3780
3783
3780
3779
3779
3779
3779
3779
3779
3778
3778
3778
3778
3777
3777
3777
3777
3777
3777
3776
3796
3776
3776
3775
3775
3774
3774
3774
3773
3773
3773
3773
3790
3771
3771
3775
3771
3770
3769
3769
3768
3768
3768
3767
3767
3767
3766
3766
3770
3766
3766
3766
3765
3786
3765
3765
3765
3765
3764
3764
3763
3763
3763
3763
3762
3761
3761
3761
3761
3761
3761
3760
3760
3760
3760
3759
3759
3758
3758
3758
3758
3758
3758
3758
3757
3756
3756
3755
3755
3755
3755
3753
3753
3753
3753
3769
3752
3752
3752
3752
3751
3750
3756
3750
3750
3749
3749
3749
3748
3759
3748
3747
3747
3747
3746
3746
3746
3746
3745
3745
3745
3745
3745
3745
3744
3744
3744
3743
3743
3743
3743
3743
3742
3742
3742
3742
3742
3742
3741
3740
3740
3740
3739
3739
3738
3738
3738
3738
3738
3737
3737
3737
3737
3737
3737
3736
3736
3736
3736
3735
3735
3734
3734
3734
3734
3734
3733
3732
3732
3731
3731
3731
3731
3731
3731
3730
3730
3730
3730
3730
3729
3729
3729
3728
3728
3728
3727
3727
3727
3727
3727
3727
3727
3727
3726
3726
3726
3726
3725
3725
3725
3724
3724
3724
3723
3723
3723
3723
3723
3723
3722
3722
3722
3721
3721
3721
3721
3720
3720
3730
3719
3719
3719
3719
3718
3717
3716
3716
3715
3715
3715
3715
3715
3715
3714
3714
3713
3713
3713
3713
3713
3713
3713
3712
3712
3712
3712
3712
3711
3710
3710
3710
3710
3600
3708
3708
3708
3707
3707
3706
3706
3706
3705
3705
3705
3705
3716
3704
3704
3704
3704
3704
3715
3703
3703
3703
3703
3703
3703
3703
3702
3702
3702
3702
3702
3702
3700
3699
3699
3699
3699
3698
3698
3698
3698
3698
3698
3698
3697
3697
3697
3696
3696
3696
3695
3695
3695
3695
3695
3695
3695
3695
3694
3694
3693
3693
3692
3692
3692
3691
3691
3691
3691
3691
3691
3691
3691
3690
3689
3688
3688
3688
3687
3687
3686
3686
3686
3686
3686
3686
3686
3686
3685
3684
3684
3701
3684
3684
3684
3684
3683
3683
3683
3683
3682
3682
3682
3682
3681
3681
3681
3680
3680
3680
3680
3679
3679
3678
3678
3678
3678
3677
3677
3677
3677
3676
3676
3676
3676
3676
3675
3675
3675
3674
3674
3674
3674
3674
3674
3674
3673
3673
3673
3673
3672
3672
3671
3671
3671
3671
3671
3689
3670
3670
3670
3670
3669
3669
3669
3668
3668
3668
3668
3668
3668
3667
3667
3667
3666
3665
3665
3665
3665
3665
3665
3665
3665
3664
3663
3663
3663
3663
3662
3662
3662
3661
3673
3661
3660
3660
3659
3659
3659
3658
3658
3658
3658
3658
3658
3657
3657
3657
3657
3657
3656
3656
3656
3656
3656
3687
3655
3654
3654
3653
3653
3652
3652
3651
3651
3651
3651
3651
3651
3651
3651
3650
3650
3650
3650
3649
3649
3648
3648
3647
3647
3647
3646
3646
3646
3646
3531
3646
3646
3646
3646
3687
3645
3645
3645
3645
3644
3643
3643
3643
3643
3643
3643
3642
3641
3641
3641
3640
3640
3640
3640
3638
3638
3637
3636
3636
3635
3635
3635
3634
3634
3634
3632
3631
3631
3631
3630
3630
3630
3629
3629
3629
3628
3628
3628
3628
3653
3627
3627
3628
3627
3627
3627
3626
3626
3626
3625
3625
3624
3624
3624
3623
3623
3623
3623
3623
3623
3622
3622
3621
3621
3621
3620
3620
3620
3620
3619
3619
3619
3619
3618
3618
3618
3617
3617
3617
3616
3616
3616
3616
3615
3615
3615
3615
3639
3614
3618
3613
3613
3613
3613
3613
3613
3612
3612
3612
3611
3610
3610
3609
3609
3609
3609
3609
3608
3608
3608
3608
3608
3607
3607
3607
3607
3607
3606
3606
3606
3613
3605
3605
3605
3605
3605
3604
3604
3604
3603
3602
3602
3602
3602
3601
3601
3600
3600
3617
3600
3599
3599
3606
3599
3599
3598
3598
3598
3598
3597
3596
3596
3596
3595
3595
3595
3595
3595
3595
3595
3594
3594
3593
3593
3593
3593
3593
3592
3592
3591
3591
3604
3590
3590
3589
3589
3589
3589
3589
3589
3589
3588
3588
3588
3588
3588
3588
3588
3587
3587
3587
3587
3587
3586
3586
3586
3586
3586
3586
3586
3585
3585
3585
3585
3584
3584
3584
3584
3584
3584
3583
3583
3589
3583
3583
3582
3582
3582
3582
3582
3581
3581
3581
3581
3581
3580
3580
3587
3580
3579
3579
3579
3579
3578
3578
3578
3577
3577
3577
3577
3577
3577
3577
3576
3576
3576
3575
3575
3587
3574
3574
3574
3574
3574
3573
3573
3573
3573
3572
3571
3571
3571
3570
3570
3570
3570
3583
3570
3570
3569
3569
3569
3568
3568
3568
3567
3567
3567
3567
3566
3565
3565
3565
3565
3564
3564
3564
3564
3564
3564
3564
3564
3563
3563
3563
3563
3562
3570
3562
3560
3560
3560
3558
3557
3556
3556
3556
3556
3556
3556
3556
3556
3555
3554
3554
3554
3554
3554
3553
3553
3553
3553
3553
3553
3553
3552
3552
3552
3552
3552
3552
3552
3552
3551
3551
3551
3550
3550
3550
3550
3549
3549
3549
3549
3549
3549
3549
3549
3549
3548
3549
3548
3547
3547
3547
3547
3547
3547
3546
3546
3545
3545
3545
3545
3545
3545
3544
3544
3544
3544
3544
3543
3543
3543
3547
3542
3542
3545
3542
3541
3541
3541
3554
3541
3541
3540
3540
3498
3540
3540
3540
3540
3540
3539
3539
3538
3538
3538
3538
3538
3538
3563
3538
3537
3537
3537
3537
3537
3536
3550
3535
3535
3534
3534
3534
3533
3533
3533
3532
3532
3532
3531
3530
3530
3529
3529
3529
3528
3528
3528
3528
3528
3528
3528
3527
3527
3527
3527
3526
3526
3526
3549
3525
3525
3525
3525
3524
3524
3524
3524
3527
3524
3524
3524
3524
3523
3523
3523
3523
3523
3523
3522
3522
3522
3522
3522
3522
3524
3521
3520
3530
3520
3519
3519
3519
3519
3519
3519
3518
3518
3518
3517
3517
3517
3516
3516
3516
3516
3515
3515
3514
3514
3513
3513
3513
3513
3513
3512
3512
3512
3512
3512
3512
3512
3512
3511
3511
3511
3511
3511
3511
3510
3510
3510
3509
3509
3509
3509
3509
3509
3508
3516
3508
3508
3508
3507
3507
3507
3506
3506
3506
3506
3506
3506
3505
3505
3505
3524
3505
3504
3504
3504
3504
3504
3504
3504
3503
3503
3503
3503
3503
3503
3502
3502
3491
3502
3501
3507
3501
3501
3501
3501
3500
3500
3500
3500
3500
3500
3500
3499
3499
3499
3499
3499
3498
3498
3498
3498
3497
3497
3497
3497
3496
3496
3496
3496
3495
3495
3494
3494
3494
3494
3493
3493
3493
3493
3493
3493
3492
3492
3491
3491
3491
3491
3491
3491
3491
3491
3490
3490
3490
3525
3489
3489
3488
3488
3488
3488
3488
3488
3488
3488
3488
3488
3487
3487
3498
3487
3487
3487
3487
3487
3487
3486
3486
3486
3486
3486
3486
3485
3485
3484
3484
3484
3484
3484
3484
3483
3483
3483
3482
3482
3482
3482
3481
3481
3481
3480
3480
3480
3480
3480
3479
3479
3481
3482
3479
3479
3479
3478
3478
3478
3478
3477
3477
3477
3476
3476
3475
3475
3475
3475
3475
3474
3474
3473
3473
3476
3472
3472
3472
3472
3472
3471
3471
3471
3471
3471
3471
3470
3470
3470
3470
3470
3470
3470
3469
3469
3469
3469
3469
3469
3483
3469
3468
3468
3468
3467
3475
3467
3467
3467
3466
3466
3466
3466
3466
3466
3466
3466
3465
3465
3464
3464
3464
3464
3464
3463
3463
3463
3463
3462
3462
3461
3461
3460
3460
3460
3460
3460
3466
3459
3458
3458
3458
3458
3457
3457
3457
3456
3456
3455
3455
3454
3454
3454
3456
3453
3453
3453
3453
3453
3452
3452
3451
3451
3451
3451
3451
3450
3450
3449
3449
3449
3449
3448
3448
3448
3447
3447
3459
3446
3446
3446
3445
3445
3445
3445
3445
3444
3444
3444
3444
3444
3443
3443
3449
3443
3442
3442
3442
3442
3442
3442
3441
3441
3441
3441
3440
3440
3440
3440
3440
3440
3439
3439
3439
3438
3438
3438
3438
3438
3438
3438
3438
3437
3437
3437
3436
3436
3435
3435
3435
3434
3434
3434
3434
3433
3433
3433
3433
3432
3432
3432
3431
3431
3431
3431
3431
3430
3430
3430
3430
3429
3429
3429
3429
3429
3429
3428
3428
3428
3428
3428
3428
3428
3426
3426
3441
3425
3425
3424
3424
3424
3423
3423
3423
3422
3422
3422
3422
3422
3421
3421
3421
3421
3420
3420
3420
3420
3420
3419
3419
3419
3418
3418
3418
3418
3437
3417
3417
3416
3416
3416
3416
3416
3414
3413
3413
3413
3413
3413
3412
3412
3412
3411
3411
3411
3411
3411
3411
3410
3410
3410
3409
3409
3409
3409
3409
3409
3408
3407
3407
3407
3407
3407
3407
3407
3406
3406
3406
3406
3405
3404
3404
3404
3404
3403
3403
3403
3417
3402
3402
3402
3401
3401
3401
3401
3401
3400
3400
3400
3400
3399
3399
3399
3399
3398
3398
3398
3397
3397
3397
3397
3397
3397
3397
3397
3397
3396
3396
3396
3396
3395
3395
3395
3395
3395
3395
3395
3395
3395
3394
3394
3394
3393
3393
3393
3392
3392
3392
3392
3391
3391
3391
3390
3390
3390
3390
3390
3390
3389
3389
3389
3389
3389
3388
3388
3388
3388
3388
3388
3387
3387
3387
3387
3387
3386
3386
3386
3386
3386
3385
3385
3385
3385
3385
3395
3384
3384
3370
3384
3383
3383
3383
3383
3382
3382
3382
3382
3382
3382
3382
3382
3381
3381
3380
3380
3380
3380
3380
3379
3379
3379
3380
3379
3379
3379
3378
3378
3378
3377
3377
3377
3376
3376
3375
3375
3374
3374
3374
3374
3374
3373
3373
3373
3373
3373
3373
3373
3373
3372
3372
3372
3371
3371
3371
3371
3370
3370
3370
3370
3370
3369
3369
3369
3377
3369
3369
3369
3368
3368
3368
3367
3367
3367
3367
3366
3256
3366
3366
3365
3364
3364
3363
3363
3363
3362
3362
3362
3362
3362
3361
3383
3361
3361
3360
3360
3360
3360
3360
3360
3359
3359
3359
3359
3359
3358
3358
3358
3358
3358
3358
3358
3357
3357
3356
3356
3356
3356
3356
3356
3355
3355
3355
3355
3368
3355
3355
3354
3354
3354
3354
3354
3354
3353
3353
3353
3353
3353
3353
3352
3351
3351
3351
3351
3351
3351
3350
3350
3363
3350
3350
3350
3350
3349
3349
3349
3349
3349
3349
3348
3348
3348
3348
3347
3347
3347
3346
3346
3346
3346
3346
3346
3345
3345
3345
3345
3345
3345
3345
3344
3344
3344
3344
3343
3343
3343
3342
3342
3341
3341
3361
3341
3341
3340
3340
3340
3340
3340
3339
3339
3339
3339
3338
3338
3338
3337
3336
3336
3335
3335
3352
3335
3335
3334
3334
3334
3334
3334
3334
3334
3333
3333
3333
3333
3332
3332
3331
3331
3331
3331
3330
3330
3337
3330
3330
3330
3330
3329
3329
3329
3329
3329
3328
3328
3328
3328
3328
3328
3328
3327
3327
3326
3326
3326
3326
3326
3325
3325
3325
3325
3324
3323
3323
3323
3322
3322
3322
3322
3322
3322
3322
3322
3322
3321
3321
3321
3321
3321
3320
3320
3320
3319
3319
3341
3319
3319
3319
3327
3318
3321
3318
3318
3317
3316
3316
3316
3316
3316
3316
3316
3315
3315
3315
3315
3315
3315
3315
3315
3314
3314
3314
3314
3314
3314
3313
3313
3313
3313
3313
3312
3312
3312
3312
3312
3311
3311
3311
3311
3311
3311
3310
3310
3310
3323
3310
3310
3310
3309
3318
3309
3308
3308
3308
3308
3308
3307
3307
3307
3307
3306
3340
3306
3305
3305
3305
3305
3305
3305
3305
3305
3304
3332
3304
3304
3304
3304
3303
3303
3303
3303
3302
3302
3302
3302
3302
3302
3302
3302
3329
3302
3302
3302
3302
3301
3301
3301
3301
3301
3301
3300
3304
3300
3299
3299
3298
3311
3298
3298
3297
3297
3297
3297
3302
3296
3296
3295
3295
3295
3295
3295
3295
3294
3294
3293
3293
3293
3292
3292
3292
3292
3292
3291
3291
3291
3290
3290
3290
3290
3289
3289
3307
3288
3288
3287
3287
3315
3287
3287
3302
3287
3287
3287
3286
3286
3286
3286
3286
3286
3285
3285
3285
3284
3284
3284
3284
3284
3284
3283
3283
3283
3283
3283
3283
3282
3282
3282
3282
3282
3281
3281
3281
3281
3281
3280
3280
3280
3280
3280
3279
3279
3279
3278
3278
3278
3277
3277
3277
3277
3277
3276
3276
3276
3276
3276
3275
3275
3275
3275
3274
3274
3274
3287
3273
3273
3273
3273
3273
3272
3280
3272
3272
3272
3271
3271
3271
3271
3270
3270
3270
3270
3270
3269
3269
3269
3268
3268
3268
3268
3268
3268
3268
3267
3267
3267
3267
3267
3267
3267
3266
3266
3266
3266
3266
3266
3265
3265
3265
3265
3265
3267
3263
3263
3263
3263
3263
3262
3275
3262
3262
3262
3261
3261
3261
3260
3260
3259
3259
3259
3259
3259
3259
3259
3258
3257
3257
3257
3257
3256
3256
3256
3255
3255
3254
3254
3254
3254
3253
3253
3252
3252
3252
3252
3252
3251
3251
3251
3251
3251
3250
3250
3250
3250
3250
3250
3249
3249
3249
3248
3248
3248
3248
3248
3248
3247
3247
3247
3247
3247
3247
3247
3246
3246
3246
3245
3245
3245
3245
3245
3245
3244
3248
3247
3244
3244
3244
3244
3244
3243
3243
3243
3243
3243
3243
3243
3242
3242
3242
3242
3242
3241
3241
3241
3241
3240
3240
3240
3240
3240
3240
3240
3239
3239
3239
3239
3238
3238
3238
3237
3237
3237
3237
3237
3238
3236
3236
3236
3235
3235
3234
3234
3234
3234
3234
3234
3234
3233
3233
3233
3233
3233
3232
3232
3232
3232
3231
3231
3231
3231
3231
3230
3230
3230
3230
3230
3229
3229
3229
3252
3229
3229
3228
3228
3228
3228
3227
3227
3227
3227
3227
3227
3226
3226
3226
3238
3226
3226
3226
3226
3225
3225
3225
3224
3224
3224
3224
3250
3224
3224
3224
3224
3223
3224
3222
3222
3221
3221
3221
3221
3221
3220
3220
3263
3219
3219
3219
3219
3218
3218
3218
3218
3221
3218
3218
3217
3217
3217
3217
3217
3217
3216
3216
3216
3216
3216
3215
3214
3214
3214
3214
3214
3214
3214
3213
3213
3213
3213
3213
3213
3230
3212
3212
3211
3211
3211
3211
3210
3210
3210
3210
3210
3210
3210
3210
3211
3210
3210
3209
3209
3209
3209
3211
3209
3208
3208
3208
3208
3208
3208
3207
3207
3207
3207
3207
3206
3206
3206
3206
3206
3206
3206
3206
3206
3205
3205
3205
3205
3205
3205
3205
3205
3205
3205
3204
3204
3204
3204
3204
3204
3204
3203
3203
3203
3203
3203
3202
3202
3202
3202
3201
3201
3201
3201
3201
3201
3200
3200
3199
3199
3199
3199
3199
3199
3199
3198
3198
3198
3198
3198
3198
3197
3197
3197
3197
3196
3196
3196
3196
3196
3196
3195
3195
3195
3195
3195
3199
3195
3195
3195
3194
3194
3194
3194
3194
3193
3193
3193
3193
3193
3193
3193
3192
3192
3192
3192
3192
3192
3192
3192
3192
3191
3191
3191
3190
3190
3190
3222
3190
3190
3190
3190
3190
3190
3190
3190
3189
3189
3216
3189
3189
3189
3188
3188
3187
3187
3187
3187
3186
3186
3186
3186
3186
3185
3185
3185
3075
3185
3185
3184
3192
3202
3183
3183
3183
3183
3183
3182
3182
3182
3182
3182
3182
3182
3181
3181
3180
3180
3179
3179
3179
3179
3179
3179
3193
3179
3178
3178
3178
3178
3178
3178
3177
3177
3177
3177
3177
3176
3175
3175
3175
3175
3175
3174
3174
3174
3174
3174
3174
3174
3173
3173
3173
3173
3173
3172
3172
3172
3172
3172
3172
3172
3172
3171
3171
3171
3171
3171
3170
3170
3170
3170
3170
3170
3170
3170
3170
3169
3169
3169
3169
3169
3168
3168
3168
3167
3167
3167
3167
3167
3166
3166
3165
3165
3165
3165
3165
3164
3164
3164
3163
3163
3163
3163
3162
3162
3162
3162
3162
3162
3162
3161
3161
3161
3161
3161
3161
3161
3160
3160
3160
3160
3160
3160
3174
3160
3159
3159
3159
3159
3159
3159
3159
3159
3159
3159
3158
3158
3158
3158
3158
3158
3157
3157
3157
3157
3156
3156
3155
3155
3155
3155
3155
3155
3154
3154
3154
3154
3154
3153
3153
3153
3153
3153
3153
3152
3152
3152
3152
3152
3152
3152
3152
3151
3151
3151
3150
3150
3150
3150
3149
3149
3149
3148
3148
3148
3160
3148
3148
3148
3147
3147
3147
3147
3146
3146
3146
3146
3146
3146
3146
3145
3145
3145
3145
3145
3145
3145
3145
3144
3144
3144
3144
3144
3144
3143
3143
3143
3142
3142
3142
3141
3141
3141
3141
3141
3141
3140
3140
3140
3140
3140
3139
3139
3139
3139
3139
3139
3138
3138
3138
3138
3138
3137
3137
3137
3149
3136
3136
3136
3136
3136
3136
3135
3135
3159
3135
3143
3135
3135
3134
3134
3134
3134
3134
3134
3134
3134
3134
3134
3133
3133
3133
3133
3132
3132
3132
3136
3132
3132
3131
3131
3130
3130
3130
3130
3129
3141
3129
3129
3129
3128
3128
3128
3141
3128
3127
3127
3127
3126
3126
3126
3126
3126
3126
3126
3125
3125
3125
3125
3124
3124
3124
3124
3124
3124
3124
3124
3123
3123
3123
3123
3123
3123
3123
3122
3122
3122
3122
3122
3121
3121
3121
3121
3121
3120
3120
3120
3120
3120
3119
3119
3119
3119
3119
3119
3118
3118
3118
3118
3117
3117
3120
3117
3117
3117
3117
3116
3116
3116
3116
3115
3115
3115
3115
3115
3114
3114
3114
3113
3113
3113
3113
3113
3113
3113
3112
3112
3112
3112
3112
3112
3111
3111
3111
3111
3111
3111
3110
3110
3110
3110
3109
3109
3109
3109
3109
3109
3108
3108
3108
3107
3107
3107
3107
3107
3106
3106
3106
3106
3106
3106
3106
3106
3106
3106
3106
3106
3106
3106
3105
3105
3105
3105
3105
3105
3105
3105
3104
3104
3104
3104
3103
3103
3103
3103
3113
3102
3102
3102
3102
3102
3102
3102
3101
3101
3101
3101
3118
3100
3100
3100
3100
3100
3100
3100
3100
3099
3099
3099
3099
3098
3098
3097
3097
3096
3096
3096
3095
3095
3095
3095
3095
3095
3094
3094
3094
3094
3093
3093
3093
3093
3093
3092
3092
3091
3091
3091
3091
3091
3091
3090
3090
3090
3090
3090
3090
3090
3089
3089
3089
3089
3089
3088
3088
3088
3088
3088
3088
3102
3087
3087
3087
3087
3087
3086
3086
3086
3088
3086
3086
3086
3085
3085
3085
3085
3085
3085
3084
3084
3084
3084
3083
3083
3083
3083
3082
3097
3082
3082
3081
3081
3081
3081
3081
3081
3081
3080
3080
3080
3080
3080
3080
3080
3080
3080
3080
3079
3079
3079
3079
3078
3078
3078
3078
3077
3077
3076
3076
3076
3075
3075
3075
3075
3075
3075
3075
3074
3074
3074
3074
3077
3074
3074
3086
3074
3073
3073
3073
3073
3073
3073
3073
3072
3072
3072
3072
3072
3072
3071
3071
3074
3070
3070
3070
3070
3070
3070
3070
3069
3069
3069
3069
3068
3068
3068
3068
3068
3068
3068
3067
3067
3067
3066
3066
3066
3074
3065
3065
3065
3065
3065
3065
3065
3064
3064
3064
3064
3064
3064
3064
3064
3063
3063
3063
3063
3063
3063
3063
3063
3062
3062
3062
3062
3062
3061
3061
3061
3061
3061
3061
3061
3061
3060
3060
3060
3060
3060
3060
3059
3059
3059
3058
3058
3058
3058
3058
3058
3057
3057
3057
3057
3078
3057
3057
3057
3057
3056
3067
3056
3056
3055
3055
3055
3055
3055
3055
3055
3054
3054
3054
3054
3054
3061
3054
3053
3053
3053
3053
3053
3052
3069
3052
3052
3052
3052
3052
3052
3052
3052
3051
3051
3051
3051
3051
3051
3051
3051
3051
3051
3051
3050
3050
3050
3050
3050
3051
3050
3049
3049
3049
3049
3049
3049
3049
3049
3048
3057
3048
3048
3047
3047
3047
3047
3047
3047
3047
3047
3047
3047
3047
3047
3047
3046
3046
3046
3046
3046
3046
3045
3045
3045
3045
3045
3045
3045
3044
3053
3044
3044
3044
3044
3043
3043
3043
3043
3043
3043
3043
3043
3046
3043
3042
3042
3042
3042
3042
3042
3042
3042
3041
3041
3041
3041
3041
3041
3041
3041
3041
3040
3040
3040
3040
3040
3040
3040
3039
3039
3039
3039
3039
3038
3038
3038
3038
3038
3038
3037
3037
3037
3037
3037
3037
3037
3037
3037
3037
3036
3036
3036
3036
3036
3036
3036
3035
3035
3035
3035
3035
3035
3035
3035
3035
3046
3034
3034
3034
3034
3033
3033
3033
3033
3033
3032
3032
3032
3032
3032
3032
3032
3032
3031
3031
3031
3031
3031
3031
3031
3031
3031
3030
3030
3030
3030
3030
3029
3029
3028
3028
3028
3027
3027
3027
3027
3027
3027
3027
3026
3026
3026
3026
3031
3025
3025
3025
3025
3025
3025
3025
3025
3024
3028
3024
3024
3024
3024
3024
3023
3023
3023
3023
3023
3023
3023
3023
3023
3023
3022
3022
3022
3022
3022
3021
3021
3021
3021
3021
3020
3020
3020
3020
3020
3020
3020
3020
3019
3019
3019
3019
3019
3018
3018
3018
3018
3017
3017
3017
3017
3016
3016
3016
3016
3016
3016
3016
3016
3015
3015
3015
3014
3014
3014
3014
3013
3013
3013
3013
3013
3013
3013
3013
3013
3012
3012
3012
3012
3012
3012
3012
3030
3012
3011
3011
3011
3011
3011
3011
3011
3010
3010
3010
3010
3010
3010
3010
3009
3009
3009
3009
3013
3008
3008
3008
3008
3008
3008
3008
3008
3007
3007
3007
3006
3006
3006
3005
3005
3005
3005
3005
3004
3004
3004
3004
3004
3004
3003
3003
3003
3002
3002
3002
3002
3002
3002
3002
3002
3002
3001
3001
3001
3000
3012
3000
3000
3000
3000
3000
3003
3008
3004
