664422
295671
282821
267686
260872
255175
243750
228975
228780
228694
226849
221900
212927
210717
204735
191887
191477
180122
178006
168207
165538
161794
158950
154833
149702
147271
146369
143941
137422
133031
132971
131000
128580
128471
126870
126425
124618
123036
122784
117607
114242
112814
108325
108158
107850
105943
105241
104475
104325
102950
100402
100053
95264
94176
93933
93520
92819
92188
91764
89930
89765
88746
88620
88372
87429
87112
86395
86258
85965
85435
85313
84961
84757
84243
83919
83779
83564
82627
82327
82114
81975
81372
81328
80694
80687
80387
80150
79476
79013
77507
77491
77016
76804
76716
76665
76405
76172
75477
75145
74573
73754
72715
72446
72371
72139
71753
71704
71640
70932
70920
70765
70743
70654
70638
70336
70252
69687
69439
69085
68957
68900
67499
67433
66660
66656
66232
66071
66068
65907
65784
65332
65009
64876
64797
64205
64025
63660
62631
62506
62333
62251
62165
62042
61988
61785
61754
61490
61346
61324
61296
61173
61109
61085
61008
60953
60719
60502
60469
60451
60415
60043
59674
59344
59255
58965
58892
58846
58566
58449
58413
58371
58329
58143
58075
58070
57972
57848
57836
57688
57607
57499
57254
57018
56993
56937
56920
56913
56775
56764
56616
56512
56328
56267
56184
55954
55926
55824
55715
55406
54965
54958
54682
54253
54244
54220
54122
54091
53913
53875
53833
53758
53079
52962
52871
52486
52482
52426
52329
52286
51968
51966
51887
51786
51621
51609
51463
51375
51343
51275
50954
50900
50782
50669
50573
50195
50174
50082
50039
49932
49882
49739
49263
49097
48883
48823
48805
48775
48687
48666
48571
48516
48424
48157
48139
47959
47890
47829
47632
47630
47589
47554
47532
47373
47155
47150
47032
46987
46951
46917
46724
46632
46623
46596
46595
46456
46334
46324
46270
46156
46090
46085
46057
46028
45986
45967
45906
45809
45719
45596
45490
45487
45309
45217
45137
45126
45028
44969
44838
44690
44667
44560
44554
44488
44420
44036
43897
43768
43584
43444
43378
43255
43218
42982
42971
42951
42762
42683
42664
42640
42634
42620
42544
42521
42480
42479
42462
42417
42214
42163
42029
41922
41873
41559
41552
41528
41483
41405
41386
41263
41233
41225
41161
41071
41060
41030
40934
40897
40756
40718
40704
40528
40499
40475
40435
40400
40294
40221
40138
40137
39999
39970
39861
39778
39658
39430
39402
39400
39395
39365
39296
39248
39186
39118
39110
39077
39072
38926
38844
38683
38429
38306
38293
38265
38246
38195
38135
38102
38065
38024
37986
37930
37723
37634
37597
37537
37456
37456
37391
37350
37313
37295
37188
37125
37094
37090
37063
37057
37012
36933
36767
36751
36711
36423
36415
36308
36202
36172
36132
36082
36019
35946
35893
35917
35890
35752
35730
35701
35585
35495
35381
35326
35288
35246
35208
35153
35109
35077
35048
35007
34930
34787
34782
34720
34548
34421
34419
34257
34221
34202
34152
34148
34072
33981
33936
33831
33722
33682
33672
33643
33622
33615
33600
33560
33521
33502
33441
33407
33391
33371
33365
33346
33261
33245
33235
33170
33146
33146
33131
33120
33107
33027
33010
32976
32960
32943
32811
32708
32685
32641
32629
32627
32610
32574
32490
32422
32374
32321
32297
32270
32255
32252
32219
32183
32103
32088
32085
32040
31999
31991
31982
31982
31914
31888
31863
31821
31813
31811
31715
31610
31562
31492
31488
31405
31396
31375
31338
31337
31320
31312
31273
31250
31242
31202
30933
30890
30873
30851
30845
30837
30785
30744
30740
30740
30673
30564
30515
30442
30422
30422
30380
30332
30275
30259
30231
30219
30098
30076
30012
29896
29826
29820
29785
29767
29740
29712
29617
29539
29531
29526
29525
29474
29472
29412
29407
29387
29349
29327
29270
29182
29148
29148
29144
29138
29088
29059
29048
28955
28912
28901
28892
28882
28815
28798
28762
28727
28694
28619
28591
28565
28558
28558
28547
28543
28522
28504
28495
28494
28492
28482
28476
28467
28447
28437
28422
28384
28338
28317
28293
28197
28174
28113
28097
28060
28060
27977
27957
27944
27834
27823
27765
27753
27684
27674
27667
27645
27499
27495
27481
27458
27458
27449
27395
27389
27387
27365
27327
27317
27287
27251
27243
27188
27167
27162
27144
27069
27049
26945
26904
26896
26885
26836
26746
26743
26740
26705
26699
26690
26682
26679
26671
26631
26614
26606
26602
26564
26534
26507
26481
26486
26450
26431
26424
26417
26320
26313
26286
26267
26231
26210
26146
26106
26055
26043
25973
25924
25878
25866
25864
25820
25803
25797
25778
25773
25768
25752
25745
25737
25711
25708
25701
25652
25598
25590
25582
25566
25553
25497
25470
25469
25419
25407
25400
25358
25315
25286
25260
25256
25250
25244
25216
25193
25188
25138
25124
25120
25119
25084
25082
25039
25029
24987
24907
24799
24798
24770
24749
24722
24710
24695
24569
24552
24507
24492
24480
24479
24450
24439
24420
24416
24416
24337
24336
24330
24308
24293
24278
24264
24262
24273
24254
24245
24224
24222
24211
24209
24208
24179
24172
24110
24106
24077
24063
24038
23994
23984
23897
23873
23833
23830
23828
23827
23802
23764
23741
23701
23636
23606
23603
23602
23590
23589
23561
23544
23533
23512
23509
23468
23468
23373
23351
23323
23323
23317
23291
23286
23276
23272
23270
23284
23227
23201
23190
23190
23119
23116
23078
23066
23061
23049
22964
22896
22870
22836
22806
22804
22764
22754
22728
22687
22685
22657
22648
22648
22646
22634
22631
22627
22583
22575
22562
22545
22502
22506
22456
22441
22435
22423
22403
22373
22351
22351
22370
22340
22333
22329
22320
22320
22313
22300
22283
22292
22245
22233
22196
22185
22110
22034
22033
22011
22003
22002
21991
21938
21933
21913
21911
21889
21882
21877
21834
21820
21813
21789
21783
21777
21753
21740
21730
21700
21697
21661
21651
21632
21626
21624
21598
21567
21565
21562
21560
21537
21536
21512
21523
21507
21506
21501
21478
21430
21429
21424
21412
21409
21406
21373
21340
21316
21310
21287
21271
21261
21240
21224
21206
21204
21129
21112
21086
21067
21047
21047
21030
21019
21017
21010
21002
20966
20943
20920
20897
20848
20844
20819
20801
20792
20791
20784
20780
20770
20739
20728
20721
20717
20712
20699
20712
20688
20680
20658
20598
20589
20568
20562
20544
20509
20507
20488
20466
20463
20418
20411
20381
20357
20356
20315
20287
20275
20274
20239
20239
20232
20216
20214
20201
20200
20187
20170
20151
20091
20102
20065
20052
20033
20031
20021
20010
19994
19990
19985
19984
19973
19969
19910
19905
19902
19899
19899
19885
19882
19871
19859
19838
19844
19801
19800
19788
19775
19773
19775
19766
19765
19765
19757
19745
19738
19733
19733
19681
19657
19644
19624
19618
19594
19592
19588
19582
19579
19567
19566
19564
19559
19559
19550
19543
19543
19526
19522
19518
19502
19494
19490
19481
19457
19408
19394
19379
19373
19350
19345
19336
19328
19324
19306
19281
19268
19243
19184
19152
19145
19099
19095
19095
19071
19066
19060
19048
19039
19034
19008
19008
18989
18987
18935
18924
18895
18888
18883
18902
18860
18858
18848
18823
18808
18799
18800
18784
18775
18774
18771
18771
18770
18768
18748
18741
18727
18715
18700
18694
18677
18674
18669
18664
18662
18657
18656
18655
18642
18630
18626
18614
18611
18609
18606
18597
18573
18557
18553
18550
18548
18530
18522
18521
18518
18511
18504
18501
18499
18487
18481
18479
18422
18417
18402
18394
18391
18389
18386
18385
18400
18369
18363
18354
18337
18327
18299
18281
18266
18258
18240
18237
18233
18227
18208
18190
18175
18167
18151
18140
18114
18113
18100
18093
18055
18039
17997
17971
17955
17930
17924
17922
17908
17891
17878
17871
17864
17838
17844
17862
17823
17807
17784
17769
17748
17739
17738
17730
17729
17725
17713
17682
17659
17654
17639
17628
17614
17592
17590
17575
17566
17560
17559
17555
17548
17540
17539
17538
17532
17507
17491
17466
17428
17424
17400
17385
17376
17371
17349
17314
17314
17313
17312
17309
17306
17304
17279
17276
17273
17235
17233
17233
17226
17197
17183
17182
17178
17178
17168
17152
17148
17146
17150
17142
17141
17137
17133
17133
17133
17122
17120
17114
17112
17103
17091
17089
17086
17082
17071
17066
17062
17045
17043
17032
17023
17023
17000
16986
16985
16982
16981
16971
16968
16960
16959
16951
16948
16926
16924
16919
16915
16885
16862
16856
16839
16838
16818
16810
16788
16772
16772
16746
16717
16691
16685
16645
16626
16622
16622
16617
16617
16616
16614
16604
16596
16588
16580
16580
16535
16529
16517
16514
16513
16507
16505
16492
16492
16485
16479
16472
16465
16464
16462
16460
16451
16451
16436
16421
16408
16407
16420
16397
16395
16380
16377
16376
16375
16371
16368
16368
16357
16338
16329
16324
16323
16316
16315
16307
16292
16288
16277
16263
16252
16239
16232
16216
16219
16211
16208
16204
16196
16196
16187
16186
16156
16145
16142
16125
16123
16122
16110
16102
16080
16068
16067
16055
16036
16030
16007
16001
15980
15970
15966
15934
15928
15926
15922
15920
15913
15910
15909
15896
15883
15881
15874
15875
15872
15870
15856
15837
15830
15829
15813
15810
15809
15795
15789
15789
15786
15764
15747
15750
15734
15733
15733
15722
15716
15709
15709
15700
15695
15669
15647
15646
15631
15628
15618
15603
15599
15547
15542
15542
15541
15526
15503
15508
15475
15457
15459
15445
15436
15408
15405
15385
15378
15394
15374
15365
15363
15354
15350
15341
15348
15329
15316
15315
15306
15286
15300
15277
15265
15262
15254
15241
15229
15221
15210
15195
15189
15209
15181
15178
15168
15164
15158
15157
15152
15164
15123
15102
14986
15095
15089
15077
15065
15042
15037
15034
15016
15012
15011
15007
15000
14989
14980
14977
14976
14985
14968
14961
14959
14941
14932
14921
14912
14905
14891
14886
14874
14858
14855
14849
14847
14835
14833
14832
14825
14796
14784
14781
14779
14778
14767
14765
14757
14756
14742
14736
14732
14728
14719
14706
14689
14653
14647
14646
14644
14641
14630
14630
14627
14619
14611
14592
14578
14565
14537
14532
14531
14521
14513
14513
14465
14459
14474
14437
14422
14404
14403
14399
14393
14382
14382
14381
14384
14379
14370
14337
14336
14335
14328
14328
14320
14308
14303
14298
14288
14291
14280
14275
14265
14264
14256
14251
14237
14236
14230
14201
14201
14194
14194
14185
14181
14172
14172
14162
14154
14147
14128
14119
14111
14082
14079
14076
14062
14052
14046
14035
14031
14030
14021
14019
14014
14013
14012
13998
13988
13981
13978
13967
13959
13955
13950
13973
13946
13942
13934
13930
13928
13925
13914
13907
13889
13861
13844
13833
13833
13831
13818
13817
13816
13815
13811
13809
13788
13777
13772
13769
13766
13744
13743
13725
13720
13719
13713
13702
13701
13693
13685
13660
13657
13644
13639
13639
13633
13611
13610
13606
13601
13597
13596
13590
13586
13582
13580
13569
13552
13535
13527
13508
13496
13479
13479
13478
13476
13467
13460
13445
13444
13443
13432
13420
13417
13416
13415
13410
13409
13402
13401
13384
13384
13382
13381
13379
13376
13376
13374
13361
13357
13356
13352
13335
13335
13333
13327
13326
13322
13320
13317
13302
13299
13292
13284
13278
13275
13275
13272
13245
13239
13234
13228
13218
13216
13211
13207
13207
13202
13199
13197
13172
13152
13168
13123
13112
13100
13090
13089
13075
13056
13043
13033
13029
13025
13022
13004
12991
12991
12988
12985
12970
12965
12958
12940
12932
12924
12922
12920
12915
12909
12909
12905
12905
12903
12897
12888
12887
12884
12882
12881
12899
12879
12873
12866
12864
12860
12858
12855
12854
12858
12835
12834
12832
12832
12828
12827
12816
12814
12828
12809
12808
12806
12805
12798
12795
12790
12782
12780
12779
12776
12766
12766
12760
12760
12764
12757
12756
12752
12740
12736
12735
12734
12707
12705
12705
12690
12679
12675
12673
12659
12659
12653
12651
12651
12648
12646
12643
12641
12636
12622
12619
12611
12609
12600
12595
12590
12580
12578
12564
12564
12560
12559
12556
12550
12543
12521
12516
12516
12509
12506
12505
12499
12486
12485
12476
12471
12471
12468
12462
12452
12445
12445
12440
12437
12437
12437
12435
12427
12416
12392
12390
12386
12378
12377
12376
12375
12375
12366
12361
12359
12358
12353
12352
12349
12348
12347
12341
12335
12332
12331
12318
12314
12311
12297
12293
12292
12285
12287
12281
12274
12273
12254
12253
12252
12251
12237
12236
12226
12216
12216
12204
12202
12200
12199
12239
12194
12182
12182
12176
12163
12162
12161
12160
12153
12153
12150
12135
12133
12127
12125
12124
12120
12116
12110
12110
12086
12083
12082
12080
12093
12064
12063
12060
12059
12054
12053
12050
12046
12044
12034
12031
12016
12024
12012
12008
11996
11989
11987
11985
11987
11969
11967
11957
11956
11950
11950
11949
11948
11936
11934
11935
11920
11906
11897
11896
11912
11885
11876
11874
11872
11871
11856
11847
11835
11833
11831
11826
11847
11818
11825
11796
11791
11783
11781
11778
11743
11742
11739
11738
11730
11722
11713
11711
11699
11692
11691
11691
11681
11676
11670
11665
11664
11660
11657
11653
11651
11642
11642
11638
11637
11636
11631
11626
11621
11618
11615
11609
11598
11597
11581
11579
11596
11567
11565
11562
11542
11541
11539
11536
11530
11527
11517
11511
11510
11509
11500
11497
11497
11493
11492
11485
11485
11483
11475
11467
11445
11441
11437
11433
11427
11427
11412
11392
11390
11382
11367
11366
11358
11346
11355
11338
11334
11334
11327
11323
11320
11314
11310
11309
11299
11296
11290
11289
11288
11284
11282
11276
11274
11267
11266
11257
11256
11255
11246
11245
11243
11239
11238
11211
11211
11205
11199
11198
11194
11192
11192
11190
11187
11186
11180
11179
11174
11156
11154
11150
11143
11136
11124
11120
11119
11113
11113
11111
11104
11104
11095
11094
11092
11075
11076
11071
11068
11053
11039
11034
11025
11024
11017
11014
11012
10993
10991
10989
10989
10981
10978
10975
10973
10966
10956
10943
10942
10942
10937
10931
10929
10929
10929
10928
10926
10922
10922
10920
10920
10919
10916
10913
10903
10900
10892
10890
10890
10873
10871
10871
10865
10863
10859
10859
10857
10853
10847
10846
10841
10839
10839
10837
10829
10825
10822
10801
10796
10793
10785
10785
10784
10783
10775
10771
10771
10770
10767
10762
10755
10752
10744
10740
10739
10736
10733
10731
10720
10709
10708
10701
10699
10701
10698
10694
10690
10688
10686
10686
10677
10673
10663
10656
10651
10649
10633
10628
10623
10617
10613
10612
10610
10608
10604
10602
10599
10595
10594
10591
10584
10579
10577
10576
10569
10568
10549
10549
10537
10531
10527
10521
10519
10509
10509
10509
10504
10503
10501
10499
10496
10492
10489
10487
10482
10480
10477
10468
10467
10463
10455
10454
10451
10448
10444
10443
10436
10436
10433
10432
10434
10427
10421
10418
10416
10412
10407
10399
10396
10391
10390
10389
10382
10391
10368
10365
10383
10358
10356
10354
10352
10350
10343
10336
10335
10329
10328
10327
10324
10324
10324
10323
10321
10320
10313
10309
10308
10306
10297
10291
10290
10290
10288
10277
10271
10269
10268
10251
10234
10233
10230
10230
10220
10212
10205
10200
10199
10198
10196
10194
10191
10191
10188
10190
10181
10180
10180
10177
10176
10170
10169
10166
10163
10162
10158
10155
10154
10150
10148
10141
10130
10129
10128
10122
10111
10103
10095
10094
10089
10087
10086
10083
10078
10077
10075
10073
10072
10070
10069
10080
10063
10062
10071
10053
10049
10046
10043
10042
10023
10032
10008
10001
9993
9993
9991
9987
9980
9978
9976
9973
9965
9962
9961
9960
9957
9956
9953
9951
9949
9943
9939
9935
9933
9929
9929
9925
9923
9922
9920
9920
9918
9913
9911
9907
9896
9891
9880
9879
9878
9875
9871
9867
9867
9866
9864
9860
9858
9851
9848
9845
9842
9840
9834
9827
9821
9819
9820
9815
9813
9812
9812
9812
9808
9794
9792
9770
9767
9758
9758
9758
9754
9753
9750
9747
9744
9740
9738
9735
9732
9729
9723
9722
9720
9714
9713
9708
9706
9705
9705
9703
9700
9698
9695
9690
9685
9681
9681
9681
9699
9679
9672
9671
9668
9665
9659
9658
9657
9656
9655
9655
9650
9649
9648
9645
9644
9641
9638
9631
9626
9621
9620
9619
9618
9610
9609
9609
9609
9606
9604
9602
9598
9591
9587
9585
9593
9579
9575
9570
9567
9566
9559
9558
9552
9541
9540
9544
9539
9545
9534
9534
9532
9528
9524
9519
9519
9519
9514
9511
9511
9497
9495
9488
9486
9485
9480
9476
9465
9463
9461
9472
9458
9458
9454
9454
9452
9451
9450
9442
9439
9436
9436
9430
9430
9429
9429
9429
9429
9423
9423
9422
9417
9416
9406
9406
9405
9404
9397
9391
9386
9383
9383
9382
9377
9376
9375
9375
9369
9368
9377
9361
9360
9360
9357
9357
9355
9352
9352
9348
9347
9347
9347
9345
9344
9339
9327
9316
9315
9313
9312
9312
9298
9298
9293
9292
9291
9282
9280
9279
9278
9275
9270
9269
9269
9260
9258
9256
9253
9250
9248
9247
9243
9246
9239
9232
9231
9220
9211
9206
9203
9190
9190
9185
9185
9184
9184
9180
9177
9174
9169
9167
9165
9164
9158
9156
9153
9152
9150
9150
9144
9143
9141
9128
9124
9120
9118
9104
9102
9098
9097
9095
9091
9086
9085
9084
9082
9080
9076
9076
9072
9071
9070
9067
9064
9063
9064
9053
9053
9051
9050
9046
9045
9042
9040
9032
9051
9029
9029
9027
9024
9022
9018
9017
9007
8994
8991
8983
8976
8971
8971
8968
8966
8964
8963
8959
8958
8958
8970
8950
8943
8941
8940
8937
8934
8934
8931
8930
8930
8922
8918
8906
8903
8900
8898
8897
8887
8885
8884
8878
8899
8877
8873
8873
8872
8869
8867
8862
8858
8858
8857
8855
8853
8852
8842
8836
8834
8831
8826
8826
8826
8822
8819
8818
8815
8815
8804
8799
8797
8795
8793
8790
8789
8782
8777
8776
8776
8774
8774
8772
8770
8765
8765
8763
8760
8759
8756
8755
8752
8752
8746
8764
8742
8740
8738
8738
8737
8735
8733
8732
8730
8725
8717
8716
8714
8709
8708
8707
8699
8694
8689
8688
8681
8680
8691
8675
8672
8669
8668
8665
8662
8662
8659
8657
8656
8653
8653
8651
8647
8645
8643
8642
8634
8633
8632
8630
8628
8628
8623
8623
8632
8622
8621
8618
8618
8616
8616
8605
8605
8602
8599
8597
8597
8597
8596
8595
8592
8591
8590
8589
8589
8586
8582
8582
8576
8575
8571
8571
8571
8569
8568
8567
8566
8560
8557
8556
8554
8550
8546
8542
8541
8538
8535
8534
8533
8533
8530
8529
8516
8516
8504
8502
8499
8496
8494
8493
8493
8492
8490
8486
8476
8475
8473
8474
8473
8456
8454
8446
8443
8442
8438
8435
8432
8432
8430
8429
8427
8423
8420
8418
8416
8415
8413
8410
8409
8409
8405
8404
8402
8390
8386
8385
8384
8383
8382
8382
8379
8378
8377
8376
8376
8371
8370
8367
8363
8360
8354
8353
8351
8346
8344
8340
8341
8337
8337
8329
8350
8319
8317
8317
8316
8315
8310
8334
8305
8298
8295
8291
8289
8288
8287
8285
8284
8283
8281
8280
8279
8271
8270
8268
8265
8264
8264
8264
8264
8257
8256
8255
8254
8253
8251
8250
8248
8247
8242
8242
8242
8236
8235
8235
8233
8231
8227
8226
8224
8223
8222
8221
8219
8212
8209
8205
8205
8203
8201
8192
8189
8183
8182
8181
8176
8175
8175
8178
8164
8164
8162
8157
8157
8156
8152
8151
8146
8143
8143
8141
8132
8128
8128
8123
8117
8116
8114
8108
8102
8102
8117
8101
8098
8095
8090
8090
8089
8086
8084
8083
8079
8078
8077
8076
8073
8070
8070
8066
8064
8064
8059
8075
8056
8055
8053
8049
8048
8047
8047
8047
8046
8046
8044
8044
8041
8040
8037
8037
8036
8034
8033
8028
8024
8021
8020
8012
8011
8011
8011
8010
8007
8005
8003
8002
7999
7998
7998
7996
7995
7992
7987
8002
7979
7976
7975
7974
7973
7973
7971
7969
7965
7965
7980
7964
7963
7959
7957
7952
7952
7950
7947
7939
7936
7933
7933
7932
7930
7929
7926
7924
7922
7918
7915
7914
7920
7913
7913
7913
7911
7910
7903
7902
7899
7898
7895
7895
7893
7893
7893
7892
7890
7888
7888
7886
7882
7880
7880
7879
7879
7877
7876
7873
7871
7870
7868
7867
7867
7866
7864
7860
7856
7855
7855
7854
7867
7846
7841
7839
7844
7852
7835
7829
7826
7821
7819
7814
7813
7812
7811
7809
7802
7802
7797
7797
7795
7808
7786
7785
7798
7780
7784
7771
7771
7770
7768
7767
7764
7762
7761
7758
7756
7749
7748
7748
7745
7744
7742
7739
7738
7735
7733
7732
7729
7726
7725
7723
7723
7737
7720
7718
7716
7715
7733
7714
7712
7712
7704
7702
7701
7691
7690
7689
7689
7689
7688
7688
7684
7682
7679
7675
7674
7664
7663
7662
7662
7648
7645
7645
7643
7643
7640
7639
7632
7630
7630
7630
7625
7624
7621
7620
7620
7619
7628
7614
7611
7610
7609
7604
7603
7602
7601
7597
7596
7592
7590
7590
7588
7587
7587
7585
7583
7582
7581
7579
7578
7576
7574
7572
7570
7567
7567
7562
7561
7561
7559
7559
7552
7551
7550
7548
7547
7542
7541
7542
7540
7535
7532
7530
7528
7524
7522
7518
7516
7513
7513
7512
7524
7509
7507
7505
7504
7501
7497
7497
7492
7491
7488
7488
7482
7482
7478
7472
7471
7468
7465
7464
7462
7456
7455
7454
7445
7443
7441
7441
7441
7440
7440
7440
7437
7435
7434
7427
7426
7426
7424
7424
7423
7422
7418
7415
7414
7411
7410
7400
7397
7397
7395
7395
7395
7402
7389
7387
7387
7384
7382
7375
7374
7371
7368
7368
7368
7367
7366
7365
7362
7361
7367
7360
7359
7356
7350
7345
7345
7344
7343
7337
7336
7336
7334
7332
7327
7327
7323
7321
7320
7317
7324
7311
7307
7325
7294
7293
7292
7292
7288
7286
7283
7282
7281
7280
7278
7276
7270
7268
7264
7262
7260
7258
7258
7257
7256
7255
7255
7253
7252
7251
7250
7249
7248
7246
7245
7243
7242
7242
7236
7230
7229
7226
7238
7222
7221
7219
7216
7214
7213
7213
7211
7205
7203
7197
7196
7191
7195
7187
7183
7180
7173
7169
7167
7165
7163
7163
7163
7158
7155
7155
7151
7151
7149
7143
7143
7142
7139
7137
7137
7137
7136
7136
7136
7135
7133
7126
7126
7126
7125
7125
7124
7121
7121
7121
7116
7112
7112
7111
7110
7109
7107
7104
7103
7102
7089
7088
7087
7083
7083
7081
7081
7074
7073
7071
7069
7068
7067
7062
7060
7059
7059
7057
7054
7052
7052
7047
7047
7039
7034
7031
7030
7028
7026
7015
7015
7013
7012
7008
7007
7006
7006
7006
7001
7000
6999
6999
6998
6998
6996
6995
6991
6989
6987
6987
6981
6980
6979
6973
6970
6969
6968
6967
6965
6965
6964
6960
6959
6959
6957
6953
6953
6952
6952
6951
6948
6962
6942
6940
6938
6937
6936
6935
6934
6924
6924
6923
6920
6919
6919
6914
6913
6909
6908
6907
6903
6901
6899
6899
6899
6919
6896
6895
6894
6892
6889
6889
6889
6887
6884
6883
6883
6881
6880
6873
6870
6869
6869
6866
6865
6863
6863
6861
6859
6859
6862
6856
6854
6853
6853
6852
6849
6849
6847
6845
6841
6840
6853
6838
6837
6832
6832
6829
6830
6828
6826
6825
6828
6823
6836
6820
6820
6819
6818
6817
6816
6814
6812
6811
6809
6808
6807
6807
6806
6806
6803
6803
6800
6797
6793
6793
6789
6789
6787
6786
6786
6802
6785
6780
6779
6779
6774
6773
6766
6765
6764
6762
6761
6758
6754
6766
6751
6751
6748
6746
6743
6740
6736
6734
6732
6731
6731
6728
6727
6724
6724
6723
6723
6722
6721
6720
6719
6719
6717
6713
6713
6713
6711
6710
6709
6706
6704
6704
6702
6702
6701
6699
6704
6701
6697
6693
6693
6693
6693
6688
6688
6686
6686
6684
6688
6683
6683
6683
6701
6682
6695
6680
6679
6677
6676
6670
6669
6668
6667
6665
6664
6663
6663
6661
6660
6656
6651
6647
6647
6645
6645
6643
6640
6640
6640
6638
6637
6636
6635
6634
6631
6629
6625
6625
6623
6622
6621
6619
6631
6613
6612
6611
6611
6611
6610
6609
6609
6600
6599
6597
6597
6594
6590
6590
6588
6584
6584
6583
6582
6582
6579
6578
6576
6572
6570
6570
6567
6567
6564
6563
6561
6559
6558
6556
6556
6555
6554
6552
6551
6548
6546
6545
6545
6544
6543
6543
6541
6538
6537
6536
6535
6534
6532
6532
6530
6529
6529
6528
6526
6525
6528
6516
6516
6515
6515
6515
6536
6514
6503
6502
6502
6501
6500
6498
6497
6506
6495
6495
6495
6494
6492
6491
6489
6511
6489
6487
6487
6485
6485
6493
6480
6479
6477
6477
6474
6474
6471
6468
6464
6463
6463
6461
6461
6459
6458
6456
6456
6455
6454
6450
6450
6448
6447
6447
6443
6443
6438
6437
6436
6435
6435
6431
6428
6427
6430
6424
6424
6424
6418
6417
6411
6410
6410
6407
6406
6406
6406
6405
6403
6422
6401
6400
6399
6397
6396
6415
6389
6389
6388
6387
6386
6386
6383
6383
6382
6382
6382
6381
6380
6379
6378
6376
6373
6371
6369
6361
6368
6358
6358
6357
6356
6356
6355
6354
6349
6358
6349
6344
6348
6343
6343
6339
6332
6329
6328
6323
6320
6318
6318
6311
6308
6307
6307
6306
6304
6304
6302
6299
6297
6296
6295
6292
6287
6287
6285
6284
6280
6275
6275
6272
6275
6270
6264
6282
6262
6262
6261
6260
6258
6256
6255
6255
6253
6252
6252
6252
6251
6249
6247
6243
6242
6239
6238
6237
6237
6236
6233
6231
6231
6228
6228
6227
6226
6226
6226
6225
6220
6217
6212
6212
6210
6209
6208
6206
6204
6200
6199
6196
6195
6195
6193
6193
6192
6189
6188
6185
6182
6182
6177
6176
6176
6174
6173
6172
6180
6171
6165
6165
6164
6163
6162
6162
6160
6157
6155
6154
6154
6154
6153
6150
6150
6148
6147
6145
6144
6142
6141
6140
6140
6138
6137
6137
6135
6132
6130
6128
6127
6127
6127
6126
6125
6124
6120
6116
6116
6115
6113
6110
6109
6108
6102
6102
6102
6101
6101
6098
6095
6091
6091
6091
6088
6109
6087
6086
6084
6080
6077
6076
6075
6075
6074
6070
6070
6066
6066
6070
6064
6064
6061
6060
6060
6059
6058
6057
6056
6056
6054
6053
6053
6050
6050
6049
6045
6045
6045
6045
6043
6041
6041
6039
6038
6038
6036
6035
6031
6030
6030
6030
6029
6028
6026
6025
6025
6024
6023
6023
6020
6019
6018
6017
6016
6016
6015
6013
6011
6011
6008
6008
6007
6032
6004
6004
6001
5997
5996
5996
5995
5994
5994
5988
5983
5981
5979
5979
5978
5977
5976
5973
5973
5973
5972
5971
5967
5963
5961
5960
5973
5958
5958
5955
5954
5954
5950
5948
5947
5946
5944
5940
5938
5936
5932
5932
5931
5929
5928
5927
5926
5925
5925
5925
5923
5922
5922
5921
5921
5918
5917
5914
5913
5912
5908
5907
5903
5902
5898
5897
5892
5892
5888
5887
5884
5883
5882
5896
5881
5880
5879
5879
5891
5877
5877
5877
5902
5875
5875
5874
5874
5872
5869
5869
5868
5866
5866
5866
5864
5864
5862
5862
5859
5859
5859
5858
5856
5856
5853
5852
5856
5850
5862
5849
5848
5848
5847
5846
5846
5850
5843
5843
5842
5842
5840
5839
5839
5835
5834
5832
5831
5830
5829
5829
5826
5825
5823
5823
5823
5822
5821
5814
5810
5811
5808
5807
5807
5807
5803
5803
5800
5797
5796
5794
5791
5789
5789
5788
5788
5786
5786
5786
5785
5784
5782
5780
5780
5780
5779
5776
5775
5775
5774
5773
5772
5772
5772
5771
5767
5807
5762
5762
5761
5760
5760
5756
5756
5752
5751
5751
5753
5747
5747
5745
5743
5742
5741
5740
5735
5735
5734
5734
5732
5729
5726
5725
5723
5722
5721
5720
5719
5719
5719
5719
5714
5714
5712
5712
5712
5712
5707
5707
5707
5705
5704
5701
5699
5699
5693
5692
5690
5688
5685
5685
5684
5682
5681
5680
5679
5671
5671
5669
5668
5667
5666
5664
5661
5660
5659
5659
5659
5656
5655
5654
5653
5651
5651
5651
5651
5650
5647
5644
5644
5640
5638
5638
5637
5637
5636
5636
5636
5635
5633
5632
5631
5625
5625
5621
5620
5615
5613
5612
5609
5608
5606
5606
5604
5603
5619
5603
5602
5601
5601
5600
5600
5599
5598
5599
5597
5596
5595
5594
5591
5588
5587
5587
5583
5581
5581
5580
5578
5575
5575
5574
5573
5572
5570
5570
5565
5563
5563
5555
5561
5553
5553
5552
5551
5551
5550
5549
5549
5542
5542
5541
5552
5538
5533
5530
5545
5529
5529
5527
5524
5521
5520
5519
5519
5519
5518
5518
5518
5517
5516
5516
5516
5516
5515
5513
5513
5513
5512
5512
5511
5508
5507
5507
5506
5506
5504
5502
5502
5501
5498
5498
5497
5497
5495
5495
5494
5494
5493
5492
5491
5491
5491
5491
5490
5490
5489
5489
5489
5488
5487
5487
5485
5481
5479
5475
5475
5473
5473
5471
5470
5469
5468
5467
5466
5466
5466
5466
5465
5464
5463
5463
5458
5457
5457
5456
5455
5455
5455
5455
5453
5452
5468
5450
5450
5449
5449
5448
5448
5447
5446
5444
5443
5441
5440
5440
5434
5433
5433
5433
5432
5429
5428
5426
5446
5425
5425
5423
5422
5428
5422
5421
5416
5435
5415
5413
5410
5410
5407
5405
5404
5404
5403
5402
5402
5400
5400
5400
5400
5399
5397
5397
5395
5393
5393
5392
5392
5390
5389
5389
5388
5385
5383
5383
5381
5380
5379
5379
5374
5374
5402
5373
5372
5372
5371
5370
5368
5368
5367
5363
5359
5359
5357
5356
5353
5352
5352
5350
5349
5349
5348
5348
5348
5347
5347
5346
5344
5342
5341
5339
5338
5337
5337
5336
5335
5333
5332
5332
5331
5330
5329
5329
5329
5329
5329
5328
5327
5325
5324
5324
5323
5320
5319
5319
5318
5318
5317
5317
5316
5315
5312
5312
5309
5309
5309
5308
5307
5306
5305
5304
5302
5301
5298
5297
5297
5297
5296
5296
5296
5295
5295
5295
5294
5294
5290
5288
5287
5287
5285
5284
5284
5284
5283
5282
5281
5278
5278
5278
5277
5276
5276
5275
5274
5270
5268
5264
5263
5263
5262
5262
5262
5261
5260
5258
5258
5255
5255
5252
5249
5249
5247
5245
5245
5245
5241
5241
5240
5239
5237
5231
5239
5228
5227
5226
5222
5222
5220
5217
5217
5214
5212
5211
5209
5208
5208
5207
5205
5205
5205
5205
5203
5203
5203
5203
5228
5200
5199
5199
5198
5198
5195
5194
5190
5190
5189
5189
5187
5182
5182
5181
5181
5180
5180
5179
5178
5178
5177
5176
5175
5174
5173
5173
5173
5169
5168
5167
5166
5166
5166
5164
5160
5160
5170
5156
5154
5152
5152
5152
5152
5152
5151
5150
5149
5149
5148
5147
5146
5145
5145
5145
5144
5144
5143
5142
5141
5139
5143
5138
5138
5137
5137
5137
5136
5136
5135
5134
5133
5133
5133
5132
5131
5131
5130
5127
5126
5146
5125
5125
5124
5123
5123
5123
5122
5122
5122
5122
5122
5121
5120
5120
5119
5119
5118
5118
5117
5116
5116
5116
5115
5113
5113
5113
5111
5111
5109
5109
5109
5108
5106
5106
5106
5105
5103
5101
5100
5098
5097
5096
5094
5094
5092
5092
5090
5089
5089
5089
5089
5089
5088
5087
5085
5084
5084
5082
5082
5082
5080
5079
5079
5073
5071
5069
5069
5068
5065
5065
5062
5061
5061
5059
5059
5059
5058
5055
5052
5073
5051
5051
5051
5050
5049
5048
5046
5045
5045
5039
5039
5039
5039
5037
5037
5036
5036
5035
5035
5034
5032
5030
5030
5028
5028
5025
5024
5036
5022
5022
5021
5019
5018
5036
5015
5015
5014
5014
5010
5010
5009
5008
5008
5007
5007
5006
5005
5019
5007
5003
5003
5003
5003
5002
4998
4998
4997
4996
4995
4995
4994
4993
4989
4988
4987
4986
4984
4983
4981
4980
4978
4977
4976
4975
4975
4973
4972
4972
4970
4969
4969
4969
4968
4968
4967
4970
4965
4973
4992
4963
4963
4961
4961
4960
4957
4957
4954
4953
4961
4951
4950
4949
4949
4946
4942
4942
4941
4938
4938
4938
4937
4936
4933
4933
4932
4931
4931
4929
4927
4914
4926
4922
4921
4920
4919
4919
4918
4918
4933
4917
4916
4916
4916
4915
4913
4913
4912
4910
4909
4909
4907
4907
4906
4906
4906
4905
4904
4903
4903
4901
4899
4899
4899
4903
4897
4897
4897
4896
4895
4894
4894
4893
4892
4890
4890
4888
4888
4888
4887
4886
4902
4884
4882
4883
4891
4882
4885
4881
4880
4879
4878
4878
4876
4876
4875
4875
4874
4873
4871
4870
4870
4868
4866
4866
4866
4865
4865
4864
4860
4858
4858
4857
4856
4856
4856
4855
4854
4853
4852
4852
4851
4850
4849
4849
4848
4848
4847
4846
4845
4845
4845
4844
4844
4843
4842
4841
4840
4839
4839
4838
4837
4834
4834
4832
4830
4829
4828
4827
4827
4825
4823
4823
4822
4819
4817
4817
4815
4822
4814
4814
4812
4812
4812
4811
4811
4810
4809
4808
4806
4805
4805
4818
4805
4804
4803
4803
4802
4802
4800
4799
4798
4797
4797
4797
4796
4796
4794
4793
4811
4792
4792
4791
4791
4790
4789
4789
4788
4787
4786
4786
4786
4786
4785
4783
4783
4781
4780
4779
4779
4779
4777
4776
4776
4776
4775
4775
4774
4773
4772
4770
4769
4768
4768
4767
4769
4766
4765
4765
4764
4763
4762
4762
4760
4760
4759
4758
4758
4758
4757
4757
4757
4754
4753
4753
4752
4751
4751
4751
4750
4761
4750
4750
4750
4749
4749
4748
4747
4746
4746
4746
4745
4744
4744
4742
4742
4742
4739
4738
4737
4737
4736
4735
4735
4734
4733
4733
4732
4732
4732
4732
4731
4730
4729
4729
4728
4728
4728
4727
4726
4726
4725
4725
4724
4723
4722
4721
4721
4721
4720
4719
4718
4717
4716
4715
4715
4715
4714
4713
4711
4711
4709
4709
4708
4731
4708
4707
4707
4706
4705
4705
4705
4704
4703
4703
4701
4701
4701
4701
4700
4699
4699
4697
4697
4697
4696
4696
4696
4696
4695
4694
4692
4692
4699
4690
4690
4689
4689
4689
4687
4686
4686
4684
4683
4683
4682
4681
4680
4679
4679
4679
4679
4677
4677
4676
4676
4676
4675
4673
4672
4671
4670
4667
4666
4666
4666
4665
4664
4662
4662
4661
4675
4659
4657
4656
4656
4654
4654
4652
4652
4651
4650
4650
4649
4648
4648
4646
4646
4644
4643
4643
4643
4641
4640
4640
4639
4639
4639
4633
4633
4632
4632
4632
4631
4631
4631
4630
4630
4629
4626
4626
4626
4624
4624
4624
4623
4622
4622
4622
4621
4621
4628
4620
4619
4619
4626
4615
4614
4613
4611
4611
4611
4620
4610
4608
4607
4607
4607
4606
4604
4602
4616
4601
4601
4600
4599
4598
4598
4593
4593
4592
4591
4590
4589
4589
4586
4585
4585
4584
4584
4584
4579
4579
4577
4577
4590
4573
4572
4591
4572
4572
4572
4571
4571
4570
4570
4569
4566
4566
4565
4564
4564
4562
4560
4560
4559
4557
4556
4556
4555
4554
4553
4553
4552
4550
4550
4549
4549
4548
4548
4548
4546
4544
4543
4541
4541
4539
4539
4538
4546
4533
4533
4533
4532
4532
4532
4532
4532
4531
4531
4531
4530
4529
4529
4529
4529
4529
4528
4527
4527
4525
4525
4523
4522
4522
4521
4519
4518
4517
4517
4515
4513
4512
4512
4511
4511
4509
4508
4508
4507
4507
4506
4505
4505
4505
4503
4502
4501
4500
4500
4499
4498
4498
4503
4497
4496
4495
4493
4492
4492
4504
4492
4506
4490
4490
4489
4489
4502
4485
4484
4483
4482
4480
4479
4479
4478
4478
4477
4477
4477
4477
4475
4474
4473
4473
4473
4472
4470
4469
4468
4467
4466
4466
4465
4465
4464
4464
4463
4463
4462
4462
4462
4461
4459
4459
4458
4457
4457
4456
4456
4456
4456
4454
4454
4468
4452
4451
4451
4450
4449
4448
4448
4446
4446
4446
4446
4446
4444
4442
4442
4442
4441
4441
4441
4440
4440
4440
4439
4439
4438
4438
4438
4452
4434
4434
4434
4433
4432
4431
4430
4429
4429
4427
4427
4426
4425
4424
4423
4423
4423
4423
4422
4428
4420
4420
4419
4417
4416
4414
4414
4414
4413
4413
4412
4412
4412
4410
4410
4409
4408
4407
4407
4407
4405
4405
4405
4405
4405
4403
4402
4402
4399
4398
4396
4394
4394
4394
4393
4392
4391
4391
4391
4391
4391
4390
4386
4386
4385
4385
4384
4383
4383
4382
4382
4396
4382
4398
4378
4383
4376
4376
4375
4373
4373
4373
4373
4372
4371
4371
4371
4371
4369
4369
4369
4369
4367
4367
4373
4367
4366
4372
4365
4364
4364
4363
4363
4362
4360
4357
4356
4355
4355
4354
4353
4353
4352
4352
4349
4349
4349
4348
4347
4347
4345
4344
4344
4343
4357
4342
4342
4342
4342
4341
4339
4339
4338
4348
4336
4336
4335
4334
4334
4335
4331
4330
4330
4326
4326
4326
4323
4327
4323
4322
4321
4321
4319
4318
4318
4316
4315
4314
4314
4313
4313
4312
4312
4311
4325
4311
4310
4308
4308
4308
4315
4307
4307
4306
4305
4303
4302
4300
4299
4299
4298
4293
4293
4292
4292
4292
4292
4292
4292
4291
4291
4291
4291
4291
4290
4290
4307
4290
4289
4288
4288
4288
4288
4287
4284
4282
4281
4280
4280
4279
4289
4277
4277
4277
4276
4275
4275
4275
4275
4274
4274
4273
4273
4271
4271
4270
4270
4269
4268
4268
4266
4265
4264
4264
4263
4262
4261
4261
4259
4257
4256
4256
4256
4255
4253
4252
4251
4251
4251
4251
4250
4250
4249
4248
4248
4247
4246
4245
4244
4244
4244
4244
4243
4241
4241
4241
4238
4237
4237
4234
4234
4234
4232
4231
4230
4230
4230
4230
4229
4228
4228
4228
4228
4227
4227
4227
4227
4226
4226
4224
4224
4223
4223
4222
4221
4219
4219
4219
4218
4216
4216
4216
4212
4211
4211
4210
4210
4210
4220
4208
4208
4207
4207
4217
4206
4206
4205
4204
4203
4203
4203
4202
4202
4201
4201
4200
4205
4197
4197
4197
4196
4195
4195
4195
4194
4194
4192
4192
4191
4191
4191
4190
4190
4189
4188
4187
4187
4187
4186
4186
4186
4184
4183
4183
4183
4183
4182
4181
4180
4179
4178
4178
4176
4176
4175
4175
4175
4174
4172
4176
4171
4169
4169
4168
4167
4167
4167
4166
4166
4166
4164
4163
4162
4161
4161
4160
4160
4175
4159
4158
4158
4157
4157
4156
4156
4156
4156
4153
4153
4153
4153
4152
4152
4151
4149
4147
4147
4147
4145
4145
4143
4142
4141
4141
4140
4140
4140
4139
4139
4139
4138
4135
4135
4134
4134
4134
4134
4133
4132
4132
4130
4130
4130
4129
4128
4127
4125
4125
4125
4124
4124
4123
4123
4141
4122
4121
4120
4120
4119
4118
4118
4117
4116
4115
4115
4114
4113
4113
4112
4112
4131
4112
4112
4112
4111
4111
4127
4110
4109
4108
4106
4106
4105
4104
4104
4104
4104
4104
4102
4102
4101
4099
4099
4097
4096
4095
4094
4094
4094
4093
4092
4097
4091
4091
4090
4089
4089
4088
4087
4087
4087
4087
4086
4085
4085
4084
4082
4080
4080
4079
4079
4078
4078
4077
4077
4077
4077
4076
4075
4075
4075
4075
4074
4074
4073
4072
4072
4071
4070
4069
4069
4068
4068
4066
4066
4066
4066
4065
4064
4064
4062
4062
4061
4060
4060
4060
4059
4059
4059
4059
4058
4058
4058
4057
4057
4055
4054
4053
4052
4052
4051
4051
4049
4049
4048
4048
4048
4048
4047
4047
4046
4046
4045
4045
4043
4042
4040
4039
4038
4037
4037
4036
4060
4036
4034
4033
4033
4032
4032
4032
4031
4031
4031
4030
4030
4029
4028
4028
4024
4023
4022
4022
4021
4025
4021
4021
4020
4020
4019
4019
4017
4017
4017
4016
4014
4034
4014
4014
4013
4012
4011
4010
4010
4009
4008
4007
4007
4006
4006
4006
4006
4005
4005
4005
4005
4005
4004
4004
4003
4003
4003
4002
4002
4002
4001
4001
4000
3999
3999
3997
3997
3997
3996
3996
3995
3995
3995
3995
3995
3994
3993
3993
3993
3993
3992
3992
3991
3991
3991
3990
3990
3990
3989
3985
3984
3982
3982
3982
3982
3983
3981
3979
3979
3979
3979
3978
3978
3978
3977
3977
3977
3976
3976
3976
3993
3975
3974
3973
3973
3971
3969
3968
3968
3967
3967
3967
3967
3967
3967
3966
3966
3966
3963
3963
3963
3961
3961
3961
3961
3961
3961
3960
3960
3960
3960
3959
3958
3957
3957
3956
3955
3954
3954
3953
3953
3951
3951
3951
3951
3949
3949
3947
3946
3945
3943
3943
3941
3939
3939
3938
3938
3937
3936
3935
3934
3934
3934
3933
3933
3933
3933
3932
3930
3929
3929
3928
3927
3927
3927
3926
3926
3926
3926
3925
3925
3925
3924
3923
3922
3922
3922
3922
3921
3921
3920
3920
3919
3924
3919
3919
3918
3918
3918
3918
3917
3917
3916
3915
3914
3914
3913
3913
3912
3911
3910
3910
3910
3910
3910
3909
3909
3908
3907
3907
3907
3906
3904
3904
3902
3901
3901
3899
3899
3898
3898
3898
3897
3897
3897
3896
3896
3895
3894
3893
3893
3893
3893
3893
3916
3890
3890
3890
3889
3889
3888
3887
3886
3886
3886
3886
3885
3884
3884
3884
3881
3881
3880
3880
3880
3879
3879
3878
3877
3877
3877
3886
3876
3876
3875
3874
3873
3873
3873
3872
3871
3871
3871
3870
3869
3869
3868
3867
3867
3866
3866
3866
3864
3864
3863
3863
3863
3862
3862
3862
3862
3862
3861
3861
3861
3859
3859
3858
3858
3858
3858
3857
3857
3855
3855
3854
3853
3853
3852
3851
3851
3850
3850
3849
3848
3847
3847
3847
3846
3846
3852
3845
3844
3843
3843
3843
3843
3843
3842
3842
3842
3841
3840
3839
3838
3838
3837
3836
3836
3835
3835
3834
3834
3834
3832
3832
3831
3830
3830
3830
3829
3829
3829
3827
3827
3827
3827
3826
3826
3825
3825
3824
3824
3824
3822
3822
3821
3821
3820
3820
3820
3818
3817
3816
3815
3814
3814
3813
3812
3812
3810
3810
3810
3810
3808
3808
3808
3807
3806
3806
3805
3805
3805
3804
3812
3804
3803
3802
3802
3802
3802
3802
3801
3800
3804
3799
3799
3799
3797
3796
3796
3795
3795
3794
3794
3797
3794
3794
3793
3793
3793
3792
3791
3791
3790
3790
3790
3791
3787
3786
3786
3785
3785
3784
3784
3784
3783
3783
3782
3781
3781
3781
3781
3779
3778
3777
3776
3776
3776
3786
3798
3775
3775
3774
3774
3772
3772
3772
3772
3770
3770
3770
3769
3769
3769
3769
3768
3768
3768
3767
3766
3766
3765
3764
3764
3763
3763
3763
3763
3763
3763
3761
3761
3761
3760
3760
3760
3759
3759
3758
3758
3756
3755
3755
3755
3754
3754
3754
3753
3752
3752
3751
3751
3751
3750
3749
3749
3749
3748
3747
3744
3744
3744
3744
3743
3742
3742
3741
3741
3741
3741
3740
3740
3739
3738
3737
3737
3737
3737
3736
3734
3734
3734
3733
3733
3733
3733
3733
3732
3732
3731
3731
3731
3729
3728
3728
3728
3726
3725
3725
3725
3724
3723
3723
3723
3722
3722
3722
3738
3721
3720
3720
3719
3718
3717
3715
3713
3713
3713
3712
3712
3709
3709
3709
3709
3709
3708
3708
3707
3707
3707
3706
3705
3705
3703
3703
3703
3702
3702
3701
3699
3699
3698
3698
3697
3697
3696
3696
3695
3694
3694
3694
3693
3693
3692
3690
3689
3689
3689
3687
3685
3685
3684
3684
3683
3682
3682
3681
3680
3680
3679
3679
3679
3679
3679
3678
3678
3678
3678
3677
3677
3677
3677
3677
3677
3676
3675
3675
3674
3674
3674
3673
3672
3672
3672
3671
3671
3671
3670
3670
3669
3669
3669
3668
3668
3667
3667
3670
3666
3665
3665
3664
3663
3663
3662
3662
3661
3660
3659
3659
3657
3657
3656
3655
3653
3659
3653
3653
3650
3650
3649
3649
3649
3651
3647
3646
3646
3645
3644
3643
3643
3642
3642
3642
3641
3641
3641
3640
3640
3639
3638
3637
3637
3637
3637
3636
3635
3635
3635
3635
3635
3635
3635
3635
3633
3632
3632
3631
3631
3629
3629
3629
3628
3628
3626
3626
3625
3625
3625
3625
3623
3622
3622
3622
3621
3621
3620
3619
3619
3618
3617
3617
3617
3617
3616
3616
3615
3615
3614
3613
3611
3611
3611
3610
3610
3609
3609
3608
3607
3607
3626
3606
3606
3606
3605
3605
3604
3604
3604
3603
3603
3603
3603
3603
3602
3601
3601
3622
3601
3599
3599
3599
3598
3597
3597
3597
3596
3595
3594
3594
3594
3594
3594
3592
3592
3592
3592
3590
3590
3589
3589
3589
3589
3589
3588
3588
3588
3587
3587
3586
3586
3586
3586
3586
3584
3584
3584
3583
3582
3582
3581
3581
3580
3591
3578
3578
3577
3577
3576
3576
3576
3576
3575
3575
3574
3574
3574
3573
3573
3572
3572
3571
3571
3570
3570
3569
3568
3567
3566
3565
3564
3564
3563
3563
3563
3562
3562
3562
3562
3574
3560
3560
3559
3559
3559
3558
3558
3558
3558
3556
3556
3556
3555
3555
3555
3555
3555
3555
3553
3553
3552
3552
3552
3552
3551
3551
3551
3550
3550
3550
3550
3549
3549
3548
3548
3548
3548
3547
3547
3546
3546
3544
3543
3543
3543
3543
3542
3541
3541
3541
3540
3540
3539
3539
3538
3537
3537
3535
3535
3534
3534
3533
3533
3533
3531
3531
3530
3527
3527
3526
3526
3525
3524
3524
3524
3523
3523
3523
3523
3522
3522
3522
3520
3520
3520
3518
3517
3517
3517
3538
3517
3515
3514
3514
3513
3513
3513
3531
3512
3512
3510
3510
3510
3509
3509
3508
3508
3508
3508
3507
3507
3506
3506
3506
3505
3505
3505
3504
3506
3504
3504
3504
3504
3502
3502
3501
3501
3501
3501
3501
3500
3500
3499
3499
3499
3498
3497
3496
3496
3495
3494
3517
3492
3492
3491
3491
3490
3490
3490
3488
3488
3487
3487
3487
3487
3487
3487
3485
3484
3484
3483
3482
3481
3480
3479
3479
3478
3478
3478
3477
3477
3477
3476
3476
3475
3474
3473
3473
3474
3472
3472
3471
3470
3470
3470
3469
3469
3469
3469
3468
3468
3468
3468
3467
3467
3465
3465
3465
3465
3465
3465
3464
3464
3464
3463
3463
3482
3462
3462
3462
3462
3461
3461
3461
3460
3459
3459
3458
3458
3458
3458
3458
3457
3456
3453
3453
3453
3453
3453
3451
3451
3450
3450
3449
3449
3448
3448
3447
3447
3446
3446
3446
3444
3444
3443
3443
3443
3442
3442
3442
3440
3439
3438
3438
3438
3437
3436
3435
3435
3433
3432
3432
3432
3432
3432
3431
3431
3431
3431
3430
3430
3428
3428
3428
3428
3427
3426
3426
3425
3425
3425
3425
3424
3424
3423
3422
3421
3421
3420
3420
3419
3418
3418
3417
3416
3416
3416
3416
3416
3415
3415
3414
3414
3414
3414
3413
3413
3412
3412
3411
3411
3411
3410
3409
3409
3409
3408
3408
3408
3408
3408
3408
3407
3406
3405
3404
3404
3403
3402
3402
3402
3402
3402
3402
3402
3401
3401
3400
3400
3400
3400
3399
3399
3420
3399
3398
3398
3397
3397
3396
3395
3394
3393
3392
3392
3391
3391
3391
3390
3388
3388
3387
3387
3387
3386
3386
3385
3385
3385
3385
3385
3385
3384
3384
3383
3382
3382
3381
3381
3380
3380
3380
3379
3379
3403
3378
3378
3378
3377
3376
3375
3375
3375
3375
3373
3373
3372
3371
3371
3371
3371
3371
3371
3370
3370
3369
3369
3368
3367
3367
3367
3389
3365
3365
3365
3364
3364
3362
3362
3361
3361
3360
3360
3359
3370
3358
3358
3358
3357
3356
3356
3355
3355
3354
3354
3353
3353
3353
3353
3353
3352
3351
3363
3350
3350
3350
3239
3349
3348
3348
3348
3348
3346
3346
3346
3346
3346
3346
3345
3345
3345
3345
3344
3344
3344
3343
3343
3343
3342
3342
3341
3341
3340
3340
3340
3340
3340
3339
3338
3338
3337
3337
3337
3337
3335
3335
3335
3335
3335
3334
3333
3333
3332
3331
3331
3330
3330
3329
3328
3327
3326
3326
3325
3324
3324
3323
3323
3321
3321
3328
3320
3319
3319
3317
3316
3315
3315
3314
3313
3313
3313
3312
3310
3310
3308
3307
3307
3307
3307
3305
3305
3305
3305
3305
3305
3304
3304
3303
3303
3303
3302
3302
3301
3301
3301
3301
3300
3300
3300
3300
3300
3300
3299
3299
3298
3298
3298
3297
3297
3297
3296
3295
3295
3295
3295
3295
3294
3294
3293
3292
3292
3291
3291
3291
3291
3290
3290
3290
3290
3289
3297
3288
3288
3288
3288
3287
3286
3286
3286
3286
3285
3285
3285
3285
3284
3284
3284
3284
3284
3283
3283
3283
3282
3282
3282
3282
3282
3281
3281
3280
3280
3279
3279
3279
3279
3278
3278
3278
3277
3277
3296
3277
3277
3277
3276
3276
3275
3274
3274
3274
3274
3273
3287
3272
3273
3271
3271
3271
3271
3272
3270
3270
3269
3267
3267
3267
3267
3266
3266
3265
3265
3265
3264
3264
3264
3263
3263
3262
3262
3262
3260
3260
3259
3259
3258
3258
3258
3258
3258
3257
3257
3257
3256
3254
3254
3253
3252
3256
3250
3250
3249
3249
3249
3248
3247
3246
3246
3246
3246
3245
3244
3243
3243
3243
3243
3242
3242
3242
3242
3241
3241
3240
3239
3239
3239
3238
3238
3238
3238
3238
3238
3237
3237
3237
3237
3237
3236
3235
3234
3234
3234
3233
3230
3230
3230
3229
3229
3228
3228
3228
3228
3227
3227
3227
3227
3226
3226
3225
3225
3225
3225
3225
3225
3225
3224
3224
3223
3223
3222
3222
3221
3221
3220
3219
3219
3219
3219
3219
3218
3218
3218
3216
3216
3215
3215
3214
3214
3214
3213
3213
3212
3211
3211
3210
3235
3210
3210
3210
3209
3236
3209
3209
3208
3208
3208
3208
3208
3207
3206
3205
3205
3204
3204
3204
3203
3203
3203
3202
3202
3202
3202
3201
3201
3201
3201
3200
3199
3199
3199
3198
3197
3197
3197
3196
3196
3196
3195
3195
3195
3195
3194
3194
3193
3193
3192
3191
3191
3191
3190
3190
3190
3188
3188
3187
3187
3187
3187
3186
3186
3186
3186
3185
3185
3184
3184
3184
3184
3183
3182
3182
3181
3180
3201
3180
3180
3179
3178
3178
3178
3178
3178
3176
3175
3175
3174
3174
3174
3172
3172
3171
3171
3170
3170
3169
3169
3169
3168
3168
3168
3167
3165
3164
3164
3164
3163
3163
3162
3162
3162
3162
3162
3161
3161
3161
3160
3160
3159
3159
3158
3158
3158
3157
3157
3157
3156
3155
3154
3153
3153
3153
3153
3152
3152
3151
3150
3150
3150
3149
3149
3148
3148
3147
3146
3146
3145
3145
3144
3144
3143
3143
3142
3142
3142
3142
3142
3142
3142
3141
3141
3141
3140
3140
3140
3140
3139
3139
3139
3138
3138
3138
3137
3137
3137
3136
3136
3136
3136
3136
3135
3134
3134
3134
3133
3133
3133
3133
3133
3132
3132
3132
3131
3131
3131
3131
3135
3131
3129
3129
3153
3127
3127
3127
3126
3126
3125
3125
3125
3127
3124
3124
3123
3123
3122
3120
3120
3120
3119
3119
3117
3117
3117
3116
3116
3116
3115
3114
3114
3114
3113
3113
3113
3112
3111
3111
3111
3111
3110
3110
3110
3109
3109
3109
3109
3108
3108
3108
3107
3107
3107
3107
3107
3106
3105
3105
3105
3105
3109
3104
3104
3104
3103
3103
3103
3103
3102
3102
3102
3101
3100
3099
3099
3099
3099
3099
3098
3098
3098
3098
3098
3097
3096
3096
3095
3095
3095
3095
3095
3094
3094
3094
3094
3093
3093
3093
3093
3092
3091
3091
3091
3091
3091
3091
3090
3089
3089
3089
3087
3086
3086
3086
3085
3085
3083
3083
3082
3082
3081
3081
3079
3079
3079
3078
3078
3078
3085
3077
3077
3076
3075
3074
3074
3074
3074
3074
3073
3073
3072
3072
3072
3071
3071
3071
3070
3070
3070
3069
3069
3069
3069
3069
3068
3068
3068
3068
3068
3067
3067
3064
3064
3063
3073
3062
3062
3061
3061
3060
3060
3060
3059
3059
3059
3059
3072
3058
3058
3058
3057
3057
3057
3056
3056
3055
3055
3055
3054
3054
3053
3051
3051
3050
3050
3050
3050
3050
3049
3049
3049
3054
3049
3048
3047
3047
3046
3046
3046
3045
3045
3041
3041
3041
3041
3041
3040
3039
3039
3039
3039
3039
3038
3038
3037
3037
3037
3037
3037
3037
3037
3037
3036
3036
3036
3036
3036
3035
3034
3034
3033
3032
3032
3032
3048
3031
3031
3031
3031
3029
3028
3026
3026
3035
3023
3023
3023
3022
3022
3022
3021
3021
3021
3021
3020
3020
3019
3019
3018
3018
3018
3018
3018
3017
3017
3017
3016
3016
3016
3015
3015
3015
3015
3015
3015
3014
3014
3014
3014
3014
3014
3013
3013
3014
3012
3012
3012
3012
3011
3011
3011
3010
3029
3008
3008
3008
3008
3007
3007
3007
3006
3006
3006
3006
3005
3005
3005
3004
3003
3002
3002
3002
3002
3002
3001
3001
3000
3000
3000
3000
3000
