579190
564241
555381
481297
405193
380416
363198
334399
317289
316462
315907
309786
308801
305232
299834
294840
286051
273645
270860
269622
268123
265201
258807
254718
254626
254008
247788
243616
243319
241393
240673
240138
238946
238194
238055
232299
230005
225886
223716
222479
220647
219226
214805
208622
205223
202222
201085
199511
198782
198640
195186
195080
188842
188667
188293
186935
182431
182234
179214
178523
176305
176007
173991
173794
173174
172649
172238
171132
170628
169909
168873
168661
168496
168174
166360
166035
163883
163650
163075
160032
159422
158655
158565
157075
156863
155903
155047
154781
152180
151155
150404
149810
148821
148233
147869
147862
147326
147068
146862
146532
146426
146336
146098
144252
143897
143688
143548
142931
141233
141112
140632
139825
138304
137858
137656
137303
136326
136289
136151
135606
135336
134530
132767
132748
132202
130956
130795
129060
128519
128497
125891
125146
123871
123397
122395
122125
121789
120951
120656
120214
119656
119488
118671
118364
117661
117285
115926
115332
114269
114247
114222
113392
113165
112016
111961
111096
110822
110776
109295
109202
108909
108805
108683
108080
107302
106086
104872
104803
104672
104068
103702
103625
103534
103490
103486
103387
103179
102775
102748
102529
102376
102275
101768
101579
101510
100996
100685
100511
100239
99910
99465
98430
98139
97926
97351
96967
96289
95872
95707
95257
94888
94788
94704
94649
94637
94582
94421
94151
93947
92606
92383
92224
91880
91589
90338
90312
90291
90195
90147
89672
89619
88532
88330
88165
87942
87928
87520
87447
87051
86994
86369
86129
86043
85734
85725
85619
85272
85203
85155
84595
84521
84183
84033
83950
83755
83631
83568
83481
83053
83048
82812
82617
82348
82215
82196
82177
82154
82079
81879
81503
81058
80881
80703
80638
80351
80277
80006
79910
79410
79352
79306
79298
79168
78795
78592
78592
78488
78444
78432
77959
77722
77673
77415
77308
77299
77253
77251
77126
77111
76702
76672
76487
76271
76186
76147
76069
76036
76004
75929
75885
75637
75558
75492
75006
74838
74806
74456
74346
74313
74150
74059
73843
73556
73160
72380
72283
71961
71771
71761
71700
71253
71218
70869
70809
70612
70530
70491
70488
70241
70179
70158
69515
69185
69169
69111
69076
68984
68971
68947
68878
68506
68421
68379
68364
68280
67941
67893
67795
67638
67632
67583
67459
67389
67357
67331
67277
67237
67163
67148
67063
66810
66776
66671
66632
66458
66339
66296
66194
66146
65929
65733
65497
65431
65375
65190
65064
64984
64975
64638
64631
64345
64293
64285
63906
63855
63821
63748
63747
63733
63617
63566
63513
63272
63102
63040
62864
62820
62763
62754
62766
62709
62642
62514
62501
62179
62165
61990
61880
61865
61539
61308
61294
61062
61030
60998
60939
60917
60851
60825
60811
60770
60564
60497
60461
60397
60259
60191
60152
60105
60053
60033
59835
59785
59746
59718
59681
59631
59629
59510
59266
58975
58879
58742
58682
58388
58323
58315
58235
58193
57986
57925
57452
57156
57115
57070
57011
56947
56832
56789
56784
56604
56551
56448
56381
56212
56026
56024
55968
55855
55798
55795
55697
55593
55570
55553
55519
55446
55313
55281
55239
55194
55177
55027
54911
54717
54672
54606
54541
54489
54457
54355
54159
54116
53991
53977
53969
53944
53863
53828
53752
53561
53462
53431
53425
53409
53402
53340
53274
53183
53176
53154
53038
52832
52691
52660
52634
52449
52429
52307
52236
51882
51857
51712
51673
51495
51429
51421
51409
51329
51310
51248
51243
51208
51155
51089
51080
51024
50980
50928
50912
50812
50469
50433
50419
50402
50317
50206
50091
49999
49909
49891
49886
49847
49813
49813
49761
49680
49677
49671
49650
49624
49623
49591
49511
49491
49395
49377
49366
49309
49279
49238
49232
49212
49211
49210
49143
49096
49028
48933
48855
48849
48838
48681
48679
48668
48619
48567
48509
48413
48397
48301
48257
47831
47648
47587
47562
47490
47168
47138
47116
47111
47111
47033
47010
47002
46863
46852
46788
46771
46715
46693
46688
46605
46567
46435
46333
46313
46283
46195
46144
46114
46078
46055
46036
46031
46018
45948
45872
45771
45765
45679
45657
45449
45440
45429
45333
45283
45265
45171
45164
45155
45149
45136
45133
45100
45067
44985
44917
44858
44802
44800
44614
44584
44566
44493
44465
44481
44448
44422
44421
44413
44298
44297
44245
44231
44141
44134
44079
44061
44012
43971
43889
43886
43872
43692
43645
43622
43617
43578
43491
43444
43444
43419
43406
43390
43386
43281
43263
43234
43139
43109
43102
43089
43063
43062
43035
42889
42874
42800
42799
42768
42737
42721
42680
42594
42540
42509
42483
42456
42449
42441
42391
42353
42349
42340
42296
42273
42188
42118
42117
42090
42084
42064
42020
42013
41942
41942
41857
41852
41785
41766
41742
41676
41667
41658
41562
41525
41473
41463
41452
41398
41392
41354
41176
41162
41144
41136
41097
41086
41063
41027
40995
40939
40868
40791
40756
40735
40687
40653
40613
40613
40611
40591
40585
40578
40570
40564
40498
40469
40411
40387
40311
40240
40236
40170
40109
40021
39968
39956
39942
39925
39919
39915
39902
39834
39780
39754
39663
39601
39590
39549
39544
39544
39532
39531
39455
39421
39336
39346
39324
39165
39147
39104
39004
38988
38950
38937
38879
38870
38869
38863
38804
38775
38759
38747
38720
38702
38693
38644
38600
38529
38485
38469
38456
38451
38450
38418
38408
38399
38396
38357
38341
38322
38299
38288
38248
38170
38150
38145
38103
38129
38084
38072
38055
38035
38032
38027
38026
38014
37996
37923
37847
37762
37710
37705
37700
37625
37599
37561
37560
37508
37476
37470
37463
37426
37421
37417
37391
37385
37294
37285
37270
37260
37255
37253
37232
37228
37213
36990
36899
36879
36876
36834
36797
36736
36641
36490
36457
36448
36437
36306
36294
36286
36262
36242
36216
36167
36161
36087
36060
35886
35882
35865
35842
35840
35833
35822
35792
35772
35744
35653
35644
35631
35624
35570
35556
35525
35499
35503
35475
35443
35437
35295
35278
35268
35261
35247
35184
35180
35168
35146
35116
35106
35101
35064
35047
35045
35035
35015
34979
34938
34899
34852
34833
34712
34674
34669
34664
34652
34638
34619
34593
34566
34558
34541
34539
34526
34523
34483
34477
34350
34344
34329
34307
34294
34221
34199
34188
34182
34179
34156
34145
34089
34043
34037
34024
34016
33985
33976
33952
33936
33907
33898
33891
33847
33847
33832
33826
33783
33722
33693
33662
33617
33582
33507
33441
33438
33419
33410
33392
33362
33352
33343
33321
33311
33301
33286
33270
33231
33246
33217
33169
33165
33160
33135
33133
33128
33119
33067
33058
33057
33034
33034
33004
32985
32980
32973
32950
32924
32906
32922
32858
32851
32800
32785
32747
32725
32708
32703
32681
32644
32570
32528
32521
32497
32494
32475
32385
32372
32363
32329
32319
32196
32157
32133
32112
32104
32082
32054
32038
32036
32032
32011
31999
31996
31947
31941
31907
31899
31817
31816
31809
31793
31774
31765
31744
31723
31656
31646
31573
31573
31558
31541
31541
31496
31485
31448
31446
31373
31335
31294
31251
31204
31192
31187
31172
31168
31184
31133
31126
31125
31084
31076
31045
31018
31010
31009
30982
30955
30943
30918
30914
30875
30866
30814
30789
30783
30763
30719
30676
30641
30628
30628
30620
30616
30598
30591
30542
30525
30490
30484
30469
30442
30435
30425
30384
30368
30362
30357
30341
30322
30285
30279
30265
30258
30255
30230
30197
30171
30157
30149
30112
30126
30093
30073
30035
30028
30001
29911
29895
29883
29886
29848
29839
29803
29802
29796
29779
29776
29752
29741
29711
29697
29684
29672
29642
29601
29593
29593
29569
29549
29540
29518
29510
29497
29494
29472
29459
29452
29449
29445
29432
29416
29392
29390
29389
29367
29335
29303
29296
29282
29252
29201
29125
29123
29101
29085
29076
29076
29074
29062
29062
29060
29046
29037
29029
29009
29003
29002
28947
28940
28934
28889
28867
28862
28857
28855
28850
28847
28827
28827
28811
28808
28742
28726
28676
28649
28642
28638
28646
28626
28614
28600
28594
28590
28565
28555
28526
28514
28492
28483
28473
28452
28449
28445
28391
28319
28307
28285
28284
28276
28275
28267
28241
28239
28189
28173
28166
28172
28104
28093
28090
28061
28057
28032
28034
28026
28003
27993
27966
27957
27963
27938
27937
27921
27876
27850
27803
27800
27754
27708
27707
27687
27680
27657
27647
27647
27626
27624
27613
27610
27600
27578
27561
27555
27529
27492
27482
27452
27439
27417
27414
27407
27377
27347
27343
27342
27244
27242
27240
27238
27237
27227
27199
27196
27192
27201
27178
27172
27156
27154
27115
27113
27104
27084
27054
27051
27018
27016
26988
26914
26876
26870
26860
26850
26818
26800
26795
26803
26769
26743
26727
26727
26723
26722
26720
26710
26703
26686
26683
26663
26646
26580
26535
26516
26500
26484
26456
26452
26439
26396
26372
26360
26346
26331
26305
26290
26284
26278
26250
26237
26226
26226
26208
26167
26160
26159
26156
26146
26146
26100
26092
26092
26089
26071
26055
26039
26034
26027
26009
25992
25990
25984
25978
25970
25957
25943
25936
25925
25906
25900
25882
25879
25875
25871
25867
25866
25858
25829
25829
25803
25801
25745
25729
25713
25680
25673
25670
25664
25694
25650
25637
25610
25602
25600
25598
25574
25570
25563
25535
25529
25511
25504
25503
25473
25472
25462
25440
25437
25425
25396
25395
25382
25353
25353
25336
25335
25334
25329
25278
25248
25240
25235
25202
25171
25164
25158
25150
25148
25139
25127
25127
25092
25087
25074
25075
25055
25052
25047
25046
25042
25030
25010
25003
25018
24988
24979
24966
24949
24957
24939
24909
24909
24868
24856
24853
24851
24848
24842
24842
24826
24824
24769
24759
24744
24743
24750
24725
24701
24650
24645
24644
24611
24611
24608
24607
24582
24576
24574
24511
24496
24495
24494
24435
24428
24408
24406
24374
24362
24334
24332
24308
24300
24290
24286
24283
24282
24270
24247
24244
24204
24195
24188
24168
24164
24163
24162
24159
24145
24128
24090
24074
24065
24059
24029
24024
23956
23946
23945
23959
23919
23919
23919
23911
23899
23898
23878
23875
23872
23855
23850
23844
23843
23810
23809
23799
23785
23752
23740
23734
23733
23723
23719
23704
23700
23697
23695
23689
23666
23664
23653
23600
23599
23559
23539
23538
23528
23526
23502
23481
23481
23480
23472
23470
23463
23440
23398
23385
23382
23345
23336
23332
23324
23320
23309
23287
23270
23218
23191
23183
23178
23175
23162
23154
23144
23139
23122
23090
23089
23074
23055
23051
23035
23030
23030
23029
23025
23009
23009
23006
22972
22964
22940
22934
22878
22852
22845
22845
22843
22839
22839
22825
22823
22814
22813
22810
22784
22778
22775
22768
22763
22737
22733
22722
22689
22639
22634
22617
22597
22579
22558
22549
22546
22545
22541
22539
22538
22537
22523
22527
22495
22478
22450
22438
22426
22400
22370
22369
22362
22355
22345
22342
22326
22315
22303
22297
22284
22275
22267
22260
22252
22211
22194
22191
22183
22171
22162
22162
22140
22133
22130
22123
22097
22092
22089
22073
22044
22042
22023
22009
21958
21946
21926
21911
21907
21883
21873
21853
21848
21847
21841
21836
21832
21822
21817
21791
21768
21765
21763
21758
21750
21748
21748
21740
21736
21720
21717
21676
21674
21665
21663
21652
21644
21636
21622
21616
21614
21607
21592
21587
21574
21571
21556
21545
21542
21532
21531
21525
21494
21481
21480
21469
21443
21439
21437
21436
21388
21386
21383
21379
21388
21367
21362
21339
21339
21329
21322
21314
21313
21291
21284
21280
21272
21245
21215
21196
21187
21176
21150
21124
21124
21092
21087
21086
21070
21065
21062
21059
21049
21048
21044
21043
21043
21040
21037
21019
21016
21035
20990
20986
20986
20976
20974
20972
20964
20941
20926
20904
20881
20875
20882
20880
20869
20865
20841
20839
20824
20811
20806
20780
20772
20771
20770
20715
20706
20697
20674
20664
20656
20655
20632
20623
20611
20592
20578
20562
20561
20555
20550
20536
20530
20522
20516
20513
20504
20459
20457
20426
20426
20422
20410
20397
20390
20373
20373
20355
20354
20346
20340
20331
20329
20312
20308
20304
20297
20291
20286
20273
20265
20252
20238
20217
20198
20194
20194
20184
20184
20181
20167
20166
20163
20162
20162
20156
20152
20140
20136
20135
20127
20121
20106
20106
20101
20090
20086
20072
20068
20065
20051
20045
20043
20029
20027
20017
20015
20010
20009
20008
19998
19987
19975
19969
19968
19967
19919
19916
19914
19888
19890
19888
19887
19875
19874
19873
19855
19852
19850
19838
19812
19807
19774
19770
19768
19766
19752
19745
19733
19722
19704
19698
19693
19692
19680
19672
19670
19663
19660
19648
19642
19639
19634
19631
19630
19621
19618
19616
19614
19597
19596
19591
19586
19579
19550
19545
19533
19531
19526
19507
19503
19479
19472
19458
19451
19446
19441
19441
19440
19427
19422
19418
19401
19398
19394
19389
19388
19385
19373
19371
19361
19360
19353
19351
19342
19337
19320
19309
19293
19283
19268
19251
19239
19234
19233
19226
19199
19172
19165
19162
19152
19149
19145
19127
19127
19121
19108
19095
19083
19081
19077
19066
19064
19059
19059
19038
19053
19029
19021
19019
18996
18994
18992
18992
18998
18976
18952
18937
18935
18911
18910
18895
18881
18876
18867
18866
18828
18828
18822
18802
18801
18799
18796
18794
18786
18760
18760
18754
18753
18752
18750
18748
18746
18735
18724
18705
18689
18679
18667
18654
18652
18649
18648
18646
18624
18620
18607
18605
18600
18589
18579
18571
18562
18562
18545
18545
18561
18536
18525
18502
18488
18485
18475
18463
18462
18460
18443
18427
18415
18415
18375
18373
18367
18354
18335
18332
18313
18307
18305
18281
18280
18276
18273
18260
18243
18223
18232
18222
18221
18219
18218
18210
18210
18208
18206
18202
18187
18188
18177
18164
18163
18145
18133
18135
18130
18120
18119
18116
18115
18111
18107
18099
18093
18087
18086
18078
18076
18074
18057
18056
18027
18023
18020
18016
18011
18010
18010
18001
17987
17977
17973
17960
17955
17941
17936
17928
17909
17903
17902
17884
17883
17878
17856
17864
17839
17827
17822
17816
17806
17806
17786
17781
17780
17774
17774
17767
17755
17752
17745
17736
17729
17728
17715
17700
17689
17684
17675
17669
17659
17656
17663
17635
17622
17620
17619
17614
17610
17607
17602
17593
17592
17560
17535
17532
17528
17513
17511
17503
17501
17475
17472
17467
17461
17460
17447
17432
17430
17426
17415
17405
17389
17383
17381
17380
17344
17341
17339
17336
17328
17317
17312
17311
17311
17307
17301
17300
17294
17263
17266
17262
17260
17254
17249
17245
17240
17239
17234
17211
17180
17173
17169
17167
17153
17151
17145
17129
17129
17136
17118
17108
17096
17089
17076
17070
17065
17062
17061
17052
17049
17034
17032
17030
17025
17021
17019
17016
17014
17012
17029
17009
17002
17001
16995
16991
16982
16976
16965
16957
16956
16953
16942
16932
16907
16870
16855
16852
16843
16842
16853
16839
16828
16828
16804
16800
16785
16782
16778
16771
16767
16758
16756
16756
16755
16747
16741
16732
16712
16712
16708
16707
16705
16704
16702
16696
16693
16662
16658
16654
16651
16650
16642
16640
16639
16618
16618
16612
16612
16588
16584
16577
16569
16565
16553
16546
16540
16534
16530
16544
16522
16523
16505
16504
16495
16489
16489
16488
16479
16478
16470
16465
16465
16454
16451
16438
16437
16436
16436
16456
16429
16414
16414
16412
16406
16390
16389
16386
16383
16371
16371
16370
16368
16359
16354
16343
16331
16331
16318
16295
16294
16292
16291
16290
16288
16281
16271
16263
16257
16250
16245
16240
16232
16245
16226
16215
16211
16208
16207
16204
16192
16178
16177
16176
16173
16169
16167
16167
16167
16164
16163
16157
16148
16146
16137
16133
16130
16128
16118
16091
16083
16079
16079
16074
16069
16064
16063
16039
16034
16032
16032
16029
16020
16018
16028
16004
15991
15990
15986
15985
15986
15989
15976
15976
15964
15962
15954
15953
15945
15940
15938
15928
15928
15921
15919
15915
15888
15895
15895
15893
15891
15887
15878
15877
15878
15862
15861
15855
15850
15842
15839
15838
15836
15835
15825
15825
15818
15806
15812
15795
15785
15781
15780
15780
15779
15773
15772
15743
15733
15731
15730
15727
15723
15727
15717
15713
15710
15707
15707
15706
15697
15692
15687
15685
15683
15677
15660
15650
15642
15634
15632
15624
15616
15604
15597
15592
15591
15591
15579
15577
15565
15558
15554
15548
15546
15533
15532
15525
15520
15519
15513
15512
15508
15508
15497
15494
15492
15482
15468
15467
15460
15458
15455
15454
15453
15443
15439
15438
15433
15422
15443
15415
15415
15402
15397
15386
15380
15379
15377
15372
15372
15371
15370
15368
15337
15336
15335
15333
15318
15318
15317
15305
15296
15290
15286
15283
15266
15266
15266
15265
15258
15257
15250
15248
15235
15232
15227
15226
15225
15224
15219
15207
15203
15199
15199
15212
15191
15191
15190
15189
15184
15182
15177
15176
15169
15158
15154
15154
15153
15140
15140
15132
15118
15117
15117
15112
15103
15100
15098
15095
15090
15084
15077
15067
15064
15052
15051
15050
15049
15040
15038
15038
15031
15029
15024
15024
15015
15000
14999
14996
14994
14992
14986
14984
14982
14972
14972
14993
14969
14966
14962
14962
14960
14960
14958
14958
14955
14954
14951
14947
14942
14937
14935
14922
14919
14918
14917
14910
14907
14905
14902
14899
14897
14897
14867
14867
14864
14862
14862
14851
14849
14843
14829
14829
14825
14811
14805
14800
14786
14786
14783
14780
14779
14794
14771
14768
14766
14764
14755
14746
14729
14715
14714
14709
14699
14693
14692
14680
14678
14668
14666
14665
14665
14663
14660
14658
14657
14656
14652
14640
14638
14636
14634
14627
14626
14626
14622
14622
14621
14616
14612
14611
14601
14598
14596
14595
14591
14590
14578
14577
14575
14572
14564
14563
14561
14561
14560
14560
14558
14554
14554
14551
14544
14539
14535
14533
14528
14527
14520
14517
14515
14508
14507
14505
14501
14497
14496
14495
14493
14481
14475
14474
14473
14472
14470
14467
14462
14457
14453
14449
14437
14451
14432
14422
14419
14418
14410
14408
14405
14395
14383
14382
14380
14373
14369
14365
14360
14360
14357
14351
14344
14344
14343
14340
14338
14332
14328
14328
14323
14322
14313
14312
14310
14310
14308
14297
14297
14296
14293
14292
14286
14285
14285
14283
14282
14287
14279
14270
14264
14262
14252
14251
14248
14243
14239
14223
14223
14212
14206
14203
14201
14198
14187
14186
14180
14176
14175
14172
14167
14158
14155
14145
14137
14132
14122
14115
14107
14105
14103
14103
14097
14095
14094
14090
14088
14087
14086
14081
14072
14072
14066
14064
14063
14063
14053
14061
14059
14054
14053
14046
14044
14041
14036
14035
14029
14025
14025
14020
14017
14013
14006
14003
13996
13993
13981
13975
13953
13939
13931
13929
13920
13906
13904
13904
13901
13898
13893
13888
13885
13884
13881
13875
13873
13868
13865
13864
13864
13860
13855
13853
13857
13849
13848
13839
13839
13837
13836
13827
13814
13814
13811
13807
13806
13799
13787
13778
13778
13770
13763
13758
13744
13741
13739
13731
13725
13702
13701
13698
13698
13696
13693
13692
13681
13678
13674
13670
13670
13667
13660
13659
13653
13651
13645
13625
13625
13620
13615
13615
13609
13608
13605
13595
13592
13588
13573
13566
13565
13559
13557
13556
13555
13555
13553
13535
13527
13515
13514
13511
13394
13516
13494
13493
13490
13484
13475
13473
13472
13466
13464
13460
13451
13442
13431
13430
13429
13427
13426
13419
13415
13414
13414
13404
13400
13400
13397
13397
13395
13393
13388
13388
13386
13385
13385
13381
13379
13377
13368
13361
13360
13359
13357
13355
13355
13355
13354
13352
13349
13328
13327
13322
13339
13317
13311
13311
13303
13296
13292
13292
13288
13287
13286
13285
13281
13264
13260
13246
13246
13244
13239
13237
13236
13236
13240
13230
13228
13224
13223
13210
13210
13209
13206
13206
13198
13195
13192
13197
13191
13190
13190
13198
13180
13172
13157
13156
13153
13151
13150
13144
13141
13137
13131
13128
13125
13122
13111
13110
13108
13108
13104
13100
13095
13090
13084
13083
13081
13086
13078
13078
13070
13050
13042
13042
13025
13025
13024
13020
13019
13017
13015
13014
13002
13001
12996
12995
12989
12987
12986
12980
12979
12979
12979
12975
12973
12970
12964
12970
12961
12965
12956
12954
12950
12949
12946
12945
12942
12934
12931
12933
12923
12917
12914
12913
12905
12901
12899
12890
12888
12886
12898
12882
12870
12867
12861
12845
12839
12837
12836
12834
12832
12830
12830
12829
12826
12825
12824
12823
12817
12816
12808
12804
12804
12797
12787
12786
12806
12783
12778
12778
12774
12768
12763
12761
12760
12753
12752
12751
12751
12740
12737
12735
12733
12733
12731
12731
12730
12730
12728
12714
12714
12713
12709
12708
12697
12697
12696
12696
12690
12689
12689
12682
12680
12671
12662
12660
12655
12649
12646
12642
12641
12637
12635
12625
12623
12615
12612
12606
12602
12600
12599
12594
12593
12585
12583
12581
12581
12577
12574
12569
12564
12551
12551
12541
12540
12537
12537
12536
12534
12528
12523
12523
12518
12512
12512
12493
12493
12493
12479
12473
12472
12468
12463
12461
12463
12452
12450
12447
12443
12442
12441
12436
12432
12428
12422
12416
12411
12407
12389
12388
12381
12379
12377
12377
12366
12363
12362
12359
12357
12349
12346
12345
12335
12331
12322
12319
12314
12311
12310
12310
12299
12294
12286
12283
12277
12274
12272
12263
12262
12256
12251
12248
12241
12235
12235
12230
12244
12219
12217
12216
12216
12209
12209
12200
12199
12197
12193
12189
12188
12188
12178
12177
12170
12170
12163
12159
12157
12150
12148
12147
12141
12140
12135
12135
12133
12130
12128
12126
12126
12112
12108
12104
12100
12097
12094
12092
12092
12094
12088
12085
12083
12082
12075
12073
12071
12069
12068
12064
12061
12057
12055
12050
12050
12048
12048
12037
12033
12027
12020
12015
12015
12010
12008
12001
11987
11986
11982
11982
11972
11972
11960
11955
11954
11947
11941
11936
11934
11932
11931
11920
11920
11919
11911
11901
11899
11893
11893
11891
11891
11890
11889
11885
11881
11880
11858
11856
11852
11849
11848
11847
11821
11820
11813
11813
11810
11808
11807
11806
11805
11804
11802
11801
11797
11794
11787
11782
11781
11779
11777
11766
11765
11761
11760
11758
11756
11755
11753
11748
11745
11743
11733
11729
11724
11723
11720
11711
11704
11702
11697
11693
11690
11686
11685
11684
11680
11674
11670
11667
11662
11660
11658
11651
11644
11643
11642
11657
11640
11640
11640
11638
11636
11634
11633
11631
11631
11621
11619
11619
11619
11616
11606
11604
11600
11599
11598
11593
11587
11580
11576
11575
11571
11570
11557
11556
11551
11562
11549
11546
11544
11540
11531
11526
11516
11514
11513
11513
11509
11508
11501
11497
11496
11484
11491
11481
11476
11475
11474
11473
11472
11463
11461
11459
11456
11451
11466
11453
11451
11449
11448
11459
11443
11442
11438
11431
11430
11425
11418
11417
11415
11411
11410
11391
11391
11388
11383
11382
11382
11378
11399
11375
11371
11369
11368
11364
11360
11355
11350
11350
11350
11349
11347
11347
11347
11346
11345
11341
11338
11337
11336
11336
11336
11334
11332
11330
11328
11327
11326
11319
11308
11307
11303
11300
11298
11291
11291
11289
11285
11281
11280
11269
11265
11267
11262
11258
11250
11248
11248
11248
11243
11240
11235
11234
11234
11234
11233
11230
11229
11226
11224
11224
11223
11219
11219
11216
11214
11207
11207
11206
11196
11195
11197
11192
11192
11187
11186
11181
11180
11180
11180
11176
11174
11172
11171
11166
11165
11160
11157
11156
11156
11152
11151
11144
11144
11160
11128
11128
11125
11122
11120
11119
11118
11116
11112
11106
11105
11101
11099
11094
11093
11093
11087
11081
11076
11070
11068
11063
11062
11056
11053
11048
11045
11044
11044
11041
11039
11038
11030
11025
11024
11021
11019
11017
11032
11011
11011
11010
11003
11003
11009
11000
10999
10998
10995
10992
10989
10986
10983
10983
10982
10979
10974
10967
10966
10958
10956
10953
10949
10946
10941
10930
10930
10926
10933
10924
10920
10919
10918
10916
10916
10915
10902
10900
10894
10893
10890
10888
10882
10881
10881
10878
10876
10875
10872
10859
10853
10850
10848
10847
10841
10833
10833
10833
10821
10821
10820
10820
10816
10811
10806
10805
10800
10799
10799
10795
10793
10792
10791
10790
10787
10784
10780
10777
10775
10775
10772
10770
10770
10769
10768
10764
10761
10761
10755
10754
10752
10752
10751
10745
10745
10740
10737
10736
10731
10730
10725
10722
10721
10715
10714
10710
10707
10704
10701
10697
10696
10693
10688
10682
10677
10676
10672
10671
10664
10664
10661
10652
10649
10645
10644
10643
10642
10638
10636
10635
10629
10619
10613
10611
10609
10608
10603
10602
10597
10593
10592
10588
10585
10584
10580
10580
10574
10568
10567
10566
10565
10563
10562
10559
10548
10541
10541
10539
10539
10536
10536
10535
10530
10529
10528
10527
10525
10522
10515
10507
10506
10505
10500
10517
10491
10491
10487
10487
10486
10485
10484
10479
10476
10475
10465
10464
10461
10455
10452
10449
10436
10436
10430
10429
10424
10422
10421
10419
10417
10417
10414
10413
10411
10410
10409
10407
10400
10397
10396
10395
10395
10393
10387
10384
10383
10382
10368
10366
10361
10351
10345
10343
10342
10335
10335
10331
10329
10321
10338
10319
10317
10334
10312
10306
10306
10303
10301
10298
10297
10295
10292
10288
10287
10285
10280
10277
10276
10273
10270
10268
10267
10264
10262
10262
10261
10259
10259
10259
10258
10256
10251
10251
10249
10247
10246
10243
10241
10250
10239
10236
10234
10232
10227
10220
10214
10213
10211
10208
10207
10206
10196
10194
10189
10184
10184
10184
10183
10181
10176
10174
10169
10165
10157
10147
10144
10142
10136
10134
10133
10132
10129
10129
10128
10135
10120
10114
10111
10111
10110
10109
10107
10106
10104
10102
10097
10096
10095
10094
10093
10092
10088
10083
10082
10082
10081
10080
10073
10072
10071
10069
10060
10060
10057
10054
10053
10048
10046
10046
10045
10045
10042
10040
10037
10028
10026
10024
10022
10015
10012
10010
10000
9998
10002
9990
9990
9989
9987
10005
9980
9977
9977
9975
9973
9970
9970
9970
9969
9965
9962
9959
9969
9947
9944
9943
9941
9939
9936
9935
9928
9927
9925
9922
9922
9919
9917
9914
9905
9904
9903
9902
9897
9914
9894
9894
9894
9893
9892
9891
9888
9884
9883
9882
9882
9880
9879
9879
9879
9878
9876
9873
9866
9860
9859
9859
9859
9859
9856
9853
9850
9848
9848
9845
9844
9859
9840
9838
9837
9837
9836
9835
9834
9830
9829
9828
9828
9827
9819
9818
9817
9817
9816
9816
9814
9811
9804
9800
9798
9798
9794
9790
9788
9783
9782
9779
9776
9771
9769
9768
9767
9766
9765
9763
9762
9759
9758
9755
9752
9749
9744
9742
9741
9740
9732
9731
9730
9729
9728
9731
9722
9721
9717
9707
9704
9701
9701
9696
9695
9695
9682
9680
9676
9668
9666
9662
9657
9657
9653
9652
9651
9650
9646
9646
9646
9645
9644
9643
9638
9637
9636
9635
9632
9626
9622
9620
9616
9616
9613
9612
9612
9609
9609
9608
9608
9605
9601
9593
9590
9589
9586
9586
9578
9578
9576
9572
9569
9566
9562
9562
9561
9560
9559
9557
9554
9554
9553
9550
9548
9548
9547
9544
9541
9537
9530
9529
9522
9521
9520
9517
9514
9510
9506
9501
9501
9498
9496
9493
9492
9494
9490
9488
9483
9483
9483
9481
9480
9477
9474
9473
9472
9471
9470
9469
9468
9462
9460
9458
9458
9458
9456
9456
9455
9453
9450
9450
9449
9443
9441
9440
9439
9438
9437
9432
9432
9431
9446
9424
9423
9422
9420
9416
9412
9410
9407
9407
9402
9399
9399
9398
9398
9392
9392
9389
9389
9385
9384
9382
9381
9380
9380
9377
9375
9370
9366
9365
9365
9358
9355
9352
9346
9345
9345
9343
9342
9339
9333
9331
9331
9328
9328
9325
9321
9317
9314
9313
9312
9309
9308
9300
9296
9296
9288
9286
9284
9282
9281
9277
9276
9267
9266
9266
9257
9254
9253
9252
9250
9247
9244
9244
9244
9240
9240
9240
9238
9236
9229
9218
9217
9216
9212
9208
9208
9207
9205
9197
9192
9192
9191
9189
9188
9189
9184
9181
9180
9169
9167
9165
9163
9161
9152
9166
9145
9140
9138
9138
9136
9135
9133
9132
9130
9128
9126
9125
9124
9118
9117
9115
9115
9114
9114
9112
9110
9107
9114
9106
9105
9105
9103
9106
9101
9101
9090
9087
9083
9079
9072
9068
9067
9063
9061
9060
9055
9054
9052
9050
9048
9047
9046
9043
9041
9040
9038
9038
9031
9024
9024
9023
9022
9020
9019
9017
9016
9016
9015
9014
9013
9011
9008
9007
9005
9002
9002
8996
8994
8983
8983
8974
8973
8970
8961
8960
8958
8957
8956
8954
8954
8953
8952
8949
8947
8941
8938
8938
8937
8936
8931
8928
8925
8925
8916
8913
8910
8908
8907
8906
8904
8901
8900
8899
8896
8892
8890
8888
8888
8887
8885
8883
8882
8879
8876
8874
8873
8870
8869
8862
8859
8857
8856
8853
8852
8865
8848
8847
8845
8844
8841
8841
8858
8838
8838
8836
8834
8831
8830
8829
8829
8829
8833
8828
8827
8832
8825
8824
8824
8819
8819
8818
8818
8817
8814
8813
8812
8812
8811
8809
8808
8807
8806
8806
8805
8804
8802
8799
8797
8797
8797
8794
8793
8792
8792
8786
8783
8783
8782
8776
8767
8766
8763
8763
8760
8758
8756
8756
8755
8754
8752
8751
8750
8748
8745
8743
8742
8742
8737
8737
8733
8726
8726
8724
8722
8718
8718
8716
8713
8710
8710
8708
8705
8702
8698
8692
8682
8680
8678
8677
8675
8675
8673
8669
8665
8665
8663
8662
8661
8658
8655
8652
8647
8646
8646
8640
8636
8633
8648
8627
8637
8623
8623
8620
8619
8618
8618
8618
8614
8609
8609
8608
8615
8606
8602
8602
8602
8600
8596
8595
8591
8588
8584
8581
8578
8578
8577
8575
8572
8564
8562
8559
8559
8558
8558
8558
8555
8554
8544
8543
8539
8536
8532
8532
8531
8530
8530
8529
8528
8527
8526
8521
8518
8517
8512
8511
8510
8509
8508
8507
8504
8503
8503
8502
8500
8500
8499
8499
8498
8510
8497
8492
8489
8489
8487
8487
8484
8484
8483
8482
8482
8480
8480
8480
8481
8478
8475
8473
8473
8472
8472
8467
8467
8464
8462
8460
8460
8459
8459
8446
8446
8441
8441
8440
8439
8439
8439
8436
8436
8435
8435
8432
8426
8426
8425
8425
8425
8430
8416
8416
8414
8410
8410
8408
8407
8404
8402
8401
8401
8400
8394
8394
8394
8393
8392
8386
8385
8383
8381
8380
8379
8379
8379
8379
8378
8377
8377
8374
8371
8368
8365
8363
8333
8361
8359
8358
8357
8356
8354
8351
8346
8341
8341
8340
8340
8337
8336
8335
8334
8330
8329
8328
8327
8326
8322
8321
8319
8319
8314
8312
8311
8309
8327
8303
8300
8297
8295
8295
8293
8293
8293
8292
8292
8290
8290
8286
8284
8282
8282
8281
8278
8278
8275
8275
8274
8272
8270
8266
8264
8262
8259
8258
8258
8257
8280
8252
8248
8246
8245
8245
8243
8240
8235
8234
8234
8230
8230
8229
8227
8223
8223
8222
8221
8220
8219
8216
8215
8214
8214
8214
8212
8208
8207
8207
8203
8202
8201
8201
8200
8200
8199
8193
8193
8192
8188
8187
8187
8186
8185
8184
8184
8183
8182
8181
8180
8179
8176
8174
8172
8169
8169
8166
8164
8164
8163
8160
8160
8159
8158
8174
8155
8155
8155
8153
8150
8148
8147
8147
8141
8139
8138
8137
8137
8158
8141
8128
8148
8126
8125
8121
8129
8119
8118
8118
8117
8115
8114
8112
8112
8110
8109
8109
8107
8107
8105
8104
8100
8098
8098
8096
8095
8094
8094
8094
8093
8093
8091
8089
8083
8082
8081
8078
8077
8072
8071
8071
8070
8069
8069
8068
8064
8062
8062
8059
8059
8058
8052
8052
8051
8049
8047
8047
8047
8046
8046
8046
8070
8036
8034
8030
8028
8026
8026
8025
8024
8021
8020
8020
8020
8019
8018
8017
8012
8011
8011
8007
8005
8001
8001
8001
7999
7996
7993
7992
7992
7991
7987
7987
7985
7985
7981
7979
7979
7978
7978
7977
7977
7976
7976
7970
7970
7969
7968
7968
7965
7961
7960
7960
7958
7956
7955
7954
7952
7950
7946
7941
7941
7939
7939
7938
7936
7935
7932
7931
7924
7922
7919
7919
7912
7910
7910
7908
7907
7906
7905
7905
7918
7902
7900
7900
7898
7896
7895
7894
7893
7890
7890
7888
7888
7887
7887
7886
7885
7882
7879
7879
7878
7872
7871
7870
7870
7870
7866
7865
7864
7860
7860
7858
7854
7853
7848
7847
7845
7844
7840
7840
7840
7838
7834
7831
7830
7828
7825
7823
7821
7819
7819
7819
7818
7817
7817
7817
7813
7811
7811
7810
7808
7807
7806
7805
7804
7807
7804
7816
7801
7799
7808
7797
7791
7787
7786
7785
7785
7783
7782
7780
7780
7780
7780
7779
7779
7778
7775
7770
7765
7765
7765
7764
7762
7761
7758
7758
7758
7756
7754
7753
7751
7751
7750
7750
7749
7748
7748
7748
7743
7740
7739
7738
7737
7734
7732
7731
7731
7730
7726
7724
7721
7719
7718
7718
7716
7714
7711
7711
7711
7708
7708
7707
7703
7702
7694
7693
7692
7691
7689
7686
7685
7683
7683
7681
7679
7678
7678
7676
7670
7668
7668
7686
7664
7673
7662
7661
7660
7659
7643
7656
7654
7653
7652
7652
7655
7649
7648
7647
7646
7644
7643
7641
7640
7640
7638
7637
7637
7634
7633
7633
7633
7632
7629
7626
7626
7623
7623
7620
7619
7619
7619
7615
7614
7611
7608
7607
7604
7603
7601
7596
7593
7593
7590
7588
7588
7585
7585
7582
7582
7581
7580
7579
7576
7576
7575
7573
7572
7572
7571
7571
7569
7569
7564
7563
7562
7561
7561
7560
7556
7555
7554
7551
7549
7548
7546
7545
7543
7542
7541
7538
7538
7533
7533
7533
7533
7548
7530
7529
7528
7525
7523
7522
7522
7521
7521
7519
7519
7518
7518
7516
7525
7510
7507
7505
7503
7501
7498
7498
7496
7492
7492
7490
7506
7490
7489
7487
7487
7487
7486
7485
7476
7472
7472
7468
7466
7465
7463
7461
7460
7458
7456
7455
7454
7453
7466
7451
7450
7449
7447
7447
7447
7446
7444
7442
7434
7434
7433
7431
7431
7431
7429
7426
7429
7423
7422
7421
7419
7419
7419
7416
7416
7414
7409
7409
7406
7406
7405
7404
7404
7404
7403
7400
7400
7400
7400
7399
7399
7392
7392
7392
7389
7389
7389
7388
7387
7387
7385
7383
7381
7380
7378
7375
7375
7374
7373
7372
7370
7370
7370
7368
7367
7384
7365
7363
7360
7360
7359
7358
7358
7352
7351
7361
7349
7349
7348
7347
7346
7345
7344
7339
7338
7337
7335
7332
7332
7331
7328
7327
7322
7322
7320
7317
7317
7315
7315
7315
7313
7313
7309
7309
7309
7307
7306
7303
7303
7311
7294
7293
7291
7291
7288
7288
7286
7286
7285
7282
7281
7276
7273
7272
7272
7270
7269
7269
7272
7265
7257
7256
7254
7253
7251
7251
7247
7246
7245
7246
7242
7242
7238
7238
7235
7235
7233
7233
7233
7232
7231
7231
7226
7225
7222
7221
7221
7218
7218
7216
7216
7216
7215
7213
7210
7210
7209
7203
7202
7201
7200
7200
7199
7199
7196
7195
7200
7193
7193
7191
7191
7190
7190
7190
7187
7187
7185
7184
7184
7183
7180
7180
7179
7178
7178
7187
7174
7174
7170
7170
7170
7165
7165
7164
7163
7163
7162
7161
7160
7159
7159
7156
7151
7151
7151
7149
7147
7147
7147
7146
7146
7145
7143
7142
7141
7140
7135
7151
7157
7131
7131
7130
7130
7129
7129
7127
7126
7125
7123
7123
7122
7120
7116
7115
7116
7112
7110
7109
7109
7108
7104
7104
7104
7100
7071
7099
7098
7097
7097
7096
7094
7093
7093
7092
7092
7091
7091
7089
7088
7085
7082
7081
7081
7079
7078
7077
7096
7076
7075
7074
7073
7087
7072
7070
7070
7070
7068
7064
7062
7060
7058
7057
7057
7056
7055
7054
7053
7051
7049
7048
7048
7047
7045
7044
7041
7041
7041
7038
7038
7032
7030
7028
7024
7023
7021
7020
7019
7019
7018
7016
7015
7014
7014
7014
7013
7012
7012
7011
7008
7004
7001
6999
6996
6995
6995
6992
6990
6989
6986
6986
6984
6982
6982
6981
6980
6978
6975
6986
6970
6969
6969
6968
6967
6967
6966
6964
6964
6989
6960
6960
6960
6957
6957
6956
6950
6949
6947
6946
6945
6945
6944
6942
6966
6941
6940
6940
6940
6939
6937
6936
6935
6934
6934
6933
6933
6931
6930
6928
6927
6927
6926
6926
6925
6925
6925
6921
6921
6919
6917
6917
6915
6913
6911
6908
6905
6903
6902
6902
6900
6898
6897
6897
6897
6896
6895
6895
6894
6894
6893
6892
6891
6889
6888
6888
6887
6887
6886
6885
6884
6883
6882
6882
6881
6881
6881
6880
6878
6875
6875
6874
6893
6871
6870
6870
6869
6867
6867
6867
6865
6865
6864
6863
6863
6862
6861
6857
6856
6854
6850
6849
6849
6847
6846
6846
6844
6841
6841
6841
6839
6839
6837
6836
6834
6831
6827
6825
6824
6824
6823
6823
6819
6818
6815
6813
6811
6810
6809
6818
6807
6807
6806
6805
6802
6799
6799
6799
6795
6795
6794
6792
6792
6793
6791
6790
6789
6785
6785
6785
6782
6782
6780
6778
6776
6776
6775
6775
6774
6774
6774
6773
6772
6772
6772
6771
6770
6767
6767
6762
6762
6763
6762
6761
6758
6754
6754
6753
6753
6751
6751
6751
6751
6750
6749
6745
6743
6742
6741
6739
6738
6735
6734
6733
6732
6731
6733
6727
6727
6726
6726
6724
6719
6718
6717
6717
6716
6715
6715
6713
6713
6711
6710
6709
6708
6707
6707
6705
6703
6702
6702
6720
6699
6696
6696
6695
6693
6691
6690
6689
6689
6687
6685
6685
6685
6684
6682
6681
6680
6679
6675
6672
6671
6671
6675
6670
6669
6663
6663
6663
6661
6657
6656
6654
6654
6654
6650
6649
6648
6646
6642
6641
6641
6638
6638
6638
6637
6633
6632
6632
6631
6631
6629
6629
6628
6627
6627
6626
6626
6625
6624
6624
6623
6623
6622
6622
6622
6621
6620
6632
6619
6621
6615
6649
6611
6610
6610
6610
6609
6609
6607
6607
6606
6604
6604
6604
6602
6601
6599
6598
6596
6596
6595
6595
6594
6593
6590
6590
6590
6589
6589
6577
6587
6587
6586
6585
6584
6582
6582
6582
6582
6584
6578
6577
6575
6575
6574
6573
6571
6571
6566
6578
6561
6561
6559
6558
6557
6553
6552
6551
6551
6549
6549
6569
6545
6543
6542
6541
6541
6541
6540
6539
6539
6538
6537
6536
6533
6533
6532
6532
6531
6531
6530
6530
6530
6530
6528
6528
6507
6523
6522
6522
6520
6519
6519
6518
6518
6518
6517
6516
6514
6513
6512
6511
6511
6511
6508
6508
6507
6507
6506
6505
6504
6501
6499
6498
6498
6496
6496
6494
6493
6493
6493
6492
6492
6491
6491
6490
6489
6489
6488
6488
6484
6482
6482
6481
6481
6477
6477
6474
6473
6473
6472
6470
6469
6469
6469
6466
6466
6465
6465
6464
6464
6464
6463
6462
6453
6449
6449
6449
6448
6450
6445
6445
6444
6442
6441
6440
6440
6440
6440
6438
6438
6437
6437
6437
6436
6436
6435
6435
6435
6434
6431
6431
6430
6429
6426
6425
6423
6423
6418
6418
6417
6417
6414
6413
6413
6412
6412
6413
6411
6410
6409
6408
6408
6407
6420
6404
6400
6399
6395
6394
6394
6393
6393
6392
6401
6391
6390
6389
6389
6389
6387
6387
6386
6384
6383
6382
6381
6381
6381
6378
6378
6376
6376
6375
6372
6371
6369
6367
6365
6365
6364
6363
6362
6362
6361
6360
6359
6358
6358
6357
6356
6355
6352
6348
6345
6345
6345
6365
6344
6344
6343
6343
6342
6341
6338
6337
6336
6335
6335
6335
6335
6335
6333
6333
6332
6332
6330
6329
6329
6326
6325
6324
6324
6324
6338
6323
6322
6321
6320
6320
6319
6318
6318
6316
6315
6312
6311
6311
6311
6309
6309
6309
6307
6305
6304
6303
6303
6297
6294
6294
6293
6289
6289
6289
6289
6288
6287
6287
6286
6285
6285
6284
6281
6281
6280
6279
6279
6278
6278
6277
6277
6275
6275
6273
6272
6272
6272
6269
6269
6269
6268
6268
6267
6267
6264
6262
6261
6261
6259
6259
6258
6257
6255
6254
6253
6253
6252
6251
6250
6250
6249
6248
6247
6241
6240
6240
6240
6239
6236
6239
6238
6237
6237
6236
6235
6229
6228
6227
6226
6222
6222
6221
6220
6218
6217
6217
6217
6217
6212
6212
6212
6212
6212
6212
6210
6209
6208
6207
6207
6206
6205
6205
6204
6202
6202
6201
6199
6198
6196
6194
6193
6192
6192
6192
6190
6188
6188
6184
6184
6182
6181
6180
6180
6179
6179
6179
6178
6176
6175
6174
6173
6173
6172
6171
6170
6169
6168
6166
6166
6165
6165
6164
6163
6163
6162
6160
6159
6158
6157
6155
6155
6153
6151
6151
6148
6147
6146
6145
6144
6143
6142
6139
6139
6138
6138
6137
6137
6137
6136
6136
6135
6132
6132
6131
6130
6129
6129
6129
6128
6126
6126
6124
6124
6123
6120
6118
6118
6116
6137
6114
6112
6110
6108
6108
6107
6107
6106
6104
6102
6102
6101
6100
6100
6099
6097
6095
6094
6094
6094
6092
6091
6090
6090
6089
6088
6087
6085
6083
6082
6081
6080
6078
6078
6078
6078
6077
6076
6074
6074
6072
6072
6071
6069
6069
6067
6066
6065
6060
6055
6054
6053
6050
6048
6047
6046
6043
6042
6042
6039
6038
6035
6034
6033
6032
6031
6030
6030
6029
6029
6029
6028
6028
6027
6025
6025
6025
6020
6020
6019
6016
6015
6015
6013
6012
6011
6010
6009
6006
6006
6002
6002
6001
6019
6001
5998
5998
5997
5996
5993
5992
5991
5991
5990
5989
5989
5989
5988
5988
5988
5987
5986
5986
5986
5985
5984
5982
5984
5979
5979
5975
5975
5975
5973
5972
5971
5970
5969
5968
5967
5967
5967
5966
5965
5965
5965
5964
5962
5960
5959
5958
5957
5955
5955
5954
5954
5953
5952
5950
5949
5948
5948
5947
5946
5946
5945
5961
5943
5942
5941
5940
5939
5939
5939
5939
5939
5939
5939
5938
5937
5937
5937
5936
5936
5934
5934
5935
5933
5932
5932
5932
5930
5930
5930
5929
5928
5928
5928
5927
5927
5927
5925
5925
5925
5924
5921
5919
5919
5917
5917
5915
5914
5913
5913
5913
5912
5915
5911
5911
5910
5910
5909
5908
5907
5907
5906
5905
5905
5904
5904
5903
5901
5899
5899
5897
5896
5894
5894
5894
5893
5893
5892
5890
5889
5893
5888
5888
5886
5886
5886
5886
5885
5882
5881
5881
5879
5879
5879
5878
5878
5877
5876
5876
5875
5874
5870
5870
5869
5869
5869
5867
5867
5866
5865
5865
5864
5864
5861
5861
5860
5859
5856
5850
5849
5847
5846
5846
5846
5845
5845
5858
5842
5841
5846
5840
5839
5839
5837
5837
5837
5836
5836
5836
5835
5835
5833
5832
5832
5830
5830
5830
5830
5829
5828
5828
5824
5824
5823
5823
5823
5822
5821
5819
5819
5817
5816
5816
5815
5815
5813
5813
5812
5811
5811
5810
5809
5808
5807
5807
5808
5805
5804
5803
5803
5802
5801
5800
5796
5795
5795
5794
5794
5791
5806
5785
5785
5787
5783
5783
5782
5800
5780
5778
5778
5776
5775
5775
5774
5774
5774
5774
5774
5773
5771
5770
5770
5768
5767
5767
5766
5781
5765
5765
5765
5765
5764
5763
5763
5763
5761
5760
5759
5759
5759
5758
5757
5756
5756
5754
5754
5754
5754
5753
5753
5753
5753
5752
5751
5751
5750
5749
5748
5746
5746
5745
5745
5744
5742
5742
5741
5741
5741
5740
5739
5739
5738
5738
5737
5737
5736
5734
5733
5732
5730
5729
5728
5725
5725
5724
5724
5724
5723
5729
5722
5722
5722
5719
5718
5717
5716
5716
5715
5714
5714
5713
5712
5712
5712
5711
5708
5708
5707
5706
5705
5703
5703
5700
5699
5698
5697
5697
5697
5697
5695
5694
5693
5693
5685
5685
5684
5684
5683
5683
5682
5682
5682
5682
5678
5678
5676
5676
5675
5674
5672
5672
5671
5671
5671
5670
5669
5669
5686
5667
5666
5665
5665
5664
5664
5663
5661
5672
5660
5660
5659
5659
5659
5657
5655
5653
5652
5652
5651
5650
5650
5650
5649
5649
5649
5647
5647
5651
5645
5643
5642
5640
5639
5639
5639
5638
5635
5634
5633
5633
5632
5631
5630
5629
5629
5629
5627
5627
5626
5625
5624
5622
5621
5620
5620
5618
5617
5617
5617
5615
5615
5614
5614
5614
5613
5613
5613
5611
5609
5607
5606
5604
5604
5602
5600
5600
5597
5596
5596
5595
5594
5593
5593
5593
5592
5592
5591
5590
5589
5585
5585
5584
5583
5580
5569
5578
5578
5577
5577
5576
5576
5576
5576
5574
5574
5572
5572
5571
5570
5570
5570
5569
5576
5568
5568
5566
5565
5563
5562
5562
5562
5562
5561
5561
5561
5565
5560
5559
5558
5557
5556
5555
5555
5555
5554
5552
5552
5552
5551
5549
5549
5548
5552
5547
5546
5545
5544
5542
5542
5542
5541
5541
5541
5539
5538
5537
5546
5533
5533
5533
5532
5531
5529
5529
5528
5526
5525
5525
5525
5522
5521
5521
5521
5521
5521
5520
5518
5518
5518
5517
5516
5515
5513
5512
5512
5511
5510
5510
5506
5505
5504
5503
5503
5501
5501
5501
5500
5500
5500
5500
5499
5498
5498
5498
5497
5496
5495
5495
5494
5493
5493
5492
5491
5490
5489
5488
5496
5486
5486
5484
5483
5482
5481
5480
5478
5478
5478
5497
5475
5475
5473
5471
5471
5470
5467
5467
5469
5466
5465
5465
5463
5462
5461
5461
5460
5457
5457
5457
5456
5456
5455
5455
5455
5453
5452
5451
5450
5449
5448
5447
5445
5445
5444
5444
5444
5443
5442
5441
5440
5439
5438
5438
5437
5436
5435
5435
5433
5433
5432
5431
5430
5430
5430
5428
5425
5425
5424
5424
5421
5421
5421
5420
5419
5419
5418
5417
5417
5417
5413
5412
5412
5411
5411
5410
5408
5408
5407
5405
5405
5403
5402
5402
5401
5400
5399
5398
5397
5395
5395
5395
5395
5394
5410
5392
5392
5392
5391
5389
5389
5388
5388
5387
5385
5385
5385
5384
5384
5383
5383
5387
5382
5382
5381
5381
5381
5380
5380
5380
5380
5379
5378
5378
5377
5375
5375
5375
5375
5374
5374
5374
5371
5370
5368
5368
5367
5366
5366
5365
5363
5363
5363
5361
5359
5359
5359
5359
5358
5357
5356
5354
5354
5353
5353
5350
5350
5350
5348
5348
5347
5346
5346
5343
5343
5342
5341
5341
5340
5339
5339
5338
5336
5335
5334
5334
5333
5333
5331
5331
5330
5330
5328
5327
5326
5326
5326
5323
5322
5322
5322
5321
5320
5319
5318
5317
5316
5315
5315
5313
5313
5312
5312
5307
5307
5317
5306
5305
5305
5304
5303
5302
5299
5297
5296
5295
5295
5295
5294
5294
5294
5293
5293
5293
5293
5293
5291
5290
5287
5287
5287
5285
5284
5283
5283
5280
5280
5279
5277
5276
5276
5276
5275
5274
5274
5274
5273
5272
5271
5271
5270
5270
5268
5267
5267
5267
5267
5266
5265
5264
5264
5264
5263
5262
5262
5261
5260
5259
5259
5258
5258
5257
5257
5256
5255
5255
5253
5252
5248
5248
5248
5247
5247
5246
5246
5246
5245
5245
5245
5244
5244
5242
5241
5240
5242
5240
5239
5239
5237
5236
5235
5234
5234
5233
5231
5229
5229
5229
5228
5226
5226
5226
5225
5222
5222
5222
5222
5221
5220
5219
5219
5219
5219
5222
5217
5217
5216
5215
5215
5215
5234
5214
5213
5213
5211
5210
5218
5207
5207
5206
5205
5204
5203
5203
5201
5200
5200
5195
5194
5194
5193
5193
5192
5192
5190
5190
5189
5188
5187
5186
5184
5184
5184
5182
5181
5195
5179
5179
5178
5176
5176
5176
5175
5175
5173
5171
5171
5171
5171
5167
5179
5167
5166
5164
5164
5163
5162
5161
5161
5161
5160
5159
5158
5158
5158
5157
5156
5156
5155
5155
5155
5154
5153
5153
5152
5151
5151
5150
5150
5150
5161
5149
5149
5149
5146
5146
5146
5145
5143
5143
5141
5140
5137
5137
5134
5133
5133
5133
5133
5132
5132
5132
5132
5132
5131
5131
5130
5130
5129
5128
5128
5128
5128
5127
5125
5124
5124
5123
5123
5123
5123
5119
5119
5119
5117
5115
5114
5113
5111
5110
5110
5109
5108
5107
5107
5106
5105
5105
5105
5104
5103
5102
5102
5102
5100
5098
5098
5097
5096
5095
5094
5094
5094
5093
5092
5092
5092
5090
5090
5089
5089
5088
5087
5089
5085
5085
5084
5083
5082
5081
5081
5081
5080
5080
5079
5079
5078
5078
5080
5075
5074
5073
5073
5072
5071
5071
5070
5070
5069
5068
5067
5066
5066
5066
5065
5065
5064
5063
5063
5063
5062
5061
5061
5060
5059
5058
5057
5057
5056
5054
5053
5053
5052
5071
5051
5051
5050
5050
5050
5048
5047
5047
5045
5045
5045
5045
5045
5042
5041
5040
5040
5040
5039
5039
5039
5038
5038
5037
5037
5037
5036
5035
5034
5034
5033
5032
5032
5032
5031
5031
5031
5029
5028
5027
5026
5025
5024
5024
5022
5024
5021
5020
5020
5019
5017
5016
5015
5014
5013
5012
5012
5012
5011
5010
5010
5010
5009
5009
5008
5008
5006
5006
5006
5005
5005
5004
5004
5003
5001
4999
4999
5010
4998
4998
4998
4997
4996
4995
4994
4994
4994
4993
4992
4992
4991
4989
4988
4987
4986
4986
4985
4985
4983
4981
4980
4979
4978
4978
4977
4977
4976
4976
4975
4975
4973
4973
4972
4972
4970
4969
4969
4968
4968
4966
4966
4965
4974
4965
4964
4964
4963
4962
4961
4961
4960
4960
4958
4957
4956
4956
4956
4955
4952
4952
4952
4951
4950
4949
4948
4948
4947
4947
4947
4946
4946
4946
4945
4945
4945
4944
4943
4941
4940
4948
4939
4938
4938
4938
4938
4937
4937
4936
4934
4934
4932
4948
4931
4930
4929
4929
4928
4928
4926
4925
4925
4925
4924
4923
4921
4919
4918
4917
4917
4915
4935
4915
4915
4914
4913
4913
4913
4913
4911
4911
4910
4909
4908
4908
4908
4908
4907
4906
4906
4904
4904
4904
4904
4903
4903
4901
4901
4901
4899
4899
4899
4899
4898
4898
4897
4897
4897
4895
4895
4894
4894
4894
4892
4891
4894
4890
4889
4889
4889
4888
4887
4886
4885
4885
4884
4884
4884
4883
4882
4881
4881
4881
4880
4880
4880
4879
4879
4878
4877
4877
4877
4877
4877
4876
4876
4876
4875
4875
4873
4873
4878
4871
4854
4870
4870
4867
4867
4866
4865
4865
4864
4862
4861
4861
4861
4861
4860
4860
4859
4859
4859
4858
4857
4857
4857
4856
4856
4856
4855
4855
4855
4855
4854
4853
4852
4851
4850
4850
4850
4850
4849
4849
4849
4848
4848
4846
4845
4845
4843
4843
4843
4841
4841
4840
4840
4839
4839
4838
4838
4837
4837
4836
4836
4835
4834
4834
4832
4831
4831
4831
4831
4829
4827
4827
4827
4827
4827
4826
4826
4826
4825
4824
4824
4824
4824
4823
4822
4822
4827
4821
4820
4819
4838
4819
4817
4817
4816
4816
4814
4813
4813
4827
4811
4810
4809
4808
4808
4808
4807
4807
4806
4804
4802
4802
4801
4800
4799
4799
4799
4798
4798
4797
4797
4795
4794
4794
4794
4793
4793
4793
4793
4792
4791
4791
4791
4790
4790
4789
4788
4788
4786
4785
4785
4784
4782
4780
4778
4778
4777
4777
4777
4777
4776
4775
4774
4774
4792
4773
4773
4772
4771
4771
4771
4771
4779
4770
4770
4769
4765
4763
4763
4774
4763
4763
4761
4760
4759
4759
4759
4756
4756
4756
4756
4755
4755
4754
4754
4752
4752
4752
4752
4752
4751
4751
4751
4751
4750
4750
4749
4749
4749
4748
4747
4747
4746
4746
4746
4746
4744
4744
4744
4743
4742
4741
4741
4741
4740
4740
4740
4740
4740
4740
4739
4736
4736
4735
4735
4735
4735
4734
4734
4734
4734
4733
4733
4732
4729
4729
4728
4727
4730
4727
4726
4726
4725
4724
4722
4722
4722
4721
4720
4719
4719
4718
4718
4717
4717
4717
4717
4716
4716
4716
4711
4715
4715
4714
4713
4710
4709
4708
4707
4706
4705
4705
4703
4703
4703
4703
4703
4703
4702
4701
4701
4701
4700
4700
4700
4698
4695
4694
4694
4694
4693
4692
4709
4691
4691
4691
4691
4690
4688
4688
4687
4687
4686
4686
4686
4686
4686
4684
4683
4682
4681
4680
4679
4676
4675
4675
4675
4674
4674
4673
4673
4672
4681
4669
4668
4668
4666
4666
4665
4665
4673
4664
4663
4662
4662
4661
4660
4660
4659
4658
4658
4657
4657
4657
4656
4658
4655
4655
4655
4655
4653
4650
4650
4649
4649
4649
4647
4647
4647
4646
4646
4646
4645
4644
4644
4643
4643
4643
4642
4641
4641
4640
4639
4638
4638
4638
4638
4637
4637
4636
4635
4635
4634
4633
4632
4632
4631
4631
4631
4646
4631
4630
4630
4629
4627
4627
4626
4626
4625
4624
4624
4624
4623
4622
4622
4622
4622
4621
4620
4637
4620
4620
4617
4617
4615
4614
4614
4613
4611
4610
4610
4609
4608
4607
4624
4607
4607
4606
4606
4605
4604
4604
4604
4603
4601
4601
4601
4600
4599
4598
4598
4598
4597
4597
4596
4596
4595
4595
4595
4594
4594
4593
4592
4592
4611
4590
4590
4589
4589
4588
4588
4588
4586
4586
4585
4584
4583
4583
4583
4581
4581
4580
4577
4577
4576
4576
4576
4574
4574
4573
4572
4572
4571
4571
4569
4568
4568
4570
4568
4567
4567
4565
4565
4565
4564
4564
4563
4563
4563
4563
4562
4562
4562
4562
4559
4557
4557
4556
4554
4552
4551
4553
4551
4551
4548
4548
4547
4546
4546
4545
4545
4544
4544
4544
4544
4543
4543
4542
4541
4540
4540
4540
4540
4539
4537
4537
4537
4537
4537
4536
4536
4535
4534
4533
4532
4531
4531
4531
4531
4530
4529
4529
4529
4528
4527
4526
4525
4525
4520
4520
4520
4520
4519
4519
4518
4517
4517
4516
4515
4514
4513
4512
4512
4512
4511
4510
4510
4509
4509
4508
4505
4505
4505
4505
4503
4503
4503
4502
4502
4502
4500
4500
4499
4498
4498
4497
4496
4496
4495
4503
4493
4493
4493
4492
4492
4491
4491
4490
4490
4490
4489
4487
4487
4487
4485
4485
4485
4485
4484
4484
4484
4483
4483
4483
4481
4481
4480
4480
4478
4476
4475
4474
4474
4473
4473
4473
4472
4472
4472
4471
4471
4470
4470
4470
4469
4469
4469
4468
4468
4467
4467
4467
4467
4466
4466
4465
4465
4465
4464
4463
4463
4463
4463
4463
4463
4462
4461
4460
4469
4459
4459
4459
4459
4458
4458
4458
4458
4457
4457
4456
4456
4455
4455
4455
4453
4453
4453
4452
4452
4452
4451
4450
4450
4449
4446
4446
4444
4444
4444
4443
4443
4442
4442
4440
4440
4439
4439
4439
4438
4437
4436
4436
4435
4434
4435
4432
4432
4431
4430
4428
4427
4426
4443
4425
4425
4424
4424
4435
4423
4422
4421
4421
4421
4421
4420
4420
4420
4419
4417
4417
4417
4417
4417
4417
4414
4414
4412
4411
4410
4410
4409
4408
4419
4407
4406
4405
4405
4405
4404
4403
4402
4402
4401
4401
4401
4401
4401
4401
4400
4400
4400
4399
4398
4398
4397
4397
4396
4396
4395
4395
4394
4394
4393
4393
4393
4391
4390
4390
4390
4390
4389
4389
4388
4388
4387
4385
4411
4384
4384
4384
4383
4382
4382
4381
4381
4381
4380
4380
4379
4379
4379
4379
4378
4378
4377
4376
4376
4376
4376
4375
4374
4373
4372
4372
4372
4372
4371
4371
4370
4369
4368
4367
4367
4367
4366
4366
4365
4365
4365
4366
4364
4364
4365
4363
4363
4363
4362
4361
4360
4360
4360
4360
4359
4357
4354
4353
4353
4352
4352
4352
4351
4350
4349
4349
4349
4348
4347
4346
4346
4346
4345
4344
4344
4344
4343
4343
4343
4343
4342
4342
4342
4341
4341
4340
4340
4340
4339
4338
4338
4335
4333
4332
4332
4330
4330
4330
4330
4329
4328
4327
4327
4327
4326
4326
4325
4325
4324
4323
4326
4323
4323
4323
4322
4322
4321
4320
4320
4320
4319
4319
4318
4318
4316
4316
4314
4313
4312
4312
4312
4315
4310
4310
4310
4308
4308
4307
4306
4306
4304
4312
4303
4303
4302
4302
4302
4302
4301
4301
4299
4298
4297
4297
4296
4296
4296
4295
4295
4293
4293
4293
4292
4291
4291
4291
4290
4290
4289
4287
4287
4286
4286
4285
4285
4285
4285
4285
4284
4284
4283
4283
4282
4282
4282
4280
4280
4279
4278
4278
4278
4278
4277
4277
4276
4276
4276
4276
4275
4274
4274
4273
4272
4272
4272
4272
4280
4271
4269
4269
4268
4267
4267
4266
4265
4265
4264
4264
4264
4263
4263
4262
4261
4261
4261
4261
4260
4260
4260
4259
4259
4259
4259
4258
4257
4256
4256
4256
4255
4255
4255
4253
4252
4252
4251
4251
4250
4249
4249
4248
4247
4247
4247
4247
4247
4246
4246
4246
4245
4244
4243
4242
4242
4254
4242
4241
4241
4241
4240
4239
4233
4233
4233
4233
4232
4232
4231
4229
4229
4228
4228
4228
4227
4227
4227
4227
4226
4251
4225
4225
4225
4223
4223
4222
4222
4221
4221
4220
4218
4218
4218
4217
4217
4217
4217
4215
4215
4213
4213
4213
4212
4212
4211
4211
4210
4210
4209
4209
4208
4206
4206
4206
4205
4205
4205
4204
4203
4203
4202
4201
4200
4199
4199
4198
4197
4197
4197
4196
4196
4195
4195
4195
4194
4192
4192
4191
4191
4190
4190
4190
4189
4189
4188
4188
4188
4187
4185
4185
4185
4185
4184
4184
4183
4183
4181
4181
4181
4180
4180
4179
4178
4178
4178
4178
4177
4176
4176
4176
4175
4175
4175
4174
4174
4173
4173
4172
4172
4172
4172
4172
4172
4171
4170
4169
4169
4169
4168
4168
4168
4167
4167
4166
4166
4166
4165
4165
4164
4164
4164
4163
4163
4162
4162
4162
4162
4182
4161
4160
4160
4160
4160
4181
4159
4159
4157
4157
4156
4156
4156
4155
4155
4155
4154
4154
4153
4153
4152
4152
4151
4151
4151
4150
4150
4149
4149
4148
4148
4148
4148
4147
4147
4146
4146
4146
4145
4145
4144
4142
4149
4141
4141
4141
4140
4140
4140
4140
4140
4140
4141
4139
4139
4139
4146
4145
4138
4137
4137
4060
4136
4136
4135
4134
4134
4156
4134
4152
4133
4132
4132
4132
4132
4132
4131
4131
4131
4130
4129
4129
4129
4128
4126
4126
4125
4124
4124
4124
4123
4123
4122
4121
4121
4121
4121
4121
4121
4120
4119
4119
4119
4119
4119
4119
4118
4118
4118
4117
4117
4117
4116
4115
4115
4115
4115
4115
4115
4115
4111
4111
4110
4110
4110
4110
4109
4109
4109
4108
4108
4108
4108
4107
4107
4106
4104
4102
4102
4101
4101
4100
4100
4100
4100
4099
4098
4097
4097
4097
4096
4095
4094
4092
4092
4092
4092
4092
4091
4090
4090
4089
4088
4087
4086
4085
4085
4085
4084
4083
4083
4082
4082
4081
4080
4079
4079
4078
4077
4076
4076
4075
4075
4075
4073
4073
4073
4073
4072
4092
4071
4070
4069
4068
4066
4066
4066
4066
4064
4064
4063
4063
4062
4062
4062
4061
4061
4060
4066
4059
4058
4058
4057
4057
4057
4056
4056
4056
4055
4054
4054
4054
4054
4053
4053
4053
4052
4052
4052
4051
4051
4050
4050
4049
4049
4048
4048
4048
4048
4047
4047
4046
4046
4046
4046
4047
4045
4044
4044
4043
4043
4043
4042
4042
4042
4042
4041
4041
4039
4039
4038
4035
4035
4034
4034
4034
4033
4033
4032
4031
4031
4030
4030
4030
4029
4029
4029
4028
4026
4025
4025
4025
4025
4024
4024
4021
4020
4020
4020
4019
4018
4018
4017
4017
4017
4016
4016
4015
4015
4014
4013
4013
4013
4013
4013
4012
4012
4012
4012
4011
4011
4010
4010
4009
4009
4009
4008
4008
4008
4007
4007
4007
4007
4007
4007
4006
4006
4006
4005
4005
4004
4004
4003
4002
4001
4001
4019
4001
4001
4000
3888
3998
3995
3994
3994
3994
3994
3993
3993
3993
3991
3990
3990
3987
3987
3986
3985
3985
3985
3985
3985
3984
3984
3984
3984
3984
4006
3982
3981
3981
3981
3980
3980
3980
3979
3979
3978
3978
3978
3977
3977
3977
3977
3976
3976
3975
3975
3974
3974
3974
3973
3973
3972
3971
3970
3970
3970
3970
3971
3969
3969
3969
3968
3968
3967
3966
3966
3965
3965
3965
3965
3963
3963
3963
3961
3960
3959
3959
3959
3958
3958
3956
3956
3955
3954
3953
3955
3953
3953
3953
3952
3952
3951
3949
3949
3947
3947
3947
3946
3946
3946
3946
3946
3945
3945
3945
3945
3945
3945
3944
3944
3943
3943
3966
3942
3942
3941
3941
3941
3941
3941
3940
3940
3940
3940
3955
3938
3938
3938
3938
3937
3936
3936
3936
3935
3935
3934
3936
3934
3933
3933
3933
3932
3932
3931
3931
3931
3931
3931
3931
3931
3931
3930
3930
3957
3929
3928
3927
3927
3925
3924
3924
3924
3923
3933
3923
3922
3922
3926
3920
3920
3920
3920
3920
3920
3920
3919
3917
3916
3916
3916
3916
3916
3915
3915
3915
3914
3913
3913
3912
3912
3912
3911
3910
3910
3910
3910
3910
3908
3907
3904
3904
3904
3903
3903
3902
3902
3902
3902
3901
3900
3900
3914
3900
3900
3899
3899
3899
3899
3898
3898
3898
3897
3897
3897
3897
3896
3896
3896
3895
3895
3895
3895
3912
3894
3894
3891
3890
3890
3889
3889
3889
3889
3888
3887
3886
3885
3885
3885
3884
3883
3886
3883
3883
3883
3882
3882
3881
3881
3880
3879
3879
3878
3878
3877
3877
3876
3876
3876
3875
3875
3875
3874
3873
3873
3873
3872
3872
3872
3871
3871
3870
3869
3869
3869
3869
3869
3869
3868
3868
3868
3867
3866
3866
3865
3865
3863
3863
3861
3860
3860
3860
3860
3859
3858
3858
3858
3857
3857
3857
3857
3857
3857
3857
3857
3857
3858
3855
3854
3853
3853
3890
3853
3851
3851
3865
3850
3850
3850
3864
3849
3849
3849
3850
3848
3848
3848
3848
3847
3847
3846
3846
3846
3844
3844
3844
3843
3842
3842
3842
3842
3841
3840
3840
3840
3840
3840
3839
3839
3838
3838
3838
3838
3837
3837
3836
3863
3836
3836
3835
3834
3833
3832
3832
3831
3830
3830
3830
3830
3829
3828
3827
3827
3826
3826
3824
3824
3823
3822
3822
3821
3821
3821
3821
3821
3820
3820
3855
3820
3819
3819
3833
3818
3817
3815
3815
3815
3815
3814
3814
3814
3813
3812
3820
3812
3812
3812
3811
3810
3810
3809
3809
3807
3807
3806
3806
3806
3803
3803
3803
3803
3802
3802
3802
3802
3802
3801
3801
3801
3801
3800
3800
3800
3799
3798
3798
3798
3797
3797
3797
3797
3795
3799
3794
3794
3793
3792
3792
3792
3791
3791
3804
3789
3789
3789
3789
3788
3788
3788
3787
3787
3786
3786
3786
3786
3786
3786
3786
3785
3784
3784
3793
3783
3783
3783
3782
3780
3779
3779
3778
3778
3778
3777
3777
3777
3775
3775
3775
3774
3774
3790
3773
3773
3773
3773
3772
3786
3772
3772
3771
3770
3770
3770
3770
3769
3769
3768
3768
3767
3767
3767
3767
3766
3766
3766
3766
3766
3766
3766
3765
3765
3765
3765
3764
3763
3763
3763
3763
3763
3762
3762
3761
3761
3760
3760
3761
3759
3759
3758
3758
3757
3757
3756
3756
3756
3755
3755
3755
3755
3754
3753
3753
3753
3752
3752
3751
3751
3751
3751
3751
3751
3750
3750
3750
3750
3750
3749
3749
3749
3748
3747
3747
3747
3747
3747
3746
3745
3745
3745
3745
3744
3744
3744
3744
3744
3743
3743
3743
3741
3740
3740
3739
3739
3738
3738
3737
3737
3737
3736
3735
3735
3735
3734
3738
3732
3732
3731
3731
3731
3730
3740
3729
3728
3728
3727
3727
3727
3727
3726
3726
3726
3725
3724
3723
3723
3722
3722
3722
3721
3734
3720
3720
3720
3720
3720
3720
3718
3717
3717
3717
3717
3717
3717
3716
3716
3715
3714
3714
3714
3714
3713
3713
3713
3712
3711
3711
3710
3710
3710
3709
3709
3709
3708
3708
3707
3707
3706
3706
3706
3705
3705
3705
3705
3705
3704
3703
3703
3703
3702
3702
3701
3701
3701
3701
3700
3699
3699
3699
3697
3697
3696
3695
3695
3694
3694
3694
3693
3693
3693
3693
3692
3690
3689
3688
3687
3687
3687
3687
3686
3686
3686
3685
3685
3684
3684
3684
3684
3684
3683
3682
3682
3682
3682
3681
3681
3680
3679
3679
3678
3678
3677
3677
3680
3676
3676
3676
3676
3675
3675
3675
3674
3674
3674
3674
3674
3674
3674
3673
3672
3671
3671
3671
3671
3670
3670
3670
3669
3669
3669
3669
3669
3669
3669
3669
3669
3668
3668
3667
3666
3666
3666
3665
3665
3665
3665
3665
3664
3664
3663
3663
3675
3663
3663
3663
3661
3661
3660
3660
3660
3660
3660
3660
3659
3658
3657
3657
3657
3657
3656
3656
3656
3655
3655
3655
3655
3654
3653
3653
3653
3652
3652
3652
3651
3651
3650
3650
3650
3649
3649
3649
3649
3648
3648
3648
3648
3648
3647
3647
3646
3646
3646
3645
3645
3644
3643
3643
3643
3642
3642
3642
3642
3640
3639
3639
3638
3638
3638
3637
3637
3636
3635
3635
3634
3634
3634
3633
3633
3633
3633
3632
3631
3636
3631
3630
3630
3630
3630
3629
3628
3628
3627
3627
3627
3626
3625
3625
3625
3625
3625
3625
3625
3625
3624
3624
3623
3623
3623
3621
3621
3620
3620
3620
3620
3619
3618
3618
3618
3617
3617
3617
3617
3616
3615
3615
3614
3614
3613
3613
3613
3613
3612
3612
3611
3611
3611
3610
3610
3610
3609
3609
3608
3608
3608
3608
3608
3608
3605
3605
3605
3604
3604
3604
3604
3603
3603
3602
3602
3601
3601
3601
3601
3599
3598
3598
3598
3598
3597
3588
3597
3595
3594
3594
3593
3593
3593
3592
3592
3591
3591
3591
3590
3590
3590
3589
3589
3589
3589
3567
3588
3587
3587
3587
3587
3587
3587
3587
3586
3585
3585
3584
3584
3583
3582
3582
3582
3581
3581
3580
3580
3579
3579
3579
3576
3576
3576
3575
3575
3578
3573
3573
3572
3571
3571
3571
3569
3569
3569
3569
3568
3568
3568
3568
3568
3567
3567
3552
3567
3566
3566
3566
3565
3565
3564
3564
3563
3563
3563
3562
3562
3561
3561
3561
3561
3560
3560
3560
3570
3582
3557
3557
3556
3556
3555
3555
3554
3554
3553
3553
3553
3553
3551
3551
3551
3551
3550
3549
3549
3548
3548
3548
3547
3547
3547
3546
3546
3545
3545
3544
3544
3543
3543
3542
3542
3541
3541
3541
3540
3545
3539
3539
3538
3537
3537
3537
3536
3536
3536
3535
3535
3535
3535
3535
3533
3533
3533
3537
3533
3533
3532
3532
3532
3532
3532
3531
3529
3529
3529
3529
3539
3528
3528
3527
3527
3527
3526
3526
3526
3525
3524
3524
3524
3523
3521
3521
3521
3521
3520
3520
3520
3519
3519
3519
3518
3516
3516
3515
3515
3515
3515
3515
3514
3514
3514
3514
3513
3513
3512
3512
3512
3511
3511
3511
3511
3511
3510
3510
3510
3510
3509
3509
3509
3508
3508
3508
3508
3508
3508
3507
3507
3506
3506
3506
3505
3505
3504
3504
3504
3503
3503
3503
3502
3501
3501
3501
3501
3499
3499
3498
3498
3497
3497
3497
3497
3496
3496
3496
3496
3496
3495
3494
3494
3494
3494
3493
3492
3492
3492
3491
3491
3490
3490
3490
3489
3489
3489
3489
3489
3488
3487
3486
3486
3486
3485
3485
3485
3484
3484
3484
3483
3482
3481
3481
3480
3480
3480
3479
3479
3479
3479
3479
3479
3479
3478
3478
3478
3478
3478
3477
3477
3477
3477
3476
3476
3475
3474
3474
3474
3474
3474
3474
3474
3473
3473
3473
3472
3472
3472
3472
3471
3471
3470
3474
3470
3470
3469
3469
3469
3469
3468
3468
3468
3467
3467
3467
3466
3466
3466
3465
3465
3465
3465
3465
3465
3464
3464
3464
3464
3464
3463
3463
3463
3463
3463
3463
3463
3462
3462
3461
3461
3460
3459
3459
3458
3457
3457
3457
3457
3457
3456
3456
3456
3455
3455
3455
3455
3455
3454
3454
3453
3453
3453
3453
3453
3452
3451
3451
3450
3450
3450
3450
3450
3450
3449
3449
3449
3458
3449
3453
3447
3447
3447
3446
3446
3445
3445
3445
3444
3444
3443
3443
3443
3443
3443
3443
3442
3442
3442
3441
3441
3441
3445
3441
3441
3441
3440
3440
3440
3439
3439
3439
3438
3438
3438
3438
3438
3437
3437
3437
3437
3437
3437
3436
3436
3436
3435
3435
3434
3434
3434
3433
3435
3433
3432
3432
3431
3430
3430
3430
3430
3430
3429
3428
3428
3428
3427
3427
3427
3426
3426
3427
3426
3425
3425
3424
3424
3424
3424
3423
3423
3423
3423
3422
3430
3422
3421
3421
3420
3420
3418
3418
3418
3418
3417
3417
3430
3417
3417
3417
3417
3416
3416
3416
3416
3415
3415
3415
3415
3415
3414
3413
3413
3413
3413
3412
3412
3411
3410
3410
3410
3410
3410
3410
3409
3409
3408
3408
3407
3406
3406
3406
3405
3405
3405
3405
3405
3403
3403
3403
3402
3402
3402
3402
3401
3401
3401
3401
3400
3400
3400
3399
3399
3399
3399
3399
3399
3416
3398
3398
3397
3397
3397
3397
3397
3397
3396
3396
3396
3395
3394
3394
3393
3393
3393
3393
3393
3392
3392
3392
3392
3392
3391
3389
3389
3389
3389
3388
3388
3388
3388
3388
3387
3386
3385
3385
3413
3385
3385
3385
3385
3385
3384
3384
3384
3383
3383
3383
3383
3383
3382
3382
3382
3382
3382
3381
3381
3380
3380
3379
3379
3379
3379
3379
3379
3378
3378
3378
3377
3416
3377
3377
3376
3376
3376
3376
3375
3375
3375
3373
3373
3372
3372
3372
3372
3372
3372
3371
3371
3370
3370
3370
3370
3369
3369
3369
3368
3368
3368
3367
3367
3367
3366
3366
3366
3365
3365
3364
3363
3363
3363
3363
3362
3362
3361
3361
3361
3361
3360
3360
3360
3360
3360
3359
3359
3359
3359
3359
3359
3358
3357
3357
3357
3357
3356
3356
3356
3356
3355
3355
3355
3354
3354
3354
3353
3353
3353
3352
3352
3352
3352
3352
3352
3352
3351
3351
3351
3350
3350
3350
3350
3350
3350
3349
3349
3349
3348
3348
3348
3348
3348
3347
3347
3347
3347
3347
3347
3347
3346
3346
3346
3345
3345
3345
3345
3345
3345
3344
3343
3343
3343
3343
3343
3343
3342
3342
3342
3342
3341
3345
3341
3341
3341
3341
3341
3340
3340
3339
3339
3339
3338
3338
3337
3337
3337
3336
3336
3336
3335
3335
3335
3335
3335
3334
3333
3333
3332
3332
3342
3331
3331
3334
3331
3331
3331
3331
3330
3330
3330
3329
3329
3329
3328
3328
3328
3328
3328
3327
3326
3326
3325
3325
3324
3324
3324
3324
3324
3324
3324
3323
3323
3322
3322
3321
3321
3320
3320
3320
3320
3319
3319
3319
3319
3319
3318
3318
3318
3318
3317
3317
3316
3316
3316
3316
3315
3314
3314
3314
3314
3312
3312
3312
3312
3311
3311
3311
3311
3311
3311
3311
3311
3310
3310
3309
3309
3309
3308
3308
3308
3308
3308
3306
3306
3305
3305
3305
3304
3304
3304
3304
3303
3303
3303
3303
3302
3302
3302
3302
3301
3301
3301
3300
3300
3299
3299
3299
3298
3298
3298
3298
3298
3297
3297
3297
3296
3296
3296
3295
3295
3295
3295
3294
3293
3293
3293
3292
3292
3292
3291
3291
3291
3291
3290
3290
3290
3288
3287
3287
3287
3287
3286
3286
3286
3286
3285
3285
3285
3283
3283
3283
3283
3282
3282
3282
3282
3282
3282
3282
3282
3280
3280
3280
3280
3280
3279
3278
3278
3277
3277
3276
3276
3275
3275
3275
3275
3274
3274
3274
3274
3274
3274
3274
3273
3273
3273
3273
3272
3292
3272
3270
3270
3269
3269
3269
3269
3268
3268
3267
3266
3266
3265
3264
3263
3263
3262
3262
3262
3262
3262
3262
3261
3261
3261
3261
3260
3260
3260
3260
3260
3259
3258
3258
3278
3257
3257
3257
3257
3256
3256
3256
3255
3255
3254
3254
3254
3254
3254
3253
3252
3252
3252
3252
3251
3251
3251
3251
3251
3250
3252
3250
3249
3249
3249
3248
3247
3247
3247
3258
3246
3246
3246
3246
3246
3245
3245
3244
3244
3243
3243
3243
3243
3243
3242
3242
3242
3241
3241
3241
3240
3240
3239
3239
3239
3238
3238
3237
3237
3236
3236
3236
3236
3235
3237
3234
3234
3234
3233
3232
3232
3232
3231
3231
3231
3230
3230
3229
3229
3229
3229
3229
3228
3227
3227
3226
3226
3226
3225
3225
3225
3225
3224
3224
3224
3224
3224
3224
3223
3223
3223
3223
3223
3222
3222
3222
3221
3221
3221
3220
3220
3220
3220
3220
3219
3219
3219
3219
3219
3218
3218
3218
3217
3217
3217
3216
3216
3216
3216
3215
3215
3214
3214
3213
3213
3213
3213
3213
3213
3213
3212
3212
3234
3212
3212
3211
3211
3211
3210
3210
3210
3210
3210
3210
3209
3209
3209
3209
3208
3208
3208
3208
3207
3207
3207
3206
3206
3206
3206
3206
3205
3205
3204
3204
3204
3203
3203
3203
3203
3203
3203
3202
3202
3202
3202
3202
3202
3201
3201
3200
3200
3200
3198
3198
3198
3198
3197
3197
3197
3197
3197
3197
3197
3196
3196
3196
3196
3195
3195
3195
3196
3195
3195
3194
3194
3194
3193
3193
3193
3193
3193
3193
3193
3193
3192
3192
3192
3192
3191
3191
3190
3190
3190
3190
3190
3189
3189
3189
3188
3187
3187
3187
3187
3187
3186
3186
3185
3185
3185
3184
3184
3194
3183
3183
3183
3183
3182
3182
3182
3182
3182
3182
3182
3181
3180
3180
3180
3179
3179
3179
3179
3179
3193
3178
3178
3177
3177
3177
3177
3177
3177
3176
3176
3176
3175
3175
3175
3174
3174
3174
3173
3173
3181
3173
3173
3172
3172
3171
3171
3171
3171
3171
3171
3170
3170
3170
3170
3170
3169
3169
3169
3168
3168
3168
3167
3167
3167
3167
3167
3167
3166
3166
3165
3165
3164
3164
3164
3164
3163
3163
3163
3162
3161
3161
3161
3161
3160
3160
3160
3160
3160
3160
3159
3159
3159
3159
3159
3158
3158
3158
3158
3158
3157
3157
3157
3157
3157
3157
3157
3156
3156
3156
3156
3156
3155
3155
3155
3155
3154
3153
3177
3153
3153
3152
3152
3152
3152
3151
3151
3152
3151
3150
3150
3150
3149
3149
3148
3148
3147
3147
3147
3146
3146
3146
3145
3145
3145
3144
3144
3144
3144
3144
3143
3143
3143
3142
3142
3142
3142
3141
3141
3141
3141
3140
3140
3140
3140
3139
3139
3139
3139
3139
3138
3137
3137
3137
3137
3137
3136
3136
3136
3136
3136
3136
3135
3135
3135
3135
3135
3135
3134
3134
3134
3134
3134
3134
3134
3134
3134
3133
3133
3139
3133
3132
3132
3132
3132
3131
3131
3131
3131
3131
3131
3131
3131
3130
3130
3130
3130
3129
3129
3129
3128
3128
3127
3127
3127
3127
3127
3127
3126
3126
3126
3124
3123
3123
3122
3122
3121
3121
3121
3121
3120
3120
3140
3120
3120
3120
3119
3119
3118
3118
3118
3118
3117
3117
3117
3117
3117
3116
3115
3115
3115
3114
3114
3114
3114
3114
3114
3114
3114
3114
3113
3112
3112
3111
3111
3111
3111
3111
3110
3110
3109
3108
3108
3108
3108
3108
3107
3107
3107
3107
3107
3107
3106
3106
3106
3106
3106
3105
3105
3105
3104
3104
3104
3104
3104
3104
3104
3103
3103
3103
3102
3102
3100
3100
3100
3099
3099
3099
3098
3098
3098
3098
3098
3097
3097
3097
3096
3096
3096
3096
3096
3095
3095
3095
3094
3093
3093
3093
3092
3092
3091
3091
3091
3091
3091
3090
3090
3090
3090
3089
3089
3089
3088
3088
3088
3088
3088
3088
3087
3087
3087
3086
3086
3086
3086
3085
3085
3085
3084
3084
3084
3084
3083
3083
3083
3083
3083
3082
3082
3082
3081
3081
3081
3080
3080
3080
3080
3080
3080
3079
3079
3079
3078
3078
3078
3078
3078
3077
3077
3077
3077
3076
3076
3076
3075
3075
3075
3074
3074
3074
3074
3074
3074
3073
3073
3073
3073
3072
3072
3072
3072
3072
3071
3070
3070
3070
3069
3069
3068
3068
3068
3068
3067
3071
3067
3067
3067
3066
3066
3066
3065
3065
3065
3065
3065
3083
3065
3064
3064
3071
3064
3064
3064
3063
3063
3063
3063
3063
3062
3062
3062
3062
3061
3061
3061
3061
3061
3060
3060
3060
3059
3059
3059
3059
3058
3058
3058
3058
3058
3057
3057
3057
3057
3057
3057
3057
3056
3056
3056
3056
3056
3058
3055
3055
3055
3054
3054
3054
3054
3054
3054
3054
3054
3053
3053
3053
3053
3053
3053
3068
3052
3052
3052
3051
3051
3051
3051
3051
3051
3051
3050
3050
3050
3050
3050
3050
3050
3049
3049
3049
3048
3048
3047
3047
3047
3047
3047
3047
3046
3046
3046
3046
3046
3046
3046
3046
3045
3045
3045
3043
3043
3043
3043
3043
3043
3043
3043
3043
3042
3042
3041
3041
3041
3041
3039
3039
3039
3039
3064
3039
3039
3038
3038
3037
3037
3037
3036
3036
3036
3036
3035
3035
3035
3034
3033
3033
3033
3033
3032
3032
3032
3032
3032
3032
3031
3048
3031
3031
3030
3030
3029
3029
3029
3029
3028
3028
3028
3027
3034
3027
3027
3027
3026
3026
3026
3025
3025
3024
3024
3024
3024
3024
3023
3023
3023
3023
3023
3023
3022
3022
3021
3021
3021
3019
3019
3019
3018
3018
3018
3018
3017
3017
3017
3017
3016
3016
3016
3016
3016
3015
3015
3015
3014
3014
3014
3013
3013
3013
3013
3013
3026
3011
3011
3010
3010
3011
3010
3009
3009
3009
3008
3008
3007
3007
3006
3006
3006
3006
3006
3006
3005
3005
3005
3004
3004
3004
3003
3003
3003
3002
3001
3001
3001
3000
3000
3000
3000
3000
