695215
405349
375938
361369
351130
300333
262082
259857
254768
247164
242443
239935
239789
235191
234909
226468
220102
210481
208272
202852
201800
199864
196811
189977
187433
178389
172959
171684
169683
169561
167803
167374
162959
162918
157473
153440
150235
146904
144435
143575
141292
139290
137865
137573
135578
134330
133748
133744
133634
133511
132399
130417
129660
129640
128704
128184
128002
123456
123226
122651
120946
120896
117641
117506
116902
116654
116041
115673
115670
114923
114528
111371
110026
109813
109804
109274
108582
107579
107401
106298
105750
104962
104494
104153
103592
101564
101115
100397
100239
98954
98817
98386
97795
96948
96680
96075
95640
95421
95357
94221
93222
92956
91738
91672
91328
90955
90459
90457
90261
89783
89364
89308
88546
87758
87131
86848
86816
86361
86278
85767
85107
85014
84580
84320
83830
83815
83752
83660
83532
83056
82953
82698
82513
82464
81664
81490
81478
81218
80999
80956
80720
79810
79740
79615
79240
78844
78665
78592
78335
78187
77432
77163
77038
76942
76733
76399
76074
75807
75611
75527
74767
74240
73863
72765
72328
71862
71571
71191
71089
70828
70518
70459
70441
70371
70345
70247
70041
69985
69928
69867
69865
69851
69628
69318
68616
68470
68260
68197
68196
68185
68003
67888
67234
67193
67170
66808
66671
66178
65962
65705
65630
65534
65388
65210
65163
65160
65003
64996
64633
64483
64309
64262
64236
64219
64215
64179
64170
64014
63640
63506
63433
63315
63115
62839
62616
62566
62477
62430
62422
62419
62412
62314
62154
61680
61598
61586
61325
61229
61143
61037
60959
60817
60755
60723
60509
60480
60432
60406
60390
60362
60321
60283
60014
59882
59808
59802
59491
59366
59277
59244
59237
59021
58991
58960
58927
58722
58700
58601
58408
58296
58033
57988
57926
57914
57819
57750
57293
57288
57249
57101
57099
56593
56452
56405
56369
56170
56160
55992
55872
55815
55799
55756
55658
55585
55558
55555
55498
55468
55411
55375
54949
54935
54809
54746
54713
54690
54633
54623
54513
54359
54268
54178
54036
53942
53938
53764
53728
53697
53542
53568
53567
53560
53380
53347
53310
53158
53085
52984
52665
52621
52612
52517
52465
52233
52140
51989
51931
51914
51855
51744
51690
51676
51597
51493
51484
51283
51175
51077
50938
50889
50880
50823
50809
50794
50749
50587
50495
50513
50404
50335
50288
50196
50014
49745
49611
49347
49325
49277
49272
49131
49054
48924
48675
48571
48377
48232
48161
48144
47985
47924
47858
47739
47633
47582
47577
47490
47373
47359
47334
47048
47041
46970
46844
46837
46762
46667
46519
46509
46433
46372
46293
46273
46164
46096
46082
46038
46017
45904
45829
45737
45687
45652
45626
45594
45556
45368
45359
45313
45292
45261
45213
45202
45176
45117
45085
44971
44921
44841
44826
44793
44701
44662
44630
44626
44524
44499
44391
44379
44325
44304
44298
44276
44151
44117
44098
44073
44031
43992
43982
43965
43884
43876
43829
43825
43780
43729
43638
43585
43551
43484
43470
43390
43377
43304
43300
43197
43149
43144
43033
42983
42953
42900
42892
42827
42824
42822
42729
42694
42677
42576
42526
42511
42441
42439
42430
42199
42066
42062
42055
42006
41983
41816
41709
41587
41424
41365
41339
41272
41131
41072
41028
40993
40934
40852
40840
40826
40797
40773
40717
40672
40493
40464
40355
40346
40300
40241
40120
40116
40115
40084
40060
40060
40039
39997
39817
39807
39775
39766
39663
39651
39582
39577
39554
39521
39399
39386
39386
39380
39163
39162
39068
39053
39029
39012
38981
38969
38967
38962
38978
38949
38922
38915
38751
38729
38729
38717
38699
38695
38693
38645
38629
38626
38620
38617
38581
38457
38434
38432
38413
38384
38318
38317
38211
38197
38182
38172
38163
38047
38039
37961
37948
37918
37901
37864
37852
37826
37806
37804
37793
37687
37667
37570
37560
37559
37551
37533
37453
37417
37404
37402
37275
37245
37243
37241
37219
37200
37183
37177
37148
37064
37030
37012
36957
36916
36881
36876
36821
36809
36732
36728
36701
36700
36674
36616
36615
36600
36593
36569
36569
36551
36549
36534
36478
36440
36380
36278
36233
36229
36219
36088
36190
36134
36125
36113
36110
36094
36106
36081
36060
36051
36041
35943
35894
35849
35836
35829
35828
35758
35737
35666
35663
35592
35579
35475
35428
35390
35371
35352
35320
35304
35279
35217
35193
35165
35160
35124
35098
35093
35050
35023
35000
34934
34926
34882
34859
34846
34799
34756
34754
34740
34719
34717
34703
34701
34682
34656
34629
34625
34621
34544
34531
34489
34471
34447
34406
34357
34340
34327
34282
34244
34250
34224
34215
34159
34094
34093
34042
34038
33999
33933
33905
33898
33806
33766
33763
33755
33749
33746
33733
33728
33724
33696
33642
33575
33572
33535
33492
33484
33484
33455
33434
33412
33347
33303
33280
33171
33108
33042
32995
32987
32908
32903
32895
32861
32855
32789
32771
32763
32759
32756
32718
32717
32701
32684
32669
32563
32540
32493
32475
32459
32449
32347
32333
32239
32234
32219
32184
32177
32136
32134
32134
32097
32091
32080
32068
32012
32010
32005
31989
31880
31869
31819
31811
31793
31762
31736
31732
31711
31696
31686
31678
31672
31640
31634
31628
31533
31525
31511
31491
31459
31434
31434
31340
31317
31304
31279
31273
31215
31131
31105
31098
31094
31091
31054
31052
31039
31012
30996
30995
31004
30968
30865
30854
30817
30783
30760
30757
30738
30735
30717
30685
30614
30595
30580
30578
30540
30532
30525
30489
30466
30395
30372
30315
30306
30300
30297
30290
30289
30254
30223
30221
30205
30167
30164
30134
30121
30075
30032
30009
29983
29961
29958
29952
29936
29833
29779
29732
29723
29677
29690
29669
29663
29639
29603
29593
29528
29511
29500
29477
29445
29440
29439
29396
29382
29360
29356
29353
29348
29334
29273
29271
29239
29235
29219
29201
29200
29186
29177
29101
29095
29089
29055
29036
29017
29004
28980
28954
28944
28908
28901
28894
28854
28835
28787
28747
28735
28701
28700
28689
28637
28626
28622
28596
28565
28597
28560
28580
28554
28544
28531
28509
28506
28492
28490
28478
28471
28440
28421
28388
28385
28382
28378
28358
28317
28314
28303
28298
28298
28287
28259
28243
28240
28239
28243
28204
28191
28181
28151
28106
28089
28085
28074
28027
28018
27984
27974
27964
27946
27945
27902
27880
27875
27851
27829
27803
27809
27796
27766
27757
27718
27716
27690
27675
27639
27639
27616
27611
27569
27557
27550
27546
27536
27533
27533
27501
27485
27469
27466
27462
27461
27460
27459
27448
27438
27431
27407
27380
27396
27358
27354
27220
27202
27171
27162
27120
27120
27093
27072
27050
27048
27032
27017
27005
26952
26920
26915
26907
26893
26892
26881
26847
26846
26816
26811
26801
26746
26746
26714
26711
26722
26678
26653
26632
26605
26584
26569
26556
26553
26538
26536
26505
26461
26449
26401
26384
26378
26369
26316
26294
26270
26241
26230
26182
26170
26166
26162
26129
26104
26095
26076
26055
26045
26019
26009
25995
25988
25992
25965
25946
25925
25900
25892
25887
25884
25871
25831
25826
25785
25777
25761
25738
25720
25706
25701
25689
25656
25648
25633
25628
25624
25619
25619
25573
25572
25567
25554
25531
25531
25527
25517
25516
25499
25497
25471
25458
25448
25447
25440
25440
25425
25404
25411
25345
25285
25270
25231
25214
25175
25170
25164
25154
25131
25129
25119
25113
25085
25063
25053
25046
25024
24994
24991
24965
24943
24923
24906
24876
24838
24783
24720
24714
24712
24702
24701
24692
24662
24643
24631
24619
24596
24593
24588
24573
24570
24537
24517
24500
24499
24469
24466
24464
24421
24419
24417
24412
24397
24378
24376
24365
24346
24332
24311
24298
24292
24283
24273
24274
24262
24252
24240
24232
24220
24219
24233
24202
24199
24198
24195
24192
24186
24168
24149
24137
24126
24118
24074
24064
24053
24053
24018
23973
23968
23888
23883
23843
23822
23819
23813
23813
23797
23756
23720
23702
23700
23684
23684
23683
23679
23678
23659
23648
23566
23560
23538
23536
23458
23419
23416
23409
23403
23402
23396
23391
23384
23379
23357
23355
23357
23312
23311
23308
23296
23290
23285
23279
23269
23261
23250
23211
23203
23193
23175
23174
23171
23161
23141
23140
23121
23121
23111
23082
23076
23063
23044
23019
23014
23006
22993
22928
22923
22924
22919
22930
22895
22878
22861
22859
22856
22840
22833
22806
22803
22790
22780
22778
22775
22719
22749
22690
22689
22666
22661
22656
22652
22646
22649
22625
22625
22623
22617
22617
22588
22587
22577
22560
22558
22548
22531
22530
22515
22499
22485
22476
22474
22460
22452
22446
22439
22432
22422
22408
22387
22387
22386
22386
22383
22368
22362
22333
22330
22320
22310
22185
22173
22157
22151
22131
22126
22123
22118
22083
22059
22048
22047
22030
22015
21999
21979
21978
21977
21986
21972
21972
21958
21952
21928
21927
21922
21879
21874
21868
21864
21860
21824
21789
21750
21737
21727
21717
21707
21705
21695
21687
21686
21682
21676
21673
21666
21654
21608
21603
21597
21597
21578
21571
21547
21534
21534
21524
21498
21495
21495
21495
21493
21489
21499
21485
21474
21456
21443
21426
21416
21412
21386
21384
21376
21360
21360
21353
21352
21344
21342
21330
21318
21310
21307
21298
21296
21277
21276
21275
21265
21247
21224
21224
21189
21181
21177
21173
21170
21140
21133
21122
21112
21110
21093
21063
21080
21056
21053
21044
21040
21026
21023
21019
21018
21014
21003
21001
20990
20972
20949
20948
20948
20930
20922
20920
20900
20883
20879
20831
20830
20819
20785
20808
20772
20770
20769
20763
20768
20757
20745
20735
20731
20711
20705
20704
20703
20694
20685
20646
20637
20624
20615
20608
20606
20612
20579
20579
20569
20554
20550
20542
20529
20526
20531
20511
20502
20496
20486
20519
20479
20472
20471
20456
20447
20442
20434
20431
20414
20410
20385
20371
20365
20363
20360
20355
20344
20330
20319
20326
20292
20307
20289
20286
20257
20256
20245
20222
20248
20193
20192
20191
20182
20175
20170
20167
20164
20157
20145
20135
20121
20066
20057
20055
20050
20039
20033
20024
20021
20009
19997
19996
20012
19988
19985
19980
19974
19973
19940
19939
19936
19935
19930
19908
19903
19898
19892
19873
19872
19847
19846
19835
19826
19817
19817
19814
19810
19808
19804
19788
19777
19763
19761
19760
19754
19754
19737
19729
19724
19720
19737
19707
19704
19701
19695
19693
19672
19670
19670
19663
19658
19645
19639
19637
19635
19630
19626
19621
19613
19588
19588
19587
19581
19570
19539
19533
19530
19521
19514
19495
19485
19484
19447
19445
19443
19440
19437
19435
19432
19417
19410
19335
19310
19291
19290
19283
19282
19278
19262
19256
19254
19228
19202
19180
19175
19175
19174
19159
19155
19140
19133
19128
19128
19125
19122
19104
19100
19086
19073
19073
19067
19067
19066
19051
19043
19041
19026
19024
19021
19019
19012
19009
19004
18981
18980
18973
18967
18962
18959
18942
18940
18927
18894
18876
18857
18849
18845
18840
18803
18799
18796
18794
18790
18789
18762
18749
18746
18736
18733
18715
18712
18698
18695
18696
18653
18650
18662
18639
18631
18630
18629
18627
18625
18614
18606
18602
18591
18576
18561
18559
18558
18545
18539
18538
18528
18527
18523
18519
18516
18512
18504
18500
18496
18486
18477
18476
18466
18452
18444
18435
18428
18448
18412
18403
18386
18389
18406
18371
18371
18363
18353
18343
18343
18342
18339
18329
18314
18313
18301
18301
18293
18288
18258
18252
18250
18238
18233
18261
18214
18205
18201
18147
18134
18133
18110
18097
18086
18084
18081
18056
18055
18035
18019
18011
17998
17992
17990
17976
17959
17956
17955
17952
17947
17947
17934
17914
17907
17904
17903
17896
17895
17891
17890
17881
17880
17877
17872
17871
17861
17847
17836
17825
17820
17814
17812
17804
17801
17795
17791
17788
17766
17762
17757
17755
17749
17745
17741
17730
17721
17719
17719
17718
17691
17670
17670
17661
17660
17658
17653
17649
17632
17628
17597
17592
17583
17581
17581
17579
17576
17574
17607
17567
17559
17556
17554
17552
17547
17545
17543
17538
17532
17526
17521
17521
17521
17518
17511
17511
17506
17503
17499
17496
17494
17482
17479
17475
17474
17469
17466
17459
17443
17443
17428
17427
17422
17419
17412
17416
17404
17396
17393
17390
17390
17376
17372
17358
17356
17347
17344
17336
17328
17306
17301
17287
17277
17276
17262
17243
17235
17232
17229
17225
17216
17210
17203
17185
17164
17153
17153
17148
17142
17136
17136
17129
17127
17108
17105
17104
17095
17090
17089
17088
17077
17076
17075
17059
17058
17055
17048
17041
17032
17030
17026
17020
17014
16997
16995
16996
16986
16953
16951
16949
16947
16950
16927
16915
16908
16904
16899
16895
16886
16883
16882
16882
16876
16872
16863
16860
16858
16853
16852
16849
16849
16840
16838
16835
16831
16831
16826
16823
16822
16817
16816
16812
16810
16794
16790
16788
16784
16770
16763
16760
16759
16748
16745
16740
16726
16725
16723
16722
16713
16707
16691
16676
16659
16658
16651
16649
16647
16633
16628
16612
16610
16606
16602
16591
16588
16585
16580
16576
16574
16569
16569
16557
16548
16540
16536
16535
16531
16522
16521
16517
16516
16507
16506
16486
16468
16465
16465
16459
16460
16433
16431
16413
16400
16400
16394
16360
16357
16345
16334
16326
16323
16320
16314
16309
16307
16301
16296
16295
16292
16291
16284
16281
16279
16278
16272
16270
16267
16284
16278
16257
16265
16248
16240
16230
16225
16220
16233
16205
16204
16192
16188
16187
16179
16171
16162
16159
16157
16136
16134
16130
16129
16142
16123
16119
16105
16105
16097
16097
16097
16093
16084
16079
16077
16075
16058
16045
16045
16033
16031
16019
16014
16011
15975
15974
15972
15965
15959
15955
15953
15948
15942
15943
15935
15928
15917
15916
15916
15896
15893
15891
15887
15882
15876
15876
15870
15870
15870
15857
15866
15865
15864
15859
15854
15851
15851
15850
15843
15841
15839
15835
15834
15832
15831
15823
15816
15814
15812
15811
15810
15793
15790
15790
15788
15788
15767
15767
15763
15755
15753
15749
15746
15744
15741
15710
15709
15709
15703
15699
15708
15694
15694
15682
15673
15669
15667
15667
15665
15659
15642
15642
15637
15636
15631
15631
15626
15619
15597
15597
15583
15580
15569
15549
15549
15540
15537
15534
15533
15532
15525
15524
15518
15518
15513
15513
15512
15503
15503
15481
15473
15464
15463
15459
15453
15442
15441
15439
15437
15428
15428
15427
15426
15420
15407
15402
15391
15383
15381
15381
15377
15352
15331
15327
15325
15323
15323
15320
15311
15306
15301
15296
15294
15293
15287
15286
15279
15264
15263
15262
15253
15252
15247
15240
15238
15237
15231
15230
15226
15248
15223
15218
15206
15194
15193
15190
15188
15187
15182
15170
15170
15160
15157
15152
15146
15140
15135
15126
15125
15112
15111
15109
15106
15105
15101
15097
15096
15085
15085
15091
15098
15080
15079
15069
15057
15062
15046
15037
15037
15029
15023
15021
15016
15006
15002
14997
14993
14986
14985
14977
14975
14968
14967
14966
14965
14962
14956
14948
14944
14943
14967
14946
14929
14926
14910
14900
14895
14894
14894
14892
14887
14890
14879
14872
14867
14865
14857
14855
14837
14836
14832
14825
14822
14820
14818
14824
14812
14811
14807
14804
14799
14792
14789
14782
14780
14776
14773
14760
14766
14752
14752
14750
14744
14736
14724
14719
14717
14715
14712
14708
14706
14703
14703
14702
14703
14704
14692
14687
14687
14676
14672
14670
14670
14657
14654
14645
14643
14638
14632
14630
14633
14629
14624
14615
14613
14621
14605
14599
14598
14593
14592
14604
14589
14587
14580
14580
14579
14574
14572
14569
14567
14565
14563
14554
14552
14549
14557
14538
14533
14529
14527
14517
14510
14506
14503
14490
14489
14478
14478
14472
14491
14469
14464
14464
14463
14461
14458
14457
14457
14457
14456
14452
14451
14450
14447
14442
14434
14432
14426
14425
14424
14421
14411
14405
14404
14394
14391
14390
14389
14388
14388
14387
14381
14382
14368
14363
14358
14355
14348
14344
14338
14338
14334
14329
14317
14310
14309
14309
14307
14304
14296
14287
14276
14274
14267
14264
14260
14281
14249
14243
14239
14229
14228
14225
14224
14226
14219
14217
14210
14208
14208
14203
14200
14200
14196
14194
14193
14190
14189
14186
14182
14178
14177
14168
14167
14159
14156
14154
14151
14145
14140
14138
14137
14139
14127
14126
14121
14119
14117
14113
14106
14106
14102
14094
14093
14084
14083
14078
14094
14069
14066
14060
14054
14051
14049
14049
14046
14042
14041
14032
14025
14023
14021
14018
14014
14008
13994
13992
13989
13983
13983
13973
13969
13966
13963
13954
13946
13941
13940
13930
13930
13930
13916
13906
13902
13894
13887
13885
13883
13883
13881
13876
13875
13868
13868
13867
13867
13864
13860
13859
13843
13839
13838
13836
13830
13828
13821
13813
13813
13811
13808
13806
13806
13805
13798
13796
13772
13771
13771
13770
13769
13758
13755
13754
13754
13754
13752
13749
13740
13737
13731
13726
13726
13715
13714
13708
13708
13707
13706
13705
13703
13703
13696
13691
13690
13690
13690
13685
13684
13681
13679
13679
13672
13665
13657
13653
13652
13686
13646
13646
13645
13645
13637
13633
13628
13627
13627
13624
13614
13609
13607
13606
13602
13598
13593
13582
13574
13574
13573
13564
13554
13553
13538
13534
13532
13530
13565
13525
13524
13520
13520
13516
13509
13498
13497
13495
13493
13491
13489
13486
13485
13479
13490
13476
13473
13468
13455
13448
13446
13445
13445
13440
13439
13433
13433
13433
13429
13428
13426
13423
13414
13407
13400
13399
13397
13394
13389
13387
13382
13378
13376
13375
13371
13366
13365
13364
13360
13359
13359
13357
13357
13356
13364
13353
13351
13344
13339
13331
13329
13328
13328
13325
13323
13321
13319
13317
13313
13313
13306
13305
13304
13304
13302
13302
13301
13299
13298
13296
13294
13287
13282
13282
13261
13259
13247
13242
13242
13240
13239
13233
13225
13221
13220
13233
13218
13215
13229
13201
13200
13190
13186
13186
13182
13178
13177
13173
13177
13165
13157
13149
13148
13148
13145
13144
13135
13124
13120
13119
13114
13113
13110
13103
13099
13099
13082
13082
13095
13066
13065
13065
13063
13056
13054
13062
13044
13041
13039
13032
13027
13024
13022
13018
13018
13015
13014
13012
13009
13009
13008
13001
12994
12994
12992
12988
12986
12983
12966
12977
12976
12974
12969
12968
12963
12958
12956
12955
12955
12954
12939
12936
12935
12934
12932
12932
12931
12929
12925
12923
12922
12920
12920
12919
12920
12911
12909
12913
12899
12895
12889
12877
12872
12870
12870
12868
12868
12867
12857
12856
12867
12856
12854
12848
12841
12844
12839
12837
12831
12828
12827
12827
12825
12825
12830
12824
12823
12817
12816
12813
12810
12807
12805
12805
12810
12798
12804
12782
12781
12780
12778
12777
12768
12765
12765
12774
12761
12759
12759
12758
12755
12754
12748
12743
12743
12742
12736
12733
12719
12716
12707
12701
12699
12695
12693
12693
12692
12690
12686
12685
12682
12681
12680
12676
12674
12673
12667
12667
12664
12671
12652
12652
12652
12648
12642
12637
12633
12632
12629
12628
12627
12626
12623
12623
12634
12622
12622
12619
12617
12615
12631
12610
12602
12596
12595
12593
12589
12588
12585
12581
12580
12582
12575
12575
12572
12569
12568
12567
12565
12561
12560
12556
12554
12552
12551
12548
12551
12544
12543
12542
12542
12540
12539
12539
12535
12535
12534
12533
12532
12526
12525
12524
12516
12515
12511
12500
12500
12498
12497
12497
12481
12480
12478
12477
12466
12461
12459
12457
12456
12455
12453
12453
12449
12438
12430
12427
12422
12416
12414
12414
12408
12407
12406
12403
12400
12394
12434
12392
12409
12385
12382
12382
12378
12377
12376
12372
12366
12363
12360
12351
12349
12348
12347
12330
12328
12328
12327
12324
12321
12317
12305
12299
12297
12296
12292
12287
12285
12285
12285
12278
12276
12276
12273
12271
12269
12268
12268
12266
12263
12254
12254
12253
12252
12248
12248
12243
12242
12229
12225
12223
12223
12221
12210
12206
12204
12203
12199
12197
12191
12189
12184
12183
12176
12175
12162
12161
12160
12155
12154
12152
12151
12148
12147
12144
12143
12139
12138
12138
12132
12125
12120
12119
12119
12132
12114
12113
12113
12111
12110
12109
12108
12106
12103
12100
12097
12097
12095
12094
12088
12086
12081
12079
12075
12067
12053
12051
12050
12046
12034
12033
12033
12027
12025
12021
12018
12017
12014
12007
12000
11999
11999
11997
11991
11989
11985
11983
11982
11979
11978
11977
11976
11974
11973
11972
11969
11969
11966
11962
11955
11951
11950
11942
11941
11958
11933
11931
11930
11929
11917
11917
11915
11914
11913
11910
11907
11905
11899
11899
11898
11911
11886
11885
11882
11882
11881
11880
11879
11878
11877
11873
11870
11867
11866
11856
11851
11850
11841
11829
11828
11820
11818
11822
11812
11807
11806
11805
11801
11799
11795
11794
11789
11778
11777
11766
11766
11765
11763
11763
11759
11755
11753
11783
11747
11745
11742
11738
11736
11734
11731
11728
11724
11723
11723
11719
11715
11713
11711
11709
11703
11702
11701
11700
11699
11698
11696
11692
11698
11688
11698
11680
11678
11677
11676
11692
11699
11671
11661
11660
11658
11656
11656
11656
11649
11647
11647
11647
11643
11640
11637
11636
11633
11630
11628
11627
11622
11620
11620
11619
11618
11618
11608
11608
11607
11605
11605
11600
11593
11593
11591
11588
11582
11575
11584
11563
11562
11556
11555
11548
11547
11546
11541
11540
11539
11539
11538
11537
11536
11549
11535
11535
11534
11541
11530
11528
11526
11525
11549
11521
11519
11524
11511
11505
11502
11497
11494
11490
11487
11495
11479
11475
11469
11469
11468
11484
11465
11473
11463
11458
11458
11458
11454
11454
11451
11446
11440
11439
11433
11431
11430
11428
11426
11426
11423
11421
11419
11416
11411
11411
11422
11407
11402
11401
11407
11400
11407
11388
11388
11386
11385
11380
11378
11373
11370
11369
11367
11365
11365
11363
11362
11362
11361
11359
11358
11354
11353
11352
11352
11349
11349
11346
11344
11340
11334
11327
11327
11326
11326
11325
11320
11319
11316
11315
11313
11312
11311
11309
11308
11192
11300
11297
11297
11297
11294
11292
11287
11284
11282
11281
11280
11277
11277
11275
11272
11283
11271
11264
11257
11245
11245
11245
11244
11243
11240
11236
11271
11232
11226
11226
11225
11225
11222
11218
11215
11214
11212
11211
11210
11210
11210
11206
11205
11199
11206
11196
11195
11205
11190
11190
11189
11186
11179
11173
11178
11168
11166
11165
11165
11165
11160
11157
11154
11152
11145
11143
11139
11137
11128
11122
11120
11115
11112
11109
11106
11106
11099
11097
11092
11088
11085
11084
11081
11081
11070
11070
11062
11062
11056
11055
11053
11051
11066
11045
11044
11044
11042
11039
11039
11038
11037
11033
11033
11030
11029
11028
11028
11027
11025
11025
11024
11018
11018
11014
11011
11008
11006
11003
11002
10998
10997
10992
10990
10989
10987
10987
10987
10987
10984
10984
10982
10981
10981
10976
10976
10975
10969
10967
10967
10963
10963
10962
10956
10953
10952
10946
10944
10942
10940
10940
10939
10938
10937
10934
10933
10931
10930
10930
10929
10928
10928
10927
10925
10925
10916
10916
10914
10913
10911
10911
10910
10906
10906
10900
10898
10896
10896
10894
10894
10891
10891
10888
10885
10885
10884
10884
10883
10880
10873
10872
10870
10878
10860
10856
10853
10850
10847
10843
10841
10836
10835
10835
10830
10830
10827
10826
10824
10824
10823
10818
10818
10814
10811
10807
10806
10804
10798
10798
10795
10792
10788
10784
10784
10784
10783
10782
10779
10776
10775
10774
10773
10772
10772
10795
10771
10769
10782
10767
10762
10760
10759
10755
10752
10752
10750
10747
10745
10744
10743
10741
10738
10736
10734
10734
10734
10732
10724
10723
10722
10720
10719
10714
10714
10712
10711
10709
10708
10706
10706
10706
10705
10704
10702
10696
10695
10694
10709
10690
10688
10687
10683
10702
10682
10678
10678
10677
10674
10666
10663
10662
10662
10661
10660
10659
10655
10651
10646
10643
10638
10637
10636
10636
10633
10632
10626
10624
10618
10617
10616
10614
10610
10605
10605
10604
10604
10604
10595
10595
10590
10590
10590
10589
10588
10587
10584
10584
10584
10579
10577
10577
10581
10573
10572
10569
10567
10561
10560
10560
10563
10559
10554
10553
10543
10542
10563
10537
10534
10534
10533
10529
10527
10537
10524
10522
10519
10517
10517
10512
10505
10504
10504
10502
10501
10500
10498
10498
10491
10491
10486
10483
10476
10475
10475
10474
10474
10473
10472
10466
10464
10463
10461
10457
10454
10454
10452
10450
10446
10446
10445
10460
10441
10440
10439
10438
10437
10437
10435
10434
10432
10431
10429
10429
10427
10425
10425
10424
10424
10421
10420
10417
10417
10415
10414
10414
10422
10405
10404
10399
10402
10410
10397
10397
10396
10393
10393
10390
10388
10387
10385
10383
10382
10377
10377
10390
10372
10371
10371
10369
10369
10368
10366
10366
10365
10363
10361
10359
10357
10356
10356
10358
10353
10352
10351
10350
10346
10346
10343
10337
10334
10333
10328
10328
10325
10321
10320
10319
10317
10316
10315
10312
10312
10311
10305
10305
10304
10303
10302
10302
10298
10293
10291
10291
10291
10290
10290
10287
10285
10293
10284
10281
10279
10278
10270
10261
10257
10257
10256
10254
10251
10249
10249
10248
10245
10238
10238
10237
10231
10228
10227
10223
10221
10219
10218
10215
10213
10212
10211
10209
10208
10207
10200
10197
10195
10195
10193
10193
10191
10187
10186
10183
10186
10177
10177
10176
10175
10171
10167
10166
10165
10163
10162
10162
10161
10160
10159
10159
10159
10180
10150
10148
10144
10143
10140
10137
10136
10136
10136
10145
10142
10131
10129
10129
10129
10123
10122
10122
10121
10120
10118
10116
10115
10114
10131
10109
10108
10107
10106
10100
10097
10096
10115
10098
10092
10087
10086
10084
10082
10082
10080
10079
10077
10075
10070
10068
10067
10063
10060
10060
10060
10058
10057
10055
10054
10051
10050
10048
10048
10060
10043
10040
10044
10034
10032
10032
10030
10039
10029
10028
10027
10034
10025
10025
10023
10042
10019
10019
10015
10015
10012
10009
10008
10008
10006
10004
10002
10002
9999
9997
9997
9994
10020
9993
9992
9988
9987
9986
9985
9982
9979
9977
9977
9976
9973
9973
9965
9964
9960
9957
9955
9955
9954
9951
9949
9949
9949
9948
9947
9947
9947
9944
9943
9942
9941
9944
9940
9939
9957
9937
9937
9933
9930
9929
9928
9927
9925
9923
9916
9916
9913
9913
9926
9911
9910
9909
9908
9906
9903
9901
9900
9899
9899
9891
9881
9875
9874
9873
9871
9869
9865
9864
9863
9896
9860
9852
9848
9841
9839
9838
9836
9835
9835
9835
9828
9825
9823
9821
9824
9814
9810
9809
9809
9808
9807
9806
9805
9804
9802
9802
9799
9799
9799
9799
9797
9795
9807
9791
9789
9789
9785
9785
9782
9781
9780
9779
9776
9775
9773
9769
9769
9768
9766
9761
9760
9758
9757
9755
9754
9753
9753
9752
9755
9751
9749
9746
9745
9743
9741
9741
9740
9739
9737
9732
9729
9728
9724
9722
9718
9716
9716
9716
9716
9715
9714
9713
9712
9712
9710
9710
9707
9705
9703
9700
9696
9696
9695
9694
9690
9686
9684
9682
9682
9680
9679
9679
9676
9674
9670
9669
9664
9663
9660
9657
9669
9653
9652
9649
9645
9640
9640
9639
9638
9636
9635
9634
9634
9633
9632
9632
9622
9622
9622
9633
9616
9614
9614
9613
9612
9606
9605
9602
9597
9592
9591
9586
9586
9586
9584
9583
9582
9577
9577
9576
9576
9586
9573
9594
9570
9569
9563
9563
9562
9561
9561
9560
9557
9555
9555
9553
9545
9544
9536
9536
9534
9548
9532
9530
9530
9528
9527
9525
9521
9519
9512
9512
9511
9509
9508
9503
9501
9506
9499
9499
9494
9493
9490
9489
9486
9484
9484
9483
9482
9482
9481
9480
9480
9479
9478
9477
9477
9476
9474
9474
9474
9473
9470
9469
9469
9467
9465
9470
9462
9462
9462
9460
9456
9456
9456
9455
9455
9454
9450
9447
9447
9443
9443
9441
9438
9429
9429
9426
9425
9424
9424
9423
9421
9421
9419
9417
9417
9414
9412
9411
9410
9410
9408
9405
9404
9403
9399
9397
9395
9394
9393
9392
9392
9391
9391
9408
9389
9379
9377
9396
9377
9376
9374
9373
9372
9371
9363
9362
9359
9358
9354
9353
9351
9351
9350
9348
9346
9346
9346
9345
9345
9352
9343
9341
9339
9337
9336
9335
9333
9333
9330
9329
9329
9326
9324
9323
9323
9322
9320
9319
9318
9316
9316
9312
9310
9310
9303
9300
9299
9297
9297
9295
9293
9293
9290
9290
9290
9289
9284
9283
9310
9277
9277
9275
9269
9268
9267
9266
9278
9264
9263
9263
9262
9262
9261
9261
9258
9257
9257
9256
9251
9248
9246
9241
9240
9238
9236
9235
9235
9233
9226
9224
9222
9222
9221
9219
9216
9216
9216
9215
9213
9212
9211
9209
9208
9212
9205
9200
9200
9197
9197
9196
9195
9188
9184
9179
9178
9177
9177
9176
9176
9175
9175
9172
9171
9171
9171
9171
9170
9167
9166
9165
9165
9165
9164
9164
9163
9163
9163
9158
9155
9148
9147
9146
9146
9142
9139
9139
9136
9133
9132
9130
9129
9128
9127
9126
9126
9122
9120
9119
9117
9116
9115
9114
9111
9111
9111
9110
9105
9105
9104
9103
9100
9099
9098
9097
9097
9102
9094
9093
9091
9086
9083
9082
9082
9081
9079
9079
9078
9077
9076
9074
9073
9072
9070
9069
9068
9084
9066
9065
9063
9063
9079
9072
9053
9053
9051
9050
9050
9048
9047
9044
9043
9043
9041
9040
9040
9038
9036
9034
9031
9029
9029
9030
9021
9020
9020
9019
9017
9015
9013
9011
9009
9009
9008
9004
9002
9002
9001
8997
8992
8992
8991
9005
8988
8988
8986
8985
8986
8997
8978
8977
8977
8976
8975
8965
8962
8962
8959
8956
8955
8955
8954
8953
8951
8950
8949
8947
8946
8944
8941
8940
8940
8938
8937
8935
8933
8932
8932
8952
8931
8930
8927
8926
8921
8920
8919
8918
8915
8913
8913
8911
8910
8905
8901
8900
8900
8899
8898
8898
8908
8892
8892
8919
8887
8887
8886
8885
8884
8884
8883
8880
8877
8874
8872
8869
8869
8869
8868
8865
8862
8880
8862
8861
8861
8864
8881
8859
8855
8853
8850
8848
8848
8847
8845
8845
8842
8841
8836
8833
8832
8831
8831
8825
8823
8822
8821
8820
8819
8819
8819
8818
8823
8812
8810
8809
8805
8804
8801
8799
8797
8792
8788
8785
8785
8785
8783
8782
8780
8780
8779
8779
8778
8778
8777
8775
8771
8770
8770
8765
8763
8762
8761
8759
8758
8756
8755
8754
8753
8750
8749
8749
8748
8747
8745
8744
8740
8737
8735
8732
8744
8731
8728
8737
8726
8726
8726
8724
8724
8724
8723
8722
8721
8720
8716
8714
8713
8712
8710
8709
8709
8706
8706
8706
8704
8704
8703
8701
8700
8699
8697
8696
8690
8689
8688
8688
8688
8687
8696
8684
8684
8679
8678
8693
8677
8675
8675
8675
8673
8672
8672
8671
8665
8661
8661
8660
8660
8660
8659
8656
8653
8649
8648
8647
8645
8645
8644
8643
8643
8637
8635
8635
8634
8628
8627
8625
8623
8623
8621
8620
8620
8620
8619
8614
8612
8608
8605
8601
8600
8598
8598
8597
8593
8593
8591
8588
8586
8585
8584
8583
8581
8580
8579
8577
8576
8575
8574
8571
8571
8571
8571
8570
8567
8566
8563
8562
8560
8560
8559
8557
8556
8552
8551
8550
8549
8549
8547
8545
8544
8543
8543
8542
8539
8539
8538
8534
8554
8532
8531
8524
8522
8519
8518
8518
8517
8515
8511
8510
8510
8509
8508
8508
8503
8497
8492
8499
8490
8488
8486
8484
8483
8483
8482
8481
8481
8481
8479
8479
8476
8476
8473
8473
8468
8467
8466
8466
8465
8465
8462
8461
8457
8456
8455
8452
8451
8451
8448
8448
8471
8444
8444
8444
8443
8442
8441
8449
8440
8454
8438
8433
8431
8427
8426
8426
8422
8421
8416
8415
8413
8415
8413
8410
8406
8405
8403
8402
8399
8399
8399
8395
8395
8395
8394
8393
8391
8390
8388
8387
8385
8385
8381
8379
8378
8375
8373
8370
8370
8370
8370
8368
8368
8365
8363
8363
8362
8359
8358
8355
8354
8354
8353
8353
8352
8351
8350
8347
8346
8344
8344
8344
8343
8343
8343
8339
8336
8335
8331
8331
8330
8329
8343
8328
8326
8326
8325
8323
8322
8320
8318
8318
8316
8315
8314
8314
8313
8312
8311
8302
8311
8309
8308
8308
8308
8307
8307
8306
8306
8306
8305
8304
8304
8319
8301
8301
8301
8300
8300
8299
8297
8296
8296
8294
8294
8293
8290
8287
8286
8286
8282
8282
8279
8278
8278
8276
8272
8271
8270
8269
8267
8260
8257
8255
8253
8252
8251
8251
8250
8248
8246
8246
8246
8245
8243
8239
8233
8231
8230
8229
8249
8227
8225
8254
8222
8221
8222
8219
8218
8216
8215
8215
8214
8212
8208
8207
8207
8205
8205
8205
8204
8203
8202
8201
8201
8201
8199
8198
8197
8196
8196
8194
8191
8191
8191
8190
8190
8204
8187
8188
8183
8200
8181
8180
8177
8175
8171
8170
8170
8170
8170
8167
8167
8166
8165
8163
8163
8160
8160
8159
8158
8158
8157
8157
8156
8155
8154
8154
8153
8152
8152
8152
8151
8149
8148
8147
8143
8140
8140
8139
8135
8134
8131
8129
8128
8128
8126
8126
8124
8120
8119
8133
8117
8117
8115
8114
8113
8113
8112
8111
8111
8111
8111
8110
8109
8104
8103
8102
8102
8101
8101
8101
8099
8099
8097
8095
8094
8087
8086
8086
8086
8083
8092
8080
8079
8077
8077
8076
8075
8074
8073
8072
8071
8070
8069
8068
8067
8072
8066
8064
8059
8055
8055
8055
8055
8054
8052
8048
8055
8045
8044
8044
8044
8043
8042
8041
8036
8035
8033
8031
8031
8029
8028
8027
8027
8027
8025
8024
8023
8022
8022
8020
8020
8020
8018
8018
8012
8011
8010
8010
8008
8007
8007
8006
8006
8005
8003
7999
7999
7998
7997
7995
7992
7991
7990
7989
7988
7988
7986
7980
7984
7983
7979
7975
7975
7975
7974
7974
7973
7972
7971
7970
7968
7966
7965
7964
7964
7964
7963
7963
7961
7961
7960
7957
7956
7955
7954
7954
7954
7951
7950
7950
7949
7948
7948
7946
7945
7943
7941
7938
7938
7936
7936
7935
7932
7930
7927
7925
7923
7922
7921
7921
7921
7918
7917
7917
7915
7915
7912
7912
7910
7924
7910
7909
7906
7905
7905
7904
7904
7903
7903
7900
7899
7898
7897
7895
7895
7894
7893
7893
7892
7892
7887
7886
7886
7884
7882
7882
7880
7880
7880
7878
7897
7890
7874
7871
7871
7870
7867
7866
7866
7862
7858
7856
7852
7852
7850
7850
7869
7848
7847
7847
7846
7844
7841
7839
7838
7836
7835
7840
7831
7830
7829
7828
7827
7827
7826
7823
7816
7816
7815
7815
7814
7814
7812
7811
7810
7810
7825
7809
7809
7809
7805
7815
7803
7802
7802
7799
7796
7794
7794
7793
7793
7793
7809
7791
7789
7789
7788
7786
7786
7781
7779
7779
7776
7775
7774
7774
7774
7773
7772
7772
7770
7770
7770
7770
7769
7768
7767
7761
7761
7780
7760
7757
7753
7753
7752
7751
7750
7746
7746
7742
7741
7740
7740
7739
7738
7738
7734
7728
7727
7726
7750
7723
7721
7719
7718
7716
7715
7715
7715
7712
7712
7708
7707
7707
7710
7706
7706
7705
7702
7702
7701
7701
7698
7697
7696
7696
7693
7692
7689
7689
7688
7687
7686
7685
7685
7683
7683
7682
7678
7677
7677
7676
7675
7674
7670
7668
7668
7668
7668
7667
7667
7667
7666
7665
7665
7663
7662
7659
7659
7658
7656
7656
7656
7655
7654
7675
7652
7652
7651
7651
7649
7649
7647
7646
7652
7646
7645
7644
7643
7642
7642
7635
7635
7633
7629
7629
7640
7626
7625
7625
7624
7623
7623
7622
7622
7622
7621
7619
7618
7618
7616
7616
7616
7613
7609
7609
7603
7601
7601
7600
7598
7597
7594
7593
7593
7593
7593
7593
7592
7592
7592
7591
7591
7589
7589
7588
7586
7585
7585
7585
7585
7584
7583
7583
7583
7581
7581
7580
7580
7579
7578
7578
7577
7576
7575
7574
7573
7573
7571
7569
7571
7568
7567
7565
7564
7563
7562
7559
7557
7556
7556
7553
7550
7549
7549
7546
7545
7543
7542
7540
7540
7539
7537
7536
7535
7534
7533
7532
7531
7531
7530
7530
7530
7530
7527
7527
7526
7525
7525
7524
7523
7523
7522
7520
7520
7519
7519
7518
7518
7517
7517
7516
7515
7515
7514
7514
7513
7513
7512
7510
7519
7508
7507
7507
7505
7504
7504
7502
7499
7496
7493
7492
7492
7491
7491
7489
7487
7484
7484
7483
7482
7481
7481
7481
7480
7480
7475
7475
7475
7474
7472
7471
7467
7467
7467
7466
7466
7466
7466
7465
7469
7461
7461
7461
7460
7472
7459
7459
7458
7454
7454
7451
7451
7448
7447
7443
7443
7442
7442
7441
7441
7440
7440
7438
7437
7436
7436
7435
7434
7434
7433
7432
7431
7431
7430
7430
7426
7426
7425
7424
7424
7428
7421
7421
7420
7419
7418
7418
7417
7417
7414
7413
7412
7410
7409
7404
7403
7402
7400
7400
7398
7397
7410
7397
7395
7395
7389
7388
7386
7386
7385
7384
7384
7384
7377
7377
7376
7382
7373
7372
7387
7369
7369
7368
7366
7382
7363
7361
7360
7360
7359
7358
7357
7356
7355
7355
7354
7354
7354
7351
7349
7346
7346
7345
7344
7344
7342
7344
7355
7340
7340
7338
7338
7338
7338
7336
7334
7337
7331
7330
7330
7326
7325
7324
7321
7320
7319
7319
7319
7318
7318
7316
7315
7312
7309
7318
7307
7307
7306
7324
7306
7305
7305
7302
7300
7299
7298
7298
7296
7296
7295
7295
7294
7293
7290
7290
7289
7288
7287
7286
7286
7284
7281
7296
7279
7279
7277
7275
7275
7274
7274
7273
7272
7270
7270
7268
7268
7266
7265
7264
7263
7263
7263
7262
7261
7258
7256
7256
7255
7254
7252
7251
7250
7250
7245
7243
7241
7241
7240
7253
7239
7239
7237
7236
7234
7232
7231
7230
7229
7231
7225
7260
7245
7223
7222
7221
7220
7224
7217
7216
7175
7215
7215
7213
7213
7211
7211
7210
7209
7209
7207
7207
7204
7203
7203
7200
7205
7199
7198
7196
7196
7193
7193
7192
7191
7190
7190
7189
7188
7187
7187
7186
7185
7184
7183
7182
7181
7180
7179
7177
7177
7176
7175
7174
7172
7171
7171
7169
7168
7168
7168
7168
7168
7168
7165
7165
7163
7163
7160
7159
7158
7158
7157
7157
7155
7155
7154
7152
7151
7151
7150
7150
7148
7148
7147
7147
7146
7145
7144
7144
7144
7143
7142
7142
7140
7140
7140
7139
7139
7138
7148
7137
7137
7152
7135
7134
7132
7132
7123
7122
7122
7122
7122
7132
7119
7118
7116
7115
7115
7114
7114
7114
7113
7113
7115
7112
7111
7110
7109
7108
7106
7106
7106
7104
7103
7102
7100
7100
7099
7098
7098
7097
7105
7097
7097
7097
7096
7092
7091
7090
7089
7091
7086
7085
7084
7083
7083
7082
7082
7082
7081
7079
7078
7078
7074
7074
7073
7073
7071
7071
7070
7096
7066
7065
7064
7064
7085
7058
7057
7056
7054
7054
7053
7052
7051
7083
7050
7049
7048
7048
7045
7044
7042
7041
7040
7039
7038
7038
7038
7037
7039
7034
7033
7033
7033
7032
7031
7030
7030
7030
7061
7026
7024
7023
7021
7033
7019
7019
7018
7034
7016
7016
7016
7015
7014
7013
7012
7012
7010
7010
7009
7009
7009
7007
7007
7005
7004
7003
7002
7002
7001
7016
6999
6997
6996
6996
6996
6995
6994
6994
6997
6991
6989
6988
6988
6995
6986
6985
6985
6985
6995
6983
6983
6983
6980
6980
6979
6979
6975
6970
6970
6970
6966
6966
6965
6963
6962
6961
6964
6956
6964
6955
6953
6952
6952
6952
6952
6952
6951
6965
6950
6949
6949
6949
6948
6946
6945
6956
6941
6941
6941
6940
6939
6938
6944
6935
6935
6933
6933
6932
6931
6931
6930
6930
6929
6928
6927
6925
6923
6923
6922
6921
6921
6919
6936
6918
6917
6917
6917
6916
6916
6933
6914
6914
6914
6910
6909
6909
6909
6907
6907
6907
6905
6904
6901
6901
6901
6898
6897
6897
6897
6896
6896
6895
6895
6895
6894
6893
6893
6893
6891
6891
6888
6884
6884
6884
6883
6883
6882
6881
6880
6880
6881
6879
6879
6879
6886
6877
6877
6883
6876
6876
6875
6874
6871
6870
6869
6869
6868
6867
6867
6866
6865
6865
6865
6865
6863
6862
6881
6861
6860
6866
6860
6860
6859
6864
6857
6857
6857
6857
6855
6853
6869
6849
6846
6845
6844
6842
6838
6838
6834
6833
6832
6831
6831
6830
6829
6828
6827
6826
6826
6825
6825
6822
6822
6819
6818
6817
6816
6815
6815
6813
6810
6809
6808
6816
6806
6805
6805
6805
6803
6802
6800
6798
6796
6795
6795
6795
6794
6794
6792
6791
6791
6790
6790
6803
6789
6788
6787
6794
6785
6785
6784
6783
6783
6783
6781
6780
6779
6778
6776
6775
6773
6766
6766
6765
6762
6758
6758
6755
6753
6753
6752
6750
6749
6746
6743
6743
6743
6743
6743
6743
6742
6742
6741
6741
6740
6738
6737
6759
6733
6733
6732
6731
6731
6730
6730
6729
6729
6729
6727
6727
6727
6723
6722
6721
6721
6720
6719
6719
6717
6717
6716
6715
6713
6712
6710
6710
6709
6709
6709
6708
6708
6707
6706
6705
6703
6703
6702
6700
6699
6695
6693
6693
6691
6602
6686
6686
6685
6683
6683
6682
6682
6678
6689
6677
6676
6691
6672
6671
6671
6670
6669
6668
6668
6667
6667
6667
6666
6664
6663
6663
6661
6661
6661
6660
6660
6660
6660
6659
6658
6657
6656
6658
6655
6655
6654
6652
6651
6651
6651
6647
6647
6645
6645
6645
6645
6640
6639
6638
6638
6637
6636
6635
6635
6634
6633
6627
6624
6627
6624
6622
6618
6616
6624
6654
6613
6616
6611
6608
6611
6627
6604
6604
6604
6604
6603
6602
6601
6600
6600
6599
6599
6599
6599
6595
6595
6595
6591
6591
6590
6589
6587
6585
6585
6583
6583
6580
6580
6580
6584
6597
6576
6575
6597
6575
6573
6573
6572
6572
6572
6572
6586
6567
6579
6564
6564
6564
6563
6562
6562
6562
6561
6561
6561
6560
6560
6558
6558
6558
6557
6556
6556
6556
6555
6554
6553
6553
6553
6552
6552
6552
6551
6551
6550
6550
6548
6547
6547
6547
6546
6545
6545
6544
6544
6541
6539
6539
6538
6537
6537
6536
6535
6533
6532
6532
6531
6530
6538
6530
6529
6529
6529
6528
6528
6527
6527
6527
6661
6525
6524
6520
6520
6519
6518
6517
6516
6516
6515
6514
6514
6513
6512
6512
6510
6510
6510
6507
6507
6507
6506
6506
6506
6504
6503
6503
6502
6502
6501
6501
6500
6500
6499
6497
6496
6495
6495
6495
6494
6493
6493
6493
6492
6511
6490
6490
6490
6489
6489
6489
6488
6488
6487
6486
6485
6485
6485
6484
6483
6481
6481
6481
6481
6477
6489
6484
6475
6474
6474
6474
6473
6473
6472
6469
6469
6468
6467
6467
6466
6466
6465
6484
6459
6458
6457
6455
6454
6453
6452
6471
6451
6447
6472
6446
6445
6445
6445
6445
6445
6444
6442
6442
6442
6440
6438
6438
6437
6437
6436
6435
6434
6434
6434
6433
6432
6431
6431
6431
6429
6429
6428
6428
6440
6427
6427
6426
6425
6440
6423
6422
6422
6422
6421
6421
6421
6420
6420
6420
6420
6418
6418
6417
6417
6416
6416
6415
6415
6413
6414
6411
6411
6411
6410
6410
6410
6410
6410
6410
6410
6410
6406
6405
6404
6404
6404
6404
6403
6403
6403
6402
6402
6401
6401
6401
6398
6397
6396
6396
6396
6394
6392
6411
6390
6387
6384
6384
6384
6383
6383
6383
6379
6388
6378
6378
6378
6377
6376
6393
6375
6375
6375
6375
6373
6371
6369
6369
6368
6366
6366
6363
6363
6362
6362
6361
6361
6360
6359
6357
6356
6363
6353
6353
6352
6352
6350
6348
6346
6345
6332
6345
6345
6344
6344
6341
6341
6358
6340
6340
6340
6339
6339
6338
6337
6337
6337
6336
6335
6334
6334
6333
6332
6332
6332
6330
6329
6329
6328
6326
6324
6324
6323
6323
6323
6322
6321
6321
6320
6318
6317
6316
6315
6315
6315
6315
6314
6313
6312
6312
6311
6326
6330
6309
6308
6308
6305
6303
6318
6303
6303
6302
6302
6302
6301
6301
6300
6299
6298
6298
6298
6297
6295
6295
6295
6294
6293
6293
6292
6292
6292
6289
6289
6288
6288
6285
6285
6284
6283
6282
6282
6281
6280
6280
6279
6278
6278
6278
6277
6277
6276
6276
6274
6273
6273
6272
6271
6271
6271
6271
6270
6270
6269
6269
6267
6267
6265
6265
6264
6264
6263
6263
6262
6261
6259
6259
6259
6258
6258
6257
6257
6256
6256
6256
6280
6254
6254
6253
6253
6253
6251
6249
6246
6246
6246
6245
6244
6244
6244
6244
6241
6240
6236
6235
6235
6235
6235
6234
6234
6232
6231
6227
6227
6226
6226
6225
6225
6224
6224
6224
6223
6223
6222
6222
6221
6220
6219
6218
6218
6217
6216
6216
6216
6215
6215
6214
6233
6213
6213
6212
6211
6209
6208
6207
6204
6203
6214
6202
6202
6201
6201
6200
6199
6198
6196
6196
6195
6193
6193
6192
6192
6191
6204
6190
6189
6188
6188
6187
6186
6184
6183
6183
6182
6182
6182
6181
6180
6180
6180
6179
6178
6178
6177
6177
6177
6175
6174
6173
6172
6171
6169
6168
6167
6165
6165
6162
6162
6161
6159
6159
6159
6156
6155
6154
6154
6153
6152
6152
6152
6151
6151
6151
6151
6148
6148
6147
6146
6145
6145
6144
6143
6143
6142
6142
6141
6141
6139
6139
6138
6137
6136
6135
6134
6154
6133
6133
6132
6132
6132
6132
6130
6129
6129
6138
6122
6121
6120
6115
6117
6115
6114
6114
6113
6112
6112
6112
6112
6111
6111
6110
6113
6108
6108
6108
6107
6104
6104
6102
6102
6100
6099
6097
6097
6096
6103
6096
6095
6094
6093
6093
6092
6090
6089
6087
6087
6086
6086
6086
6086
6085
6085
6085
6084
6084
6084
6084
6083
6083
6083
6082
6082
6082
6079
6078
6078
6076
6076
6076
6073
6073
6073
6072
6071
6074
6069
6068
6068
6067
6066
6080
6065
6065
6064
6064
6064
6063
6063
6063
6062
6060
6059
6058
6058
6058
6067
6056
6055
6055
6054
6051
6050
6050
6050
6049
6048
6048
6048
6047
6046
6045
6045
6043
6043
6043
6042
6042
6039
6039
6038
6037
6037
6036
6036
6035
6034
6033
6033
6033
6031
6031
6030
6029
6029
6028
6027
6027
6026
6026
6026
6026
6025
6025
6025
6025
6024
6021
6020
6020
6019
6019
6030
6017
6016
6015
6014
6013
6012
6012
6012
6012
6010
6009
6009
6009
6009
6021
6007
6007
6006
6006
6005
6005
6003
6003
6002
6001
6000
5999
5998
5996
5995
5995
5995
5994
5993
5993
5992
5992
5992
5990
5990
5990
5988
5987
5987
5987
5987
5986
5986
5985
5984
5984
5984
5984
5983
5966
5982
5982
5981
5981
5980
5979
5983
5976
5975
5974
5973
5973
5972
5972
5971
5971
5976
5969
5969
5968
5965
5963
5963
5962
5961
5960
5960
5959
5959
5958
5956
5956
5956
5956
5954
5954
5952
5952
5952
5950
5949
5948
5948
5948
5947
5947
5945
5944
5943
5950
5942
5942
5941
5940
5939
5939
5938
5938
5937
5937
5937
5937
5935
5935
5960
5934
5934
5932
5932
5931
5956
5929
5929
5928
5926
5924
5924
5923
5923
5923
5923
5922
5922
5921
5921
5920
5919
5919
5918
5918
5918
5917
5917
5916
5915
5914
5912
5912
5912
5914
5910
5910
5909
5909
5908
5896
5906
5905
5904
5904
5904
5903
5903
5903
5902
5902
5901
5900
5900
5900
5899
5898
5897
5897
5896
5896
5896
5896
5895
5895
5893
5892
5891
5891
5888
5888
5887
5885
5885
5884
5883
5883
5881
5881
5881
5880
5880
5880
5880
5880
5879
5879
5879
5878
5877
5877
5875
5874
5873
5873
5873
5872
5872
5872
5866
5866
5865
5865
5864
5863
5862
5867
5861
5859
5858
5858
5858
5858
5857
5856
5855
5855
5854
5854
5853
5852
5852
5859
5849
5849
5848
5848
5848
5872
5844
5844
5842
5842
5841
5841
5839
5839
5838
5838
5837
5837
5835
5835
5835
5835
5833
5831
5831
5831
5831
5830
5830
5830
5830
5829
5829
5829
5829
5855
5828
5827
5827
5826
5824
5824
5825
5824
5823
5821
5820
5819
5819
5818
5816
5816
5816
5815
5815
5813
5819
5812
5812
5811
5811
5810
5810
5810
5810
5809
5809
5808
5808
5807
5806
5806
5805
5805
5805
5804
5805
5803
5803
5802
5801
5799
5798
5797
5816
5796
5795
5796
5795
5794
5793
5793
5792
5795
5790
5790
5790
5789
5788
5788
5786
5786
5785
5785
5784
5783
5783
5782
5781
5781
5780
5780
5782
5779
5779
5778
5778
5778
5777
5776
5775
5775
5775
5774
5774
5773
5772
5772
5771
5770
5770
5770
5769
5769
5768
5767
5766
5766
5765
5764
5764
5763
5759
5758
5757
5756
5756
5754
5754
5757
5753
5752
5751
5750
5750
5749
5748
5747
5745
5745
5745
5743
5743
5743
5742
5742
5741
5739
5739
5738
5738
5738
5738
5738
5738
5738
5737
5737
5736
5735
5735
5755
5733
5736
5732
5731
5731
5729
5728
5728
5727
5725
5725
5724
5724
5724
5724
5724
5723
5723
5723
5723
5722
5722
5721
5721
5720
5720
5720
5719
5718
5717
5717
5716
5716
5715
5715
5714
5714
5712
5712
5712
5711
5711
5711
5710
5710
5709
5708
5708
5705
5705
5704
5704
5702
5702
5701
5700
5699
5698
5719
5698
5698
5696
5696
5720
5710
5694
5694
5693
5693
5693
5690
5687
5687
5686
5686
5686
5686
5685
5683
5682
5681
5680
5680
5680
5678
5677
5677
5677
5677
5676
5675
5675
5675
5674
5711
5673
5672
5672
5671
5671
5671
5668
5668
5667
5667
5665
5661
5661
5659
5666
5659
5659
5658
5676
5700
5656
5655
5655
5654
5654
5652
5651
5650
5650
5649
5649
5649
5649
5648
5648
5648
5647
5646
5646
5646
5645
5644
5643
5643
5643
5643
5649
5641
5641
5640
5640
5640
5640
5639
5638
5636
5636
5636
5635
5635
5635
5635
5634
5634
5633
5633
5633
5632
5631
5640
5630
5629
5628
5628
5628
5627
5627
5626
5625
5625
5621
5620
5625
5618
5617
5617
5617
5615
5622
5613
5613
5613
5613
5613
5613
5612
5611
5611
5611
5610
5609
5613
5606
5606
5606
5606
5604
5607
5603
5604
5602
5598
5597
5597
5597
5597
5596
5596
5596
5595
5594
5594
5592
5592
5592
5591
5590
5590
5590
5590
5589
5588
5588
5587
5585
5582
5581
5581
5581
5580
5580
5580
5579
5579
5578
5578
5578
5575
5575
5574
5574
5573
5572
5571
5571
5571
5571
5571
5571
5570
5570
5569
5581
5568
5568
5567
5567
5566
5566
5566
5566
5566
5566
5565
5565
5565
5564
5564
5564
5563
5563
5563
5562
5559
5559
5559
5558
5558
5558
5556
5555
5555
5554
5553
5552
5551
5550
5549
5548
5547
5547
5546
5545
5551
5544
5544
5544
5543
5543
5542
5542
5541
5539
5539
5538
5538
5538
5537
5554
5537
5535
5535
5534
5533
5532
5532
5532
5531
5531
5530
5530
5530
5530
5529
5529
5529
5529
5528
5528
5528
5528
5527
5527
5527
5527
5526
5525
5524
5523
5522
5522
5522
5520
5519
5519
5518
5518
5517
5516
5515
5515
5515
5513
5513
5512
5511
5511
5511
5510
5532
5508
5506
5504
5504
5504
5504
5502
5518
5502
5502
5502
5500
5499
5499
5499
5499
5498
5498
5498
5511
5497
5496
5496
5496
5495
5495
5494
5494
5493
5493
5493
5493
5492
5494
5491
5490
5508
5490
5489
5488
5488
5488
5488
5487
5487
5487
5487
5487
5487
5486
5486
5485
5485
5484
5484
5484
5483
5483
5483
5482
5481
5481
5480
5480
5480
5480
5479
5478
5476
5476
5476
5475
5473
5472
5472
5472
5472
5472
5470
5470
5470
5468
5467
5467
5466
5466
5466
5466
5465
5465
5464
5464
5463
5471
5463
5462
5462
5460
5460
5459
5459
5458
5457
5457
5454
5454
5454
5454
5452
5452
5451
5451
5450
5449
5449
5449
5448
5448
5448
5447
5449
5446
5446
5446
5443
5443
5442
5442
5442
5441
5440
5440
5439
5439
5439
5439
5439
5439
5439
5438
5446
5437
5437
5437
5435
5435
5435
5435
5434
5433
5433
5432
5431
5431
5431
5446
5430
5429
5429
5428
5428
5427
5427
5427
5427
5426
5426
5425
5425
5425
5425
5424
5424
5422
5422
5422
5421
5421
5418
5418
5418
5417
5415
5414
5412
5412
5412
5412
5411
5411
5410
5410
5410
5410
5410
5409
5408
5407
5407
5406
5406
5406
5406
5430
5404
5404
5404
5403
5403
5402
5402
5402
5402
5402
5401
5401
5401
5420
5399
5399
5398
5398
5397
5396
5395
5395
5395
5394
5394
5394
5394
5392
5391
5412
5391
5391
5390
5389
5389
5389
5387
5424
5384
5383
5382
5382
5380
5379
5378
5378
5378
5377
5377
5376
5375
5375
5374
5374
5374
5374
5373
5372
5372
5372
5372
5371
5371
5371
5369
5369
5368
5367
5367
5374
5365
5364
5363
5363
5363
5362
5361
5361
5361
5360
5360
5360
5366
5358
5357
5357
5355
5354
5354
5371
5354
5354
5352
5352
5351
5351
5351
5350
5350
5350
5348
5348
5348
5348
5347
5346
5346
5346
5345
5344
5344
5344
5343
5343
5343
5344
5342
5341
5340
5340
5339
5339
5338
5337
5336
5336
5336
5335
5335
5335
5335
5334
5334
5334
5333
5333
5333
5332
5330
5330
5329
5329
5328
5327
5326
5324
5323
5322
5321
5320
5320
5319
5319
5318
5318
5317
5316
5315
5315
5313
5312
5312
5312
5311
5310
5310
5309
5308
5308
5308
5308
5308
5308
5307
5307
5307
5306
5306
5306
5305
5305
5303
5303
5303
5335
5303
5302
5301
5300
5300
5299
5299
5298
5297
5296
5295
5295
5295
5295
5295
5294
5294
5293
5293
5293
5293
5293
5293
5290
5289
5289
5286
5286
5285
5285
5284
5284
5283
5308
5282
5282
5282
5282
5282
5281
5280
5280
5280
5280
5280
5280
5279
5279
5277
5276
5276
5275
5275
5275
5274
5274
5274
5274
5272
5270
5270
5270
5270
5269
5269
5269
5267
5266
5266
5264
5264
5263
5263
5263
5262
5262
5261
5261
5261
5261
5260
5260
5259
5258
5258
5257
5256
5255
5255
5255
5255
5254
5254
5253
5252
5252
5252
5252
5252
5251
5251
5250
5249
5264
5248
5247
5247
5245
5245
5244
5244
5243
5243
5242
5242
5242
5241
5241
5241
5241
5241
5240
5240
5240
5240
5240
5239
5239
5238
5238
5237
5236
5235
5234
5234
5234
5234
5233
5233
5233
5232
5231
5231
5238
5230
5230
5229
5229
5228
5228
5228
5228
5227
5227
5226
5225
5225
5223
5223
5223
5223
5222
5222
5222
5221
5221
5221
5221
5111
5220
5219
5218
5218
5217
5217
5216
5215
5214
5213
5212
5222
5212
5209
5214
5209
5208
5208
5208
5206
5206
5204
5204
5204
5203
5202
5202
5202
5202
5201
5201
5201
5201
5200
5200
5199
5199
5198
5197
5197
5197
5196
5195
5195
5195
5195
5194
5194
5193
5193
5193
5192
5192
5192
5191
5191
5191
5190
5190
5190
5189
5205
5189
5189
5189
5189
5188
5187
5187
5187
5187
5186
5186
5186
5185
5185
5184
5183
5183
5183
5183
5182
5180
5180
5180
5180
5180
5179
5177
5176
5176
5176
5175
5174
5174
5174
5174
5174
5174
5174
5172
5171
5171
5171
5169
5168
5168
5168
5168
5168
5166
5166
5165
5165
5165
5164
5164
5163
5163
5163
5163
5162
5160
5185
5160
5160
5159
5159
5159
5158
5158
5158
5158
5157
5156
5156
5156
5155
5155
5154
5154
5153
5151
5162
5149
5149
5149
5149
5149
5149
5148
5144
5143
5143
5140
5139
5139
5138
5138
5138
5138
5137
5137
5136
5136
5136
5135
5135
5135
5134
5134
5133
5132
5132
5132
5132
5131
5131
5131
5131
5131
5130
5130
5130
5130
5130
5129
5129
5128
5128
5127
5127
5127
5126
5125
5125
5125
5125
5125
5124
5124
5123
5123
5123
5121
5121
5121
5120
5118
5116
5115
5114
5112
5112
5110
5110
5109
5108
5108
5106
5106
5106
5106
5106
5105
5106
5105
5105
5105
5104
5103
5102
5102
5101
5101
5101
5101
5101
5101
5101
5100
5100
5099
5099
5099
5097
5097
5097
5097
5099
5096
5096
5094
5094
5092
5091
5090
5090
5090
5090
5089
5090
5089
5089
5088
5085
5085
5085
5084
5083
5083
5082
5081
5113
5080
5080
5080
5080
5081
5079
5077
5076
5076
5076
5075
5075
5075
5078
5074
5074
5072
5071
5071
5070
5070
5070
5069
5069
5069
5068
5068
5075
5068
5076
5067
5067
5066
5066
5066
5066
5064
5064
5062
5062
5061
5061
5059
5059
5058
5058
5057
5057
5057
5056
5056
5055
5055
5055
5054
5054
5054
5054
5054
5053
5051
5051
5051
5050
5050
5049
5048
5047
5046
5045
5045
5044
5044
5071
5043
5042
5042
5042
5040
5040
5040
5039
5039
5039
5038
5049
5037
5037
5036
5036
5036
5034
5033
5033
5033
5032
5032
5032
5031
5031
5030
5030
5046
5029
5029
5029
5028
5028
5027
5027
5027
5026
5026
5026
5025
5025
5025
5025
5025
5036
5024
5023
5023
5022
5022
5022
5021
5021
5021
5021
5021
5020
5019
5019
5019
5019
5018
5018
5018
5018
5018
5016
5016
5016
5015
5014
5014
5023
5014
5013
5013
5012
5012
5011
5011
5010
5010
5010
5009
5007
5007
5005
5004
5003
5003
5001
5001
5000
5000
4999
4999
4998
4997
4996
4996
4996
4994
4994
4993
4993
4993
4993
4992
4992
4992
4992
4991
4991
4991
5015
4990
4990
4989
4989
4988
4987
4987
4986
4986
4986
4985
4985
4985
4984
4984
4982
4981
4994
4981
4981
4981
4980
4980
4980
4980
4979
4979
4979
4978
4997
4977
4977
4977
4977
4975
4975
4975
4973
4973
4973
4972
4972
4970
4970
4970
4969
4969
4969
4969
4968
4968
4973
4967
4965
4965
4965
4964
4962
4962
4981
4960
4960
4959
4959
4958
4956
4955
4955
4955
4955
4954
4954
4953
4952
4952
4951
4951
4950
4950
4957
4950
4949
4949
4949
4948
4948
4947
4947
4963
4946
4946
4946
4945
4945
4945
4945
4944
4944
4943
4943
4943
4943
4942
4942
4941
4941
4941
4941
4941
4940
4938
4937
4937
4937
4937
4936
4953
4936
4936
4935
4934
4932
4931
4931
4930
4930
4929
4928
4928
4927
4926
4925
4924
4924
4923
4923
4923
4922
4922
4922
4922
4921
4921
4921
4921
4921
4921
4920
4920
4919
4918
4918
4917
4917
4916
4916
4916
4916
4916
4915
4915
4914
4914
4913
4912
4911
4911
4910
4910
4909
4908
4908
4908
4907
4907
4907
4906
4906
4905
4943
4905
4904
4904
4904
4904
4902
4902
4902
4902
4901
4900
4900
4900
4900
4898
4898
4898
4898
4898
4897
4897
4896
4895
4894
4894
4893
4893
4893
4891
4891
4890
4889
4889
4888
4888
4887
4887
4887
4887
4887
4887
4886
4885
4885
4884
4883
4883
4882
4881
4881
4880
4880
4879
4878
4878
4878
4877
4875
4875
4874
4874
4873
4873
4872
4872
4871
4871
4870
4870
4869
4869
4867
4867
4867
4891
4867
4866
4864
4863
4863
4863
4863
4863
4862
4862
4861
4861
4860
4857
4857
4857
4856
4856
4855
4855
4855
4855
4855
4855
4854
4854
4854
4853
4853
4852
4851
4850
4850
4850
4849
4849
4849
4849
4849
4848
4847
4847
4847
4846
4845
4845
4844
4843
4842
4841
4841
4841
4855
4840
4840
4840
4839
4858
4838
4837
4837
4836
4836
4835
4838
4835
4833
4833
4833
4833
4832
4831
4831
4831
4829
4829
4828
4828
4828
4828
4828
4827
4827
4826
4826
4836
4825
4825
4825
4824
4823
4822
4822
4821
4821
4821
4829
4818
4818
4817
4815
4815
4815
4815
4814
4814
4814
4813
4812
4812
4811
4811
4811
4811
4810
4810
4810
4810
4809
4808
4808
4807
4807
4807
4807
4811
4805
4804
4803
4802
4801
4801
4801
4801
4801
4800
4800
4799
4800
4798
4798
4798
4798
4798
4797
4796
4796
4796
4796
4796
4795
4795
4794
4807
4794
4793
4793
4793
4793
4792
4792
4792
4792
4791
4791
4790
4790
4790
4790
4790
4789
4789
4788
4788
4787
4787
4787
4787
4787
4786
4785
4784
4783
4783
4783
4782
4782
4781
4779
4800
4791
4778
4777
4777
4777
4777
4776
4776
4776
4775
4775
4775
4774
4774
4774
4773
4773
4773
4772
4772
4771
4771
4770
4770
4770
4779
4769
4769
4768
4768
4767
4766
4766
4765
4764
4764
4763
4763
4761
4772
4761
4761
4761
4761
4760
4759
4759
4758
4758
4758
4757
4756
4755
4755
4754
4754
4754
4754
4752
4752
4751
4750
4750
4750
4749
4747
4747
4747
4747
4745
4745
4745
4744
4744
4744
4744
4743
4743
4743
4743
4743
4742
4742
4742
4741
4740
4760
4740
4740
4738
4738
4737
4741
4736
4736
4736
4735
4735
4735
4735
4734
4743
4733
4732
4731
4731
4731
4730
4730
4730
4730
4730
4731
4729
4729
4729
4728
4728
4728
4727
4727
4727
4726
4726
4726
4725
4725
4724
4724
4722
4721
4721
4720
4719
4730
4718
4718
4717
4717
4717
4716
4715
4715
4714
4713
4712
4712
4711
4711
4711
4710
4709
4709
4709
4708
4707
4705
4705
4705
4703
4703
4703
4703
4702
4702
4701
4709
4700
4700
4700
4699
4699
4698
4703
4697
4697
4696
4695
4695
4695
4694
4694
4694
4694
4693
4693
4693
4692
4692
4692
4692
4692
4692
4691
4705
4688
4687
4686
4685
4685
4684
4684
4684
4683
4683
4682
4682
4681
4681
4681
4680
4679
4679
4679
4679
4680
4678
4678
4677
4676
4676
4676
4676
4675
4674
4674
4674
4673
4673
4673
4673
4673
4672
4671
4670
4670
4670
4669
4669
4667
4666
4666
4666
4665
4665
4664
4662
4662
4661
4661
4661
4660
4660
4660
4659
4659
4658
4658
4658
4658
4657
4657
4657
4656
4655
4655
4655
4655
4655
4655
4654
4654
4653
4653
4652
4652
4652
4658
4650
4650
4650
4649
4649
4671
4648
4648
4648
4647
4647
4645
4645
4645
4645
4644
4642
4651
4641
4640
4640
4640
4640
4640
4639
4638
4638
4637
4637
4635
4634
4634
4633
4633
4633
4659
4631
4630
4630
4629
4629
4629
4628
4628
4628
4627
4627
4626
4626
4626
4584
4626
4624
4624
4624
4623
4623
4623
4622
4622
4621
4621
4620
4619
4624
4619
4619
4619
4618
4618
4616
4616
4616
4633
4615
4615
4615
4615
4614
4614
4614
4614
4614
4613
4613
4613
4612
4612
4612
4611
4611
4611
4610
4610
4609
4608
4608
4608
4607
4605
4605
4605
4605
4605
4604
4604
4604
4603
4603
4603
4602
4602
4601
4601
4600
4600
4600
4599
4601
4598
4598
4598
4597
4600
4596
4596
4594
4615
4594
4593
4593
4592
4590
4590
4590
4589
4589
4589
4589
4589
4588
4588
4588
4588
4588
4587
4587
4587
4586
4586
4586
4586
4586
4585
4584
4597
4583
4582
4582
4582
4581
4581
4580
4580
4579
4579
4578
4578
4577
4577
4577
4576
4576
4576
4576
4575
4575
4574
4573
4573
4573
4572
4572
4572
4571
4571
4570
4568
4568
4568
4568
4567
4566
4565
4564
4564
4564
4563
4563
4563
4563
4562
4562
4562
4562
4562
4561
4561
4561
4561
4560
4559
4559
4559
4558
4558
4558
4557
4557
4556
4556
4555
4555
4555
4555
4555
4554
4554
4554
4554
4553
4552
4551
4551
4551
4550
4550
4550
4550
4549
4549
4549
4549
4549
4548
4548
4547
4546
4546
4550
4546
4545
4545
4544
4544
4544
4544
4544
4542
4541
4540
4540
4540
4539
4539
4538
4538
4537
4537
4537
4537
4537
4536
4536
4536
4535
4539
4533
4532
4532
4532
4532
4531
4531
4530
4530
4530
4529
4528
4528
4528
4527
4527
4527
4526
4526
4525
4525
4525
4525
4524
4523
4523
4523
4523
4522
4522
4522
4522
4522
4526
4521
4521
4520
4520
4518
4518
4518
4515
4515
4514
4514
4513
4517
4513
4513
4513
4512
4510
4509
4509
4509
4509
4509
4509
4508
4508
4507
4507
4507
4506
4505
4503
4503
4503
4501
4501
4501
4498
4497
4497
4497
4496
4496
4496
4495
4513
4495
4495
4494
4494
4493
4493
4492
4492
4491
4491
4528
4491
4512
4491
4490
4490
4490
4489
4489
4487
4487
4487
4487
4487
4487
4487
4486
4486
4486
4486
4485
4485
4485
4484
4483
4482
4482
4482
4481
4481
4481
4481
4481
4481
4480
4479
4478
4478
4478
4478
4478
4476
4476
4476
4475
4475
4475
4474
4498
4499
4472
4474
4470
4470
4470
4470
4469
4469
4469
4468
4468
4468
4467
4467
4467
4467
4466
4466
4465
4465
4465
4465
4465
4464
4464
4464
4463
4463
4463
4463
4462
4462
4462
4461
4461
4461
4460
4459
4458
4457
4457
4455
4455
4454
4454
4454
4453
4453
4453
4453
4451
4450
4450
4449
4448
4448
4448
4447
4447
4447
4447
4446
4445
4444
4444
4444
4442
4442
4442
4441
4441
4441
4441
4440
4440
4440
4439
4439
4439
4438
4438
4437
4437
4437
4437
4436
4436
4436
4436
4436
4435
4434
4434
4434
4434
4433
4432
4432
4432
4432
4432
4432
4432
4431
4431
4431
4431
4430
4430
4430
4430
4428
4428
4428
4427
4427
4426
4426
4426
4426
4426
4426
4425
4424
4424
4424
4424
4423
4423
4422
4422
4422
4422
4422
4421
4421
4421
4421
4419
4418
4418
4417
4417
4416
4416
4416
4416
4415
4413
4415
4415
4415
4414
4414
4414
4414
4413
4413
4413
4412
4412
4410
4410
4410
4410
4410
4409
4408
4408
4408
4407
4407
4406
4406
4406
4406
4405
4405
4405
4405
4403
4403
4402
4402
4401
4401
4400
4400
4400
4399
4399
4398
4397
4396
4396
4395
4394
4394
4394
4394
4394
4394
4393
4393
4392
4392
4392
4391
4391
4390
4390
4389
4389
4389
4389
4389
4389
4388
4388
4387
4387
4387
4387
4387
4387
4386
4385
4385
4384
4384
4384
4383
4383
4382
4382
4381
4402
4381
4380
4380
4380
4380
4390
4379
4378
4378
4378
4377
4377
4377
4377
4377
4377
4377
4377
4376
4375
4375
4375
4375
4375
4382
4374
4374
4373
4373
4372
4372
4371
4371
4370
4370
4370
4370
4369
4369
4369
4369
4369
4369
4368
4368
4368
4367
4366
4366
4366
4366
4366
4365
4365
4365
4364
4363
4363
4363
4362
4362
4361
4360
4360
4359
4359
4359
4359
4358
4358
4358
4358
4358
4357
4356
4356
4355
4355
4355
4354
4354
4353
4353
4353
4353
4351
4351
4351
4350
4349
4343
4348
4348
4348
4347
4347
4347
4347
4347
4346
4346
4346
4382
4344
4343
4342
4341
4340
4340
4339
4339
4339
4338
4338
4337
4336
4336
4336
4336
4335
4335
4335
4334
4334
4334
4334
4340
4333
4333
4332
4332
4331
4331
4331
4330
4330
4329
4329
4329
4328
4328
4327
4327
4326
4326
4326
4326
4325
4324
4324
4324
4324
4323
4322
4322
4322
4322
4321
4321
4321
4321
4321
4321
4321
4321
4321
4320
4320
4319
4319
4319
4319
4319
4318
4317
4316
4316
4316
4316
4322
4315
4315
4314
4312
4312
4312
4311
4311
4311
4310
4310
4310
4310
4309
4309
4309
4308
4308
4308
4307
4307
4307
4307
4306
4306
4305
4304
4312
4303
4303
4303
4303
4303
4302
4302
4302
4302
4301
4301
4301
4300
4300
4300
4299
4299
4299
4298
4297
4296
4295
4294
4294
4294
4294
4294
4294
4294
4291
4291
4291
4291
4291
4290
4290
4289
4288
4288
4288
4288
4286
4286
4286
4284
4284
4284
4284
4283
4283
4282
4282
4282
4282
4282
4281
4280
4280
4280
4279
4279
4279
4279
4278
4278
4277
4277
4277
4276
4276
4276
4276
4276
4276
4275
4275
4275
4274
4274
4273
4272
4272
4272
4272
4271
4271
4270
4270
4270
4269
4269
4269
4267
4267
4266
4266
4265
4264
4263
4263
4263
4263
4262
4262
4262
4261
4261
4261
4261
4260
4259
4259
4259
4257
4256
4256
4256
4256
4256
4255
4254
4254
4253
4253
4253
4253
4253
4252
4252
4252
4251
4251
4250
4250
4249
4249
4257
4247
4247
4247
4247
4247
4246
4246
4246
4245
4245
4245
4245
4244
4244
4244
4244
4243
4242
4242
4242
4241
4241
4240
4240
4239
4248
4238
4237
4237
4237
4237
4237
4236
4236
4236
4235
4235
4235
4234
4234
4234
4233
4233
4233
4232
4232
4232
4231
4231
4231
4230
4230
4230
4230
4229
4235
4229
4229
4229
4236
4228
4225
4225
4225
4225
4225
4225
4224
4223
4223
4223
4223
4222
4222
4222
4222
4221
4221
4221
4221
4220
4220
4220
4220
4220
4220
4219
4219
4218
4218
4166
4217
4217
4217
4216
4216
4216
4215
4215
4215
4215
4215
4214
4214
4214
4214
4211
4210
4210
4209
4209
4208
4208
4208
4208
4210
4206
4205
4205
4205
4204
4204
4204
4203
4203
4203
4203
4202
4202
4202
4201
4200
4200
4200
4199
4198
4198
4198
4197
4197
4197
4197
4233
4196
4195
4195
4195
4194
4194
4194
4194
4194
4194
4193
4193
4192
4192
4192
4192
4192
4191
4191
4191
4209
4190
4190
4189
4189
4189
4188
4188
4188
4188
4188
4188
4188
4188
4188
4187
4187
4186
4186
4186
4185
4184
4184
4184
4184
4183
4183
4182
4182
4182
4181
4181
4181
4181
4181
4180
4180
4179
4179
4179
4179
4179
4179
4179
4178
4178
4178
4178
4177
4176
4176
4176
4176
4176
4175
4174
4174
4174
4174
4174
4174
4173
4173
4173
4173
4172
4172
4171
4171
4170
4170
4170
4169
4169
4169
4168
4168
4167
4167
4167
4166
4166
4166
4166
4166
4166
4165
4165
4164
4164
4163
4163
4163
4162
4161
4161
4161
4161
4160
4164
4160
4160
4160
4160
4159
4159
4159
4158
4158
4158
4158
4157
4157
4157
4157
4156
4156
4156
4155
4155
4155
4155
4155
4154
4154
4154
4153
4153
4153
4153
4153
4152
4152
4152
4152
4152
4152
4151
4151
4150
4149
4149
4149
4148
4147
4147
4147
4147
4145
4145
4145
4155
4144
4143
4143
4143
4142
4142
4142
4141
4141
4140
4139
4139
4139
4143
4138
4137
4137
4137
4137
4137
4136
4136
4135
4134
4133
4133
4132
4132
4132
4140
4145
4131
4131
4131
4130
4130
4130
4130
4129
4129
4129
4129
4129
4128
4128
4128
4127
4127
4127
4127
4127
4127
4126
4126
4126
4125
4125
4124
4124
4124
4124
4123
4123
4123
4122
4122
4122
4122
4121
4121
4121
4121
4120
4120
4120
4119
4119
4119
4119
4119
4119
4118
4118
4118
4118
4118
4118
4117
4117
4115
4115
4115
4114
4114
4114
4114
4114
4113
4113
4112
4111
4110
4110
4110
4110
4110
4110
4109
4109
4108
4108
4108
4108
4107
4106
4106
4106
4105
4105
4104
4104
4103
4102
4102
4101
4101
4101
4100
4100
4099
4098
4097
4097
4097
4097
4097
4096
4095
4095
4095
4095
4094
4094
4094
4094
4093
4092
4092
4092
4092
4092
4091
4091
4091
4091
4098
4089
4088
4088
4087
4115
4087
4086
4085
4085
4085
4085
4085
4084
4084
4084
4084
4084
4084
4084
4083
4083
4083
4083
4083
4083
4082
4082
4082
4082
4081
4081
4081
4081
4080
4080
4080
4080
4080
4079
4079
4079
4079
4078
4078
4078
4078
4077
4077
4077
4105
4076
4076
4075
4075
4074
4073
4073
4073
4072
4094
4072
4071
4071
4071
4071
4071
4070
4070
4070
4070
4069
4069
4069
4068
4068
4068
4068
4067
4067
4067
4066
4066
4066
4066
4066
4065
4065
4065
4065
4065
4064
4064
4063
4063
4063
4062
4062
4062
4062
4061
4061
4060
4060
4059
4059
4059
4059
4059
4058
4058
4058
4058
4058
4057
4057
4068
4057
4057
4056
4055
4055
4055
4055
4055
4055
4054
4054
4054
4054
4053
4053
4052
4052
4052
4051
4063
4050
4050
4050
4049
4049
4048
4048
4048
4048
4048
4062
4047
4047
4046
4046
4046
4046
4046
4045
4069
4045
4044
4044
4054
4044
4044
4044
4043
4043
4043
4042
4042
4042
4041
4039
4039
4039
4039
4038
4038
4038
4037
4037
4037
4037
4037
4056
4035
4035
4035
4034
4034
4033
4033
4033
4033
4033
4033
4032
4032
4032
4032
4032
4031
4031
4031
4031
4030
4030
4030
4029
4029
4029
4029
4029
4028
4028
4028
4028
4043
4027
4027
4027
4024
4024
4024
4041
4023
4023
4022
4021
4021
4021
4021
4021
4021
4020
4020
4020
4020
4019
4019
4019
4018
4017
4017
4017
4015
4015
4020
4015
4014
4014
4014
4019
4013
4013
4013
4013
4013
4011
4036
4011
4010
4029
4009
4009
4033
4008
4008
4008
4008
4007
4007
4007
4007
4007
4006
4005
4005
4004
4003
4003
4003
4002
4001
4001
4000
4000
4000
4000
3999
3998
3998
3888
3998
3996
3996
3996
3996
3996
3995
3995
3995
3995
3994
3994
3994
3993
3991
3991
3991
3991
3989
3989
3988
3988
3988
3988
3988
3988
3986
3986
3986
3985
3985
3984
3984
3983
3983
3983
3982
3982
3982
3982
3981
3981
3981
3980
3980
3979
3979
3979
3978
3977
3977
3977
3977
3976
3975
3975
3975
3975
3973
3973
3973
3972
3972
3989
3972
3972
3971
3971
3971
3970
3970
3970
3969
3969
3968
3968
3968
3968
3978
3967
3966
3966
3966
3966
3965
3965
3964
3964
3963
3963
3963
3963
3963
3962
3962
3962
3961
3961
3960
3960
3960
3959
3959
3959
3958
3958
3957
3957
3957
3957
3967
3956
3955
3954
3954
3954
3954
3954
3953
3952
3952
3952
3952
3951
3951
3951
3951
3951
3951
3950
3950
3950
3949
3949
3949
3949
3949
3949
3948
3948
3948
3948
3948
3948
3963
3947
3946
3946
3946
3946
3945
3944
3944
3943
3942
3942
3942
3942
3941
3941
3941
3940
3939
3938
3938
3937
3937
3937
3937
3936
3935
3935
3935
3935
3934
3934
3934
3934
3934
3934
3934
3933
3933
3933
3953
3932
3932
3932
3930
3930
3930
3929
3929
3929
3929
3929
3928
3928
3928
3928
3927
3927
3927
3927
3927
3926
3925
3925
3924
3934
3923
3923
3923
3922
3922
3922
3935
3921
3921
3921
3921
3921
3920
3920
3920
3920
3920
3920
3919
3919
3919
3919
3918
3928
3917
3917
3916
3915
3915
3915
3914
3914
3914
3914
3914
3914
3914
3913
3913
3912
3911
3911
3932
3911
3910
3910
3920
3909
3909
3909
3933
3907
3907
3907
3907
3907
3906
3906
3906
3905
3905
3927
3905
3922
3904
3904
3904
3903
3903
3903
3902
3902
3902
3901
3901
3901
3900
3900
3899
3899
3899
3899
3898
3898
3898
3898
3898
3898
3897
3897
3897
3897
3897
3896
3896
3896
3896
3895
3894
3894
3894
3894
3893
3892
3892
3892
3892
3891
3891
3891
3891
3891
3891
3890
3890
3890
3890
3889
3888
3887
3887
3886
3886
3886
3886
3885
3885
3885
3885
3885
3884
3884
3883
3883
3883
3883
3883
3882
3882
3881
3880
3880
3880
3880
3879
3879
3885
3879
3879
3878
3878
3878
3878
3878
3875
3875
3874
3874
3874
3874
3874
3874
3874
3873
3871
3871
3871
3871
3871
3870
3870
3870
3869
3869
3869
3869
3869
3868
3868
3868
3868
3868
3867
3867
3866
3866
3866
3866
3866
3865
3860
3865
3864
3863
3863
3863
3862
3862
3862
3861
3861
3861
3860
3883
3860
3860
3860
3860
3859
3859
3858
3858
3858
3858
3858
3858
3858
3857
3857
3857
3857
3856
3856
3856
3856
3855
3855
3855
3855
3854
3853
3853
3853
3853
3853
3852
3851
3851
3850
3850
3850
3849
3849
3849
3847
3847
3847
3847
3847
3847
3846
3846
3846
3845
3844
3844
3844
3843
3843
3843
3843
3843
3842
3842
3841
3841
3841
3841
3840
3840
3839
3838
3838
3838
3838
3838
3863
3840
3837
3837
3837
3836
3836
3836
3836
3836
3835
3835
3835
3835
3835
3835
3833
3833
3833
3833
3833
3831
3831
3830
3830
3830
3829
3829
3829
3829
3828
3828
3828
3828
3827
3829
3827
3827
3826
3826
3826
3826
3825
3825
3830
3825
3825
3824
3824
3824
3824
3823
3822
3822
3822
3830
3822
3821
3821
3821
3821
3821
3821
3819
3819
3819
3819
3819
3818
3818
3818
3817
3817
3817
3817
3817
3817
3816
3815
3814
3813
3811
3811
3811
3810
3810
3810
3810
3810
3810
3810
3809
3809
3808
3808
3807
3807
3807
3807
3806
3806
3805
3805
3805
3804
3804
3804
3804
3804
3803
3803
3803
3803
3802
3802
3802
3802
3801
3801
3801
3800
3802
3799
3798
3798
3797
3797
3797
3796
3796
3805
3795
3803
3794
3794
3800
3794
3793
3792
3791
3791
3791
3790
3790
3790
3789
3789
3789
3810
3788
3788
3788
3787
3787
3787
3787
3786
3804
3786
3786
3786
3785
3785
3785
3785
3785
3784
3784
3784
3784
3784
3783
3783
3783
3783
3783
3782
3782
3782
3782
3781
3781
3781
3781
3780
3780
3780
3780
3780
3779
3779
3779
3779
3779
3779
3778
3778
3777
3777
3776
3776
3776
3776
3776
3775
3775
3775
3775
3775
3774
3774
3774
3774
3774
3773
3773
3773
3773
3773
3772
3772
3771
3771
3771
3771
3771
3771
3771
3771
3770
3770
3778
3769
3769
3769
3771
3768
3768
3789
3768
3768
3768
3767
3767
3767
3767
3766
3766
3766
3766
3766
3766
3765
3765
3766
3765
3765
3765
3764
3764
3764
3776
3764
3763
3762
3762
3762
3762
3761
3761
3761
3761
3760
3760
3760
3759
3759
3758
3758
3758
3758
3757
3757
3757
3757
3757
3757
3757
3756
3756
3774
3756
3756
3756
3755
3755
3755
3754
3754
3753
3753
3753
3752
3752
3752
3755
3751
3751
3750
3749
3749
3749
3749
3749
3749
3749
3748
3748
3748
3747
3775
3747
3747
3747
3746
3746
3746
3745
3745
3745
3745
3745
3744
3744
3744
3744
3743
3741
3741
3741
3741
3741
3741
3741
3740
3740
3740
3739
3739
3738
3738
3738
3738
3738
3738
3737
3737
3737
3737
3737
3736
3736
3736
3736
3736
3736
3736
3735
3735
3735
3735
3734
3733
3746
3733
3733
3732
3732
3732
3732
3731
3731
3731
3731
3731
3730
3730
3729
3729
3729
3728
3733
3748
3728
3728
3727
3727
3727
3727
3727
3727
3727
3726
3729
3733
3726
3726
3726
3725
3725
3725
3724
3724
3724
3723
3723
3723
3723
3723
3723
3723
3723
3722
3722
3723
3722
3721
3719
3719
3748
3719
3719
3718
3718
3718
3717
3717
3717
3716
3716
3715
3714
3714
3714
3714
3714
3713
3713
3713
3712
3712
3712
3712
3711
3711
3711
3711
3711
3710
3710
3710
3710
3710
3709
3711
3707
3707
3707
3707
3707
3707
3706
3706
3706
3705
3705
3705
3704
3704
3704
3704
3703
3703
3702
3702
3702
3700
3700
3700
3700
3699
3699
3699
3699
3698
3698
3698
3697
3697
3697
3697
3697
3696
3695
3695
3695
3695
3694
3694
3694
3694
3693
3693
3693
3693
3692
3692
3691
3691
3691
3691
3691
3692
3691
3691
3690
3690
3689
3689
3689
3688
3688
3687
3687
3686
3686
3691
3685
3685
3685
3685
3696
3684
3684
3684
3684
3683
3683
3683
3683
3683
3682
3682
3681
3681
3681
3681
3681
3680
3680
3680
3680
3696
3678
3678
3677
3677
3676
3676
3676
3675
3675
3675
3674
3674
3674
3674
3674
3674
3672
3672
3672
3607
3672
3672
3671
3671
3671
3671
3671
3671
3670
3670
3670
3670
3670
3668
3668
3667
3667
3666
3666
3666
3666
3665
3665
3665
3665
3665
3665
3665
3664
3663
3663
3663
3662
3662
3662
3662
3662
3662
3662
3666
3661
3660
3660
3660
3659
3659
3659
3674
3659
3658
3658
3658
3657
3657
3657
3657
3657
3657
3656
3656
3656
3656
3656
3656
3655
3655
3655
3655
3655
3655
3654
3674
3654
3654
3653
3653
3653
3653
3653
3653
3652
3652
3652
3652
3651
3651
3651
3651
3650
3650
3650
3650
3650
3649
3649
3649
3648
3648
3647
3647
3647
3646
3646
3646
3646
3645
3645
3644
3644
3644
3644
3644
3644
3643
3643
3643
3643
3642
3642
3642
3642
3641
3641
3641
3641
3640
3655
3640
3640
3639
3639
3639
3638
3638
3638
3638
3638
3638
3638
3638
3637
3637
3637
3637
3643
3635
3635
3635
3635
3634
3634
3634
3634
3634
3633
3632
3632
3632
3632
3631
3630
3630
3630
3629
3629
3629
3629
3629
3628
3645
3628
3627
3637
3627
3626
3626
3626
3626
3626
3626
3647
3625
3625
3625
3625
3625
3625
3624
3624
3624
3624
3623
3623
3623
3623
3622
3622
3622
3622
3621
3621
3621
3620
3620
3619
3619
3619
3619
3619
3618
3618
3618
3618
3618
3617
3617
3617
3617
3616
3616
3615
3622
3615
3614
3614
3614
3614
3614
3614
3614
3614
3613
3613
3611
3611
3611
3611
3610
3610
3610
3610
3608
3616
3608
3608
3607
3607
3606
3606
3606
3605
3605
3605
3605
3604
3604
3604
3604
3604
3604
3604
3603
3603
3603
3603
3602
3602
3601
3601
3601
3600
3600
3600
3600
3600
3600
3600
3600
3600
3599
3599
3599
3598
3598
3598
3598
3598
3598
3598
3598
3598
3598
3597
3597
3597
3597
3596
3596
3596
3596
3595
3594
3594
3594
3594
3593
3593
3592
3592
3591
3591
3591
3591
3590
3590
3590
3589
3589
3588
3588
3588
3588
3587
3587
3587
3587
3587
3587
3587
3587
3586
3586
3586
3585
3585
3584
3584
3584
3583
3583
3582
3582
3582
3581
3581
3581
3581
3581
3580
3580
3583
3579
3579
3579
3579
3579
3579
3579
3578
3577
3584
3577
3577
3577
3576
3576
3576
3576
3576
3575
3575
3575
3575
3575
3574
3574
3574
3574
3574
3574
3574
3574
3573
3572
3572
3572
3572
3572
3572
3572
3571
3571
3571
3571
3570
3570
3570
3570
3569
3569
3568
3568
3568
3567
3567
3567
3567
3566
3566
3566
3565
3565
3565
3565
3565
3565
3564
3564
3564
3564
3563
3563
3563
3563
3563
3562
3561
3561
3560
3560
3560
3560
3559
3559
3559
3559
3559
3558
3558
3594
3558
3558
3557
3556
3556
3556
3556
3556
3556
3555
3555
3555
3555
3554
3553
3557
3553
3553
3553
3552
3552
3564
3551
3551
3551
3550
3549
3549
3549
3549
3548
3547
3547
3547
3547
3547
3546
3546
3546
3546
3545
3545
3545
3545
3545
3545
3544
3544
3544
3543
3543
3555
3566
3541
3541
3541
3541
3541
3540
3540
3540
3539
3538
3538
3538
3538
3538
3540
3537
3536
3535
3535
3535
3535
3535
3534
3534
3534
3534
3534
3532
3532
3532
3532
3530
3530
3530
3530
3530
3529
3528
3528
3527
3527
3527
3527
3527
3526
3525
3525
3541
3525
3524
3524
3524
3523
3523
3523
3522
3522
3539
3522
3522
3521
3521
3521
3520
3520
3520
3520
3520
3519
3519
3519
3518
3517
3517
3517
3517
3517
3516
3516
3516
3516
3516
3516
3516
3515
3515
3515
3515
3514
3514
3514
3514
3513
3513
3512
3512
3512
3512
3512
3511
3511
3511
3511
3511
3511
3511
3511
3510
3510
3510
3510
3510
3510
3510
3510
3510
3509
3509
3509
3508
3508
3508
3507
3506
3506
3506
3506
3506
3505
3505
3504
3504
3504
3504
3504
3503
3503
3503
3503
3503
3503
3503
3502
3502
3502
3502
3502
3502
3502
3501
3499
3499
3499
3499
3499
3499
3498
3498
3498
3498
3497
3497
3497
3497
3496
3496
3496
3496
3495
3495
3495
3495
3495
3495
3494
3494
3494
3493
3493
3493
3493
3493
3493
3493
3492
3492
3492
3492
3491
3491
3491
3491
3491
3491
3490
3490
3489
3489
3489
3489
3489
3489
3489
3488
3488
3488
3487
3487
3487
3487
3486
3486
3486
3486
3486
3486
3485
3485
3485
3485
3485
3485
3484
3484
3484
3483
3483
3483
3483
3482
3482
3482
3481
3481
3481
3481
3481
3480
3480
3480
3480
3480
3480
3480
3480
3479
3479
3479
3479
3478
3478
3478
3478
3478
3478
3477
3477
3476
3476
3476
3475
3474
3474
3474
3474
3474
3474
3474
3474
3473
3473
3473
3472
3472
3471
3471
3470
3470
3470
3469
3469
3469
3468
3468
3468
3468
3468
3468
3467
3467
3467
3466
3466
3466
3475
3466
3465
3465
3465
3464
3464
3464
3464
3464
3479
3463
3463
3463
3463
3463
3462
3462
3462
3462
3462
3462
3461
3461
3461
3461
3461
3460
3460
3460
3460
3459
3459
3459
3459
3458
3458
3458
3458
3458
3458
3457
3457
3456
3456
3456
3456
3456
3456
3456
3456
3456
3456
3455
3455
3455
3455
3454
3454
3453
3453
3453
3453
3452
3452
3452
3451
3451
3451
3450
3450
3450
3450
3450
3449
3448
3448
3448
3448
3447
3471
3447
3447
3447
3467
3447
3447
3446
3446
3446
3446
3446
3446
3446
3445
3444
3444
3444
3444
3444
3443
3443
3443
3442
3442
3442
3441
3441
3441
3441
3441
3441
3440
3440
3439
3438
3438
3438
3438
3437
3437
3436
3436
3436
3436
3435
3435
3435
3435
3434
3434
3434
3433
3433
3433
3433
3433
3432
3432
3431
3431
3431
3431
3431
3430
3430
3430
3430
3430
3429
3429
3428
3428
3428
3428
3428
3427
3427
3427
3427
3427
3427
3427
3426
3426
3426
3425
3425
3424
3424
3424
3424
3424
3424
3423
3423
3423
3423
3422
3422
3421
3421
3421
3420
3420
3420
3420
3420
3419
3419
3419
3419
3419
3418
3418
3418
3409
3417
3417
3417
3416
3416
3416
3416
3416
3416
3416
3415
3415
3415
3414
3414
3414
3414
3413
3413
3412
3412
3412
3412
3412
3412
3411
3411
3411
3410
3410
3409
3409
3409
3409
3408
3408
3407
3406
3406
3406
3406
3406
3405
3405
3405
3404
3404
3404
3404
3404
3404
3403
3403
3402
3402
3402
3402
3402
3401
3401
3400
3400
3400
3400
3400
3400
3412
3399
3399
3289
3399
3399
3398
3398
3398
3398
3398
3398
3398
3398
3397
3397
3396
3396
3396
3395
3412
3395
3395
3394
3419
3394
3394
3394
3394
3393
3393
3393
3393
3392
3392
3392
3392
3391
3391
3391
3391
3390
3390
3390
3390
3391
3389
3388
3388
3388
3388
3388
3388
3388
3388
3387
3387
3387
3387
3387
3386
3386
3386
3386
3386
3385
3385
3385
3385
3385
3385
3385
3384
3384
3384
3383
3383
3383
3383
3383
3383
3382
3382
3382
3382
3382
3382
3416
3381
3381
3381
3381
3381
3381
3381
3381
3381
3380
3380
3380
3380
3379
3379
3379
3379
3379
3379
3379
3379
3378
3378
3377
3377
3377
3376
3376
3376
3375
3375
3375
3375
3374
3374
3374
3373
3373
3373
3373
3373
3373
3372
3372
3372
3372
3372
3372
3391
3372
3372
3371
3371
3371
3371
3370
3374
3370
3370
3370
3370
3369
3369
3369
3369
3369
3369
3369
3369
3368
3368
3368
3367
3367
3367
3367
3367
3367
3367
3366
3366
3366
3366
3366
3366
3366
3367
3365
3364
3364
3364
3364
3364
3364
3364
3363
3363
3362
3362
3362
3362
3362
3361
3360
3360
3360
3360
3360
3369
3360
3359
3359
3359
3359
3359
3358
3358
3358
3358
3357
3357
3357
3356
3356
3356
3356
3356
3356
3356
3356
3355
3355
3355
3355
3355
3355
3355
3354
3354
3354
3353
3353
3353
3351
3351
3350
3350
3350
3350
3350
3350
3350
3350
3350
3349
3349
3349
3349
3348
3347
3347
3347
3347
3347
3347
3347
3347
3346
3346
3346
3346
3346
3345
3344
3343
3343
3342
3342
3342
3342
3362
3341
3341
3340
3340
3340
3340
3340
3340
3339
3339
3339
3339
3339
3339
3339
3339
3339
3339
3338
3338
3338
3338
3338
3337
3337
3337
3336
3336
3336
3336
3335
3335
3335
3351
3334
3334
3334
3334
3334
3333
3333
3333
3333
3332
3332
3332
3332
3332
3332
3331
3331
3331
3330
3330
3330
3330
3330
3330
3330
3329
3329
3329
3329
3329
3329
3329
3328
3328
3328
3327
3327
3327
3327
3327
3327
3327
3327
3327
3326
3326
3325
3324
3324
3324
3324
3324
3324
3323
3323
3337
3323
3323
3323
3323
3323
3323
3323
3323
3323
3322
3322
3322
3322
3321
3321
3320
3320
3320
3320
3319
3319
3319
3319
3319
3319
3318
3318
3318
3317
3317
3317
3317
3316
3316
3316
3316
3316
3316
3316
3316
3316
3315
3315
3315
3315
3315
3315
3314
3314
3314
3313
3313
3313
3313
3312
3312
3312
3312
3311
3311
3311
3311
3312
3310
3310
3310
3309
3309
3309
3309
3309
3308
3307
3307
3307
3307
3307
3306
3306
3306
3305
3305
3305
3305
3304
3304
3304
3303
3303
3303
3303
3303
3302
3302
3302
3302
3301
3301
3301
3301
3301
3284
3300
3299
3299
3298
3298
3298
3298
3297
3297
3297
3297
3296
3296
3295
3295
3295
3294
3294
3294
3294
3293
3292
3292
3292
3292
3291
3291
3290
3290
3290
3290
3290
3290
3290
3290
3290
3290
3289
3289
3289
3289
3289
3289
3288
3288
3288
3288
3287
3287
3287
3287
3286
3286
3286
3285
3285
3285
3285
3285
3285
3285
3285
3284
3284
3284
3284
3284
3284
3283
3283
3283
3283
3282
3282
3281
3280
3280
3280
3280
3280
3280
3279
3278
3278
3278
3277
3277
3277
3277
3277
3276
3289
3276
3276
3276
3276
3275
3275
3275
3275
3275
3275
3275
3275
3274
3274
3273
3273
3273
3273
3273
3273
3272
3272
3272
3272
3272
3272
3271
3271
3270
3270
3269
3269
3269
3269
3269
3268
3268
3267
3267
3267
3267
3267
3267
3266
3266
3275
3266
3266
3266
3266
3265
3265
3265
3265
3265
3264
3264
3264
3264
3264
3264
3263
3263
3263
3262
3262
3262
3261
3261
3261
3261
3261
3260
3260
3260
3260
3260
3260
3260
3279
3259
3259
3259
3259
3259
3259
3259
3258
3258
3257
3257
3257
3257
3256
3256
3256
3255
3255
3255
3255
3255
3255
3254
3254
3254
3253
3253
3253
3253
3253
3252
3251
3251
3251
3251
3251
3250
3250
3250
3249
3249
3249
3249
3249
3248
3248
3248
3248
3248
3248
3247
3247
3247
3247
3246
3246
3246
3246
3245
3245
3245
3245
3245
3245
3244
3244
3244
3244
3243
3243
3243
3243
3242
3242
3242
3241
3241
3241
3240
3240
3239
3239
3239
3239
3238
3237
3237
3237
3236
3236
3254
3235
3235
3235
3235
3235
3235
3234
3234
3234
3234
3234
3233
3233
3233
3233
3233
3233
3233
3233
3233
3233
3233
3233
3233
3232
3232
3232
3232
3232
3232
3231
3231
3231
3230
3230
3230
3230
3229
3229
3228
3228
3228
3228
3227
3227
3227
3227
3227
3227
3227
3226
3226
3226
3226
3226
3226
3225
3225
3225
3224
3223
3223
3223
3223
3223
3223
3223
3223
3225
3222
3222
3222
3222
3221
3221
3221
3221
3221
3220
3220
3220
3220
3220
3220
3219
3219
3219
3219
3219
3219
3218
3217
3217
3217
3217
3216
3216
3216
3215
3215
3215
3215
3215
3214
3214
3214
3214
3224
3213
3213
3212
3212
3212
3212
3212
3212
3212
3211
3211
3211
3211
3211
3211
3211
3211
3211
3210
3210
3210
3210
3210
3210
3210
3209
3209
3209
3209
3209
3209
3208
3208
3208
3207
3207
3207
3206
3206
3206
3206
3205
3205
3205
3205
3204
3204
3204
3204
3204
3203
3203
3203
3203
3202
3202
3202
3202
3201
3204
3201
3201
3201
3200
3200
3200
3200
3200
3200
3199
3199
3199
3199
3199
3199
3199
3199
3199
3198
3198
3198
3198
3198
3198
3198
3197
3197
3196
3196
3196
3196
3196
3196
3195
3195
3206
3195
3195
3194
3193
3193
3193
3193
3193
3193
3193
3193
3192
3192
3192
3192
3201
3191
3191
3191
3190
3190
3190
3190
3190
3190
3189
3189
3189
3189
3189
3188
3188
3188
3188
3187
3187
3187
3187
3187
3187
3187
3187
3187
3186
3186
3186
3185
3185
3185
3185
3184
3184
3184
3183
3183
3183
3183
3183
3182
3182
3181
3181
3181
3181
3181
3181
3180
3180
3180
3179
3179
3179
3179
3179
3179
3179
3178
3178
3178
3178
3178
3177
3177
3177
3177
3177
3177
3177
3176
3176
3176
3176
3175
3175
3175
3175
3175
3175
3174
3174
3174
3174
3174
3174
3173
3173
3173
3172
3172
3172
3172
3172
3172
3175
3172
3172
3171
3171
3171
3171
3170
3170
3170
3170
3170
3170
3170
3170
3170
3169
3169
3169
3169
3167
3167
3167
3167
3167
3167
3167
3166
3166
3166
3165
3165
3165
3165
3165
3165
3164
3164
3164
3164
3164
3163
3163
3162
3162
3162
3162
3162
3162
3162
3162
3161
3161
3161
3160
3160
3160
3160
3160
3160
3160
3159
3159
3159
3159
3159
3158
3158
3158
3157
3157
3157
3105
3156
3156
3156
3156
3156
3156
3156
3155
3155
3155
3155
3155
3154
3154
3154
3154
3154
3153
3153
3153
3153
3153
3152
3152
3152
3152
3152
3152
3152
3152
3151
3151
3151
3151
3150
3149
3149
3148
3147
3147
3147
3147
3146
3146
3146
3146
3145
3145
3145
3145
3145
3145
3144
3144
3144
3144
3144
3144
3143
3143
3143
3143
3143
3142
3142
3142
3141
3141
3141
3141
3141
3141
3141
3141
3140
3140
3140
3140
3140
3139
3138
3138
3138
3137
3137
3137
3136
3136
3136
3135
3135
3135
3135
3135
3135
3134
3134
3134
3134
3134
3133
3133
3133
3133
3132
3132
3132
3132
3132
3131
3131
3131
3131
3131
3131
3131
3130
3130
3130
3130
3130
3129
3129
3129
3129
3129
3128
3128
3127
3127
3127
3127
3127
3127
3127
3126
3126
3126
3126
3126
3126
3126
3125
3125
3125
3125
3124
3124
3124
3124
3123
3123
3123
3123
3122
3122
3122
3122
3121
3121
3121
3121
3120
3120
3120
3119
3119
3119
3119
3119
3119
3119
3119
3119
3119
3119
3118
3118
3118
3118
3118
3118
3118
3118
3118
3117
3117
3117
3117
3117
3116
3116
3115
3115
3114
3114
3114
3113
3113
3112
3112
3112
3112
3126
3111
3111
3111
3111
3110
3110
3110
3109
3109
3109
3109
3108
3108
3108
3107
3107
3107
3107
3107
3106
3108
3106
3106
3106
3106
3106
3108
3105
3105
3105
3105
3105
3104
3104
3104
3103
3103
3102
3102
3102
3102
3102
3102
3102
3102
3102
3101
3101
3101
3101
3101
3100
3100
3100
3100
3099
3099
3099
3099
3099
3098
3116
3098
3098
3098
3098
3098
3098
3097
3097
3097
3097
3097
3096
3096
3096
3096
3096
3095
3095
3095
3095
3094
3094
3094
3094
3094
3094
3094
3093
3093
3093
3093
3093
3092
3092
3092
3092
3092
3092
3091
3091
3091
3091
3090
3090
3090
3090
3090
3090
3089
3089
3089
3089
3089
3089
3088
3088
3088
3088
3087
3087
3087
3087
3086
3085
3102
3085
3085
3085
3084
3084
3084
3084
3084
3084
3083
3083
3083
3082
3082
3082
3082
3082
3081
3081
3081
3081
3081
3080
3080
3080
3080
3080
3079
3079
3079
3079
3079
3079
3078
3078
3078
3078
3077
3077
3077
3076
3076
3076
3076
3075
3082
3075
3104
3075
3075
3075
3075
3075
3074
3074
3074
3074
3074
3073
3073
3073
3073
3073
3073
3072
3072
3072
3072
3072
3071
3071
3071
3070
3070
3069
3069
3069
3069
3069
3079
3075
3068
3068
3068
3067
3067
3067
3067
3066
3066
3066
3066
3065
3065
3065
3065
3065
3065
3064
3064
3064
3064
3063
3063
3063
3063
3063
3063
3063
3063
3062
3062
3062
3061
3061
3061
3061
3060
3060
3060
3060
3060
3068
3060
3060
3060
3059
3059
3076
3059
3058
3058
3058
3057
3057
3057
3057
3056
3074
3056
3056
3055
3055
3055
3055
3055
3055
3054
3054
3054
3053
3053
3053
3053
3053
3053
3052
3052
3052
3052
3051
3051
3051
3051
3051
3051
3050
3050
3050
3050
3050
3049
3049
3049
3048
3048
3048
3048
3047
3047
3047
3046
3046
3045
3045
3045
3045
3045
3044
3044
3043
3043
3043
3043
3043
3042
3042
3042
3042
3042
3042
3041
3041
3041
3041
3040
3040
3040
3040
3040
3046
3040
3039
3039
3039
3039
3039
3038
3038
3038
3038
3038
3038
3037
3037
3061
3037
3037
3037
3037
3036
3035
3035
3035
3035
3035
3035
3035
3035
3035
3035
3035
3034
3034
3034
3034
3034
3034
3033
3033
3033
3033
3033
3033
3033
3032
3032
3032
3032
3032
3032
3032
3032
3032
3032
3032
3031
3031
3031
3031
3031
3030
3030
3030
3030
3030
3029
3029
3029
3029
3029
3029
3029
3029
3028
3028
3028
3027
3027
3027
3027
3027
3027
3028
3026
3026
3026
3026
3026
3026
3025
3025
3024
3024
3024
3024
3023
3023
3023
3022
3022
3022
3022
3021
3021
3021
3021
3021
3020
3020
3020
3020
3020
3020
3019
3019
3019
3019
3019
3018
3018
3018
3018
3018
3017
3017
3017
3017
3017
3017
3017
3017
3028
3016
3016
3015
3015
3015
3015
3015
3014
3014
3014
3014
3014
3014
3032
3013
3013
3013
3012
3012
3012
3012
3012
3012
3012
3012
3011
3011
3011
3011
3029
3011
3011
3011
3011
3010
3010
3010
3010
3010
3010
3010
3010
3010
3010
3009
3009
3009
3009
3009
3008
3008
3008
3008
3008
3007
3007
3007
3007
3006
3006
3006
3006
3006
3006
3005
3005
3005
3005
3005
3005
3005
3005
3005
3004
3004
3004
3004
3004
3004
3003
3003
3003
3003
3002
3002
3001
3001
3001
3001
3001
3001
3000
3000
3000
3000
3013
3023
3007
