417108
416380
360741
280356
265865
238984
231798
215858
212709
212410
202911
186625
178731
176672
175212
168674
164979
164234
161003
159426
155672
150251
149258
145422
145284
141462
138493
136665
134731
133828
132638
129367
124558
124486
123335
122413
122195
121777
121090
118204
117131
112786
112757
110965
110613
110268
110257
109984
109421
106661
106457
105025
104883
104647
104087
103794
103729
102443
102332
100960
100855
100263
100085
99703
99269
98493
97852
97841
96792
94549
94528
94489
93854
93700
92108
91985
91832
91413
90900
90603
89382
89326
88901
87890
87356
86590
86330
85711
85513
85462
84721
84690
83754
83458
83350
82578
82243
81952
81461
80595
80467
80446
80058
79796
79169
79168
78976
78562
78340
78292
77427
77047
75541
75186
74800
74542
74548
74348
74269
74110
74019
74008
73360
72458
72365
72315
72211
72157
71739
71154
70915
70562
70472
70456
70161
70128
70103
69295
68769
68754
68676
68402
67912
67903
67830
67545
67497
67412
67260
66934
66917
66898
66864
66688
66239
66129
66093
66003
65992
65983
65764
65462
65387
65111
64977
64432
64400
64201
64162
63989
63872
63746
63385
63164
63032
62291
62107
62091
62045
61973
61556
61391
61385
61001
60729
60631
60623
60511
60510
60488
59735
59684
59555
59498
59283
59213
58839
58309
58106
58092
57947
57937
57935
57707
57640
57567
57564
57304
57120
56905
56801
56433
56244
56222
56095
56068
55873
55652
55498
55444
55422
55292
55185
54991
54872
54846
54814
54710
54679
54674
54397
54196
54146
53628
53436
53385
53379
53288
53155
52881
52596
51993
51987
51908
51898
51790
51689
51630
51600
51485
51350
51343
51330
51254
51146
50782
50613
50475
50328
50287
50086
50082
50041
50028
50001
49999
49973
49884
49831
49772
49544
49447
49374
49180
49165
49154
48629
48458
48423
48400
48323
48309
48277
48198
48103
48041
48032
47835
47646
47621
47480
47347
47319
47240
47224
47221
47168
47115
47093
47052
47043
46898
46823
46819
46766
46679
46671
46615
46586
46477
46460
46410
46281
46250
46107
46082
46062
45987
45959
45821
45805
45792
45781
45753
45713
45698
45663
45650
45642
45616
45569
45422
45400
45386
45385
45282
45152
45063
45048
45019
44949
44882
44838
44696
44595
44591
44563
44543
44493
44488
44470
44327
44248
44246
44238
44236
44202
44177
44173
44147
44129
43922
43860
43075
43061
43034
43024
42986
42936
42901
42643
42616
42593
42535
42421
42368
42325
42273
42268
42156
42095
42008
41788
41750
41619
41571
41498
41347
41328
41255
41194
41117
40934
40920
40910
40882
40807
40738
40709
40638
40628
40563
40386
40228
40171
40075
40044
39973
39967
39945
39901
39880
39826
39793
39738
39738
39728
39574
39556
39513
39511
39497
39494
39493
39435
39451
39363
39310
39293
39209
39141
39080
39076
39054
39049
39035
39007
38937
38937
38915
38878
38833
38821
38817
38775
38762
38738
38721
38701
38463
38436
38409
38397
38367
38311
38213
38139
38041
38012
37940
37924
37897
37871
37866
37716
37607
37570
37477
37466
37395
37373
37355
37334
37319
37291
37166
37154
37107
37098
37028
36976
36906
36900
36835
36811
36811
36803
36781
36719
36719
36659
36644
36599
36504
36465
36448
36434
36402
36393
36351
36295
36210
36209
36163
36163
36107
36062
35997
35975
35968
35873
35824
35776
35753
35750
35640
35544
35544
35493
35455
35412
35395
35390
35320
35292
35289
35281
35158
35150
35149
35135
35119
35104
35116
35060
35044
35022
34965
34958
34957
34929
34917
34912
34865
34860
34835
34812
34811
34791
34785
34779
34742
34696
34687
34554
34532
34497
34396
34376
34346
34323
34319
34285
34254
34249
34232
34194
34182
34174
34132
34084
34060
34035
34017
33976
33951
33895
33880
33846
33841
33767
33761
33747
33742
33724
33707
33669
33663
33635
33580
33572
33553
33495
33452
33452
33425
33421
33405
33402
33376
33323
33271
33260
33226
33204
33136
33127
33113
33029
33008
33006
33004
32972
32924
32863
32861
32853
32800
32783
32769
32746
32735
32729
32699
32668
32662
32645
32616
32615
32551
32516
32513
32509
32447
32429
32404
32367
32375
32339
32316
32311
32309
32292
32286
32225
32158
32157
32150
32029
31993
31964
31918
31863
31855
31825
31804
31706
31669
31652
31600
31598
31591
31576
31575
31564
31545
31483
31465
31458
31451
31431
31430
31425
31424
31421
31408
31397
31389
31321
31314
31275
31249
31247
31231
31219
31125
31118
31103
31085
31070
31043
31018
30949
30924
30911
30899
30880
30864
30863
30846
30811
30769
30761
30730
30705
30668
30640
30605
30539
30511
30505
30454
30470
30452
30435
30383
30381
30340
30333
30281
30259
30220
30190
30114
30103
30074
30072
30058
30045
30044
30031
29982
29981
29974
29961
29943
29924
29940
29851
29810
29716
29711
29704
29700
29688
29652
29641
29634
29629
29607
29605
29600
29595
29552
29533
29530
29508
29479
29458
29411
29402
29357
29312
29274
29266
29237
29187
29185
29220
29177
29171
29170
29167
29153
29126
29123
29070
29068
29054
29043
29031
28970
28956
28952
28947
28945
28909
28895
28826
28834
28788
28770
28759
28758
28738
28732
28693
28658
28606
28595
28589
28522
28503
28462
28422
28399
28392
28381
28369
28348
28312
28303
28242
28231
28222
28213
28211
28201
28091
28065
28061
28027
28027
28004
28002
27983
27982
27953
27937
27888
27881
27878
27875
27813
27786
27788
27784
27781
27777
27766
27762
27751
27747
27728
27703
27702
27697
27634
27629
27615
27598
27537
27432
27414
27411
27380
27359
27357
27311
27304
27271
27250
27246
27246
27242
27219
27203
27168
27155
27137
27051
27001
26952
26935
26910
26909
26883
26890
26884
26844
26803
26794
26726
26725
26719
26709
26658
26648
26643
26640
26628
26614
26607
26577
26566
26568
26559
26433
26433
26388
26326
26318
26287
26229
26189
26188
26188
26147
26140
26138
26118
26091
26067
26060
26047
26031
26024
25955
25908
25899
25899
25893
25888
25835
25825
25821
25803
25799
25780
25779
25771
25766
25744
25729
25698
25658
25655
25650
25642
25604
25592
25559
25552
25551
25522
25512
25511
25498
25429
25407
25388
25384
25380
25370
25340
25323
25322
25313
25290
25267
25229
25224
25138
25132
25078
25067
25062
25043
25026
24978
24964
24962
24951
24951
24921
24914
24909
24878
24767
24721
24718
24693
24683
24649
24620
24605
24585
24583
24580
24578
24556
24549
24544
24524
24484
24432
24429
24401
24392
24370
24358
24345
24338
24331
24322
24319
24312
24281
24275
24275
24266
24249
24213
24205
24197
24168
24134
24125
24116
24074
24073
24073
24068
24066
24063
24058
24073
23994
23977
23971
23961
23955
23946
23928
23926
23918
23913
23908
23856
23854
23844
23839
23836
23801
23727
23719
23711
23710
23681
23637
23611
23609
23607
23604
23596
23593
23578
23568
23566
23563
23550
23544
23543
23538
23526
23510
23509
23501
23487
23479
23437
23436
23420
23419
23409
23403
23394
23360
23334
23319
23309
23291
23284
23280
23280
23280
23273
23264
23257
23257
23204
23196
23193
23174
23171
23155
23146
23120
23131
23106
23106
23100
23074
23067
23065
23065
23061
23047
23040
23021
23004
22991
22984
22977
22961
22961
22953
22925
22918
22912
22890
22858
22830
22814
22810
22801
22791
22790
22788
22770
22767
22765
22733
22731
22718
22698
22687
22668
22638
22638
22582
22578
22577
22565
22559
22548
22537
22529
22526
22520
22515
22507
22506
22505
22470
22463
22454
22447
22445
22391
22381
22369
22367
22364
22361
22311
22305
22305
22305
22292
22291
22289
22287
22286
22277
22266
22260
22251
22257
22218
22204
22216
22197
22196
22188
22186
22183
22178
22173
22141
22132
22129
22122
22114
22080
22071
22080
22046
22042
22040
22039
22037
22030
22015
22003
21972
21959
21956
21937
21932
21910
21904
21904
21900
21891
21853
21816
21796
21753
21757
21730
21723
21718
21712
21707
21700
21681
21672
21670
21655
21637
21592
21567
21569
21561
21538
21527
21501
21496
21495
21477
21476
21462
21460
21458
21447
21443
21427
21419
21417
21416
21403
21388
21388
21378
21374
21370
21341
21323
21308
21307
21301
21283
21264
21262
21246
21230
21231
21219
21200
21192
21187
21187
21180
21163
21158
21156
21146
21141
21140
21124
21119
21113
21109
21095
21087
21086
21081
21074
21068
21062
21053
21040
21033
21031
21023
21022
21012
21007
21005
20993
20991
20983
20971
20964
20962
20956
20948
20946
20942
20940
20933
20933
20928
20898
20893
20891
20859
20857
20880
20839
20831
20828
20828
20825
20808
20788
20775
20723
20717
20698
20694
20680
20679
20667
20660
20634
20614
20612
20591
20590
20580
20578
20572
20544
20526
20526
20525
20518
20516
20515
20505
20500
20495
20484
20495
20470
20452
20441
20440
20418
20416
20413
20406
20405
20385
20382
20376
20366
20341
20330
20317
20316
20303
20294
20278
20254
20251
20231
20214
20198
20193
20202
20188
20185
20161
20148
20145
20138
20120
20113
20108
20096
20058
20044
20040
20036
20031
20025
20019
20002
19998
19989
19973
19968
19965
19963
19962
19959
19959
19982
19949
19941
19938
19933
19925
19922
19917
19902
19880
19869
19868
19866
19863
19828
19818
19813
19808
19790
19785
19784
19776
19768
19788
19753
19753
19733
19730
19723
19723
19712
19691
19689
19688
19667
19661
19677
19649
19648
19623
19619
19617
19584
19542
19538
19536
19522
19495
19492
19487
19483
19476
19480
19480
19463
19459
19454
19446
19439
19423
19419
19395
19394
19394
19393
19388
19385
19376
19368
19362
19360
19321
19316
19314
19307
19298
19294
19291
19288
19280
19272
19247
19241
19230
19225
19233
19217
19204
19170
19161
19148
19139
19135
19128
19093
19091
19066
19062
19058
19039
19038
19034
19011
19006
19001
19001
18972
18967
18966
18951
18950
18928
18923
18922
18907
18878
18878
18878
18863
18860
18872
18842
18825
18814
18808
18806
18804
18790
18789
18784
18779
18768
18764
18763
18762
18761
18768
18741
18736
18729
18696
18696
18677
18676
18670
18669
18662
18638
18636
18630
18624
18620
18619
18611
18594
18581
18574
18573
18565
18563
18554
18537
18532
18520
18518
18493
18482
18481
18475
18456
18442
18437
18435
18432
18428
18426
18426
18419
18415
18413
18410
18410
18410
18404
18399
18389
18386
18383
18377
18371
18364
18339
18332
18331
18310
18298
18295
18294
18292
18285
18283
18282
18278
18274
18258
18256
18255
18236
18232
18227
18210
18208
18198
18191
18190
18200
18184
18178
18158
18157
18143
18136
18135
18129
18129
18128
18113
18086
18075
18061
18047
18043
18040
18039
18057
18026
18017
18016
18016
18013
18012
18011
18004
17998
17992
17990
17990
17987
17985
17983
17980
17977
17973
17987
17964
17963
17961
17958
17947
17943
17940
17936
17913
17911
17909
17907
17905
17896
17890
17889
17884
17880
17868
17867
17866
17860
17843
17840
17836
17827
17826
17823
17822
17820
17808
17797
17797
17794
17785
17783
17777
17776
17745
17724
17715
17704
17690
17683
17674
17667
17663
17660
17656
17625
17622
17619
17610
17606
17604
17600
17597
17591
17588
17574
17572
17571
17568
17560
17557
17542
17541
17537
17536
17536
17530
17524
17522
17495
17486
17480
17475
17469
17466
17466
17465
17458
17457
17448
17447
17439
17428
17421
17436
17410
17409
17399
17395
17390
17370
17354
17341
17340
17326
17305
17300
17270
17257
17250
17249
17248
17247
17242
17240
17225
17225
17206
17205
17202
17201
17192
17186
17183
17165
17161
17151
17150
17133
17108
17104
17100
17089
17088
17087
17078
17083
17072
17068
17066
17059
17056
17054
17013
17003
16988
16982
16972
16968
16963
16955
16946
16941
16932
16927
16925
16920
16919
16901
16900
16899
16898
16897
16891
16889
16876
16869
16866
16859
16848
16847
16846
16836
16835
16832
16831
16829
16826
16821
16814
16811
16810
16809
16805
16800
16791
16783
16779
16778
16773
16769
16768
16773
16758
16754
16749
16744
16743
16739
16736
16729
16722
16720
16719
16716
16699
16697
16675
16652
16650
16646
16641
16638
16637
16594
16605
16589
16580
16592
16574
16572
16569
16565
16557
16552
16549
16548
16543
16539
16531
16517
16515
16506
16494
16485
16482
16480
16478
16476
16476
16475
16470
16461
16461
16454
16441
16434
16432
16432
16428
16425
16412
16395
16395
16392
16381
16381
16360
16358
16371
16356
16353
16351
16339
16337
16336
16321
16312
16304
16297
16293
16291
16286
16285
16283
16281
16280
16266
16259
16255
16250
16247
16244
16244
16244
16243
16234
16230
16229
16228
16226
16220
16204
16204
16201
16199
16196
16189
16186
16182
16180
16179
16177
16176
16141
16172
16168
16167
16147
16138
16124
16115
16113
16110
16112
16094
16092
16089
16084
16076
16061
16037
16034
16032
16051
16030
16028
16026
16017
16012
16011
16002
15999
15991
15984
15978
15976
15973
15970
15962
15958
15954
15941
15930
15929
15907
15902
15892
15886
15869
15868
15883
15864
15848
15841
15835
15833
15831
15830
15824
15819
15818
15808
15807
15811
15800
15791
15782
15773
15768
15761
15761
15761
15755
15750
15748
15745
15741
15730
15719
15705
15704
15703
15690
15684
15682
15676
15675
15674
15672
15668
15644
15639
15634
15630
15623
15619
15607
15588
15587
15586
15583
15578
15574
15573
15567
15565
15565
15563
15562
15559
15551
15548
15543
15539
15537
15535
15532
15522
15521
15517
15503
15495
15510
15486
15479
15477
15473
15473
15469
15463
15462
15460
15454
15446
15446
15473
15440
15432
15430
15426
15411
15411
15409
15408
15406
15405
15405
15395
15395
15393
15393
15392
15389
15259
15367
15366
15366
15362
15360
15355
15351
15341
15340
15338
15334
15327
15327
15308
15308
15326
15298
15298
15291
15290
15280
15277
15276
15253
15249
15246
15242
15234
15231
15223
15217
15212
15206
15202
15200
15199
15199
15192
15182
15180
15172
15171
15165
15165
15160
15152
15146
15144
15127
15124
15120
15107
15105
15094
15091
15090
15074
15073
15072
15063
15059
15056
15025
15020
15028
15007
15005
14999
14988
14987
14981
14994
14980
14968
14966
14965
14962
14955
14952
14937
14935
14932
14932
14929
14927
14921
14917
14915
14911
14906
14906
14904
14897
14891
14884
14877
14876
14873
14872
14867
14867
14865
14843
14843
14825
14823
14821
14819
14809
14798
14796
14795
14794
14792
14791
14788
14781
14776
14775
14772
14766
14762
14760
14756
14754
14750
14741
14740
14739
14735
14723
14723
14705
14702
14695
14691
14689
14685
14683
14674
14667
14666
14664
14652
14642
14641
14640
14637
14631
14631
14609
14607
14607
14602
14597
14597
14596
14594
14592
14582
14582
14580
14577
14576
14560
14554
14553
14552
14550
14550
14530
14528
14525
14518
14518
14510
14509
14502
14492
14488
14487
14473
14470
14468
14465
14464
14460
14453
14445
14443
14432
14430
14421
14414
14399
14396
14382
14375
14364
14364
14350
14364
14337
14337
14336
14336
14333
14331
14329
14334
14325
14304
14303
14303
14302
14301
14300
14306
14292
14286
14285
14280
14279
14276
14266
14264
14258
14258
14238
14235
14231
14229
14229
14227
14227
14226
14226
14222
14220
14214
14213
14203
14201
14200
14199
14197
14193
14190
14187
14178
14174
14174
14172
14171
14157
14159
14153
14149
14146
14140
14124
14121
14119
14119
14114
14114
14105
14105
14104
14100
14098
14094
14089
14088
14078
14074
14073
14071
14067
14059
14058
14055
14052
14047
14047
14041
14037
14036
14031
14034
14025
14025
14023
14015
14004
14004
14003
13988
13981
13981
13978
13975
13970
13960
13959
13958
13957
13953
13950
13948
13947
13943
13939
13938
13942
13932
13922
13914
13912
13911
13904
13900
13898
13898
13893
13887
13883
13876
13875
13856
13867
13866
13863
13858
13851
13851
13849
13847
13844
13833
13824
13822
13812
13812
13809
13806
13796
13794
13794
13793
13792
13785
13819
13777
13772
13772
13760
13757
13753
13752
13747
13745
13743
13738
13738
13733
13717
13711
13710
13707
13684
13676
13668
13658
13652
13644
13642
13636
13633
13633
13633
13630
13620
13617
13610
13606
13603
13603
13602
13600
13599
13593
13593
13575
13567
13565
13561
13559
13564
13553
13553
13551
13550
13547
13539
13532
13526
13518
13515
13506
13503
13497
13495
13492
13463
13455
13450
13450
13444
13439
13436
13434
13425
13441
13418
13417
13416
13413
13409
13408
13404
13404
13400
13399
13398
13388
13388
13386
13384
13381
13379
13379
13370
13370
13365
13362
13358
13349
13339
13338
13338
13329
13328
13327
13317
13312
13311
13307
13305
13293
13286
13286
13285
13284
13283
13273
13265
13252
13251
13246
13244
13252
13242
13246
13238
13236
13221
13211
13192
13191
13184
13184
13178
13176
13173
13173
13172
13172
13167
13165
13165
13144
13146
13142
13142
13137
13135
13124
13122
13119
13111
13108
13108
13108
13104
13102
13093
13092
13091
13091
13091
13090
13089
13089
13087
13082
13079
13076
13069
13061
13061
13056
13055
13053
13051
13049
13048
13043
13037
13035
13026
13025
13025
13023
13020
13018
13013
13011
13006
13005
13005
12997
12996
12994
12993
12992
12990
12986
12981
12978
12976
12975
12972
12993
12971
12968
12965
12958
12958
12957
12954
12953
12945
12935
12923
12917
12916
12913
12912
12911
12906
12904
12903
12901
12900
12896
12896
12891
12877
12871
12868
12864
12862
12862
12861
12855
12851
12851
12851
12838
12833
12831
12826
12824
12819
12818
12812
12811
12806
12804
12795
12794
12786
12783
12781
12780
12778
12778
12773
12763
12781
12757
12751
12750
12748
12746
12736
12734
12725
12724
12722
12722
12722
12725
12716
12711
12711
12710
12697
12697
12695
12695
12693
12688
12685
12685
12673
12672
12667
12665
12662
12662
12679
12659
12657
12652
12649
12642
12641
12640
12636
12634
12633
12624
12623
12615
12608
12604
12601
12599
12599
12599
12613
12596
12621
12592
12591
12587
12586
12578
12572
12572
12584
12569
12568
12559
12546
12544
12538
12537
12536
12532
12529
12529
12528
12527
12526
12524
12520
12520
12534
12508
12507
12506
12505
12498
12485
12484
12483
12492
12471
12469
12466
12463
12462
12461
12457
12455
12455
12452
12451
12450
12447
12444
12438
12438
12436
12429
12428
12428
12426
12425
12414
12414
12411
12410
12407
12407
12395
12394
12391
12389
12386
12384
12375
12375
12373
12372
12372
12371
12366
12366
12363
12363
12361
12360
12356
12352
12350
12349
12341
12340
12338
12350
12332
12331
12330
12330
12328
12326
12323
12321
12320
12314
12312
12309
12302
12298
12297
12294
12286
12285
12284
12278
12276
12275
12272
12268
12267
12264
12264
12254
12252
12250
12249
12247
12246
12245
12245
12236
12223
12220
12218
12216
12214
12213
12212
12208
12203
12203
12198
12198
12191
12191
12190
12190
12182
12180
12178
12177
12177
12176
12167
12165
12164
12158
12156
12154
12165
12149
12147
12158
12134
12130
12129
12124
12118
12117
12116
12115
12115
12106
12099
12098
12098
12097
12093
12089
12088
12087
12103
12073
12071
12071
12068
12066
12065
12063
12058
12058
12057
12056
12055
12048
12046
12043
12040
12038
12034
12030
12029
12026
12026
12021
12016
12011
12009
12009
12008
12008
12002
11998
11997
11995
11993
11992
11990
11989
11984
11980
11977
11977
11957
11957
11953
11953
11951
11946
11945
11944
11942
11939
11931
11924
11927
11919
11919
11917
11911
11910
11908
11899
11894
11888
11885
11878
11878
11878
11876
11875
11874
11870
11870
11868
11868
11881
11865
11863
11863
11862
11861
11858
11854
11852
11850
11850
11849
11847
11845
11841
11839
11830
11830
11825
11823
11823
11821
11821
11821
11821
11814
11806
11805
11803
11788
11781
11781
11780
11774
11773
11771
11767
11766
11766
11766
11786
11762
11759
11756
11752
11749
11746
11729
11728
11728
11727
11725
11744
11722
11706
11690
11686
11685
11683
11682
11679
11676
11673
11688
11672
11658
11654
11654
11651
11648
11646
11645
11645
11643
11641
11638
11634
11630
11630
11628
11627
11620
11615
11615
11614
11612
11606
11606
11595
11594
11592
11578
11574
11574
11425
11569
11567
11562
11561
11559
11557
11554
11551
11539
11538
11537
11535
11535
11533
11531
11525
11531
11520
11520
11517
11525
11516
11515
11512
11509
11507
11505
11503
11502
11502
11500
11495
11494
11484
11480
11478
11477
11474
11472
11472
11471
11469
11467
11466
11464
11462
11459
11458
11457
11457
11456
11456
11453
11451
11450
11450
11450
11449
11447
11439
11439
11437
11436
11435
11430
11430
11424
11424
11422
11421
11418
11418
11412
11412
11410
11403
11398
11395
11392
11392
11390
11389
11388
11384
11379
11370
11368
11367
11366
11364
11364
11357
11354
11354
11352
11336
11333
11332
11329
11325
11322
11320
11319
11318
11316
11316
11312
11311
11307
11304
11303
11302
11299
11297
11297
11297
11296
11291
11279
11278
11273
11272
11269
11269
11261
11251
11250
11248
11247
11246
11242
11242
11239
11237
11256
11237
11236
11246
11234
11229
11229
11226
11223
11222
11220
11219
11217
11217
11216
11216
11212
11208
11207
11202
11198
11197
11197
11196
11195
11188
11186
11180
11180
11178
11174
11174
11170
11167
11167
11164
11163
11162
11160
11157
11180
11153
11152
11151
11150
11149
11159
11146
11145
11144
11142
11126
11125
11124
11121
11117
11117
11116
11116
11113
11111
11110
11106
11105
11105
11101
11099
11096
11091
11090
11089
11088
11087
11086
11085
11073
11077
11068
11068
11068
11067
11062
11061
11060
11058
11058
11055
11053
11050
11047
11046
11042
11039
11034
11029
11029
11027
11027
11024
11023
11023
11020
11019
11017
11017
11017
11014
11011
11009
11009
11006
11000
10998
10995
10993
10992
10989
10989
10984
10982
10981
10972
10971
10969
10968
10961
10959
10945
10945
10941
10940
10936
10935
10932
10929
10928
10927
10921
10920
10917
10914
10912
10910
10904
10903
10899
10897
10894
10893
10891
10890
10890
10889
10885
10881
10880
10878
10874
10873
10872
10870
10868
10862
10860
10859
10858
10856
10856
10855
10852
10852
10851
10847
10845
10844
10844
10843
10842
10839
10839
10834
10830
10825
10823
10819
10818
10818
10816
10816
10815
10812
10809
10803
10803
10803
10802
10800
10798
10795
10793
10790
10793
10786
10785
10779
10776
10776
10773
10772
10770
10769
10768
10766
10764
10762
10762
10759
10758
10756
10755
10754
10752
10751
10745
10743
10741
10733
10730
10729
10727
10724
10722
10721
10721
10716
10715
10713
10705
10705
10713
10702
10702
10700
10698
10698
10693
10689
10686
10678
10678
10671
10669
10666
10663
10662
10660
10660
10660
10657
10656
10653
10649
10647
10646
10646
10646
10645
10642
10640
10639
10639
10638
10636
10636
10635
10632
10631
10631
10630
10627
10622
10622
10620
10617
10613
10609
10608
10608
10607
10605
10604
10600
10600
10599
10597
10592
10589
10587
10581
10577
10577
10576
10572
10571
10570
10567
10563
10563
10562
10567
10559
10556
10556
10555
10553
10575
10552
10551
10542
10536
10536
10535
10533
10532
10532
10529
10528
10526
10523
10522
10521
10521
10520
10516
10513
10511
10510
10509
10508
10507
10507
10505
10505
10497
10495
10493
10493
10492
10487
10485
10485
10484
10483
10473
10473
10459
10458
10458
10456
10455
10453
10450
10450
10448
10447
10441
10439
10435
10428
10428
10424
10424
10423
10418
10418
10415
10413
10406
10403
10400
10398
10398
10394
10393
10391
10390
10387
10385
10380
10377
10376
10375
10375
10373
10371
10371
10371
10370
10368
10368
10367
10365
10353
10352
10349
10348
10347
10347
10347
10347
10349
10338
10333
10333
10328
10328
10327
10326
10340
10349
10321
10319
10314
10307
10306
10305
10302
10299
10297
10297
10294
10294
10293
10292
10292
10288
10284
10282
10280
10278
10277
10277
10275
10274
10267
10266
10265
10264
10273
10263
10263
10261
10259
10255
10249
10247
10246
10241
10241
10240
10239
10237
10236
10236
10234
10234
10233
10230
10228
10228
10221
10221
10214
10211
10209
10209
10205
10201
10199
10196
10192
10190
10190
10188
10184
10190
10180
10186
10176
10169
10165
10162
10159
10158
10158
10158
10155
10155
10154
10153
10151
10151
10149
10149
10148
10147
10146
10144
10144
10143
10142
10165
10137
10135
10132
10129
10127
10122
10117
10113
10111
10110
10107
10107
10105
10099
10097
10097
10097
10094
10093
10093
10092
10091
10090
10089
10087
10086
10083
10077
10076
10073
10073
10073
10069
10069
10066
10065
10061
10056
10055
10054
10050
10050
10048
10046
10044
10043
10043
10042
10040
10039
10061
10036
10035
10034
10032
10030
10027
10018
10018
10017
10016
10015
10014
10013
10028
10010
10009
10008
10008
10007
10007
10006
10003
10001
9999
9993
9992
9990
9986
9986
9985
9984
9973
9971
9971
9969
9968
9967
9965
9965
9965
9961
9961
9958
9955
9948
9946
9946
9944
9942
9942
9941
9938
9934
9934
9930
9926
9925
9924
9923
9922
9920
9919
9918
9936
9914
9913
9911
9909
9908
9908
9907
9904
9904
9903
9902
9902
9901
9900
9898
9894
9893
9887
9885
9883
9881
9879
9879
9875
9873
9872
9868
9867
9867
9866
9864
9864
9862
9861
9858
9869
9853
9853
9850
9845
9844
9840
9839
9839
9835
9834
9834
9832
9831
9831
9830
9828
9826
9824
9823
9815
9809
9809
9805
9803
9802
9801
9799
9799
9798
9797
9797
9794
9791
9791
9791
9787
9786
9783
9782
9781
9778
9773
9772
9770
9770
9769
9768
9764
9763
9761
9759
9759
9757
9755
9754
9748
9741
9740
9740
9738
9736
9735
9735
9732
9725
9724
9724
9722
9719
9718
9715
9712
9712
9710
9710
9707
9707
9707
9706
9706
9704
9704
9721
9703
9702
9731
9698
9697
9692
9689
9687
9679
9676
9674
9673
9669
9661
9660
9660
9658
9657
9656
9656
9654
9653
9653
9644
9656
9636
9636
9635
9634
9633
9633
9633
9631
9626
9623
9622
9620
9619
9616
9614
9611
9610
9606
9638
9600
9600
9599
9599
9595
9594
9591
9591
9589
9589
9585
9582
9581
9581
9578
9575
9575
9575
9574
9573
9569
9566
9565
9563
9563
9562
9558
9557
9550
9550
9527
9546
9545
9545
9539
9539
9539
9537
9537
9537
9536
9534
9534
9531
9530
9530
9525
9520
9518
9515
9515
9515
9514
9512
9510
9510
9508
9507
9504
9503
9503
9503
9501
9499
9492
9491
9491
9490
9490
9485
9483
9478
9472
9472
9472
9472
9470
9468
9467
9459
9456
9452
9452
9452
9450
9448
9448
9445
9441
9440
9436
9436
9435
9435
9435
9433
9432
9432
9430
9429
9428
9428
9425
9423
9423
9422
9421
9420
9419
9418
9418
9417
9416
9415
9413
9412
9411
9411
9411
9410
9409
9409
9407
9402
9402
9402
9401
9399
9394
9388
9382
9379
9378
9376
9373
9368
9365
9365
9364
9364
9360
9356
9354
9351
9351
9350
9348
9347
9347
9354
9346
9344
9343
9342
9341
9340
9340
9340
9338
9337
9335
9333
9331
9330
9329
9329
9328
9327
9323
9323
9317
9314
9312
9310
9307
9304
9303
9303
9303
9301
9300
9299
9292
9292
9291
9290
9290
9289
9287
9284
9283
9281
9281
9280
9277
9277
9275
9275
9274
9273
9271
9271
9266
9264
9262
9260
9259
9259
9258
9257
9250
9249
9248
9241
9239
9238
9233
9231
9231
9229
9228
9225
9226
9222
9221
9221
9219
9217
9216
9215
9213
9213
9212
9211
9208
9207
9207
9206
9205
9203
9214
9198
9198
9197
9196
9182
9192
9191
9188
9187
9187
9185
9183
9182
9181
9181
9180
9180
9179
9177
9176
9174
9172
9171
9171
9170
9181
9169
9169
9166
9164
9159
9158
9158
9154
9148
9148
9147
9145
9144
9143
9141
9138
9134
9134
9133
9132
9128
9128
9127
9126
9122
9120
9119
9115
9114
9114
9112
9112
9112
9111
9111
9110
9106
9106
9105
9105
9103
9103
9100
9097
9096
9096
9091
9088
9088
9081
9081
9080
9079
9076
9073
9073
9073
9072
9072
9070
9068
9066
9066
9065
9064
9063
9061
9059
9054
9053
9053
9052
9051
9046
9042
9041
9040
9039
9038
9032
9030
9030
9028
9026
9022
9020
9017
9017
9014
9014
9013
9011
9009
9006
9005
9005
9004
9004
9002
9001
9000
8999
8996
8996
8996
8995
8994
8994
8993
8988
8986
8986
8985
8983
8983
8982
8980
8980
8977
8976
8974
8973
8972
8967
8966
8964
8963
8962
8961
8959
8959
8958
8958
8957
8957
8957
8954
8954
8951
8949
8949
8949
8946
8946
8946
8943
8938
8936
8936
8941
8934
8931
8928
8927
8924
8924
8924
8924
8923
8922
8921
8938
8919
8918
8916
8916
8915
8913
8911
8910
8910
8907
8905
8903
8901
8893
8888
8887
8884
8880
8879
8879
8879
8878
8876
8873
8872
8872
8872
8872
8868
8864
8883
8862
8862
8861
8859
8858
8855
8853
8852
8846
8853
8844
8844
8842
8842
8841
8840
8839
8838
8837
8836
8833
8833
8829
8829
8825
8824
8821
8820
8819
8818
8816
8816
8815
8815
8814
8812
8809
8808
8808
8805
8805
8803
8803
8802
8801
8798
8797
8795
8794
8793
8792
8790
8787
8785
8783
8787
8780
8780
8780
8778
8777
8776
8773
8771
8770
8768
8766
8763
8763
8763
8761
8760
8760
8759
8756
8752
8749
8748
8747
8747
8746
8745
8743
8743
8743
8737
8736
8733
8731
8730
8728
8729
8720
8721
8717
8717
8715
8714
8713
8711
8710
8707
8706
8706
8704
8703
8701
8699
8697
8694
8689
8688
8687
8683
8682
8680
8680
8678
8673
8671
8671
8668
8687
8664
8664
8663
8662
8661
8660
8660
8659
8658
8655
8654
8648
8663
8643
8641
8641
8640
8638
8637
8635
8631
8631
8631
8631
8630
8629
8629
8627
8625
8623
8630
8623
8622
8620
8620
8619
8619
8617
8615
8615
8613
8609
8609
8606
8602
8600
8599
8598
8596
8593
8592
8591
8590
8588
8587
8584
8582
8582
8580
8580
8577
8577
8576
8576
8570
8570
8569
8569
8569
8566
8565
8565
8565
8562
8561
8559
8559
8559
8556
8556
8555
8554
8552
8551
8551
8551
8550
8549
8549
8546
8545
8544
8544
8543
8543
8542
8540
8539
8533
8531
8530
8527
8526
8525
8524
8523
8521
8517
8514
8514
8514
8513
8510
8509
8508
8507
8506
8505
8501
8500
8499
8499
8498
8495
8493
8489
8488
8487
8485
8483
8483
8483
8482
8481
8481
8479
8477
8477
8497
8476
8476
8476
8475
8473
8472
8471
8471
8469
8468
8468
8466
8466
8469
8459
8455
8466
8453
8450
8451
8447
8446
8446
8446
8445
8445
8445
8442
8440
8439
8439
8437
8435
8435
8432
8431
8430
8429
8427
8425
8424
8422
8418
8416
8414
8413
8412
8410
8409
8408
8408
8408
8407
8405
8404
8403
8401
8409
8399
8398
8398
8397
8396
8391
8385
8385
8384
8384
8382
8381
8380
8380
8378
8378
8377
8374
8371
8370
8369
8365
8365
8364
8364
8364
8363
8357
8357
8356
8355
8354
8350
8349
8347
8345
8341
8340
8340
8338
8338
8337
8336
8331
8327
8327
8324
8323
8333
8317
8314
8312
8311
8311
8311
8310
8317
8304
8301
8299
8297
8297
8296
8292
8288
8284
8284
8283
8281
8281
8277
8276
8276
8274
8274
8273
8272
8265
8264
8264
8264
8263
8263
8261
8261
8261
8258
8258
8258
8257
8256
8256
8255
8254
8253
8253
8251
8250
8250
8250
8249
8246
8245
8243
8242
8240
8239
8239
8237
8231
8230
8229
8228
8227
8226
8231
8225
8220
8219
8219
8218
8214
8209
8209
8207
8205
8204
8203
8202
8201
8199
8198
8197
8196
8192
8191
8191
8191
8191
8186
8186
8185
8184
8183
8183
8179
8179
8178
8176
8175
8168
8167
8167
8164
8163
8162
8161
8160
8168
8159
8154
8154
8152
8152
8152
8152
8151
8147
8147
8145
8143
8160
8142
8141
8141
8140
8138
8134
8129
8129
8128
8125
8124
8124
8124
8120
8120
8116
8116
8113
8113
8111
8107
8105
8105
8103
8102
8102
8101
8101
8106
8098
8095
8103
8095
8095
8090
8087
8085
8084
8084
8084
8084
8083
8081
8081
8080
8080
8080
8078
8077
8077
8077
8077
8076
8076
8073
8073
8069
8069
8068
8067
8067
8065
8064
8064
8063
8060
8057
8056
8056
8048
8048
8044
8043
8060
8040
8039
8039
8036
8035
8032
8030
8030
8029
8054
8028
8027
8026
8025
8025
8025
8024
8024
8023
8022
8022
8021
8020
8017
8017
8015
8013
8012
8011
8006
8005
8005
8002
8001
7998
7998
8013
7994
7994
7994
7993
8004
7991
7990
7989
7989
7985
7983
7983
7981
7981
7979
7979
7978
7978
7975
7974
7972
7970
7969
7969
7968
7964
7963
7963
7962
7958
7957
7957
7953
7960
7951
7950
7950
7949
7948
7948
7947
7945
7944
7942
7940
7937
7936
7938
7934
7938
7946
7932
7932
7931
7931
7930
7930
7929
7926
7925
7925
7923
7920
7919
7918
7917
7915
7915
7915
7913
7908
7905
7904
7900
7897
7896
7894
7893
7892
7891
7888
7887
7887
7885
7885
7884
7884
7883
7879
7878
7901
7877
7876
7872
7874
7867
7865
7864
7863
7862
7862
7860
7859
7873
7855
7855
7850
7848
7848
7847
7847
7846
7845
7843
7840
7839
7837
7837
7836
7836
7835
7835
7834
7833
7831
7818
7828
7828
7826
7825
7824
7823
7823
7822
7822
7822
7821
7820
7819
7817
7817
7817
7816
7815
7812
7811
7809
7807
7806
7805
7802
7802
7802
7798
7794
7794
7792
7792
7788
7786
7783
7783
7779
7778
7778
7777
7776
7776
7775
7774
7773
7772
7770
7770
7769
7765
7765
7764
7781
7762
7759
7759
7758
7757
7756
7755
7755
7752
7747
7746
7744
7743
7739
7738
7737
7736
7735
7733
7731
7727
7725
7724
7724
7723
7722
7721
7717
7728
7717
7716
7735
7715
7715
7713
7712
7712
7712
7712
7710
7706
7715
7704
7702
7702
7701
7701
7699
7699
7718
7696
7695
7694
7694
7692
7692
7692
7691
7687
7698
7685
7682
7679
7678
7681
7677
7676
7676
7675
7674
7673
7670
7670
7666
7664
7663
7662
7661
7660
7658
7654
7653
7651
7650
7650
7649
7646
7642
7641
7640
7640
7638
7636
7634
7634
7634
7632
7632
7628
7630
7629
7626
7625
7623
7623
7621
7619
7618
7618
7595
7616
7614
7614
7613
7613
7612
7611
7611
7610
7610
7610
7608
7608
7604
7603
7602
7601
7600
7604
7598
7597
7597
7594
7594
7593
7593
7589
7586
7585
7584
7582
7579
7581
7578
7578
7577
7577
7576
7576
7576
7575
7573
7571
7571
7570
7568
7567
7566
7566
7565
7565
7563
7563
7561
7557
7557
7557
7556
7556
7556
7554
7554
7552
7550
7548
7547
7547
7556
7546
7544
7543
7543
7542
7540
7539
7538
7538
7537
7536
7533
7533
7532
7531
7530
7530
7530
7529
7528
7527
7527
7528
7526
7525
7524
7522
7522
7520
7518
7518
7515
7515
7515
7509
7507
7506
7506
7501
7500
7500
7499
7497
7496
7496
7496
7492
7492
7490
7490
7490
7490
7488
7487
7486
7485
7484
7484
7483
7483
7482
7481
7481
7480
7479
7476
7476
7476
7475
7474
7474
7472
7471
7471
7469
7469
7468
7467
7463
7463
7462
7462
7461
7461
7460
7460
7460
7460
7460
7459
7459
7458
7458
7456
7455
7450
7450
7450
7449
7449
7448
7448
7443
7443
7446
7442
7439
7438
7438
7437
7437
7436
7435
7434
7434
7433
7433
7433
7432
7425
7425
7424
7422
7421
7416
7427
7411
7410
7409
7409
7407
7407
7406
7405
7405
7405
7404
7404
7404
7404
7423
7402
7401
7396
7394
7393
7393
7393
7391
7390
7390
7389
7403
7387
7412
7386
7385
7385
7384
7384
7383
7381
7380
7376
7376
7375
7374
7373
7372
7369
7367
7366
7363
7360
7359
7358
7358
7357
7356
7355
7354
7354
7353
7350
7350
7349
7356
7348
7347
7347
7347
7346
7345
7344
7343
7342
7341
7340
7340
7339
7339
7339
7338
7336
7336
7335
7335
7334
7333
7338
7329
7329
7328
7328
7325
7323
7323
7323
7323
7323
7322
7319
7318
7318
7317
7317
7317
7316
7316
7315
7313
7312
7310
7310
7309
7309
7307
7307
7327
7303
7302
7302
7300
7297
7296
7294
7294
7293
7293
7291
7288
7286
7285
7284
7282
7281
7281
7280
7279
7278
7276
7275
7275
7274
7273
7295
7272
7271
7279
7268
7267
7266
7265
7265
7265
7262
7260
7259
7258
7257
7256
7256
7256
7255
7251
7249
7249
7248
7247
7260
7244
7243
7240
7238
7238
7238
7237
7237
7248
7236
7234
7233
7232
7231
7231
7229
7228
7226
7226
7224
7224
7244
7223
7220
7220
7220
7219
7218
7216
7213
7213
7212
7205
7205
7205
7204
7214
7205
7201
7201
7200
7199
7198
7198
7198
7196
7195
7195
7193
7193
7192
7189
7187
7186
7186
7186
7195
7185
7185
7184
7181
7180
7177
7176
7175
7171
7171
7170
7168
7166
7166
7165
7165
7164
7191
7161
7161
7161
7160
7158
7158
7158
7157
7156
7156
7153
7152
7152
7150
7148
7148
7147
7145
7143
7142
7142
7138
7138
7137
7135
7134
7131
7130
7130
7129
7131
7126
7126
7124
7123
7122
7121
7120
7119
7114
7113
7110
7110
7110
7109
7108
7107
7107
7105
7104
7103
7103
7102
7101
7100
7099
7098
7098
7098
7097
7097
7094
7092
7090
7089
7089
7086
7085
7085
7084
7083
7081
7080
7079
7078
7077
7076
7075
7073
7072
7071
7070
7069
7069
7069
7069
7067
7067
7065
7065
7065
7064
7064
7063
7060
7059
7059
7058
7057
7057
7056
7055
7055
7054
7054
7053
7053
7053
7051
7050
7058
7049
7048
7048
7046
7045
7044
7044
7042
7041
7040
7038
7036
7034
7032
7032
7031
7042
7030
7030
7028
7027
7027
7024
7023
7022
7020
7018
7016
7016
7015
7015
7014
7012
7011
7010
7007
7006
7005
7005
7004
7002
7001
6999
6999
6997
6995
6995
6994
6993
6992
6992
6992
6992
6990
6989
6989
6988
6988
6987
6986
6985
6984
6983
6983
6983
6982
6982
6982
6981
6979
6978
6976
6975
6975
6975
6975
6972
6971
6968
6968
6965
6965
6964
6964
6983
6963
6961
6959
6959
6959
6957
6956
6955
6955
6952
6952
6952
6951
6949
6946
6946
6945
6943
6941
6941
6959
6941
6941
6940
6938
6938
6937
6935
6933
6933
6932
6929
6928
6928
6928
6928
6927
6926
6925
6924
6923
6919
6919
6917
6916
6915
6913
6911
6911
6911
6910
6908
6908
6907
6907
6906
6906
6906
6906
6905
6905
6905
6902
6902
6901
6900
6900
6899
6899
6899
6899
6898
6898
6897
6896
6895
6895
6894
6894
6892
6890
6887
6884
6883
6883
6883
6883
6882
6882
6880
6880
6878
6878
6877
6877
6876
6874
6876
6870
6869
6869
6869
6869
6868
6868
6867
6866
6865
6864
6864
6862
6862
6861
6861
6861
6859
6859
6857
6857
6856
6855
6855
6855
6854
6852
6851
6851
6851
6850
6850
6850
6849
6849
6849
6847
6846
6846
6845
6844
6844
6844
6842
6842
6842
6841
6841
6839
6839
6837
6837
6835
6835
6832
6832
6830
6829
6828
6832
6826
6825
6825
6824
6823
6822
6821
6821
6821
6821
6819
6819
6818
6818
6817
6817
6816
6811
6811
6810
6810
6812
6809
6808
6806
6806
6805
6803
6803
6801
6801
6799
6796
6794
6793
6792
6791
6791
6790
6790
6789
6788
6787
6787
6786
6786
6786
6785
6785
6784
6783
6781
6781
6781
6780
6779
6778
6777
6777
6777
6776
6774
6772
6772
6771
6768
6767
6767
6765
6765
6764
6763
6762
6759
6759
6757
6756
6755
6754
6753
6752
6751
6751
6750
6749
6746
6746
6746
6740
6747
6750
6738
6736
6735
6734
6733
6733
6733
6731
6730
6730
6729
6729
6728
6728
6728
6728
6727
6726
6731
6725
6725
6724
6723
6722
6721
6721
6720
6718
6718
6717
6716
6713
6713
6713
6712
6712
6712
6711
6711
6710
6710
6709
6708
6707
6707
6707
6707
6707
6706
6706
6706
6705
6705
6704
6704
6704
6702
6701
6700
6699
6698
6698
6698
6697
6697
6695
6692
6692
6691
6690
6693
6690
6687
6687
6687
6686
6685
6684
6683
6690
6683
6682
6682
6680
6680
6680
6679
6679
6678
6698
6678
6678
6677
6676
6675
6674
6672
6667
6671
6671
6670
6669
6668
6666
6666
6664
6663
6663
6661
6661
6661
6659
6657
6655
6654
6653
6653
6653
6651
6651
6650
6650
6648
6648
6647
6646
6646
6658
6644
6644
6644
6643
6643
6640
6638
6637
6637
6633
6633
6631
6631
6630
6630
6630
6630
6628
6628
6626
6624
6622
6621
6620
6619
6643
6618
6616
6616
6615
6613
6613
6613
6612
6612
6611
6610
6610
6609
6609
6608
6608
6611
6602
6602
6602
6602
6601
6601
6601
6599
6598
6598
6597
6597
6596
6596
6596
6596
6595
6595
6594
6594
6594
6594
6593
6593
6592
6592
6592
6592
6591
6587
6586
6585
6585
6585
6583
6583
6581
6593
6580
6579
6578
6577
6577
6575
6573
6572
6571
6569
6569
6567
6567
6566
6566
6564
6562
6560
6559
6559
6558
6557
6557
6556
6556
6554
6552
6551
6550
6550
6550
6549
6549
6548
6547
6547
6546
6546
6545
6545
6544
6543
6541
6541
6540
6540
6538
6537
6536
6536
6536
6535
6553
6535
6535
6535
6534
6533
6533
6533
6532
6530
6530
6530
6530
6530
6527
6526
6525
6524
6523
6523
6522
6522
6522
6521
6520
6520
6518
6518
6518
6517
6517
6517
6516
6515
6515
6513
6512
6512
6512
6511
6511
6511
6507
6506
6504
6503
6503
6502
6501
6500
6499
6498
6498
6494
6492
6492
6491
6491
6491
6491
6490
6488
6488
6487
6489
6486
6484
6483
6482
6482
6482
6482
6481
6481
6480
6480
6479
6479
6477
6476
6476
6474
6473
6472
6472
6471
6469
6469
6468
6468
6467
6466
6464
6464
6464
6464
6469
6462
6462
6462
6462
6461
6460
6459
6459
6458
6458
6456
6456
6455
6455
6454
6454
6454
6453
6453
6452
6452
6452
6452
6451
6451
6451
6450
6450
6449
6448
6447
6446
6444
6444
6442
6440
6439
6439
6438
6438
6434
6434
6434
6433
6433
6433
6432
6431
6430
6427
6426
6424
6422
6421
6420
6419
6421
6417
6416
6415
6414
6429
6413
6413
6412
6411
6411
6410
6408
6408
6407
6407
6406
6406
6405
6417
6404
6404
6403
6402
6401
6401
6399
6399
6398
6398
6398
6396
6396
6396
6396
6396
6395
6393
6393
6392
6392
6392
6391
6390
6390
6389
6386
6386
6384
6393
6382
6382
6382
6381
6380
6379
6379
6378
6376
6375
6374
6373
6372
6372
6372
6371
6371
6401
6370
6370
6369
6368
6368
6368
6366
6365
6365
6365
6363
6362
6362
6361
6361
6363
6361
6360
6360
6359
6359
6359
6358
6358
6357
6357
6357
6355
6354
6351
6351
6351
6351
6350
6350
6350
6350
6350
6349
6349
6348
6347
6347
6346
6345
6344
6344
6344
6343
6342
6342
6341
6341
6341
6341
6341
6340
6339
6339
6339
6339
6339
6338
6338
6337
6337
6336
6336
6335
6334
6333
6333
6333
6346
6329
6328
6327
6326
6325
6323
6323
6322
6322
6322
6321
6320
6318
6318
6318
6322
6314
6313
6313
6312
6311
6310
6309
6309
6307
6307
6305
6298
6303
6301
6300
6300
6299
6299
6299
6299
6314
6297
6295
6295
6294
6294
6294
6294
6294
6293
6293
6293
6292
6291
6290
6289
6288
6287
6286
6282
6282
6281
6281
6280
6280
6278
6278
6276
6276
6274
6273
6272
6272
6271
6271
6269
6268
6267
6267
6267
6266
6265
6264
6265
6261
6261
6261
6260
6260
6258
6257
6257
6256
6256
6256
6254
6253
6253
6252
6252
6250
6249
6248
6248
6246
6243
6240
6238
6250
6237
6237
6236
6234
6233
6233
6232
6231
6238
6230
6230
6229
6228
6228
6228
6226
6226
6226
6226
6225
6224
6223
6223
6222
6221
6221
6221
6231
6219
6218
6217
6217
6217
6216
6214
6212
6212
6210
6209
6208
6207
6207
6206
6206
6206
6217
6205
6203
6202
6202
6201
6200
6214
6199
6199
6199
6199
6197
6197
6197
6197
6196
6196
6195
6195
6195
6194
6194
6194
6194
6193
6193
6193
6192
6192
6192
6190
6189
6188
6188
6187
6186
6186
6202
6185
6184
6183
6182
6182
6181
6181
6179
6177
6177
6177
6176
6176
6174
6173
6172
6172
6168
6167
6167
6167
6169
6163
6163
6162
6161
6161
6161
6160
6159
6158
6158
6156
6155
6152
6172
6151
6151
6150
6147
6146
6146
6145
6145
6144
6144
6143
6142
6140
6140
6139
6135
6135
6134
6134
6133
6132
6131
6131
6130
6130
6129
6127
6126
6126
6126
6126
6126
6126
6125
6125
6124
6124
6124
6123
6123
6122
6122
6121
6121
6121
6120
6119
6118
6118
6118
6117
6117
6116
6115
6113
6112
6111
6111
6119
6111
6111
6111
6110
6109
6109
6108
6107
6106
6106
6105
6105
6105
6105
6105
6104
6104
6103
6102
6102
6100
6100
6100
6099
6106
6094
6094
6094
6092
6091
6091
6089
6094
6088
6088
6088
6087
6086
6086
6086
6085
6084
6084
6084
6083
6082
6082
6082
6082
6081
6081
6079
6079
6077
6077
6076
6076
6076
6074
6074
6074
6074
6072
6072
6071
6070
6070
6070
6070
6069
6069
6067
6067
6066
6066
6064
6062
6061
6060
6060
6060
6059
6059
6058
6056
6056
6056
6055
6053
6053
6052
6052
6051
6051
6051
6049
6048
6048
6047
6047
6045
6044
6043
6043
6042
6041
6039
6039
6038
6038
6051
6036
6040
6033
6032
6032
6031
6031
6031
6030
6030
6029
6029
6029
6025
6024
6023
6023
6022
6021
6020
6020
6019
6019
6019
6018
6017
6016
6016
6015
6033
6013
6013
6012
6012
6011
6011
6010
6008
6007
6007
6007
6006
6005
6018
6005
6004
6003
6003
6002
6002
6001
6001
5998
5997
5996
5996
5994
5993
5993
5993
5993
5993
5992
5991
5991
5991
5990
5989
5989
5989
5989
5988
5988
5986
5986
5986
5986
5984
5983
5983
5982
5982
5982
5982
5982
5981
5980
5980
5979
5977
5977
5976
5975
5975
5975
5975
5975
5975
5974
5972
5972
5972
5971
5971
5971
5978
5970
5970
5969
5968
5968
5968
5966
5964
5964
5963
5962
5961
5961
5969
5961
5961
5961
5960
5960
5959
5957
5957
5957
5957
5955
5954
5953
5953
5961
5952
5950
5950
5950
5948
5948
5948
5948
5947
5947
5947
5946
5946
5946
5945
5944
5943
5964
5943
5941
5941
5941
5940
5940
5939
5938
5938
5936
5936
5935
5935
5933
5933
5932
5930
5929
5929
5929
5929
5929
5929
5927
5927
5948
5927
5926
5925
5924
5924
5922
5922
5922
5922
5921
5921
5920
5920
5920
5919
5918
5917
5915
5913
5913
5913
5912
5912
5928
5912
5910
5930
5910
5910
5910
5909
5909
5908
5908
5908
5908
5907
5906
5906
5905
5905
5902
5901
5901
5901
5900
5899
5899
5898
5898
5897
5895
5894
5894
5893
5893
5893
5892
5891
5890
5890
5890
5890
5889
5889
5888
5888
5888
5886
5886
5885
5884
5882
5881
5881
5879
5878
5878
5877
5876
5875
5875
5875
5875
5874
5872
5872
5871
5871
5869
5868
5867
5867
5866
5865
5864
5864
5864
5863
5862
5860
5860
5860
5859
5858
5858
5857
5857
5856
5856
5856
5856
5855
5855
5854
5854
5853
5853
5853
5853
5868
5852
5851
5848
5848
5847
5847
5847
5846
5845
5845
5845
5844
5841
5840
5840
5840
5838
5838
5837
5837
5836
5835
5835
5835
5835
5834
5834
5832
5830
5828
5828
5827
5827
5827
5826
5826
5825
5825
5823
5821
5821
5820
5820
5819
5819
5818
5817
5816
5816
5815
5815
5818
5814
5835
5813
5813
5812
5812
5812
5812
5812
5812
5812
5810
5810
5810
5809
5806
5805
5805
5814
5805
5805
5805
5804
5803
5803
5802
5801
5801
5801
5800
5800
5799
5799
5799
5798
5798
5797
5797
5797
5796
5796
5795
5795
5794
5794
5794
5794
5793
5793
5793
5793
5792
5792
5791
5788
5787
5786
5786
5804
5786
5786
5785
5785
5784
5784
5783
5782
5782
5782
5780
5779
5779
5778
5778
5778
5778
5776
5775
5774
5774
5773
5773
5772
5772
5772
5771
5777
5770
5769
5768
5768
5768
5768
5766
5766
5766
5765
5764
5763
5762
5760
5758
5758
5757
5756
5755
5755
5755
5754
5754
5752
5751
5751
5751
5750
5750
5750
5749
5748
5748
5747
5756
5752
5745
5744
5744
5744
5743
5742
5742
5742
5740
5739
5739
5739
5739
5738
5737
5736
5765
5751
5732
5731
5730
5730
5729
5728
5728
5748
5726
5726
5726
5725
5723
5723
5722
5722
5721
5721
5721
5720
5720
5718
5718
5705
5718
5717
5716
5716
5716
5715
5715
5715
5715
5715
5714
5713
5712
5712
5712
5711
5709
5709
5707
5705
5705
5705
5705
5705
5704
5704
5703
5703
5703
5702
5700
5700
5699
5699
5699
5699
5698
5698
5697
5696
5696
5695
5695
5695
5695
5694
5694
5694
5693
5693
5691
5694
5688
5688
5686
5686
5686
5685
5685
5685
5684
5683
5683
5683
5682
5681
5681
5680
5680
5679
5678
5678
5678
5677
5676
5676
5675
5675
5674
5674
5673
5672
5671
5679
5670
5670
5673
5669
5674
5667
5667
5666
5678
5666
5666
5663
5662
5662
5661
5661
5682
5660
5659
5658
5657
5657
5656
5656
5656
5656
5656
5655
5655
5655
5655
5654
5654
5653
5652
5652
5651
5656
5650
5649
5649
5648
5647
5645
5645
5662
5644
5644
5643
5643
5639
5639
5639
5638
5638
5637
5637
5637
5636
5635
5635
5647
5635
5633
5632
5632
5631
5631
5630
5630
5629
5629
5629
5628
5627
5627
5627
5626
5625
5625
5625
5624
5624
5623
5623
5623
5622
5622
5621
5620
5620
5620
5619
5619
5618
5618
5618
5618
5618
5617
5617
5617
5617
5617
5617
5616
5616
5616
5616
5615
5613
5612
5611
5611
5611
5610
5610
5609
5609
5608
5608
5607
5607
5607
5607
5607
5604
5604
5603
5603
5603
5601
5601
5600
5599
5586
5599
5598
5598
5596
5595
5594
5594
5594
5596
5594
5593
5593
5592
5592
5592
5591
5591
5590
5589
5588
5586
5585
5585
5584
5583
5582
5580
5580
5579
5578
5578
5577
5577
5576
5576
5576
5576
5575
5573
5573
5573
5592
5568
5567
5567
5567
5567
5566
5565
5565
5564
5564
5563
5562
5562
5562
5561
5561
5561
5560
5560
5559
5559
5559
5557
5557
5556
5556
5555
5553
5553
5553
5553
5552
5552
5551
5550
5550
5550
5550
5549
5550
5548
5562
5546
5545
5544
5544
5543
5542
5540
5540
5540
5539
5539
5539
5538
5538
5537
5537
5536
5536
5534
5533
5532
5532
5531
5530
5530
5530
5529
5529
5528
5527
5526
5526
5526
5526
5525
5523
5522
5522
5532
5520
5520
5520
5520
5540
5518
5518
5518
5518
5516
5516
5516
5516
5515
5515
5515
5515
5515
5513
5513
5512
5512
5511
5511
5510
5510
5509
5509
5508
5508
5508
5506
5505
5505
5505
5504
5504
5504
5504
5503
5503
5503
5503
5503
5501
5500
5506
5498
5498
5498
5498
5498
5498
5497
5497
5496
5496
5496
5495
5495
5494
5494
5494
5493
5493
5493
5493
5492
5492
5491
5491
5489
5489
5488
5493
5487
5487
5487
5487
5486
5485
5485
5484
5484
5483
5481
5483
5480
5480
5480
5480
5478
5477
5477
5476
5474
5474
5474
5474
5472
5472
5471
5488
5470
5454
5469
5468
5468
5468
5467
5466
5464
5464
5462
5461
5461
5461
5460
5459
5459
5459
5459
5458
5458
5457
5457
5456
5456
5456
5456
5455
5453
5453
5453
5452
5451
5450
5450
5449
5449
5449
5449
5459
5447
5444
5444
5442
5442
5442
5442
5456
5441
5441
5440
5439
5439
5438
5438
5436
5436
5436
5436
5435
5435
5435
5435
5435
5435
5433
5432
5432
5431
5429
5429
5429
5429
5428
5428
5428
5426
5426
5426
5426
5426
5425
5425
5424
5424
5423
5423
5423
5423
5423
5422
5421
5421
5420
5420
5420
5420
5419
5419
5419
5419
5418
5418
5417
5415
5414
5413
5412
5412
5411
5410
5409
5409
5407
5407
5407
5406
5406
5405
5405
5405
5405
5405
5404
5404
5404
5404
5404
5403
5403
5402
5401
5401
5400
5400
5400
5400
5399
5399
5398
5398
5397
5397
5396
5395
5394
5394
5393
5393
5392
5391
5391
5389
5389
5389
5388
5388
5387
5387
5386
5385
5385
5384
5394
5383
5383
5383
5382
5382
5381
5380
5379
5379
5379
5379
5378
5378
5378
5378
5377
5377
5376
5376
5375
5374
5374
5383
5374
5373
5373
5370
5370
5369
5369
5369
5368
5367
5367
5367
5367
5367
5366
5364
5363
5363
5362
5361
5361
5360
5359
5358
5357
5355
5355
5355
5354
5354
5353
5351
5350
5348
5348
5347
5345
5345
5345
5345
5343
5360
5342
5341
5340
5340
5340
5340
5339
5339
5338
5337
5337
5336
5336
5336
5335
5335
5335
5335
5334
5334
5334
5333
5333
5332
5332
5331
5330
5330
5330
5329
5329
5329
5329
5328
5347
5326
5325
5325
5324
5324
5324
5324
5323
5323
5322
5322
5321
5320
5319
5319
5319
5330
5318
5317
5317
5316
5316
5315
5315
5315
5314
5313
5312
5312
5312
5311
5311
5310
5310
5309
5309
5308
5308
5308
5307
5305
5305
5305
5304
5303
5303
5301
5300
5300
5300
5299
5298
5298
5297
5297
5296
5296
5295
5295
5294
5294
5294
5293
5293
5302
5291
5291
5290
5289
5289
5289
5288
5287
5287
5287
5287
5287
5286
5286
5285
5285
5301
5285
5284
5284
5284
5296
5283
5283
5282
5282
5282
5282
5281
5281
5280
5278
5296
5325
5278
5277
5277
5277
5276
5275
5275
5273
5273
5272
5272
5272
5272
5271
5270
5270
5268
5281
5268
5268
5267
5265
5265
5264
5264
5264
5263
5263
5262
5262
5261
5260
5260
5257
5257
5255
5255
5255
5255
5254
5254
5253
5253
5253
5252
5251
5251
5250
5250
5250
5248
5269
5247
5247
5247
5246
5246
5246
5244
5243
5243
5243
5242
5242
5242
5241
5241
5241
5240
5239
5238
5238
5238
5237
5237
5237
5237
5236
5236
5236
5236
5235
5235
5234
5234
5233
5233
5231
5231
5231
5231
5230
5230
5230
5229
5229
5228
5228
5228
5228
5227
5227
5227
5226
5226
5226
5226
5240
5223
5223
5223
5223
5222
5221
5221
5220
5219
5219
5219
5219
5218
5218
5217
5217
5217
5216
5216
5216
5215
5214
5214
5214
5232
5213
5211
5211
5210
5210
5210
5209
5208
5207
5206
5205
5205
5205
5204
5204
5204
5203
5203
5203
5203
5203
5202
5202
5202
5202
5200
5200
5200
5198
5197
5197
5196
5195
5216
5195
5195
5194
5194
5193
5191
5190
5190
5199
5190
5189
5189
5188
5203
5187
5187
5186
5185
5209
5185
5185
5184
5184
5184
5183
5181
5180
5180
5178
5178
5176
5175
5175
5175
5174
5174
5174
5173
5171
5171
5170
5169
5169
5168
5168
5167
5167
5167
5166
5166
5166
5166
5165
5165
5164
5163
5162
5160
5160
5160
5160
5158
5158
5158
5157
5157
5157
5172
5156
5156
5165
5156
5155
5155
5155
5155
5154
5153
5153
5153
5152
5151
5150
5150
5150
5150
5149
5148
5148
5147
5147
5146
5146
5146
5145
5144
5143
5143
5141
5141
5140
5140
5139
5138
5138
5138
5137
5136
5136
5136
5135
5134
5133
5133
5131
5130
5130
5129
5129
5129
5135
5128
5127
5127
5127
5127
5126
5126
5125
5125
5125
5124
5124
5124
5122
5121
5120
5120
5119
5119
5118
5118
5117
5116
5116
5115
5115
5114
5114
5114
5113
5113
5113
5112
5112
5111
5110
5110
5110
5109
5109
5108
5107
5106
5106
5105
5105
5105
5104
5104
5109
5103
5121
5101
5101
5100
5100
5100
5099
5099
5097
5097
5098
5095
5095
5094
5094
5094
5094
5092
5092
5091
5091
5090
5090
5089
5089
5089
5071
5088
5087
5086
5086
5085
5084
5083
5082
5082
5081
5081
5080
5080
5079
5090
5078
5078
5076
5076
5075
5075
5074
5073
5073
5072
5072
5072
5072
5071
5071
5071
5070
5070
5070
5070
5069
5069
5069
5068
5067
5067
5066
5066
5066
5065
5064
5063
5063
5062
5062
5062
5081
5060
5097
5060
5059
5059
5059
5059
5058
5058
5057
5057
5057
5054
5053
5053
5052
5052
5052
5051
5070
5050
5049
5048
5048
5047
5047
5046
5046
5045
5045
5044
5044
5044
5043
5042
5042
5042
5042
5042
5042
5041
5041
5040
5039
5039
5038
5036
5036
5035
5035
5033
5033
5032
5029
5029
5028
5027
5027
5027
5026
5025
5024
5024
5024
5023
5022
5021
5021
5021
5020
5020
5019
5019
5019
5033
5017
5017
5017
5016
5016
5016
5016
5015
5015
5015
5014
5014
5013
5013
5013
5013
5012
5012
5011
5011
5010
5010
5010
5009
5009
5009
5009
5008
5008
5008
5007
5006
5005
5004
5003
5003
5003
5003
5003
5002
5002
5002
5001
5001
5000
5000
4999
4998
5010
4997
4997
4996
4996
4995
4995
4994
4994
4993
4993
4993
4993
4993
4992
4992
4992
4991
4990
4990
4990
4989
4989
4989
4989
4988
4988
4987
4987
4986
4986
4986
4986
4985
4985
4985
4985
4985
4985
4985
4984
4984
4984
4984
4984
4983
4983
4982
4982
4982
4982
4982
4981
4980
4979
4979
4979
4982
4977
4977
4977
4976
4976
4976
4976
4975
4974
4974
4973
4973
4972
4972
4971
4969
4969
4969
4968
4968
4968
4968
4966
4966
4966
4966
4965
4964
4964
4964
4964
4963
4963
4962
4973
4962
4968
4961
4964
4959
4959
4959
4959
4959
4959
4959
4958
4957
4957
4956
4956
4955
4955
4955
4954
4954
4954
4953
4953
4952
4952
4951
4950
4950
4950
4950
4950
4950
4950
4949
4949
4949
4949
4949
4948
4948
4959
4948
4947
4947
4947
4946
4946
4946
4946
4945
4944
4944
4944
4944
4943
4942
4942
4940
4940
4939
4939
4950
4938
4938
4960
4937
4936
4935
4934
4934
4934
4934
4933
4933
4932
4931
4931
4931
4930
4930
4946
4929
4929
4928
4928
4928
4927
4926
4926
4926
4925
4925
4924
4924
4924
4922
4922
4922
4922
4921
4921
4921
4920
4918
4917
4916
4916
4916
4916
4916
4914
4914
4913
4913
4913
4913
4912
4912
4912
4911
4911
4911
4911
4911
4910
4910
4910
4910
4908
4907
4906
4906
4905
4904
4904
4903
4903
4902
4902
4901
4900
4898
4898
4898
4897
4896
4895
4903
4894
4894
4894
4893
4893
4892
4892
4891
4891
4890
4890
4890
4890
4890
4890
4889
4889
4889
4904
4888
4888
4887
4884
4884
4884
4884
4883
4883
4882
4882
4881
4881
4880
4880
4892
4880
4880
4879
4879
4879
4879
4878
4877
4877
4877
4877
4876
4876
4875
4875
4874
4874
4874
4874
4873
4873
4873
4873
4872
4872
4871
4871
4871
4871
4870
4870
4869
4869
4869
4869
4868
4868
4867
4867
4867
4867
4866
4866
4866
4866
4866
4865
4865
4864
4864
4863
4862
4862
4859
4859
4859
4860
4858
4862
4856
4856
4856
4856
4856
4855
4855
4854
4854
4854
4853
4852
4852
4852
4852
4851
4851
4853
4849
4849
4849
4848
4847
4847
4846
4846
4845
4845
4844
4844
4843
4843
4843
4843
4842
4867
4842
4842
4841
4841
4841
4841
4841
4840
4839
4838
4838
4838
4838
4837
4837
4836
4836
4836
4848
4833
4833
4832
4832
4831
4831
4831
4831
4830
4830
4829
4829
4827
4827
4827
4826
4826
4826
4825
4825
4825
4825
4825
4824
4824
4823
4823
4823
4823
4822
4820
4820
4819
4818
4818
4818
4817
4817
4817
4816
4816
4837
4814
4814
4813
4813
4812
4812
4811
4811
4811
4810
4809
4809
4808
4808
4811
4807
4807
4807
4807
4806
4805
4805
4808
4803
4803
4802
4802
4802
4801
4801
4801
4801
4800
4800
4816
4799
4798
4798
4797
4797
4796
4795
4795
4795
4795
4794
4793
4793
4792
4792
4791
4791
4791
4791
4790
4790
4789
4789
4789
4789
4788
4788
4788
4787
4798
4787
4787
4787
4787
4787
4786
4786
4784
4784
4784
4783
4783
4783
4783
4782
4781
4781
4781
4781
4780
4780
4779
4777
4777
4777
4776
4776
4776
4775
4775
4775
4775
4774
4774
4774
4774
4774
4773
4773
4773
4771
4770
4769
4768
4768
4767
4767
4767
4767
4767
4767
4767
4765
4765
4764
4763
4763
4762
4762
4762
4762
4761
4761
4761
4760
4759
4759
4757
4757
4757
4757
4756
4756
4756
4755
4754
4752
4751
4751
4751
4751
4751
4750
4750
4750
4749
4747
4747
4747
4746
4745
4745
4745
4744
4744
4744
4744
4743
4743
4742
4742
4741
4741
4741
4740
4740
4740
4740
4739
4739
4738
4737
4736
4736
4735
4735
4734
4734
4734
4733
4733
4732
4717
4732
4732
4732
4731
4731
4731
4731
4731
4730
4730
4730
4730
4730
4730
4729
4728
4728
4728
4728
4728
4728
4727
4727
4727
4727
4726
4726
4725
4725
4725
4724
4723
4723
4722
4722
4722
4722
4731
4721
4721
4720
4720
4719
4718
4717
4717
4717
4717
4715
4715
4715
4714
4721
4714
4714
4714
4714
4713
4713
4712
4712
4711
4734
4710
4710
4709
4709
4709
4709
4709
4708
4708
4708
4708
4707
4707
4707
4707
4707
4707
4706
4706
4706
4704
4704
4704
4704
4704
4704
4703
4703
4703
4703
4703
4701
4701
4701
4701
4701
4700
4700
4700
4700
4699
4699
4698
4698
4698
4698
4698
4697
4696
4696
4696
4696
4696
4696
4696
4695
4695
4695
4695
4695
4694
4694
4694
4693
4693
4693
4692
4692
4692
4692
4692
4691
4689
4689
4687
4687
4687
4687
4686
4686
4686
4686
4706
4684
4684
4684
4683
4683
4683
4682
4682
4682
4682
4682
4681
4681
4681
4680
4680
4680
4680
4680
4700
4678
4678
4678
4677
4677
4676
4675
4675
4675
4673
4673
4673
4673
4672
4672
4672
4671
4671
4671
4671
4670
4670
4669
4669
4668
4667
4667
4667
4666
4665
4665
4665
4664
4664
4663
4662
4662
4662
4661
4661
4661
4661
4666
4661
4660
4660
4659
4659
4659
4659
4659
4659
4658
4658
4658
4658
4658
4657
4657
4657
4657
4656
4655
4655
4660
4655
4654
4653
4653
4652
4651
4651
4663
4650
4650
4650
4648
4648
4648
4648
4647
4646
4646
4646
4646
4645
4645
4645
4644
4644
4644
4643
4643
4655
4643
4643
4642
4642
4641
4641
4663
4617
4640
4639
4639
4639
4638
4638
4638
4638
4637
4637
4636
4636
4636
4635
4634
4634
4634
4634
4633
4633
4633
4633
4632
4631
4631
4634
4631
4631
4630
4628
4628
4627
4627
4627
4627
4625
4625
4625
4625
4625
4624
4624
4624
4624
4624
4623
4623
4622
4622
4621
4621
4620
4620
4620
4620
4619
4589
4619
4619
4619
4618
4618
4617
4617
4617
4616
4616
4616
4615
4614
4614
4614
4614
4614
4613
4616
4633
4613
4613
4612
4612
4612
4612
4612
4611
4610
4610
4609
4609
4608
4607
4606
4605
4605
4605
4605
4604
4604
4604
4603
4603
4602
4602
4601
4601
4601
4600
4599
4598
4598
4598
4598
4598
4596
4596
4595
4595
4594
4594
4593
4592
4592
4592
4592
4592
4591
4590
4589
4589
4589
4588
4588
4587
4587
4587
4587
4586
4586
4585
4585
4585
4585
4585
4584
4584
4583
4591
4582
4582
4582
4582
4582
4581
4581
4581
4580
4580
4579
4578
4578
4578
4578
4578
4601
4577
4577
4576
4576
4576
4576
4575
4574
4574
4574
4574
4574
4573
4573
4573
4573
4572
4571
4571
4571
4571
4570
4576
4569
4569
4568
4568
4567
4566
4566
4565
4565
4565
4564
4564
4564
4564
4564
4563
4563
4563
4563
4581
4562
4562
4561
4561
4561
4561
4560
4570
4559
4558
4558
4558
4558
4557
4557
4570
4557
4556
4555
4555
4555
4554
4553
4552
4552
4552
4552
4552
4551
4551
4550
4550
4549
4549
4549
4548
4548
4548
4547
4546
4546
4545
4545
4545
4545
4545
4545
4544
4544
4544
4544
4543
4543
4551
4543
4543
4543
4542
4542
4542
4542
4542
4541
4540
4552
4540
4540
4540
4539
4539
4539
4538
4538
4538
4538
4560
4537
4537
4536
4536
4536
4535
4535
4535
4535
4534
4534
4533
4533
4536
4532
4531
4531
4531
4531
4531
4530
4530
4530
4530
4530
4529
4529
4529
4529
4527
4525
4525
4525
4524
4524
4524
4523
4522
4522
4522
4522
4521
4521
4521
4521
4520
4520
4520
4519
4519
4519
4519
4518
4518
4517
4517
4517
4516
4515
4515
4515
4514
4514
4514
4514
4528
4514
4513
4513
4513
4512
4511
4511
4511
4510
4510
4510
4510
4509
4509
4509
4508
4508
4507
4507
4506
4506
4506
4505
4505
4505
4504
4504
4504
4503
4534
4503
4502
4502
4501
4500
4500
4499
4499
4499
4498
4498
4498
4498
4497
4497
4497
4497
4496
4496
4513
4496
4495
4495
4495
4495
4495
4494
4494
4494
4494
4493
4493
4493
4493
4493
4493
4492
4491
4491
4491
4490
4488
4488
4488
4488
4488
4488
4487
4487
4486
4486
4486
4484
4484
4484
4483
4483
4482
4482
4481
4481
4480
4480
4479
4479
4478
4478
4478
4477
4477
4477
4477
4477
4477
4476
4476
4476
4475
4475
4475
4475
4475
4474
4474
4474
4474
4474
4473
4483
4472
4472
4472
4472
4472
4470
4470
4470
4470
4470
4469
4469
4469
4468
4467
4466
4466
4466
4466
4466
4466
4465
4465
4465
4465
4464
4464
4464
4464
4464
4463
4463
4462
4462
4462
4461
4461
4461
4461
4460
4460
4460
4459
4458
4458
4458
4457
4457
4456
4455
4455
4455
4459
4454
4454
4454
4454
4453
4453
4453
4452
4452
4460
4451
4451
4450
4450
4449
4448
4446
4446
4445
4445
4445
4445
4444
4444
4443
4443
4443
4456
4442
4441
4441
4440
4440
4440
4440
4439
4439
4439
4438
4438
4438
4437
4436
4436
4437
4436
4436
4435
4435
4435
4435
4435
4434
4434
4434
4433
4433
4432
4432
4431
4431
4431
4432
4430
4430
4430
4428
4428
4428
4428
4428
4427
4427
4427
4427
4426
4425
4425
4425
4424
4423
4423
4423
4423
4421
4420
4420
4420
4420
4420
4419
4419
4418
4418
4418
4418
4417
4417
4417
4417
4416
4416
4416
4416
4416
4415
4415
4415
4415
4415
4415
4414
4414
4414
4414
4414
4413
4413
4413
4413
4413
4412
4412
4412
4410
4410
4410
4410
4409
4409
4409
4408
4408
4408
4408
4408
4407
4407
4406
4406
4406
4406
4406
4405
4405
4405
4405
4404
4404
4404
4404
4408
4404
4404
4403
4403
4403
4403
4402
4402
4401
4401
4400
4399
4399
4399
4399
4398
4398
4416
4397
4396
4396
4396
4396
4398
4396
4396
4395
4395
4395
4395
4394
4393
4393
4393
4393
4392
4391
4391
4391
4391
4390
4390
4390
4389
4389
4410
4388
4388
4388
4388
4388
4388
4387
4387
4387
4387
4387
4386
4386
4385
4385
4409
4385
4385
4385
4384
4384
4384
4384
4384
4383
4383
4382
4382
4381
4380
4380
4380
4379
4379
4379
4379
4379
4378
4378
4378
4378
4377
4377
4376
4376
4376
4376
4380
4376
4375
4375
4375
4375
4375
4375
4380
4373
4373
4373
4373
4372
4372
4371
4371
4370
4370
4370
4370
4369
4368
4367
4366
4366
4366
4366
4366
4365
4364
4364
4364
4364
4363
4363
4362
4362
4362
4362
4361
4361
4361
4361
4361
4359
4359
4357
4356
4356
4355
4355
4355
4355
4355
4353
4353
4352
4352
4352
4352
4369
4351
4351
4350
4350
4350
4349
4349
4348
4348
4348
4347
4347
4347
4346
4346
4346
4346
4346
4345
4345
4345
4345
4345
4354
4343
4343
4343
4343
4343
4343
4343
4342
4341
4340
4340
4340
4340
4338
4337
4337
4337
4337
4337
4336
4336
4336
4336
4336
4335
4335
4335
4335
4335
4335
4335
4334
4334
4333
4333
4333
4333
4332
4332
4332
4331
4331
4331
4331
4330
4330
4330
4329
4329
4329
4328
4328
4328
4328
4328
4328
4327
4326
4326
4325
4325
4325
4324
4324
4324
4324
4323
4322
4322
4322
4322
4324
4322
4321
4321
4321
4321
4321
4320
4320
4319
4319
4319
4319
4319
4318
4318
4318
4318
4318
4318
4317
4317
4317
4317
4317
4316
4316
4316
4316
4316
4316
4315
4314
4314
4314
4313
4312
4312
4312
4312
4311
4311
4311
4311
4310
4310
4309
4309
4308
4308
4308
4308
4306
4306
4306
4305
4305
4305
4305
4304
4304
4303
4301
4301
4301
4301
4301
4301
4301
4300
4300
4300
4300
4300
4300
4300
4300
4299
4299
4299
4299
4298
4298
4298
4297
4297
4297
4296
4296
4295
4295
4295
4295
4294
4293
4292
4292
4292
4292
4292
4291
4290
4289
4289
4289
4288
4288
4288
4287
4287
4287
4286
4286
4286
4286
4286
4285
4285
4284
4284
4283
4282
4282
4281
4281
4281
4281
4281
4281
4281
4281
4281
4280
4280
4280
4280
4279
4279
4279
4278
4278
4278
4278
4277
4277
4277
4277
4277
4277
4275
4275
4275
4275
4273
4273
4273
4272
4276
4271
4271
4271
4270
4270
4270
4270
4269
4269
4275
4269
4269
4268
4267
4267
4292
4267
4267
4266
4266
4266
4266
4266
4266
4266
4265
4265
4265
4264
4264
4264
4263
4263
4263
4262
4262
4260
4260
4264
4260
4299
4259
4259
4259
4258
4258
4258
4258
4258
4258
4257
4256
4255
4254
4254
4254
4254
4252
4251
4251
4251
4251
4251
4251
4250
4250
4250
4250
4250
4250
4250
4249
4249
4249
4249
4249
4248
4248
4248
4247
4246
4246
4245
4245
4245
4245
4244
4244
4244
4244
4243
4243
4242
4242
4242
4242
4241
4241
4241
4241
4241
4240
4240
4239
4239
4239
4239
4238
4238
4238
4237
4237
4237
4237
4236
4236
4236
4235
4235
4235
4235
4234
4234
4233
4233
4231
4230
4230
4230
4230
4230
4229
4229
4228
4228
4228
4228
4234
4226
4226
4226
4226
4225
4225
4225
4225
4225
4225
4225
4225
4225
4224
4224
4224
4224
4224
4224
4224
4223
4223
4223
4223
4222
4222
4222
4222
4222
4222
4222
4222
4222
4221
4221
4221
4220
4220
4220
4219
4219
4219
4219
4219
4218
4218
4218
4217
4217
4216
4216
4216
4216
4216
4216
4215
4215
4214
4214
4213
4213
4213
4212
4211
4211
4210
4210
4210
4210
4210
4209
4209
4209
4209
4209
4208
4208
4208
4208
4208
4208
4207
4207
4207
4207
4207
4206
4225
4206
4205
4204
4204
4204
4204
4203
4203
4202
4202
4202
4202
4201
4201
4200
4200
4200
4200
4199
4199
4199
4199
4198
4198
4198
4197
4197
4196
4196
4196
4196
4195
4195
4195
4194
4194
4193
4192
4198
4192
4192
4191
4191
4191
4191
4191
4190
4190
4190
4189
4189
4189
4189
4188
4187
4187
4187
4187
4186
4185
4185
4184
4184
4184
4184
4182
4182
4182
4182
4182
4182
4182
4181
4181
4181
4180
4179
4179
4179
4179
4179
4179
4178
4178
4176
4176
4175
4175
4175
4175
4175
4175
4174
4173
4173
4173
4173
4172
4172
4172
4171
4171
4171
4171
4170
4170
4169
4169
4169
4169
4168
4168
4168
4167
4167
4166
4166
4166
4165
4165
4165
4165
4165
4164
4163
4163
4163
4161
4161
4161
4160
4160
4160
4168
4158
4158
4157
4161
4157
4157
4156
4156
4156
4156
4156
4155
4155
4154
4154
4154
4154
4154
4153
4153
4153
4152
4152
4152
4152
4152
4152
4151
4151
4151
4151
4150
4150
4150
4150
4149
4160
4149
4149
4149
4149
4148
4148
4148
4148
4148
4147
4147
4145
4145
4144
4144
4144
4143
4143
4143
4142
4141
4141
4141
4141
4140
4140
4139
4139
4139
4139
4138
4138
4138
4138
4137
4137
4136
4136
4135
4134
4134
4133
4133
4133
4133
4132
4132
4132
4131
4131
4130
4130
4130
4130
4130
4129
4129
4129
4133
4127
4129
4127
4142
4125
4125
4125
4125
4124
4123
4123
4122
4122
4122
4122
4121
4121
4121
4121
4120
4119
4118
4118
4118
4117
4117
4117
4117
4116
4116
4116
4115
4114
4114
4113
4113
4112
4112
4112
4111
4111
4111
4111
4110
4110
4110
4110
4127
4109
4109
4109
4109
4109
4108
4119
4108
4108
4108
4108
4108
4107
4107
4106
4106
4106
4105
4105
4105
4105
4105
4105
4105
4105
4112
4104
4104
4104
4104
4103
4103
4103
4103
4103
4102
4102
4102
4101
4100
4100
4100
4100
4100
4100
4099
4099
4099
4099
4097
4097
4097
4097
4097
4096
4096
4095
4095
4099
4095
4095
4094
4094
4117
4093
4093
4093
4092
4092
4092
4092
4092
4091
4091
4091
4091
4090
4090
4090
4089
4089
4089
4100
4088
4087
4086
4085
4085
4085
4085
4085
4085
4084
4084
4084
4084
4084
4084
4084
4084
4083
4083
4083
4082
4082
4082
4082
4081
4081
4081
4081
4081
4080
4080
4080
4080
4079
4079
4077
4077
4077
4076
4076
4076
4076
4075
4075
4074
4074
4073
4073
4073
4073
4073
4073
4073
4072
4072
4072
4072
4071
4071
4071
4071
4071
4071
4070
4070
4069
4069
4069
4069
4068
4068
4067
4067
4067
4067
4067
4066
4066
4066
4066
4066
4066
4065
4065
4065
4064
4064
4080
4063
4063
4063
4063
4063
4062
4062
4062
4061
4061
4061
4061
4061
4060
4059
4059
4059
4059
4059
4058
4058
4058
4058
4057
4057
4057
4057
4057
4056
4056
4056
4056
4056
4056
4056
4055
4055
4055
4055
4055
4055
4055
4054
4054
4054
4054
4054
4052
4052
4052
4052
4051
4051
4051
4051
4051
4050
4050
4074
4050
4050
4050
4049
4048
4048
4047
4046
4046
4045
4045
4045
4045
4045
4045
4047
4044
4044
4043
4043
4042
4041
4041
4040
4040
4039
4039
4039
4039
4038
4038
4038
4038
4038
4037
4037
4037
4037
4036
4036
4036
4036
4035
4035
4036
4034
4034
4034
4034
4034
4033
4032
4032
4032
4032
4032
4032
4032
4032
4032
4031
4031
4030
4030
4030
4030
4030
4030
4030
4030
4029
4029
4028
4028
4027
4027
4026
4025
4025
4025
4024
4024
4024
4024
4043
4023
4023
4022
4021
4021
4021
4021
4021
4020
4020
4020
4019
4019
4019
4018
4018
4018
4018
4017
4029
4017
4017
4017
4035
4017
4016
4013
4013
4013
4012
4012
4012
4012
4012
4011
4010
4010
4010
4010
4009
4009
4014
4009
4009
4008
4008
4008
4008
4008
4008
4008
4007
4007
4007
4021
4006
4005
4005
4005
4005
4026
4005
4004
4003
4003
4002
4001
4018
4001
4001
4000
4000
4000
3999
3998
3998
3998
3997
3997
3997
3997
3997
3997
3996
3996
3995
3995
3995
4001
3994
3994
3993
3993
3993
3993
3993
3993
3993
3993
3993
3992
3992
3991
3991
3991
3991
3991
3991
3990
3990
3990
3990
3990
3989
3989
3989
3989
3989
3988
3988
3988
3988
3987
3987
3987
3987
3986
3986
3986
3986
3986
3985
3985
3985
3985
3985
3985
3984
3984
3984
3984
3983
3983
3983
3983
3983
3983
3982
3982
3982
3982
3981
3981
3981
3980
3980
3980
3980
3980
3980
3979
3978
3978
3978
3978
3978
3978
3978
3978
3978
3978
3977
3977
3976
3976
3976
3976
3975
3975
3975
3975
3975
3975
3974
3984
3974
3974
3974
3973
3973
3973
3973
3973
3973
3972
3972
3972
3972
3971
3971
3970
3970
3970
3998
3970
3970
3970
3970
3970
3969
3969
3969
3969
3968
3968
3967
3967
3967
3967
3966
3965
3965
3964
3964
3964
3964
3964
3963
3963
3963
3963
3962
3962
3962
3962
3962
3962
3962
3961
3961
3961
3960
3960
3960
3960
3960
3975
3959
3959
3959
3959
3959
3958
3958
3957
3956
3956
3956
3955
3955
3955
3955
3954
3954
3954
3954
3954
3954
3954
3953
3952
3952
3952
3951
3951
3951
3951
3950
3949
3949
3949
3948
3948
3948
3947
3947
3947
3947
3947
3947
3947
3946
3946
3946
3946
3946
3946
3945
3945
3945
3945
3945
3944
3944
3944
3944
3944
3944
3943
3942
3941
3941
3941
3941
3941
3940
3954
3940
3940
3939
3938
3938
3938
3938
3938
3938
3938
3937
3937
3937
3937
3936
3936
3936
3936
3936
3935
3935
3934
3934
3934
3933
3933
3933
3933
3933
3933
3933
3933
3932
3932
3931
3931
3931
3929
3929
3928
3928
3928
3928
3928
3927
3952
3927
3927
3927
3926
3926
3926
3925
3925
3925
3929
3924
3924
3924
3923
3923
3923
3921
3921
3921
3921
3921
3920
3920
3936
3920
3920
3919
3922
3919
3918
3918
3918
3918
3918
3917
3917
3916
3916
3915
3915
3915
3915
3915
3914
3913
3913
3913
3920
3912
3912
3911
3911
3911
3911
3911
3911
3911
3910
3910
3910
3909
3909
3909
3909
3908
3908
3908
3908
3908
3907
3907
3907
3907
3907
3906
3906
3906
3905
3905
3905
3905
3905
3904
3904
3904
3904
3904
3903
3903
3902
3902
3902
3902
3901
3901
3901
3901
3900
3899
3899
3899
3898
3898
3898
3898
3898
3897
3897
3897
3897
3897
3897
3896
3896
3895
3895
3895
3895
3895
3895
3895
3894
3894
3894
3894
3894
3893
3893
3892
3892
3891
3890
3890
3890
3890
3890
3889
3888
3888
3888
3887
3886
3886
3886
3885
3885
3885
3885
3885
3885
3884
3884
3884
3884
3883
3883
3883
3882
3882
3881
3881
3881
3880
3880
3880
3880
3880
3879
3879
3889
3878
3878
3877
3877
3892
3877
3876
3876
3876
3876
3875
3875
3875
3874
3874
3874
3874
3874
3874
3874
3873
3873
3873
3873
3873
3873
3873
3873
3872
3872
3872
3872
3872
3872
3872
3872
3872
3871
3871
3871
3871
3870
3870
3870
3870
3870
3868
3868
3868
3867
3867
3866
3866
3866
3866
3866
3865
3865
3864
3864
3864
3863
3863
3862
3862
3862
3862
3862
3861
3861
3861
3861
3861
3861
3863
3859
3858
3858
3857
3857
3857
3857
3856
3856
3868
3856
3856
3855
3855
3855
3855
3855
3854
3854
3854
3854
3854
3854
3854
3854
3854
3854
3854
3853
3853
3853
3853
3853
3853
3852
3852
3865
3851
3851
3850
3850
3850
3849
3849
3849
3849
3849
3849
3847
3847
3847
3846
3846
3846
3845
3845
3845
3845
3844
3844
3844
3844
3844
3844
3844
3843
3843
3842
3842
3842
3842
3841
3841
3840
3855
3840
3840
3821
3839
3839
3875
3839
3839
3839
3838
3838
3838
3838
3837
3837
3837
3836
3836
3835
3835
3835
3835
3835
3835
3834
3834
3833
3833
3839
3832
3832
3832
3832
3832
3832
3832
3831
3831
3831
3830
3830
3830
3830
3830
3830
3830
3829
3829
3829
3829
3829
3829
3828
3828
3828
3828
3828
3827
3827
3827
3826
3826
3825
3825
3825
3825
3825
3824
3824
3823
3823
3823
3823
3850
3823
3823
3823
3823
3822
3822
3822
3821
3821
3821
3821
3821
3820
3820
3820
3819
3819
3819
3819
3819
3819
3819
3818
3818
3825
3818
3818
3818
3818
3817
3817
3817
3817
3817
3817
3816
3816
3816
3830
3816
3816
3815
3815
3815
3815
3815
3815
3814
3814
3814
3813
3813
3813
3813
3812
3811
3811
3811
3811
3811
3810
3810
3828
3810
3809
3809
3809
3808
3808
3808
3808
3808
3807
3807
3807
3807
3806
3806
3806
3806
3806
3806
3805
3805
3805
3805
3804
3804
3804
3803
3803
3803
3803
3803
3802
3802
3801
3801
3801
3801
3801
3800
3800
3800
3799
3799
3799
3799
3798
3798
3822
3797
3797
3817
3792
3796
3811
3796
3795
3795
3795
3795
3795
3800
3794
3793
3793
3793
3793
3793
3792
3792
3792
3792
3792
3796
3791
3791
3806
3791
3791
3791
3790
3789
3789
3789
3789
3789
3789
3788
3788
3788
3798
3788
3787
3787
3786
3786
3788
3785
3785
3785
3784
3784
3784
3784
3783
3783
3782
3782
3782
3782
3782
3782
3780
3780
3779
3779
3778
3778
3777
3777
3777
3777
3780
3776
3776
3776
3776
3775
3775
3775
3775
3775
3775
3774
3774
3774
3774
3773
3773
3783
3781
3771
3771
3770
3770
3770
3769
3769
3769
3769
3769
3768
3768
3768
3768
3768
3768
3768
3768
3768
3768
3773
3767
3767
3767
3767
3767
3767
3766
3766
3766
3765
3765
3765
3769
3764
3763
3763
3763
3762
3762
3762
3762
3762
3762
3762
3761
3761
3761
3761
3761
3761
3761
3761
3760
3760
3760
3759
3764
3759
3759
3759
3758
3758
3758
3757
3757
3757
3757
3757
3757
3757
3757
3756
3756
3756
3756
3756
3755
3755
3755
3755
3755
3755
3755
3755
3754
3754
3754
3754
3754
3753
3753
3753
3753
3753
3752
3752
3752
3752
3752
3751
3751
3750
3750
3750
3750
3750
3750
3750
3749
3749
3749
3749
3748
3748
3748
3747
3747
3746
3745
3745
3745
3745
3745
3745
3744
3744
3744
3743
3743
3743
3743
3743
3742
3742
3741
3741
3741
3741
3741
3741
3740
3740
3740
3740
3740
3739
3739
3739
3739
3738
3738
3737
3737
3626
3737
3737
3737
3736
3736
3736
3736
3735
3735
3735
3735
3734
3734
3734
3734
3734
3734
3733
3733
3733
3733
3771
3733
3732
3742
3732
3732
3732
3745
3731
3731
3731
3731
3730
3730
3730
3750
3730
3730
3729
3729
3729
3729
3728
3727
3727
3727
3727
3748
3727
3727
3727
3726
3726
3726
3725
3724
3724
3724
3724
3723
3723
3722
3722
3722
3722
3721
3721
3721
3721
3721
3721
3720
3720
3720
3720
3720
3721
3720
3719
3719
3719
3718
3718
3717
3717
3717
3716
3716
3716
3716
3715
3716
3715
3715
3715
3715
3715
3715
3715
3715
3714
3714
3713
3713
3712
3712
3711
3711
3711
3711
3711
3710
3710
3710
3710
3710
3710
3710
3709
3709
3709
3708
3708
3708
3707
3707
3707
3707
3707
3707
3707
3707
3706
3706
3705
3705
3705
3705
3705
3705
3704
3704
3704
3703
3707
3703
3703
3703
3703
3703
3703
3702
3729
3702
3702
3701
3700
3700
3700
3700
3699
3699
3699
3699
3699
3698
3698
3698
3697
3697
3697
3703
3697
3697
3697
3708
3697
3697
3697
3696
3695
3695
3694
3694
3694
3694
3693
3693
3708
3693
3693
3699
3706
3692
3692
3692
3691
3691
3691
3690
3709
3690
3689
3689
3689
3689
3688
3688
3687
3686
3686
3686
3686
3686
3686
3686
3686
3686
3686
3685
3685
3685
3684
3684
3684
3684
3683
3683
3682
3682
3682
3682
3682
3681
3681
3681
3680
3680
3680
3680
3679
3679
3679
3679
3678
3677
3676
3676
3676
3676
3676
3676
3676
3675
3675
3675
3675
3674
3674
3674
3674
3674
3674
3674
3674
3673
3673
3673
3673
3673
3672
3675
3672
3671
3671
3671
3671
3670
3670
3669
3669
3669
3669
3668
3668
3668
3668
3668
3668
3668
3667
3667
3667
3667
3666
3666
3666
3665
3665
3665
3665
3664
3664
3664
3664
3664
3664
3663
3663
3663
3663
3663
3663
3662
3662
3662
3661
3661
3661
3660
3660
3660
3659
3659
3658
3658
3658
3658
3658
3658
3658
3658
3657
3657
3656
3656
3656
3656
3656
3656
3656
3656
3656
3655
3655
3655
3655
3655
3655
3654
3654
3654
3654
3654
3654
3653
3653
3653
3653
3653
3652
3652
3652
3652
3652
3652
3651
3651
3651
3651
3651
3651
3651
3651
3650
3650
3650
3650
3650
3649
3649
3649
3649
3649
3649
3649
3649
3648
3648
3647
3646
3646
3646
3646
3646
3646
3646
3646
3646
3645
3645
3645
3645
3644
3644
3644
3643
3643
3643
3643
3642
3642
3642
3641
3641
3641
3641
3641
3640
3640
3640
3640
3639
3639
3639
3639
3638
3638
3638
3638
3638
3638
3638
3637
3637
3637
3637
3637
3637
3637
3637
3637
3636
3636
3636
3636
3635
3634
3633
3633
3648
3633
3633
3632
3632
3631
3631
3631
3631
3631
3630
3630
3630
3630
3630
3630
3629
3629
3629
3629
3628
3628
3628
3628
3627
3627
3627
3627
3627
3639
3626
3626
3626
3626
3626
3626
3625
3624
3624
3624
3623
3623
3623
3623
3623
3623
3623
3629
3623
3623
3622
3622
3622
3632
3622
3622
3622
3622
3622
3621
3621
3621
3621
3621
3620
3620
3619
3619
3619
3619
3619
3635
3619
3619
3619
3619
3619
3618
3618
3618
3618
3618
3618
3617
3617
3617
3617
3616
3616
3626
3616
3615
3615
3615
3615
3614
3614
3614
3613
3613
3613
3613
3613
3613
3613
3613
3612
3612
3612
3612
3611
3611
3611
3611
3611
3611
3610
3610
3610
3610
3610
3610
3610
3610
3609
3608
3608
3608
3608
3608
3607
3607
3607
3607
3606
3606
3606
3606
3606
3606
3605
3605
3604
3604
3604
3604
3603
3603
3603
3603
3603
3603
3603
3603
3602
3602
3602
3611
3602
3602
3602
3601
3601
3601
3601
3601
3601
3601
3601
3600
3600
3599
3599
3598
3598
3598
3598
3598
3598
3597
3597
3597
3597
3597
3596
3596
3595
3596
3595
3595
3595
3625
3594
3594
3593
3593
3593
3593
3593
3593
3593
3593
3592
3592
3592
3591
3591
3591
3591
3591
3591
3591
3591
3590
3590
3589
3588
3588
3587
3587
3587
3587
3587
3587
3586
3586
3586
3586
3585
3584
3584
3584
3584
3584
3584
3584
3583
3583
3583
3583
3582
3598
3582
3582
3582
3582
3581
3581
3581
3581
3581
3580
3580
3580
3579
3579
3579
3579
3578
3598
3578
3578
3577
3576
3576
3576
3576
3588
3575
3575
3575
3575
3575
3574
3574
3574
3574
3573
3591
3573
3572
3572
3572
3572
3572
3572
3572
3571
3571
3570
3570
3569
3569
3569
3569
3568
3568
3568
3568
3567
3566
3566
3566
3566
3566
3565
3565
3565
3565
3564
3564
3564
3564
3564
3564
3564
3563
3563
3563
3563
3562
3562
3562
3562
3562
3562
3561
3561
3561
3561
3560
3560
3560
3560
3560
3559
3559
3559
3559
3559
3559
3559
3558
3558
3558
3558
3558
3558
3558
3558
3558
3557
3557
3557
3557
3557
3557
3556
3571
3556
3556
3556
3555
3555
3555
3555
3555
3555
3555
3554
3554
3553
3553
3553
3553
3553
3552
3552
3552
3551
3550
3550
3550
3550
3550
3550
3550
3549
3549
3549
3549
3549
3549
3548
3548
3548
3548
3556
3547
3547
3547
3547
3546
3546
3546
3546
3546
3545
3545
3545
3545
3545
3544
3544
3544
3544
3544
3543
3543
3543
3543
3555
3542
3542
3542
3542
3541
3541
3541
3541
3541
3540
3540
3544
3540
3539
3539
3557
3539
3539
3539
3538
3552
3538
3538
3537
3537
3537
3537
3537
3536
3536
3536
3536
3536
3536
3536
3536
3536
3535
3534
3534
3534
3533
3533
3533
3533
3533
3532
3532
3531
3531
3531
3530
3530
3529
3529
3529
3529
3529
3529
3539
3528
3528
3528
3528
3528
3527
3527
3527
3526
3526
3526
3526
3525
3531
3554
3525
3524
3524
3524
3523
3523
3523
3523
3523
3523
3523
3522
3533
3522
3522
3521
3537
3521
3521
3521
3521
3520
3533
3520
3520
3520
3520
3520
3519
3519
3519
3519
3519
3519
3519
3518
3518
3518
3518
3518
3517
3517
3517
3517
3517
3517
3531
3516
3520
3515
3515
3515
3515
3515
3515
3515
3514
3514
3514
3514
3514
3513
3513
3513
3513
3512
3511
3511
3511
3511
3511
3511
3510
3510
3510
3510
3510
3510
3510
3509
3520
3509
3509
3509
3509
3508
3508
3508
3508
3508
3507
3507
3507
3507
3506
3506
3506
3506
3506
3506
3506
3506
3505
3505
3505
3505
3505
3504
3504
3529
3503
3503
3513
3503
3503
3502
3525
3502
3502
3502
3502
3501
3501
3501
3501
3500
3500
3500
3500
3500
3499
3499
3499
3499
3499
3499
3499
3499
3499
3499
3498
3498
3498
3498
3498
3498
3497
3497
3496
3496
3496
3496
3496
3496
3495
3495
3495
3495
3495
3495
3495
3494
3494
3494
3494
3494
3494
3493
3493
3493
3493
3492
3492
3492
3492
3500
3491
3491
3491
3491
3491
3491
3491
3491
3491
3490
3490
3490
3490
3490
3490
3490
3489
3489
3488
3488
3488
3488
3488
3488
3487
3487
3487
3487
3487
3486
3486
3485
3485
3485
3485
3484
3484
3484
3484
3484
3484
3483
3483
3483
3483
3483
3483
3483
3483
3483
3482
3482
3482
3482
3482
3482
3482
3482
3482
3482
3481
3481
3481
3493
3480
3480
3480
3480
3480
3480
3480
3480
3480
3480
3479
3479
3479
3479
3478
3478
3478
3478
3478
3478
3478
3477
3493
3477
3476
3476
3476
3476
3476
3512
3475
3475
3475
3474
3474
3474
3474
3473
3473
3473
3473
3473
3473
3473
3472
3472
3472
3471
3476
3471
3471
3471
3470
3470
3470
3506
3470
3470
3470
3470
3469
3475
3469
3469
3468
3483
3468
3468
3468
3468
3468
3468
3467
3467
3467
3467
3467
3467
3471
3466
3466
3466
3466
3466
3465
3465
3465
3465
3465
3464
3464
3464
3464
3464
3464
3464
3463
3463
3463
3463
3463
3462
3462
3462
3461
3480
3461
3461
3461
3461
3461
3461
3460
3460
3460
3460
3460
3459
3459
3459
3467
3459
3458
3458
3458
3458
3478
3457
3457
3456
3456
3456
3456
3456
3456
3455
3455
3454
3453
3453
3452
3452
3452
3452
3452
3451
3451
3451
3451
3451
3451
3451
3450
3449
3449
3448
3448
3448
3448
3448
3447
3447
3447
3447
3447
3447
3447
3447
3447
3447
3446
3446
3446
3446
3446
3452
3446
3446
3445
3445
3445
3445
3445
3444
3444
3444
3444
3443
3443
3443
3443
3442
3442
3442
3442
3442
3441
3441
3441
3441
3441
3440
3440
3440
3440
3440
3440
3439
3439
3439
3438
3438
3438
3438
3438
3438
3438
3438
3437
3437
3437
3437
3437
3437
3437
3437
3436
3436
3436
3435
3435
3435
3434
3434
3434
3434
3434
3434
3434
3434
3433
3433
3433
3433
3433
3433
3432
3432
3432
3432
3431
3430
3430
3430
3430
3430
3430
3429
3429
3429
3429
3429
3429
3429
3428
3428
3428
3428
3428
3427
3427
3427
3427
3427
3426
3426
3426
3426
3426
3426
3426
3425
3425
3425
3425
3425
3425
3425
3425
3424
3424
3424
3424
3424
3423
3423
3423
3423
3423
3423
3423
3423
3423
3422
3422
3422
3422
3422
3421
3421
3421
3420
3420
3420
3420
3420
3420
3420
3420
3419
3419
3419
3419
3419
3419
3419
3418
3418
3418
3417
3417
3417
3416
3416
3416
3416
3416
3416
3415
3415
3415
3415
3415
3415
3415
3414
3414
3413
3412
3412
3417
3412
3412
3412
3412
3411
3411
3411
3411
3410
3410
3410
3410
3410
3410
3410
3410
3410
3409
3409
3409
3409
3409
3409
3408
3408
3408
3408
3408
3407
3407
3406
3406
3406
3406
3406
3405
3405
3405
3405
3405
3405
3405
3405
3405
3404
3404
3404
3404
3404
3404
3403
3403
3403
3403
3403
3403
3402
3402
3402
3402
3402
3402
3405
3401
3401
3401
3401
3400
3400
3400
3400
3399
3399
3399
3399
3399
3399
3399
3398
3398
3398
3398
3396
3396
3396
3396
3396
3396
3396
3396
3396
3396
3395
3395
3394
3394
3394
3394
3394
3393
3393
3393
3393
3392
3392
3392
3392
3391
3391
3391
3390
3390
3390
3390
3390
3379
3389
3389
3389
3388
3388
3388
3388
3388
3388
3388
3388
3387
3386
3386
3386
3386
3385
3385
3385
3385
3385
3385
3384
3384
3384
3384
3384
3384
3383
3383
3383
3383
3383
3383
3383
3386
3382
3382
3382
3382
3381
3381
3381
3381
3380
3380
3380
3380
3380
3380
3379
3379
3379
3379
3379
3379
3379
3378
3378
3378
3378
3378
3391
3376
3376
3376
3376
3376
3376
3376
3375
3374
3374
3374
3374
3390
3373
3373
3373
3373
3372
3372
3372
3372
3371
3371
3371
3371
3371
3371
3371
3370
3370
3370
3370
3370
3370
3370
3369
3369
3368
3368
3368
3368
3368
3368
3367
3367
3367
3367
3367
3367
3367
3366
3366
3366
3366
3366
3365
3365
3365
3365
3365
3364
3364
3363
3363
3363
3362
3362
3362
3362
3362
3362
3362
3361
3361
3361
3361
3361
3361
3360
3360
3360
3360
3360
3359
3359
3374
3359
3359
3359
3359
3358
3358
3358
3358
3358
3358
3358
3358
3357
3357
3357
3357
3356
3356
3356
3356
3356
3355
3355
3355
3355
3354
3354
3354
3358
3354
3354
3354
3354
3357
3353
3353
3353
3353
3353
3353
3353
3352
3352
3352
3352
3352
3351
3351
3351
3371
3351
3351
3350
3350
3350
3350
3350
3350
3350
3349
3349
3349
3349
3349
3349
3348
3348
3348
3348
3348
3347
3347
3347
3347
3347
3346
3346
3346
3346
3346
3346
3346
3346
3346
3345
3345
3345
3344
3344
3344
3344
3344
3343
3343
3343
3343
3343
3343
3343
3342
3342
3342
3342
3342
3342
3342
3341
3341
3341
3341
3341
3341
3340
3340
3340
3340
3340
3340
3340
3339
3339
3339
3339
3339
3339
3338
3338
3338
3355
3338
3338
3337
3337
3340
3337
3338
3337
3337
3336
3336
3336
3336
3336
3336
3335
3335
3335
3334
3334
3334
3334
3334
3333
3333
3358
3333
3333
3333
3333
3333
3344
3332
3332
3332
3332
3331
3331
3331
3331
3331
3331
3330
3329
3329
3329
3329
3329
3329
3328
3328
3328
3327
3327
3327
3327
3327
3326
3326
3325
3324
3324
3323
3322
3322
3322
3322
3322
3322
3321
3320
3320
3320
3320
3320
3319
3319
3319
3318
3318
3318
3318
3318
3327
3318
3318
3320
3317
3317
3317
3316
3316
3316
3316
3315
3315
3315
3315
3315
3314
3314
3314
3314
3314
3314
3313
3313
3313
3313
3313
3313
3312
3312
3312
3312
3312
3312
3311
3311
3311
3311
3311
3311
3310
3310
3310
3309
3309
3309
3309
3309
3309
3309
3308
3308
3307
3307
3307
3322
3306
3306
3305
3305
3304
3304
3304
3304
3304
3303
3303
3303
3303
3302
3302
3302
3302
3302
3301
3301
3301
3300
3300
3300
3299
3299
3299
3299
3299
3298
3298
3298
3297
3297
3297
3297
3297
3296
3296
3296
3296
3296
3296
3296
3295
3295
3295
3295
3295
3295
3295
3294
3294
3294
3294
3294
3293
3293
3293
3293
3292
3292
3292
3311
3291
3291
3291
3291
3291
3290
3290
3290
3290
3289
3289
3289
3289
3289
3289
3288
3288
3288
3287
3287
3287
3287
3286
3286
3285
3285
3285
3285
3284
3284
3284
3284
3284
3284
3284
3283
3283
3295
3283
3283
3283
3283
3282
3282
3282
3282
3282
3282
3282
3281
3281
3281
3281
3280
3280
3279
3279
3279
3278
3278
3278
3278
3277
3277
3277
3277
3276
3276
3276
3275
3275
3275
3275
3275
3275
3275
3275
3275
3275
3275
3274
3163
3273
3273
3273
3273
3273
3273
3272
3272
3272
3272
3272
3272
3271
3271
3289
3271
3271
3271
3271
3271
3271
3271
3271
3270
3270
3270
3270
3269
3269
3269
3269
3269
3269
3268
3268
3267
3267
3267
3267
3266
3266
3272
3266
3266
3266
3266
3265
3265
3265
3265
3265
3265
3265
3265
3264
3264
3264
3264
3263
3263
3263
3263
3263
3263
3263
3263
3263
3263
3262
3262
3262
3262
3262
3262
3261
3261
3261
3261
3261
3260
3260
3260
3260
3260
3260
3260
3259
3259
3259
3259
3259
3259
3259
3258
3258
3258
3258
3258
3258
3257
3257
3256
3256
3256
3256
3256
3256
3283
3255
3255
3255
3255
3254
3254
3254
3254
3254
3254
3254
3267
3253
3253
3253
3253
3252
3252
3252
3252
3251
3251
3251
3251
3252
3251
3251
3250
3250
3250
3250
3250
3250
3249
3249
3249
3248
3248
3248
3248
3248
3248
3248
3248
3247
3247
3247
3246
3246
3246
3246
3246
3246
3245
3245
3245
3245
3245
3245
3244
3244
3266
3244
3244
3243
3243
3243
3243
3242
3242
3242
3242
3242
3256
3241
3241
3241
3241
3241
3241
3240
3240
3240
3240
3240
3240
3240
3239
3239
3239
3239
3239
3239
3238
3238
3238
3238
3238
3238
3238
3237
3237
3237
3237
3236
3236
3236
3236
3236
3236
3236
3235
3235
3235
3235
3234
3234
3234
3234
3234
3251
3234
3234
3234
3233
3233
3232
3232
3232
3232
3232
3232
3232
3232
3232
3232
3232
3231
3231
3231
3231
3230
3230
3230
3230
3230
3230
3229
3229
3229
3229
3229
3228
3228
3228
3228
3228
3243
3228
3228
3228
3228
3227
3227
3227
3227
3226
3226
3226
3226
3226
3226
3226
3225
3225
3225
3225
3224
3224
3224
3224
3224
3223
3223
3223
3223
3223
3223
3223
3222
3222
3222
3222
3221
3247
3246
3221
3221
3221
3221
3220
3220
3220
3220
3220
3220
3220
3219
3219
3219
3219
3219
3218
3218
3218
3209
3218
3217
3217
3217
3217
3217
3217
3217
3217
3216
3216
3216
3216
3216
3216
3216
3215
3215
3215
3223
3215
3215
3215
3214
3214
3214
3214
3213
3213
3213
3213
3213
3212
3212
3223
3212
3212
3212
3212
3212
3212
3211
3211
3211
3211
3210
3210
3210
3210
3210
3209
3209
3209
3209
3208
3208
3207
3207
3207
3207
3207
3206
3206
3206
3205
3205
3205
3205
3205
3205
3205
3205
3205
3205
3205
3205
3205
3205
3205
3204
3204
3204
3204
3204
3208
3203
3203
3203
3202
3202
3202
3202
3202
3202
3202
3202
3201
3201
3201
3201
3201
3201
3201
3201
3201
3200
3200
3200
3200
3200
3200
3200
3200
3199
3199
3199
3199
3198
3198
3198
3198
3198
3198
3198
3197
3197
3197
3197
3197
3197
3197
3197
3196
3196
3196
3218
3196
3195
3195
3195
3194
3194
3194
3194
3194
3194
3194
3194
3194
3193
3193
3193
3193
3192
3192
3192
3192
3192
3191
3191
3191
3191
3191
3191
3190
3190
3190
3190
3190
3190
3190
3189
3189
3189
3188
3187
3187
3187
3187
3187
3187
3186
3186
3186
3186
3186
3186
3185
3185
3185
3185
3185
3185
3185
3185
3205
3184
3184
3184
3184
3184
3184
3184
3184
3184
3183
3183
3183
3183
3183
3183
3182
3182
3182
3182
3182
3182
3182
3182
3182
3182
3182
3181
3181
3181
3181
3181
3181
3181
3181
3181
3181
3180
3180
3180
3179
3179
3179
3179
3179
3179
3178
3178
3178
3178
3178
3178
3177
3177
3176
3176
3176
3176
3176
3176
3176
3176
3175
3175
3175
3175
3174
3174
3174
3174
3174
3174
3174
3174
3174
3173
3173
3173
3173
3173
3173
3172
3172
3172
3172
3172
3171
3171
3171
3192
3171
3171
3171
3171
3170
3170
3170
3169
3169
3169
3169
3169
3169
3169
3168
3173
3168
3168
3168
3168
3167
3167
3167
3167
3167
3166
3166
3171
3166
3166
3165
3165
3165
3165
3165
3165
3165
3165
3165
3164
3164
3164
3164
3164
3164
3164
3163
3163
3163
3163
3163
3162
3162
3162
3162
3180
3162
3162
3162
3161
3161
3161
3161
3161
3161
3161
3160
3160
3160
3160
3160
3160
3160
3160
3159
3159
3159
3159
3159
3158
3158
3158
3158
3158
3206
3157
3157
3157
3157
3157
3157
3157
3156
3157
3156
3156
3156
3156
3156
3156
3156
3156
3155
3155
3155
3155
3155
3155
3155
3155
3153
3153
3153
3152
3152
3152
3152
3152
3152
3152
3182
3151
3151
3151
3150
3150
3149
3149
3149
3149
3149
3149
3149
3149
3149
3149
3149
3148
3148
3148
3148
3148
3148
3148
3148
3148
3147
3147
3147
3147
3147
3146
3146
3146
3146
3146
3146
3146
3146
3145
3145
3145
3145
3145
3145
3145
3144
3144
3144
3144
3144
3144
3143
3143
3143
3143
3142
3142
3142
3142
3142
3142
3142
3142
3142
3142
3142
3141
3141
3143
3141
3141
3141
3141
3140
3140
3140
3140
3139
3139
3139
3139
3138
3138
3137
3137
3137
3137
3136
3136
3136
3136
3135
3135
3135
3135
3135
3135
3135
3135
3135
3134
3134
3134
3134
3134
3134
3134
3134
3134
3133
3133
3133
3133
3132
3132
3132
3132
3132
3132
3132
3133
3131
3131
3131
3131
3130
3130
3130
3129
3129
3129
3129
3128
3128
3128
3128
3128
3127
3147
3130
3127
3127
3127
3127
3126
3126
3126
3126
3126
3126
3126
3125
3125
3125
3125
3125
3125
3125
3125
3124
3124
3124
3124
3124
3124
3124
3123
3123
3123
3123
3123
3123
3122
3122
3122
3122
3122
3122
3121
3121
3121
3121
3121
3120
3120
3120
3123
3120
3119
3119
3119
3119
3119
3118
3118
3118
3118
3139
3118
3118
3118
3124
3117
3117
3117
3117
3116
3116
3116
3115
3115
3115
3115
3115
3115
3115
3114
3114
3114
3114
3114
3114
3114
3113
3113
3113
3113
3113
3113
3113
3112
3112
3112
3112
3115
3112
3112
3112
3112
3112
3112
3112
3111
3111
3111
3111
3111
3111
3111
3110
3128
3110
3110
3110
3110
3110
3110
3109
3109
3109
3109
3109
3109
3109
3108
3108
3108
3108
3108
3107
3107
3107
3107
3106
3106
3106
3106
3106
3106
3106
3106
3105
3105
3105
3104
3104
3104
3104
3104
3104
3104
3104
3103
3102
3112
3102
3102
3102
3101
3101
3100
3100
3100
3100
3100
3100
3100
3099
3099
3099
3099
3099
3099
3099
3098
3098
3098
3098
3098
3098
3098
3098
3098
3098
3098
3098
3097
3097
3097
3097
3097
3097
3096
3096
3096
3096
3096
3096
3096
3096
3096
3096
3096
3095
3095
3095
3095
3095
3095
3095
3095
3094
3094
3094
3094
3093
3093
3093
3093
3092
3092
3092
3092
3092
3092
3092
3092
3092
3100
3092
3092
3091
3091
3091
3091
3091
3091
3091
3091
3091
3091
3090
3090
3090
3090
3090
3090
3090
3090
3089
3098
3089
3089
3089
3089
3089
3088
3088
3088
3087
3087
3087
3086
3086
3086
3086
3086
3086
3085
3085
3085
3085
3085
3085
3084
3084
3088
3084
3083
3083
3083
3083
3083
3082
3082
3082
3082
3082
3081
3081
3098
3081
3080
3080
3080
3080
3080
3080
3080
3080
3080
3079
3079
3078
3078
3078
3078
3078
3078
3078
3078
3078
3078
3077
3077
3077
3077
3077
3077
3076
3076
3076
3076
3076
3075
3075
3075
3075
3075
3075
3075
3082
3075
3078
3075
3075
3075
3075
3075
3074
3074
3074
3074
3074
3074
3074
3074
3073
3073
3073
3073
3072
3072
3072
3072
3096
3072
3072
3072
3072
3072
3071
3071
3071
3071
3071
3071
3071
3071
3071
3070
3070
3070
3070
3070
3069
3069
3076
3069
3094
3069
3069
3069
3068
3068
3068
3068
3068
3068
3068
3068
3067
3067
3067
3067
3067
3067
3067
3067
3066
3066
3066
3066
3066
3066
3066
3066
3065
3065
3065
3064
3064
3064
3064
3063
3076
3063
3063
3071
3063
3063
3062
3062
3062
3061
3061
3061
3061
3061
3060
3060
3060
3059
3059
3059
3059
3059
3058
3058
3058
3058
3058
3058
3058
3058
3058
3058
3057
3057
3057
3056
3056
3056
3056
3056
3056
3055
3055
3055
3055
3055
3055
3055
3055
3055
3054
3054
3054
3054
3054
3054
3054
3054
3054
3054
3054
3054
3053
3053
3053
3053
3053
3053
3053
3067
3052
3052
3052
3052
3052
3052
3051
3053
3051
3050
3050
3050
3050
3050
3049
3049
3049
3049
3049
3049
3049
3048
3048
3048
3047
3047
3047
3047
3046
3046
3046
3046
3046
3046
3046
3045
3045
3045
3045
3045
3045
3045
3045
3045
3044
3044
3044
3043
3043
3043
3043
3043
3043
3042
3042
3042
3042
3042
3041
3041
3041
3049
3041
3041
3041
3040
3040
3040
3040
3040
3040
3039
3039
3039
3039
3039
3039
3039
3038
3038
3038
3038
3038
3038
3038
3038
3037
3037
3037
3037
3037
3037
3037
3037
3037
3037
3037
3036
3036
3036
3036
3036
3035
3035
3035
3035
3035
3034
3034
3034
3034
3034
3033
3032
3032
3032
3053
3032
3032
3031
3031
3031
3031
3030
3030
3029
3029
3029
3029
3029
3029
3055
3028
3028
3028
3028
3028
3027
3027
3016
3027
3027
3049
3026
3026
3025
3025
3025
3025
3025
3025
3025
3025
3024
3024
3024
3024
3024
3024
3024
3023
3023
3023
3023
3023
3022
3021
3021
3021
3021
3021
3021
3021
3021
3021
3021
3021
3020
3020
3020
3020
3020
3020
3019
3019
3019
3019
3019
3018
3018
3018
3018
3018
3018
3018
3017
3017
3017
3051
3017
3016
3016
3015
3015
3015
3015
3014
3014
3014
3014
3014
3013
3013
3013
3013
3012
3012
3012
3012
3012
3011
3011
3011
3011
3011
3011
3011
3010
3010
3010
3010
3010
3009
3011
3009
3009
3009
3009
3009
3008
3008
3008
3008
3008
3008
3007
3007
3007
3007
3007
3007
3011
3007
3006
3006
3006
3006
3006
3006
3006
3005
3005
3005
3005
3005
3005
3005
3005
3004
3004
3004
3004
3004
3004
3004
3004
3003
3003
3003
3003
3003
3003
3002
3002
3002
3002
3002
3002
3002
3002
3002
3002
3001
3001
3001
3001
3001
3001
3001
3001
3001
3000
3006
3000
3000
3000
3000
3004
3001
