41581
30848
21629
21530
19540
18207
16815
16367
15509
14599
14271
13410
13102
12616
12600
12026
11753
11697
11267
11169
11094
11048
10970
10719
10668
10477
10381
10360
10346
10351
10251
10060
9925
9925
9878
9875
9855
9850
9728
9580
9556
9503
9452
9329
9326
9276
9229
9197
9191
9173
9153
9164
9135
9086
8882
8879
8865
8797
8714
8699
8655
8628
8622
8536
8539
8518
8424
8376
8224
8190
8110
8103
8067
8025
8019
7978
7920
7896
7833
7839
7801
7736
7637
7581
7576
7512
7508
7446
7429
7373
7368
7312
7279
7257
7205
7174
7151
7147
7129
7124
7095
7085
7066
7054
7043
7021
7020
7013
6969
6951
6913
6907
6887
6844
6811
6799
6796
6790
6803
6759
6750
6750
6740
6734
6733
6643
6639
6633
6632
6570
6534
6524
6504
6485
6483
6478
6468
6450
6441
6396
6410
6390
6390
6385
6377
6375
6367
6341
6309
6268
6216
6216
6198
6156
6147
6128
6109
6094
6106
6030
6002
5986
5954
5958
5940
5915
5954
5919
5894
5887
5844
5822
5798
5784
5773
5769
5753
5750
5739
5732
5731
5723
5718
5716
5718
5710
5673
5670
5648
5639
5629
5607
5602
5588
5577
5567
5536
5533
5527
5503
5502
5485
5482
5473
5446
5386
5379
5373
5373
5357
5352
5350
5340
5335
5334
5327
5291
5266
5241
5226
5225
5215
5213
5212
5208
5193
5176
5165
5159
5142
5141
5137
5134
5126
5112
5110
5109
5108
5106
5073
5073
5064
5063
5056
5055
5045
5042
5064
5028
5015
5004
5002
4993
4976
4975
4975
4970
4974
4957
4952
4944
4929
4929
4921
4915
4911
4896
4887
4885
4866
4858
4856
4837
4834
4830
4826
4819
4810
4797
4795
4789
4799
4787
4776
4764
4752
4751
4742
4739
4737
4725
4715
4714
4711
4719
4706
4688
4668
4665
4655
4653
4651
4651
4648
4628
4608
4607
4605
4601
4601
4597
4582
4579
4574
4572
4587
4566
4557
4549
4548
4543
4539
4537
4532
4529
4521
4513
4509
4504
4494
4483
4478
4475
4474
4472
4471
4469
4448
4437
4425
4424
4423
4420
4416
4415
4411
4406
4405
4405
4393
4392
4390
4388
4383
4377
4373
4373
4372
4361
4359
4355
4353
4352
4351
4326
4299
4298
4294
4294
4294
4285
4282
4265
4261
4254
4253
4244
4243
4241
4238
4238
4233
4229
4219
4218
4218
4216
4233
4196
4193
4192
4189
4183
4179
4175
4170
4162
4152
4148
4144
4128
4127
4126
4120
4110
4109
4105
4105
4101
4087
4086
4086
4081
4070
4069
4068
4060
4062
4051
4049
4039
4032
4029
4029
4026
4025
4020
4024
4002
3998
3996
3977
3975
3974
3973
3970
3970
3968
3967
3952
3940
3937
3922
3919
3916
3913
3908
3908
3906
3905
3904
3900
3900
3898
3897
3892
3886
3884
3868
3867
3863
3862
3861
3861
3856
3840
3853
3837
3833
3832
3848
3825
3822
3818
3814
3812
3811
3803
3800
3806
3810
3798
3793
3791
3789
3788
3800
3776
3776
3775
3773
3772
3772
3769
3767
3765
3764
3764
3762
3753
3751
3743
3765
3739
3739
3733
3731
3727
3725
3716
3716
3715
3714
3713
3736
3711
3703
3700
3699
3691
3689
3688
3684
3679
3674
3670
3670
3664
3645
3643
3641
3640
3647
3622
3620
3620
3620
3607
3603
3595
3594
3588
3579
3572
3555
3555
3553
3553
3550
3546
3531
3518
3515
3515
3515
3510
3507
3496
3491
3490
3487
3483
3477
3474
3473
3471
3467
3461
3459
3456
3453
3452
3449
3444
3461
3442
3438
3437
3436
3416
3414
3414
3412
3410
3406
3404
3403
3399
3393
3393
3386
3401
3393
3378
3377
3374
3391
3373
3373
3372
3371
3364
3364
3363
3361
3354
3348
3346
3345
3339
3338
3335
3330
3327
3323
3319
3317
3315
3313
3313
3309
3302
3298
3293
3291
3291
3289
3300
3287
3286
3286
3284
3281
3274
3267
3266
3262
3260
3259
3259
3254
3246
3243
3242
3252
3239
3237
3233
3227
3223
3222
3220
3220
3230
3217
3216
3212
3211
3209
3207
3205
3202
3202
3199
3195
3191
3190
3189
3185
3185
3182
3180
3180
3179
3177
3175
3191
3174
3173
3172
3171
3171
3167
3167
3165
3164
3161
3159
3157
3154
3153
3152
3147
3150
3143
3141
3140
3138
3134
3133
3130
3127
3122
3118
3117
3115
3113
3113
3106
3101
3097
3097
3096
3094
3088
3085
3082
3075
3075
3074
3072
3072
3070
3069
3067
3064
3062
3057
3054
3053
3053
3052
3052
3052
3049
3049
3048
3046
3040
3039
3041
3036
3033
3033
3031
3029
3028
3026
3024
3024
3017
3017
3016
3016
3014
3012
3010
3007
3006
