321340
234865
221051
159687
158934
155767
149068
131391
129154
128523
128341
124652
116340
116291
110337
105834
104692
104004
103824
101767
101320
99345
96657
93078
90334
89072
88183
84988
82715
81782
79368
78844
78695
76748
76442
76098
75742
75324
73695
73292
72035
71112
71030
70499
69445
66719
65471
65155
65050
64935
64496
63644
63223
63146
62070
61524
60974
60184
58764
58010
57920
57837
57697
57638
56766
56072
55591
55193
54989
54816
54630
53741
53684
53542
52963
52897
52747
52480
52426
52418
52265
51687
51519
51312
50528
50051
49767
49591
49127
49029
48853
48683
48634
48592
48001
47937
47245
47201
47155
46881
46212
46109
46007
45752
45353
45333
45078
44500
44468
44333
43905
43358
43075
42761
42530
42467
42296
42133
42054
41904
41792
41780
41660
41352
41342
41126
40979
40943
40868
40845
40762
40399
40294
40195
40125
40076
40050
40042
39624
39504
39116
39070
38863
38511
38424
38084
37823
37812
37141
37065
36755
36573
36414
36271
36201
36043
35708
35637
35318
35274
35249
35208
34172
34136
33514
33235
32988
32784
32767
32053
31809
31765
31731
31677
31613
31555
31058
30982
30936
30931
30846
30845
30731
30684
30653
30624
30399
30336
30258
30251
30209
30145
30034
29853
29806
29775
29442
29181
29065
28935
28816
28622
28211
28154
28098
28081
27860
27676
27638
27607
27417
27337
27253
27218
27186
27076
27065
27015
26939
26895
26696
26464
26377
26347
26322
26220
26168
26039
25800
25593
25415
25400
25140
25124
25000
24999
24933
24879
24801
24759
24724
24582
24521
24442
24198
24136
24085
24026
24017
24013
23977
23696
23632
23619
23468
23450
23390
23353
23293
23270
23193
23164
23058
22918
22901
22872
22815
22790
22774
22737
22581
22563
22513
22507
22499
22495
22433
22411
22383
22354
22293
22177
22113
21887
21864
21836
21782
21753
21751
21726
21670
21631
21614
21571
21550
21541
21531
21528
21457
21424
21340
21329
21280
21190
21136
20916
20887
20838
20789
20784
20766
20728
20678
20555
20537
20427
20407
20378
20359
20218
20211
20203
20154
20064
20015
19955
19864
19817
19777
19707
19657
19650
19593
19568
19563
19482
19472
19458
19415
19385
19266
19232
19215
19195
19163
19082
19004
18981
18958
18928
18906
18859
18847
18816
18781
18777
18700
18688
18670
18639
18623
18625
18469
18460
18459
18454
18342
18331
18284
18287
18257
18250
18234
18226
18146
18121
18026
17918
17925
17901
17896
17859
17814
17713
17685
17665
17645
17644
17561
17558
17533
17512
17498
17481
17415
17368
17359
17346
17335
17305
17288
17281
17279
17254
17167
17140
17070
17003
16984
16950
16950
16862
16858
16742
16740
16702
16675
16670
16655
16654
16650
16648
16631
16627
16621
16603
16572
16550
16552
16485
16484
16484
16465
16444
16414
16381
16340
16320
16297
16283
16279
16271
16222
16191
16187
16175
16153
16152
16113
16083
16078
16000
15972
15937
15916
15912
15889
15840
15836
15831
15818
15800
15795
15790
15759
15739
15662
15657
15623
15604
15602
15579
15562
15542
15516
15475
15472
15466
15448
15444
15432
15422
15398
15389
15377
15373
15371
15356
15346
15285
15262
15255
15254
15247
15241
15203
15196
15187
15136
15135
15099
15076
15067
15065
15053
15049
15042
15031
15021
15017
15013
15009
14985
14978
14941
14937
14936
14908
14908
14905
14885
14884
14868
14854
14839
14824
14821
14812
14809
14800
14756
14748
14720
14711
14651
14629
14615
14608
14604
14593
14590
14582
14537
14531
14525
14522
14510
14507
14475
14466
14451
14438
14438
14431
14402
14391
14362
14360
14341
14336
14322
14310
14289
14288
14287
14296
14279
14273
14266
14229
14224
14204
14188
14187
14182
14159
14168
14128
14089
14073
14073
14060
14047
14040
14036
14028
14009
13971
13952
13933
13929
13925
13912
13909
13909
13899
13880
13863
13841
13818
13812
13796
13772
13768
13765
13743
13714
13698
13647
13646
13646
13642
13632
13631
13628
13623
13614
13608
13605
13591
13591
13581
13570
13565
13557
13524
13490
13488
13478
13461
13455
13451
13444
13437
13435
13425
13424
13402
13384
13376
13391
13368
13363
13355
13343
13339
13330
13327
13326
13326
13334
13269
13306
13251
13251
13250
13244
13234
13230
13149
13136
13124
13141
13099
13056
13038
13034
13024
13013
13011
12994
13012
12995
12963
12983
12951
12930
12908
12906
12928
12896
12892
12893
12873
12853
12850
12848
12846
12828
12788
12774
12765
12751
12741
12736
12731
12723
12723
12719
12718
12705
12701
12701
12701
12696
12687
12682
12676
12676
12673
12668
12668
12663
12645
12637
12628
12624
12613
12603
12600
12598
12595
12592
12585
12585
12584
12581
12571
12567
12554
12553
12551
12546
12541
12534
12530
12529
12528
12517
12517
12505
12501
12500
12499
12498
12483
12480
12478
12477
12477
12450
12447
12417
12398
12397
12384
12380
12378
12374
12373
12370
12347
12336
12332
12322
12321
12344
12308
12300
12296
12281
12273
12272
12263
12257
12254
12243
12241
12225
12212
12203
12196
12187
12171
12171
12166
12172
12157
12109
12096
12081
12067
12067
12062
12057
12056
12050
12054
12024
12012
12011
12001
11998
11995
11993
11988
11988
11984
11977
11964
11961
11958
11946
11942
11937
11937
11950
11929
11924
11922
11921
11922
11911
11908
11897
11892
11891
11871
11860
11848
11849
11841
11837
11824
11817
11796
11793
11792
11783
11775
11770
11766
11756
11746
11746
11740
11736
11730
11729
11722
11708
11701
11700
11688
11681
11646
11644
11641
11626
11623
11616
11595
11588
11573
11572
11556
11554
11570
11552
11543
11542
11548
11526
11510
11498
11478
11477
11474
11467
11464
11458
11456
11451
11448
11462
11434
11424
11428
11411
11407
11405
11403
11401
11394
11378
11344
11342
11341
11372
11340
11339
11335
11333
11314
11308
11306
11301
11298
11287
11281
11273
11272
11238
11230
11208
11205
11202
11193
11174
11158
11146
11141
11139
11135
11125
11119
11107
11102
11096
11087
11081
11072
11058
11056
11052
11050
11048
11037
11028
11016
11016
11012
11011
11007
11007
11006
11006
11000
10996
10992
10982
10981
10978
10977
10975
10968
10960
10935
10931
10905
10893
10879
10873
10870
10867
10867
10864
10863
10847
10839
10829
10829
10827
10825
10823
10821
10824
10793
10789
10787
10783
10782
10778
10770
10767
10760
10758
10749
10740
10733
10729
10724
10722
10718
10714
10708
10702
10689
10684
10677
10670
10658
10652
10650
10647
10645
10630
10616
10607
10602
10597
10594
10579
10577
10572
10567
10566
10544
10527
10513
10506
10498
10485
10476
10453
10450
10448
10444
10441
10434
10433
10431
10429
10426
10424
10421
10402
10400
10388
10382
10379
10378
10376
10365
10358
10356
10345
10344
10338
10336
10323
10320
10297
10296
10295
10282
10277
10272
10261
10261
10257
10255
10249
10248
10245
10245
10234
10216
10209
10207
10207
10204
10197
10192
10189
10186
10186
10184
10182
10176
10174
10170
10169
10166
10164
10150
10145
10149
10141
10138
10127
10119
10116
10100
10096
10096
10094
10083
10077
10077
10062
10051
10051
10049
10047
10047
10045
10036
10035
10029
10029
10027
10021
10003
10002
10001
9995
9986
9994
9966
9952
9936
9933
9932
9930
9927
9926
9921
9921
9913
9908
9896
9892
9886
9881
9866
9858
9858
9857
9846
9842
9836
9836
9811
9802
9798
9800
9769
9759
9749
9746
9741
9730
9726
9720
9719
9714
9714
9707
9691
9691
9686
9681
9679
9675
9667
9663
9659
9655
9652
9645
9643
9652
9630
9624
9623
9619
9619
9604
9604
9601
9598
9589
9589
9582
9572
9571
9566
9555
9548
9545
9544
9539
9538
9531
9528
9527
9520
9518
9514
9508
9505
9504
9501
9498
9510
9485
9484
9482
9476
9471
9471
9465
9458
9451
9466
9443
9439
9436
9433
9433
9433
9422
9412
9403
9401
9398
9384
9376
9375
9374
9371
9371
9370
9369
9369
9369
9368
9367
9364
9364
9360
9351
9350
9346
9346
9334
9352
9325
9319
9310
9307
9296
9293
9293
9292
9289
9283
9276
9276
9276
9271
9267
9263
9263
9261
9260
9257
9255
9248
9253
9244
9243
9241
9234
9231
9231
9225
9224
9224
9223
9222
9218
9217
9216
9208
9207
9202
9201
9200
9197
9197
9196
9188
9178
9169
9168
9167
9165
9167
9161
9151
9151
9150
9150
9149
9148
9146
9145
9139
9170
9134
9132
9131
9128
9118
9091
9090
9080
9069
9060
9049
9040
9033
9030
9024
9012
9008
9002
9000
9014
8987
8986
8975
8974
8968
8967
8963
8959
8956
8949
8942
8942
8941
8937
8935
8934
8930
8928
8926
8916
8916
8914
8901
8896
8892
8888
8886
8884
8880
8877
8876
8897
8870
8868
8864
8862
8857
8856
8854
8853
8853
8852
8851
8850
8846
8842
8842
8825
8822
8814
8812
8827
8809
8808
8805
8801
8799
8793
8781
8778
8774
8772
8769
8766
8765
8758
8768
8753
8741
8739
8738
8736
8735
8732
8732
8730
8726
8723
8718
8715
8711
8710
8708
8703
8702
8702
8702
8701
8695
8695
8690
8689
8688
8685
8683
8675
8673
8673
8670
8665
8665
8654
8644
8643
8642
8639
8633
8624
8621
8618
8615
8610
8610
8607
8615
8604
8603
8595
8588
8594
8589
8588
8585
8580
8586
8578
8569
8569
8567
8565
8560
8550
8584
8544
8542
8539
8536
8534
8529
8522
8503
8502
8500
8497
8495
8492
8489
8484
8484
8478
8477
8475
8475
8473
8472
8467
8461
8456
8455
8454
8454
8454
8453
8452
8450
8472
8441
8437
8437
8443
8427
8425
8430
8421
8420
8418
8410
8409
8409
8429
8404
8399
8398
8395
8392
8392
8385
8384
8382
8368
8364
8359
8352
8349
8344
8336
8334
8333
8332
8330
8327
8326
8326
8324
8317
8308
8308
8306
8304
8291
8290
8286
8284
8283
8271
8271
8269
8268
8259
8254
8251
8247
8246
8246
8245
8241
8238
8230
8227
8227
8222
8218
8215
8213
8202
8201
8198
8198
8192
8187
8187
8179
8163
8162
8141
8136
8133
8128
8125
8124
8123
8122
8120
8120
8117
8117
8115
8115
8109
8111
8095
8095
8092
8092
8091
8091
8089
8087
8087
8081
8079
8076
8075
8074
8070
8064
8063
8061
8060
8054
8053
8052
8047
8039
8038
8034
8026
8019
8018
8018
8016
8014
8013
8006
8002
8002
7995
7991
7988
7988
7998
7979
7978
7977
7967
7964
7962
7960
7960
7951
7946
7945
7933
7932
7932
7931
7930
7929
7928
7924
7923
7922
7918
7917
7915
7914
7911
7907
7906
7905
7905
7903
7901
7901
7897
7896
7887
7887
7884
7877
7870
7866
7865
7864
7853
7851
7847
7847
7843
7843
7838
7837
7836
7835
7855
7831
7831
7824
7822
7821
7820
7817
7815
7812
7812
7810
7787
7778
7776
7776
7772
7768
7765
7765
7763
7763
7761
7759
7750
7750
7743
7737
7732
7728
7726
7716
7711
7709
7708
7708
7706
7704
7703
7696
7686
7674
7669
7685
7663
7662
7660
7659
7659
7652
7643
7641
7641
7640
7639
7638
7638
7634
7654
7631
7626
7626
7619
7618
7618
7630
7617
7613
7610
7605
7604
7602
7602
7599
7592
7591
7591
7588
7593
7587
7582
7582
7580
7580
7573
7567
7566
7563
7561
7558
7558
7557
7549
7546
7546
7545
7545
7541
7540
7536
7532
7532
7530
7521
7517
7511
7510
7499
7493
7491
7490
7496
7483
7483
7481
7481
7479
7479
7479
7471
7470
7469
7464
7464
7461
7459
7455
7452
7450
7441
7441
7438
7437
7436
7435
7434
7434
7431
7427
7426
7422
7421
7420
7420
7420
7417
7416
7416
7412
7409
7405
7404
7403
7424
7406
7398
7397
7394
7388
7387
7387
7386
7385
7383
7380
7378
7375
7374
7372
7368
7367
7366
7363
7363
7362
7360
7359
7356
7355
7378
7350
7350
7348
7340
7340
7340
7338
7338
7337
7333
7332
7329
7328
7326
7326
7322
7321
7349
7314
7313
7309
7307
7306
7306
7306
7302
7302
7301
7300
7298
7298
7294
7292
7288
7288
7283
7287
7280
7277
7277
7275
7275
7270
7266
7262
7259
7261
7258
7255
7254
7250
7250
7248
7248
7244
7243
7241
7233
7232
7231
7227
7226
7224
7223
7222
7221
7215
7213
7208
7206
7206
7205
7203
7200
7215
7198
7196
7196
7196
7190
7190
7187
7182
7182
7178
7177
7174
7174
7172
7170
7167
7167
7166
7162
7158
7158
7157
7157
7156
7156
7152
7149
7148
7146
7145
7140
7140
7138
7135
7135
7129
7128
7140
7127
7124
7122
7119
7118
7117
7116
7116
7115
7115
7105
7100
7099
7093
7092
7091
7090
7087
7085
7083
7081
7079
7077
7075
7074
7072
7072
7068
7068
7066
7059
7059
7058
7056
7055
7055
7054
7053
7051
7060
7048
7047
7046
7043
7042
7042
7042
7042
7040
7040
7037
7035
7034
7034
7031
7031
7027
7026
7022
7021
7016
7014
7011
7011
7010
7007
7006
7006
7005
7001
6999
6994
6993
6988
6981
6980
6975
6974
6970
6967
6967
6966
6954
6952
6943
6942
6941
6937
6935
6933
6930
6929
6947
6933
6924
6921
6921
6919
6914
6913
6911
6915
6908
6907
6907
6906
6903
6903
6902
6902
6899
6895
6893
6891
6891
6890
6888
6887
6895
6885
6884
6878
6875
6870
6868
6867
6867
6866
6864
6863
6862
6860
6859
6858
6857
6855
6854
6852
6850
6851
6843
6843
6842
6839
6839
6838
6833
6824
6815
6809
6809
6807
6806
6805
6803
6798
6798
6795
6793
6793
6792
6791
6791
6789
6788
6786
6780
6779
6778
6776
6775
6775
6773
6773
6772
6770
6766
6763
6762
6762
6756
6755
6752
6751
6745
6730
6743
6741
6739
6739
6737
6736
6734
6733
6731
6730
6730
6727
6723
6720
6719
6716
6715
6713
6709
6706
6706
6704
6703
6698
6698
6692
6691
6685
6678
6677
6677
6676
6675
6674
6674
6674
6670
6670
6691
6667
6664
6662
6661
6661
6661
6655
6654
6649
6646
6622
6643
6643
6642
6639
6639
6639
6633
6632
6631
6630
6628
6627
6628
6622
6621
6619
6616
6616
6615
6614
6612
6610
6605
6604
6603
6602
6601
6599
6599
6595
6592
6597
6591
6591
6590
6614
6589
6587
6584
6580
6580
6576
6570
6567
6566
6565
6564
6564
6562
6560
6558
6556
6556
6547
6546
6543
6542
6541
6539
6530
6523
6523
6523
6519
6513
6512
6511
6510
6510
6510
6510
6509
6509
6509
6509
6506
6502
6500
6498
6493
6492
6489
6482
6482
6482
6480
6480
6480
6478
6472
6470
6466
6465
6464
6464
6466
6463
6460
6458
6455
6455
6455
6454
6454
6453
6452
6452
6451
6449
6449
6445
6444
6440
6439
6436
6433
6431
6430
6430
6422
6413
6413
6412
6411
6410
6409
6408
6407
6407
6406
6405
6404
6404
6401
6436
6398
6398
6396
6393
6393
6390
6389
6388
6387
6386
6386
6385
6382
6379
6376
6374
6373
6372
6372
6370
6370
6369
6369
6367
6367
6364
6364
6363
6382
6364
6359
6355
6354
6352
6350
6348
6347
6344
6343
6342
6342
6360
6338
6337
6337
6333
6332
6330
6328
6327
6326
6322
6321
6318
6317
6316
6316
6313
6313
6310
6309
6307
6305
6302
6312
6301
6301
6300
6299
6298
6298
6294
6292
6292
6292
6291
6306
6289
6289
6288
6284
6284
6284
6281
6279
6279
6278
6277
6277
6274
6277
6270
6286
6268
6266
6264
6263
6259
6257
6257
6256
6252
6249
6249
6248
6248
6242
6242
6240
6240
6239
6239
6238
6237
6236
6235
6235
6233
6229
6227
6224
6224
6224
6223
6222
6221
6220
6219
6218
6215
6214
6213
6208
6207
6206
6204
6202
6201
6199
6195
6195
6193
6192
6189
6186
6094
6203
6181
6180
6180
6179
6179
6175
6177
6173
6172
6171
6171
6171
6175
6167
6166
6165
6163
6161
6159
6159
6157
6153
6152
6152
6151
6150
6147
6147
6145
6145
6144
6142
6142
6137
6136
6135
6135
6134
6133
6133
6132
6132
6132
6131
6130
6130
6128
6126
6126
6125
6124
6124
6121
6121
6121
6120
6116
6116
6115
6115
6112
6111
6109
6108
6108
6108
6105
6110
6101
6100
6098
6098
6095
6091
6089
6089
6089
6086
6086
6100
6082
6081
6080
6080
6078
6077
6093
6076
6075
6074
6074
6071
6069
6096
6065
6064
6060
6058
6039
6058
6056
6051
6050
6048
6047
6044
6057
6043
6042
6040
6039
6037
6041
6036
6031
6027
6026
6026
6025
6025
6047
6021
6020
6020
6017
6017
6016
6015
6014
6012
6012
6011
6011
6009
6009
6007
6004
6003
6002
6001
6001
5997
5997
5997
5994
5993
5989
5989
5989
5989
5988
5987
5986
5986
5996
5986
5985
5984
5984
5984
5982
5980
5979
5977
5974
5974
5972
5971
5971
5968
5965
5965
5964
5979
5961
5961
5958
5957
5962
5956
5969
5955
5949
5948
5946
5945
5942
5947
5938
5934
5943
5930
5930
5930
5928
5927
5927
5926
5926
5922
5921
5921
5921
5920
5920
5919
5915
5913
5912
5911
5911
5908
5907
5906
5904
5904
5903
5898
5896
5895
5895
5895
5892
5891
5887
5886
5883
5883
5895
5879
5894
5876
5875
5875
5872
5869
5863
5863
5861
5859
5858
5858
5857
5856
5856
5851
5851
5851
5851
5848
5848
5847
5845
5844
5843
5841
5841
5840
5838
5835
5836
5832
5831
5831
5826
5825
5824
5823
5821
5820
5820
5818
5816
5815
5815
5813
5812
5812
5811
5808
5818
5807
5805
5805
5804
5803
5800
5797
5797
5796
5795
5794
5794
5791
5790
5788
5787
5786
5785
5784
5781
5776
5773
5773
5773
5768
5765
5764
5762
5781
5759
5758
5752
5747
5747
5746
5746
5745
5744
5744
5743
5740
5739
5738
5747
5737
5737
5737
5737
5736
5735
5732
5729
5728
5727
5727
5727
5725
5725
5724
5724
5746
5720
5719
5717
5715
5712
5712
5731
5710
5709
5706
5705
5704
5704
5704
5704
5701
5696
5716
5694
5693
5692
5692
5692
5691
5690
5689
5689
5687
5683
5683
5682
5680
5679
5678
5678
5678
5678
5677
5677
5676
5675
5673
5673
5671
5671
5670
5669
5669
5668
5668
5667
5666
5665
5664
5660
5658
5657
5656
5656
5655
5650
5649
5649
5648
5645
5645
5647
5643
5642
5653
5641
5640
5639
5639
5638
5638
5637
5637
5634
5632
5631
5627
5627
5626
5623
5623
5623
5621
5619
5619
5612
5610
5608
5608
5607
5603
5602
5600
5597
5597
5596
5595
5595
5594
5594
5594
5593
5593
5590
5588
5587
5587
5587
5585
5584
5584
5583
5583
5583
5579
5578
5600
5575
5574
5574
5573
5571
5569
5569
5569
5569
5569
5566
5566
5560
5557
5554
5554
5554
5554
5577
5550
5549
5544
5544
5542
5542
5540
5539
5539
5538
5538
5535
5533
5530
5528
5528
5528
5527
5527
5527
5523
5523
5522
5521
5519
5518
5518
5518
5517
5523
5515
5513
5511
5510
5509
5508
5507
5507
5507
5506
5503
5525
5501
5497
5497
5496
5496
5495
5495
5492
5491
5494
5490
5489
5489
5494
5488
5487
5486
5484
5483
5483
5483
5482
5482
5479
5479
5477
5474
5472
5471
5470
5469
5469
5468
5468
5482
5467
5467
5465
5465
5464
5463
5461
5460
5460
5460
5459
5456
5456
5455
5455
5455
5454
5452
5452
5451
5451
5449
5455
5447
5446
5445
5445
5442
5440
5439
5438
5438
5437
5436
5434
5433
5432
5432
5431
5428
5461
5425
5423
5423
5421
5419
5417
5415
5413
5412
5412
5411
5410
5410
5410
5410
5409
5409
5409
5407
5407
5405
5404
5404
5404
5402
5402
5401
5401
5399
5397
5396
5395
5395
5394
5394
5389
5388
5387
5386
5385
5385
5382
5380
5379
5378
5378
5377
5377
5376
5373
5373
5373
5372
5371
5369
5367
5420
5363
5363
5363
5373
5381
5361
5364
5360
5358
5357
5357
5375
5356
5355
5355
5352
5352
5351
5351
5351
5351
5350
5348
5348
5348
5347
5347
5347
5346
5344
5341
5340
5340
5340
5339
5338
5338
5337
5337
5336
5335
5335
5335
5334
5334
5334
5333
5332
5343
5331
5331
5331
5329
5327
5326
5326
5325
5324
5324
5323
5332
5321
5320
5320
5314
5313
5313
5313
5312
5310
5310
5309
5309
5309
5309
5309
5308
5308
5306
5306
5305
5304
5303
5302
5301
5300
5300
5300
5299
5299
5298
5296
5296
5295
5295
5294
5293
5293
5292
5292
5290
5290
5289
5285
5285
5285
5285
5284
5284
5284
5283
5288
5281
5276
5271
5271
5270
5269
5269
5268
5267
5266
5266
5266
5264
5257
5257
5255
5254
5254
5253
5253
5252
5252
5251
5251
5250
5253
5249
5248
5247
5245
5245
5245
5245
5244
5243
5241
5240
5235
5235
5233
5232
5229
5229
5228
5228
5227
5225
5224
5224
5224
5223
5222
5221
5220
5220
5219
5218
5218
5218
5218
5214
5213
5213
5213
5211
5210
5210
5207
5207
5207
5205
5203
5203
5202
5201
5200
5221
5198
5198
5198
5195
5195
5194
5193
5189
5188
5187
5183
5183
5181
5181
5181
5181
5180
5179
5178
5178
5176
5173
5173
5172
5172
5170
5167
5167
5166
5163
5177
5161
5161
5176
5155
5155
5155
5154
5151
5149
5147
5146
5146
5145
5145
5144
5142
5142
5140
5139
5139
5139
5137
5137
5135
5134
5133
5132
5140
5131
5130
5130
5129
5143
5124
5124
5124
5122
5117
5117
5114
5114
5113
5112
5111
5111
5111
5110
5109
5108
5106
5106
5105
5103
5103
5106
5102
5099
5099
5099
5098
5097
5096
5096
5095
5093
5090
5090
5088
5087
5087
5087
5115
5086
5084
5082
5081
5081
5098
5079
5079
5078
5078
5076
5075
5074
5074
5073
5073
5073
5072
5071
5065
5064
5063
5061
5060
5058
5057
5056
5056
5055
5055
5052
5052
5052
5052
5051
5050
5048
5048
5048
5046
5046
5046
5044
5043
5042
5041
5041
5041
5040
5039
5039
5039
5038
5045
5034
5033
5043
5031
5031
5031
5030
5029
5029
5029
5029
5029
5028
5025
5024
5023
5023
5022
5021
5021
5021
5017
5017
5016
5016
5015
5015
5013
5009
5008
5006
5006
5006
5003
5002
5001
5001
5000
5000
4999
4999
4998
4997
4995
4994
4993
4992
4990
4988
4987
4986
4984
4984
4983
4983
4983
4982
4981
4978
4977
4977
4977
4976
4976
4972
4972
4972
4971
4971
4995
4971
4982
4987
4969
4968
4967
4966
4965
4964
4963
4963
4963
4962
4961
4961
4959
4956
4956
4955
4954
4954
4953
4952
4951
4949
4949
4948
4948
4948
4947
4946
4946
4944
4961
4943
4965
4937
4937
4934
4934
4934
4931
4931
4930
4930
4928
4927
4927
4923
4921
4918
4918
4926
4917
4916
4915
4915
4914
4914
4914
4913
4911
4911
4907
4906
4906
4905
4905
4905
4905
4903
4903
4901
4901
4900
4899
4899
4898
4898
4898
4898
4911
4898
4897
4897
4896
4893
4892
4892
4892
4891
4891
4890
4890
4890
4889
4888
4888
4886
4885
4884
4884
4882
4881
4881
4881
4878
4877
4876
4876
4875
4873
4885
4871
4870
4868
4866
4865
4864
4863
4863
4861
4861
4859
4858
4870
4857
4857
4857
4856
4856
4854
4854
4852
4851
4850
4864
4850
4850
4850
4846
4846
4845
4844
4843
4842
4842
4841
4840
4840
4839
4838
4838
4835
4835
4834
4834
4833
4833
4832
4831
4830
4828
4828
4828
4827
4826
4824
4823
4823
4823
4823
4823
4821
4821
4819
4818
4817
4817
4816
4814
4814
4813
4812
4812
4812
4811
4810
4810
4810
4810
4806
4804
4803
4802
4802
4801
4801
4801
4801
4798
4797
4797
4797
4795
4795
4795
4821
4793
4793
4793
4793
4792
4791
4790
4790
4789
4788
4786
4786
4786
4785
4785
4783
4783
4782
4781
4780
4780
4778
4778
4777
4776
4776
4776
4776
4775
4774
4773
4771
4771
4770
4793
4781
4769
4767
4766
4764
4764
4764
4763
4763
4761
4761
4760
4760
4757
4757
4755
4755
4754
4753
4753
4751
4750
4750
4748
4748
4746
4746
4745
4745
4744
4744
4743
4742
4742
4741
4739
4739
4739
4737
4736
4736
4736
4735
4734
4733
4732
4731
4730
4730
4730
4729
4729
4728
4726
4725
4722
4721
4719
4717
4721
4714
4714
4711
4710
4709
4708
4707
4707
4706
4706
4705
4704
4702
4701
4701
4701
4701
4698
4698
4697
4696
4694
4694
4694
4692
4692
4692
4690
4689
4688
4688
4687
4686
4685
4684
4683
4683
4681
4681
4680
4680
4680
4680
4679
4678
4677
4676
4676
4676
4673
4673
4672
4672
4672
4670
4670
4670
4668
4668
4667
4667
4667
4666
4677
4665
4664
4663
4663
4657
4656
4656
4674
4653
4652
4652
4651
4651
4650
4648
4648
4647
4647
4646
4646
4645
4644
4643
4643
4641
4639
4637
4637
4633
4633
4632
4632
4632
4631
4630
4629
4628
4627
4625
4625
4625
4624
4624
4623
4623
4622
4621
4620
4620
4620
4619
4622
4617
4617
4617
4636
4615
4615
4615
4615
4615
4614
4614
4613
4611
4611
4607
4606
4605
4605
4603
4602
4600
4599
4599
4597
4596
4595
4594
4594
4594
4593
4591
4591
4591
4607
4582
4582
4582
4580
4580
4580
4580
4579
4578
4578
4577
4578
4578
4577
4576
4575
4574
4573
4572
4572
4572
4571
4571
4569
4568
4570
4565
4565
4565
4564
4564
4563
4562
4562
4562
4561
4569
4559
4559
4558
4558
4557
4556
4555
4555
4555
4554
4554
4553
4553
4551
4551
4551
4550
4550
4549
4549
4548
4547
4546
4545
4545
4545
4544
4543
4542
4541
4540
4539
4539
4539
4539
4538
4538
4537
4537
4561
4536
4535
4530
4528
4528
4527
4527
4526
4525
4524
4522
4521
4521
4521
4521
4519
4519
4518
4518
4516
4516
4514
4513
4513
4513
4512
4521
4512
4511
4511
4511
4510
4509
4508
4508
4506
4506
4505
4504
4502
4501
4500
4498
4516
4496
4496
4495
4494
4494
4493
4493
4492
4491
4496
4490
4489
4489
4488
4488
4487
4487
4487
4486
4486
4486
4486
4483
4483
4482
4481
4480
4480
4479
4479
4478
4478
4477
4476
4476
4475
4474
4473
4472
4472
4471
4471
4486
4469
4469
4469
4467
4467
4468
4466
4466
4465
4462
4459
4459
4459
4458
4457
4457
4456
4456
4455
4454
4453
4451
4451
4450
4449
4449
4449
4449
4448
4448
4448
4447
4446
4446
4445
4444
4443
4442
4442
4441
4441
4441
4439
4439
4439
4438
4437
4437
4437
4451
4435
4434
4438
4433
4453
4431
4429
4429
4429
4428
4426
4426
4424
4424
4423
4428
4420
4420
4419
4418
4417
4416
4414
4414
4413
4412
4410
4409
4431
4409
4409
4409
4408
4408
4408
4407
4407
4416
4407
4418
4406
4405
4405
4405
4404
4404
4404
4412
4403
4403
4424
4402
4402
4402
4401
4401
4400
4400
4400
4400
4398
4397
4397
4396
4396
4394
4394
4392
4392
4392
4391
4391
4390
4390
4390
4388
4388
4382
4386
4382
4380
4380
4379
4378
4385
4378
4377
4377
4376
4376
4376
4375
4375
4373
4372
4371
4371
4370
4370
4370
4370
4369
4386
4367
4367
4367
4366
4365
4364
4364
4364
4364
4363
4363
4363
4362
4361
4361
4360
4360
4359
4359
4359
4358
4372
4356
4356
4356
4355
4355
4365
4353
4352
4352
4352
4351
4351
4352
4348
4348
4347
4347
4346
4345
4344
4343
4342
4342
4342
4341
4341
4341
4341
4341
4340
4339
4338
4338
4338
4337
4335
4344
4333
4333
4333
4332
4331
4331
4331
4330
4330
4330
4329
4327
4327
4325
4324
4323
4323
4323
4322
4321
4320
4320
4319
4317
4317
4316
4316
4315
4315
4315
4315
4314
4314
4327
4313
4313
4313
4312
4311
4310
4310
4308
4308
4307
4307
4306
4306
4305
4304
4304
4304
4304
4304
4304
4303
4303
4302
4302
4301
4300
4299
4298
4298
4296
4296
4295
4295
4295
4295
4295
4293
4293
4291
4290
4290
4290
4290
4289
4297
4288
4288
4287
4287
4287
4286
4282
4286
4280
4280
4280
4280
4279
4278
4278
4277
4276
4276
4275
4273
4273
4278
4272
4272
4270
4270
4269
4268
4267
4267
4265
4265
4265
4264
4263
4263
4262
4262
4262
4261
4261
4260
4258
4258
4258
4257
4257
4256
4256
4255
4265
4253
4252
4252
4251
4251
4255
4250
4250
4250
4249
4246
4247
4245
4245
4250
4244
4244
4243
4243
4242
4242
4241
4241
4240
4240
4240
4240
4240
4239
4238
4240
4238
4238
4237
4235
4235
4234
4232
4231
4231
4230
4229
4229
4227
4225
4225
4225
4224
4224
4246
4224
4223
4221
4221
4220
4220
4218
4218
4217
4216
4215
4214
4214
4213
4213
4212
4211
4209
4208
4208
4208
4208
4206
4206
4204
4204
4202
4200
4200
4196
4194
4194
4192
4192
4192
4192
4189
4188
4186
4185
4184
4183
4182
4181
4193
4180
4180
4176
4176
4176
4175
4175
4174
4173
4173
4172
4171
4171
4170
4170
4169
4168
4167
4166
4166
4164
4163
4163
4163
4163
4163
4163
4162
4162
4162
4160
4160
4160
4160
4160
4160
4158
4157
4157
4156
4156
4156
4155
4155
4155
4155
4154
4154
4154
4153
4152
4151
4151
4151
4151
4150
4148
4148
4146
4145
4145
4144
4144
4144
4143
4142
4141
4140
4140
4139
4139
4138
4138
4136
4136
4135
4135
4134
4134
4134
4134
4133
4133
4132
4131
4130
4130
4130
4129
4129
4129
4127
4126
4125
4125
4125
4124
4124
4123
4123
4122
4122
4122
4122
4121
4123
4120
4119
4119
4119
4119
4118
4116
4116
4116
4115
4115
4114
4114
4114
4113
4112
4112
4112
4110
4110
4110
4110
4109
4107
4106
4106
4105
4104
4104
4103
4103
4101
4100
4099
4099
4099
4099
4099
4099
4098
4097
4096
4096
4095
4095
4094
4096
4093
4093
4093
4093
4093
4093
4092
4090
4090
4090
4089
4089
4087
4087
4087
4087
4087
4086
4086
4084
4084
4084
4083
4081
4081
4080
4080
4076
4076
4076
4075
4074
4073
4073
4073
4073
4072
4072
4072
4070
4070
4070
4070
4070
4070
4070
4070
4069
4069
4092
4068
4068
4067
4067
4066
4065
4064
4063
4063
4062
4062
4061
4059
4059
4059
4059
4058
4056
4056
4055
4055
4055
4055
4054
4054
4053
4053
4053
4053
4051
4050
4049
4049
4048
4048
4048
4047
4047
4047
4056
4046
4045
4044
4044
4044
4044
4043
4043
4042
4042
4042
4041
4040
4040
4040
4040
4039
4038
4036
4035
4035
4034
4034
4033
4032
4031
4030
4029
4029
4029
4027
4026
4026
4026
4026
4025
4025
4029
4025
4023
4021
4021
4021
4020
4019
4019
4018
4018
4018
4015
4015
4014
4014
4014
4013
4013
4013
4012
4012
4012
4012
4012
4012
4011
4011
4010
4009
4007
4007
4006
4006
4005
4004
4003
4003
4002
4002
4001
4001
4000
4000
4000
3999
3999
3999
3999
3998
3997
3997
3996
3995
3995
3995
3994
3993
3991
3990
3989
3989
3988
3988
3988
3988
3987
3987
3987
3987
3986
3985
3985
3985
3985
3984
3984
3984
3983
3982
3982
3982
3982
3981
3980
3980
3979
3978
3978
3977
3977
3989
3976
3976
3975
3974
3973
3973
3971
3971
3970
3970
3970
3970
3969
3968
3968
3966
3965
3965
3965
3964
3962
3962
3960
3960
3960
3960
3956
3956
3956
3956
3955
3955
3954
3953
3953
3953
3953
3952
3952
3952
3950
3950
3949
3948
3948
3947
3947
3946
3945
3944
3964
3943
3941
3941
3940
3940
3939
3938
3937
3937
3937
3936
3935
3935
3938
3933
3933
3931
3931
3931
3931
3929
3929
3929
3929
3929
3927
3927
3927
3927
3925
3925
3925
3924
3923
3923
3922
3921
3921
3921
3920
3920
3920
3919
3919
3935
3917
3915
3915
3914
3913
3912
3911
3910
3909
3909
3909
3909
3909
3909
3908
3907
3906
3905
3905
3904
3904
3904
3904
3903
3914
3902
3920
3901
3901
3901
3900
3900
3900
3899
3899
3898
3898
3897
3896
3896
3896
3896
3894
3893
3893
3892
3891
3895
3891
3891
3889
3889
3889
3889
3888
3887
3886
3886
3886
3886
3885
3884
3892
3883
3882
3880
3880
3879
3877
3876
3875
3875
3875
3875
3874
3873
3873
3873
3872
3872
3871
3871
3871
3871
3871
3870
3869
3869
3868
3866
3866
3865
3865
3864
3864
3864
3863
3862
3861
3860
3860
3859
3859
3859
3858
3858
3857
3857
3857
3857
3855
3871
3853
3853
3853
3853
3852
3849
3848
3848
3848
3847
3851
3844
3843
3843
3869
3841
3840
3840
3840
3839
3839
3839
3838
3837
3837
3836
3836
3836
3836
3836
3835
3835
3835
3835
3832
3831
3831
3830
3830
3830
3829
3829
3829
3826
3826
3826
3825
3824
3824
3823
3823
3823
3822
3822
3821
3820
3819
3817
3817
3817
3816
3816
3816
3814
3814
3813
3813
3813
3812
3812
3811
3810
3814
3810
3809
3809
3808
3808
3808
3808
3807
3807
3807
3807
3806
3806
3805
3805
3804
3803
3802
3802
3802
3800
3799
3799
3799
3798
3797
3796
3796
3796
3795
3795
3794
3794
3793
3793
3791
3790
3789
3789
3789
3788
3788
3788
3787
3787
3787
3787
3786
3789
3785
3784
3784
3783
3783
3782
3782
3782
3782
3781
3781
3781
3781
3781
3781
3780
3780
3780
3780
3780
3779
3779
3778
3777
3776
3776
3776
3775
3775
3775
3774
3774
3773
3773
3773
3772
3771
3771
3769
3768
3767
3767
3767
3767
3766
3764
3764
3762
3762
3761
3761
3761
3760
3760
3760
3776
3758
3758
3757
3757
3757
3756
3755
3755
3754
3754
3754
3754
3754
3753
3752
3752
3752
3751
3751
3750
3750
3750
3748
3748
3748
3748
3748
3747
3746
3745
3771
3745
3744
3744
3744
3743
3743
3743
3742
3741
3740
3739
3738
3736
3735
3738
3735
3734
3733
3732
3731
3731
3728
3728
3727
3726
3726
3725
3725
3725
3724
3723
3722
3722
3722
3720
3720
3718
3717
3716
3716
3715
3714
3714
3713
3713
3712
3712
3712
3712
3711
3709
3709
3709
3709
3708
3708
3708
3708
3711
3706
3706
3706
3706
3724
3706
3706
3705
3718
3705
3704
3704
3704
3704
3703
3702
3702
3702
3701
3701
3700
3700
3700
3699
3699
3698
3698
3698
3697
3697
3694
3697
3697
3696
3696
3695
3695
3692
3691
3690
3690
3690
3689
3689
3688
3687
3687
3687
3687
3687
3686
3686
3685
3685
3684
3684
3684
3683
3682
3682
3681
3680
3679
3700
3678
3677
3677
3675
3674
3673
3672
3671
3671
3671
3670
3670
3670
3670
3668
3668
3668
3668
3668
3667
3667
3667
3666
3665
3664
3664
3663
3663
3662
3667
3662
3661
3661
3660
3660
3659
3658
3658
3657
3681
3656
3656
3655
3655
3655
3655
3653
3653
3653
3652
3652
3651
3651
3651
3650
3663
3649
3648
3647
3645
3645
3645
3645
3644
3643
3643
3648
3643
3642
3642
3642
3640
3640
3639
3638
3638
3638
3638
3637
3637
3636
3636
3636
3635
3634
3634
3633
3633
3633
3640
3630
3630
3630
3630
3630
3629
3628
3628
3628
3627
3627
3626
3626
3625
3625
3624
3623
3622
3622
3621
3621
3621
3621
3620
3619
3618
3618
3618
3617
3617
3616
3616
3616
3615
3615
3615
3614
3614
3614
3613
3613
3613
3612
3612
3611
3611
3610
3609
3609
3609
3608
3607
3607
3607
3605
3604
3604
3603
3603
3613
3603
3603
3601
3601
3601
3601
3600
3600
3600
3599
3599
3599
3598
3600
3598
3598
3598
3597
3597
3597
3596
3596
3595
3594
3594
3593
3593
3592
3592
3592
3591
3591
3590
3590
3590
3589
3589
3588
3588
3587
3587
3587
3587
3586
3588
3585
3586
3584
3583
3583
3582
3581
3581
3581
3580
3580
3580
3580
3580
3579
3579
3578
3577
3577
3576
3575
3575
3575
3575
3574
3574
3574
3572
3572
3571
3571
3570
3570
3570
3570
3570
3584
3569
3569
3568
3568
3568
3568
3568
3567
3567
3567
3566
3565
3564
3564
3563
3562
3561
3560
3559
3559
3559
3558
3557
3557
3557
3556
3556
3555
3555
3555
3555
3555
3554
3554
3554
3554
3554
3552
3552
3552
3552
3551
3551
3551
3550
3550
3550
3549
3548
3548
3548
3547
3555
3547
3547
3546
3545
3544
3543
3543
3543
3542
3541
3541
3540
3539
3539
3539
3538
3538
3568
3537
3537
3536
3536
3536
3535
3534
3534
3534
3552
3534
3533
3533
3533
3532
3532
3531
3531
3531
3531
3530
3530
3527
3527
3526
3525
3529
3525
3523
3523
3522
3521
3521
3520
3520
3520
3520
3519
3519
3519
3519
3518
3518
3517
3517
3517
3516
3516
3527
3515
3515
3515
3514
3513
3513
3513
3513
3513
3513
3511
3511
3510
3510
3510
3510
3509
3509
3509
3508
3508
3508
3508
3507
3512
3507
3507
3507
3522
3517
3513
3506
3506
3506
3506
3505
3505
3504
3504
3503
3503
3538
3503
3502
3495
3502
3501
3501
3501
3499
3499
3498
3498
3498
3498
3497
3497
3497
3496
3496
3496
3496
3494
3494
3497
3493
3494
3492
3491
3491
3490
3490
3490
3489
3489
3489
3488
3488
3486
3485
3485
3484
3483
3483
3483
3483
3483
3483
3482
3481
3480
3480
3480
3478
3477
3476
3475
3475
3475
3474
3474
3474
3473
3472
3471
3470
3470
3470
3470
3469
3469
3468
3468
3468
3467
3467
3467
3466
3466
3466
3466
3466
3476
3464
3464
3464
3464
3463
3463
3463
3463
3462
3462
3462
3462
3462
3462
3461
3461
3461
3460
3460
3460
3460
3460
3459
3459
3458
3458
3458
3458
3457
3455
3454
3454
3454
3453
3453
3452
3452
3452
3451
3451
3450
3450
3450
3449
3449
3460
3340
3448
3447
3447
3447
3447
3447
3447
3457
3446
3445
3445
3445
3445
3445
3445
3444
3444
3444
3444
3444
3444
3443
3443
3442
3442
3442
3441
3441
3440
3439
3439
3438
3438
3438
3438
3437
3436
3436
3436
3436
3435
3435
3434
3434
3434
3433
3433
3433
3432
3432
3432
3431
3431
3431
3431
3430
3429
3428
3427
3427
3427
3426
3426
3426
3426
3426
3425
3425
3425
3425
3424
3424
3424
3423
3423
3423
3422
3422
3422
3421
3421
3421
3421
3420
3420
3420
3419
3418
3418
3417
3417
3417
3416
3416
3416
3439
3418
3415
3413
3412
3412
3411
3411
3411
3411
3410
3410
3410
3409
3412
3409
3408
3408
3407
3407
3406
3406
3405
3405
3404
3404
3403
3403
3403
3402
3402
3401
3401
3400
3400
3399
3399
3399
3398
3397
3397
3396
3396
3396
3401
3395
3395
3395
3394
3394
3394
3394
3393
3393
3395
3392
3392
3391
3391
3390
3390
3389
3389
3389
3386
3386
3386
3386
3386
3385
3384
3383
3383
3382
3382
3381
3381
3381
3380
3379
3379
3379
3378
3378
3378
3378
3377
3377
3377
3376
3376
3376
3376
3375
3375
3375
3374
3374
3373
3373
3372
3371
3371
3371
3370
3370
3370
3369
3369
3368
3368
3368
3368
3368
3367
3381
3367
3367
3366
3366
3366
3366
3365
3365
3364
3363
3363
3362
3362
3361
3361
3361
3360
3359
3358
3357
3357
3357
3356
3356
3356
3355
3355
3355
3354
3353
3353
3353
3353
3353
3352
3352
3351
3351
3351
3350
3350
3349
3349
3349
3349
3349
3348
3363
3347
3347
3347
3346
3346
3292
3345
3345
3345
3345
3344
3343
3343
3342
3342
3342
3342
3342
3342
3341
3340
3339
3339
3339
3339
3339
3338
3338
3338
3338
3336
3336
3334
3334
3332
3332
3332
3331
3331
3331
3331
3331
3330
3330
3330
3329
3329
3328
3328
3347
3327
3336
3326
3325
3324
3324
3324
3326
3354
3323
3322
3321
3319
3319
3318
3318
3318
3318
3318
3318
3317
3316
3316
3315
3315
3315
3315
3315
3315
3314
3314
3313
3313
3313
3312
3311
3311
3310
3310
3326
3309
3308
3308
3307
3307
3306
3306
3305
3305
3305
3304
3303
3302
3301
3299
3299
3298
3309
3298
3298
3296
3296
3296
3295
3295
3294
3293
3293
3292
3291
3291
3290
3289
3289
3289
3289
3289
3289
3289
3289
3289
3288
3288
3288
3288
3287
3286
3286
3285
3284
3284
3284
3283
3283
3283
3283
3283
3282
3282
3281
3280
3280
3280
3280
3280
3279
3279
3278
3277
3277
3277
3277
3276
3276
3276
3276
3276
3283
3274
3274
3272
3271
3271
3271
3271
3271
3270
3270
3270
3269
3269
3269
3269
3268
3268
3268
3268
3268
3267
3267
3266
3266
3266
3265
3265
3265
3265
3265
3264
3264
3264
3263
3285
3263
3262
3262
3288
3262
3262
3278
3261
3261
3260
3260
3260
3260
3260
3260
3259
3259
3259
3259
3259
3258
3257
3257
3257
3257
3257
3257
3257
3256
3255
3255
3255
3254
3254
3254
3254
3254
3253
3253
3253
3252
3252
3251
3251
3251
3251
3251
3251
3250
3250
3250
3250
3249
3249
3248
3248
3247
3247
3247
3246
3245
3245
3245
3245
3245
3245
3244
3244
3244
3244
3243
3243
3242
3242
3242
3242
3241
3241
3241
3241
3240
3240
3258
3240
3239
3239
3239
3237
3237
3237
3237
3237
3235
3235
3235
3235
3234
3234
3233
3233
3232
3232
3231
3231
3231
3231
3230
3230
3230
3229
3229
3229
3229
3228
3227
3227
3227
3226
3226
3226
3226
3225
3224
3224
3223
3223
3223
3221
3221
3221
3220
3220
3220
3220
3220
3219
3219
3219
3218
3218
3218
3218
3217
3217
3216
3216
3215
3215
3215
3215
3215
3215
3214
3214
3214
3213
3213
3212
3212
3212
3211
3211
3211
3211
3209
3208
3208
3207
3206
3205
3205
3205
3205
3205
3204
3204
3203
3207
3201
3201
3200
3200
3199
3199
3199
3199
3198
3198
3198
3197
3195
3195
3194
3194
3193
3193
3193
3193
3192
3192
3192
3192
3192
3191
3191
3191
3191
3202
3190
3190
3190
3190
3189
3189
3189
3187
3187
3186
3186
3186
3186
3186
3186
3185
3184
3184
3184
3183
3183
3183
3183
3182
3182
3202
3182
3182
3183
3181
3181
3180
3180
3180
3180
3179
3179
3178
3178
3178
3182
3178
3178
3177
3177
3177
3177
3176
3176
3175
3175
3176
3175
3174
3174
3174
3174
3191
3173
3173
3175
3173
3173
3173
3173
3173
3173
3173
3172
3172
3172
3171
3171
3171
3170
3169
3169
3169
3168
3168
3167
3166
3166
3165
3165
3165
3163
3163
3163
3163
3163
3163
3162
3162
3161
3161
3161
3161
3160
3160
3160
3159
3158
3158
3178
3157
3157
3156
3155
3155
3155
3155
3155
3154
3153
3153
3153
3152
3152
3152
3152
3152
3151
3151
3151
3149
3149
3149
3149
3149
3147
3147
3147
3147
3146
3146
3146
3146
3145
3145
3144
3144
3143
3143
3142
3142
3141
3141
3141
3140
3140
3140
3140
3140
3139
3139
3138
3138
3138
3138
3138
3137
3137
3137
3137
3137
3136
3136
3136
3135
3135
3135
3135
3135
3135
3133
3133
3133
3132
3131
3131
3130
3130
3130
3129
3129
3129
3128
3127
3142
3127
3129
3126
3138
3125
3125
3125
3125
3125
3124
3124
3124
3123
3123
3122
3122
3121
3121
3120
3120
3119
3118
3117
3117
3114
3114
3114
3114
3113
3113
3113
3113
3113
3112
3112
3112
3111
3110
3110
3109
3109
3108
3108
3107
3107
3106
3106
3106
3106
3106
3105
3105
3104
3104
3104
3103
3102
3102
3101
3101
3101
3101
3101
3101
3101
3101
3100
3099
3098
3098
3098
3097
3097
3097
3097
3097
3097
3095
3094
3094
3093
3093
3092
3092
3092
3092
3091
3091
3090
3090
3100
3090
3090
3090
3089
3089
3089
3089
3089
3088
3087
3087
3087
3087
3086
3086
3085
3085
3085
3085
3085
3085
3084
3083
3082
3082
3095
3082
3081
3081
3081
3080
3080
3080
3079
3079
3078
3078
3078
3078
3077
3077
3077
3096
3077
3077
3077
3075
3075
3075
3075
3074
3074
3074
3074
3073
3073
3073
3073
3073
3073
3072
3072
3072
3072
3072
3071
3074
3071
3070
3070
3070
3070
3070
3070
3069
3069
3068
3067
3067
3067
3066
3066
3066
3066
3066
3065
3065
3065
3065
3065
3087
3064
3064
3064
3064
3063
3063
3063
3062
3062
3062
3061
3061
3061
3060
3060
3060
3059
3059
3059
3059
3058
3058
3058
3058
3057
3057
3057
3057
3057
3056
3056
3056
3056
3056
3056
3056
3056
3056
3055
3055
3055
3054
3054
3054
3032
3053
3053
3053
3052
3052
3052
3051
3051
3051
3051
3051
3050
3050
3049
3049
3048
3048
3048
3048
3048
3047
3047
3047
3046
3056
3045
3044
3044
3044
3043
3043
3043
3043
3043
3042
3042
3042
3042
3042
3052
3041
3041
3041
3041
3041
3040
3039
3039
3039
3039
3039
3038
3035
3038
3038
3037
3037
3037
3036
3036
3036
3035
3035
3035
3035
3034
3034
3034
3034
3034
3034
3033
3033
3033
3032
3032
3032
3032
3032
3032
3031
3031
3031
3031
3031
3030
3030
3030
3030
3029
3029
3028
3028
3028
3027
3027
3027
3027
3026
3026
3026
3025
3025
3025
3024
3024
3024
3023
3023
3023
3023
3022
3022
3022
3022
3022
3022
3022
3021
3021
3021
3021
3021
3020
3020
3020
3020
3019
3019
3019
3018
3018
3018
3018
3017
3017
3036
3017
3017
3016
3016
3016
3016
3016
3015
3015
3014
3014
3014
3014
3013
3013
3012
3012
3012
3011
3011
3011
3012
3011
3010
3010
3010
3010
3010
3009
3009
3009
3009
3008
3008
3008
3008
3008
3008
3007
3007
3007
3014
3006
3006
3006
3006
3006
3006
3006
3006
3005
3005
3004
3004
3003
3003
3002
3002
3002
3001
3001
3001
3001
3000
3000
3000
3002
3001
3022
