701603
664418
503098
451041
441983
321381
318539
309997
309750
302868
297445
284720
267608
263359
262530
245684
244586
244459
244148
242604
241430
241082
231058
223373
222938
217358
216842
214193
210752
206589
201324
199152
198391
197955
194217
193077
189793
188885
185781
180715
180154
178942
178822
178041
175500
174466
173930
169678
166076
164424
163277
159806
159633
158680
157732
157604
156196
155777
153256
151416
149971
149677
149486
149469
149123
147631
147530
146731
146410
146095
145813
143527
143300
142260
142135
141350
141090
140066
139809
139732
139702
139649
138698
138013
135228
134938
134761
133282
133140
131212
129432
129138
128825
128666
127059
125833
125627
124781
123754
123665
123638
122851
121402
119247
119213
117760
117382
116561
116413
115622
115117
113642
113308
113101
112773
112451
112250
112072
111811
111726
111366
111321
110722
110328
110039
109555
109351
108855
108828
108791
108500
106879
106697
106385
105450
105076
105006
104224
103958
103703
103674
101791
101623
100982
100823
100584
99740
99562
99518
99466
99328
99081
99071
98842
97902
97588
96037
95850
95811
95568
95307
94928
94366
94336
94238
93734
93690
93651
92771
92465
92291
92269
92036
91984
91931
91848
91843
91838
91687
91381
91193
91103
90853
90726
90443
90206
90172
89952
89726
89619
88963
88661
88523
88268
87569
87474
87431
87240
86759
86346
86302
86093
85721
85670
85471
85454
85335
85132
85044
84638
84574
84487
84335
84002
83645
83500
83275
83022
82899
82544
82295
82171
81657
81602
81524
81182
81131
80981
80779
80076
79986
79986
79600
79181
79165
79028
78917
78877
78730
78678
78684
78655
78516
78338
78206
78203
77965
77749
77339
77138
76978
76923
76912
76757
76624
76414
76361
76072
75996
75780
75775
75696
75553
75500
75384
75099
75066
74814
74678
73852
73823
73045
72384
72231
72109
71810
71701
71457
71407
71379
71227
70857
70349
70348
70286
70257
69944
69867
69632
69501
69291
69109
68939
68933
68851
68795
68755
68627
68565
68323
68140
68007
67826
67541
67120
67069
66992
66841
66702
66692
66458
66330
66270
66230
66145
66140
65937
65886
65856
65700
65671
65008
64797
64693
64584
64352
64054
63851
63750
63590
63139
63070
62916
62303
62028
61987
61902
61781
61733
61664
61564
61448
61427
61173
61147
61131
60970
60948
60888
60870
60512
60408
59912
59909
59865
59790
59720
59501
59467
59340
59146
59101
59097
59053
58973
58807
58749
58695
58578
58470
58385
58309
58114
58088
57972
57712
57467
57406
57138
56889
56514
56474
56470
56337
56057
55894
55842
55754
55686
55671
55641
55539
55496
55364
55055
54783
54671
54548
54531
54423
54296
54290
54252
54137
53756
53720
53720
53648
53537
53515
53500
53422
53406
53369
53219
53194
53096
52986
52818
52782
52745
52427
52405
52345
52224
52158
52156
52088
52074
51841
51826
51671
51658
51599
51499
51472
51444
51440
51398
51388
51293
51220
51032
50992
50871
50824
50790
50769
50752
50611
50588
50383
50402
50356
50352
50330
49977
49860
49694
49691
49675
49586
49506
49317
49276
49198
49178
49025
49019
48925
48891
48645
48629
48615
48603
48476
48394
48358
48309
48231
48026
47868
47862
47792
47729
47283
47197
47149
47120
46974
46886
46705
46705
46434
46247
46235
46212
46161
46148
46008
45978
45949
45826
45779
45568
45497
45401
45390
45258
45258
45051
45024
44996
44950
44947
44938
44771
44750
44681
44638
44623
44618
44415
44381
44368
44328
44309
44306
44305
44274
44285
44224
44151
44132
44129
44084
44013
43919
43827
43790
43677
43634
43580
43533
43496
43429
43319
43319
43221
43161
43136
42965
42952
42876
42851
42784
42746
42666
42553
42495
42482
42442
42435
42383
42371
42287
42253
42246
42243
42197
42173
42146
42148
42108
42049
42047
42044
42035
42015
41956
41945
41895
41727
41699
41594
41581
41175
41123
41115
41073
41065
40981
40897
40836
40801
40785
40770
40715
40666
40641
40640
40615
40574
40406
40366
40360
40238
40205
40203
40186
40157
40119
40076
40046
40026
40002
39996
39985
39884
39862
39730
39721
39721
39682
39678
39614
39599
39589
39556
39495
39485
39441
39435
39425
39360
39340
39291
39217
39199
39196
39132
39114
39073
38952
38940
38893
38884
38856
38853
38787
38777
38759
38759
38733
38604
38544
38490
38327
38275
38254
38213
38193
38193
38153
38149
38100
38092
38072
38043
38018
37980
37963
37894
37869
37827
37815
37819
37788
37762
37708
37699
37688
37660
37552
37548
37547
37539
37510
37485
37447
37423
37423
37358
37293
37314
37243
37166
37145
37113
37073
37071
37056
36947
36932
36920
36908
36795
36759
36664
36635
36536
36506
36463
36457
36427
36407
36349
36313
36313
36131
36069
36064
36055
36049
36044
35927
35889
35863
35771
35739
35734
35662
35656
35640
35515
35467
35337
35316
35331
35309
35275
35214
35179
35120
35116
35032
34992
34960
34960
34955
34945
34915
34772
34761
34684
34601
34600
34590
34475
34411
34403
34391
34380
34374
34338
34320
34313
34301
34140
34121
34098
34072
34044
34001
33986
33936
33935
33885
33849
33823
33797
33788
33737
33724
33709
33636
33606
33556
33499
33481
33474
33410
33320
33285
33186
33138
33075
33055
33075
33037
33024
33010
33002
32863
32806
32745
32734
32727
32637
32611
32545
32540
32477
32464
32415
32370
32339
32321
32307
32285
32284
32244
32109
32036
31982
31974
31944
31859
31850
31751
31741
31717
31710
31682
31656
31548
31525
31509
31466
31456
31436
31410
31394
31360
31351
31315
31298
31293
31264
31211
31189
31174
31164
31138
31130
31105
31087
31073
31054
31050
31029
30989
30972
30958
30957
30914
30877
30830
30806
30826
30795
30755
30750
30676
30658
30618
30594
30593
30555
30529
30514
30505
30499
30497
30492
30455
30433
30430
30394
30393
30381
30298
30320
30285
30279
30277
30240
30237
30078
30067
29974
29947
29935
29922
29917
29681
29663
29658
29621
29563
29549
29509
29499
29487
29478
29457
29370
29354
29269
29221
29215
29192
29191
29185
29179
29167
29160
29159
29133
29127
29071
29031
28973
28966
28942
28928
28923
28905
28886
28864
28846
28846
28819
28803
28761
28719
28703
28701
28665
28647
28641
28628
28602
28597
28622
28590
28548
28521
28519
28424
28380
28269
28267
28244
28234
28231
28199
28122
28055
28022
27997
27991
27966
27944
27940
27937
27899
27897
27891
27881
27801
27810
27754
27741
27730
27659
27634
27622
27547
27513
27501
27474
27451
27441
27423
27390
27378
27351
27350
27340
27320
27303
27265
27250
27205
27190
27181
27158
27155
27152
27107
27101
27100
27090
27085
27079
27061
27054
27043
27011
26987
26969
26922
26916
26855
26844
26793
26757
26749
26705
26693
26682
26659
26595
26587
26568
26560
26543
26523
26505
26485
26416
26398
26383
26309
26308
26307
26307
26279
26176
26169
26121
26150
26104
26118
26097
26096
26094
26091
26080
26047
26026
26003
25977
25960
25935
25760
25737
25725
25692
25687
25628
25616
25590
25582
25546
25509
25507
25490
25464
25458
25452
25387
25378
25370
25340
25328
25287
25266
25197
25187
25159
25130
25121
25095
25079
25073
25069
25033
25012
25006
25003
24910
24901
24895
24856
24852
24836
24836
24827
24810
24799
24742
24710
24682
24633
24626
24623
24615
24558
24535
24521
24501
24490
24488
24462
24454
24440
24364
24318
24311
24294
24293
24259
24246
24222
24200
24176
24163
24145
24133
24116
24105
24100
24070
24055
24051
24043
24020
24013
23994
23993
23951
23936
23845
23842
23820
23800
23795
23781
23778
23767
23762
23732
23728
23724
23695
23666
23665
23654
23615
23624
23601
23595
23573
23573
23535
23548
23538
23513
23488
23464
23456
23429
23426
23389
23384
23363
23323
23327
23277
23265
23250
23209
23205
23204
23120
23086
23085
23064
23004
22983
23003
22996
22963
22938
22888
22860
22847
22841
22827
22762
22758
22751
22722
22718
22716
22712
22693
22669
22652
22585
22561
22559
22526
22517
22515
22510
22484
22435
22433
22449
22423
22413
22406
22393
22378
22356
22343
22343
22317
22308
22232
22228
22231
22214
22209
22199
22081
22172
22171
22161
22141
22126
22113
22103
22099
22075
22072
22066
22065
22034
22008
21988
21953
21942
21940
21928
21928
21886
21874
21845
21839
21828
21809
21805
21783
21781
21776
21761
21757
21743
21705
21705
21701
21680
21675
21672
21648
21645
21634
21628
21626
21606
21597
21581
21573
21564
21557
21530
21527
21522
21512
21504
21498
21490
21483
21466
21459
21441
21426
21414
21411
21386
21349
21329
21297
21272
21261
21259
21237
21236
21221
21108
21104
21076
21078
21060
21044
21019
21013
21001
20969
20958
20902
20900
20880
20862
20859
20852
20846
20842
20804
20787
20761
20752
20750
20745
20741
20702
20683
20673
20664
20650
20647
20634
20638
20613
20598
20597
20590
20574
20549
20531
20529
20518
20526
20507
20487
20483
20494
20444
20425
20420
20400
20394
20381
20353
20334
20311
20306
20306
20296
20291
20270
20263
20263
20271
20242
20200
20194
20190
20170
20163
20154
20152
20130
20110
20082
20072
20069
20066
20051
20049
20048
20041
20028
20017
20013
20007
20007
19995
19970
19965
19936
19918
19889
19858
19851
19847
19842
19822
19796
19783
19778
19744
19740
19734
19715
19731
19695
19693
19670
19643
19632
19635
19622
19581
19550
19582
19537
19531
19523
19519
19499
19496
19495
19490
19479
19480
19487
19479
19460
19458
19449
19443
19431
19417
19411
19409
19408
19394
19378
19378
19370
19366
19362
19316
19303
19297
19290
19267
19256
19244
19243
19241
19228
19207
19189
19187
19186
19164
19156
19144
19133
19122
19083
19069
19063
19061
19055
19041
19037
19012
18994
18989
18985
18982
18973
18929
18922
18920
18920
18895
18894
18885
18892
18796
18792
18790
18824
18771
18759
18759
18749
18717
18690
18675
18686
18671
18671
18669
18668
18630
18630
18611
18607
18604
18604
18598
18579
18569
18561
18557
18545
18528
18500
18489
18487
18480
18477
18469
18468
18446
18444
18439
18431
18420
18418
18401
18395
18389
18363
18359
18347
18342
18315
18290
18287
18296
18273
18262
18249
18247
18242
18240
18229
18227
18216
18196
18190
18141
18140
18115
18087
18085
18085
18084
18072
18070
18041
18020
17956
17948
17942
17906
17904
17903
17887
17878
17873
17859
17856
17849
17845
17845
17830
17808
17800
17791
17788
17772
17768
17751
17750
17727
17722
17715
17696
17673
17656
17655
17627
17627
17619
17607
17601
17585
17584
17590
17568
17554
17553
17548
17536
17532
17523
17518
17502
17489
17485
17484
17469
17469
17463
17468
17449
17440
17437
17416
17397
17397
17390
17384
17372
17364
17362
17361
17371
17354
17332
17331
17321
17309
17306
17306
17292
17285
17283
17273
17269
17266
17260
17257
17216
17195
17194
17176
17175
17174
17164
17163
17161
17160
17132
17109
17097
17096
17076
17049
17042
17028
17021
17019
17018
17004
17002
16983
16960
16934
16927
16903
16896
16894
16881
16879
16874
16864
16864
16842
16854
16836
16782
16779
16774
16776
16766
16763
16761
16752
16735
16719
16718
16716
16716
16710
16668
16664
16662
16624
16618
16618
16608
16623
16587
16574
16570
16567
16558
16558
16549
16542
16536
16533
16521
16510
16510
16497
16495
16481
16445
16454
16436
16432
16424
16423
16419
16388
16385
16385
16384
16348
16334
16311
16310
16308
16303
16301
16282
16279
16268
16265
16254
16242
16236
16231
16220
16203
16200
16194
16189
16182
16172
16166
16156
16156
16155
16152
16150
16150
16144
16136
16117
16107
16128
16105
16099
16081
16079
16071
16068
16063
16061
16065
16052
16060
16049
16039
16035
16021
16016
16004
15989
15973
15969
15958
15953
15945
15945
15938
15912
15909
15893
15877
15870
15870
15869
15859
15843
15827
15777
15769
15764
15749
15741
15724
15715
15717
15696
15683
15682
15678
15672
15668
15660
15673
15655
15649
15609
15603
15603
15602
15601
15582
15568
15563
15560
15557
15554
15552
15539
15523
15504
15499
15494
15487
15484
15483
15483
15479
15476
15472
15461
15458
15457
15456
15452
15442
15429
15422
15415
15430
15413
15413
15404
15403
15399
15390
15389
15389
15386
15378
15376
15369
15334
15328
15312
15303
15291
15281
15273
15258
15249
15246
15239
15234
15221
15220
15216
15213
15198
15185
15174
15168
15161
15138
15126
15126
15124
15119
15098
15085
15080
15069
15058
15045
15043
15037
15034
15021
15001
15003
14993
14979
14977
14972
14964
14958
14958
14953
14949
14944
14938
14935
14926
14923
14910
14907
14901
14901
14899
14870
14858
14856
14858
14848
14847
14842
14840
14829
14825
14824
14824
14812
14810
14799
14796
14793
14775
14772
14762
14756
14747
14743
14730
14728
14726
14725
14716
14704
14703
14681
14680
14689
14677
14670
14668
14651
14645
14643
14640
14634
14628
14626
14610
14587
14582
14571
14544
14540
14514
14511
14502
14499
14499
14499
14474
14471
14454
14453
14433
14405
14400
14390
14387
14378
14377
14348
14347
14324
14306
14292
14287
14284
14289
14279
14279
14277
14272
14257
14256
14268
14221
14213
14212
14208
14205
14192
14191
14188
14187
14187
14170
14157
14143
14142
14135
14134
14123
14121
14115
14111
14110
14106
14102
14101
14101
14095
14085
14084
14077
14076
14075
14072
14060
14073
14028
14025
14022
14009
13998
13990
13983
13983
13973
13968
13961
13957
13947
13939
13938
13926
13920
13901
13886
13866
13862
13861
13855
13854
13851
13845
13834
13828
13822
13819
13808
13800
13788
13781
13781
13773
13779
13754
13741
13730
13727
13715
13715
13711
13708
13707
13719
13703
13704
13684
13674
13672
13664
13653
13652
13652
13633
13633
13632
13627
13623
13623
13619
13618
13599
13598
13606
13590
13589
13584
13574
13574
13570
13563
13557
13556
13553
13524
13523
13533
13521
13503
13501
13515
13488
13475
13462
13456
13467
13444
13444
13443
13434
13433
13431
13429
13420
13419
13416
13415
13410
13391
13386
13374
13373
13372
13369
13360
13376
13356
13351
13359
13347
13337
13329
13318
13308
13306
13303
13300
13295
13293
13293
13284
13284
13281
13275
13272
13272
13263
13251
13250
13247
13241
13228
13206
13204
13201
13185
13179
13174
13168
13172
13151
13155
13142
13140
13134
13127
13122
13114
13105
13095
13107
13087
13087
13077
13077
13073
13072
13055
13054
13053
13048
13047
13045
13040
13032
13026
13018
13016
13013
12998
12996
12994
12992
12986
12972
12964
12953
12943
12938
12937
12936
12927
12922
12912
12907
12872
12892
12869
12869
12850
12847
12846
12839
12828
12821
12805
12795
12795
12792
12788
12774
12772
12768
12760
12753
12750
12748
12743
12738
12732
12709
12707
12694
12683
12682
12678
12664
12658
12648
12647
12638
12635
12633
12633
12632
12630
12626
12619
12611
12596
12592
12589
12584
12580
12576
12568
12565
12558
12557
12554
12553
12546
12546
12545
12534
12530
12529
12520
12516
12504
12502
12498
12488
12477
12466
12446
12427
12426
12419
12419
12418
12411
12406
12396
12393
12387
12385
12381
12381
12380
12403
12377
12374
12365
12360
12355
12351
12332
12331
12311
12306
12297
12279
12299
12270
12269
12265
12264
12259
12255
12241
12240
12233
12230
12219
12208
12207
12201
12199
12197
12191
12173
12169
12174
12151
12146
12135
12132
12127
12127
12126
12124
12124
12116
12114
12113
12113
12110
12108
12093
12089
12087
12081
12079
12077
12062
12060
12058
12054
12051
12045
12044
12043
12033
12028
12020
12009
12002
12000
12011
11993
11983
11976
11974
11972
11970
11965
11964
11960
11958
11956
11942
11929
11926
11924
11919
11915
11913
11913
11887
11871
11870
11866
11866
11862
11859
11830
11830
11827
11826
11819
11819
11809
11797
11791
11788
11784
11782
11782
11776
11775
11775
11772
11770
11769
11768
11764
11762
11759
11742
11739
11737
11737
11729
11728
11724
11714
11694
11690
11687
11680
11679
11677
11674
11669
11662
11645
11644
11643
11634
11633
11632
11634
11634
11623
11622
11620
11620
11609
11602
11591
11584
11583
11582
11569
11571
11561
11552
11539
11529
11523
11522
11515
11517
11509
11502
11499
11489
11487
11486
11486
11484
11482
11474
11468
11456
11451
11443
11439
11438
11429
11425
11420
11416
11415
11404
11404
11394
11392
11390
11390
11388
11387
11382
11375
11359
11355
11337
11320
11318
11315
11307
11306
11304
11300
11299
11299
11299
11298
11287
11284
11284
11279
11277
11276
11274
11274
11271
11263
11262
11259
11250
11245
11239
11237
11235
11233
11232
11231
11230
11240
11227
11225
11220
11205
11204
11202
11178
11178
11172
11163
11157
11155
11149
11139
11139
11136
11118
11118
11115
11114
11114
11113
11113
11132
11109
11105
11101
11095
11090
11090
11085
11082
11079
11076
11076
11076
11070
11069
11069
11064
11058
11058
11057
11057
11055
11045
11038
11029
11024
11021
11014
11010
11009
11006
11004
11004
11001
11001
11001
10996
10996
10992
10989
10987
10987
10982
10981
10979
10978
10978
10981
10962
10972
10958
10956
10946
10940
10934
10933
10927
10925
10923
10921
10913
10912
10907
10907
10906
10905
10898
10911
10885
10874
10871
10889
10869
10862
10862
10857
10849
10847
10846
10845
10845
10838
10836
10834
10833
10826
10825
10833
10824
10816
10810
10802
10801
10793
10791
10788
10786
10795
10780
10777
10769
10769
10766
10765
10765
10763
10763
10762
10759
10756
10754
10752
10748
10748
10732
10727
10716
10711
10700
10692
10684
10683
10682
10679
10673
10668
10664
10681
10655
10652
10648
10648
10648
10640
10637
10636
10634
10633
10632
10631
10627
10622
10619
10618
10617
10604
10604
10597
10596
10594
10593
10589
10586
10585
10595
10579
10570
10570
10569
10569
10567
10560
10559
10573
10551
10541
10537
10530
10530
10529
10529
10528
10526
10525
10523
10518
10516
10511
10510
10509
10507
10506
10502
10516
10501
10494
10493
10489
10487
10487
10484
10484
10484
10483
10482
10476
10473
10464
10461
10461
10459
10454
10453
10444
10438
10435
10435
10428
10428
10426
10421
10415
10411
10402
10393
10389
10387
10386
10385
10385
10384
10383
10382
10380
10379
10375
10373
10361
10355
10345
10345
10343
10355
10338
10336
10333
10332
10331
10329
10323
10321
10321
10317
10313
10309
10307
10303
10302
10302
10300
10297
10294
10293
10290
10290
10289
10284
10283
10280
10273
10268
10264
10258
10258
10255
10255
10253
10253
10247
10246
10245
10242
10238
10238
10228
10228
10226
10224
10220
10216
10215
10212
10211
10206
10203
10202
10225
10202
10198
10198
10197
10196
10194
10217
10193
10190
10185
10180
10174
10169
10162
10157
10157
10150
10147
10142
10144
10125
10124
10126
10115
10112
10106
10106
10103
10091
10066
10056
10055
10052
10046
10046
10045
10038
10030
10029
10027
10026
10023
10022
10013
10008
10007
10006
9993
9989
9987
9984
9983
9981
9981
9980
9979
9978
9976
9974
9973
9972
9964
9962
9962
9962
9972
9950
9945
9937
9937
9937
9935
9935
9918
9915
9908
9908
9906
9902
9887
9888
9875
9875
9873
9870
9862
9859
9858
9856
9848
9843
9840
9837
9835
9834
9832
9828
9827
9821
9819
9816
9812
9811
9806
9803
9800
9799
9789
9801
9788
9785
9783
9780
9777
9775
9770
9766
9766
9764
9763
9761
9761
9759
9756
9754
9752
9751
9750
9746
9743
9739
9739
9738
9736
9736
9732
9731
9729
9728
9724
9722
9719
9715
9714
9714
9713
9711
9710
9708
9703
9691
9690
9683
9680
9679
9679
9696
9676
9671
9664
9664
9653
9653
9651
9650
9647
9633
9630
9618
9618
9638
9615
9607
9607
9606
9600
9598
9597
9597
9590
9587
9586
9584
9584
9582
9581
9576
9570
9567
9567
9563
9562
9561
9558
9558
9557
9565
9549
9549
9542
9541
9540
9537
9536
9531
9528
9523
9523
9522
9522
9519
9513
9507
9499
9497
9494
9494
9492
9487
9486
9480
9480
9472
9472
9470
9469
9465
9463
9460
9457
9456
9454
9451
9445
9445
9433
9428
9427
9438
9430
9422
9420
9420
9413
9410
9409
9401
9398
9397
9396
9396
9392
9406
9389
9387
9385
9384
9381
9380
9374
9374
9370
9370
9368
9366
9363
9362
9358
9356
9354
9348
9348
9345
9344
9336
9325
9324
9319
9314
9311
9309
9304
9304
9302
9300
9296
9296
9295
9292
9292
9279
9279
9277
9270
9269
9265
9264
9257
9254
9247
9238
9237
9227
9227
9225
9225
9216
9213
9209
9208
9205
9202
9199
9197
9194
9188
9186
9183
9182
9181
9174
9174
9173
9177
9167
9166
9182
9163
9163
9160
9160
9156
9155
9152
9149
9148
9144
9142
9133
9129
9129
9127
9118
9118
9112
9108
9108
9108
9100
9096
9095
9094
9090
9088
9088
9085
9079
9072
9067
9064
9063
9060
9055
9054
9050
9045
9041
9041
9039
9039
9035
9034
9037
9033
9028
9023
9036
9019
9014
9012
9011
9006
9005
9004
9003
9003
9002
9001
8999
8994
8994
8992
8992
8989
8988
8979
8973
8973
8969
8969
8965
8964
8962
8961
8958
8955
8950
8934
8930
8926
8924
8915
8912
8910
8908
8904
8902
8900
8900
8899
8895
8891
8890
8888
8888
8883
8882
8882
8880
8877
8875
8874
8874
8872
8869
8866
8853
8851
8849
8849
8834
8834
8834
8832
8831
8830
8830
8828
8825
8815
8797
8794
8787
8787
8779
8768
8767
8766
8759
8757
8756
8748
8744
8744
8742
8742
8740
8734
8728
8727
8727
8725
8722
8722
8716
8712
8710
8708
8707
8706
8705
8705
8705
8703
8702
8696
8692
8688
8685
8690
8679
8676
8667
8667
8666
8665
8657
8652
8652
8649
8646
8646
8640
8639
8637
8637
8650
8636
8634
8633
8632
8632
8630
8630
8628
8628
8625
8618
8617
8617
8611
8606
8606
8606
8604
8595
8593
8592
8586
8586
8586
8585
8585
8583
8583
8582
8582
8581
8580
8580
8571
8571
8569
8568
8559
8550
8550
8546
8543
8545
8540
8539
8537
8537
8534
8534
8534
8531
8530
8529
8528
8526
8523
8520
8518
8517
8515
8514
8524
8510
8503
8502
8498
8496
8495
8490
8498
8485
8482
8476
8470
8469
8469
8467
8465
8457
8455
8455
8454
8452
8451
8450
8450
8450
8449
8444
8441
8438
8432
8429
8426
8422
8420
8414
8411
8409
8408
8407
8405
8404
8391
8393
8387
8379
8379
8378
8374
8370
8369
8367
8367
8363
8362
8359
8358
8357
8365
8353
8347
8345
8340
8340
8338
8337
8337
8336
8335
8333
8329
8329
8322
8317
8315
8314
8311
8322
8307
8299
8297
8293
8291
8288
8284
8282
8282
8282
8280
8284
8274
8272
8271
8266
8263
8263
8260
8253
8249
8247
8243
8242
8240
8231
8227
8227
8225
8221
8220
8218
8214
8211
8207
8207
8206
8206
8204
8204
8200
8199
8197
8197
8195
8190
8190
8187
8186
8186
8185
8185
8184
8183
8180
8177
8176
8174
8174
8172
8171
8168
8161
8161
8159
8157
8153
8150
8149
8147
8143
8151
8141
8139
8139
8138
8138
8137
8137
8133
8154
8123
8122
8117
8114
8111
8104
8103
8100
8100
8098
8094
8087
8086
8084
8084
8082
8097
8080
8079
8076
8075
8075
8073
8072
8072
8072
8083
8062
8062
8062
8060
8057
8056
8050
8048
8046
8038
8036
8033
8032
8032
8031
8036
8027
8025
8025
8022
8021
8017
8014
8012
8002
7998
7998
7997
7997
7997
7996
7994
7994
7990
7986
7983
7981
7980
7979
7979
7977
7974
7974
7973
7972
7988
7969
7968
7968
7987
7966
7965
7961
7958
7958
7956
7955
7952
7950
7950
7943
7941
7937
7934
7932
7932
7931
7928
7921
7920
7918
7917
7915
7909
7908
7904
7897
7893
7904
7892
7916
7886
7884
7884
7882
7878
7877
7875
7875
7872
7867
7867
7866
7862
7861
7850
7847
7846
7844
7843
7842
7830
7826
7822
7816
7815
7813
7810
7808
7807
7805
7830
7803
7800
7796
7795
7795
7795
7793
7788
7785
7784
7784
7801
7783
7783
7779
7778
7778
7777
7776
7775
7771
7769
7766
7763
7761
7759
7756
7751
7749
7749
7748
7748
7747
7746
7743
7742
7740
7740
7739
7739
7737
7736
7736
7734
7734
7733
7733
7745
7740
7730
7729
7726
7721
7721
7713
7705
7701
7699
7697
7696
7694
7691
7685
7684
7683
7680
7680
7679
7677
7677
7672
7671
7667
7666
7665
7663
7661
7660
7659
7659
7657
7655
7649
7648
7647
7647
7644
7643
7640
7635
7634
7634
7633
7633
7632
7632
7629
7628
7623
7602
7602
7594
7591
7591
7589
7581
7577
7576
7573
7572
7572
7571
7569
7568
7568
7565
7560
7572
7558
7557
7555
7550
7550
7550
7549
7543
7540
7533
7551
7524
7521
7520
7518
7509
7508
7506
7504
7501
7497
7497
7493
7508
7488
7486
7481
7475
7474
7474
7471
7467
7465
7464
7463
7461
7458
7455
7454
7451
7450
7447
7446
7445
7441
7440
7438
7434
7434
7432
7439
7437
7421
7420
7440
7416
7414
7412
7411
7435
7410
7410
7408
7407
7407
7407
7406
7405
7403
7401
7401
7398
7397
7395
7393
7398
7386
7381
7373
7371
7370
7369
7369
7367
7365
7360
7356
7352
7353
7351
7349
7346
7344
7342
7338
7338
7334
7340
7330
7329
7326
7324
7321
7321
7317
7317
7316
7312
7310
7310
7309
7304
7302
7300
7297
7297
7296
7300
7296
7295
7295
7288
7288
7291
7288
7286
7281
7275
7275
7274
7272
7270
7270
7274
7269
7268
7267
7266
7265
7264
7264
7264
7262
7262
7258
7256
7249
7248
7246
7245
7244
7242
7242
7241
7241
7239
7239
7239
7236
7236
7233
7231
7225
7223
7220
7219
7218
7218
7218
7216
7216
7216
7216
7211
7208
7205
7203
7201
7201
7199
7199
7198
7196
7195
7194
7192
7190
7198
7190
7188
7187
7184
7186
7183
7173
7172
7170
7168
7166
7163
7162
7161
7160
7157
7154
7153
7150
7141
7138
7137
7132
7132
7131
7139
7121
7119
7109
7109
7109
7131
7108
7106
7106
7105
7103
7101
7100
7097
7095
7095
7091
7087
7084
7083
7081
7077
7095
7073
7070
7070
7069
7068
7068
7065
7062
7061
7059
7057
7057
7050
7045
7045
7045
7044
7053
7042
7041
7041
7037
7036
7042
7030
7029
7028
7027
7025
7024
7022
7019
7018
7015
7015
7013
7012
7011
7006
7004
7002
7000
6997
6996
6993
6992
6985
6978
6977
6977
6976
6975
6975
6974
6974
6974
6973
6968
6966
6965
6959
6958
6957
6957
6955
6951
6951
6947
6945
6942
6942
6942
6937
6935
6930
6930
6930
6929
6929
6927
6927
6927
6925
6924
6923
6920
6919
6916
6913
6912
6912
6912
6911
6908
6908
6907
6906
6905
6904
6920
6900
6898
6897
6896
6895
6893
6893
6892
6886
6886
6885
6883
6882
6879
6878
6873
6883
6869
6868
6865
6862
6875
6860
6860
6855
6853
6852
6850
6848
6844
6844
6843
6843
6842
6840
6840
6839
6838
6838
6839
6836
6835
6835
6834
6831
6826
6826
6826
6825
6865
6821
6818
6816
6813
6810
6810
6809
6807
6804
6803
6801
6812
6797
6797
6794
6794
6793
6793
6791
6789
6789
6788
6786
6786
6786
6783
6783
6781
6781
6780
6779
6779
6779
6779
6776
6774
6774
6771
6770
6769
6768
6767
6767
6765
6763
6763
6762
6761
6761
6761
6760
6760
6760
6758
6754
6754
6752
6749
6748
6748
6741
6761
6736
6736
6736
6734
6732
6732
6731
6729
6729
6728
6725
6724
6723
6722
6721
6718
6718
6716
6716
6716
6716
6715
6715
6714
6714
6710
6710
6709
6709
6709
6702
6702
6699
6722
6697
6696
6694
6693
6691
6710
6686
6685
6684
6683
6681
6681
6681
6675
6675
6688
6674
6672
6671
6670
6667
6666
6663
6686
6657
6654
6653
6652
6651
6650
6647
6647
6647
6646
6646
6645
6645
6644
6644
6642
6639
6639
6639
6635
6641
6629
6629
6632
6627
6627
6626
6623
6624
6621
6620
6618
6615
6616
6611
6611
6609
6606
6605
6605
6605
6600
6599
6597
6594
6593
6592
6590
6589
6589
6588
6587
6582
6579
6578
6577
6577
6577
6572
6570
6570
6569
6567
6567
6567
6566
6565
6553
6563
6562
6561
6560
6560
6558
6558
6555
6553
6551
6550
6549
6545
6544
6542
6541
6540
6535
6531
6531
6530
6526
6526
6524
6524
6523
6521
6521
6542
6520
6519
6519
6519
6518
6518
6517
6517
6515
6531
6515
6514
6511
6511
6382
6503
6502
6501
6501
6500
6498
6498
6497
6496
6495
6494
6493
6492
6492
6492
6491
6487
6487
6485
6480
6479
6477
6477
6474
6484
6490
6465
6464
6463
6462
6461
6461
6460
6459
6458
6456
6455
6454
6453
6451
6444
6444
6440
6440
6438
6438
6438
6437
6435
6435
6435
6434
6434
6431
6427
6426
6426
6425
6421
6428
6435
6420
6419
6417
6415
6411
6410
6409
6408
6408
6408
6407
6407
6405
6405
6405
6404
6403
6417
6400
6403
6397
6396
6395
6395
6395
6394
6392
6392
6391
6390
6387
6384
6384
6383
6382
6377
6376
6376
6375
6371
6371
6370
6370
6370
6369
6369
6366
6365
6364
6362
6359
6357
6357
6357
6356
6352
6350
6350
6348
6347
6347
6346
6343
6343
6342
6341
6340
6338
6338
6336
6336
6333
6332
6332
6331
6324
6322
6322
6320
6319
6319
6318
6317
6317
6316
6313
6309
6304
6304
6301
6300
6297
6297
6295
6294
6294
6293
6292
6291
6290
6288
6285
6285
6284
6284
6283
6283
6283
6280
6279
6278
6278
6277
6276
6275
6274
6272
6295
6270
6265
6265
6261
6261
6261
6261
6259
6255
6250
6249
6248
6247
6242
6239
6239
6238
6236
6234
6229
6228
6227
6222
6221
6221
6221
6219
6218
6216
6215
6215
6214
6214
6213
6213
6211
6206
6205
6205
6205
6204
6204
6203
6202
6201
6199
6198
6197
6186
6185
6185
6181
6180
6178
6176
6175
6172
6172
6170
6170
6167
6166
6166
6165
6164
6164
6160
6160
6157
6155
6151
6148
6146
6146
6146
6144
6143
6139
6137
6136
6135
6135
6129
6126
6125
6124
6123
6122
6120
6120
6118
6116
6137
6115
6114
6113
6113
6112
6111
6110
6108
6107
6106
6106
6105
6104
6119
6101
6100
6099
6097
6094
6093
6093
6092
6091
6090
6090
6088
6088
6088
6087
6086
6086
6087
6083
6082
6082
6082
6081
6082
6078
6073
6073
6072
6072
6071
6071
6070
6065
6064
6061
6060
6060
6058
6057
6057
6057
6057
6055
6054
6053
6051
6050
6048
6048
6046
6046
6046
6045
6043
6043
6042
6042
6041
6040
6038
6036
6035
6035
6034
6031
6029
6029
6028
6053
6027
6026
6027
6022
6022
6020
6020
6018
6015
6014
6036
6014
6014
6014
6014
6013
6012
6010
6008
6008
6008
6007
6005
6004
6004
6001
6001
6000
5997
5994
5993
5993
5992
5992
5989
5988
5988
5988
5986
5986
5986
5984
5983
5982
5982
5981
5980
5978
5977
5975
5973
5971
5971
5969
5967
5966
5965
5965
5965
5964
5963
5979
5962
5961
5960
5960
5960
5959
5954
5953
5948
5948
5947
5946
5943
5943
5940
5940
5940
5939
5939
5938
5948
5934
5934
5934
5933
5931
5931
5930
5929
5927
5934
5926
5924
5923
5921
5916
5913
5911
5911
5909
5904
5908
5903
5903
5902
5902
5901
5898
5910
5895
5894
5894
5893
5892
5890
5890
5889
5889
5888
5888
5887
5886
5886
5885
5885
5884
5883
5883
5881
5881
5880
5879
5878
5877
5874
5872
5872
5870
5869
5867
5864
5864
5863
5862
5860
5859
5856
5856
5856
5856
5854
5853
5853
5846
5845
5845
5844
5850
5841
5839
5838
5837
5835
5834
5834
5833
5832
5830
5827
5827
5825
5825
5823
5822
5822
5815
5814
5814
5810
5809
5807
5806
5805
5804
5804
5809
5803
5802
5801
5801
5800
5800
5799
5804
5799
5798
5795
5794
5793
5792
5792
5791
5791
5791
5788
5787
5785
5785
5785
5784
5784
5783
5783
5782
5781
5778
5777
5776
5774
5774
5773
5773
5773
5773
5772
5770
5769
5767
5767
5766
5766
5765
5762
5761
5770
5760
5759
5759
5757
5755
5754
5753
5753
5752
5751
5750
5763
5745
5744
5744
5742
5741
5740
5737
5732
5730
5729
5728
5724
5723
5722
5734
5721
5721
5719
5719
5718
5718
5717
5714
5713
5711
5710
5709
5709
5708
5708
5704
5704
5703
5702
5700
5698
5698
5696
5692
5691
5689
5688
5688
5687
5693
5684
5684
5683
5681
5681
5680
5679
5678
5677
5677
5674
5676
5673
5673
5673
5672
5671
5670
5669
5668
5666
5666
5666
5661
5660
5659
5658
5657
5657
5656
5654
5651
5651
5651
5651
5649
5648
5644
5644
5644
5644
5642
5641
5641
5641
5640
5639
5638
5637
5653
5635
5633
5633
5631
5631
5629
5629
5626
5626
5625
5623
5623
5620
5619
5618
5618
5617
5617
5617
5617
5616
5614
5614
5613
5612
5611
5611
5610
5610
5607
5605
5603
5609
5602
5602
5601
5600
5598
5597
5596
5595
5595
5595
5592
5591
5590
5588
5588
5585
5584
5583
5583
5582
5589
5581
5581
5580
5580
5578
5576
5575
5574
5582
5573
5571
5569
5564
5576
5562
5561
5559
5578
5555
5554
5551
5550
5549
5548
5547
5547
5544
5544
5543
5541
5540
5538
5538
5537
5537
5535
5535
5535
5535
5535
5535
5533
5533
5533
5530
5530
5529
5528
5527
5527
5526
5526
5525
5524
5524
5523
5522
5519
5519
5519
5517
5514
5514
5514
5513
5508
5511
5509
5509
5509
5508
5508
5507
5506
5506
5505
5505
5505
5504
5504
5503
5502
5499
5496
5495
5495
5492
5490
5489
5487
5487
5487
5486
5484
5484
5483
5483
5482
5482
5482
5480
5478
5478
5478
5476
5476
5472
5472
5471
5471
5471
5471
5470
5470
5468
5467
5467
5466
5465
5465
5465
5463
5462
5462
5462
5462
5462
5461
5461
5460
5459
5456
5456
5454
5454
5453
5452
5451
5449
5449
5448
5453
5446
5446
5446
5445
5443
5443
5443
5442
5440
5454
5439
5438
5438
5438
5436
5436
5436
5434
5434
5434
5432
5431
5431
5431
5430
5427
5426
5424
5423
5423
5423
5423
5422
5421
5423
5419
5418
5417
5417
5417
5415
5415
5414
5414
5413
5413
5411
5408
5408
5407
5407
5407
5406
5425
5404
5404
5403
5403
5425
5401
5400
5397
5394
5392
5390
5389
5388
5386
5385
5384
5384
5382
5400
5388
5379
5378
5378
5377
5376
5374
5372
5372
5411
5372
5371
5370
5370
5368
5366
5365
5365
5361
5361
5358
5357
5357
5356
5356
5356
5355
5354
5353
5363
5352
5350
5348
5348
5348
5346
5345
5345
5345
5343
5343
5342
5342
5341
5340
5340
5340
5339
5339
5339
5337
5336
5336
5336
5333
5351
5331
5331
5330
5330
5330
5328
5327
5327
5325
5323
5323
5322
5320
5320
5319
5316
5314
5312
5309
5307
5306
5305
5304
5302
5302
5302
5301
5310
5300
5299
5298
5297
5297
5297
5296
5296
5302
5295
5292
5291
5290
5288
5288
5285
5300
5283
5282
5282
5281
5280
5280
5276
5280
5269
5265
5263
5263
5262
5260
5260
5268
5260
5260
5259
5258
5257
5256
5255
5254
5254
5254
5252
5251
5251
5251
5251
5251
5250
5250
5249
5249
5248
5248
5245
5244
5241
5241
5239
5238
5238
5237
5237
5127
5235
5232
5230
5228
5227
5226
5225
5224
5224
5222
5221
5220
5219
5218
5218
5216
5216
5213
5210
5210
5210
5209
5208
5208
5206
5206
5205
5204
5204
5202
5201
5200
5199
5198
5197
5195
5194
5193
5193
5193
5192
5191
5191
5189
5189
5187
5187
5187
5187
5186
5186
5186
5185
5183
5183
5183
5182
5182
5181
5181
5181
5181
5180
5180
5179
5166
5175
5175
5175
5171
5176
5169
5186
5167
5166
5165
5165
5165
5164
5167
5158
5158
5158
5157
5157
5157
5157
5155
5154
5153
5153
5153
5153
5148
5147
5147
5146
5163
5146
5146
5145
5145
5145
5145
5144
5141
5141
5140
5138
5137
5136
5136
5136
5136
5136
5135
5135
5134
5134
5132
5132
5131
5131
5130
5130
5130
5129
5127
5132
5123
5121
5121
5120
5119
5118
5138
5117
5116
5115
5114
5122
5109
5107
5107
5106
5105
5103
5103
5102
5102
5100
5098
5096
5096
5095
5095
5094
5094
5092
5091
5088
5088
5087
5087
5086
5086
5085
5083
5081
5081
5080
5079
5109
5078
5077
5077
5075
5072
5072
5071
5070
5069
5068
5068
5068
5093
5065
5065
5065
5064
5064
5063
5059
5057
5062
5065
5054
5054
5053
5052
5050
5049
5049
5064
5048
5048
5047
5047
5046
5044
5044
5044
5043
5042
5045
5040
5039
5038
5036
5036
5035
5035
5034
5033
5032
5031
5031
5030
5030
5030
5030
5028
5028
5027
5026
5025
5025
5025
5025
5023
5023
5034
5022
5022
5021
5021
5020
5019
5019
5019
5019
5018
5016
5015
5014
5013
5013
5012
5011
5010
5007
5006
5006
5006
5006
5006
5005
5005
5005
5004
5004
5004
5004
5001
4998
4998
4997
4997
4997
4996
4995
4994
4993
4993
4993
4992
4992
4991
4990
4990
4990
4990
5000
4988
4988
4988
4988
4987
4986
4986
4985
4985
4984
4983
4983
4982
4982
4981
4980
4979
4979
4979
4976
4975
4975
4973
4972
4988
4971
4982
4970
4970
4970
4969
4968
4968
4967
4967
4965
4963
4962
4961
4960
4960
4960
4959
4957
4957
4956
4956
4955
4955
4963
4953
4952
4974
4951
4951
4950
4950
4948
4947
4945
4944
4944
4943
4943
4941
4941
4940
4940
4937
4937
4937
4934
4962
4933
4933
4932
4932
4932
4932
4932
4931
4929
4928
4927
4927
4927
4927
4926
4926
4925
4924
4924
4922
4922
4921
4921
4920
4919
4919
4917
4916
4914
4939
4912
4911
4910
4909
4909
4908
4908
4906
4906
4921
4911
4902
4901
4901
4900
4898
4898
4898
4918
4896
4895
4894
4892
4888
4886
4885
4884
4883
4904
4901
4879
4879
4879
4879
4878
4878
4768
4877
4876
4875
4875
4874
4873
4873
4858
4869
4869
4868
4868
4867
4866
4866
4865
4865
4865
4880
4863
4862
4860
4859
4858
4855
4854
4854
4854
4852
4852
4850
4850
4849
4849
4847
4846
4844
4843
4841
4840
4840
4840
4837
4837
4836
4835
4846
4834
4833
4833
4832
4831
4831
4830
4830
4829
4842
4829
4827
4827
4823
4820
4819
4819
4818
4817
4816
4816
4815
4814
4814
4814
4814
4814
4812
4812
4811
4811
4810
4810
4809
4809
4809
4807
4807
4806
4799
4799
4799
4799
4798
4798
4798
4795
4794
4794
4792
4792
4792
4791
4791
4789
4789
4788
4787
4786
4785
4804
4785
4784
4784
4782
4782
4782
4779
4778
4778
4777
4777
4777
4775
4774
4774
4772
4770
4768
4767
4767
4767
4765
4765
4764
4763
4763
4762
4761
4760
4760
4760
4759
4765
4758
4758
4757
4757
4755
4755
4753
4753
4752
4752
4751
4751
4751
4751
4750
4748
4748
4747
4746
4753
4744
4744
4744
4743
4743
4742
4741
4740
4736
4736
4738
4734
4733
4733
4732
4738
4732
4732
4730
4729
4730
4729
4728
4727
4726
4726
4726
4725
4725
4725
4724
4724
4722
4721
4720
4719
4719
4718
4717
4716
4716
4716
4715
4715
4714
4714
4716
4713
4712
4711
4710
4710
4710
4711
4709
4709
4708
4707
4707
4706
4705
4705
4705
4704
4704
4703
4702
4701
4701
4701
4701
4700
4700
4698
4698
4697
4696
4695
4695
4695
4695
4716
4693
4691
4691
4690
4688
4688
4688
4688
4687
4687
4687
4684
4684
4683
4681
4680
4682
4680
4678
4676
4676
4675
4675
4674
4674
4674
4674
4674
4673
4673
4671
4671
4670
4669
4669
4665
4665
4665
4665
4664
4664
4664
4664
4663
4663
4662
4661
4661
4661
4660
4660
4660
4659
4657
4657
4656
4655
4655
4655
4655
4655
4654
4654
4654
4653
4652
4651
4650
4674
4649
4648
4648
4648
4647
4647
4647
4647
4646
4646
4645
4645
4643
4643
4641
4639
4639
4638
4635
4634
4634
4634
4633
4633
4632
4631
4630
4628
4628
4627
4627
4627
4630
4626
4625
4625
4625
4625
4624
4623
4623
4623
4630
4621
4621
4621
4620
4617
4617
4614
4614
4613
4613
4613
4616
4612
4611
4611
4609
4609
4608
4607
4606
4606
4605
4605
4602
4602
4602
4601
4598
4598
4597
4616
4595
4595
4594
4594
4593
4593
4593
4592
4592
4591
4591
4590
4590
4590
4590
4589
4589
4588
4588
4587
4587
4586
4585
4585
4584
4583
4594
4588
4582
4595
4581
4580
4579
4578
4577
4577
4577
4576
4575
4574
4573
4573
4571
4570
4570
4570
4569
4569
4569
4568
4567
4567
4567
4566
4565
4564
4563
4567
4563
4563
4563
4563
4563
4562
4562
4562
4587
4561
4561
4560
4560
4560
4558
4558
4557
4556
4556
4556
4555
4554
4553
4553
4550
4550
4550
4549
4548
4547
4546
4546
4546
4546
4546
4546
4546
4545
4545
4544
4544
4541
4541
4540
4539
4539
4539
4539
4538
4538
4537
4536
4536
4536
4535
4535
4535
4534
4533
4533
4533
4533
4532
4531
4531
4530
4530
4528
4528
4527
4527
4526
4525
4524
4522
4522
4520
4519
4517
4517
4517
4516
4515
4515
4514
4512
4511
4511
4509
4509
4508
4507
4507
4506
4505
4505
4505
4505
4504
4518
4503
4503
4502
4502
4501
4501
4501
4501
4500
4499
4499
4499
4498
4496
4495
4495
4515
4494
4494
4493
4493
4492
4492
4490
4489
4489
4486
4485
4484
4484
4484
4482
4482
4482
4482
4482
4480
4480
4480
4480
4483
4479
4478
4477
4477
4476
4488
4475
4474
4474
4474
4470
4470
4467
4467
4466
4466
4465
4464
4464
4464
4463
4463
4462
4462
4460
4459
4459
4459
4458
4457
4457
4457
4457
4455
4455
4453
4452
4451
4462
4448
4448
4462
4447
4447
4446
4443
4443
4443
4443
4443
4443
4442
4442
4442
4442
4442
4442
4440
4440
4439
4439
4439
4439
4439
4438
4438
4436
4435
4435
4435
4435
4435
4434
4434
4433
4433
4432
4432
4430
4429
4436
4428
4426
4425
4425
4425
4424
4424
4424
4423
4422
4421
4421
4420
4420
4420
4420
4420
4419
4418
4417
4417
4416
4416
4416
4416
4415
4414
4414
4414
4413
4412
4416
4411
4411
4411
4410
4409
4409
4409
4407
4407
4405
4405
4404
4404
4404
4404
4403
4403
4401
4401
4401
4421
4401
4401
4399
4398
4398
4396
4395
4394
4394
4393
4393
4393
4392
4392
4391
4391
4389
4389
4387
4387
4386
4386
4385
4385
4385
4384
4384
4384
4384
4384
4383
4382
4382
4381
4381
4378
4378
4377
4376
4395
4374
4396
4373
4371
4371
4371
4371
4380
4370
4369
4369
4369
4368
4368
4367
4367
4367
4367
4367
4366
4365
4363
4363
4363
4362
4362
4361
4361
4361
4361
4360
4357
4357
4356
4371
4355
4354
4369
4354
4352
4352
4372
4351
4350
4350
4350
4350
4350
4348
4348
4347
4347
4346
4349
4346
4346
4345
4345
4344
4344
4344
4343
4342
4342
4341
4340
4340
4340
4339
4339
4338
4338
4338
4338
4337
4337
4335
4335
4334
4334
4333
4332
4331
4331
4329
4329
4329
4328
4328
4328
4326
4325
4324
4324
4324
4323
4322
4321
4321
4320
4320
4319
4318
4318
4317
4317
4317
4316
4316
4315
4315
4313
4313
4312
4311
4311
4311
4311
4310
4309
4309
4311
4308
4335
4304
4304
4301
4300
4299
4298
4298
4298
4297
4297
4296
4296
4309
4294
4294
4294
4294
4294
4293
4293
4292
4314
4291
4290
4289
4288
4288
4287
4286
4284
4283
4283
4281
4281
4280
4280
4279
4278
4278
4278
4278
4277
4275
4275
4274
4274
4273
4273
4273
4272
4272
4271
4270
4270
4269
4268
4267
4267
4267
4267
4266
4266
4265
4264
4264
4264
4262
4262
4262
4261
4261
4259
4259
4258
4258
4261
4256
4255
4255
4254
4252
4252
4263
4251
4251
4251
4251
4249
4248
4248
4247
4246
4246
4246
4245
4245
4245
4244
4243
4243
4243
4240
4240
4239
4239
4239
4238
4238
4238
4238
4238
4237
4237
4236
4235
4235
4235
4234
4234
4234
4234
4233
4233
4233
4232
4232
4232
4232
4230
4230
4237
4229
4229
4228
4228
4228
4227
4227
4227
4226
4226
4226
4225
4224
4224
4238
4223
4222
4222
4221
4221
4221
4214
4220
4220
4219
4218
4218
4217
4217
4217
4216
4216
4216
4215
4214
4212
4212
4211
4211
4210
4210
4210
4210
4208
4208
4207
4207
4207
4207
4206
4206
4206
4206
4205
4205
4205
4205
4205
4205
4205
4204
4204
4203
4202
4201
4201
4200
4200
4200
4199
4199
4198
4198
4195
4194
4194
4194
4214
4192
4195
4192
4191
4191
4191
4191
4190
4188
4187
4187
4185
4185
4185
4184
4183
4182
4182
4182
4181
4181
4180
4180
4179
4178
4177
4177
4177
4177
4176
4175
4173
4172
4171
4170
4168
4168
4168
4166
4166
4165
4164
4162
4161
4161
4160
4160
4160
4160
4159
4159
4168
4158
4158
4158
4158
4157
4156
4155
4155
4153
4152
4151
4151
4151
4150
4149
4147
4166
4166
4147
4146
4133
4145
4145
4145
4145
4145
4145
4144
4144
4144
4144
4143
4156
4142
4142
4142
4142
4141
4141
4141
4142
4140
4139
4138
4138
4139
4137
4137
4137
4136
4136
4136
4136
4135
4134
4134
4133
4133
4132
4131
4130
4132
4127
4127
4127
4126
4146
4125
4125
4124
4122
4121
4120
4120
4119
4119
4119
4119
4119
4118
4118
4118
4118
4117
4115
4115
4114
4114
4113
4113
4113
4112
4111
4111
4111
4110
4110
4110
4109
4109
4109
4109
4129
4107
4107
4105
4104
4104
4104
4111
4102
4100
4100
4099
4098
4097
4097
4096
4096
4096
4096
4096
4095
4094
4094
4093
4092
4091
4091
4088
4088
4087
4086
4086
4086
4085
4095
4085
4083
4083
4083
4082
4081
4081
4081
4081
4081
4081
4080
4080
4079
4079
4079
4078
4078
4077
4077
4077
4077
4077
4074
4078
4074
4072
4072
4070
4070
4069
4068
4068
4085
4067
4067
4066
4065
4064
4064
4084
4063
4063
4063
4062
4062
4061
4061
4061
4064
4061
4060
4059
4059
4059
4058
4058
4058
4058
4058
4057
4057
4057
4057
4056
4056
4056
4056
4055
4055
4055
4054
4053
4053
4052
4052
4053
4051
4051
4051
4050
4050
4050
4050
4048
4048
4048
4048
4048
4048
4048
4047
4047
4045
4045
4044
4044
4043
4043
4044
4042
4042
4042
4041
4041
4041
4040
4040
4040
4038
4038
4037
4037
4037
4036
4036
4035
4034
4033
4047
4032
4032
4032
4031
4028
4028
4027
4027
4026
4026
4026
4025
4025
4023
4023
4022
4022
4022
4021
4021
4021
4021
4019
4019
4019
4018
4017
4016
4015
4015
4015
4046
4015
4014
4014
4014
4013
4018
4012
4012
4012
4012
4010
4009
4008
4008
4007
4007
4007
4007
4007
4006
4005
4004
4004
4004
4003
4003
4003
4002
4001
4001
4001
4001
4000
3999
3998
3998
3998
3997
3997
4001
3997
3996
3996
4000
3995
3995
3996
3993
3993
3993
3993
3991
3991
3990
3990
3990
3990
3989
3989
3987
3985
3985
3984
3984
3984
3983
3997
3986
3983
3982
3982
3982
3982
3981
3978
3978
3977
3976
3975
3975
3975
3974
3974
3973
3973
3973
3973
3973
3972
3972
3972
3970
3974
3969
3968
3967
3967
3966
3966
3965
3964
3966
3963
3968
3963
3963
3962
3962
3961
3961
3961
3961
3960
3960
3960
3959
3958
3958
3958
3958
3957
3957
3956
3956
3956
3955
3954
3953
3952
3952
3950
3950
3950
3949
3949
3948
3946
3945
3961
3945
3944
3944
3944
3942
3941
3941
3941
3940
3940
3940
3939
3938
3937
3936
3936
3935
3929
3933
3933
3932
3932
3931
3931
3931
3931
3930
3930
3930
3929
3929
3929
3928
3928
3927
3927
3927
3925
3925
3924
3924
3923
3923
3923
3923
3923
3923
3922
3921
3921
3921
3920
3920
3911
3919
3919
3917
3915
3915
3914
3912
3911
3911
3922
3910
3931
3909
3909
3908
3908
3908
3908
3907
3907
3906
3906
3906
3906
3905
3905
3905
3904
3902
3902
3901
3900
3900
3900
3899
3897
3901
3897
3896
3896
3896
3894
3894
3893
3893
3893
3893
3891
3891
3890
3890
3889
3889
3888
3889
3887
3887
3886
3885
3885
3885
3884
3883
3883
3883
3880
3880
3893
3879
3879
3879
3878
3877
3875
3874
3874
3874
3874
3873
3873
3873
3872
3872
3872
3870
3870
3869
3869
3869
3869
3869
3869
3868
3868
3868
3868
3867
3867
3867
3866
3866
3865
3865
3865
3862
3860
3870
3858
3858
3858
3854
3853
3853
3853
3853
3851
3851
3851
3850
3848
3848
3848
3848
3848
3847
3846
3845
3844
3844
3843
3843
3842
3842
3841
3840
3839
3839
3839
3839
3839
3838
3838
3837
3835
3837
3834
3833
3833
3832
3831
3831
3830
3829
3829
3828
3827
3826
3825
3825
3825
3825
3824
3824
3824
3823
3822
3822
3821
3821
3821
3830
3819
3841
3817
3817
3816
3815
3815
3815
3815
3815
3814
3814
3814
3816
3813
3813
3813
3813
3812
3812
3812
3812
3811
3811
3810
3810
3810
3810
3810
3809
3809
3809
3808
3807
3807
3806
3806
3805
3804
3804
3803
3802
3802
3801
3801
3801
3801
3800
3799
3799
3799
3798
3797
3797
3797
3795
3796
3795
3795
3794
3792
3792
3791
3791
3791
3791
3812
3789
3789
3788
3785
3785
3785
3784
3784
3784
3783
3783
3782
3782
3781
3781
3780
3780
3780
3782
3779
3779
3779
3778
3778
3778
3778
3776
3776
3776
3776
3775
3775
3775
3774
3772
3770
3769
3769
3769
3769
3768
3768
3768
3768
3766
3766
3766
3765
3764
3763
3763
3763
3762
3762
3762
3761
3760
3758
3758
3755
3755
3755
3771
3752
3752
3752
3751
3750
3750
3749
3749
3748
3748
3748
3763
3748
3757
3747
3746
3746
3746
3746
3745
3744
3744
3743
3742
3741
3741
3739
3739
3739
3738
3738
3737
3757
3736
3736
3736
3735
3735
3734
3734
3734
3734
3733
3733
3733
3733
3732
3730
3730
3729
3729
3729
3729
3729
3729
3729
3728
3728
3728
3727
3727
3726
3726
3725
3724
3724
3724
3723
3723
3723
3722
3722
3722
3722
3721
3721
3721
3721
3721
3720
3720
3720
3719
3718
3718
3718
3717
3717
3717
3717
3717
3716
3716
3721
3714
3714
3713
3713
3713
3713
3712
3712
3711
3711
3710
3710
3710
3710
3710
3710
3709
3709
3709
3708
3707
3707
3707
3707
3706
3706
3706
3705
3716
3704
3704
3703
3703
3703
3703
3703
3703
3702
3702
3701
3701
3701
3716
3699
3699
3699
3697
3696
3697
3696
3696
3699
3695
3695
3694
3693
3693
3692
3692
3692
3692
3691
3691
3689
3689
3688
3688
3688
3688
3688
3687
3687
3687
3687
3686
3686
3686
3685
3684
3683
3683
3683
3682
3682
3682
3682
3682
3681
3681
3681
3680
3680
3680
3680
3679
3679
3679
3679
3679
3678
3676
3676
3675
3675
3674
3674
3673
3673
3673
3672
3672
3672
3671
3670
3669
3669
3668
3668
3668
3667
3667
3667
3665
3665
3665
3664
3663
3663
3662
3662
3661
3660
3660
3660
3659
3658
3658
3657
3657
3657
3656
3654
3654
3689
3654
3654
3652
3652
3651
3651
3651
3660
3650
3650
3649
3649
3648
3648
3647
3646
3645
3645
3642
3641
3641
3640
3639
3638
3638
3637
3637
3653
3636
3635
3635
3635
3637
3647
3634
3633
3632
3632
3631
3631
3629
3629
3628
3627
3627
3627
3626
3626
3626
3624
3624
3623
3622
3622
3622
3622
3621
3621
3620
3619
3618
3617
3617
3616
3615
3614
3614
3613
3616
3613
3612
3612
3612
3611
3611
3611
3611
3610
3610
3609
3609
3609
3608
3608
3607
3607
3606
3606
3605
3605
3605
3605
3604
3604
3603
3603
3602
3602
3602
3602
3602
3602
3601
3601
3601
3600
3607
3600
3599
3599
3598
3598
3598
3598
3597
3597
3597
3596
3596
3596
3596
3596
3595
3595
3593
3593
3592
3592
3592
3592
3592
3591
3590
3590
3590
3590
3590
3589
3588
3587
3587
3586
3586
3585
3584
3584
3584
3583
3583
3583
3583
3582
3582
3581
3581
3581
3580
3579
3578
3578
3584
3578
3578
3578
3577
3577
3576
3576
3576
3576
3576
3576
3575
3575
3574
3574
3573
3572
3572
3572
3571
3570
3570
3570
3570
3569
3569
3568
3568
3568
3568
3567
3566
3570
3565
3565
3565
3564
3564
3563
3562
3562
3562
3561
3561
3561
3561
3560
3560
3559
3559
3559
3557
3556
3556
3555
3555
3555
3555
3555
3555
3554
3553
3553
3552
3551
3551
3551
3551
3551
3550
3550
3549
3549
3548
3547
3547
3547
3547
3547
3547
3547
3546
3546
3546
3546
3546
3546
3569
3545
3545
3545
3545
3544
3543
3543
3543
3543
3542
3542
3541
3541
3540
3539
3539
3539
3538
3538
3538
3538
3537
3537
3536
3556
3534
3534
3534
3533
3533
3533
3533
3532
3531
3531
3531
3531
3532
3528
3528
3545
3527
3527
3526
3525
3525
3525
3524
3524
3524
3523
3521
3521
3521
3520
3520
3520
3520
3519
3519
3518
3516
3516
3515
3515
3515
3515
3515
3514
3513
3512
3512
3512
3512
3512
3512
3512
3511
3510
3509
3509
3509
3509
3509
3508
3510
3507
3507
3507
3507
3506
3520
3520
3504
3504
3503
3503
3503
3502
3502
3501
3501
3500
3500
3499
3499
3498
3498
3497
3497
3497
3497
3497
3497
3496
3496
3496
3496
3495
3495
3495
3495
3494
3494
3493
3493
3493
3492
3492
3492
3491
3491
3491
3490
3490
3489
3489
3488
3488
3488
3490
3488
3488
3488
3487
3486
3486
3484
3483
3483
3483
3482
3482
3480
3480
3480
3480
3480
3480
3489
3478
3478
3478
3478
3477
3475
3475
3475
3475
3474
3474
3474
3496
3474
3474
3474
3474
3473
3473
3472
3472
3472
3472
3472
3471
3469
3469
3469
3469
3469
3468
3468
3467
3467
3466
3466
3465
3465
3465
3464
3464
3464
3463
3463
3463
3462
3462
3461
3461
3461
3461
3458
3458
3457
3457
3457
3456
3456
3456
3456
3455
3455
3455
3454
3454
3454
3454
3453
3452
3452
3451
3451
3451
3451
3451
3450
3450
3450
3450
3453
3450
3449
3448
3448
3448
3448
3447
3447
3447
3447
3447
3446
3446
3448
3444
3444
3443
3443
3442
3442
3442
3442
3348
3440
3440
3439
3439
3439
3438
3437
3437
3436
3436
3444
3436
3436
3435
3434
3434
3434
3434
3434
3433
3433
3433
3444
3433
3432
3432
3432
3431
3431
3431
3431
3430
3427
3427
3426
3425
3425
3423
3423
3423
3441
3422
3422
3422
3421
3421
3421
3421
3420
3420
3420
3419
3419
3419
3419
3418
3417
3417
3417
3416
3416
3416
3416
3415
3415
3414
3414
3434
3413
3413
3412
3412
3412
3411
3411
3410
3410
3410
3410
3410
3409
3408
3408
3408
3407
3406
3405
3405
3405
3405
3405
3404
3419
3403
3403
3402
3402
3402
3401
3401
3401
3400
3400
3399
3399
3399
3399
3398
3398
3398
3397
3397
3396
3396
3395
3395
3395
3395
3394
3394
3392
3392
3392
3391
3391
3391
3391
3390
3390
3389
3389
3388
3387
3387
3387
3387
3387
3387
3386
3386
3386
3386
3386
3385
3384
3384
3383
3383
3383
3382
3382
3381
3381
3381
3380
3380
3379
3379
3398
3378
3378
3377
3377
3376
3376
3375
3375
3374
3374
3373
3373
3373
3372
3372
3372
3372
3372
3371
3371
3371
3370
3369
3368
3368
3374
3367
3367
3366
3366
3365
3365
3365
3364
3363
3363
3363
3363
3362
3362
3361
3360
3382
3360
3360
3360
3359
3359
3359
3358
3358
3357
3357
3356
3355
3355
3355
3354
3353
3352
3352
3352
3351
3351
3351
3351
3350
3349
3348
3348
3347
3347
3347
3347
3346
3346
3349
3346
3346
3345
3345
3345
3344
3344
3344
3344
3343
3343
3343
3343
3342
3342
3340
3340
3339
3339
3339
3338
3338
3338
3338
3337
3337
3337
3336
3336
3335
3334
3332
3332
3331
3331
3331
3331
3330
3330
3329
3328
3328
3328
3327
3327
3327
3327
3326
3326
3326
3324
3323
3322
3322
3322
3322
3322
3322
3320
3320
3319
3318
3317
3316
3315
3320
3315
3315
3315
3314
3313
3312
3312
3311
3311
3310
3310
3310
3310
3310
3310
3310
3310
3309
3309
3309
3309
3308
3308
3307
3307
3307
3307
3306
3306
3304
3303
3303
3303
3303
3302
3302
3302
3302
3302
3301
3301
3301
3300
3299
3298
3298
3298
3298
3307
3297
3296
3296
3296
3296
3295
3295
3295
3295
3294
3294
3293
3293
3293
3293
3292
3292
3292
3292
3291
3290
3290
3290
3289
3289
3289
3289
3288
3288
3287
3287
3286
3286
3286
3286
3285
3285
3285
3284
3284
3284
3284
3283
3283
3283
3283
3282
3282
3282
3282
3282
3281
3281
3280
3280
3280
3280
3279
3279
3279
3279
3278
3278
3277
3277
3276
3276
3276
3276
3276
3276
3275
3275
3274
3274
3274
3274
3274
3273
3273
3273
3273
3272
3271
3270
3270
3269
3268
3267
3267
3267
3266
3266
3266
3266
3265
3265
3265
3265
3264
3264
3264
3264
3263
3263
3262
3262
3261
3260
3260
3260
3260
3259
3259
3258
3258
3258
3257
3257
3256
3256
3256
3256
3255
3255
3255
3255
3254
3254
3254
3254
3253
3253
3253
3252
3252
3252
3251
3251
3250
3250
3250
3250
3250
3250
3249
3249
3249
3247
3247
3247
3247
3247
3246
3246
3246
3246
3245
3245
3245
3245
3244
3244
3244
3244
3244
3243
3243
3242
3242
3242
3242
3241
3241
3240
3240
3240
3240
3239
3239
3239
3238
3238
3238
3238
3238
3237
3243
3237
3237
3237
3237
3237
3237
3236
3257
3236
3235
3235
3235
3235
3234
3234
3233
3232
3232
3232
3231
3231
3231
3231
3230
3230
3230
3230
3230
3229
3229
3228
3228
3227
3227
3227
3227
3227
3227
3226
3226
3225
3225
3224
3224
3223
3222
3222
3221
3221
3221
3221
3220
3220
3219
3219
3218
3218
3218
3218
3218
3218
3218
3217
3217
3217
3217
3217
3217
3216
3216
3216
3215
3214
3213
3213
3213
3213
3212
3212
3212
3212
3212
3211
3211
3211
3211
3210
3210
3210
3210
3210
3210
3209
3209
3208
3208
3207
3206
3206
3206
3205
3205
3203
3203
3203
3202
3202
3202
3201
3201
3200
3200
3200
3200
3199
3199
3199
3199
3198
3198
3198
3197
3197
3197
3196
3195
3195
3198
3203
3194
3194
3194
3194
3193
3208
3193
3192
3191
3191
3189
3189
3188
3188
3187
3187
3186
3184
3189
3184
3183
3183
3183
3182
3182
3182
3182
3182
3180
3179
3179
3179
3177
3177
3187
3176
3175
3175
3175
3175
3174
3174
3174
3174
3173
3172
3172
3171
3171
3170
3169
3169
3169
3168
3168
3168
3166
3166
3166
3166
3166
3166
3165
3165
3164
3164
3164
3164
3164
3163
3163
3162
3162
3162
3161
3175
3160
3159
3159
3158
3158
3158
3157
3157
3157
3156
3156
3155
3155
3155
3154
3154
3154
3154
3153
3153
3153
3153
3160
3152
3152
3151
3151
3150
3150
3150
3149
3149
3149
3149
3148
3147
3147
3146
3146
3146
3145
3145
3144
3144
3144
3144
3163
3143
3142
3142
3142
3142
3140
3139
3139
3139
3138
3138
3138
3137
3137
3137
3137
3137
3137
3137
3136
3135
3135
3135
3134
3134
3134
3133
3143
3133
3133
3131
3131
3131
3131
3131
3131
3130
3129
3129
3129
3128
3128
3128
3127
3127
3152
3127
3126
3126
3126
3126
3125
3125
3125
3125
3125
3125
3125
3123
3123
3123
3123
3123
3123
3123
3122
3122
3122
3122
3122
3122
3121
3121
3121
3121
3120
3120
3120
3120
3123
3118
3118
3118
3117
3117
3117
3117
3116
3116
3115
3115
3115
3115
3114
3114
3114
3114
3113
3113
3113
3113
3112
3112
3111
3111
3111
3110
3110
3108
3108
3108
3108
3107
3106
3105
3105
3105
3105
3104
3104
3103
3103
3103
3102
3102
3101
3101
3101
3101
3101
3101
3100
3099
3099
3099
3099
3099
3098
3098
3098
3097
3097
3097
3097
3096
3096
3095
3095
3095
3095
3095
3094
3094
3094
3094
3094
3093
3092
3092
3091
3091
3091
3088
3088
3087
3087
3087
3087
3086
3086
3086
3085
3085
3085
3084
3084
3084
3083
3083
3083
3082
3082
3082
3081
3081
3080
3080
3080
3080
3079
3079
3079
3079
3079
3078
3078
3078
3082
3077
3077
3077
3077
3076
3076
3076
3076
3075
3075
3074
3074
3074
3074
3074
3074
3074
3073
3073
3073
3072
3072
3072
3070
3070
3070
3070
3069
3069
3069
3068
3068
3067
3067
3067
3066
3066
3066
3085
3065
3063
3063
3063
3062
3062
3062
3062
3062
3061
3061
3061
3060
3059
3059
3059
3059
3059
3058
3058
3058
3058
3057
3057
3056
3055
3055
3055
3055
3054
3053
3053
3053
3053
3052
3052
3051
3051
3050
3050
3050
3050
3050
3050
3049
3049
3048
3048
3048
3047
3047
3047
3046
3046
3046
3045
3045
3044
3044
3044
3044
3044
3042
3042
3042
3042
3041
3040
3040
3039
3039
3039
3039
3038
3038
3038
3037
3037
3037
3037
3037
3037
3036
3036
3035
3035
3035
3034
3034
3033
3033
3033
3033
3032
3032
3032
3031
3031
3031
3031
3031
3030
3030
3030
3030
3028
3028
3028
3027
3027
3027
3026
3026
3026
3025
3025
3025
3025
3025
3025
3024
3024
3024
3024
3023
3023
3023
3021
3021
3020
3020
3020
3020
3020
3020
3019
3019
3019
3019
3018
3018
3018
3018
3025
3017
3017
3017
3015
3015
3015
3015
3014
3014
3014
3013
3012
3012
3012
3011
3011
3011
3011
3011
3010
3010
3010
3038
3009
3008
3008
3008
3007
3007
3007
3007
3006
3006
3006
3006
3005
3005
3005
3005
3005
3004
3003
3003
3003
3003
3009
3002
3002
3017
3001
3001
3000
3000
3000
3000
3000
3007
