900355
535421
522864
486426
375587
369561
360318
357053
326301
322162
289825
282635
280254
269210
269097
267400
264170
258153
256358
254096
253302
252709
252559
252414
249605
248189
245204
238906
238357
236107
229299
219887
217410
213780
212600
212329
212070
207512
202063
200004
199408
198047
191038
190672
184354
183954
183941
181734
176060
175933
175223
175158
175017
172183
172088
170302
169558
165050
164874
164795
164170
163262
163181
162432
159530
159228
158626
157929
157222
156811
155867
152864
152305
148982
145978
145887
139735
139376
138749
138625
137260
134865
132339
132233
131929
130881
130769
130310
129338
128795
127812
127301
127149
126918
125637
124368
123180
122801
122654
122572
121900
119522
118917
117542
117022
116462
115531
114301
113496
113186
111873
111495
109923
109731
108718
108534
107212
106259
105844
105787
105615
105532
105127
105066
104309
104221
103497
103023
102965
101764
100910
100856
100817
100462
99998
99702
98874
98354
98323
97377
97016
96747
96111
96031
95845
95493
95316
94653
94643
93976
93873
93299
93200
93198
92755
92548
91672
91625
91571
91530
91529
91407
90776
89668
88973
88319
88288
88009
87708
87483
87437
87363
87117
87023
86981
86593
86095
85845
85802
85014
84579
84327
84277
83838
83741
83590
83349
83321
83239
83125
82957
82953
82826
82145
81928
81425
81389
81316
81295
81228
81201
81041
80996
80570
80167
80035
79558
79425
79270
79150
78869
78501
78239
77746
77240
76999
76566
76461
76455
76427
76181
75844
75581
75454
75435
75234
75092
74783
74766
74746
74669
74637
74491
74275
74258
74210
74159
73911
73695
73482
73447
73323
73094
72664
72406
72404
72374
72327
71911
71899
71731
71612
71471
71333
71248
71119
70952
70719
70709
70679
70571
70540
70319
70152
70148
69866
69824
69764
69651
69571
69475
69234
69211
69166
69043
68931
68856
68696
68575
68489
68421
68344
68004
67827
67569
67544
67509
67486
67173
67052
66953
66651
66505
66071
65877
65693
65590
65521
65511
65420
65412
65408
65375
65149
65143
64974
64794
64778
64536
64511
64323
64302
64240
64000
63845
63793
63754
63570
63560
63394
62953
62885
62867
62777
62553
62539
62430
62127
62070
62058
62057
62049
62034
62001
61981
61976
61560
61548
61480
61456
61366
61321
61201
61149
61125
61098
60823
60789
60720
60647
60479
60473
60373
60371
60307
60206
60195
60168
59739
59665
59573
59487
59367
59089
58989
58982
58981
58948
58951
58926
58771
58732
58705
58649
58462
58401
58352
58329
58288
58283
58219
57919
57797
57751
57733
57434
57362
57239
57155
57136
57079
56999
56970
56966
56924
56887
56695
56575
56351
56316
56321
56290
56218
56118
56051
55915
55646
55639
55589
55490
55483
55347
55302
55287
55239
55228
55221
55121
55117
55097
54978
54821
54720
54571
54459
54462
54331
54201
54176
54175
53964
53832
53781
53745
53741
53728
53685
53472
53441
53413
53308
53300
53173
53074
53034
53016
52985
52969
52966
52862
52860
52814
52800
52700
52699
52699
52693
52671
52373
52296
52269
52212
52195
51904
51720
51705
51703
51686
51578
51539
51346
51340
51267
51235
51138
51128
51078
51041
50978
50961
50954
50923
50866
50783
50782
50706
50681
50652
50602
50556
50520
50501
50378
50365
50365
50147
50131
49902
49807
49724
49681
49640
49631
49590
49542
49502
49476
49296
49196
49155
49114
49011
48965
48963
48931
48915
48900
48857
48841
48689
48650
48580
48558
48523
48446
48412
48366
48328
48323
48279
48273
48260
48179
48144
48109
48037
48026
47928
47883
47842
47787
47745
47741
47740
47691
47397
47223
47203
47039
46932
46867
46842
46750
46563
46528
46525
46478
46383
46345
46317
46277
46189
46102
46093
46088
46057
45963
45959
45911
45878
45829
45824
45818
45791
45712
45711
45679
45634
45594
45575
45533
45519
45446
45348
45303
45300
45298
45221
45183
45177
45126
45118
45107
44972
44966
44965
44954
44884
44610
44583
44439
44431
44301
44223
44214
44161
44126
44089
43986
43986
43955
43938
43888
43874
43804
43768
43715
43669
43652
43645
43634
43633
43522
43511
43502
43471
43415
43398
43388
43312
43284
43269
43268
43165
42928
42935
42911
42865
42855
42846
42837
42815
42743
42715
42688
42642
42634
42630
42564
42495
42430
42418
42409
42298
42300
42294
42285
42238
42189
42125
42109
42105
41968
41827
41826
41799
41760
41731
41714
41587
41565
41452
41437
41407
41398
41360
41304
41283
41246
41209
41188
41165
41093
41023
41018
40955
40952
40927
40910
40907
40880
40838
40833
40815
40718
40570
40531
40502
40470
40382
40341
40326
40289
40251
40212
40183
40159
40119
40116
40070
40031
40004
39877
39861
39856
39840
39826
39778
39759
39752
39721
39632
39622
39565
39554
39448
39426
39389
39381
39340
39327
39308
39284
39185
39138
39100
39090
38912
38895
38880
38870
38785
38773
38714
38680
38477
38462
38449
38369
38354
38281
38277
38267
38264
38222
38121
38094
38064
37979
37948
37920
37906
37831
37739
37737
37682
37670
37628
37602
37568
37559
37499
37492
37441
37385
37342
37309
37274
37247
37235
37211
37195
37175
37165
37061
37053
37003
36974
36968
36967
36847
36847
36737
36691
36649
36627
36615
36613
36591
36494
36483
36482
36460
36457
36437
36425
36412
36379
36344
36322
36322
36321
36297
36102
36095
36074
36055
36041
36036
36009
35925
35898
35886
35861
35777
35678
35611
35592
35574
35568
35481
35391
35253
35226
35210
35030
34996
34951
34920
34920
34909
34872
34860
34835
34822
34819
34808
34789
34782
34746
34737
34713
34709
34708
34631
34628
34607
34589
34578
34535
34534
34466
34456
34471
34441
34437
34435
34385
34380
34374
34317
34300
34277
34273
34256
34223
34197
34181
34177
34123
34039
34035
34023
34007
33961
33946
33938
33918
33882
33858
33821
33818
33788
33778
33751
33709
33660
33638
33564
33546
33544
33520
33485
33483
33471
33448
33342
33332
33312
33305
33294
33293
33289
33286
33209
33205
33196
33206
33157
33177
33105
33102
33085
33045
33039
33036
32952
32946
32939
32917
32898
32879
32869
32855
32778
32741
32732
32698
32689
32694
32679
32635
32624
32612
32552
32544
32482
32451
32429
32429
32428
32377
32377
32366
32313
32296
32236
32200
32192
32170
32145
32134
32104
32075
32058
32051
31996
31986
31985
31885
31875
31737
31647
31594
31582
31569
31556
31521
31512
31473
31429
31374
31374
31341
31335
31222
31212
31124
31074
31056
31020
30973
30930
30893
30821
30818
30803
30790
30733
30732
30716
30669
30664
30607
30588
30549
30543
30525
30506
30499
30498
30493
30464
30461
30454
30417
30394
30370
30367
30334
30275
30269
30216
30211
30172
30164
30158
30095
30085
30071
30027
30017
29977
29954
29930
29874
29869
29869
29865
29833
29818
29799
29746
29727
29726
29692
29685
29692
29667
29664
29637
29543
29537
29499
29496
29482
29478
29442
29436
29429
29400
29388
29375
29353
29333
29332
29289
29295
29266
29176
29168
29092
29076
29071
29042
29014
28907
28871
28862
28860
28815
28797
28777
28761
28740
28734
28729
28726
28686
28681
28615
28610
28608
28584
28566
28564
28554
28524
28520
28506
28496
28469
28459
28459
28455
28414
28419
28387
28398
28356
28354
28348
28324
28319
28301
28292
28287
28268
28269
28252
28243
28232
28220
28171
28162
28160
28116
28082
28035
28033
28026
28013
27972
27958
27940
27893
27893
27879
27839
27802
27798
27770
27764
27762
27762
27760
27717
27685
27672
27625
27621
27603
27553
27552
27536
27517
27511
27476
27496
27458
27434
27419
27419
27396
27395
27358
27348
27297
27275
27268
27264
27249
27242
27221
27214
27158
27138
27127
27125
27122
27119
27107
27094
27082
27056
27029
27028
27011
27008
26998
26970
26954
26926
26924
26909
26878
26874
26862
26838
26837
26778
26772
26765
26751
26749
26744
26681
26680
26658
26624
26592
26573
26567
26555
26554
26534
26475
26452
26450
26441
26433
26418
26405
26401
26370
26347
26345
26343
26305
26304
26220
26234
26201
26200
26132
26086
26075
26063
26053
26041
25919
26017
26005
26000
25949
25946
25931
25917
25888
25881
25842
25837
25813
25802
25800
25771
25771
25759
25697
25682
25663
25659
25641
25640
25619
25609
25607
25603
25587
25577
25569
25562
25562
25544
25524
25520
25503
25451
25430
25384
25371
25352
25328
25318
25295
25288
25246
25241
25238
25232
25245
25209
25205
25199
25197
25159
25153
25067
25059
25019
25015
25014
25007
25006
24986
24948
24914
24862
24859
24836
24829
24820
24815
24812
24802
24780
24775
24747
24736
24729
24725
24716
24696
24694
24679
24664
24663
24663
24647
24644
24637
24615
24611
24584
24547
24518
24471
24465
24439
24389
24386
24375
24346
24326
24319
24308
24297
24282
24271
24261
24242
24216
24202
24186
24170
24166
24165
24156
24156
24074
24055
24048
24031
24015
23991
23977
23937
23927
23911
23889
23859
23858
23826
23822
23810
23811
23785
23785
23775
23771
23763
23762
23755
23752
23724
23723
23705
23693
23691
23679
23657
23654
23641
23626
23617
23603
23598
23594
23575
23574
23568
23564
23557
23541
23540
23536
23514
23511
23500
23483
23478
23465
23464
23456
23448
23424
23407
23391
23377
23345
23327
23302
23280
23241
23224
23200
23192
23166
23143
23079
23045
23035
23033
23025
23012
23005
22993
22941
22911
22904
22895
22885
22852
22806
22796
22755
22742
22738
22751
22643
22642
22641
22641
22640
22636
22632
22628
22620
22587
22586
22582
22555
22559
22540
22531
22529
22528
22514
22509
22506
22487
22469
22468
22429
22386
22371
22371
22327
22317
22313
22312
22309
22220
22212
22198
22182
22181
22175
22165
22162
22153
22143
22110
22106
22077
22073
22034
22006
22002
21996
21983
21982
21977
21973
21963
21944
21943
21933
21921
21904
21886
21871
21868
21853
21853
21837
21826
21788
21776
21735
21718
21729
21721
21720
21717
21708
21708
21700
21695
21689
21656
21676
21645
21644
21632
21630
21617
21607
21604
21603
21601
21578
21577
21556
21551
21547
21546
21538
21495
21481
21472
21462
21459
21457
21445
21437
21429
21421
21414
21412
21394
21393
21363
21351
21347
21346
21328
21327
21300
21299
21295
21284
21271
21266
21254
21231
21220
21195
21192
21173
21159
21135
21122
21112
21090
21082
21079
21074
21065
21062
21059
21055
21053
21038
21033
21033
21027
21021
21007
20980
20965
20937
20931
20929
20922
20921
20873
20871
20865
20862
20854
20850
20819
20813
20778
20750
20725
20723
20713
20700
20690
20684
20680
20648
20645
20639
20635
20625
20624
20620
20614
20612
20602
20571
20565
20543
20538
20534
20534
20531
20521
20518
20511
20506
20503
20499
20478
20476
20473
20458
20454
20449
20433
20428
20421
20372
20364
20360
20350
20339
20337
20329
20323
20317
20308
20272
20256
20255
20248
20268
20231
20221
20229
20191
20169
20162
20151
20131
20126
20115
20104
20096
20098
20088
20082
20079
20072
20070
20061
20060
20060
20048
20029
20024
20015
20009
19993
19962
19953
19947
19896
19869
19864
19847
19835
19824
19821
19805
19781
19779
19746
19745
19731
19731
19721
19718
19712
19671
19670
19670
19649
19642
19633
19616
19587
19571
19521
19520
19516
19509
19500
19492
19485
19482
19460
19449
19449
19441
19441
19432
19431
19410
19405
19395
19381
19365
19378
19358
19351
19345
19342
19332
19331
19330
19295
19306
19288
19274
19261
19256
19238
19233
19222
19197
19169
19166
19150
19149
19129
19119
19117
19125
19098
19074
19069
19067
19048
19044
19030
19019
19009
19004
19003
19002
19001
18972
18966
18965
18955
18949
18931
18921
18927
18915
18904
18903
18861
18851
18836
18836
18827
18820
18818
18817
18806
18801
18799
18790
18746
18736
18726
18713
18703
18696
18694
18679
18645
18616
18602
18599
18580
18563
18553
18525
18521
18510
18508
18506
18502
18486
18479
18478
18469
18453
18448
18447
18421
18374
18359
18358
18356
18347
18341
18340
18322
18298
18297
18278
18243
18236
18227
18220
18219
18203
18198
18197
18178
18174
18156
18132
18129
18106
18093
18065
18060
18059
18027
18021
17999
17998
17957
17957
17943
17934
17931
17913
17910
17906
17889
17887
17886
17875
17865
17851
17844
17827
17809
17783
17783
17782
17774
17762
17757
17756
17749
17696
17674
17660
17633
17616
17596
17601
17579
17565
17563
17558
17547
17546
17543
17533
17531
17503
17484
17483
17481
17496
17472
17465
17429
17416
17410
17407
17392
17390
17388
17369
17360
17358
17358
17354
17349
17344
17343
17341
17337
17301
17286
17300
17266
17256
17248
17233
17230
17210
17207
17204
17200
17195
17179
17170
17159
17154
17135
17129
17125
17109
17088
17074
17068
17063
17061
17061
17060
17041
17038
17033
17030
17029
16997
16982
16976
16973
16971
16960
16959
16958
16951
16948
16948
16944
16928
16922
16918
16913
16906
16894
16881
16877
16875
16873
16873
16870
16851
16848
16844
16840
16827
16822
16808
16796
16789
16796
16767
16767
16759
16757
16756
16751
16750
16729
16713
16709
16705
16696
16690
16688
16663
16662
16660
16659
16649
16643
16639
16637
16636
16622
16615
16593
16590
16588
16582
16567
16561
16554
16549
16538
16535
16533
16527
16520
16498
16497
16495
16493
16487
16483
16483
16481
16471
16470
16469
16465
16451
16409
16379
16375
16361
16352
16342
16321
16321
16317
16303
16300
16296
16292
16290
16279
16295
16275
16272
16271
16270
16263
16256
16232
16210
16203
16189
16177
16166
16158
16145
16139
16126
16113
16109
16109
16104
16103
16103
16102
16099
16082
16067
16047
16046
16006
16005
16003
15993
15988
15981
15979
15974
15969
15968
15964
15961
15958
15956
15951
15943
15921
15914
15913
15909
15907
15902
15886
15880
15873
15873
15873
15859
15853
15840
15830
15828
15813
15811
15810
15818
15780
15780
15768
15732
15717
15717
15715
15712
15711
15701
15693
15690
15685
15678
15669
15657
15643
15623
15604
15588
15585
15577
15573
15559
15574
15530
15527
15518
15514
15513
15511
15511
15509
15521
15508
15497
15496
15483
15480
15476
15455
15443
15433
15425
15413
15413
15409
15407
15401
15395
15394
15388
15386
15365
15362
15339
15330
15321
15305
15282
15299
15272
15262
15261
15261
15255
15242
15233
15231
15229
15227
15227
15222
15221
15209
15199
15196
15185
15184
15179
15177
15170
15169
15154
15149
15147
15120
15116
15116
15090
15083
15078
15065
15046
15039
15029
15027
15018
15015
15007
14998
14990
14978
14978
14975
14970
14965
14964
14961
14954
14953
14948
14947
14944
14940
14923
14918
14929
14899
14898
14895
14886
14864
14861
14842
14837
14812
14801
14800
14799
14795
14789
14782
14776
14773
14768
14766
14760
14743
14747
14724
14719
14719
14707
14706
14703
14700
14700
14691
14678
14670
14667
14649
14648
14647
14620
14617
14609
14600
14589
14561
14548
14535
14532
14528
14508
14500
14497
14494
14490
14482
14466
14461
14442
14436
14427
14424
14422
14414
14402
14396
14396
14390
14386
14379
14369
14368
14362
14348
14330
14315
14313
14312
14310
14300
14306
14289
14282
14271
14267
14252
14246
14240
14226
14221
14217
14215
14213
14210
14200
14198
14198
14197
14195
14185
14180
14182
14177
14169
14160
14158
14135
14118
14104
14095
14085
14085
14084
14080
14092
14073
14072
14052
14047
14038
14033
14023
14020
14018
14004
13998
13990
13988
13986
13983
13982
13972
13962
13957
13949
13937
13936
13933
13923
13922
13920
13914
13912
13908
13892
13890
13885
13880
13865
13859
13851
13843
13836
13832
13828
13827
13818
13817
13833
13796
13790
13782
13782
13772
13764
13764
13748
13740
13740
13739
13729
13724
13724
13721
13710
13708
13704
13702
13702
13698
13695
13688
13686
13673
13663
13660
13653
13652
13650
13638
13637
13634
13628
13627
13626
13621
13621
13621
13620
13613
13609
13601
13598
13596
13594
13590
13587
13586
13586
13580
13579
13579
13577
13576
13566
13556
13549
13542
13539
13535
13523
13513
13509
13508
13503
13503
13492
13491
13480
13460
13459
13458
13446
13445
13442
13436
13435
13419
13411
13409
13402
13390
13387
13384
13381
13376
13372
13369
13372
13357
13357
13348
13339
13338
13325
13323
13322
13315
13309
13291
13286
13283
13265
13264
13263
13257
13252
13247
13245
13240
13237
13224
13219
13235
13211
13210
13207
13198
13196
13189
13186
13169
13187
13167
13165
13155
13150
13141
13149
13134
13130
13122
13118
13116
13114
13111
13092
13080
13080
13079
13071
13071
13070
13069
13064
13051
13023
13022
13022
13012
12997
12994
12984
12978
12969
12939
12925
12918
12914
12914
12912
12905
12904
12892
12889
12883
12880
12876
12871
12870
12870
12867
12857
12850
12850
12840
12835
12825
12819
12814
12801
12788
12767
12766
12760
12753
12749
12728
12723
12720
12704
12702
12702
12699
12686
12683
12683
12678
12676
12674
12648
12644
12644
12640
12630
12615
12609
12601
12588
12587
12585
12580
12578
12576
12572
12570
12567
12566
12563
12559
12557
12554
12553
12543
12541
12540
12537
12524
12517
12514
12498
12495
12492
12488
12475
12474
12474
12471
12455
12447
12447
12427
12425
12422
12421
12419
12400
12392
12391
12385
12377
12375
12375
12374
12390
12366
12356
12351
12347
12345
12340
12339
12337
12337
12334
12331
12330
12324
12307
12307
12306
12300
12294
12293
12287
12286
12286
12279
12279
12278
12275
12270
12254
12248
12247
12247
12246
12261
12236
12231
12229
12222
12219
12205
12202
12198
12198
12198
12196
12190
12188
12185
12185
12194
12171
12170
12167
12131
12124
12113
12112
12107
12102
12100
12100
12100
12093
12090
12091
12086
12081
12081
12081
12080
12083
12075
12062
12060
12051
12041
12035
12030
12024
11914
12020
12012
12000
11991
11969
11965
11950
11947
11947
11946
11941
11934
11932
11927
11923
11915
11901
11899
11894
11885
11873
11869
11869
11868
11857
11849
11842
11833
11832
11830
11827
11823
11813
11805
11804
11808
11797
11793
11804
11780
11777
11774
11763
11763
11760
11744
11737
11735
11732
11731
11724
11723
11721
11715
11711
11708
11707
11694
11691
11690
11689
11686
11685
11680
11676
11674
11655
11653
11646
11641
11630
11626
11622
11622
11613
11609
11600
11589
11588
11608
11578
11568
11567
11566
11571
11559
11553
11543
11532
11532
11525
11524
11510
11508
11506
11492
11482
11478
11477
11465
11444
11443
11442
11442
11441
11431
11419
11401
11398
11394
11386
11382
11381
11380
11363
11362
11361
11361
11361
11359
11354
11353
11353
11345
11342
11340
11337
11335
11328
11324
11321
11302
11298
11298
11292
11291
11286
11294
11286
11283
11263
11256
11249
11244
11241
11238
11235
11234
11233
11230
11228
11227
11218
11211
11210
11208
11206
11202
11202
11192
11196
11188
11186
11185
11184
11180
11180
11162
11156
11153
11152
11144
11143
11140
11139
11136
11135
11128
11127
11119
11118
11116
11111
11102
11091
11091
11078
11076
11073
11070
11069
11063
11060
11059
11051
11044
11032
11029
11027
11013
11004
10992
10990
10979
10968
10962
10960
10953
10953
10950
10947
10946
10944
10938
10937
10935
10932
10931
10929
10924
10922
10910
10910
10909
10905
10903
10899
10895
10891
10887
10886
10883
10872
10871
10869
10867
10861
10858
10849
10847
10847
10846
10833
10852
10820
10817
10801
10792
10784
10780
10775
10771
10770
10765
10763
10762
10762
10753
10746
10744
10735
10732
10727
10727
10714
10711
10714
10703
10697
10696
10693
10690
10685
10682
10677
10664
10658
10671
10649
10639
10639
10629
10614
10606
10605
10584
10577
10566
10566
10564
10562
10559
10555
10543
10543
10543
10537
10535
10531
10529
10522
10526
10519
10507
10506
10506
10503
10499
10498
10497
10495
10495
10490
10485
10475
10463
10456
10455
10453
10447
10446
10445
10441
10436
10433
10432
10418
10416
10411
10398
10397
10396
10395
10391
10385
10384
10380
10379
10378
10369
10365
10359
10353
10352
10372
10342
10340
10336
10331
10324
10319
10319
10316
10316
10310
10307
10304
10299
10299
10295
10287
10286
10273
10266
10257
10250
10248
10244
10243
10241
10235
10233
10232
10231
10231
10229
10211
10208
10208
10199
10193
10192
10191
10188
10175
10174
10170
10170
10165
10162
10166
10158
10155
10153
10145
10144
10142
10121
10120
10113
10112
10106
10105
10102
10102
10101
10096
10095
10095
10088
10081
10079
10079
10072
10072
10072
10066
10065
10064
10062
10057
10054
10054
10047
10042
10038
10034
10029
10026
10023
10023
10022
10020
10019
10009
9999
9993
9989
9987
9985
9981
9980
9972
9970
9964
9959
9958
9956
9955
9953
9938
9937
9928
9920
9919
9918
9917
9917
9914
9913
9913
9905
9900
9890
9888
9887
9886
9876
9874
9874
9873
9860
9859
9851
9848
9846
9837
9828
9828
9815
9815
9812
9830
9804
9803
9793
9787
9787
9787
9782
9781
9773
9769
9765
9761
9761
9746
9745
9744
9743
9743
9740
9734
9731
9730
9730
9729
9725
9725
9721
9718
9717
9717
9715
9714
9744
9713
9708
9699
9695
9686
9680
9677
9677
9672
9669
9664
9656
9652
9651
9649
9649
9646
9640
9639
9636
9636
9635
9634
9628
9626
9626
9620
9616
9613
9611
9606
9596
9595
9601
9590
9588
9581
9578
9578
9575
9573
9564
9563
9562
9560
9560
9559
9552
9550
9550
9549
9567
9540
9529
9528
9524
9520
9516
9515
9513
9509
9502
9492
9492
9490
9489
9481
9480
9478
9477
9474
9471
9470
9470
9469
9468
9467
9453
9448
9443
9442
9440
9438
9438
9432
9430
9429
9418
9415
9412
9411
9410
9405
9406
9400
9396
9394
9391
9391
9386
9377
9375
9362
9355
9350
9350
9366
9341
9338
9354
9331
9330
9327
9324
9321
9318
9293
9289
9284
9282
9278
9275
9272
9271
9268
9265
9262
9262
9258
9256
9254
9253
9250
9245
9242
9241
9240
9233
9228
9218
9218
9217
9214
9208
9208
9206
9197
9195
9192
9191
9188
9185
9178
9168
9167
9164
9164
9161
9151
9151
9150
9149
9144
9139
9136
9135
9128
9125
9119
9118
9118
9118
9117
9112
9111
9106
9103
9103
9096
9095
9091
9093
9089
9089
9087
9086
9084
9078
9078
9077
9077
9076
9072
9072
9069
9068
9071
9066
9066
9064
9053
9053
9051
9050
9041
9044
9033
9025
9015
9001
8999
8998
8994
8991
8990
8989
8985
8981
8977
8975
8968
8967
8964
8961
8955
8954
8953
8948
8942
8952
8936
8926
8918
8917
8917
8902
8901
8893
8890
8887
8881
8915
8879
8876
8868
8867
8863
8860
8840
8836
8835
8834
8834
8832
8831
8829
8822
8820
8817
8817
8815
8827
8803
8799
8795
8794
8793
8787
8783
8775
8772
8772
8771
8770
8769
8768
8765
8764
8762
8760
8750
8748
8735
8733
8731
8730
8727
8724
8724
8735
8719
8716
8715
8711
8711
8710
8707
8704
8701
8698
8695
8695
8691
8689
8688
8687
8686
8685
8682
8681
8680
8680
8679
8673
8673
8667
8666
8665
8681
8662
8685
8656
8654
8647
8639
8647
8637
8632
8632
8629
8625
8614
8614
8607
8607
8603
8603
8599
8599
8596
8595
8592
8592
8585
8581
8569
8562
8557
8550
8548
8542
8541
8537
8536
8533
8533
8521
8520
8518
8510
8507
8525
8506
8498
8498
8494
8494
8492
8490
8484
8475
8471
8465
8455
8452
8456
8443
8439
8439
8435
8428
8424
8421
8420
8418
8408
8407
8398
8396
8392
8383
8377
8376
8374
8390
8369
8368
8368
8361
8356
8371
8349
8348
8342
8341
8337
8331
8317
8316
8316
8313
8304
8300
8300
8292
8292
8289
8288
8286
8278
8277
8275
8272
8260
8258
8255
8252
8251
8250
8249
8246
8245
8244
8241
8240
8236
8235
8233
8232
8229
8227
8244
8220
8217
8215
8213
8210
8204
8204
8204
8203
8198
8195
8188
8188
8187
8183
8178
8178
8175
8172
8170
8167
8161
8159
8159
8157
8155
8155
8149
8148
8143
8142
8153
8137
8137
8134
8160
8128
8125
8124
8122
8121
8105
8104
8104
8098
8098
8093
8092
8091
8091
8091
8091
8090
8089
8086
8083
8083
8080
8079
8079
8073
8067
8066
8066
8065
8064
8064
8059
8035
8031
8028
8027
8026
8025
8024
8021
8020
8017
8032
8012
8009
8009
8008
8004
8004
8003
7999
7999
7998
7995
7995
7992
7986
7985
7984
7978
7977
7976
7973
7971
7970
7966
7962
7960
7956
7951
7950
7948
7954
7945
7944
7944
7938
7934
7934
7933
7931
7930
7928
7955
7922
7917
7917
7914
7913
7912
7906
7917
7902
7897
7896
7895
7893
7886
7884
7882
7882
7879
7876
7874
7872
7871
7891
7867
7865
7864
7864
7863
7863
7862
7860
7859
7855
7850
7853
7858
7842
7841
7841
7840
7835
7831
7826
7825
7818
7811
7809
7808
7804
7804
7803
7798
7789
7787
7785
7784
7780
7779
7776
7775
7774
7769
7769
7766
7765
7765
7752
7750
7743
7743
7742
7735
7734
7730
7729
7743
7727
7723
7721
7724
7717
7715
7714
7710
7709
7707
7706
7698
7698
7697
7697
7696
7692
7692
7691
7689
7689
7688
7683
7682
7681
7679
7683
7676
7673
7672
7672
7670
7670
7666
7665
7664
7660
7658
7652
7651
7650
7649
7644
7644
7643
7641
7641
7640
7639
7639
7638
7638
7632
7632
7631
7628
7628
7628
7626
7624
7620
7620
7617
7617
7617
7617
7616
7614
7612
7612
7611
7610
7609
7608
7607
7606
7604
7603
7603
7620
7601
7597
7595
7594
7593
7591
7589
7588
7587
7586
7585
7583
7582
7574
7574
7574
7571
7568
7568
7558
7555
7555
7554
7552
7551
7545
7541
7538
7536
7533
7533
7532
7534
7526
7531
7524
7520
7519
7518
7517
7513
7507
7500
7500
7500
7497
7496
7495
7495
7493
7488
7486
7485
7483
7481
7480
7480
7477
7470
7468
7467
7467
7463
7459
7457
7455
7453
7442
7453
7440
7439
7438
7438
7431
7428
7428
7427
7423
7418
7418
7416
7415
7404
7401
7399
7398
7397
7387
7381
7381
7379
7377
7374
7373
7372
7370
7370
7367
7366
7360
7353
7351
7351
7350
7349
7346
7338
7337
7337
7336
7336
7334
7333
7333
7332
7330
7328
7327
7324
7323
7322
7319
7317
7314
7312
7310
7308
7307
7305
7301
7301
7295
7295
7294
7294
7292
7291
7287
7282
7280
7280
7279
7277
7276
7276
7275
7273
7267
7260
7256
7268
7251
7249
7247
7247
7245
7244
7243
7242
7234
7232
7232
7232
7228
7228
7221
7220
7217
7217
7216
7216
7208
7207
7203
7196
7196
7193
7190
7189
7188
7182
7182
7181
7174
7173
7173
7173
7173
7164
7162
7162
7161
7157
7155
7155
7152
7152
7151
7149
7149
7148
7148
7148
7139
7135
7133
7133
7130
7124
7124
7124
7119
7115
7113
7113
7106
7104
7100
7099
7099
7097
7096
7094
7092
7090
7088
7088
7088
7086
7084
7084
7083
7082
7080
7080
7079
7079
7073
7070
7068
7062
7056
7064
7049
7049
7048
7047
7047
7045
7045
7042
7040
7038
7037
7036
7035
7034
7032
7029
7028
7024
7024
7028
7022
7012
7010
7007
7005
7001
7000
6999
6994
6993
6993
6992
6987
6986
6985
6980
6976
6975
6974
6970
6973
6965
6964
6963
6962
6962
6962
6958
6957
6956
6948
6946
6946
6945
6938
6938
6936
6931
6930
6927
6924
6923
6921
6919
6918
6917
6916
6915
6913
6912
6912
6906
6906
6905
6905
6898
6897
6895
6893
6892
6891
6882
6882
6877
6876
6876
6874
6873
6872
6872
6871
6869
6868
6864
6856
6853
6852
6848
6847
6846
6845
6861
6843
6842
6840
6839
6837
6832
6831
6831
6830
6813
6814
6812
6812
6810
6809
6806
6808
6804
6803
6795
6793
6793
6792
6789
6785
6783
6780
6775
6774
6772
6771
6765
6764
6761
6777
6761
6753
6751
6749
6748
6745
6745
6742
6742
6740
6738
6734
6732
6731
6730
6727
6726
6725
6724
6720
6719
6719
6718
6716
6713
6712
6711
6702
6723
6713
6699
6696
6695
6693
6692
6687
6686
6675
6675
6672
6672
6670
6666
6674
6661
6661
6658
6658
6657
6649
6648
6646
6646
6644
6639
6637
6637
6636
6635
6629
6627
6625
6624
6623
6621
6621
6620
6619
6618
6617
6614
6610
6610
6609
6607
6607
6607
6607
6605
6603
6600
6597
6597
6595
6595
6594
6587
6583
6582
6581
6580
6579
6579
6579
6578
6573
6573
6571
6570
6569
6567
6563
6560
6560
6560
6559
6558
6558
6556
6556
6552
6550
6550
6549
6571
6546
6545
6541
6530
6528
6525
6519
6519
6514
6512
6511
6511
6510
6508
6507
6505
6503
6500
6500
6495
6492
6486
6486
6485
6483
6482
6477
6477
6474
6473
6469
6467
6465
6462
6456
6456
6456
6467
6452
6452
6451
6448
6445
6445
6442
6436
6435
6427
6426
6424
6423
6423
6421
6419
6417
6417
6416
6413
6412
6411
6410
6409
6408
6406
6405
6404
6400
6399
6424
6399
6395
6389
6388
6388
6388
6386
6385
6382
6378
6377
6388
6371
6370
6369
6368
6362
6360
6356
6354
6353
6353
6350
6350
6349
6349
6346
6344
6341
6339
6339
6338
6338
6337
6336
6333
6329
6328
6328
6348
6326
6322
6316
6315
6314
6313
6312
6310
6310
6309
6308
6307
6302
6299
6298
6296
6296
6296
6296
6296
6296
6293
6291
6287
6285
6284
6281
6280
6279
6279
6276
6269
6262
6264
6275
6260
6259
6259
6257
6256
6250
6249
6248
6242
6242
6241
6239
6238
6238
6237
6235
6234
6234
6231
6228
6228
6223
6222
6236
6220
6220
6219
6217
6216
6216
6215
6213
6213
6212
6211
6211
6209
6209
6206
6204
6204
6202
6201
6201
6200
6195
6195
6192
6192
6191
6189
6188
6188
6184
6184
6183
6183
6182
6180
6178
6178
6177
6173
6170
6182
6164
6162
6161
6160
6157
6155
6155
6157
6154
6154
6154
6151
6148
6146
6144
6142
6142
6140
6137
6135
6133
6130
6124
6123
6122
6120
6117
6123
6116
6122
6114
6112
6109
6108
6106
6105
6104
6102
6102
6102
6101
6100
6098
6097
6095
6089
6084
6083
6081
6100
6076
6065
6097
6074
6073
6069
6067
6067
6066
6066
6064
6063
6061
6060
6052
6059
6058
6049
6070
6048
6047
6046
6041
6040
6039
6039
6039
6037
6035
6034
6030
6030
6029
6028
6028
6024
6023
6021
6018
6017
6014
6014
6009
6008
6007
6006
6000
6000
6000
5994
5992
5989
5984
5982
5980
5980
5976
5976
5975
5975
5975
5972
5972
5971
5971
5971
5970
5969
5968
5968
5967
5965
5964
5960
5959
5959
5958
5955
5954
5953
5952
5951
5950
5949
5946
5944
5942
5942
5937
5934
5934
5933
5930
5920
5920
5919
5917
5914
5911
5911
5908
5908
5902
5902
5901
5900
5899
5899
5899
5896
5896
5919
5894
5894
5891
5891
5890
5890
5889
5888
5887
5885
5885
5883
5880
5879
5879
5875
5874
5873
5871
5870
5869
5868
5867
5867
5866
5865
5865
5862
5857
5856
5852
5852
5851
5849
5847
5845
5844
5842
5840
5837
5836
5835
5831
5830
5829
5828
5827
5825
5828
5836
5822
5822
5821
5821
5820
5820
5819
5812
5811
5810
5810
5807
5805
5805
5804
5804
5804
5802
5796
5793
5791
5790
5788
5783
5782
5782
5781
5781
5780
5778
5774
5771
5767
5765
5764
5763
5762
5761
5758
5757
5755
5755
5754
5753
5751
5749
5748
5748
5747
5747
5745
5743
5743
5742
5741
5740
5740
5740
5740
5740
5738
5733
5732
5732
5730
5730
5730
5768
5726
5726
5725
5722
5722
5720
5718
5716
5714
5714
5713
5712
5712
5711
5710
5710
5708
5707
5707
5707
5706
5705
5704
5703
5702
5701
5701
5714
5698
5697
5697
5695
5694
5712
5692
5688
5688
5687
5687
5686
5686
5686
5686
5685
5684
5682
5675
5675
5672
5672
5670
5669
5669
5665
5663
5677
5658
5657
5655
5654
5652
5648
5646
5645
5644
5644
5643
5641
5641
5639
5639
5634
5634
5634
5633
5631
5630
5630
5627
5627
5627
5624
5624
5622
5622
5623
5620
5619
5619
5640
5617
5616
5616
5615
5615
5614
5613
5613
5612
5643
5609
5605
5603
5602
5600
5599
5598
5598
5597
5595
5594
5594
5593
5589
5588
5588
5587
5584
5584
5583
5583
5581
5581
5576
5576
5574
5573
5572
5571
5578
5569
5569
5566
5565
5565
5563
5558
5554
5548
5548
5548
5545
5544
5542
5540
5537
5537
5534
5533
5532
5531
5531
5531
5530
5530
5529
5524
5523
5521
5521
5520
5520
5519
5518
5516
5516
5513
5513
5513
5511
5510
5509
5509
5508
5507
5507
5505
5505
5504
5503
5507
5503
5500
5500
5498
5498
5497
5497
5495
5494
5490
5490
5489
5489
5485
5484
5482
5481
5481
5480
5479
5476
5475
5475
5475
5472
5470
5470
5469
5467
5467
5466
5466
5465
5465
5465
5463
5463
5461
5461
5459
5459
5456
5456
5457
5455
5455
5454
5454
5453
5452
5450
5450
5449
5449
5449
5449
5464
5443
5443
5442
5440
5437
5436
5436
5436
5433
5433
5432
5432
5430
5429
5428
5428
5428
5427
5426
5425
5425
5424
5421
5420
5420
5419
5419
5419
5418
5417
5416
5415
5414
5414
5414
5413
5413
5412
5410
5407
5406
5406
5406
5404
5401
5400
5399
5399
5399
5399
5398
5398
5398
5397
5397
5396
5396
5395
5395
5395
5395
5394
5391
5390
5389
5389
5388
5388
5388
5386
5385
5381
5381
5381
5380
5379
5379
5376
5376
5375
5370
5368
5367
5366
5365
5364
5363
5362
5361
5360
5360
5358
5358
5357
5354
5354
5353
5352
5352
5352
5352
5350
5349
5349
5347
5347
5346
5346
5345
5345
5345
5344
5343
5343
5342
5339
5338
5338
5337
5336
5336
5335
5333
5333
5332
5331
5350
5329
5327
5327
5326
5323
5323
5322
5318
5315
5314
5313
5309
5308
5308
5307
5307
5306
5306
5303
5301
5300
5299
5298
5297
5295
5293
5290
5288
5287
5286
5285
5285
5284
5282
5282
5281
5281
5280
5279
5278
5292
5277
5275
5274
5273
5273
5273
5271
5270
5269
5269
5267
5267
5266
5264
5264
5261
5258
5258
5256
5252
5249
5249
5248
5246
5246
5246
5248
5245
5245
5245
5244
5242
5242
5240
5240
5237
5237
5236
5236
5235
5233
5233
5233
5232
5232
5232
5231
5230
5229
5227
5224
5222
5217
5217
5216
5215
5214
5213
5212
5209
5207
5204
5204
5203
5199
5196
5193
5191
5191
5190
5190
5211
5187
5187
5186
5185
5185
5184
5206
5180
5178
5176
5176
5174
5174
5173
5173
5172
5172
5171
5169
5169
5168
5168
5167
5167
5167
5166
5163
5160
5176
5160
5159
5156
5155
5155
5155
5149
5148
5147
5146
5146
5144
5142
5140
5139
5137
5137
5136
5133
5132
5128
5127
5126
5125
5124
5124
5152
5124
5123
5123
5122
5122
5122
5133
5121
5127
5119
5119
5119
5126
5116
5115
5117
5113
5113
5113
5113
5112
5112
5111
5110
5108
5107
5107
5107
5105
5105
5104
5104
5104
5103
5103
5103
5102
5101
5100
5098
5097
5095
5094
5093
5093
5092
5092
5092
5092
5092
5092
5091
5091
5090
5090
5090
5089
5088
5076
5087
5085
5080
5080
5079
5079
5077
5077
5075
5073
5073
5072
5072
5071
5069
5068
5068
5066
5065
5061
5059
5056
5056
5054
5051
5050
5049
5048
5048
5047
5047
5043
5043
5041
5040
5038
5037
5037
5035
5034
5034
5032
5032
5030
5055
5029
5028
5027
5026
5026
5025
5024
5024
5022
5021
5017
5016
5015
5014
5014
5013
5011
5010
5008
5008
5007
5007
5004
5004
5004
5004
5004
5002
5002
5001
5001
5001
5000
5000
4999
4998
4998
4998
4997
4991
4990
4990
4990
4989
4988
5004
4987
4986
4983
4982
4982
4981
4981
4980
4980
4980
4979
4978
4977
4976
4997
4976
4975
4975
4973
4973
4970
4968
4967
4966
4966
4964
4963
4963
4962
4960
4960
4959
4959
4959
4958
4957
4957
4955
4953
4953
4952
4951
4951
4950
4947
4946
4945
4945
4945
4944
4944
4941
4940
4940
4939
4939
4938
4936
4934
4933
4933
4932
4932
4929
4929
4929
4928
4928
4928
4926
4925
4923
4922
4922
4919
4919
4918
4917
4917
4915
4915
4915
4913
4913
4913
4803
4913
4912
4912
4912
4909
4908
4908
4905
4905
4905
4903
4902
4902
4902
4900
4898
4900
4893
4892
4892
4898
4891
4889
4884
4884
4883
4883
4882
4881
4879
4910
4878
4875
4875
4874
4873
4873
4872
4869
4868
4878
4866
4865
4864
4864
4864
4871
4863
4862
4860
4858
4872
4857
4854
4854
4854
4853
4852
4851
4851
4850
4848
4848
4848
4847
4846
4845
4845
4844
4844
4844
4842
4842
4841
4839
4836
4836
4834
4833
4833
4833
4831
4830
4829
4829
4824
4824
4823
4823
4822
4821
4818
4817
4817
4816
4816
4815
4814
4814
4813
4813
4813
4813
4812
4811
4811
4810
4809
4809
4807
4806
4824
4799
4798
4797
4796
4796
4794
4793
4792
4791
4791
4791
4790
4787
4786
4785
4785
4784
4783
4783
4783
4782
4781
4781
4781
4780
4780
4779
4776
4776
4774
4774
4771
4770
4769
4768
4767
4767
4766
4764
4763
4763
4762
4762
4761
4761
4756
4756
4755
4755
4754
4753
4753
4753
4752
4751
4750
4750
4749
4749
4749
4748
4740
4740
4738
4737
4736
4735
4734
4734
4731
4730
4728
4728
4727
4727
4726
4725
4724
4724
4723
4723
4723
4720
4719
4718
4718
4717
4716
4715
4714
4713
4711
4711
4709
4707
4706
4706
4706
4705
4704
4704
4704
4703
4702
4702
4701
4700
4701
4697
4696
4696
4696
4695
4695
4693
4692
4691
4690
4689
4688
4688
4687
4686
4686
4686
4685
4685
4684
4684
4684
4683
4682
4682
4682
4682
4680
4678
4677
4677
4677
4676
4676
4676
4675
4673
4673
4672
4671
4671
4670
4668
4668
4668
4668
4667
4667
4666
4666
4666
4665
4665
4664
4664
4661
4660
4660
4659
4658
4657
4657
4656
4656
4655
4655
4655
4655
4654
4653
4665
4648
4648
4648
4646
4644
4670
4644
4643
4640
4639
4639
4639
4638
4637
4637
4637
4637
4636
4636
4635
4634
4632
4631
4631
4631
4631
4630
4630
4629
4629
4634
4628
4628
4628
4645
4627
4626
4626
4626
4625
4625
4624
4621
4626
4620
4620
4619
4619
4618
4618
4617
4617
4617
4613
4610
4609
4609
4608
4608
4607
4607
4607
4608
4601
4601
4599
4598
4598
4597
4596
4596
4596
4595
4595
4595
4616
4595
4594
4594
4593
4591
4589
4588
4581
4587
4587
4587
4593
4585
4584
4581
4580
4580
4579
4578
4578
4577
4576
4573
4572
4571
4570
4569
4569
4568
4568
4567
4566
4565
4578
4564
4563
4562
4559
4559
4557
4556
4555
4555
4554
4554
4553
4553
4553
4551
4550
4561
4549
4548
4548
4547
4547
4547
4547
4546
4544
4541
4540
4539
4538
4550
4536
4534
4532
4529
4528
4528
4528
4527
4527
4527
4526
4524
4524
4523
4521
4520
4518
4517
4515
4513
4509
4509
4509
4508
4507
4507
4506
4506
4504
4504
4503
4503
4501
4499
4498
4498
4496
4495
4492
4492
4488
4488
4488
4487
4486
4486
4484
4484
4484
4484
4483
4483
4479
4478
4477
4477
4477
4477
4476
4476
4476
4476
4475
4474
4473
4473
4470
4470
4470
4470
4469
4469
4469
4468
4468
4466
4466
4466
4465
4465
4464
4460
4459
4459
4457
4456
4456
4456
4454
4453
4453
4451
4455
4449
4449
4447
4446
4443
4443
4443
4441
4441
4441
4440
4440
4440
4439
4439
4438
4438
4438
4436
4436
4436
4435
4435
4434
4432
4443
4431
4430
4430
4428
4427
4427
4427
4425
4424
4423
4420
4419
4418
4418
4417
4416
4415
4414
4414
4421
4413
4413
4412
4411
4410
4408
4408
4404
4404
4403
4403
4401
4399
4399
4398
4397
4397
4396
4394
4392
4392
4390
4390
4389
4389
4388
4388
4386
4386
4385
4385
4385
4385
4384
4382
4382
4381
4379
4379
4377
4376
4372
4372
4358
4370
4370
4370
4369
4369
4368
4364
4363
4362
4361
4360
4359
4357
4355
4355
4355
4354
4353
4351
4350
4347
4346
4346
4345
4344
4344
4301
4343
4343
4342
4340
4340
4339
4339
4338
4338
4342
4336
4335
4335
4335
4334
4333
4333
4332
4331
4331
4331
4330
4329
4328
4328
4328
4327
4327
4326
4326
4325
4345
4323
4323
4323
4322
4322
4322
4321
4321
4320
4319
4317
4317
4317
4309
4315
4315
4314
4313
4314
4311
4310
4308
4308
4306
4306
4306
4304
4302
4302
4302
4301
4300
4298
4297
4296
4295
4294
4294
4292
4292
4291
4289
4289
4289
4288
4287
4286
4286
4285
4283
4283
4283
4283
4281
4280
4279
4278
4277
4277
4276
4276
4275
4274
4274
4273
4290
4269
4268
4268
4267
4267
4265
4265
4265
4264
4263
4262
4262
4261
4261
4260
4260
4260
4259
4259
4258
4256
4256
4256
4256
4256
4255
4255
4255
4254
4252
4252
4251
4251
4251
4251
4250
4275
4248
4248
4247
4246
4245
4245
4245
4244
4243
4242
4242
4241
4241
4238
4238
4238
4237
4237
4236
4236
4234
4234
4233
4233
4233
4232
4232
4232
4231
4231
4231
4230
4234
4228
4228
4228
4258
4227
4226
4225
4225
4225
4223
4238
4221
4221
4220
4220
4219
4219
4219
4218
4216
4216
4215
4215
4215
4215
4214
4214
4214
4212
4211
4210
4209
4209
4209
4209
4208
4205
4205
4204
4202
4202
4208
4200
4199
4199
4198
4197
4196
4196
4195
4195
4194
4193
4193
4191
4191
4191
4191
4190
4190
4190
4189
4188
4188
4188
4188
4186
4186
4185
4183
4182
4182
4180
4180
4179
4178
4175
4175
4174
4172
4172
4169
4169
4168
4167
4167
4165
4164
4164
4161
4161
4161
4159
4158
4158
4157
4157
4156
4156
4155
4155
4155
4155
4154
4154
4153
4152
4151
4151
4151
4151
4151
4150
4149
4149
4148
4148
4147
4147
4147
4145
4145
4144
4144
4144
4144
4143
4142
4142
4142
4141
4140
4140
4139
4139
4139
4138
4138
4137
4136
4134
4134
4133
4099
4130
4129
4129
4126
4125
4121
4119
4119
4119
4118
4117
4116
4116
4116
4115
4113
4110
4110
4110
4109
4108
4108
4107
4107
4107
4106
4106
4106
4105
4105
4104
4103
4102
4101
4101
4100
4099
4098
4097
4097
4096
4095
4095
4113
4102
4092
4092
4092
4091
4090
4090
4090
4090
4090
4089
4088
4088
4087
4087
4086
4082
4082
4081
4081
4081
4080
4080
4080
4079
4079
4079
4078
4077
4088
4076
4076
4076
4075
4075
4074
4072
4071
4070
4070
4069
4069
4077
4067
4067
4067
4067
4067
4066
4065
4064
4064
4064
4063
4062
4062
4061
4061
4060
4060
4060
4059
4058
4058
4056
4055
4055
4055
4055
4053
4052
4052
4054
4052
4050
4050
4050
4049
4049
4048
4048
4047
4044
4044
4044
4042
4042
4042
4041
4041
4040
4039
4039
4039
4039
4038
4038
4038
4037
4037
4036
4036
4035
4034
4034
4034
4034
4033
4032
4032
4031
4031
4031
4031
4029
4029
4047
4028
4027
4027
4027
4027
4025
4025
4024
4024
4023
4023
4022
4021
4020
4020
4018
4018
4017
4017
4015
4015
4015
4014
4014
4014
4013
4012
4012
4011
4010
4010
4010
4010
4020
4009
4009
4009
4008
4007
4007
4007
4006
4006
4004
4003
4003
4001
4001
4001
3998
3997
3997
3997
3996
3995
3995
3993
3993
3993
3991
3991
3990
3990
3989
3989
3989
3988
3988
3987
3987
3987
3986
3984
3982
3982
3981
3981
3981
3980
3980
3979
3976
3976
3974
3974
3973
3971
3970
3969
3968
3968
3966
3965
3965
3965
3965
3965
3963
3963
3962
3961
3960
3959
3959
3959
3957
3956
3956
3956
3955
3955
3954
3954
3954
3954
3952
3951
3951
3951
3951
3963
3950
3949
3949
3957
3947
3945
3945
3943
3943
3943
3942
3942
3940
3940
3939
3938
3936
3936
3935
3935
3935
3934
3934
3944
3933
3932
3932
3932
3931
3931
3931
3930
3929
3929
3928
3946
3927
3925
3924
3924
3923
3923
3922
3922
3921
3921
3920
3919
3919
3918
3918
3918
3917
3916
3916
3916
3916
3912
3911
3911
3910
3910
3910
3909
3908
3922
3907
3906
3906
3906
3905
3905
3905
3904
3904
3903
3903
3902
3901
3901
3900
3900
3900
3899
3898
3898
3897
3897
3897
3896
3896
3896
3896
3895
3895
3894
3894
3893
3892
3892
3891
3891
3890
3890
3890
3890
3890
3889
3888
3888
3888
3888
3887
3886
3885
3884
3884
3881
3880
3880
3879
3878
3878
3878
3878
3878
3877
3877
3876
3875
3875
3874
3873
3871
3871
3871
3870
3870
3870
3870
3869
3869
3879
3867
3867
3866
3865
3865
3864
3864
3863
3861
3860
3860
3858
3858
3857
3856
3856
3855
3855
3860
3854
3853
3853
3853
3853
3850
3850
3849
3849
3848
3847
3847
3846
3846
3846
3845
3844
3844
3843
3842
3842
3841
3841
3841
3840
3840
3840
3840
3839
3838
3838
3837
3837
3837
3836
3836
3835
3834
3833
3833
3833
3833
3832
3832
3831
3830
3830
3829
3829
3828
3827
3827
3827
3826
3825
3825
3825
3825
3825
3825
3824
3824
3823
3823
3822
3821
3821
3820
3820
3819
3819
3819
3817
3816
3816
3815
3815
3815
3814
3814
3814
3814
3814
3813
3813
3812
3812
3811
3810
3810
3809
3809
3809
3807
3807
3806
3806
3804
3802
3802
3801
3801
3800
3799
3797
3797
3796
3795
3795
3795
3795
3794
3794
3794
3794
3792
3792
3791
3791
3791
3789
3789
3788
3788
3788
3788
3788
3787
3787
3785
3785
3783
3783
3783
3782
3782
3780
3780
3780
3779
3779
3779
3779
3777
3776
3775
3774
3774
3774
3785
3774
3769
3769
3768
3767
3767
3766
3765
3765
3764
3764
3764
3763
3763
3762
3762
3762
3761
3761
3760
3760
3760
3759
3758
3758
3758
3758
3757
3757
3757
3756
3756
3756
3755
3755
3755
3755
3755
3755
3755
3752
3751
3751
3767
3751
3750
3749
3749
3749
3748
3748
3748
3745
3745
3750
3744
3743
3743
3743
3742
3742
3741
3741
3741
3740
3739
3739
3738
3737
3737
3736
3735
3735
3735
3734
3734
3733
3733
3733
3733
3733
3733
3732
3732
3732
3731
3731
3731
3730
3730
3730
3730
3729
3729
3728
3727
3726
3725
3725
3724
3724
3724
3722
3722
3719
3719
3719
3718
3718
3718
3718
3717
3717
3716
3716
3715
3713
3712
3718
3710
3710
3710
3710
3709
3709
3709
3708
3707
3707
3706
3706
3705
3705
3703
3703
3703
3702
3702
3702
3702
3701
3701
3701
3701
3700
3699
3699
3698
3698
3698
3698
3697
3696
3696
3717
3695
3694
3693
3691
3691
3690
3689
3689
3688
3688
3688
3688
3686
3686
3685
3683
3681
3681
3680
3679
3679
3679
3678
3678
3678
3677
3677
3677
3675
3674
3674
3674
3673
3672
3672
3671
3671
3671
3671
3670
3669
3669
3668
3668
3668
3668
3667
3666
3665
3664
3664
3664
3663
3661
3660
3659
3658
3658
3657
3657
3656
3656
3656
3655
3655
3654
3653
3653
3652
3652
3652
3651
3650
3649
3648
3647
3647
3647
3645
3645
3645
3645
3644
3644
3642
3642
3641
3640
3640
3639
3639
3638
3638
3642
3636
3636
3635
3635
3635
3635
3634
3633
3633
3633
3632
3631
3631
3630
3630
3630
3628
3628
3628
3627
3627
3626
3626
3626
3635
3625
3625
3624
3624
3624
3623
3623
3623
3623
3623
3622
3622
3621
3621
3621
3620
3619
3619
3619
3618
3618
3617
3616
3615
3614
3613
3613
3613
3613
3612
3612
3612
3612
3611
3611
3611
3609
3609
3609
3609
3608
3607
3607
3607
3607
3606
3606
3614
3605
3605
3605
3605
3604
3604
3604
3603
3603
3603
3613
3602
3602
3602
3602
3601
3601
3600
3616
3600
3600
3599
3599
3599
3599
3598
3598
3597
3597
3596
3596
3596
3595
3594
3594
3593
3593
3592
3591
3591
3590
3589
3589
3588
3588
3588
3587
3587
3587
3586
3586
3584
3584
3583
3583
3582
3581
3580
3580
3580
3580
3579
3579
3579
3577
3577
3577
3577
3576
3575
3583
3573
3573
3583
3572
3572
3572
3571
3570
3570
3569
3568
3568
3567
3567
3567
3566
3566
3566
3566
3565
3565
3565
3564
3563
3562
3562
3561
3561
3560
3560
3560
3559
3559
3557
3557
3555
3554
3553
3553
3556
3552
3552
3550
3550
3549
3549
3548
3548
3548
3551
3546
3546
3546
3546
3546
3544
3544
3543
3543
3542
3542
3541
3557
3540
3540
3539
3539
3538
3538
3537
3537
3537
3537
3535
3534
3534
3533
3532
3531
3530
3530
3529
3529
3529
3529
3529
3528
3527
3527
3527
3526
3526
3526
3525
3524
3524
3524
3523
3522
3522
3521
3521
3520
3519
3519
3519
3519
3518
3517
3516
3516
3516
3516
3514
3514
3513
3513
3513
3513
3512
3511
3511
3511
3511
3511
3510
3510
3509
3509
3507
3507
3506
3506
3505
3504
3504
3504
3503
3502
3502
3502
3502
3501
3501
3501
3500
3500
3500
3499
3498
3497
3497
3496
3494
3493
3493
3493
3493
3493
3493
3510
3490
3490
3490
3489
3489
3488
3488
3487
3486
3486
3485
3485
3485
3483
3483
3483
3483
3481
3480
3480
3459
3478
3478
3478
3478
3477
3477
3477
3476
3475
3474
3473
3473
3473
3473
3473
3473
3473
3471
3471
3471
3470
3470
3470
3469
3469
3468
3467
3467
3467
3467
3466
3466
3466
3466
3465
3464
3464
3464
3462
3462
3461
3461
3460
3460
3460
3460
3460
3459
3458
3458
3458
3458
3458
3457
3455
3455
3454
3463
3454
3454
3463
3452
3450
3450
3450
3450
3450
3450
3449
3448
3447
3447
3447
3447
3446
3446
3446
3446
3446
3445
3445
3445
3445
3444
3443
3443
3443
3442
3442
3442
3440
3439
3438
3437
3437
3437
3436
3436
3436
3435
3434
3434
3434
3434
3433
3433
3433
3432
3431
3430
3430
3429
3429
3428
3428
3428
3428
3428
3427
3427
3426
3425
3425
3425
3423
3422
3422
3421
3421
3420
3417
3417
3417
3416
3416
3416
3415
3415
3414
3414
3414
3414
3413
3412
3410
3408
3408
3408
3407
3406
3406
3406
3405
3405
3405
3405
3405
3404
3403
3403
3403
3402
3401
3401
3400
3400
3400
3399
3399
3399
3398
3397
3397
3396
3396
3396
3396
3395
3395
3394
3393
3393
3392
3391
3389
3389
3388
3388
3387
3386
3384
3384
3380
3380
3380
3380
3379
3377
3377
3377
3376
3376
3376
3376
3375
3374
3373
3373
3373
3372
3371
3371
3371
3370
3370
3369
3368
3368
3368
3366
3366
3365
3364
3363
3363
3363
3363
3362
3361
3361
3360
3360
3359
3358
3358
3357
3356
3356
3356
3354
3354
3353
3353
3352
3352
3352
3352
3351
3351
3351
3350
3350
3350
3349
3348
3348
3347
3347
3347
3346
3346
3346
3345
3345
3345
3345
3345
3344
3343
3343
3342
3342
3342
3341
3341
3340
3340
3340
3340
3339
3339
3338
3338
3338
3337
3336
3336
3335
3335
3335
3334
3334
3333
3333
3331
3331
3330
3330
3330
3330
3330
3330
3330
3329
3329
3329
3328
3331
3328
3328
3328
3326
3326
3326
3326
3325
3325
3325
3325
3324
3323
3323
3321
3320
3320
3319
3319
3319
3318
3318
3317
3317
3317
3317
3317
3317
3317
3317
3315
3315
3314
3314
3313
3313
3313
3313
3312
3312
3312
3311
3311
3311
3311
3310
3310
3310
3309
3309
3308
3308
3307
3306
3306
3306
3305
3305
3305
3304
3303
3303
3302
3302
3302
3302
3301
3301
3301
3301
3300
3300
3299
3299
3299
3299
3298
3298
3298
3298
3298
3297
3297
3297
3296
3296
3296
3294
3292
3292
3292
3291
3311
3290
3290
3289
3289
3289
3288
3288
3285
3284
3284
3284
3284
3283
3283
3283
3283
3282
3282
3282
3282
3282
3282
3281
3281
3280
3280
3280
3280
3279
3279
3279
3279
3278
3278
3278
3276
3275
3274
3274
3273
3273
3273
3272
3272
3272
3271
3271
3271
3270
3270
3269
3269
3268
3268
3267
3267
3267
3266
3266
3265
3265
3264
3263
3263
3263
3262
3262
3262
3262
3261
3261
3260
3260
3259
3259
3256
3256
3256
3255
3255
3254
3253
3253
3252
3252
3251
3251
3250
3250
3250
3249
3249
3249
3249
3249
3249
3248
3247
3247
3246
3246
3246
3246
3246
3245
3245
3244
3244
3244
3244
3243
3243
3242
3241
3240
3240
3240
3240
3239
3238
3238
3238
3236
3236
3236
3236
3234
3234
3234
3234
3234
3233
3233
3232
3232
3232
3231
3231
3231
3231
3231
3234
3230
3230
3230
3230
3230
3230
3229
3229
3229
3229
3229
3229
3228
3228
3228
3227
3227
3227
3227
3227
3226
3226
3226
3226
3226
3226
3226
3226
3226
3225
3224
3223
3223
3222
3222
3222
3221
3221
3220
3220
3220
3219
3219
3218
3218
3218
3217
3217
3216
3216
3216
3215
3215
3215
3214
3214
3214
3214
3213
3211
3210
3210
3210
3210
3209
3208
3208
3207
3206
3205
3204
3204
3203
3222
3203
3203
3203
3202
3202
3202
3202
3201
3201
3201
3200
3200
3199
3199
3198
3198
3198
3198
3197
3196
3196
3195
3195
3195
3195
3194
3194
3193
3191
3191
3191
3190
3190
3189
3189
3189
3188
3188
3188
3188
3188
3188
3191
3185
3184
3184
3183
3183
3183
3183
3183
3182
3182
3181
3181
3195
3179
3179
3179
3179
3178
3178
3177
3177
3177
3177
3195
3176
3176
3175
3175
3175
3174
3174
3174
3173
3173
3173
3172
3172
3172
3170
3170
3169
3168
3168
3167
3167
3166
3166
3165
3165
3164
3163
3163
3163
3162
3162
3162
3162
3161
3160
3160
3160
3159
3159
3159
3159
3158
3157
3157
3157
3157
3157
3156
3155
3155
3155
3154
3154
3154
3153
3153
3151
3151
3151
3151
3150
3149
3148
3147
3147
3147
3147
3146
3146
3145
3144
3144
3144
3144
3143
3153
3142
3146
3141
3141
3141
3141
3140
3152
3140
3140
3139
3139
3139
3139
3138
3138
3136
3136
3136
3136
3136
3135
3135
3141
3134
3134
3134
3134
3134
3133
3133
3132
3131
3131
3131
3130
3129
3129
3128
3127
3127
3127
3126
3126
3126
3126
3125
3124
3124
3123
3123
3123
3123
3126
3121
3121
3119
3119
3119
3119
3118
3118
3118
3117
3116
3115
3115
3114
3113
3113
3113
3112
3112
3112
3112
3111
3111
3111
3111
3111
3110
3110
3110
3110
3110
3109
3109
3109
3108
3108
3108
3107
3107
3106
3106
3106
3105
3105
3105
3104
3104
3103
3103
3102
3102
3102
3102
3102
3102
3101
3101
3101
3101
3100
3100
3100
3100
3100
3098
3098
3097
3097
3096
3096
3096
3095
3095
3095
3094
3094
3094
3093
3093
3093
3092
3092
3092
3091
3090
3090
3089
3089
3091
3089
3089
3089
3089
3088
3088
3088
3088
3088
3087
3087
3087
3087
3086
3086
3086
3086
3085
3085
3085
3084
3084
3084
3083
3082
3082
3082
3081
3081
3081
3081
3080
3080
3079
3078
3078
3077
3077
3077
3076
3076
3076
3075
3075
3074
3072
3105
3071
3071
3071
3071
3092
3070
3070
3070
3070
3070
3069
3068
3068
3068
3067
3092
3067
3067
3067
3067
3066
3070
3065
3065
3065
3064
3064
3064
3063
3063
3063
3063
3062
3062
3062
3061
3061
3061
3061
3061
3060
3060
3060
3059
3059
3059
3059
3059
3058
3058
3057
3057
3057
3057
3057
3057
3056
3056
3056
3055
3054
3054
3054
3053
3052
3052
3052
3051
3050
3050
3050
3049
3049
3049
3048
3048
3047
3047
3047
3047
3047
3046
3046
3046
3046
3045
3045
3045
3045
3045
3045
3044
3044
3044
3043
3050
3043
3042
3042
3041
3040
3039
3038
3038
3038
3037
3037
3037
3058
3036
3036
3036
3036
3036
3036
3036
3035
3035
3035
3035
3035
3035
3034
3034
3034
3037
3033
3032
3031
3031
3031
3031
3031
3031
3030
3030
3030
3030
3029
3029
3028
3028
3028
3027
3027
3027
3026
3026
3026
3025
3025
3025
3025
3025
3024
3024
3023
3023
3023
3023
3023
3023
3023
3023
3023
3022
3022
3022
3022
3022
3022
3022
3021
3021
3020
3020
3020
3019
3019
3018
3018
3018
3018
3017
3016
3016
3016
3016
3015
3015
3014
3014
3013
3013
3013
3013
3013
3012
3012
3012
3012
3012
3011
3010
3010
3010
3015
3009
3009
3009
3008
3008
3007
3006
3006
3005
3005
3005
3005
3007
3004
3004
3004
3003
3003
3003
3002
3002
3001
3001
3001
3001
3000
3000
3000
3000
