856076
595961
472485
377156
365123
339355
337491
323732
310083
305383
300342
294520
282032
278301
275388
269237
268310
251796
249977
243579
234679
231463
224478
220858
219041
215211
212857
212154
212081
211829
210495
210422
210406
204055
202605
190923
186364
186175
185838
184015
183985
182849
179244
179200
178753
178127
177666
172640
170887
170302
167952
167001
166911
166773
166564
165390
163864
163844
163139
162061
162034
161069
160306
159700
158729
157721
156175
156046
154277
154126
153839
153449
153288
152343
149082
148749
148563
147231
146866
146859
145812
145255
145142
144577
143875
143244
143017
140780
139450
139410
138915
137963
137960
137447
137206
135912
134946
134357
133179
132465
132346
132215
131156
131172
129920
129370
129284
127497
125980
125920
124933
124700
124494
122134
121606
121245
121235
120884
119849
119628
119195
119161
117836
117348
116368
116062
115751
115353
114947
114926
114757
114683
113400
112419
112126
111803
111299
110792
110655
110121
109374
108969
108843
108790
108749
108567
108488
107804
107423
107182
106734
106693
106325
105913
105301
104687
103831
103815
103483
103424
103316
103296
103216
102915
102182
101710
101486
99630
99531
98922
98900
98678
98397
98368
98225
97244
97085
96967
96944
96848
96687
96588
96072
95509
95458
95205
95061
94833
94508
94136
94099
93823
93611
93418
93030
92854
92826
92734
92249
92109
91566
91441
91424
91380
90984
90886
90640
90282
90284
90241
90235
90015
89986
89985
89895
89850
89732
89621
89285
89009
88877
88864
88847
88828
88757
88624
88441
88188
87872
87525
86793
86128
86104
86073
86067
85910
85901
85023
84574
84198
84083
84018
83823
83690
83515
83458
83080
82675
82509
82361
81590
81579
81484
81383
81376
81251
81142
80985
80780
80732
80380
80243
80085
80057
79853
79785
79622
79450
79445
79429
79425
79130
79126
79064
78851
78775
78746
78420
78376
78299
77971
77895
77698
77419
77249
77088
77032
77027
76951
76641
76516
76134
75932
75749
75649
75649
75545
75248
75176
75171
75009
74876
74848
74551
74496
74478
74425
74178
74148
73523
73247
73077
72963
72947
72930
72806
72697
72308
72137
72147
72039
71883
71880
71767
71744
71672
71644
71642
71415
71314
71274
71012
70888
70514
70242
70108
70079
69864
69887
69856
69740
69663
69314
69291
69177
69146
68971
68880
68775
68493
68300
68266
68149
67889
67731
67504
67210
66891
66622
66273
66246
66086
65744
65496
65076
64984
64802
64774
64598
64560
64542
64538
64506
64262
64204
63867
63801
63649
63629
63323
63207
63105
63056
63052
63025
62998
62891
62859
62854
62854
62801
62648
62646
62640
62642
62560
62303
62291
62254
62110
61810
61798
61794
61693
61615
61536
61456
61347
61226
60872
60645
60573
60485
60336
60171
59939
59906
59837
59804
59712
59672
59657
59438
59318
59312
59249
59230
59101
59074
59017
58858
58835
58803
58648
58610
58604
58507
58174
58118
58013
57880
57787
57604
57401
57387
57373
57249
57136
57070
57051
57046
56735
56705
56491
56485
56436
56248
56153
56145
56110
56048
56036
55878
55838
55832
55734
55711
55476
55356
55314
55062
54953
54903
54834
54541
54386
54259
54089
54000
53952
53941
53922
53832
53802
53789
53770
53668
53634
53587
53553
53547
53508
53470
53316
53242
53240
53186
53100
52958
52930
52928
52916
52894
52826
52797
52756
52607
52581
52578
52542
52507
52353
52299
52254
52109
52096
52095
52087
52010
51980
51950
51940
51896
51666
51669
51592
51569
51482
51444
51310
51250
51166
51149
51108
51065
51061
51056
50955
50943
50692
50677
50618
50595
50550
50513
50325
50280
50227
50210
50175
50172
50065
50033
50016
49978
49988
49885
49855
49790
49736
49658
49481
49456
49412
49364
49252
49228
49224
49151
49097
49037
48896
48751
48746
48657
48576
48571
48516
48503
48459
48347
48286
48255
48226
48063
48038
48001
47973
47783
47774
47719
47661
47548
47487
47396
47391
47389
47369
47354
47341
47292
47229
47182
47166
47133
47111
47054
47011
46996
46980
46829
46804
46792
46777
46708
46665
46670
46635
46581
46555
46546
46475
46470
46466
46445
46403
46281
46278
46145
46137
46096
46072
46053
46039
46018
45923
45771
45697
45656
45552
45516
45472
45466
45372
45269
45105
45077
45074
44983
44979
44953
44914
44883
44710
44555
44508
44473
44463
44333
44328
44248
44246
44154
44049
43992
43896
43883
43847
43839
43831
43807
43734
43646
43644
43580
43542
43519
43494
43483
43478
43414
43408
43391
43406
43371
43369
43327
43213
43189
43143
43114
43064
43003
42866
42775
42774
42733
42656
42617
42554
42422
42349
42319
42224
42211
42170
42155
42126
42089
42063
42020
42018
42011
41952
41920
41806
41794
41792
41752
41623
41588
41569
41563
41561
41352
41303
41275
41275
41205
41151
41145
41067
40916
40863
40834
40509
40483
40469
40453
40434
40393
40410
40296
40288
40270
40202
40170
40160
40145
40112
40104
40078
40031
39958
39861
39844
39804
39785
39768
39763
39741
39691
39686
39639
39608
39599
39582
39520
39492
39440
39422
39377
39368
39323
39210
39207
39162
39153
39148
39143
39131
39119
39086
39046
39018
39014
38976
38937
38933
38929
38876
38874
38838
38748
38740
38740
38693
38614
38505
38418
38417
38382
38366
38330
38253
38228
38220
38210
38201
38162
38156
38082
38085
38032
38017
38004
37914
37836
37816
37816
37814
37687
37664
37652
37538
37529
37479
37477
37475
37457
37395
37392
37371
37337
37328
37322
37254
37244
37184
37177
37156
37139
36987
36894
36884
36861
36824
36788
36768
36766
36766
36762
36743
36676
36643
36614
36596
36591
36559
36555
36554
36471
36469
36424
36419
36395
36360
36275
36254
36236
36226
36216
36201
36178
36150
36126
36125
36099
36003
35996
35991
35949
35927
35911
35901
35868
35858
35819
35807
35700
35631
35566
35561
35550
35514
35496
35442
35388
35293
35209
35175
34992
34985
34966
34964
34900
34884
34857
34855
34849
34841
34817
34806
34739
34711
34621
34600
34502
34489
34475
34392
34387
34370
34348
34314
34296
34286
34278
34260
34256
34230
34197
34172
34168
34154
34132
34057
34036
34006
33971
33966
33926
33883
33878
33857
33829
33824
33790
33703
33702
33689
33664
33637
33623
33609
33599
33585
33542
33563
33520
33473
33445
33399
33391
33379
33366
33327
33309
33306
33281
33277
33276
33260
33253
33212
33169
33137
33115
33058
33049
33032
33009
33001
32989
32983
32898
32889
32846
32840
32810
32782
32754
32724
32708
32703
32674
32629
32591
32581
32579
32546
32521
32521
32519
32503
32452
32444
32443
32414
32405
32395
32369
32360
32334
32319
32290
32276
32270
32236
32232
32185
32114
32061
32049
32013
32011
31951
31949
31930
31912
31906
31897
31896
31886
31832
31830
31784
31780
31710
31698
31657
31568
31574
31561
31539
31530
31502
31479
31463
31414
31411
31367
31366
31282
31184
31178
31135
31116
31114
31114
31107
31082
31051
31003
30996
30961
30938
30916
30901
30881
30877
30864
30858
30813
30812
30791
30775
30755
30723
30712
30662
30631
30629
30617
30610
30609
30594
30581
30523
30463
30402
30393
30385
30379
30366
30349
30315
30314
30305
30281
30213
30211
30180
30157
30104
30079
30073
30083
30033
30035
30015
29994
29963
29927
29906
29887
29858
29853
29852
29850
29845
29814
29813
29800
29788
29788
29772
29766
29744
29716
29701
29685
29665
29662
29656
29605
29603
29582
29577
29439
29408
29354
29277
29240
29227
29211
29205
29199
29175
29162
29095
29084
29041
29037
29021
28986
28978
28942
28932
28932
28887
28852
28848
28839
28797
28775
28774
28708
28672
28668
28662
28656
28640
28630
28618
28617
28616
28615
28493
28492
28488
28440
28427
28401
28400
28393
28391
28329
28323
28305
28303
28301
28295
28279
28278
28283
28236
28221
28214
28188
28180
28178
28173
28133
28126
28113
28049
28030
28028
28027
28014
28011
27984
27981
27971
27889
27858
27857
27837
27822
27805
27797
27787
27783
27770
27763
27747
27736
27721
27697
27691
27687
27677
27642
27629
27625
27641
27615
27614
27614
27608
27603
27590
27581
27568
27495
27481
27480
27478
27456
27441
27438
27430
27416
27396
27376
27357
27335
27328
27316
27307
27217
27216
27193
27132
27117
27050
27031
27010
27010
27008
27002
26977
26970
26952
26920
26872
26765
26712
26699
26694
26685
26696
26625
26614
26608
26607
26556
26537
26525
26523
26515
26471
26468
26451
26444
26453
26432
26361
26320
26305
26279
26255
26236
26230
26218
26209
26205
26200
26121
26088
26073
26073
26070
26064
26059
26001
25995
25993
25959
25958
25933
25922
25922
25855
25852
25857
25830
25810
25789
25780
25713
25714
25678
25659
25636
25629
25597
25591
25556
25544
25517
25509
25491
25487
25487
25451
25447
25425
25405
25391
25388
25339
25348
25327
25327
25322
25311
25308
25297
25261
25246
25240
25238
25176
25120
25119
25114
25111
25107
25103
25102
25112
25064
25052
25049
25027
25001
24992
24975
24949
24932
24897
24877
24875
24836
24834
24787
24700
24689
24688
24670
24650
24634
24626
24626
24625
24624
24619
24614
24614
24586
24575
24546
24542
24526
24514
24464
24480
24445
24423
24398
24401
24387
24377
24344
24317
24286
24277
24291
24261
24246
24228
24191
24176
24124
24123
24108
24106
24096
24056
24051
24043
24040
24036
24035
24025
24023
24017
24009
24006
23986
23967
23966
23948
23924
23917
23904
23912
23908
23907
23873
23864
23861
23825
23823
23809
23768
23762
23749
23747
23713
23669
23662
23657
23653
23651
23649
23648
23632
23628
23576
23517
23499
23493
23470
23427
23391
23361
23347
23327
23322
23318
23316
23310
23275
23241
23237
23230
23229
23232
23227
23225
23218
23207
23173
23135
23131
23110
23090
23089
23078
23076
23040
23027
23023
23012
23010
23007
22997
22991
22988
22972
22964
22923
22922
22918
22880
22876
22870
22869
22852
22837
22828
22798
22787
22763
22762
22760
22758
22751
22731
22699
22689
22673
22635
22622
22595
22589
22558
22551
22547
22542
22527
22503
22494
22475
22455
22455
22408
22400
22390
22362
22359
22339
22336
22330
22320
22304
22303
22300
22292
22284
22282
22280
22266
22263
22250
22234
22208
22203
22177
22164
22159
22153
22153
22146
22143
22131
22130
22077
22072
22070
22069
22056
22035
22007
21976
21959
21941
21937
21920
21912
21902
21870
21863
21854
21847
21845
21809
21807
21802
21787
21784
21778
21770
21736
21725
21717
21714
21683
21673
21642
21627
21626
21625
21634
21584
21539
21533
21510
21500
21501
21477
21472
21465
21459
21449
21448
21429
21402
21400
21376
21372
21371
21338
21338
21323
21320
21309
21284
21283
21278
21275
21270
21262
21259
21259
21256
21237
21232
21231
21226
21203
21205
21195
21183
21182
21174
21171
21165
21162
21155
21151
21150
21125
21122
21105
21093
21086
21068
21026
21009
20990
20976
20973
20955
20951
20939
20899
20885
20880
20872
20866
20857
20836
20821
20821
20818
20807
20807
20805
20802
20793
20790
20773
20751
20739
20738
20724
20714
20707
20703
20686
20681
20681
20659
20633
20625
20601
20579
20577
20584
20562
20556
20556
20556
20539
20537
20532
20526
20510
20490
20470
20452
20440
20462
20421
20401
20395
20383
20385
20386
20371
20358
20343
20321
20302
20298
20287
20282
20265
20262
20257
20257
20243
20238
20235
20223
20213
20201
20197
20193
20192
20191
20191
20165
20161
20168
20157
20149
20145
20142
20142
20122
20118
20109
20107
20107
20096
20092
20055
20041
19996
19990
19988
19986
19982
19964
19958
19958
19927
19922
19912
19906
19905
19874
19853
19852
19847
19812
19808
19807
19791
19785
19780
19780
19777
19774
19766
19738
19717
19681
19668
19666
19654
19654
19652
19651
19633
19630
19612
19610
19603
19586
19567
19562
19549
19546
19530
19529
19527
19521
19505
19467
19464
19463
19469
19460
19460
19453
19440
19428
19427
19399
19387
19380
19374
19370
19345
19341
19340
19331
19330
19326
19325
19316
19313
19309
19299
19283
19278
19278
19267
19222
19216
19213
19208
19205
19196
19179
19167
19152
19146
19144
19141
19134
19127
19122
19113
19086
19086
19061
19056
19037
19031
19028
19024
19020
19015
19000
18980
18979
18977
18978
18966
18946
18930
18919
18919
18909
18905
18904
18895
18888
18883
18873
18870
18866
18854
18849
18842
18837
18831
18823
18820
18816
18785
18784
18780
18769
18756
18756
18724
18711
18710
18702
18697
18707
18683
18682
18672
18657
18651
18645
18644
18640
18634
18621
18617
18614
18613
18608
18603
18593
18591
18590
18586
18585
18581
18577
18571
18564
18544
18542
18527
18527
18524
18519
18507
18497
18496
18493
18486
18481
18477
18474
18471
18462
18461
18451
18447
18439
18421
18416
18404
18403
18383
18372
18356
18337
18334
18323
18319
18310
18306
18286
18283
18253
18252
18251
18250
18245
18244
18211
18205
18198
18193
18170
18144
18128
18124
18122
18101
18091
18088
18083
18084
18074
18067
18062
18056
18041
18035
18034
18029
18016
18013
18010
18001
17999
17997
17980
17975
17959
17923
17919
17917
17906
17893
17890
17887
17860
17860
17858
17858
17841
17834
17829
17827
17813
17804
17803
17795
17792
17789
17784
17772
17758
17726
17717
17716
17705
17704
17701
17701
17698
17688
17684
17654
17648
17644
17640
17631
17629
17620
17600
17599
17594
17592
17582
17581
17580
17567
17545
17541
17515
17502
17501
17495
17478
17477
17488
17459
17457
17455
17455
17450
17449
17444
17430
17418
17407
17402
17398
17395
17395
17377
17376
17372
17362
17361
17374
17345
17341
17336
17332
17331
17331
17314
17307
17298
17296
17284
17281
17279
17277
17260
17258
17255
17255
17250
17217
17211
17208
17205
17196
17192
17179
17178
17172
17170
17167
17163
17162
17161
17158
17147
17146
17138
17132
17131
17125
17125
17141
17109
17108
17102
17096
17086
17082
17082
17081
17079
17062
17059
17039
17037
17024
17021
16996
16980
16969
16968
16958
16944
16928
16927
16926
16924
16917
16913
16912
16908
16905
16897
16891
16885
16883
16870
16875
16868
16859
16855
16847
16827
16814
16808
16788
16780
16763
16760
16758
16753
16750
16745
16743
16741
16739
16738
16737
16696
16695
16679
16662
16657
16657
16653
16647
16647
16638
16628
16622
16605
16595
16589
16587
16584
16583
16576
16567
16567
16554
16540
16527
16524
16517
16512
16494
16488
16488
16487
16481
16462
16458
16452
16451
16449
16444
16441
16437
16437
16429
16428
16395
16391
16390
16389
16384
16378
16376
16376
16367
16364
16363
16362
16358
16355
16354
16350
16346
16342
16333
16331
16328
16321
16320
16297
16295
16288
16283
16276
16276
16281
16271
16265
16263
16242
16242
16251
16233
16212
16210
16203
16200
16193
16182
16173
16173
16151
16150
16140
16135
16128
16127
16122
16115
16111
16098
16096
16089
16088
16082
16077
16074
16068
16063
16043
16036
16034
16026
16025
16019
16019
16007
15999
15997
15990
15984
15974
15958
15952
15951
15930
15936
15930
15951
15924
15918
15917
15916
15914
15906
15880
15875
15869
15869
15858
15852
15869
15849
15845
15822
15819
15807
15803
15803
15798
15792
15791
15787
15787
15777
15776
15776
15773
15759
15758
15744
15744
15732
15724
15712
15703
15702
15701
15701
15694
15690
15686
15682
15671
15668
15657
15652
15650
15647
15644
15637
15632
15622
15614
15602
15594
15591
15589
15585
15576
15571
15569
15562
15557
15557
15552
15550
15549
15537
15535
15532
15532
15532
15523
15521
15517
15515
15510
15502
15501
15500
15485
15473
15455
15446
15445
15443
15436
15435
15423
15417
15411
15437
15395
15395
15395
15393
15389
15377
15359
15358
15354
15345
15358
15330
15329
15318
15317
15308
15303
15303
15300
15323
15296
15296
15296
15288
15287
15284
15284
15270
15269
15263
15261
15255
15241
15241
15240
15236
15233
15232
15214
15210
15207
15204
15199
15191
15181
15172
15168
15158
15154
15147
15141
15132
15127
15125
15124
15111
15107
15103
15100
15095
15089
15082
15062
15056
15056
15046
15040
15054
15034
15030
15029
15028
15046
15026
15025
15023
15019
15013
15012
15010
15008
15008
14999
14988
14971
14962
14951
14947
14946
14940
14925
14922
14918
14916
14884
14872
14865
14860
14853
14848
14846
14832
14828
14828
14825
14825
14823
14814
14812
14810
14802
14799
14797
14810
14777
14777
14773
14770
14763
14736
14722
14715
14703
14693
14682
14681
14660
14657
14643
14642
14639
14639
14632
14627
14623
14625
14620
14619
14612
14607
14606
14605
14602
14601
14601
14599
14593
14590
14587
14576
14574
14565
14562
14562
14561
14556
14548
14538
14536
14533
14532
14532
14525
14524
14506
14500
14495
14487
14468
14463
14458
14451
14451
14446
14437
14436
14435
14432
14423
14422
14419
14412
14405
14399
14391
14384
14383
14382
14382
14375
14366
14364
14351
14349
14350
14348
14316
14313
14307
14306
14301
14294
14288
14284
14278
14270
14268
14265
14265
14250
14249
14248
14247
14232
14231
14227
14204
14204
14195
14186
14179
14177
14176
14172
14171
14168
14166
14163
14159
14153
14150
14164
14139
14136
14156
14131
14125
14115
14111
14093
14090
14090
14090
14088
14079
14079
14066
14063
14059
14054
14043
14037
14033
14032
14025
14024
14021
14020
14014
14013
14006
14005
14004
14001
13995
13990
13988
13983
13983
13972
13969
13961
13961
13956
13953
13949
13961
13942
13935
13935
13919
13917
13913
13906
13904
13901
13896
13893
13892
13890
13888
13884
13878
13868
13861
13859
13748
13845
13838
13812
13803
13793
13771
13768
13770
13764
13760
13753
13753
13751
13744
13743
13741
13737
13735
13733
13729
13727
13726
13719
13718
13709
13700
13698
13686
13686
13686
13683
13681
13680
13680
13675
13669
13666
13657
13657
13663
13648
13643
13636
13635
13625
13639
13616
13614
13614
13602
13597
13597
13611
13590
13586
13581
13581
13577
13574
13567
13561
13561
13555
13546
13539
13530
13527
13522
13515
13513
13510
13498
13497
13489
13483
13480
13477
13476
13474
13465
13462
13455
13440
13439
13425
13418
13417
13410
13407
13394
13392
13392
13389
13384
13384
13383
13379
13376
13369
13365
13345
13344
13340
13336
13334
13329
13326
13320
13316
13319
13299
13297
13296
13293
13292
13290
13289
13278
13276
13271
13269
13267
13264
13262
13261
13257
13251
13249
13246
13240
13237
13228
13222
13221
13211
13200
13189
13185
13198
13183
13180
13185
13174
13170
13164
13157
13153
13153
13141
13138
13131
13124
13123
13118
13117
13115
13112
13105
13089
13087
13085
13084
13084
13078
13077
13074
13074
13072
13068
13068
13059
13055
13053
13043
13020
13017
13023
13010
13004
13005
13002
12996
12985
12984
12980
12969
12965
12962
12960
12953
12947
12938
12935
12935
12934
12927
12924
12922
12918
12914
12910
12902
12901
12898
12894
12885
12883
12881
12869
12867
12864
12856
12851
12850
12847
12844
12837
12832
12829
12828
12824
12823
12820
12818
12815
12806
12800
12792
12786
12783
12781
12781
12789
12772
12772
12769
12769
12769
12760
12759
12757
12754
12753
12743
12734
12729
12721
12717
12716
12713
12710
12698
12679
12673
12669
12668
12664
12662
12662
12660
12658
12657
12656
12650
12646
12644
12638
12628
12627
12624
12621
12621
12619
12616
12611
12608
12608
12608
12605
12590
12590
12587
12585
12579
12578
12576
12578
12568
12562
12558
12552
12546
12541
12540
12551
12539
12536
12533
12532
12532
12528
12523
12517
12513
12512
12511
12506
12502
12501
12497
12496
12496
12495
12493
12489
12487
12483
12476
12474
12471
12470
12465
12464
12463
12462
12457
12455
12452
12449
12449
12442
12440
12439
12438
12436
12435
12435
12433
12428
12428
12425
12424
12423
12423
12420
12417
12414
12407
12405
12405
12401
12401
12396
12390
12388
12378
12377
12381
12374
12368
12366
12364
12364
12362
12355
12355
12353
12350
12339
12336
12335
12334
12333
12331
12329
12327
12323
12322
12319
12311
12308
12296
12288
12288
12286
12285
12281
12280
12277
12275
12275
12274
12270
12263
12261
12259
12251
12250
12240
12238
12237
12236
12232
12231
12226
12217
12212
12212
12209
12203
12202
12201
12201
12199
12190
12200
12180
12179
12178
12176
12176
12180
12172
12171
12170
12166
12165
12164
12163
12162
12161
12159
12159
12157
12150
12144
12143
12137
12135
12133
12131
12127
12126
12122
12116
12121
12112
12112
12108
12108
12107
12102
12100
12076
12075
12073
12067
12062
12062
12059
12055
12053
12047
12045
12045
12044
12043
12043
12038
12036
12021
12016
12013
12013
12013
12011
12010
12008
12002
11999
11991
11986
11985
11984
11984
11981
11978
11976
11973
11972
11971
11969
11964
11962
11961
11959
11958
11955
11952
11948
11940
11939
11935
11935
11926
11918
11917
11916
11912
11909
11904
11900
11900
11895
11889
11888
11888
11883
11879
11871
11870
11869
11875
11865
11864
11862
11859
11849
11845
11844
11835
11835
11829
11826
11819
11818
11813
11826
11811
11805
11804
11803
11798
11796
11788
11782
11773
11772
11763
11758
11758
11755
11753
11752
11741
11735
11730
11729
11728
11714
11704
11699
11695
11686
11681
11679
11677
11664
11663
11661
11652
11650
11650
11643
11641
11639
11637
11634
11633
11633
11628
11626
11624
11621
11619
11615
11613
11612
11608
11608
11604
11599
11595
11594
11600
11592
11589
11588
11588
11587
11580
11577
11575
11572
11553
11553
11552
11551
11543
11543
11541
11540
11539
11536
11534
11531
11526
11526
11526
11525
11524
11518
11514
11509
11507
11506
11504
11501
11499
11495
11492
11491
11485
11481
11479
11478
11472
11471
11460
11460
11460
11455
11454
11453
11452
11447
11443
11441
11439
11436
11434
11431
11429
11427
11420
11418
11418
11418
11417
11415
11408
11402
11398
11393
11380
11376
11374
11389
11367
11362
11360
11354
11350
11348
11346
11349
11343
11339
11339
11333
11330
11328
11328
11312
11306
11304
11303
11303
11302
11299
11297
11299
11292
11278
11275
11270
11261
11260
11255
11255
11252
11246
11242
11235
11232
11223
11218
11215
11209
11208
11207
11207
11201
11200
11197
11195
11189
11188
11184
11178
11178
11173
11171
11167
11160
11160
11157
11156
11149
11146
11145
11141
11139
11137
11131
11129
11129
11127
11126
11126
11125
11120
11118
11112
11104
11103
11098
11093
11083
11083
11082
11081
11075
11071
11068
11067
11066
11065
11062
11057
11054
11052
11042
11038
11050
11029
11023
11017
11015
11012
11012
11005
11004
11002
11001
10996
10993
10993
10990
10990
10988
10985
10979
10969
10968
10960
10956
10952
10950
10938
10938
10936
10927
10917
10917
10913
10912
10911
10902
10898
10897
10893
10887
10885
10879
10875
10875
10871
10870
10869
10867
10862
10854
10851
10846
10843
10827
10825
10824
10819
10818
10815
10814
10814
10810
10809
10799
10795
10793
10790
10785
10781
10777
10778
10773
10772
10765
10763
10761
10759
10756
10753
10750
10748
10748
10746
10746
10741
10739
10733
10733
10731
10727
10726
10749
10721
10716
10715
10712
10702
10699
10698
10696
10694
10691
10690
10690
10688
10687
10683
10678
10669
10668
10667
10665
10664
10662
10660
10659
10658
10654
10652
10650
10647
10646
10644
10643
10642
10639
10634
10632
10631
10630
10629
10627
10618
10615
10611
10608
10605
10603
10601
10596
10595
10587
10587
10583
10582
10571
10569
10565
10565
10564
10559
10555
10544
10542
10542
10541
10539
10538
10536
10534
10529
10527
10525
10517
10515
10511
10503
10498
10494
10494
10495
10490
10488
10485
10482
10476
10468
10465
10464
10463
10462
10460
10476
10466
10457
10454
10462
10452
10452
10449
10448
10448
10444
10443
10438
10433
10432
10432
10431
10430
10429
10426
10424
10422
10417
10415
10415
10413
10412
10409
10407
10400
10399
10397
10395
10391
10390
10389
10388
10384
10383
10382
10378
10374
10374
10370
10365
10354
10345
10344
10344
10342
10341
10335
10335
10333
10332
10326
10325
10317
10317
10312
10309
10316
10303
10302
10299
10299
10284
10283
10282
10278
10277
10275
10271
10269
10269
10268
10265
10264
10258
10255
10249
10246
10245
10238
10237
10237
10236
10222
10219
10219
10217
10214
10213
10212
10211
10210
10209
10204
10203
10202
10200
10194
10194
10193
10192
10191
10191
10191
10188
10181
10180
10174
10173
10169
10167
10166
10165
10165
10155
10163
10149
10149
10148
10150
10141
10138
10137
10134
10131
10127
10122
10120
10119
10122
10117
10116
10115
10115
10128
10107
10107
10121
10105
10102
10090
10088
10087
10084
10079
10078
10074
10073
10072
10071
10067
10064
10063
10063
10061
10057
10047
10046
10043
10039
10039
10038
10034
10032
10027
10023
10022
10017
10016
10015
10006
10005
10005
10005
10004
10002
10000
9999
9999
9998
9997
9989
9986
9970
9968
9977
9967
9966
9964
9962
9962
9956
9956
9956
9953
9953
9953
9951
9950
9949
9965
9942
9940
9939
9938
9935
9934
9932
9932
9928
9926
9923
9918
9917
9913
9910
9908
9897
9895
9895
9895
9893
9892
9891
9886
9885
9882
9881
9878
9878
9887
9868
9868
9866
9865
9863
9857
9853
9854
9850
9850
9846
9845
9844
9843
9839
9838
9838
9834
9832
9826
9825
9840
9822
9820
9810
9809
9804
9799
9799
9797
9783
9777
9773
9769
9768
9768
9763
9763
9763
9761
9758
9757
9756
9737
9736
9735
9732
9728
9726
9726
9724
9724
9723
9711
9707
9706
9706
9704
9703
9702
9701
9701
9701
9698
9697
9697
9694
9690
9688
9685
9682
9681
9681
9681
9680
9677
9674
9674
9670
9670
9668
9664
9660
9652
9651
9649
9648
9652
9661
9645
9640
9635
9634
9630
9627
9627
9622
9621
9622
9617
9612
9614
9614
9603
9603
9603
9601
9601
9597
9596
9596
9594
9588
9582
9582
9580
9579
9578
9578
9577
9569
9568
9567
9565
9564
9564
9563
9560
9555
9553
9546
9546
9544
9534
9518
9531
9529
9527
9519
9518
9517
9514
9512
9509
9506
9504
9503
9500
9494
9383
9491
9490
9487
9486
9483
9482
9482
9480
9478
9476
9475
9475
9473
9468
9468
9466
9462
9460
9459
9454
9452
9449
9446
9442
9441
9439
9438
9437
9436
9436
9435
9435
9433
9423
9422
9422
9419
9414
9427
9413
9413
9411
9409
9408
9402
9400
9398
9392
9389
9386
9385
9385
9380
9379
9378
9373
9373
9371
9369
9368
9366
9366
9350
9350
9348
9342
9341
9340
9338
9336
9335
9331
9330
9328
9328
9327
9327
9325
9320
9319
9314
9308
9303
9301
9293
9293
9289
9288
9287
9286
9284
9282
9282
9275
9272
9271
9264
9261
9253
9251
9249
9248
9245
9243
9243
9238
9230
9226
9224
9223
9223
9220
9219
9217
9214
9209
9201
9200
9194
9191
9187
9186
9183
9179
9179
9178
9177
9176
9175
9174
9174
9170
9161
9161
9161
9152
9150
9148
9143
9142
9142
9142
9142
9139
9138
9138
9137
9134
9134
9130
9129
9129
9128
9127
9125
9122
9121
9119
9108
9107
9106
9103
9096
9095
9091
9089
9105
9088
9080
9078
9076
9084
9068
9068
9055
9051
9049
9048
9046
9046
9044
9044
9044
9037
9036
9042
9030
9028
9021
9020
9018
9016
9012
9011
9010
9010
9009
9001
9000
8997
8994
8993
8992
8989
8988
8987
8986
8983
8982
8979
8975
8969
8968
8963
8963
8960
8957
8956
8954
8950
8948
8939
8938
8935
8934
8932
8931
8931
8930
8930
8928
8925
8925
8923
8920
8919
8918
8915
8913
8909
8916
8906
8905
8904
8903
8903
8890
8887
8885
8884
8880
8880
8879
8878
8875
8875
8873
8872
8866
8866
8865
8863
8861
8860
8860
8858
8857
8855
8855
8854
8853
8852
8850
8849
8848
8842
8838
8829
8828
8827
8822
8819
8819
8818
8816
8811
8811
8809
8807
8804
8804
8803
8795
8794
8792
8791
8789
8788
8785
8784
8782
8782
8780
8778
8785
8771
8769
8764
8764
8763
8763
8763
8761
8754
8754
8748
8744
8742
8740
8736
8720
8718
8717
8714
8712
8706
8706
8700
8697
8696
8694
8693
8693
8685
8685
8684
8702
8683
8674
8674
8666
8663
8673
8660
8659
8658
8653
8652
8649
8649
8649
8649
8645
8641
8641
8637
8635
8633
8633
8632
8632
8629
8629
8628
8626
8623
8622
8618
8617
8615
8605
8605
8600
8598
8589
8588
8586
8586
8585
8583
8579
8574
8573
8570
8568
8560
8559
8557
8555
8553
8552
8551
8551
8549
8547
8546
8545
8541
8540
8537
8535
8533
8532
8532
8530
8529
8527
8526
8526
8521
8519
8518
8518
8514
8513
8511
8511
8510
8505
8504
8504
8501
8501
8501
8499
8498
8498
8496
8494
8490
8489
8508
8484
8480
8476
8476
8474
8472
8472
8469
8466
8466
8463
8462
8459
8455
8455
8449
8448
8444
8438
8438
8438
8433
8443
8431
8430
8430
8428
8427
8425
8425
8424
8423
8413
8412
8412
8408
8407
8405
8400
8397
8395
8393
8392
8400
8389
8388
8402
8384
8380
8379
8373
8372
8372
8371
8368
8363
8362
8360
8360
8359
8357
8373
8354
8354
8354
8353
8350
8350
8349
8347
8347
8345
8343
8342
8342
8334
8323
8321
8320
8316
8315
8311
8310
8310
8308
8304
8303
8301
8297
8294
8289
8288
8286
8285
8285
8277
8277
8276
8274
8272
8272
8268
8264
8264
8263
8268
8261
8261
8258
8255
8255
8254
8253
8246
8246
8245
8243
8243
8252
8240
8237
8234
8233
8230
8229
8227
8225
8224
8222
8221
8221
8219
8217
8210
8207
8207
8205
8203
8202
8197
8197
8193
8193
8192
8191
8188
8187
8186
8183
8180
8178
8185
8177
8175
8172
8168
8167
8167
8167
8166
8162
8159
8159
8157
8156
8156
8155
8149
8148
8146
8141
8139
8139
8137
8136
8136
8135
8132
8131
8129
8128
8127
8125
8125
8123
8122
8119
8117
8116
8115
8113
8108
8107
8106
8106
8106
8103
8098
8098
8097
8097
8092
8092
8091
8090
8087
8085
8085
8087
8081
8080
8079
8079
8078
8074
8072
8071
8071
8070
8068
8079
8063
8062
8061
8058
8056
8056
8053
8052
8047
8047
8045
8042
8042
8041
8041
8040
8040
8038
8055
8036
8033
8033
8032
8028
8028
8028
8028
8027
8025
8023
8022
8016
8015
8015
8014
8013
8013
8013
8009
8008
8008
8007
8007
8006
8006
8006
8005
8005
7998
7996
7996
7995
7995
7992
7991
7990
7990
7989
7997
7982
7982
7981
7979
7978
7975
7975
7975
7975
7973
7972
7969
7969
7967
7963
7962
7961
7959
7958
7957
7956
7955
7954
7948
7948
7947
7946
7946
7946
7938
7936
7934
7934
7932
7931
7926
7933
7923
7923
7922
7921
7920
7920
7919
7918
7917
7916
7915
7915
7915
7913
7913
7906
7904
7899
7898
7894
7892
7892
7890
7885
7883
7883
7880
7879
7872
7866
7862
7856
7856
7855
7853
7852
7847
7846
7846
7846
7846
7840
7837
7835
7833
7833
7833
7832
7830
7829
7828
7828
7826
7826
7825
7825
7825
7824
7823
7822
7821
7821
7820
7818
7818
7818
7817
7816
7813
7807
7807
7800
7799
7797
7792
7789
7785
7785
7784
7781
7779
7776
7775
7775
7774
7771
7771
7770
7769
7766
7766
7766
7763
7759
7759
7768
7753
7752
7752
7752
7751
7749
7748
7747
7745
7743
7742
7737
7737
7737
7736
7737
7733
7733
7732
7731
7731
7730
7728
7728
7728
7724
7721
7721
7716
7714
7713
7712
7712
7711
7711
7710
7707
7593
7707
7706
7706
7706
7705
7701
7698
7696
7688
7687
7684
7684
7683
7681
7677
7677
7676
7675
7675
7675
7674
7674
7673
7673
7671
7671
7670
7662
7661
7661
7659
7656
7654
7653
7652
7645
7642
7636
7634
7634
7632
7632
7626
7625
7620
7619
7617
7617
7616
7616
7616
7615
7615
7614
7613
7612
7613
7612
7611
7610
7610
7610
7609
7609
7608
7605
7604
7600
7596
7596
7592
7592
7592
7591
7591
7591
7590
7588
7587
7584
7584
7583
7582
7580
7574
7574
7573
7573
7573
7571
7570
7570
7570
7570
7567
7567
7566
7564
7562
7560
7560
7559
7559
7559
7554
7553
7551
7549
7547
7545
7545
7545
7544
7541
7540
7538
7536
7533
7532
7532
7529
7519
7517
7517
7513
7513
7513
7512
7511
7509
7508
7504
7503
7501
7501
7499
7497
7497
7496
7495
7492
7492
7492
7490
7487
7485
7485
7484
7484
7491
7481
7481
7479
7479
7478
7476
7476
7471
7470
7469
7468
7467
7467
7480
7463
7461
7459
7456
7454
7454
7452
7452
7452
7450
7449
7449
7446
7445
7443
7441
7441
7440
7437
7437
7435
7435
7434
7433
7432
7427
7426
7429
7418
7418
7417
7417
7416
7415
7412
7412
7411
7411
7411
7408
7404
7403
7403
7401
7400
7399
7399
7397
7397
7397
7394
7394
7393
7391
7388
7387
7387
7386
7386
7384
7382
7381
7374
7382
7373
7373
7372
7371
7371
7369
7368
7365
7361
7357
7356
7354
7351
7351
7350
7350
7350
7348
7347
7346
7344
7342
7341
7341
7338
7338
7336
7335
7331
7329
7328
7328
7323
7323
7322
7321
7315
7315
7315
7324
7312
7309
7308
7307
7307
7307
7303
7301
7300
7298
7298
7297
7297
7296
7307
7299
7292
7291
7290
7289
7289
7287
7287
7285
7283
7292
7281
7280
7277
7275
7272
7272
7270
7270
7269
7268
7267
7265
7264
7264
7258
7255
7252
7248
7247
7245
7244
7243
7241
7240
7239
7239
7239
7237
7237
7237
7237
7237
7236
7234
7234
7226
7225
7224
7221
7221
7220
7227
7219
7218
7217
7216
7216
7214
7210
7209
7209
7208
7207
7205
7201
7199
7199
7197
7195
7192
7191
7191
7190
7189
7189
7188
7202
7188
7187
7186
7184
7183
7182
7180
7180
7179
7179
7177
7175
7173
7172
7172
7170
7169
7169
7168
7168
7166
7165
7164
7161
7161
7161
7159
7157
7152
7151
7151
7150
7150
7149
7147
7146
7145
7144
7144
7143
7141
7139
7137
7135
7135
7133
7132
7130
7129
7125
7124
7122
7119
7118
7116
7116
7116
7115
7111
7111
7107
7105
7104
7104
7103
7101
7096
7095
7093
7092
7091
7089
7088
7087
7087
7083
7082
7081
7081
7081
7074
7074
7074
7073
7073
7067
7066
7066
7065
7062
7059
7059
7057
7057
7056
7055
7055
7055
7051
7050
7050
7050
7074
7047
7046
7041
7040
7038
7037
7035
7034
7034
7033
7033
7032
7031
7030
7028
7027
7026
7026
7025
7025
7021
7021
7015
7013
7011
7009
7009
7006
7005
7005
7003
7017
6997
6996
6994
6993
6992
6989
6987
6985
6983
6983
6980
6980
6979
6979
6978
6977
6977
6975
6975
6974
6973
6972
6972
6972
6977
6971
6970
6968
6968
6965
6965
6964
6964
6963
6962
6960
6960
6960
6959
6959
6959
6958
6955
6954
6970
6954
6953
6952
6950
6949
6949
6947
6945
6941
6940
6940
6938
6937
6935
6934
6934
6933
6933
6932
6929
6928
6927
6925
6921
6920
6917
6917
6915
6914
6912
6912
6907
6906
6904
6903
6902
6901
6899
6899
6898
6898
6898
6897
6894
6894
6893
6893
6890
6890
6889
6889
6888
6886
6886
6883
6879
6878
6877
6874
6873
6873
6873
6870
6869
6867
6867
6866
6863
6863
6862
6860
6857
6854
6854
6853
6853
6852
6852
6852
6851
6849
6849
6847
6846
6842
6841
6841
6839
6838
6837
6835
6834
6834
6831
6826
6823
6822
6821
6820
6818
6817
6815
6814
6811
6808
6808
6808
6806
6804
6802
6802
6802
6801
6800
6800
6800
6799
6799
6791
6790
6788
6788
6787
6787
6786
6786
6784
6784
6780
6779
6779
6778
6777
6777
6776
6776
6775
6775
6773
6773
6773
6772
6771
6769
6791
6768
6768
6768
6764
6763
6762
6761
6754
6752
6752
6751
6749
6764
6747
6747
6745
6742
6741
6739
6739
6738
6738
6737
6736
6735
6732
6731
6729
6727
6725
6724
6723
6721
6721
6719
6717
6714
6713
6713
6710
6710
6708
6707
6705
6704
6703
6701
6700
6698
6698
6698
6697
6699
6693
6693
6698
6692
6691
6690
6690
6690
6688
6687
6684
6683
6683
6680
6680
6680
6676
6675
6675
6674
6674
6672
6670
6670
6670
6669
6669
6668
6667
6666
6663
6662
6660
6658
6653
6652
6652
6650
6650
6648
6645
6644
6643
6643
6643
6639
6639
6638
6637
6637
6636
6632
6632
6631
6631
6631
6627
6629
6629
6626
6626
6625
6622
6621
6621
6620
6620
6619
6619
6617
6615
6630
6615
6610
6610
6606
6605
6604
6602
6602
6601
6600
6600
6598
6597
6596
6596
6595
6594
6593
6593
6592
6591
6588
6587
6586
6585
6585
6583
6583
6581
6580
6579
6579
6579
6575
6573
6573
6572
6568
6568
6567
6566
6564
6563
6563
6562
6561
6560
6559
6559
6558
6556
6554
6561
6554
6552
6555
6550
6548
6547
6547
6545
6544
6544
6556
6542
6542
6541
6541
6541
6540
6540
6538
6538
6537
6537
6536
6534
6581
6529
6529
6527
6526
6526
6526
6525
6525
6524
6522
6520
6519
6519
6516
6516
6514
6513
6513
6513
6511
6511
6511
6509
6508
6507
6507
6507
6505
6503
6502
6502
6501
6501
6499
6499
6504
6497
6497
6496
6496
6496
6508
6492
6491
6491
6489
6489
6489
6487
6487
6488
6484
6483
6483
6481
6480
6480
6479
6478
6477
6475
6475
6471
6471
6470
6467
6467
6466
6466
6466
6465
6464
6463
6463
6462
6458
6458
6455
6454
6454
6452
6452
6452
6452
6451
6448
6447
6445
6444
6444
6444
6443
6443
6442
6441
6441
6439
6436
6435
6435
6430
6428
6436
6427
6424
6424
6421
6420
6413
6412
6408
6408
6408
6407
6406
6402
6402
6401
6400
6399
6399
6399
6397
6397
6394
6391
6391
6390
6390
6389
6388
6386
6382
6381
6380
6380
6380
6379
6377
6312
6377
6375
6375
6374
6374
6372
6371
6369
6365
6364
6360
6359
6359
6354
6353
6351
6350
6349
6349
6349
6342
6341
6340
6339
6336
6335
6334
6333
6333
6332
6330
6329
6328
6327
6334
6326
6326
6324
6323
6321
6319
6316
6316
6313
6309
6309
6308
6304
6302
6302
6300
6298
6297
6297
6304
6295
6294
6293
6291
6289
6289
6287
6286
6281
6280
6278
6276
6275
6274
6273
6270
6270
6270
6270
6267
6266
6266
6266
6265
6264
6283
6262
6262
6261
6261
6259
6279
6258
6258
6254
6254
6252
6251
6248
6248
6247
6247
6246
6246
6246
6246
6245
6245
6245
6245
6244
6246
6243
6241
6237
6237
6235
6234
6234
6233
6233
6232
6231
6228
6228
6228
6226
6226
6225
6224
6224
6224
6223
6221
6238
6220
6220
6220
6217
6216
6214
6212
6210
6209
6208
6208
6204
6200
6200
6199
6198
6197
6197
6196
6194
6192
6191
6189
6189
6188
6188
6188
6186
6185
6184
6180
6180
6180
6179
6177
6177
6174
6173
6172
6171
6171
6168
6166
6165
6163
6163
6163
6180
6160
6160
6160
6159
6159
6158
6158
6154
6156
6148
6146
6145
6145
6142
6141
6141
6140
6139
6137
6135
6135
6135
6134
6134
6132
6132
6131
6131
6129
6128
6126
6124
6124
6124
6124
6123
6120
6119
6119
6118
6117
6116
6115
6115
6115
6115
6132
6113
6112
6111
6111
6108
6107
6107
6106
6105
6104
6103
6101
6101
6101
6099
6099
6098
6098
6095
6095
6094
6092
6091
6091
6089
6089
6089
6088
6087
6087
6086
6085
6084
6084
6083
6082
6087
6079
6078
6077
6076
6075
6074
6074
6074
6072
6072
6071
6071
6069
6065
6063
6063
6063
6062
6061
6060
6058
6057
6057
6057
6071
6056
6055
6053
6052
6048
6047
6046
6046
6045
6045
6045
6042
6042
6042
6041
6041
6039
6033
6033
6031
6031
6031
6030
6030
6029
6028
6028
6027
6026
6026
6026
6026
6025
6025
6023
6023
6023
6023
6023
6020
6020
6019
6019
6018
6018
6017
6016
6015
6014
6013
6012
6012
6011
6011
6011
6010
6008
6008
6007
6006
6006
6004
6003
6002
5997
5997
5996
5996
5996
5994
5994
5994
5993
5992
5992
5992
5992
5988
5993
5987
5989
5986
5986
5985
5985
5984
5983
5984
5975
5983
5982
5981
5980
5980
5980
5985
5980
5978
5976
5974
5974
5973
5972
5972
5971
5968
5967
5966
5966
5966
5965
5965
5964
5963
5963
5962
5958
5957
5955
5952
5951
5950
5948
5947
5947
5947
5946
5945
5944
5942
5942
5945
5942
5942
5942
5941
5938
5937
5937
5937
5937
5936
5936
5935
5934
5934
5933
5930
5929
5929
5952
5928
5926
5926
5926
5926
5925
5923
5923
5918
5918
5917
5917
5916
5915
5914
5913
5910
5910
5908
5907
5906
5903
5902
5902
5902
5900
5897
5899
5896
5895
5895
5894
5889
5888
5888
5884
5882
5882
5882
5881
5880
5880
5879
5877
5876
5876
5876
5876
5875
5874
5873
5873
5871
5883
5869
5869
5867
5862
5862
5859
5858
5858
5857
5856
5856
5856
5854
5854
5853
5853
5853
5852
5851
5851
5851
5849
5848
5848
5847
5847
5845
5844
5843
5843
5844
5840
5838
5838
5837
5837
5835
5833
5832
5831
5831
5831
5830
5829
5713
5828
5828
5827
5827
5826
5823
5823
5821
5820
5820
5819
5819
5819
5816
5815
5814
5813
5813
5812
5812
5812
5811
5811
5808
5808
5806
5806
5805
5803
5799
5802
5798
5796
5795
5794
5792
5791
5790
5789
5788
5788
5791
5787
5786
5785
5784
5784
5784
5783
5783
5782
5781
5781
5777
5777
5776
5776
5776
5774
5774
5772
5771
5771
5770
5769
5768
5764
5767
5762
5760
5759
5758
5758
5758
5757
5756
5756
5756
5755
5751
5751
5750
5748
5748
5747
5747
5745
5744
5744
5742
5740
5740
5740
5739
5738
5737
5737
5737
5736
5736
5736
5734
5733
5732
5732
5731
5729
5729
5729
5729
5728
5728
5726
5726
5724
5724
5722
5722
5718
5716
5716
5715
5714
5713
5712
5712
5711
5711
5710
5721
5708
5707
5707
5706
5706
5704
5704
5702
5702
5702
5703
5699
5698
5697
5697
5696
5696
5696
5695
5694
5694
5693
5693
5690
5690
5690
5690
5689
5689
5689
5689
5688
5687
5686
5684
5684
5683
5683
5682
5682
5681
5681
5681
5679
5679
5694
5676
5676
5676
5675
5675
5674
5674
5672
5672
5671
5670
5666
5680
5665
5665
5664
5664
5662
5662
5662
5655
5654
5654
5651
5649
5649
5646
5646
5645
5645
5645
5644
5641
5641
5640
5640
5640
5640
5639
5639
5637
5636
5636
5635
5634
5630
5629
5629
5628
5628
5628
5626
5625
5625
5624
5626
5623
5623
5622
5622
5622
5621
5616
5614
5614
5614
5613
5611
5611
5611
5610
5608
5607
5605
5605
5604
5603
5603
5603
5600
5599
5599
5596
5596
5595
5595
5594
5593
5593
5593
5591
5591
5590
5590
5589
5588
5588
5588
5586
5585
5583
5580
5579
5579
5577
5577
5577
5576
5576
5575
5575
5573
5573
5572
5572
5571
5571
5571
5570
5584
5569
5567
5566
5565
5565
5565
5564
5564
5564
5563
5563
5563
5563
5563
5562
5561
5560
5559
5559
5559
5559
5558
5558
5556
5556
5554
5553
5553
5552
5551
5550
5548
5548
5546
5546
5546
5544
5544
5543
5543
5547
5541
5540
5539
5539
5538
5536
5536
5533
5531
5530
5529
5529
5527
5526
5525
5524
5524
5522
5520
5519
5518
5518
5517
5517
5516
5515
5514
5514
5514
5514
5514
5511
5509
5507
5505
5505
5501
5501
5501
5501
5499
5499
5499
5498
5498
5497
5497
5496
5496
5494
5493
5493
5492
5490
5488
5487
5486
5485
5483
5479
5478
5477
5477
5476
5476
5475
5475
5475
5474
5474
5471
5470
5469
5467
5466
5466
5465
5465
5462
5460
5459
5457
5456
5456
5455
5455
5454
5454
5454
5452
5452
5452
5451
5450
5449
5447
5446
5445
5445
5444
5444
5444
5443
5443
5441
5441
5440
5440
5439
5438
5438
5435
5434
5433
5432
5431
5430
5430
5429
5428
5427
5424
5423
5441
5422
5421
5420
5419
5419
5418
5417
5416
5415
5414
5410
5404
5403
5403
5402
5401
5400
5400
5400
5399
5398
5398
5397
5396
5396
5395
5394
5391
5389
5388
5387
5387
5387
5386
5385
5384
5384
5383
5382
5382
5381
5395
5380
5380
5380
5379
5384
5376
5379
5374
5373
5373
5372
5369
5369
5369
5368
5366
5365
5363
5362
5361
5359
5359
5358
5357
5357
5357
5356
5356
5356
5356
5354
5354
5353
5353
5353
5353
5350
5350
5350
5348
5346
5346
5346
5345
5345
5344
5346
5342
5342
5342
5341
5341
5340
5340
5337
5336
5335
5334
5332
5332
5330
5329
5329
5335
5327
5324
5323
5323
5322
5321
5321
5320
5319
5319
5318
5316
5315
5315
5315
5314
5313
5311
5310
5310
5310
5310
5307
5307
5304
5304
5303
5303
5315
5302
5302
5302
5302
5302
5301
5301
5302
5300
5299
5298
5298
5297
5297
5297
5296
5295
5295
5295
5295
5294
5293
5293
5293
5292
5290
5290
5289
5288
5286
5285
5285
5285
5284
5282
5282
5282
5281
5280
5279
5277
5276
5276
5276
5275
5275
5275
5273
5273
5272
5271
5271
5270
5269
5268
5267
5267
5266
5266
5266
5264
5264
5261
5260
5260
5258
5258
5257
5257
5256
5255
5254
5253
5252
5252
5250
5249
5249
5248
5248
5247
5246
5246
5245
5244
5244
5243
5242
5238
5236
5236
5235
5235
5235
5235
5234
5234
5234
5233
5233
5232
5231
5228
5239
5226
5226
5226
5225
5224
5223
5223
5222
5232
5220
5220
5219
5218
5218
5232
5217
5215
5214
5212
5211
5210
5209
5208
5205
5204
5204
5203
5203
5216
5202
5200
5199
5199
5198
5197
5196
5195
5194
5193
5192
5192
5192
5191
5190
5189
5188
5188
5187
5186
5185
5183
5183
5180
5180
5180
5180
5178
5177
5177
5176
5175
5175
5175
5174
5173
5171
5171
5171
5170
5170
5170
5168
5168
5163
5161
5160
5160
5159
5174
5159
5159
5158
5158
5156
5155
5155
5155
5154
5151
5150
5149
5148
5147
5147
5146
5145
5145
5144
5143
5143
5141
5140
5140
5139
5139
5139
5138
5138
5137
5136
5135
5135
5134
5134
5134
5134
5145
5134
5133
5132
5132
5131
5130
5128
5127
5126
5126
5126
5125
5125
5125
5124
5122
5121
5121
5121
5121
5119
5122
5118
5117
5116
5115
5115
5115
5114
5112
5112
5112
5109
5109
5108
5108
5108
5106
5105
5105
5103
5102
5102
5102
5101
5099
5099
5099
5098
5097
5096
5096
5096
5095
5095
5094
5091
5091
5090
5090
5089
5088
5084
5083
5083
5083
5083
5082
5082
5082
5082
5081
5081
5080
5079
5079
5078
5081
5077
5073
5072
5071
5070
5069
5069
5069
5068
5067
5074
5060
5059
5058
5057
5057
5057
5057
5056
5055
5055
5054
5053
5071
5051
5049
5049
5048
5047
5047
5046
5046
5045
5045
5045
5070
5044
5044
5044
5043
5043
5042
5042
5039
5039
5038
5038
5036
5036
5034
5032
5037
5032
5028
5038
5027
5027
5027
5026
5026
5025
5023
5022
5040
5022
5021
5021
5021
5018
5017
5015
5015
5013
5012
5012
5011
5011
5011
5011
5011
5011
5010
5024
5009
5008
5006
5006
5005
5005
5004
5004
5002
5001
5001
4999
4996
4995
4995
4994
4994
4994
4993
4992
4992
4991
4991
4990
4989
4988
4988
4988
4988
4987
4987
4987
4986
4984
4984
4984
4984
4984
4984
4983
4983
4982
4982
4981
4980
4980
4979
4978
4978
4977
4977
4976
4976
4975
4975
4974
4974
4973
4973
4972
4972
4971
4970
4970
4969
4980
4965
4964
4964
4959
4959
4958
4958
4958
4955
4954
4953
4953
4953
4953
4952
4955
4951
4950
4949
4949
4949
4947
4947
4947
4946
4946
4944
4943
4942
4942
4940
4940
4939
4938
4937
4936
4936
4934
4934
4933
4933
4932
4931
4930
4948
4930
4928
4925
4925
4934
4923
4921
4921
4921
4920
4920
4919
4918
4918
4917
4915
4915
4914
4914
4913
4909
4908
4908
4908
4907
4907
4906
4906
4903
4902
4899
4899
4898
4898
4898
4897
4897
4897
4895
4894
4893
4893
4892
4891
4890
4889
4889
4888
4887
4887
4887
4886
4886
4886
4885
4884
4882
4881
4881
4881
4880
4880
4879
4879
4878
4878
4877
4877
4876
4876
4876
4876
4875
4874
4874
4874
4871
4870
4869
4868
4867
4867
4867
4866
4866
4866
4865
4875
4863
4865
4863
4863
4861
4861
4860
4860
4860
4859
4859
4856
4856
4854
4854
4853
4851
4850
4848
4848
4847
4847
4846
4845
4845
4844
4844
4843
4851
4843
4843
4843
4863
4840
4839
4839
4838
4837
4836
4836
4836
4836
4835
4835
4834
4834
4834
4833
4832
4832
4832
4832
4831
4829
4829
4828
4828
4828
4827
4826
4824
4823
4821
4820
4820
4819
4818
4818
4818
4818
4816
4816
4839
4814
4810
4810
4809
4809
4809
4809
4809
4809
4808
4807
4807
4807
4806
4806
4805
4805
4805
4804
4804
4803
4803
4802
4801
4804
4797
4796
4815
4795
4795
4794
4793
4792
4792
4790
4788
4787
4786
4786
4786
4785
4783
4783
4782
4781
4780
4780
4779
4779
4778
4777
4776
4776
4774
4773
4773
4773
4773
4772
4772
4771
4771
4770
4770
4769
4769
4769
4767
4766
4766
4765
4764
4764
4764
4764
4764
4762
4762
4762
4761
4760
4760
4760
4760
4759
4759
4759
4759
4758
4757
4757
4756
4756
4756
4755
4755
4755
4754
4754
4753
4753
4752
4752
4752
4752
4751
4751
4749
4749
4749
4749
4748
4748
4747
4747
4746
4745
4745
4762
4744
4743
4742
4741
4740
4740
4740
4739
4739
4738
4737
4737
4737
4735
4735
4733
4732
4732
4732
4734
4730
4730
4730
4751
4727
4726
4725
4725
4725
4724
4724
4723
4722
4722
4722
4722
4719
4719
4718
4718
4718
4715
4714
4714
4713
4712
4712
4711
4710
4710
4710
4710
4710
4709
4709
4709
4708
4707
4707
4705
4704
4704
4701
4701
4700
4700
4699
4699
4697
4697
4697
4696
4696
4694
4694
4694
4692
4692
4691
4690
4690
4690
4689
4689
4689
4689
4688
4688
4688
4687
4687
4686
4683
4683
4683
4683
4683
4680
4680
4680
4679
4679
4678
4677
4677
4675
4675
4675
4674
4673
4672
4671
4671
4670
4670
4670
4669
4669
4668
4668
4666
4666
4665
4664
4663
4662
4662
4662
4661
4660
4659
4659
4659
4659
4658
4658
4656
4656
4656
4656
4655
4654
4654
4653
4652
4650
4649
4648
4648
4648
4647
4647
4645
4645
4643
4643
4642
4642
4642
4640
4639
4639
4638
4638
4638
4637
4637
4637
4636
4635
4635
4634
4634
4634
4633
4632
4632
4630
4628
4628
4628
4627
4627
4626
4625
4625
4625
4624
4636
4621
4620
4619
4619
4619
4618
4618
4616
4616
4613
4613
4611
4609
4608
4608
4608
4608
4607
4607
4606
4605
4604
4604
4604
4614
4603
4602
4602
4617
4601
4600
4600
4600
4600
4599
4599
4598
4598
4598
4597
4595
4595
4595
4594
4594
4594
4592
4591
4591
4591
4590
4597
4588
4588
4587
4587
4587
4586
4586
4585
4585
4585
4584
4584
4584
4583
4583
4582
4582
4581
4581
4579
4579
4578
4578
4592
4577
4575
4575
4575
4584
4579
4574
4573
4573
4573
4573
4572
4572
4570
4569
4569
4568
4567
4565
4564
4564
4564
4563
4562
4561
4561
4560
4559
4559
4558
4558
4558
4557
4556
4555
4555
4554
4554
4553
4553
4553
4551
4551
4550
4550
4549
4548
4548
4548
4547
4547
4546
4546
4542
4542
4540
4540
4540
4540
4539
4538
4538
4537
4537
4537
4537
4536
4536
4536
4536
4535
4534
4534
4534
4533
4532
4531
4531
4530
4530
4530
4535
4528
4527
4527
4527
4527
4540
4526
4526
4523
4523
4521
4520
4520
4520
4520
4519
4519
4519
4518
4517
4517
4517
4517
4516
4514
4514
4514
4513
4513
4513
4513
4512
4556
4510
4510
4509
4509
4507
4507
4507
4506
4506
4504
4502
4504
4500
4499
4498
4498
4497
4495
4495
4494
4493
4492
4492
4491
4491
4490
4490
4489
4489
4489
4488
4488
4488
4488
4487
4487
4487
4484
4484
4483
4482
4482
4482
4482
4482
4481
4480
4480
4478
4477
4477
4476
4476
4476
4476
4476
4475
4474
4473
4472
4472
4472
4472
4471
4471
4471
4470
4470
4469
4469
4468
4481
4467
4467
4488
4466
4466
4465
4464
4464
4464
4464
4463
4463
4463
4463
4462
4461
4460
4460
4459
4459
4459
4459
4457
4456
4456
4456
4455
4454
4454
4454
4454
4454
4453
4453
4461
4452
4452
4452
4452
4451
4451
4450
4448
4447
4446
4446
4445
4446
4445
4445
4444
4444
4444
4443
4446
4441
4441
4438
4438
4437
4436
4436
4435
4434
4433
4433
4433
4431
4430
4430
4429
4429
4428
4455
4427
4427
4427
4426
4426
4426
4425
4425
4425
4423
4423
4423
4422
4422
4422
4421
4421
4419
4419
4441
4418
4417
4417
4416
4415
4415
4413
4416
4412
4412
4412
4411
4410
4410
4410
4409
4409
4408
4407
4406
4405
4405
4405
4405
4405
4405
4404
4404
4404
4403
4403
4403
4403
4402
4402
4400
4409
4398
4398
4397
4408
4396
4395
4394
4393
4392
4391
4391
4388
4388
4385
4385
4392
4384
4384
4382
4382
4381
4381
4380
4380
4379
4379
4378
4378
4378
4377
4377
4375
4375
4375
4375
4374
4373
4373
4372
4371
4371
4370
4370
4370
4389
4368
4368
4366
4365
4365
4365
4364
4364
4364
4364
4374
4362
4362
4361
4361
4360
4360
4358
4356
4356
4354
4354
4353
4352
4352
4352
4351
4351
4351
4350
4353
4350
4349
4348
4348
4347
4347
4345
4343
4343
4342
4342
4342
4341
4341
4340
4339
4339
4339
4338
4338
4338
4337
4337
4337
4336
4336
4335
4334
4332
4332
4331
4331
4355
4330
4329
4329
4329
4328
4328
4327
4327
4327
4326
4326
4325
4325
4323
4338
4321
4321
4320
4320
4320
4318
4317
4317
4315
4315
4330
4315
4314
4313
4313
4313
4312
4311
4310
4310
4309
4309
4308
4308
4306
4306
4308
4305
4305
4305
4305
4304
4304
4302
4302
4301
4301
4301
4300
4300
4299
4299
4299
4299
4299
4298
4297
4296
4296
4295
4294
4294
4293
4293
4293
4292
4292
4292
4291
4291
4291
4290
4290
4290
4289
4289
4288
4288
4311
4285
4284
4293
4284
4284
4283
4283
4283
4283
4282
4282
4282
4281
4280
4280
4279
4278
4278
4277
4277
4277
4276
4276
4274
4274
4274
4273
4273
4273
4272
4272
4271
4271
4270
4270
4270
4267
4266
4266
4265
4265
4263
4263
4262
4262
4261
4268
4260
4258
4257
4256
4256
4255
4254
4251
4251
4251
4250
4250
4250
4249
4249
4248
4248
4247
4246
4246
4246
4245
4243
4243
4242
4242
4241
4241
4240
4240
4239
4239
4239
4237
4236
4236
4236
4236
4235
4234
4234
4234
4234
4233
4232
4232
4231
4230
4228
4227
4226
4226
4226
4225
4224
4224
4223
4223
4223
4223
4222
4222
4238
4221
4221
4220
4220
4219
4219
4218
4217
4217
4216
4215
4214
4214
4212
4212
4211
4210
4210
4209
4209
4209
4209
4208
4207
4206
4206
4206
4205
4205
4204
4204
4202
4202
4202
4201
4201
4201
4200
4200
4200
4199
4199
4199
4198
4198
4196
4195
4195
4195
4194
4192
4192
4192
4191
4191
4191
4191
4190
4188
4188
4188
4188
4188
4187
4187
4186
4186
4184
4183
4183
4182
4182
4181
4181
4181
4180
4180
4180
4179
4179
4187
4178
4176
4176
4176
4175
4174
4173
4171
4186
4170
4170
4170
4170
4169
4168
4168
4167
4167
4167
4166
4166
4166
4165
4165
4164
4164
4164
4164
4164
4163
4162
4162
4161
4164
4161
4160
4160
4160
4159
4159
4159
4157
4157
4157
4157
4157
4157
4156
4156
4156
4156
4155
4155
4154
4154
4154
4154
4153
4153
4152
4152
4152
4152
4151
4150
4150
4149
4149
4149
4148
4148
4148
4147
4147
4145
4145
4143
4143
4142
4142
4142
4141
4141
4140
4139
4139
4138
4138
4138
4136
4135
4135
4134
4133
4132
4132
4132
4131
4131
4130
4130
4130
4130
4129
4128
4128
4128
4128
4127
4127
4127
4126
4125
4128
4124
4124
4124
4123
4122
4122
4122
4122
4121
4121
4121
4120
4120
4127
4132
4118
4118
4134
4118
4118
4117
4117
4116
4116
4116
4116
4115
4128
4114
4114
4114
4114
4113
4113
4113
4111
4111
4111
4111
4111
4110
4110
4110
4109
4109
4109
4109
4109
4108
4108
4108
4106
4105
4104
4104
4103
4102
4102
4101
4101
4101
4101
4099
4099
4099
4099
4099
4097
4097
4097
4097
4096
4096
4101
4098
4094
4094
4093
4093
4093
4092
4092
4092
4092
4091
4091
4091
4090
4089
4089
4088
4088
4088
4088
4087
4087
4087
4086
4086
4085
4085
4084
4084
4084
4084
4083
4082
4082
4081
4080
4079
4082
4077
4077
4077
4077
4091
4076
4075
4075
4075
4074
4074
4074
4073
4073
4073
4073
4073
4072
4072
4071
4071
4071
4070
4070
4069
4090
4068
4081
4067
4067
4066
4065
4065
4065
4065
4064
4064
4064
4063
4063
4061
4061
4061
4060
4060
4059
4059
4059
4058
4057
4057
4056
4056
4055
4055
4054
4054
4054
4053
4053
4053
4052
4052
4055
4052
4051
4050
4050
4049
4049
4048
4048
4048
4046
4045
4045
4044
4044
4043
4043
4043
4041
4041
4041
4041
4040
4040
4039
4039
4039
4039
4039
4037
4037
4036
4034
4034
4034
4034
4033
4033
4031
4031
4030
4027
4026
4026
4025
4025
4024
4022
4022
4022
4021
4021
4020
4020
4020
4020
4019
4019
4018
4018
4018
4017
4017
4015
4015
4015
4015
4013
4013
4013
4012
4012
4012
4011
4011
4011
4011
4011
4011
4011
4011
4019
4009
4009
4009
4008
4008
4008
4008
4008
4007
4007
4007
4006
4005
4004
4004
4004
4004
4003
4002
4002
4001
4001
4001
4001
4000
4000
4000
3999
3998
3998
3998
3997
3997
3997
3997
3996
3995
3994
3994
3994
3994
3994
3993
3993
3991
3990
3990
3990
3990
3990
3989
3989
3989
3989
3988
3987
3987
3985
3984
3983
3983
3982
3982
3982
3981
3981
3981
3980
3980
3980
3979
3979
3979
3979
3978
3978
3978
3976
3976
3976
3975
3975
3974
3973
3973
3973
3973
3970
3970
3969
3969
3969
3969
3968
3968
3968
3967
3967
3967
3967
3966
3965
3965
3964
3964
3964
3964
3963
3961
3961
3960
3960
3960
3960
3959
3959
3959
3958
3958
3957
3956
3955
3954
3954
3954
3953
3953
3953
3953
3952
3952
3951
3951
3951
3951
3951
3950
3948
3948
3948
3947
3947
3946
3946
3944
3944
3943
3943
3945
3941
3940
3940
3940
3939
3939
3937
3937
3937
3937
3936
3937
3935
3934
3934
3934
3933
3933
3933
3933
3933
3932
3932
3932
3931
3931
3930
3930
3930
3945
3930
3930
3930
3927
3927
3927
3927
3926
3926
3925
3924
3924
3923
3923
3922
3922
3922
3922
3922
3921
3921
3921
3921
3921
3921
3921
3920
3920
3920
3920
3920
3920
3920
3920
3919
3919
3919
3939
3918
3918
3918
3918
3917
3917
3917
3916
3916
3916
3915
3915
3915
3915
3915
3914
3914
3914
3913
3913
3912
3911
3911
3910
3910
3910
3908
3908
3907
3906
3906
3905
3905
3905
3904
3903
3903
3902
3901
3900
3900
3900
3900
3899
3899
3899
3898
3898
3898
3903
3896
3896
3895
3895
3895
3895
3894
3893
3893
3893
3891
3890
3890
3889
3895
3888
3888
3888
3888
3888
3887
3887
3886
3886
3886
3886
3885
3885
3884
3884
3884
3883
3883
3883
3883
3883
3883
3882
3882
3882
3881
3881
3881
3881
3881
3880
3916
3879
3879
3879
3879
3878
3878
3878
3893
3877
3877
3877
3876
3879
3875
3875
3874
3873
3873
3872
3871
3871
3870
3870
3870
3870
3870
3870
3869
3869
3868
3868
3868
3867
3867
3866
3866
3866
3883
3865
3865
3864
3864
3864
3864
3863
3863
3862
3862
3862
3862
3862
3861
3861
3861
3860
3860
3860
3860
3860
3859
3859
3859
3858
3858
3858
3858
3858
3858
3858
3857
3856
3856
3856
3855
3854
3862
3853
3851
3850
3849
3849
3849
3849
3849
3848
3848
3847
3846
3846
3845
3845
3845
3844
3844
3844
3843
3843
3842
3842
3842
3842
3842
3841
3841
3840
3840
3840
3839
3838
3838
3838
3837
3837
3837
3837
3837
3836
3836
3836
3836
3836
3834
3834
3834
3833
3832
3832
3831
3831
3831
3830
3829
3829
3829
3828
3828
3827
3827
3825
3825
3825
3824
3824
3822
3822
3821
3820
3820
3820
3820
3819
3819
3819
3818
3818
3817
3817
3817
3817
3816
3816
3816
3834
3816
3816
3815
3814
3814
3814
3812
3812
3811
3810
3810
3810
3810
3809
3809
3808
3808
3808
3808
3808
3807
3826
3806
3806
3805
3804
3804
3804
3803
3803
3803
3802
3801
3801
3801
3800
3800
3800
3799
3797
3796
3796
3795
3795
3794
3794
3793
3793
3793
3792
3792
3792
3792
3791
3790
3790
3790
3790
3789
3789
3788
3788
3788
3788
3788
3787
3787
3763
3787
3786
3786
3785
3784
3783
3783
3783
3783
3782
3804
3782
3782
3781
3781
3781
3780
3780
3780
3780
3780
3779
3778
3778
3778
3777
3777
3777
3776
3776
3775
3775
3774
3774
3774
3773
3773
3773
3773
3772
3772
3772
3771
3771
3771
3770
3769
3768
3768
3768
3768
3768
3768
3767
3766
3766
3766
3766
3766
3766
3765
3765
3765
3764
3763
3763
3762
3761
3761
3760
3760
3760
3760
3760
3759
3759
3759
3758
3770
3757
3757
3757
3757
3757
3756
3756
3755
3755
3754
3753
3753
3753
3752
3751
3751
3750
3750
3750
3750
3750
3749
3748
3747
3747
3746
3746
3746
3746
3746
3746
3745
3745
3745
3745
3745
3745
3744
3744
3743
3743
3743
3742
3742
3742
3742
3742
3741
3741
3740
3740
3739
3739
3738
3738
3738
3738
3738
3737
3737
3737
3736
3735
3735
3735
3734
3734
3734
3734
3733
3733
3733
3733
3749
3733
3732
3732
3731
3731
3730
3730
3730
3729
3729
3731
3728
3728
3727
3727
3727
3726
3726
3725
3725
3723
3723
3722
3722
3721
3719
3719
3740
3718
3718
3717
3717
3717
3724
3717
3717
3758
3716
3716
3715
3715
3715
3715
3715
3714
3714
3714
3714
3714
3714
3713
3713
3712
3712
3712
3712
3712
3712
3712
3711
3710
3710
3709
3708
3708
3708
3707
3707
3707
3707
3706
3706
3705
3704
3704
3703
3703
3703
3701
3701
3701
3701
3700
3700
3699
3699
3698
3698
3698
3698
3697
3697
3697
3696
3696
3695
3695
3695
3694
3694
3693
3693
3692
3692
3690
3690
3690
3690
3688
3687
3687
3687
3687
3686
3685
3704
3685
3685
3685
3684
3684
3683
3683
3683
3682
3681
3681
3681
3681
3680
3680
3680
3679
3679
3678
3678
3678
3678
3678
3678
3677
3677
3676
3676
3675
3674
3673
3673
3673
3673
3673
3672
3672
3671
3670
3670
3669
3669
3668
3668
3668
3668
3668
3667
3667
3667
3667
3667
3667
3666
3666
3664
3679
3664
3663
3663
3663
3663
3662
3662
3662
3662
3662
3661
3661
3660
3660
3660
3659
3659
3658
3658
3658
3657
3656
3656
3656
3656
3656
3656
3655
3655
3655
3654
3654
3653
3652
3652
3652
3651
3651
3651
3650
3649
3649
3648
3648
3648
3648
3648
3647
3647
3646
3645
3645
3645
3645
3645
3645
3644
3644
3643
3643
3642
3642
3642
3641
3641
3641
3640
3640
3640
3639
3638
3637
3637
3637
3637
3637
3636
3635
3635
3635
3634
3634
3634
3634
3633
3632
3632
3632
3632
3631
3631
3631
3631
3630
3630
3629
3629
3628
3628
3628
3627
3627
3626
3626
3626
3626
3626
3626
3624
3623
3623
3622
3622
3621
3621
3621
3620
3620
3619
3618
3618
3618
3618
3618
3617
3617
3617
3616
3615
3615
3614
3614
3613
3613
3612
3612
3611
3610
3609
3609
3609
3609
3608
3608
3608
3608
3607
3606
3606
3606
3615
3605
3605
3605
3605
3605
3604
3603
3602
3602
3602
3602
3602
3602
3600
3606
3599
3599
3598
3598
3597
3596
3596
3596
3596
3596
3595
3594
3594
3594
3594
3594
3593
3593
3593
3593
3593
3592
3592
3591
3591
3591
3591
3590
3590
3589
3589
3589
3586
3586
3586
3586
3592
3586
3586
3585
3584
3583
3583
3582
3582
3582
3582
3581
3580
3579
3579
3578
3578
3578
3585
3577
3576
3575
3575
3575
3575
3587
3574
3574
3574
3573
3573
3572
3572
3572
3571
3571
3571
3570
3570
3568
3568
3568
3568
3567
3566
3565
3565
3565
3565
3565
3564
3564
3564
3563
3563
3563
3563
3563
3562
3562
3562
3562
3562
3560
3560
3560
3560
3576
3572
3559
3561
3557
3557
3558
3556
3556
3555
3555
3555
3554
3554
3553
3552
3552
3551
3550
3549
3549
3549
3549
3549
3549
3555
3548
3576
3547
3547
3547
3546
3544
3544
3544
3543
3542
3542
3542
3542
3541
3540
3540
3539
3538
3556
3537
3537
3536
3536
3536
3535
3534
3534
3534
3533
3533
3533
3533
3533
3532
3532
3532
3531
3548
3531
3531
3531
3531
3530
3530
3530
3530
3530
3529
3529
3528
3528
3527
3526
3526
3526
3525
3524
3524
3521
3521
3521
3521
3520
3520
3519
3519
3519
3518
3518
3518
3529
3523
3516
3516
3515
3515
3515
3515
3514
3514
3512
3512
3512
3512
3512
3511
3511
3510
3510
3510
3510
3509
3509
3509
3509
3508
3508
3507
3507
3507
3507
3506
3506
3506
3506
3505
3505
3505
3505
3504
3504
3503
3503
3503
3502
3502
3502
3502
3502
3502
3501
3501
3500
3515
3500
3499
3499
3499
3498
3497
3497
3497
3496
3496
3496
3496
3495
3495
3495
3502
3494
3494
3493
3493
3493
3492
3491
3491
3491
3491
3491
3490
3490
3490
3490
3489
3489
3488
3488
3488
3486
3486
3507
3486
3486
3485
3487
3485
3485
3485
3485
3484
3483
3483
3483
3481
3480
3480
3480
3480
3478
3478
3478
3478
3477
3367
3477
3477
3477
3477
3476
3476
3476
3476
3476
3475
3475
3475
3475
3475
3475
3475
3475
3483
3474
3473
3473
3472
3470
3470
3470
3470
3470
3470
3469
3469
3469
3468
3468
3468
3468
3468
3467
3467
3467
3467
3467
3466
3465
3465
3464
3464
3468
3464
3463
3463
3462
3462
3466
3462
3462
3462
3462
3464
3461
3461
3460
3459
3459
3459
3459
3459
3459
3458
3458
3458
3458
3458
3455
3455
3454
3454
3453
3453
3452
3452
3451
3451
3451
3451
3451
3450
3450
3450
3450
3450
3449
3449
3448
3448
3448
3448
3448
3448
3448
3448
3448
3447
3447
3447
3447
3446
3445
3444
3464
3444
3444
3444
3443
3443
3442
3442
3442
3441
3441
3441
3441
3441
3441
3441
3440
3439
3439
3438
3438
3438
3438
3438
3438
3438
3438
3437
3437
3437
3437
3437
3437
3436
3436
3436
3436
3436
3435
3435
3435
3435
3435
3433
3433
3432
3431
3431
3430
3430
3430
3430
3429
3429
3429
3428
3427
3427
3427
3426
3426
3426
3426
3425
3424
3424
3424
3424
3424
3424
3423
3423
3423
3423
3423
3422
3422
3422
3421
3421
3421
3421
3421
3420
3420
3420
3420
3420
3419
3431
3419
3419
3419
3419
3419
3418
3418
3418
3418
3418
3416
3416
3416
3416
3415
3415
3415
3415
3415
3414
3419
3414
3413
3413
3413
3412
3412
3412
3412
3412
3412
3411
3411
3411
3410
3410
3410
3409
3409
3408
3408
3422
3408
3408
3408
3407
3407
3407
3406
3406
3406
3405
3405
3405
3405
3405
3405
3405
3404
3404
3404
3404
3404
3403
3403
3403
3403
3403
3402
3402
3402
3406
3401
3401
3401
3401
3400
3400
3400
3400
3400
3399
3399
3398
3398
3398
3398
3397
3397
3397
3396
3396
3396
3396
3395
3395
3395
3395
3395
3395
3395
3394
3394
3394
3393
3393
3393
3392
3392
3392
3415
3392
3391
3391
3391
3391
3390
3390
3389
3389
3388
3388
3387
3387
3387
3387
3387
3387
3387
3386
3386
3386
3386
3386
3385
3385
3385
3385
3383
3383
3382
3382
3382
3382
3382
3382
3381
3381
3380
3380
3379
3379
3379
3379
3378
3378
3378
3378
3377
3377
3376
3375
3374
3373
3373
3373
3373
3373
3372
3372
3372
3371
3371
3371
3370
3370
3369
3369
3368
3368
3367
3372
3367
3367
3367
3367
3367
3366
3366
3365
3365
3369
3365
3364
3364
3363
3363
3362
3362
3361
3361
3361
3361
3360
3360
3360
3360
3359
3359
3358
3358
3358
3358
3357
3357
3357
3356
3355
3355
3355
3354
3354
3354
3354
3353
3353
3370
3352
3352
3351
3351
3351
3351
3351
3351
3351
3351
3351
3350
3349
3349
3349
3349
3348
3347
3347
3347
3347
3346
3346
3346
3346
3345
3344
3344
3343
3343
3342
3342
3341
3340
3340
3340
3340
3340
3340
3339
3338
3337
3337
3336
3336
3336
3336
3336
3335
3335
3334
3334
3333
3333
3333
3333
3332
3331
3330
3330
3329
3329
3329
3328
3327
3326
3326
3334
3326
3326
3326
3326
3326
3325
3325
3325
3325
3324
3324
3324
3324
3324
3324
3323
3323
3323
3323
3323
3323
3321
3321
3323
3321
3320
3320
3320
3319
3319
3319
3319
3319
3319
3318
3318
3317
3317
3317
3316
3316
3316
3315
3315
3315
3315
3315
3314
3313
3313
3313
3312
3312
3312
3312
3312
3311
3311
3311
3311
3311
3311
3310
3310
3310
3309
3308
3308
3308
3308
3317
3307
3311
3306
3306
3305
3305
3305
3305
3305
3304
3304
3304
3304
3304
3304
3315
3303
3303
3302
3302
3302
3301
3301
3300
3300
3315
3300
3299
3299
3299
3298
3297
3297
3297
3296
3296
3296
3296
3296
3295
3295
3295
3295
3294
3294
3294
3306
3294
3294
3294
3294
3294
3294
3293
3293
3292
3292
3292
3292
3292
3291
3291
3290
3290
3290
3289
3289
3288
3288
3288
3287
3287
3286
3286
3285
3285
3285
3285
3285
3283
3283
3283
3283
3282
3281
3281
3281
3281
3281
3279
3279
3279
3279
3279
3279
3278
3278
3278
3278
3278
3278
3278
3277
3277
3277
3276
3276
3276
3276
3276
3276
3276
3275
3275
3278
3275
3275
3275
3275
3275
3274
3285
3273
3273
3273
3272
3272
3272
3272
3272
3235
3272
3271
3271
3270
3270
3270
3270
3270
3270
3269
3269
3269
3269
3269
3268
3268
3266
3265
3265
3264
3264
3264
3264
3264
3263
3270
3263
3263
3262
3262
3262
3262
3261
3261
3261
3260
3260
3260
3260
3260
3260
3260
3260
3259
3267
3259
3259
3259
3258
3258
3258
3258
3257
3257
3257
3257
3257
3257
3256
3256
3256
3255
3255
3255
3254
3254
3254
3253
3252
3252
3266
3252
3252
3251
3251
3250
3250
3249
3249
3249
3249
3248
3248
3247
3247
3247
3246
3247
3245
3245
3244
3244
3244
3243
3243
3243
3242
3242
3242
3242
3242
3242
3242
3241
3241
3241
3240
3240
3240
3240
3240
3239
3248
3239
3239
3239
3239
3238
3238
3251
3238
3238
3238
3238
3238
3238
3237
3237
3237
3236
3236
3236
3235
3235
3235
3235
3234
3234
3234
3234
3234
3252
3233
3233
3233
3233
3233
3232
3232
3231
3231
3231
3230
3230
3230
3230
3230
3230
3229
3229
3229
3229
3228
3227
3227
3227
3227
3226
3227
3225
3225
3225
3225
3225
3224
3224
3224
3228
3224
3223
3223
3223
3223
3223
3222
3222
3222
3222
3221
3221
3221
3221
3220
3220
3220
3219
3218
3218
3233
3217
3216
3216
3216
3216
3215
3215
3214
3214
3214
3214
3213
3213
3213
3212
3211
3211
3211
3211
3211
3211
3211
3211
3210
3210
3210
3210
3211
3209
3209
3209
3211
3208
3208
3208
3208
3208
3208
3208
3207
3207
3207
3207
3207
3206
3205
3205
3205
3205
3205
3205
3204
3204
3204
3204
3203
3203
3203
3221
3202
3201
3201
3201
3209
3200
3200
3200
3200
3200
3199
3199
3198
3198
3198
3198
3198
3197
3197
3197
3196
3196
3195
3195
3195
3194
3193
3193
3193
3192
3192
3192
3192
3192
3191
3191
3191
3191
3190
3190
3190
3190
3190
3190
3189
3189
3189
3188
3188
3188
3188
3188
3188
3187
3187
3187
3187
3186
3186
3186
3185
3185
3185
3185
3184
3184
3183
3183
3183
3182
3182
3182
3182
3182
3181
3181
3181
3180
3180
3185
3178
3178
3178
3177
3176
3176
3176
3176
3175
3175
3175
3174
3174
3174
3174
3174
3174
3173
3172
3196
3171
3171
3171
3170
3170
3170
3170
3170
3170
3169
3169
3169
3169
3169
3169
3168
3168
3168
3168
3168
3168
3167
3167
3167
3166
3166
3166
3164
3164
3164
3164
3164
3163
3163
3163
3163
3163
3162
3162
3162
3162
3162
3161
3161
3161
3160
3159
3159
3159
3159
3158
3158
3168
3177
3157
3157
3156
3156
3156
3156
3155
3155
3155
3155
3155
3154
3154
3153
3153
3153
3153
3153
3153
3152
3152
3151
3151
3151
3151
3151
3150
3150
3149
3149
3149
3149
3148
3148
3148
3148
3148
3148
3147
3147
3147
3146
3146
3146
3146
3145
3145
3145
3145
3145
3145
3145
3145
3144
3144
3144
3144
3143
3143
3143
3143
3143
3143
3143
3142
3142
3163
3140
3140
3140
3140
3140
3140
3139
3139
3138
3138
3138
3137
3144
3136
3136
3136
3136
3135
3135
3135
3135
3135
3134
3134
3133
3133
3133
3133
3133
3132
3132
3132
3131
3131
3131
3131
3130
3146
3130
3130
3130
3130
3129
3129
3129
3154
3129
3149
3127
3127
3127
3147
3127
3127
3126
3126
3126
3126
3126
3125
3125
3125
3125
3125
3124
3124
3123
3123
3123
3123
3122
3122
3122
3122
3122
3121
3121
3121
3121
3121
3121
3121
3120
3129
3120
3120
3120
3120
3120
3119
3119
3119
3119
3119
3118
3117
3117
3117
3116
3116
3116
3115
3115
3115
3115
3115
3115
3115
3114
3114
3114
3114
3114
3114
3114
3113
3112
3112
3112
3112
3112
3112
3111
3111
3111
3111
3111
3110
3110
3110
3110
3110
3110
3110
3109
3109
3109
3109
3109
3108
3108
3107
3107
3106
3106
3105
3105
3105
3105
3105
3104
3104
3104
3104
3104
3103
3102
3102
3101
3101
3101
3101
3100
3099
3099
3099
3099
3098
3098
3098
3098
3098
3097
3097
3097
3097
3101
3096
3096
3096
3096
3096
3095
3095
3095
3094
3094
3094
3112
3093
3093
3093
3093
3093
3093
3092
3092
3092
3092
3092
3091
3091
3091
3091
3091
3091
3090
3090
3090
3090
3090
3104
3090
3090
3090
3089
3089
3089
3089
3089
3089
3089
3088
3088
3088
3088
3087
3087
3087
3087
3087
3086
3086
3086
3085
3085
3085
3085
3084
3084
3084
3084
3084
3083
3083
3083
3082
3082
3082
3082
3082
3081
3081
3080
3080
3080
3080
3080
3080
3080
3079
3079
3078
3078
3077
3077
3077
3077
3076
3093
3076
3076
3075
3075
3075
3074
3074
3073
3073
3073
3073
3072
3090
3072
3072
3072
3072
3072
3072
3072
3072
3072
3072
3071
3071
3071
3071
3071
3071
3070
3070
3070
3070
3069
3069
3068
3068
3067
3067
3067
3067
3067
3066
3066
3065
3065
3065
3065
3064
3065
3064
3063
3062
3062
3062
3062
3061
3061
3061
3060
3060
3060
3060
3059
3059
3064
3058
3058
3058
3058
3058
3057
3057
3057
3057
3057
3057
3056
3056
3056
3056
3056
3055
3054
3054
3054
3054
3072
3053
3052
3052
3052
3052
3052
3054
3051
3051
3051
3051
3050
3050
3049
3048
3048
3048
3048
3047
3047
3047
3047
3047
3047
3046
3047
3046
3045
3045
3045
3045
3044
3044
3044
3044
3044
3044
3043
3043
3061
3043
3043
3043
3058
3042
3042
3042
3042
3041
3041
3040
3040
3040
3040
3040
3040
3040
3040
3040
3040
3040
3039
3039
3038
3038
3038
3038
3043
3037
3036
3036
3035
3034
3034
3034
3067
3034
3033
3032
3032
3032
3032
3032
3032
3032
3031
3042
3031
3031
3031
3036
3031
3030
3030
3030
3029
3029
3029
3029
3029
3029
3029
3028
3028
3028
3028
3027
3027
3027
3027
3027
3026
3026
3026
3025
3025
3025
3025
3025
3025
3025
3024
3024
3033
3024
3024
3024
3023
3023
3023
3022
3022
3021
3021
3020
3020
3019
3019
3018
3018
3018
3018
3018
3017
3017
3017
3016
3016
3015
3015
3015
3015
3015
3015
3015
3014
3014
3014
3013
3013
3013
3013
3013
3012
3012
3012
3011
3011
3011
3011
3011
3011
3011
3011
3010
3010
3010
3010
3010
3010
3009
3009
3008
3008
3008
3009
3007
3006
3006
3006
3006
3006
3006
3006
3005
3005
3005
3005
3005
3004
3004
3004
3004
3004
3004
3003
3003
3003
3003
3003
3003
3002
3001
3001
3001
3001
3001
3000
3011
