667523
659968
571227
523858
501745
490784
460702
458609
453100
380307
328949
312549
312187
309200
302987
301467
297637
285967
278126
276174
266167
258550
258375
256043
249832
245374
241644
234045
233570
230930
229671
228934
223063
213295
210959
207528
205476
204103
203444
202902
200594
199933
196452
195338
195089
193563
192318
191949
190899
190252
186760
186007
183689
181855
181231
180472
179437
178616
177715
177558
174245
171660
170950
170378
170387
169534
168758
166678
166223
166149
165836
165587
164491
164319
163985
163729
162930
159785
157264
157259
157093
156789
155137
155069
154650
154106
153823
153586
152745
152334
150990
149792
149773
149512
149452
148893
148800
147616
145962
145062
143992
143885
143388
142620
141041
140192
140025
139894
139293
138817
138165
136549
135805
135035
134217
133990
133805
133704
133060
132652
131142
130538
130531
129339
128798
128429
128241
128018
127786
125865
125812
125660
122840
120585
118845
118682
118345
118325
117856
117542
117385
117383
117000
116456
116384
115914
115738
115576
115529
114853
114665
114635
114013
113362
113098
112585
111916
111875
111785
111623
111244
110894
110739
110535
110435
110200
110151
110090
109929
109734
109427
109336
108793
108603
108416
108369
108087
108054
107934
107565
107014
106856
106059
105888
105736
105412
104863
103991
103807
103498
103489
103136
102792
102703
100945
100893
100784
100585
99694
99649
99435
99292
99173
99003
98432
98183
98059
97947
97785
97623
97171
97082
96965
96381
95970
95856
95848
95633
95553
95229
95042
94648
94387
94061
94009
93355
93153
92628
91983
91754
91295
91262
91187
90985
90271
89973
89762
89760
89733
89688
89297
89163
89151
89146
88842
88834
88429
88376
88206
87965
87301
87248
87019
86984
86518
86313
86288
86145
85904
85762
85170
85159
84658
84552
84229
83446
83374
83018
82945
82940
82936
82673
82671
82271
82151
81732
81104
81008
80719
80586
80381
80203
79741
79667
79508
79340
79223
78951
77995
77976
77919
77606
77302
77301
77276
76847
76826
76817
76769
76457
76394
75994
75968
75802
75752
75499
75251
74793
74785
74659
74382
74039
73916
73882
73826
73765
73733
73606
73590
73310
73191
73086
73000
72995
72978
72858
72703
72699
72682
72430
72331
72306
72274
72203
71778
71642
71406
71140
70985
70667
70435
70014
69836
69663
69669
69590
69542
69362
69313
68982
68832
68679
68641
68246
68130
68100
68047
67823
67790
67788
67751
67710
67631
67587
67581
67465
67376
67369
66987
66962
66950
66809
66359
66314
66036
65859
65753
65579
64974
64937
64858
64705
64666
64644
64637
64584
63999
63719
63714
63667
63576
63535
63486
63407
63337
62910
62755
62652
62622
62550
62523
62493
62477
62415
62294
62243
62161
62157
62079
62059
61963
61914
61838
61825
61813
61766
61725
61475
61287
61193
61086
61071
61054
61014
61003
60476
60374
60362
60272
60037
59985
59970
59876
59850
59779
59428
59401
59350
59241
59184
59134
59116
58829
58781
58621
58529
58450
58317
58235
58229
58012
58007
57980
57903
57749
57680
57612
57521
57491
57407
57351
57204
57119
57132
56791
56691
56617
56395
56394
56207
56074
55720
55443
55415
55365
55285
55277
55271
55269
55209
55091
55069
55067
55060
54889
54880
54879
54815
54788
54644
54564
54437
54408
54332
54224
54214
54160
54113
54060
53980
53976
53964
53894
53864
53846
53830
53703
53604
53470
53250
53189
53163
53135
52957
52922
52837
52814
52759
52740
52732
52673
52661
52617
52443
52399
52354
52241
52185
52157
52151
52138
52130
52090
52067
52060
52035
51997
51984
51958
51930
51902
51865
51847
51787
51638
51610
51433
51394
51360
51046
50966
50907
50835
50798
50730
50645
50376
50270
50195
50191
50082
50063
50022
49998
49957
49890
49883
49816
49786
49731
49565
49382
49323
49312
49159
49078
48931
48930
48925
48922
48888
48864
48858
48818
48727
48556
48488
48430
48404
48383
48336
48325
48215
48172
47921
47920
47914
47878
47780
47753
47752
47710
47568
47559
47527
47399
47396
47286
47286
47105
47094
47056
46830
46794
46694
46641
46538
46481
46476
46424
46306
46263
46230
46223
46217
46193
46161
46110
45988
45974
45957
45916
45816
45742
45740
45576
45544
45345
45211
45207
45040
44926
44896
44875
44809
44756
44593
44581
44522
44520
44323
44320
44313
44211
44190
44155
44086
44059
44029
43906
43821
43809
43703
43697
43591
43547
43429
43339
43331
43310
43304
43281
43245
43155
43152
43094
43078
43038
43032
42952
42887
42859
42848
42845
42729
42677
42659
42597
42586
42593
42561
42454
42433
42369
42364
42288
42276
42263
42179
42110
42089
41900
41798
41750
41590
41560
41523
41466
41430
41379
41231
41165
41137
41083
41061
41028
40860
40836
40743
40526
40481
40454
40454
40325
40223
40212
40042
39974
39896
39779
39684
39672
39624
39597
39564
39497
39437
39432
39279
39233
39072
39052
39035
38994
38966
38895
38892
38868
38834
38729
38716
38716
38681
38647
38627
38605
38591
38534
38474
38421
38421
38380
38241
38240
38236
38202
38196
38190
37970
37904
37750
37744
37676
37543
37422
37343
37296
37262
37232
37090
37037
37014
36996
36993
36985
36970
36963
36961
36756
36590
36480
36442
36386
36340
36305
36303
36287
36225
36219
36141
36137
36134
36117
36023
35994
35956
35913
35747
35729
35699
35697
35614
35609
35593
35533
35523
35516
35489
35269
35233
35194
35171
35168
35150
35122
35086
35086
35085
35021
35013
34979
34941
34902
34871
34758
34694
34552
34519
34512
34486
34473
34445
34442
34440
34436
34412
34400
34395
34339
34339
34332
34303
34298
34287
34287
34227
34161
34040
34028
34016
33947
33937
33931
33875
33875
33872
33788
33775
33733
33692
33656
33645
33643
33611
33579
33577
33567
33525
33408
33394
33393
33382
33369
33368
33359
33220
33202
33202
33144
33104
33042
33038
33022
33021
33004
32806
32779
32735
32688
32594
32581
32559
32511
32502
32477
32457
32381
32381
32318
32281
32268
32268
32208
32203
32115
32082
32045
31951
31944
31924
31915
31909
31899
31875
31866
31834
31783
31756
31742
31738
31654
31580
31579
31532
31501
31480
31470
31464
31446
31427
31254
31253
31246
31193
31175
31134
31122
31116
31071
30941
30928
30897
30896
30891
30831
30830
30767
30745
30735
30642
30636
30529
30500
30499
30494
30483
30468
30459
30418
30402
30386
30364
30308
30282
30273
30246
30220
30208
30193
30139
30130
30106
30079
30077
30063
30060
30057
30056
30053
29978
29941
29930
29817
29753
29719
29709
29698
29677
29665
29652
29636
29633
29614
29611
29582
29534
29508
29462
29460
29395
29374
29369
29357
29341
29331
29254
29245
29237
29226
29203
29201
29184
29175
29149
29147
29095
29093
29069
29025
29005
28969
28964
28926
28913
28896
28876
28875
28855
28836
28833
28810
28762
28753
28666
28655
28612
28599
28592
28580
28562
28550
28526
28517
28490
28481
28447
28414
28409
28417
28386
28364
28351
28346
28343
28334
28291
28265
28257
28250
28220
28217
28205
28170
28112
28096
28059
28052
28038
28024
27966
27933
27913
27831
27814
27802
27789
27782
27751
27748
27729
27675
27626
27618
27629
27587
27581
27574
27541
27516
27500
27492
27485
27484
27474
27466
27463
27392
27365
27335
27321
27307
27294
27270
27269
27267
27266
27253
27250
27219
27213
27209
27200
27198
27189
27183
27122
27083
27080
27068
27063
27057
27029
27020
27009
27005
26958
26908
26898
26893
26882
26872
26843
26805
26795
26745
26704
26697
26679
26662
26657
26656
26643
26619
26612
26609
26604
26591
26572
26545
26532
26531
26515
26404
26402
26400
26380
26355
26350
26342
26314
26278
26222
26204
26188
26167
26155
26142
26112
26088
26081
26046
26027
26019
26007
25994
25988
25974
25911
25907
25902
25888
25842
25836
25834
25819
25735
25660
25643
25638
25638
25615
25611
25584
25562
25536
25512
25491
25490
25446
25427
25345
25322
25314
25305
25294
25292
25288
25279
25271
25257
25231
25220
25195
25184
25161
25141
25084
25080
25033
25030
24978
24974
24962
24940
24918
24915
24915
24911
24895
24880
24846
24839
24807
24796
24786
24699
24692
24678
24662
24641
24619
24607
24583
24531
24504
24490
24483
24453
24447
24440
24417
24399
24345
24313
24309
24309
24282
24275
24267
24247
24238
24230
24223
24202
24200
24166
24161
24097
24081
24076
24043
24029
24006
24000
23990
23987
23976
23967
23959
23955
23954
23947
23946
23935
23927
23921
23896
23893
23865
23827
23820
23814
23743
23740
23725
23721
23703
23696
23670
23647
23647
23589
23589
23536
23534
23534
23525
23507
23467
23451
23442
23420
23383
23329
23310
23293
23292
23274
23258
23254
23235
23197
23186
23169
23158
23174
23137
23134
23097
23096
23079
23041
23029
23038
23018
23014
22967
22967
22944
22921
22914
22906
22879
22866
22819
22817
22793
22784
22780
22711
22705
22685
22676
22664
22649
22645
22627
22618
22611
22599
22597
22581
22573
22554
22537
22528
22513
22492
22492
22489
22489
22488
22427
22415
22382
22364
22364
22325
22295
22251
22247
22243
22223
22195
22176
22173
22100
22095
22095
22089
22068
22079
22053
22047
22052
22017
21995
21984
21950
21943
21939
21936
21910
21908
21898
21882
21879
21873
21858
21848
21840
21803
21797
21793
21787
21749
21748
21747
21741
21716
21660
21659
21637
21631
21628
21617
21614
21567
21552
21545
21534
21529
21526
21520
21495
21486
21500
21484
21482
21440
21439
21427
21424
21372
21365
21349
21341
21308
21289
21276
21256
21251
21241
21229
21228
21211
21206
21192
21180
21175
21169
21132
21123
21109
21088
21063
21056
21055
21057
21045
21023
20973
20953
20949
20883
20863
20854
20851
20832
20832
20833
20817
20768
20759
20753
20750
20737
20736
20692
20671
20666
20665
20659
20630
20626
20626
20609
20602
20582
20552
20521
20491
20482
20477
20458
20447
20445
20442
20414
20347
20344
20337
20327
20319
20289
20284
20278
20264
20281
20261
20250
20245
20244
20242
20233
20175
20159
20153
20156
20161
20121
20098
20084
20083
20063
20060
20048
20039
20015
20015
20013
20003
19989
19983
19975
19975
19957
19937
19932
19925
19925
19864
19832
19788
19776
19773
19744
19729
19715
19712
19694
19692
19684
19673
19640
19634
19589
19579
19568
19556
19550
19523
19502
19500
19497
19481
19479
19462
19453
19453
19450
19426
19423
19403
19400
19398
19395
19383
19368
19351
19348
19340
19337
19337
19328
19307
19299
19270
19236
19232
19220
19212
19211
19208
19201
19173
19165
19149
19136
19136
19120
19102
19094
19064
19047
19015
19004
18969
18939
18937
18934
18932
18921
18913
18900
18882
18876
18875
18862
18859
18858
18842
18823
18805
18803
18787
18737
18710
18699
18695
18691
18681
18679
18686
18668
18667
18658
18654
18636
18634
18633
18629
18625
18663
18597
18594
18570
18567
18561
18555
18543
18542
18532
18527
18527
18518
18514
18514
18481
18473
18469
18452
18434
18431
18423
18421
18420
18411
18409
18396
18350
18338
18326
18313
18294
18263
18255
18253
18241
18232
18227
18226
18224
18232
18207
18217
18189
18179
18174
18174
18173
18158
18151
18151
18147
18134
18116
18105
18093
18084
18084
18081
18077
18070
18067
18062
18056
18055
18053
18041
18039
18036
18001
17997
17987
17969
17935
17915
17913
17894
17884
17864
17872
17836
17831
17828
17823
17814
17805
17802
17786
17778
17768
17768
17766
17758
17755
17726
17718
17714
17707
17705
17667
17664
17660
17647
17640
17635
17626
17622
17599
17587
17587
17583
17580
17574
17568
17564
17544
17526
17524
17514
17508
17505
17487
17482
17475
17448
17434
17416
17411
17405
17367
17365
17351
17342
17334
17327
17321
17283
17299
17296
17258
17249
17241
17226
17224
17222
17217
17216
17205
17203
17201
17188
17181
17167
17166
17165
17165
17161
17155
17155
17153
17150
17123
17114
17111
17108
17098
17097
17094
17092
17075
17075
17080
17073
17073
17067
17039
17032
17024
17013
16984
16977
16972
16968
16967
16957
16973
16954
16948
16946
16945
16927
16910
16907
16905
16905
16881
16869
16867
16863
16855
16852
16847
16844
16843
16835
16834
16829
16810
16798
16796
16796
16793
16789
16785
16784
16783
16759
16751
16747
16744
16758
16730
16726
16725
16723
16728
16708
16703
16700
16683
16674
16666
16663
16654
16649
16640
16619
16608
16606
16604
16596
16589
16589
16605
16593
16572
16565
16562
16560
16544
16541
16540
16531
16528
16518
16512
16503
16485
16484
16473
16473
16466
16458
16430
16430
16425
16411
16410
16381
16368
16362
16356
16352
16352
16350
16330
16326
16322
16312
16309
16296
16286
16280
16276
16272
16246
16245
16237
16235
16233
16229
16211
16185
16185
16179
16175
16167
16161
16153
16148
16136
16134
16122
16087
16076
16069
16057
16064
16056
16054
16052
16047
16038
16033
16027
16014
16003
15985
15982
15981
15971
15968
15964
15962
15954
15943
15939
15918
15898
15903
15886
15885
15882
15880
15873
15861
15860
15851
15837
15834
15827
15805
15802
15790
15780
15777
15791
15758
15754
15751
15739
15736
15736
15725
15713
15710
15704
15704
15703
15696
15695
15694
15683
15675
15673
15669
15665
15664
15663
15658
15667
15640
15634
15632
15631
15631
15627
15626
15622
15612
15611
15601
15590
15558
15554
15547
15544
15542
15539
15536
15511
15506
15503
15515
15499
15498
15497
15495
15491
15489
15487
15482
15480
15478
15467
15460
15458
15457
15451
15448
15446
15440
15431
15416
15399
15396
15390
15380
15377
15367
15366
15363
15355
15350
15347
15344
15331
15328
15316
15301
15293
15292
15291
15288
15287
15278
15267
15258
15243
15237
15231
15230
15229
15221
15221
15208
15205
15185
15183
15174
15170
15167
15144
15144
15137
15137
15135
15108
15107
15095
15083
15083
15081
15074
15064
15060
15057
15057
15053
15051
15051
15045
15045
15042
15034
15028
15017
15013
15009
15003
15002
14981
14971
14971
14978
14951
14949
14938
14934
14918
14912
14891
14889
14871
14862
14860
14859
14857
14856
14840
14831
14831
14831
14825
14824
14810
14810
14809
14798
14791
14791
14787
14785
14782
14772
14792
14769
14767
14765
14752
14750
14738
14733
14733
14722
14719
14718
14710
14703
14699
14694
14689
14681
14681
14676
14675
14670
14659
14653
14641
14638
14634
14624
14613
14623
14606
14606
14595
14583
14582
14579
14569
14568
14567
14543
14538
14537
14534
14528
14515
14512
14509
14506
14501
14500
14498
14481
14474
14474
14473
14465
14464
14449
14443
14441
14418
14417
14417
14400
14398
14387
14386
14381
14380
14379
14375
14372
14367
14362
14359
14330
14327
14321
14313
14298
14293
14275
14267
14262
14265
14238
14229
14225
14214
14214
14209
14192
14190
14190
14187
14185
14205
14180
14179
14170
14169
14167
14163
14156
14152
14148
14146
14144
14139
14131
14123
14121
14119
14118
14110
14096
14088
14084
14084
14081
14073
14070
14046
14043
14036
14034
14033
14033
14030
14025
14021
14021
14018
14014
14008
14001
14001
14001
14000
14011
14006
13990
13990
13986
13984
13984
13982
13974
13970
13962
13959
13952
13950
13950
13941
13933
13926
13923
13915
13914
13890
13888
13887
13883
13880
13870
13869
13868
13868
13856
13856
13832
13807
13806
13804
13803
13798
13791
13791
13779
13779
13778
13777
13777
13774
13768
13766
13762
13758
13756
13756
13748
13740
13737
13737
13748
13725
13723
13719
13715
13703
13701
13699
13699
13698
13695
13693
13687
13687
13686
13682
13681
13665
13645
13644
13642
13641
13641
13639
13627
13617
13613
13611
13596
13594
13593
13591
13585
13573
13572
13570
13566
13557
13547
13546
13542
13540
13535
13534
13523
13522
13520
13518
13515
13512
13482
13476
13467
13464
13462
13456
13456
13453
13451
13450
13450
13446
13440
13435
13434
13433
13422
13422
13417
13417
13414
13411
13410
13410
13409
13409
13408
13415
13401
13395
13372
13360
13359
13350
13347
13345
13345
13338
13338
13327
13316
13311
13299
13294
13286
13282
13277
13273
13269
13268
13266
13260
13260
13255
13245
13240
13239
13236
13234
13233
13230
13222
13226
13216
13214
13210
13197
13193
13191
13186
13186
13185
13185
13175
13172
13160
13157
13145
13136
13133
13132
13131
13129
13125
13121
13114
13110
13104
13102
13102
13095
13089
13080
13079
13074
13074
13068
13058
13055
13051
13049
13047
13043
13043
13041
13034
13032
13029
13027
13026
13026
13025
13015
13005
13001
13000
12997
12997
13016
13005
12984
12981
12976
12975
12961
12961
12960
12956
12949
12946
12942
12942
12937
12929
12929
12928
12924
12915
12915
12907
12903
12902
12954
12899
12896
12895
12895
12884
12875
12874
12873
12886
12871
12870
12869
12869
12863
12856
12847
12847
12840
12827
12817
12815
12826
12810
12800
12799
12794
12794
12793
12792
12788
12780
12775
12763
12760
12758
12751
12749
12744
12744
12736
12727
12717
12709
12702
12698
12693
12692
12671
12670
12653
12645
12644
12644
12643
12636
12634
12649
12633
12631
12622
12621
12631
12613
12611
12608
12607
12595
12593
12592
12588
12583
12578
12575
12560
12557
12556
12555
12553
12549
12545
12534
12522
12510
12509
12497
12495
12489
12482
12480
12471
12469
12469
12466
12462
12459
12458
12457
12453
12444
12443
12440
12435
12433
12433
12432
12430
12429
12425
12425
12423
12418
12417
12417
12410
12409
12404
12402
12400
12396
12387
12383
12374
12372
12364
12354
12349
12348
12345
12340
12338
12335
12333
12328
12335
12324
12322
12320
12320
12314
12310
12303
12302
12302
12301
12283
12262
12256
12254
12253
12245
12240
12234
12229
12225
12221
12208
12204
12203
12199
12199
12194
12193
12185
12182
12169
12162
12133
12125
12115
12112
12104
12096
12095
12086
12086
12079
12078
12072
12071
12070
12070
12068
12067
12062
12057
12043
12042
12041
12043
12038
12036
12030
12024
12010
12008
12017
12007
12004
12001
11999
11996
11995
11988
11987
11987
11986
11983
11982
11979
11977
11975
11970
11963
11956
11936
11936
11935
11932
11927
11923
11922
11920
11917
11917
11914
11914
11899
11898
11890
11886
11885
11881
11880
11873
11865
11865
11864
11862
11859
11858
11856
11855
11854
11854
11847
11845
11844
11832
11825
11824
11823
11821
11815
11820
11819
11809
11802
11803
11798
11797
11794
11790
11786
11784
11780
11777
11767
11760
11759
11758
11754
11754
11752
11752
11749
11746
11742
11742
11741
11739
11734
11730
11730
11729
11727
11725
11724
11718
11716
11715
11709
11708
11706
11702
11701
11700
11698
11696
11694
11693
11688
11688
11685
11685
11680
11678
11674
11674
11669
11667
11664
11657
11651
11650
11649
11647
11645
11642
11640
11638
11638
11634
11631
11628
11627
11626
11622
11615
11612
11612
11611
11611
11607
11606
11593
11590
11583
11580
11576
11576
11576
11576
11587
11573
11568
11568
11565
11562
11557
11549
11544
11540
11538
11534
11528
11524
11521
11509
11502
11497
11485
11485
11484
11483
11480
11474
11473
11471
11467
11464
11464
11455
11447
11440
11439
11439
11432
11431
11414
11413
11412
11411
11401
11400
11400
11400
11396
11395
11394
11392
11391
11391
11387
11384
11382
11382
11379
11374
11361
11361
11357
11357
11354
11354
11352
11344
11339
11338
11336
11330
11329
11326
11319
11317
11316
11316
11312
11310
11302
11302
11296
11292
11292
11291
11290
11288
11285
11277
11276
11272
11269
11265
11260
11260
11258
11253
11248
11247
11242
11241
11238
11237
11235
11234
11231
11224
11224
11221
11220
11217
11211
11231
11209
11206
11205
11204
11199
11200
11196
11195
11193
11188
11187
11186
11185
11180
11179
11178
11176
11175
11173
11169
11169
11164
11162
11157
11139
11139
11139
11133
11127
11123
11116
11108
11108
11108
11106
11106
11103
11102
11097
11093
11092
11088
11085
11078
11075
11074
11073
11068
11066
11063
11052
11048
11047
11047
11043
11037
11037
11032
11028
11027
11026
11024
11019
11017
11015
11014
11013
11013
11010
11008
11006
11005
11004
11004
10999
10999
10988
10988
10987
10985
10984
10982
10980
10977
10977
10977
10974
10974
10979
10967
10966
10965
10959
10959
10954
10953
10951
10948
10945
10942
10938
10932
10932
10927
10923
10922
10918
10918
10916
10915
10924
10910
10905
10904
10901
10898
10898
10897
10894
10893
10893
10890
10889
10889
10887
10886
10885
10887
10880
10879
10877
10873
10872
10872
10872
10872
10871
10867
10861
10857
10856
10855
10853
10850
10845
10844
10842
10840
10828
10827
10822
10815
10807
10794
10790
10787
10785
10767
10760
10759
10757
10756
10756
10755
10755
10753
10752
10752
10742
10736
10732
10731
10730
10729
10729
10723
10722
10716
10715
10715
10710
10708
10704
10702
10702
10701
10700
10700
10699
10698
10698
10701
10687
10683
10682
10674
10672
10672
10669
10669
10677
10668
10668
10660
10659
10652
10652
10650
10642
10635
10633
10631
10629
10622
10622
10617
10617
10616
10611
10600
10596
10595
10594
10589
10584
10582
10576
10574
10572
10569
10564
10558
10558
10557
10555
10554
10569
10552
10542
10537
10530
10530
10526
10524
10518
10515
10510
10505
10504
10500
10499
10499
10497
10496
10496
10493
10491
10490
10489
10487
10485
10484
10483
10483
10481
10480
10480
10480
10480
10471
10471
10470
10467
10463
10460
10459
10457
10455
10455
10454
10465
10449
10446
10442
10441
10440
10440
10436
10436
10435
10429
10428
10426
10418
10416
10416
10412
10412
10410
10419
10401
10399
10399
10396
10392
10392
10390
10389
10385
10380
10379
10376
10370
10368
10367
10366
10366
10365
10359
10358
10354
10351
10349
10349
10347
10345
10391
10335
10335
10329
10321
10321
10328
10319
10319
10315
10315
10312
10311
10308
10338
10307
10294
10293
10287
10286
10279
10271
10267
10267
10264
10262
10259
10257
10240
10239
10239
10237
10234
10231
10229
10225
10249
10223
10221
10218
10217
10211
10209
10199
10198
10198
10196
10195
10191
10190
10188
10185
10183
10182
10181
10178
10168
10167
10155
10153
10153
10151
10140
10138
10132
10131
10129
10125
10125
10122
10118
10134
10115
10115
10120
10112
10107
10106
10093
10090
10085
10084
10082
10079
10077
10077
10076
10074
10071
10071
10069
10067
10064
10064
10062
10061
10055
10054
10052
10052
10041
10039
10037
10037
10034
10033
10023
10022
10019
10018
10018
10018
10013
10004
10002
9997
9994
9992
9990
9988
9987
9987
9983
9982
9980
9979
9971
9968
9968
9966
9965
9963
9962
9957
9956
9956
9952
9951
9951
9944
9942
9939
9933
9931
9929
9926
9924
9917
9913
9909
9911
9904
9899
9888
9885
9885
9879
9878
9876
9876
9873
9870
9869
9869
9868
9866
9865
9863
9863
9862
9861
9860
9859
9856
9856
9854
9852
9851
9844
9842
9839
9837
9835
9834
9830
9829
9829
9828
9830
9827
9826
9826
9824
9822
9821
9820
9820
9820
9818
9817
9814
9814
9812
9811
9809
9809
9805
9804
9804
9801
9795
9793
9787
9786
9784
9783
9781
9780
9778
9774
9774
9773
9755
9755
9753
9751
9746
9746
9744
9744
9743
9743
9740
9738
9738
9737
9737
9736
9735
9734
9731
9731
9727
9726
9725
9746
9743
9723
9722
9720
9714
9710
9706
9703
9699
9694
9694
9689
9688
9687
9680
9679
9674
9671
9677
9667
9667
9666
9665
9662
9661
9668
9660
9656
9654
9650
9644
9635
9634
9631
9624
9623
9621
9621
9619
9613
9613
9608
9606
9605
9604
9603
9603
9597
9596
9627
9608
9594
9589
9588
9572
9586
9594
9586
9583
9582
9582
9580
9576
9572
9583
9571
9562
9560
9560
9560
9556
9555
9549
9549
9546
9544
9545
9540
9544
9539
9530
9523
9521
9520
9514
9514
9512
9506
9505
9504
9500
9500
9498
9496
9496
9495
9494
9494
9493
9506
9490
9489
9487
9479
9478
9476
9475
9473
9472
9472
9466
9459
9477
9456
9446
9445
9444
9442
9441
9440
9432
9432
9430
9426
9420
9419
9418
9417
9416
9414
9412
9412
9408
9408
9407
9407
9407
9406
9406
9402
9400
9398
9396
9392
9389
9384
9380
9379
9377
9376
9376
9376
9375
9373
9369
9369
9363
9359
9357
9355
9351
9350
9348
9341
9339
9331
9329
9328
9327
9326
9325
9321
9318
9317
9317
9312
9311
9307
9305
9305
9302
9297
9296
9293
9292
9292
9288
9287
9282
9281
9280
9280
9278
9275
9274
9272
9271
9277
9263
9261
9259
9259
9246
9244
9244
9239
9239
9238
9237
9236
9236
9234
9233
9232
9231
9257
9229
9227
9227
9227
9226
9225
9221
9218
9224
9226
9215
9212
9210
9210
9208
9206
9205
9202
9202
9202
9198
9198
9194
9193
9191
9187
9186
9184
9178
9172
9172
9172
9171
9168
9165
9161
9160
9159
9159
9158
9154
9153
9153
9150
9150
9147
9145
9145
9144
9143
9141
9141
9140
9139
9135
9134
9133
9130
9129
9125
9124
9123
9122
9120
9119
9117
9116
9115
9115
9109
9107
9104
9104
9099
9094
9112
9088
9088
9088
9085
9085
9085
9084
9083
9083
9082
9081
9081
9081
9079
9079
9076
9093
9066
9081
9064
9064
9056
9057
9053
9052
9049
9049
9046
9044
9042
9042
9068
9037
9036
9033
9033
9032
9051
9025
9023
9022
9021
9012
9003
9001
9000
9014
8998
8996
8995
8990
8990
8988
8984
8983
8975
8972
8971
8970
8969
8968
8967
8964
8963
8962
8961
8959
8958
8958
8961
8948
8947
8944
8943
8943
8942
8939
8938
8935
8957
8937
8928
8928
8915
8914
8914
8913
8910
8909
8909
8907
8907
8906
8899
8897
8895
8895
8894
8890
8889
8887
8883
8880
8875
8869
8869
8866
8856
8854
8854
8850
8846
8843
8843
8840
8840
8839
8838
8833
8833
8831
8829
8829
8828
8827
8826
8821
8820
8819
8819
8819
8817
8814
8813
8813
8811
8809
8808
8808
8807
8806
8799
8794
8793
8792
8787
8787
8787
8783
8782
8781
8778
8794
8766
8760
8762
8756
8756
8758
8752
8747
8744
8740
8750
8737
8736
8731
8730
8728
8725
8725
8724
8722
8721
8721
8717
8715
8729
8714
8713
8711
8711
8707
8705
8704
8702
8701
8739
8701
8697
8695
8695
8693
8693
8691
8691
8691
8691
8697
8690
8689
8683
8681
8681
8679
8677
8667
8664
8660
8658
8657
8675
8656
8655
8654
8654
8647
8647
8644
8643
8640
8638
8636
8635
8634
8631
8629
8629
8628
8624
8622
8621
8615
8614
8611
8607
8607
8603
8600
8600
8598
8597
8597
8595
8595
8595
8594
8590
8586
8584
8582
8582
8581
8576
8576
8576
8574
8573
8569
8569
8564
8564
8563
8559
8555
8555
8551
8550
8547
8544
8543
8537
8537
8536
8535
8535
8531
8528
8528
8526
8525
8524
8524
8523
8523
8520
8520
8519
8518
8515
8512
8508
8500
8497
8492
8492
8492
8492
8491
8488
8479
8477
8473
8471
8472
8464
8462
8461
8456
8447
8447
8447
8446
8444
8442
8439
8437
8437
8437
8431
8431
8430
8429
8427
8426
8426
8424
8424
8428
8423
8422
8421
8418
8419
8418
8417
8416
8413
8408
8406
8405
8405
8405
8404
8404
8402
8402
8399
8394
8389
8388
8386
8383
8398
8381
8380
8374
8370
8368
8367
8366
8365
8386
8360
8356
8355
8354
8354
8354
8353
8353
8344
8342
8341
8341
8339
8339
8339
8334
8334
8330
8327
8326
8325
8324
8330
8321
8321
8320
8318
8318
8316
8315
8314
8313
8312
8310
8310
8309
8303
8302
8301
8300
8299
8299
8298
8296
8295
8295
8294
8290
8284
8282
8281
8280
8278
8268
8268
8267
8267
8266
8266
8264
8263
8259
8259
8258
8254
8253
8272
8252
8250
8250
8246
8245
8245
8244
8243
8243
8242
8242
8239
8239
8238
8236
8234
8233
8232
8244
8225
8224
8224
8255
8223
8222
8220
8217
8217
8216
8215
8211
8224
8210
8209
8202
8197
8196
8194
8189
8184
8184
8182
8180
8179
8179
8179
8176
8175
8173
8173
8172
8169
8187
8168
8168
8164
8163
8163
8161
8159
8159
8151
8150
8144
8144
8142
8141
8140
8140
8138
8137
8134
8132
8131
8131
8129
8128
8128
8125
8125
8124
8122
8122
8121
8117
8117
8115
8112
8108
8107
8105
8104
8103
8121
8095
8093
8093
8099
8089
8088
8086
8085
8085
8084
8083
8082
8081
8077
8077
8075
8071
8070
8070
8069
8068
8063
8063
8062
8061
8060
8059
8056
8070
8055
8054
8054
8053
8051
8050
8050
8049
8047
8047
8047
8042
8038
8037
8037
8036
8034
8032
8032
8029
8028
8041
8024
8024
8023
8022
8021
8018
8016
8014
8014
8011
8009
8008
8007
8004
8003
7996
7995
7994
7994
7992
7990
7989
7989
7982
7981
7979
7979
7978
7975
7974
7972
7968
7967
7965
7965
7963
7962
7962
7962
7960
7960
7960
7958
7956
7956
7952
7951
7950
7949
7949
7949
7947
7947
7945
7941
7940
7938
7934
7933
7931
7931
7929
7928
7928
7927
7921
7921
7920
7917
7916
7915
7914
7913
7912
7912
7911
7910
7908
7906
7905
7899
7899
7899
7898
7913
7897
7889
7888
7887
7882
7881
7879
7878
7877
7877
7876
7874
7872
7871
7869
7864
7861
7860
7859
7857
7855
7855
7855
7854
7853
7852
7851
7848
7848
7847
7847
7843
7840
7840
7839
7837
7833
7832
7831
7827
7823
7821
7818
7817
7827
7814
7814
7811
7807
7807
7805
7805
7813
7801
7801
7801
7800
7800
7799
7799
7799
7799
7799
7796
7794
7792
7792
7791
7788
7787
7784
7783
7783
7782
7782
7780
7778
7777
7777
7776
7775
7774
7774
7772
7768
7767
7767
7766
7764
7763
7762
7760
7760
7758
7757
7757
7756
7755
7753
7773
7753
7752
7751
7748
7744
7742
7741
7741
7741
7738
7735
7734
7734
7734
7733
7729
7729
7728
7727
7727
7726
7726
7718
7715
7714
7713
7713
7711
7710
7709
7708
7706
7705
7704
7700
7699
7698
7697
7697
7697
7696
7695
7692
7692
7709
7694
7691
7691
7689
7689
7688
7687
7687
7687
7686
7685
7683
7682
7682
7681
7679
7678
7678
7678
7673
7672
7671
7666
7665
7664
7663
7662
7662
7658
7657
7656
7656
7652
7652
7651
7651
7648
7645
7644
7642
7641
7640
7640
7640
7638
7637
7636
7632
7632
7630
7629
7629
7629
7628
7621
7619
7619
7617
7616
7616
7612
7610
7609
7609
7608
7607
7607
7607
7601
7600
7602
7600
7600
7599
7599
7594
7592
7592
7592
7592
7590
7588
7588
7588
7583
7583
7577
7577
7577
7576
7572
7586
7568
7566
7564
7560
7560
7556
7556
7555
7555
7553
7550
7550
7548
7548
7547
7546
7542
7540
7540
7538
7537
7535
7535
7536
7533
7532
7529
7528
7527
7523
7522
7521
7519
7516
7513
7512
7512
7510
7508
7508
7506
7505
7505
7504
7504
7503
7502
7499
7499
7496
7493
7487
7486
7485
7481
7480
7479
7479
7479
7473
7471
7471
7470
7470
7467
7466
7465
7465
7463
7466
7462
7461
7459
7458
7457
7457
7455
7454
7452
7452
7450
7449
7445
7443
7445
7441
7440
7440
7439
7437
7437
7435
7433
7431
7431
7430
7430
7429
7429
7428
7428
7426
7426
7426
7424
7424
7422
7420
7420
7419
7417
7416
7414
7412
7412
7411
7411
7410
7410
7409
7438
7403
7401
7400
7399
7398
7398
7395
7395
7394
7393
7391
7391
7390
7390
7389
7389
7385
7385
7385
7384
7382
7380
7378
7390
7375
7374
7372
7371
7370
7368
7364
7359
7359
7356
7356
7356
7354
7351
7350
7350
7349
7346
7345
7344
7343
7342
7350
7338
7336
7335
7335
7333
7333
7328
7326
7326
7325
7320
7316
7340
7311
7309
7309
7308
7306
7306
7304
7304
7304
7303
7302
7302
7302
7316
7295
7292
7290
7290
7288
7288
7287
7287
7285
7285
7284
7283
7282
7281
7281
7281
7280
7279
7276
7274
7273
7311
7271
7270
7270
7263
7259
7257
7257
7256
7256
7250
7249
7249
7249
7246
7245
7244
7242
7268
7259
7238
7237
7236
7236
7236
7235
7235
7234
7233
7232
7232
7232
7230
7272
7227
7223
7222
7221
7219
7219
7219
7219
7218
7215
7215
7214
7213
7212
7212
7211
7210
7209
7207
7207
7207
7205
7204
7204
7202
7201
7200
7196
7195
7190
7189
7188
7187
7186
7185
7185
7182
7181
7179
7178
7177
7173
7173
7172
7171
7170
7169
7168
7187
7167
7166
7166
7165
7164
7161
7160
7158
7158
7156
7156
7154
7147
7147
7146
7145
7145
7142
7141
7140
7139
7138
7138
7135
7133
7133
7130
7130
7130
7130
7128
7126
7126
7125
7124
7123
7122
7122
7121
7117
7116
7115
7109
7109
7108
7107
7107
7104
7104
7102
7102
7101
7100
7099
7097
7096
7095
7106
7093
7090
7089
7088
7087
7086
7085
7085
7083
7081
7080
7078
7078
7075
7075
7071
7070
7068
7068
7066
7064
7063
7063
7062
7062
7062
7061
7059
7055
7053
7052
7052
7050
7046
7045
7044
7044
7044
7044
7043
7042
7041
7040
7040
7040
7039
7039
7037
7037
7037
7036
7033
7033
7032
7053
7029
7026
7025
7024
7023
7023
7021
7020
7018
7018
7018
7017
7017
7017
7016
7015
7013
7012
7012
7010
7009
7008
7006
7006
7004
7003
7003
7000
6998
6998
6996
6996
6991
6988
6988
6988
6987
6985
7009
6983
6983
6982
6982
6980
6980
7001
6978
6977
6975
6973
6973
6972
6970
6966
6964
6962
6961
6961
6961
6960
6960
6960
6955
6952
6950
6944
6941
6940
6938
6936
6935
6935
6934
6933
6930
6930
6929
6929
6928
6927
6927
6927
6923
6932
6922
6921
6920
6920
6920
6919
6919
6935
6915
6912
6912
6912
6911
6910
6910
6909
6909
6908
6908
6910
6906
6902
6902
6921
6901
6916
6896
6894
6894
6894
6894
6894
6893
6893
6892
6891
6889
6889
6888
6888
6867
6887
6904
6885
6885
6883
6877
6876
6875
6875
6872
6871
6876
6868
6866
6880
6866
6860
6859
6859
6837
6855
6855
6855
6854
6854
6849
6849
6849
6848
6846
6845
6844
6842
6840
6845
6843
6837
6840
6837
6837
6837
6834
6834
6834
6834
6831
6829
6829
6829
6823
6822
6820
6814
6812
6809
6807
6806
6805
6805
6804
6803
6803
6802
6802
6801
6800
6799
6799
6799
6798
6797
6796
6796
6795
6808
6792
6788
6788
6787
6784
6800
6783
6781
6781
6780
6780
6779
6777
6777
6777
6775
6773
6772
6771
6770
6768
6768
6766
6765
6765
6764
6764
6761
6760
6757
6754
6753
6752
6751
6750
6765
6750
6749
6749
6748
6745
6744
6744
6742
6741
6741
6740
6740
6739
6739
6733
6732
6731
6730
6730
6729
6728
6728
6725
6725
6725
6720
6720
6719
6719
6719
6719
6717
6716
6714
6712
6711
6709
6725
6723
6705
6704
6704
6703
6702
6700
6716
6698
6696
6696
6696
6695
6694
6689
6688
6684
6684
6683
6683
6682
6682
6680
6677
6677
6676
6676
6675
6674
6674
6673
6670
6669
6668
6668
6668
6667
6699
6665
6662
6661
6659
6659
6658
6657
6655
6654
6654
6654
6653
6652
6650
6653
6645
6645
6643
6624
6643
6643
6638
6633
6633
6632
6631
6631
6631
6630
6630
6629
6629
6628
6625
6624
6623
6622
6622
6622
6620
6620
6617
6616
6616
6614
6614
6612
6610
6609
6609
6609
6607
6606
6604
6604
6603
6602
6601
6601
6601
6601
6600
6599
6596
6596
6594
6591
6591
6591
6588
6586
6584
6580
6579
6578
6578
6577
6606
6574
6571
6581
6566
6565
6565
6565
6564
6561
6560
6559
6558
6558
6557
6557
6557
6552
6552
6552
6552
6551
6551
6551
6554
6550
6548
6548
6547
6545
6544
6539
6538
6538
6537
6536
6536
6535
6535
6546
6535
6534
6532
6532
6532
6532
6531
6531
6530
6529
6528
6527
6526
6525
6525
6525
6523
6521
6521
6519
6518
6517
6517
6517
6516
6515
6515
6515
6514
6511
6509
6509
6508
6507
6506
6505
6505
6503
6529
6501
6500
6498
6495
6494
6490
6488
6486
6485
6482
6481
6481
6481
6480
6478
6484
6476
6475
6474
6473
6481
6472
6469
6469
6469
6468
6467
6466
6463
6463
6462
6462
6461
6460
6460
6459
6458
6458
6457
6456
6455
6455
6455
6453
6452
6452
6467
6444
6442
6439
6438
6438
6437
6437
6436
6435
6435
6435
6434
6434
6434
6432
6429
6429
6429
6428
6427
6425
6424
6419
6419
6418
6417
6416
6416
6416
6415
6415
6414
6414
6437
6413
6413
6413
6413
6411
6411
6411
6411
6409
6409
6407
6405
6402
6402
6401
6416
6400
6400
6396
6395
6394
6394
6393
6392
6391
6390
6389
6389
6387
6387
6386
6384
6384
6382
6380
6380
6379
6378
6378
6377
6375
6375
6373
6373
6372
6371
6370
6370
6370
6369
6367
6367
6367
6366
6384
6365
6363
6362
6362
6359
6359
6358
6358
6353
6353
6358
6352
6351
6351
6349
6349
6349
6349
6360
6348
6348
6347
6346
6345
6345
6344
6344
6344
6343
6341
6341
6340
6340
6337
6337
6336
6336
6336
6334
6334
6333
6333
6346
6332
6331
6331
6330
6346
6325
6325
6324
6323
6321
6321
6320
6319
6319
6318
6317
6316
6314
6314
6312
6311
6311
6311
6309
6308
6307
6304
6303
6301
6300
6300
6299
6295
6294
6293
6291
6290
6290
6290
6289
6289
6288
6287
6287
6283
6283
6280
6280
6317
6278
6277
6277
6274
6289
6273
6273
6269
6269
6267
6265
6265
6265
6265
6264
6264
6262
6261
6261
6261
6260
6259
6258
6257
6257
6256
6254
6251
6246
6246
6245
6245
6244
6243
6240
6240
6239
6239
6238
6235
6235
6235
6234
6234
6233
6232
6231
6230
6229
6213
6228
6227
6227
6227
6222
6222
6220
6220
6216
6213
6212
6210
6210
6208
6207
6207
6206
6227
6206
6206
6205
6204
6204
6203
6203
6201
6199
6198
6198
6197
6195
6193
6192
6191
6191
6190
6189
6189
6188
6187
6186
6186
6185
6185
6182
6181
6180
6180
6180
6176
6176
6176
6174
6174
6171
6169
6169
6169
6168
6179
6167
6167
6167
6167
6166
6166
6166
6164
6163
6163
6163
6162
6161
6159
6176
6156
6156
6156
6155
6155
6154
6153
6153
6151
6151
6150
6150
6148
6148
6148
6147
6147
6172
6144
6143
6141
6141
6163
6139
6138
6138
6136
6136
6136
6135
6135
6134
6134
6134
6133
6133
6132
6131
6131
6131
6130
6130
6129
6129
6128
6126
6125
6124
6124
6121
6121
6117
6117
6116
6116
6116
6115
6114
6113
6113
6112
6116
6111
6109
6109
6107
6106
6105
6105
6104
6104
6102
6102
6102
6101
6098
6098
6096
6096
6095
6095
6093
6092
6091
6090
6089
6089
6085
6083
6082
6082
6080
6079
6077
6077
6075
6074
6073
6073
6072
6072
6072
6068
6068
6067
6067
6066
6066
6065
6064
6060
6059
6057
6057
6056
6054
6054
6052
6051
6049
6049
6047
6046
6045
6044
6044
6042
6041
6040
6038
6037
6037
6035
6033
6033
6032
6030
6030
6030
6029
6028
6027
6026
6025
6024
6026
6019
6018
6016
6016
6015
6015
6013
6011
6009
6032
6007
6007
6007
6007
6006
6005
6004
6003
6003
6002
6002
6001
5998
5997
5997
5996
5996
6004
5994
5992
5991
5991
6009
5988
5987
5986
5985
5984
5984
5983
5982
5982
5982
5980
5980
5979
5979
5979
5978
5977
5976
5976
5973
5973
5973
5972
5970
5970
5969
5968
5968
5968
5966
5965
5964
5961
5960
5959
5959
5959
5958
5957
5973
5957
5956
5955
5954
5953
5953
5956
5952
5952
5952
5952
5951
5951
5951
5951
5949
5948
5968
5946
5946
5945
5945
5945
5945
5943
5942
5940
5938
5937
5937
5937
5937
5937
5936
5934
5933
5933
5932
5927
5927
5926
5925
5924
5922
5921
5928
5921
5920
5920
5920
5920
5919
5917
5917
5916
5915
5915
5914
5913
5913
5913
5913
5912
5912
5912
5911
5909
5909
5909
5909
5908
5906
5906
5922
5905
5905
5904
5904
5903
5902
5902
5912
5902
5901
5900
5900
5899
5899
5899
5899
5898
5897
5895
5895
5894
5893
5893
5890
5890
5889
5888
5886
5885
5885
5885
5882
5880
5897
5879
5878
5878
5876
5876
5890
5875
5875
5875
5875
5873
5873
5873
5869
5868
5867
5866
5866
5864
5864
5863
5860
5877
5860
5858
5857
5857
5855
5853
5852
5851
5850
5849
5849
5847
5847
5847
5846
5845
5844
5843
5842
5842
5841
5840
5839
5838
5854
5837
5837
5837
5836
5836
5834
5834
5833
5832
5831
5830
5829
5827
5827
5826
5825
5825
5825
5824
5824
5823
5822
5822
5822
5821
5821
5821
5815
5814
5814
5812
5812
5811
5810
5810
5809
5837
5808
5807
5807
5806
5806
5805
5803
5803
5802
5802
5801
5801
5802
5799
5799
5796
5795
5795
5794
5794
5792
5790
5790
5789
5788
5788
5787
5787
5787
5787
5784
5784
5782
5780
5780
5780
5779
5779
5778
5777
5777
5776
5776
5776
5776
5776
5775
5773
5771
5769
5769
5769
5768
5767
5767
5766
5766
5764
5764
5764
5770
5764
5762
5760
5759
5759
5774
5758
5757
5757
5756
5755
5755
5753
5752
5751
5750
5749
5748
5748
5747
5746
5745
5745
5744
5741
5738
5738
5735
5734
5732
5730
5721
5729
5729
5729
5727
5726
5723
5723
5723
5723
5722
5722
5721
5719
5719
5717
5717
5717
5713
5712
5733
5710
5710
5707
5707
5707
5702
5702
5702
5701
5701
5701
5716
5701
5700
5700
5699
5699
5708
5697
5695
5694
5693
5693
5691
5691
5691
5690
5689
5688
5687
5687
5686
5686
5685
5685
5684
5683
5681
5680
5679
5679
5678
5678
5678
5679
5674
5674
5673
5672
5672
5670
5670
5670
5670
5670
5670
5668
5667
5664
5664
5663
5663
5662
5662
5661
5661
5661
5659
5659
5659
5659
5658
5657
5657
5657
5656
5656
5655
5653
5653
5651
5651
5651
5650
5649
5648
5648
5647
5665
5645
5645
5644
5643
5643
5642
5641
5640
5640
5640
5639
5647
5639
5639
5638
5638
5637
5636
5636
5635
5635
5634
5634
5633
5633
5632
5632
5631
5629
5629
5628
5628
5627
5627
5626
5631
5589
5625
5625
5625
5624
5624
5623
5623
5622
5621
5621
5621
5621
5619
5632
5618
5618
5618
5615
5615
5615
5615
5613
5613
5612
5612
5611
5610
5610
5610
5609
5609
5608
5607
5606
5606
5610
5605
5605
5605
5605
5604
5603
5603
5603
5602
5602
5602
5601
5601
5600
5600
5598
5606
5596
5596
5595
5594
5593
5593
5592
5589
5589
5589
5588
5586
5585
5585
5583
5581
5581
5581
5579
5578
5578
5576
5575
5574
5573
5573
5572
5578
5570
5570
5569
5569
5568
5568
5567
5567
5565
5565
5564
5564
5564
5564
5566
5561
5561
5560
5560
5559
5559
5558
5557
5556
5556
5555
5555
5555
5554
5553
5553
5551
5551
5550
5549
5549
5548
5558
5546
5546
5546
5544
5544
5544
5543
5543
5542
5542
5541
5540
5538
5536
5536
5535
5534
5533
5532
5532
5531
5529
5526
5526
5526
5525
5525
5525
5522
5521
5520
5520
5519
5538
5519
5519
5518
5517
5517
5516
5513
5512
5511
5511
5511
5509
5509
5508
5508
5508
5507
5506
5504
5504
5504
5502
5502
5501
5521
5500
5499
5499
5498
5497
5497
5497
5497
5496
5496
5495
5494
5494
5493
5493
5493
5492
5491
5493
5490
5490
5489
5488
5488
5488
5487
5487
5487
5486
5486
5484
5482
5482
5480
5480
5480
5479
5479
5479
5477
5477
5476
5476
5476
5476
5476
5474
5474
5472
5472
5472
5471
5471
5470
5470
5468
5468
5466
5466
5466
5465
5464
5463
5461
5461
5460
5459
5459
5458
5458
5458
5457
5457
5457
5456
5455
5453
5452
5452
5452
5452
5451
5451
5451
5449
5462
5449
5465
5448
5448
5448
5447
5447
5446
5445
5445
5444
5444
5444
5443
5442
5441
5441
5441
5439
5439
5439
5439
5439
5438
5437
5437
5437
5437
5436
5435
5432
5432
5451
5431
5430
5430
5429
5429
5428
5428
5428
5427
5427
5426
5426
5425
5424
5422
5422
5421
5421
5421
5420
5420
5419
5419
5418
5417
5416
5415
5414
5413
5413
5415
5412
5411
5411
5410
5410
5410
5408
5407
5407
5407
5406
5406
5405
5404
5404
5404
5404
5403
5403
5402
5412
5401
5399
5398
5398
5409
5395
5402
5392
5392
5392
5391
5390
5390
5390
5390
5387
5387
5393
5384
5384
5383
5383
5383
5381
5381
5381
5380
5380
5380
5380
5379
5379
5378
5383
5377
5377
5377
5376
5375
5375
5375
5374
5374
5374
5373
5373
5370
5370
5370
5370
5368
5368
5368
5366
5366
5366
5365
5364
5364
5362
5362
5362
5361
5363
5363
5359
5359
5358
5358
5357
5356
5355
5355
5355
5354
5354
5354
5353
5353
5373
5353
5351
5350
5349
5348
5347
5346
5346
5346
5346
5345
5344
5344
5343
5341
5341
5341
5339
5339
5339
5338
5338
5337
5336
5336
5336
5335
5348
5334
5332
5331
5331
5330
5330
5328
5327
5325
5324
5324
5323
5321
5321
5319
5318
5317
5317
5314
5313
5313
5313
5323
5311
5310
5309
5309
5307
5307
5307
5306
5305
5305
5305
5304
5303
5317
5300
5300
5299
5295
5295
5294
5293
5293
5293
5291
5290
5290
5289
5289
5288
5288
5310
5290
5287
5286
5286
5286
5286
5285
5285
5283
5283
5283
5283
5283
5282
5280
5280
5279
5279
5279
5279
5279
5279
5278
5278
5277
5277
5277
5276
5282
5272
5272
5277
5278
5270
5270
5270
5269
5269
5268
5268
5268
5266
5266
5266
5264
5267
5262
5262
5262
5261
5260
5260
5259
5259
5258
5258
5257
5257
5257
5255
5255
5253
5253
5253
5264
5253
5250
5249
5249
5248
5247
5247
5246
5244
5244
5240
5240
5240
5240
5239
5239
5238
5237
5237
5236
5235
5234
5233
5233
5233
5232
5232
5232
5241
5231
5231
5231
5230
5256
5229
5227
5226
5226
5225
5222
5219
5219
5219
5219
5218
5218
5217
5216
5215
5215
5213
5212
5210
5210
5207
5206
5206
5206
5206
5205
5205
5203
5202
5201
5200
5200
5198
5197
5197
5197
5196
5195
5194
5193
5193
5207
5192
5191
5190
5189
5188
5188
5187
5187
5187
5186
5186
5186
5186
5185
5185
5183
5183
5182
5181
5181
5180
5180
5180
5194
5178
5178
5178
5177
5176
5176
5174
5174
5174
5191
5170
5170
5169
5169
5168
5168
5168
5168
5168
5168
5167
5167
5167
5166
5166
5166
5166
5164
5163
5163
5163
5162
5158
5157
5157
5157
5156
5156
5165
5156
5162
5154
5153
5152
5152
5152
5151
5151
5150
5150
5149
5149
5149
5148
5147
5147
5146
5144
5144
5144
5142
5142
5163
5140
5139
5138
5138
5137
5137
5135
5134
5134
5133
5133
5131
5129
5129
5129
5128
5128
5127
5127
5127
5126
5126
5126
5124
5123
5122
5122
5121
5121
5121
5121
5120
5120
5118
5117
5115
5114
5110
5110
5109
5115
5108
5108
5108
5108
5107
5105
5105
5105
5104
5103
5103
5102
5102
5102
5100
5099
5099
5099
5098
5098
5098
5097
5097
5097
5097
5097
5113
5121
5095
5095
5093
5092
5092
5090
5088
5086
5084
5082
5081
5081
5081
5079
5079
5079
5079
5078
5078
5078
5077
5077
5076
5076
5075
5073
5073
5072
5071
5071
5070
5069
5067
5066
5066
5065
5065
5085
5063
5062
5061
5060
5059
5058
5058
5057
5057
5056
5056
5054
5054
5053
5052
5052
5051
5049
5049
5048
5047
5047
5046
5046
5044
5044
5044
5044
5043
5042
5041
5041
5040
5040
5040
5040
5040
5039
5039
5038
5038
5038
5037
5036
5036
5034
5034
5033
5033
5032
5031
5031
5030
5029
5028
5028
5028
5028
5027
5027
5026
5025
5024
5021
5021
5020
5020
5020
5020
5019
5018
5016
5015
5014
5013
5013
5012
5012
5011
5011
5009
5009
5008
5008
5007
5007
5006
5005
5004
5004
5003
5003
5002
5000
5000
4999
4999
4999
4998
4998
4997
4996
4996
4996
4995
4994
4994
4993
4993
4992
4992
4992
4989
4989
4989
4989
4988
4988
4988
4987
4987
4986
4985
4985
4984
4984
4983
4982
4982
4982
4982
4982
4982
4980
4980
4979
4979
4979
4977
4977
4976
4975
4975
4974
4973
4972
4972
4975
4971
4971
4971
4971
4970
4970
4970
4967
4966
4966
4965
4965
4964
4963
4962
4961
4961
4960
4960
4960
4960
4958
4958
4958
4958
4957
4956
4955
4955
4955
4954
4954
4952
4952
4951
4950
4950
4950
4949
4949
4949
4948
4944
4944
4943
4942
4942
4941
4941
4939
4939
4938
4938
4938
4937
4934
4934
4933
4933
4933
4932
4932
4932
4932
4931
4931
4931
4950
4930
4930
4930
4929
4929
4929
4932
4927
4926
4925
4925
4924
4924
4922
4922
4923
4930
4921
4921
4921
4921
4921
4920
4920
4920
4919
4918
4918
4917
4917
4917
4916
4916
4916
4915
4915
4915
4914
4914
4913
4913
4912
4910
4910
4909
4908
4908
4908
4907
4907
4907
4906
4906
4905
4904
4904
4904
4903
4903
4901
4900
4930
4899
4898
4898
4897
4897
4897
4896
4896
4895
4895
4894
4894
4892
4891
4891
4891
4890
4890
4889
4889
4888
4888
4887
4887
4887
4884
4884
4884
4886
4882
4881
4881
4880
4880
4880
4880
4880
4880
4878
4876
4876
4874
4874
4873
4873
4872
4890
4871
4871
4869
4868
4867
4866
4866
4864
4863
4862
4861
4861
4861
4860
4860
4860
4875
4859
4858
4858
4858
4857
4857
4856
4866
4856
4856
4855
4855
4869
4855
4854
4854
4854
4854
4869
4852
4852
4851
4850
4852
4849
4849
4848
4848
4848
4847
4847
4847
4847
4847
4846
4845
4844
4844
4842
4842
4851
4841
4840
4840
4839
4839
4839
4845
4837
4837
4837
4837
4836
4836
4836
4835
4835
4835
4835
4835
4835
4835
4832
4832
4830
4830
4830
4828
4828
4827
4827
4827
4827
4824
4824
4824
4824
4823
4823
4823
4823
4822
4822
4822
4822
4822
4821
4843
4820
4819
4818
4818
4817
4817
4816
4816
4816
4816
4814
4814
4813
4821
4811
4811
4811
4811
4810
4810
4809
4808
4808
4808
4807
4807
4806
4806
4805
4805
4805
4805
4804
4804
4803
4803
4803
4802
4801
4800
4799
4798
4798
4797
4797
4795
4795
4795
4794
4793
4793
4793
4792
4792
4791
4791
4789
4789
4789
4788
4787
4787
4786
4786
4784
4786
4783
4783
4783
4781
4781
4780
4779
4779
4776
4776
4776
4775
4773
4773
4771
4771
4771
4771
4771
4770
4770
4769
4767
4767
4767
4766
4765
4764
4763
4762
4762
4761
4761
4760
4759
4759
4759
4758
4757
4757
4757
4756
4755
4754
4754
4754
4753
4752
4751
4750
4750
4748
4747
4747
4747
4746
4745
4745
4745
4744
4743
4742
4757
4742
4741
4741
4740
4739
4738
4737
4737
4737
4735
4735
4735
4735
4735
4734
4764
4734
4734
4734
4733
4733
4732
4731
4731
4730
4730
4730
4730
4730
4730
4730
4729
4737
4728
4728
4728
4727
4725
4725
4725
4724
4723
4723
4723
4722
4722
4722
4721
4721
4720
4720
4719
4718
4717
4717
4716
4716
4716
4715
4715
4715
4715
4714
4714
4714
4713
4713
4713
4712
4712
4712
4712
4712
4711
4710
4709
4708
4708
4708
4707
4707
4706
4705
4703
4703
4703
4702
4702
4701
4701
4701
4700
4700
4699
4699
4699
4698
4698
4698
4697
4696
4695
4695
4695
4695
4695
4694
4694
4694
4694
4693
4692
4692
4691
4691
4690
4690
4690
4688
4688
4686
4686
4685
4685
4685
4685
4684
4684
4684
4684
4684
4683
4682
4682
4681
4681
4681
4681
4680
4680
4679
4679
4678
4678
4678
4678
4684
4676
4676
4676
4675
4675
4674
4674
4674
4673
4676
4673
4673
4673
4677
4670
4669
4669
4666
4666
4665
4665
4664
4663
4663
4662
4662
4661
4661
4661
4660
4660
4659
4659
4659
4659
4659
4691
4657
4657
4657
4664
4656
4656
4656
4655
4655
4654
4654
4654
4654
4653
4652
4652
4651
4650
4649
4648
4647
4646
4646
4646
4646
4645
4644
4643
4643
4642
4642
4642
4641
4641
4641
4641
4640
4640
4640
4639
4639
4637
4636
4636
4639
4636
4635
4634
4633
4633
4633
4632
4632
4631
4630
4629
4666
4628
4631
4627
4627
4626
4626
4626
4625
4625
4625
4623
4640
4623
4622
4622
4622
4621
4620
4619
4618
4618
4617
4617
4617
4616
4616
4615
4615
4614
4614
4627
4614
4613
4613
4613
4613
4612
4611
4609
4608
4608
4607
4606
4606
4606
4606
4605
4605
4605
4604
4604
4603
4603
4606
4629
4602
4602
4618
4601
4601
4598
4598
4598
4598
4597
4597
4596
4594
4593
4592
4591
4590
4590
4589
4589
4589
4589
4588
4587
4586
4585
4584
4583
4583
4582
4623
4582
4582
4582
4581
4581
4580
4580
4580
4580
4579
4579
4579
4578
4577
4577
4576
4576
4576
4576
4576
4575
4575
4575
4578
4574
4573
4573
4572
4572
4571
4570
4569
4569
4568
4567
4565
4565
4564
4563
4562
4562
4562
4562
4561
4560
4560
4560
4560
4559
4559
4559
4558
4558
4558
4557
4557
4557
4557
4556
4556
4556
4555
4555
4555
4555
4555
4555
4554
4554
4553
4553
4552
4552
4552
4550
4550
4550
4549
4549
4548
4548
4547
4546
4545
4545
4544
4543
4543
4543
4543
4543
4541
4541
4540
4540
4540
4539
4539
4539
4539
4539
4538
4538
4537
4536
4535
4535
4535
4535
4534
4534
4534
4533
4532
4532
4532
4531
4531
4530
4529
4529
4528
4528
4528
4528
4528
4527
4527
4526
4526
4526
4525
4525
4525
4525
4523
4523
4523
4523
4522
4521
4521
4520
4520
4520
4520
4519
4519
4518
4518
4518
4518
4518
4518
4518
4517
4516
4516
4516
4515
4515
4513
4513
4513
4513
4513
4513
4510
4510
4509
4509
4509
4508
4508
4507
4507
4505
4505
4505
4504
4504
4503
4503
4503
4503
4503
4502
4501
4501
4500
4500
4499
4499
4499
4498
4498
4498
4495
4495
4495
4494
4494
4493
4493
4493
4493
4492
4491
4490
4493
4489
4489
4488
4487
4487
4487
4486
4486
4483
4483
4482
4482
4482
4481
4480
4479
4479
4479
4501
4478
4478
4477
4477
4476
4476
4476
4475
4475
4475
4474
4474
4488
4472
4472
4472
4471
4471
4470
4469
4468
4467
4467
4467
4467
4466
4466
4466
4466
4465
4465
4463
4463
4462
4462
4461
4460
4458
4458
4458
4476
4457
4457
4457
4456
4455
4455
4455
4455
4455
4455
4454
4454
4453
4452
4452
4451
4451
4449
4449
4448
4448
4448
4446
4446
4445
4445
4444
4443
4441
4441
4440
4440
4440
4448
4437
4437
4437
4436
4436
4436
4436
4436
4436
4435
4435
4435
4434
4434
4434
4434
4434
4434
4434
4433
4433
4433
4433
4432
4432
4432
4431
4431
4430
4429
4429
4428
4428
4427
4426
4426
4426
4425
4425
4425
4424
4424
4424
4423
4422
4422
4422
4419
4419
4419
4418
4417
4432
4416
4416
4415
4415
4415
4415
4415
4414
4413
4412
4411
4411
4411
4411
4410
4410
4410
4409
4409
4408
4408
4408
4407
4407
4429
4407
4407
4406
4406
4406
4406
4405
4405
4404
4404
4403
4403
4402
4402
4402
4402
4401
4401
4400
4400
4400
4400
4398
4398
4397
4397
4397
4397
4396
4396
4396
4395
4395
4394
4394
4394
4394
4394
4394
4393
4393
4393
4393
4392
4389
4389
4388
4388
4388
4387
4386
4386
4386
4386
4385
4385
4384
4384
4384
4384
4384
4384
4384
4398
4383
4382
4382
4381
4380
4380
4380
4380
4389
4379
4379
4378
4376
4375
4375
4375
4375
4375
4375
4374
4374
4373
4373
4372
4371
4371
4369
4368
4368
4367
4366
4366
4365
4365
4365
4365
4364
4364
4363
4363
4363
4363
4362
4362
4362
4362
4361
4361
4361
4360
4359
4359
4359
4359
4357
4357
4357
4357
4357
4356
4356
4356
4355
4355
4355
4354
4353
4353
4353
4353
4353
4351
4350
4349
4349
4349
4349
4348
4348
4347
4347
4346
4346
4345
4345
4345
4344
4344
4344
4344
4343
4382
4342
4341
4341
4341
4340
4339
4338
4338
4338
4337
4337
4336
4336
4335
4333
4333
4332
4332
4332
4332
4332
4331
4331
4330
4329
4327
4327
4327
4327
4327
4326
4326
4326
4325
4325
4325
4325
4324
4324
4329
4338
4323
4323
4322
4321
4320
4320
4320
4332
4320
4318
4318
4318
4317
4317
4317
4316
4316
4316
4315
4315
4315
4314
4314
4313
4313
4312
4311
4311
4311
4311
4310
4310
4309
4309
4307
4306
4306
4306
4306
4325
4305
4305
4305
4305
4305
4304
4325
4302
4301
4301
4300
4299
4299
4298
4298
4298
4297
4297
4297
4297
4296
4309
4296
4296
4296
4296
4295
4295
4295
4295
4294
4294
4294
4294
4293
4292
4291
4291
4291
4291
4290
4290
4289
4289
4288
4288
4287
4287
4286
4285
4284
4284
4284
4284
4283
4283
4283
4283
4281
4281
4281
4280
4280
4280
4279
4278
4278
4277
4277
4276
4275
4275
4275
4275
4275
4274
4273
4273
4273
4273
4271
4271
4270
4269
4269
4269
4269
4269
4269
4268
4268
4266
4266
4265
4264
4264
4263
4263
4262
4261
4261
4260
4260
4260
4260
4267
4263
4259
4258
4258
4258
4258
4257
4257
4257
4257
4257
4256
4256
4254
4254
4253
4253
4252
4252
4252
4251
4250
4250
4250
4250
4249
4249
4249
4248
4248
4246
4246
4244
4254
4243
4242
4242
4242
4242
4242
4242
4241
4241
4248
4240
4240
4239
4239
4239
4239
4238
4238
4238
4237
4237
4237
4236
4235
4235
4243
4235
4235
4234
4234
4234
4232
4232
4231
4231
4231
4231
4229
4228
4228
4228
4228
4227
4227
4227
4227
4226
4225
4229
4226
4225
4224
4224
4223
4223
4223
4222
4221
4221
4221
4220
4220
4220
4219
4224
4217
4216
4215
4215
4214
4214
4214
4214
4214
4214
4214
4213
4213
4213
4213
4212
4212
4212
4212
4212
4211
4211
4211
4210
4208
4208
4207
4206
4206
4205
4204
4203
4203
4203
4202
4202
4201
4199
4199
4199
4198
4198
4198
4197
4227
4195
4209
4194
4194
4198
4192
4192
4192
4191
4191
4191
4190
4190
4189
4189
4189
4188
4188
4187
4186
4195
4184
4184
4183
4182
4182
4202
4182
4181
4180
4180
4178
4178
4178
4177
4176
4176
4176
4176
4176
4176
4176
4175
4174
4174
4184
4173
4173
4172
4172
4181
4171
4171
4171
4170
4170
4169
4169
4169
4169
4168
4168
4167
4167
4167
4166
4166
4166
4166
4166
4166
4165
4165
4164
4164
4164
4164
4164
4164
4164
4163
4170
4163
4163
4163
4162
4162
4162
4161
4159
4159
4159
4159
4157
4156
4155
4155
4154
4154
4154
4154
4154
4153
4152
4152
4152
4152
4152
4151
4151
4151
4151
4150
4150
4150
4149
4149
4148
4147
4147
4168
4146
4145
4145
4145
4145
4144
4144
4144
4143
4143
4143
4141
4141
4141
4141
4141
4140
4140
4140
4139
4138
4138
4137
4137
4137
4137
4136
4136
4135
4135
4135
4134
4134
4134
4134
4134
4133
4131
4131
4131
4130
4130
4130
4129
4129
4129
4129
4129
4129
4128
4128
4128
4128
4127
4126
4126
4125
4125
4125
4125
4125
4124
4124
4124
4123
4123
4123
4123
4122
4122
4122
4122
4121
4121
4120
4119
4119
4119
4119
4119
4118
4118
4127
4116
4116
4115
4115
4115
4115
4114
4114
4114
4114
4114
4114
4114
4114
4113
4112
4112
4111
4110
4110
4109
4109
4108
4108
4108
4114
4107
4107
4107
4107
4107
4106
4105
4105
4105
4105
4104
4114
4103
4103
4103
4102
4102
4101
4101
4101
4100
4099
4099
4099
4098
4098
4098
4097
4097
4095
4095
4095
4094
4093
4093
4092
4092
4091
4091
4091
4091
4090
4089
4089
4089
4088
4088
4088
4088
4088
4086
4086
4092
4086
4086
4086
4085
4085
4085
4084
4084
4083
4083
4082
4082
4082
4082
4081
4081
4080
4080
4080
4079
4079
4079
4078
4078
4078
4078
4077
4077
4077
4077
4077
4077
4076
4076
4076
4075
4074
4074
4073
4073
4072
4072
4072
4071
4071
4071
4070
4069
4069
4068
4068
4068
4067
4067
4067
4067
4067
4066
4066
4066
4066
4065
4065
4065
4064
4063
4062
4062
4062
4062
4062
4062
4062
4062
4062
4061
4061
4061
4061
4060
4059
4059
4059
4058
4057
4057
4057
4057
4056
4056
4056
4056
4056
4055
4055
4055
4055
4054
4054
4054
4054
4054
4053
4053
4053
4053
4051
4050
4050
4049
4049
4049
4049
4049
4048
4048
4048
4047
4047
4047
4047
4047
4046
4046
4046
4046
4046
4046
4045
4045
4045
4045
4045
4045
4057
4044
4044
4044
4044
4044
4043
4043
4043
4042
4042
4041
4041
4041
4040
4040
4040
4039
4039
4039
4039
4038
4038
4037
4037
4036
4035
4035
4034
4034
4034
4033
4033
4052
4033
4032
4032
4031
4030
4030
4030
4030
4029
4028
4028
4028
4027
4027
4027
4026
4025
4025
4024
4023
4023
4022
4022
4021
4021
4020
4020
4019
4019
4019
4019
4019
4018
4017
4017
4017
4045
4016
4016
4016
4016
4015
4014
4014
4014
4014
4013
4013
4013
4012
4012
4012
4012
4011
4011
4011
4011
4011
4011
4010
4010
4010
4009
4008
4008
4006
4006
4006
4006
4006
4006
4006
4006
4005
4005
4004
4004
4003
4003
4002
4002
4002
4002
4002
4002
4001
4001
4001
4001
4001
4000
4000
4000
3999
3999
3997
3997
3996
3996
3996
3996
3996
3996
3995
3994
3994
3994
3993
3993
3993
4017
3993
3992
3992
3992
3992
3991
3991
3991
3990
3990
3989
3988
3987
3987
3987
3987
4001
3985
3985
3985
3983
3983
3983
3982
3982
3981
3981
3980
3980
3980
3980
3979
3979
3979
3978
3977
3977
3977
3977
3977
3977
3976
3976
3975
3975
3975
3974
3974
3974
3974
3973
3973
3972
3972
3972
3972
3971
3971
3971
3970
3970
3970
3968
3968
3968
3968
3968
3967
3967
3967
3966
3966
3966
3966
3965
3964
3964
3964
3980
3963
3963
3963
3962
3962
3962
3975
3961
3991
3961
3960
3960
3978
3959
3958
3958
3958
3957
3957
3956
3955
3955
3955
3954
3954
3954
3963
3954
3951
3951
3951
3949
3948
3947
3947
3947
3946
3946
3945
3945
3945
3945
3944
3944
3944
3943
3943
3943
3936
3943
3942
3942
3942
3942
3940
3940
3940
3939
3938
3938
3938
3937
3937
3937
3936
3936
3936
3936
3936
3936
3935
3935
3935
3935
3934
3934
3933
3933
3933
3932
3932
3932
3931
3931
3931
3931
3931
3931
3934
3930
3929
3929
3929
3929
3928
3928
3928
3928
3928
3928
3927
3927
3927
3926
3926
3925
3944
3948
3924
3924
3924
3923
3923
3923
3923
3923
3921
3921
3920
3920
3919
3925
3917
3917
3917
3917
3917
3916
3916
3915
3927
3915
3914
3914
3914
3914
3914
3914
3913
3913
3913
3912
3912
3912
3911
3911
3910
3910
3910
3909
3909
3909
3909
3908
3908
3908
3908
3907
3906
3906
3906
3906
3905
3905
3905
3904
3902
3901
3901
3901
3901
3900
3900
3900
3899
3899
3899
3899
3898
3897
3897
3897
3897
3897
3897
3897
3896
3896
3896
3896
3896
3896
3896
3896
3895
3895
3895
3893
3893
3893
3893
3892
3892
3892
3891
3891
3891
3891
3890
3890
3904
3890
3889
3889
3889
3889
3889
3888
3888
3887
3887
3887
3887
3886
3886
3886
3892
3885
3885
3885
3884
3904
3883
3883
3882
3910
3881
3881
3881
3881
3881
3881
3880
3880
3880
3879
3879
3879
3879
3878
3885
3878
3878
3878
3878
3877
3877
3877
3877
3876
3876
3875
3874
3874
3874
3874
3873
3873
3872
3872
3872
3870
3870
3870
3869
3868
3867
3867
3866
3865
3865
3865
3865
3865
3865
3871
3863
3862
3862
3862
3861
3879
3860
3860
3860
3860
3860
3859
3859
3859
3859
3859
3858
3858
3857
3857
3857
3857
3857
3856
3855
3855
3854
3854
3854
3853
3852
3852
3852
3852
3851
3851
3850
3850
3850
3849
3849
3849
3848
3848
3847
3849
3847
3847
3846
3846
3846
3846
3845
3845
3844
3844
3859
3844
3844
3843
3841
3841
3841
3841
3840
3840
3840
3840
3840
3839
3839
3838
3838
3837
3837
3836
3836
3836
3836
3836
3835
3835
3834
3834
3833
3833
3833
3832
3832
3849
3831
3831
3831
3831
3831
3830
3830
3830
3830
3829
3829
3829
3829
3829
3828
3837
3828
3828
3827
3827
3826
3826
3850
3826
3825
3831
3823
3822
3822
3821
3821
3821
3821
3821
3823
3820
3820
3820
3819
3819
3818
3818
3817
3817
3817
3816
3816
3815
3815
3815
3815
3815
3815
3815
3814
3814
3812
3812
3812
3812
3812
3812
3811
3810
3810
3810
3810
3810
3809
3809
3808
3808
3808
3808
3807
3807
3807
3807
3806
3806
3805
3805
3804
3804
3804
3804
3803
3803
3803
3803
3802
3801
3801
3801
3801
3800
3810
3800
3800
3800
3800
3800
3799
3799
3799
3798
3798
3798
3798
3797
3797
3797
3796
3795
3795
3795
3794
3794
3794
3794
3794
3794
3799
3793
3792
3803
3791
3791
3791
3790
3790
3790
3790
3789
3789
3789
3789
3788
3787
3786
3786
3786
3786
3786
3786
3786
3796
3785
3785
3785
3784
3784
3784
3794
3784
3783
3783
3783
3783
3783
3782
3782
3786
3782
3781
3781
3781
3781
3780
3780
3780
3780
3780
3780
3779
3779
3779
3779
3779
3778
3778
3776
3776
3776
3775
3664
3774
3773
3773
3772
3772
3771
3771
3771
3771
3771
3771
3771
3770
3770
3770
3770
3769
3768
3768
3767
3767
3767
3767
3766
3766
3766
3765
3765
3765
3764
3764
3764
3764
3764
3764
3763
3772
3762
3761
3761
3760
3759
3802
3759
3759
3759
3758
3758
3758
3758
3758
3758
3757
3757
3757
3757
3757
3757
3757
3767
3756
3755
3755
3755
3754
3754
3754
3754
3770
3753
3753
3753
3753
3753
3753
3753
3752
3752
3752
3752
3751
3750
3750
3750
3750
3750
3749
3746
3746
3746
3746
3746
3746
3746
3745
3745
3745
3744
3743
3743
3743
3743
3743
3743
3743
3743
3742
3742
3742
3741
3741
3740
3740
3756
3740
3740
3740
3738
3738
3737
3737
3737
3737
3736
3736
3736
3736
3735
3733
3733
3733
3733
3732
3732
3732
3732
3732
3732
3732
3731
3731
3731
3731
3731
3731
3730
3730
3730
3730
3729
3728
3728
3728
3728
3726
3726
3726
3726
3725
3724
3724
3724
3724
3724
3724
3724
3723
3723
3722
3722
3722
3722
3722
3722
3721
3721
3721
3721
3721
3720
3746
3720
3720
3720
3719
3719
3718
3718
3718
3718
3718
3718
3717
3743
3717
3716
3716
3716
3716
3715
3715
3715
3715
3714
3714
3714
3714
3714
3714
3713
3712
3712
3711
3711
3711
3710
3710
3710
3709
3709
3709
3709
3707
3707
3707
3707
3706
3706
3706
3706
3705
3705
3705
3704
3704
3711
3703
3703
3703
3703
3702
3702
3702
3702
3701
3701
3701
3701
3700
3700
3699
3699
3699
3699
3699
3699
3699
3698
3698
3697
3697
3697
3697
3697
3696
3696
3696
3696
3695
3695
3695
3694
3694
3694
3693
3693
3693
3693
3693
3693
3693
3693
3692
3691
3712
3691
3690
3690
3690
3690
3689
3689
3689
3689
3688
3688
3688
3688
3687
3687
3687
3687
3687
3686
3686
3686
3685
3685
3685
3684
3684
3684
3684
3684
3683
3683
3683
3682
3682
3682
3682
3681
3681
3681
3681
3681
3680
3679
3679
3679
3679
3678
3678
3677
3677
3677
3677
3677
3676
3676
3676
3675
3675
3675
3673
3673
3673
3673
3673
3672
3671
3671
3671
3671
3671
3671
3670
3670
3669
3669
3669
3687
3669
3669
3668
3668
3668
3668
3667
3667
3665
3665
3664
3664
3664
3664
3663
3663
3663
3662
3662
3662
3662
3661
3661
3661
3661
3660
3660
3660
3660
3659
3659
3659
3659
3659
3659
3658
3658
3658
3658
3658
3658
3657
3657
3657
3657
3657
3656
3656
3656
3656
3656
3656
3655
3655
3655
3655
3655
3655
3655
3654
3654
3653
3653
3653
3652
3665
3652
3652
3652
3652
3652
3652
3651
3651
3651
3651
3651
3650
3650
3650
3649
3649
3649
3648
3648
3648
3646
3645
3645
3645
3645
3644
3644
3644
3644
3643
3643
3643
3643
3643
3643
3642
3642
3642
3641
3640
3640
3639
3639
3639
3661
3638
3638
3638
3638
3638
3637
3637
3637
3637
3637
3637
3636
3636
3636
3635
3635
3635
3635
3635
3635
3635
3635
3635
3635
3634
3642
3634
3638
3634
3634
3634
3634
3634
3633
3633
3632
3632
3632
3632
3631
3630
3630
3630
3630
3630
3630
3630
3629
3644
3629
3628
3628
3628
3627
3627
3648
3627
3627
3627
3627
3627
3626
3626
3625
3625
3625
3624
3624
3624
3623
3623
3622
3622
3622
3622
3621
3621
3621
3620
3620
3619
3619
3619
3618
3618
3618
3617
3617
3617
3617
3616
3616
3616
3616
3616
3616
3616
3615
3615
3615
3615
3614
3614
3614
3614
3614
3614
3614
3613
3612
3612
3611
3611
3611
3611
3631
3611
3610
3609
3609
3609
3609
3608
3608
3608
3607
3607
3630
3613
3606
3606
3606
3606
3605
3605
3605
3605
3605
3605
3604
3604
3604
3604
3604
3604
3604
3603
3603
3603
3602
3601
3600
3600
3599
3599
3599
3598
3598
3598
3598
3598
3598
3597
3597
3597
3597
3597
3597
3596
3596
3596
3596
3596
3595
3595
3601
3594
3594
3594
3592
3592
3592
3592
3592
3591
3591
3607
3590
3590
3590
3590
3589
3589
3589
3589
3588
3588
3588
3587
3606
3587
3587
3587
3586
3586
3586
3586
3586
3585
3584
3584
3584
3582
3582
3582
3581
3581
3581
3580
3580
3580
3580
3580
3585
3579
3579
3579
3578
3578
3578
3577
3577
3577
3577
3577
3577
3577
3576
3576
3576
3576
3576
3575
3575
3575
3575
3575
3574
3574
3574
3592
3573
3573
3573
3573
3573
3585
3572
3572
3571
3571
3571
3580
3570
3570
3570
3570
3569
3586
3569
3569
3569
3569
3568
3568
3568
3568
3568
3574
3567
3566
3566
3566
3566
3592
3565
3565
3564
3563
3563
3562
3562
3562
3561
3561
3561
3561
3561
3561
3560
3560
3560
3560
3560
3559
3559
3559
3559
3559
3559
3558
3558
3558
3558
3558
3557
3557
3557
3557
3557
3557
3556
3556
3556
3556
3555
3555
3555
3555
3555
3554
3554
3554
3553
3553
3553
3552
3552
3552
3552
3552
3551
3551
3551
3550
3550
3550
3550
3550
3550
3549
3549
3549
3548
3547
3547
3547
3546
3546
3546
3545
3545
3545
3545
3545
3544
3544
3544
3543
3543
3543
3542
3542
3542
3541
3541
3541
3541
3541
3539
3539
3539
3539
3538
3538
3537
3537
3537
3535
3535
3535
3559
3532
3532
3532
3531
3531
3531
3531
3530
3529
3529
3529
3529
3527
3527
3527
3527
3527
3526
3526
3526
3526
3526
3539
3525
3525
3524
3524
3524
3524
3524
3524
3523
3523
3523
3523
3523
3523
3522
3522
3522
3522
3522
3521
3520
3520
3520
3520
3520
3520
3520
3520
3519
3519
3519
3519
3519
3518
3518
3518
3517
3517
3517
3516
3514
3514
3513
3513
3513
3513
3513
3513
3513
3513
3512
3512
3512
3512
3511
3511
3511
3510
3510
3509
3509
3508
3508
3507
3507
3507
3507
3506
3506
3506
3506
3505
3505
3520
3505
3505
3504
3504
3504
3504
3503
3503
3503
3503
3503
3502
3502
3502
3502
3502
3502
3501
3501
3500
3500
3500
3500
3499
3499
3499
3498
3498
3498
3498
3498
3498
3497
3497
3497
3496
3496
3495
3495
3495
3495
3494
3494
3494
3493
3493
3513
3492
3492
3492
3492
3512
3493
3491
3491
3490
3490
3490
3490
3489
3489
3489
3489
3489
3488
3488
3488
3488
3488
3487
3487
3487
3486
3486
3486
3485
3485
3485
3485
3485
3485
3484
3484
3484
3484
3484
3483
3483
3483
3483
3483
3483
3483
3483
3482
3482
3481
3481
3481
3480
3480
3480
3480
3479
3478
3478
3478
3477
3477
3476
3476
3476
3476
3476
3475
3475
3475
3475
3475
3475
3475
3475
3475
3474
3474
3474
3474
3474
3474
3473
3473
3473
3473
3472
3472
3472
3472
3472
3471
3471
3470
3469
3469
3469
3468
3468
3468
3468
3468
3467
3467
3467
3466
3466
3466
3466
3466
3488
3465
3465
3464
3464
3464
3463
3463
3462
3462
3462
3461
3461
3461
3461
3461
3460
3460
3460
3460
3460
3459
3459
3458
3458
3457
3457
3456
3456
3456
3456
3455
3455
3455
3454
3454
3454
3454
3454
3453
3453
3453
3452
3452
3452
3452
3452
3452
3451
3451
3451
3451
3451
3451
3450
3450
3450
3450
3450
3449
3449
3449
3449
3448
3448
3447
3447
3450
3447
3446
3446
3446
3446
3462
3446
3446
3445
3445
3445
3445
3444
3444
3444
3444
3457
3442
3442
3442
3442
3441
3441
3440
3440
3440
3440
3440
3440
3440
3440
3440
3440
3439
3439
3439
3439
3438
3438
3437
3437
3460
3436
3436
3436
3436
3436
3436
3436
3435
3435
3435
3435
3435
3435
3434
3434
3434
3434
3434
3434
3433
3433
3433
3433
3433
3432
3432
3432
3432
3432
3432
3432
3431
3431
3431
3430
3430
3429
3429
3431
3429
3429
3429
3428
3428
3428
3442
3428
3428
3427
3427
3427
3427
3427
3427
3427
3426
3426
3425
3425
3425
3425
3424
3424
3424
3424
3424
3424
3423
3423
3423
3423
3423
3423
3433
3422
3422
3422
3421
3421
3421
3420
3420
3420
3420
3419
3419
3419
3419
3419
3418
3418
3418
3418
3417
3417
3416
3416
3415
3415
3415
3414
3414
3414
3414
3414
3414
3414
3414
3413
3413
3413
3413
3412
3412
3412
3411
3420
3411
3411
3411
3410
3410
3410
3410
3410
3409
3409
3409
3408
3407
3407
3406
3405
3405
3405
3405
3405
3405
3404
3404
3404
3403
3403
3402
3402
3402
3402
3402
3402
3402
3401
3401
3401
3400
3400
3400
3400
3400
3400
3399
3399
3399
3399
3398
3398
3398
3398
3398
3397
3397
3397
3397
3396
3396
3396
3396
3395
3395
3395
3394
3394
3394
3394
3393
3393
3393
3393
3393
3393
3393
3393
3392
3392
3392
3392
3392
3391
3391
3391
3391
3391
3391
3391
3391
3390
3390
3390
3390
3389
3389
3388
3388
3388
3387
3387
3387
3387
3387
3387
3386
3386
3386
3385
3385
3385
3384
3384
3383
3383
3383
3383
3383
3383
3383
3383
3383
3382
3382
3381
3381
3381
3381
3380
3380
3380
3380
3380
3380
3380
3380
3380
3379
3379
3379
3379
3379
3379
3378
3378
3378
3378
3378
3378
3378
3378
3377
3377
3393
3377
3377
3377
3377
3377
3376
3376
3376
3376
3376
3376
3399
3375
3375
3375
3375
3374
3374
3374
3374
3374
3374
3374
3374
3374
3374
3373
3373
3373
3373
3372
3371
3370
3370
3369
3369
3369
3369
3369
3369
3368
3368
3368
3367
3367
3367
3366
3366
3366
3366
3365
3365
3365
3365
3365
3364
3364
3364
3363
3363
3363
3362
3362
3361
3361
3361
3361
3361
3361
3361
3359
3359
3358
3358
3358
3357
3357
3357
3357
3357
3357
3356
3356
3356
3356
3356
3356
3355
3355
3355
3355
3355
3355
3354
3354
3354
3353
3353
3353
3353
3356
3352
3352
3352
3364
3352
3351
3351
3351
3351
3351
3351
3351
3350
3350
3350
3350
3349
3349
3349
3349
3349
3348
3348
3348
3348
3348
3348
3348
3348
3347
3347
3347
3347
3347
3347
3346
3346
3346
3346
3346
3345
3345
3367
3345
3345
3345
3356
3344
3343
3343
3343
3343
3342
3342
3342
3342
3342
3341
3341
3341
3341
3341
3341
3341
3340
3339
3339
3339
3339
3337
3337
3337
3337
3337
3336
3336
3336
3336
3336
3336
3336
3335
3335
3335
3334
3334
3333
3333
3333
3333
3352
3332
3332
3332
3332
3331
3331
3331
3331
3331
3331
3330
3330
3330
3330
3329
3329
3329
3329
3329
3329
3329
3328
3328
3328
3328
3328
3328
3328
3327
3327
3327
3327
3326
3326
3326
3325
3325
3324
3324
3324
3323
3323
3322
3322
3322
3322
3322
3321
3321
3321
3321
3321
3320
3320
3340
3320
3320
3320
3319
3319
3319
3318
3318
3318
3318
3317
3317
3317
3317
3317
3316
3316
3316
3315
3315
3315
3315
3315
3314
3314
3314
3314
3314
3314
3314
3313
3313
3313
3312
3312
3312
3311
3311
3311
3310
3310
3310
3310
3331
3309
3309
3309
3309
3309
3309
3308
3308
3308
3308
3308
3308
3307
3306
3306
3305
3305
3305
3305
3305
3304
3304
3304
3304
3304
3304
3304
3304
3303
3303
3303
3304
3303
3303
3303
3303
3302
3302
3302
3302
3301
3301
3300
3300
3300
3299
3299
3299
3299
3299
3299
3299
3299
3299
3298
3301
3298
3298
3298
3298
3297
3297
3297
3297
3297
3297
3297
3297
3296
3296
3296
3296
3296
3296
3296
3296
3295
3295
3295
3295
3295
3295
3294
3294
3293
3293
3293
3293
3292
3292
3291
3311
3290
3290
3290
3290
3289
3288
3288
3288
3288
3288
3287
3287
3286
3286
3286
3286
3285
3285
3285
3285
3284
3284
3284
3283
3283
3283
3283
3282
3281
3281
3281
3281
3280
3280
3280
3280
3280
3279
3279
3279
3279
3279
3278
3278
3278
3278
3278
3277
3277
3277
3276
3276
3276
3275
3275
3275
3275
3274
3274
3273
3273
3273
3272
3272
3272
3272
3272
3272
3271
3271
3271
3271
3271
3271
3270
3270
3270
3269
3269
3269
3269
3269
3269
3269
3268
3268
3268
3268
3267
3267
3267
3267
3267
3266
3266
3265
3265
3265
3265
3265
3265
3265
3265
3265
3264
3264
3263
3263
3263
3263
3263
3263
3262
3262
3262
3262
3261
3261
3261
3261
3260
3260
3260
3260
3259
3259
3259
3259
3259
3258
3258
3258
3258
3258
3258
3258
3257
3257
3257
3257
3257
3257
3257
3257
3256
3256
3256
3256
3255
3255
3255
3255
3255
3254
3254
3254
3254
3254
3254
3253
3253
3253
3253
3253
3252
3252
3252
3252
3252
3252
3252
3251
3251
3251
3251
3251
3251
3251
3250
3250
3250
3250
3249
3249
3249
3249
3269
3249
3249
3249
3249
3249
3249
3248
3248
3248
3248
3248
3248
3248
3247
3247
3247
3247
3247
3246
3246
3245
3245
3245
3245
3244
3244
3244
3244
3243
3243
3243
3243
3242
3242
3242
3242
3242
3242
3242
3242
3242
3241
3241
3241
3241
3241
3241
3241
3240
3240
3239
3239
3240
3238
3238
3238
3238
3238
3237
3237
3237
3257
3237
3237
3237
3237
3236
3236
3236
3236
3235
3235
3235
3235
3235
3235
3235
3235
3234
3234
3234
3233
3235
3232
3232
3232
3232
3232
3231
3231
3230
3256
3230
3230
3251
3230
3229
3229
3228
3228
3228
3227
3227
3227
3227
3227
3227
3227
3226
3226
3226
3226
3226
3226
3226
3226
3226
3226
3225
3225
3225
3234
3225
3225
3225
3224
3227
3224
3224
3223
3223
3223
3223
3222
3222
3221
3221
3221
3221
3220
3220
3220
3220
3220
3220
3219
3219
3219
3219
3218
3218
3217
3217
3217
3217
3216
3216
3216
3215
3215
3215
3215
3214
3214
3214
3214
3214
3213
3213
3213
3212
3211
3229
3211
3210
3210
3210
3208
3208
3208
3208
3207
3207
3207
3207
3207
3207
3206
3206
3206
3206
3206
3206
3205
3205
3205
3205
3204
3204
3204
3204
3204
3204
3203
3203
3203
3203
3203
3203
3202
3202
3202
3202
3201
3201
3201
3201
3201
3201
3221
3201
3201
3201
3200
3200
3199
3199
3210
3198
3198
3198
3208
3197
3197
3197
3197
3196
3198
3196
3196
3196
3195
3195
3195
3195
3195
3195
3195
3194
3194
3194
3193
3193
3193
3192
3192
3192
3192
3192
3192
3191
3191
3191
3190
3190
3190
3190
3190
3189
3189
3189
3189
3188
3188
3188
3188
3188
3188
3187
3187
3187
3187
3187
3186
3186
3186
3186
3186
3186
3186
3185
3185
3185
3185
3184
3184
3184
3184
3184
3184
3198
3183
3183
3183
3183
3182
3182
3182
3182
3182
3182
3182
3182
3181
3181
3181
3181
3180
3180
3180
3180
3179
3179
3179
3178
3178
3178
3178
3178
3178
3178
3178
3177
3177
3177
3176
3176
3176
3176
3176
3176
3175
3175
3175
3175
3174
3174
3173
3173
3172
3172
3172
3172
3171
3171
3171
3171
3171
3171
3171
3170
3170
3169
3169
3169
3169
3169
3056
3169
3168
3168
3167
3167
3167
3166
3166
3165
3165
3170
3165
3165
3165
3164
3164
3164
3180
3163
3163
3163
3162
3162
3162
3162
3162
3162
3162
3162
3161
3161
3161
3161
3161
3161
3160
3160
3160
3160
3160
3159
3159
3159
3159
3159
3159
3158
3158
3158
3158
3158
3158
3158
3157
3157
3157
3157
3157
3156
3156
3156
3156
3156
3156
3156
3156
3155
3154
3154
3154
3154
3154
3153
3153
3153
3153
3153
3152
3152
3152
3152
3152
3152
3152
3151
3151
3151
3151
3151
3151
3151
3150
3150
3150
3150
3150
3149
3149
3149
3148
3148
3148
3148
3147
3147
3147
3147
3147
3147
3147
3147
3146
3146
3153
3146
3145
3145
3145
3145
3145
3145
3145
3145
3145
3145
3144
3144
3143
3143
3143
3158
3149
3142
3142
3142
3142
3142
3142
3142
3141
3141
3141
3141
3141
3141
3141
3140
3140
3139
3139
3139
3139
3139
3139
3139
3139
3161
3139
3139
3138
3138
3138
3138
3137
3137
3137
3137
3136
3136
3136
3136
3136
3136
3136
3136
3136
3135
3135
3135
3135
3135
3135
3135
3135
3134
3133
3133
3133
3132
3132
3132
3132
3132
3132
3131
3131
3131
3131
3130
3130
3130
3150
3129
3129
3129
3128
3128
3128
3128
3140
3128
3128
3127
3153
3127
3126
3126
3126
3126
3125
3125
3125
3125
3125
3124
3124
3124
3123
3144
3123
3123
3122
3122
3122
3122
3122
3122
3121
3121
3121
3121
3126
3121
3120
3120
3120
3120
3119
3119
3119
3119
3119
3119
3118
3118
3118
3118
3117
3117
3117
3117
3117
3117
3117
3134
3116
3116
3116
3116
3116
3115
3115
3115
3114
3114
3114
3114
3113
3112
3112
3111
3111
3111
3111
3111
3110
3114
3110
3110
3110
3110
3110
3110
3109
3109
3109
3108
3108
3107
3107
3107
3118
3106
3106
3106
3106
3106
3106
3133
3105
3105
3104
3104
3104
3104
3103
3103
3103
3103
3103
3103
3102
3102
3102
3102
3102
3101
3101
3101
3101
3101
3101
3100
3100
3100
3100
3099
3099
3099
3099
3099
3103
3099
3099
3099
3098
3098
3098
3098
3098
3098
3098
3097
3097
3097
3097
3096
3096
3096
3096
3096
3096
3095
3095
3095
3095
3095
3094
3094
3094
3093
3092
3092
3092
3092
3119
3092
3091
3091
3091
3091
3091
3091
3091
3090
3090
3090
3090
3089
3097
3089
3089
3088
3088
3088
3088
3088
3088
3088
3088
3088
3088
3088
3088
3087
3096
3087
3087
3087
3110
3099
3086
3086
3086
3086
3086
3086
3086
3085
3085
3085
3085
3085
3085
3085
3085
3084
3083
3083
3083
3082
3082
3082
3089
3082
3082
3081
3081
3081
3081
3081
3080
3080
3079
3079
3079
3079
3078
3078
3078
3078
3078
3078
3078
3078
3078
3078
3078
3077
3077
3103
3077
3077
3076
3076
3076
3076
3076
3076
3075
3075
3075
3075
3075
3075
3075
3091
3074
3073
3073
3073
3072
3072
3072
3071
3071
3071
3070
3070
3070
3070
3070
3070
3070
3070
3070
3069
3069
3069
3069
3069
3069
3069
3069
3069
3069
3069
3072
3068
3067
3067
3067
3067
3066
3066
3066
3065
3065
3064
3064
3064
3064
3064
3064
3063
3066
3062
3062
3062
3061
3061
3061
3061
3061
3061
3061
3060
3060
3060
3060
3060
3060
3059
3059
3059
3059
3058
3069
3058
3058
3058
3057
3057
3057
3057
3060
3057
3057
3056
3056
3056
3056
3055
3055
3055
3055
3055
3054
3054
3054
3054
3054
3053
3053
3053
3053
3053
3053
3052
3052
3052
3052
3052
3052
3052
3052
3051
3051
3051
3051
3051
3050
3050
3049
3049
3049
3049
3049
3049
3048
3048
3048
3048
3048
3047
3047
3047
3047
3047
3047
3047
3047
3046
3046
3046
3046
3045
3050
3045
3045
3061
3045
3045
3045
3044
3044
3044
3043
3043
3042
3042
3042
3042
3042
3041
3041
3041
3041
3041
3041
3044
3041
3041
3040
3040
3040
3040
3040
3039
3039
3039
3039
3039
3039
3038
3038
3038
3038
3037
3037
3037
3037
3037
3036
3036
3036
3036
3045
3036
3035
3035
3035
3035
3034
3034
3034
3034
3034
3034
3034
3033
3033
3033
3033
3033
3032
3053
3032
3032
3031
3031
3031
3031
3031
3031
3031
3031
3031
3031
3031
3030
3030
3030
3030
3030
3030
3030
3029
3029
3029
3028
3028
3028
3028
3028
3028
3028
3028
3028
3028
3028
3027
3027
3027
3027
3026
3026
3026
3026
3026
3026
3026
3025
3025
3025
3025
3025
3025
3025
3025
3025
3025
3024
3024
3024
3023
3023
3023
3023
3023
3023
3023
3023
3023
3023
3022
3022
3022
3022
3021
3021
3021
3021
3021
3021
3021
3020
3020
3020
3020
3037
3019
3019
3019
3019
3019
3019
3019
3019
3018
3018
3018
3018
3018
3018
3017
3017
3017
3016
3016
3016
3016
3015
3015
3015
3015
3014
3014
3013
3013
3013
3013
3013
3013
3012
3012
3012
3011
3011
3010
3009
3009
3009
3008
3008
3008
3007
3007
3007
3007
3007
3006
3006
3006
3006
3006
3006
3005
3005
3005
3005
3005
3005
3005
3005
3004
3004
3004
3004
3003
3003
3003
3003
3002
3002
3002
3002
3001
3001
3001
3001
3001
3001
3001
3001
3001
3000
3000
3000
3000
3000
3000
3000
3000
3003
3005
