715639
435369
431642
392182
377218
372279
350772
310427
309529
284186
269507
254917
232945
224719
215390
214457
213574
213521
213445
213056
201943
193285
189732
189698
189094
186975
186717
186217
185076
183582
182381
179039
178612
175133
173366
173290
172455
171701
164634
159602
159093
158054
157547
153601
150738
150609
149638
149256
148762
147111
146388
145797
144691
144392
143400
142242
142183
140981
140456
139476
139324
139166
138228
136646
135619
135453
133101
132411
131779
131741
131275
131163
130107
130064
129703
127894
127498
126929
126056
125837
124684
124366
124267
123222
122865
122627
122021
121274
120806
119152
118411
118211
116369
116132
115431
115132
113484
113045
112713
111299
109779
109339
108646
108636
108621
108466
108387
107499
106771
106450
105971
104529
104455
103867
103332
103331
102225
101969
101842
101699
101621
101317
101295
100491
100318
100206
100179
99394
99225
98984
98148
97990
97833
97254
97002
96920
96780
96529
96211
95802
95757
95462
95106
95027
94964
94299
94154
93964
93679
93538
93184
92775
92282
92137
91869
91511
90996
90711
90651
90108
89705
89499
89493
89344
89311
89092
89069
88930
88743
88151
87495
87208
87068
86873
86758
86648
86609
86592
86114
85051
84925
84883
84864
84529
84515
83966
83928
83872
83866
83660
83444
82830
82216
81997
81722
81449
81400
81270
81053
80885
80662
80218
80113
80058
80030
79738
79591
79566
79403
78796
78718
78301
78287
77977
77854
77654
77448
77187
76450
76404
76314
76246
76203
75611
75148
74764
74646
74409
74194
73903
73833
73605
73281
72894
71861
71794
71790
71735
71624
71058
71079
70952
70876
70774
70580
70444
70405
70359
70354
69894
69563
69506
69451
69382
69365
68922
68749
68584
68244
68223
67779
67774
67691
67566
67015
66958
66817
66614
66602
66601
66565
66492
66440
66160
66068
66011
65848
65770
65496
65271
65213
65211
64602
64444
64428
64390
64281
63918
63867
63529
63466
63420
63415
63373
63270
63234
63227
63072
62877
62818
62810
62792
62381
62236
61477
61442
61404
61383
61104
61054
60715
60584
60518
60423
60226
60144
60097
60088
59971
59898
59788
59605
59369
59352
59298
59161
58964
58875
58834
58510
58187
58030
57967
57843
57273
56983
56713
56695
56361
56294
56214
56173
55951
55872
55850
55747
55743
55735
55733
55654
55562
55523
55485
55425
55306
55213
55195
55169
54724
54692
54632
54569
54557
54350
54269
54192
54124
54008
53943
53842
53640
53570
53490
53354
53274
53274
53268
53239
53238
53195
53143
53122
52820
52667
52657
52542
52331
52219
52146
52077
51967
51919
51755
51717
51453
51377
51345
51345
51126
51008
50961
50873
50845
50812
50626
50568
50534
50527
50508
50437
50323
50084
50017
49985
49968
49754
49717
49687
49379
49281
48928
48893
48855
48732
48696
48638
48455
48392
48221
48059
47986
47981
47916
47909
47605
47583
47484
47451
47366
47335
47330
47315
47286
46989
46866
46861
46698
46598
46556
46549
46447
46364
46116
46115
46095
46061
46015
45907
45855
45814
45667
45526
45499
45382
45234
45219
45066
45021
44960
44971
44880
44813
44776
44676
44645
44580
44574
44557
44546
44372
44245
44239
44201
44085
44001
43879
43803
43735
43680
43514
43500
43447
43355
43333
43321
43325
43286
43284
43280
43223
43197
43145
43083
42865
42816
42805
42767
42735
42708
42699
42636
42488
42445
42433
42396
42348
42156
42109
42085
41960
41879
41778
41643
41566
41526
41497
41494
41416
41396
41321
40949
40979
40856
40834
40731
40699
40687
40559
40546
40504
40416
40375
40351
40305
40086
40038
40020
40007
40040
39762
39714
39633
39604
39543
39501
39391
39289
39263
39196
39198
39078
39073
39042
39041
39035
39031
39016
38964
38846
38744
38708
38656
38624
38581
38542
38527
38479
38452
38399
38381
38134
38122
38106
38100
37984
37968
37964
37911
37895
37841
37818
37716
37704
37668
37601
37590
37556
37483
37421
37336
37262
37250
37246
37213
37199
37170
37142
37129
37105
37031
36987
36974
36944
36917
36907
36811
36623
36577
36559
36534
36479
36442
36453
36436
36432
36349
36286
36255
36201
36199
36169
36112
36084
35996
35977
35958
35866
35866
35823
35819
35815
35800
35754
35748
35666
35659
35654
35604
35594
35593
35525
35474
35397
35390
35384
35282
35258
35255
35236
35202
35196
35182
35113
35016
35020
34997
34965
34939
34911
34827
34800
34800
34814
34789
34691
34686
34662
34657
34591
34551
34509
34492
34478
34476
34472
34461
34443
34422
34410
34369
34268
34251
34225
34212
34191
34145
34136
34068
34061
33993
33987
33946
33923
33908
33900
33882
33842
33804
33768
33779
33719
33717
33705
33673
33646
33569
33548
33502
33488
33336
33300
33206
33142
33132
33081
33075
32991
32976
32921
32913
32790
32773
32768
32737
32684
32678
32658
32644
32642
32549
32491
32477
32470
32389
32379
32366
32347
32318
32287
32237
32230
32157
32153
32146
32116
32071
32066
32051
32027
32009
31985
31979
31952
31903
31890
31817
31816
31789
31787
31730
31725
31725
31667
31540
31490
31488
31482
31453
31447
31415
31404
31354
31337
31284
31284
31280
31265
31239
31237
31212
31251
31137
31123
31069
31020
31005
30994
30955
30946
30930
30922
30895
30853
30826
30816
30798
30746
30741
30726
30721
30720
30712
30704
30702
30698
30676
30656
30635
30622
30536
30533
30524
30494
30480
30474
30470
30444
30441
30419
30415
30419
30387
30362
30342
30334
30348
30293
30292
30274
30273
30255
30241
30241
30231
30178
30132
30129
30111
30122
30016
29967
29911
29919
29901
29835
29821
29821
29819
29761
29678
29657
29582
29563
29562
29574
29548
29540
29539
29519
29498
29370
29322
29304
29288
29279
29240
29238
29225
29183
29169
29113
29079
29072
29069
29006
28991
28936
28919
28866
28686
28680
28673
28651
28641
28597
28597
28596
28573
28567
28564
28499
28499
28485
28452
28449
28434
28419
28404
28402
28360
28353
28342
28334
28315
28307
28289
28249
28240
28219
28218
28208
28203
28138
28138
28109
28090
28080
28072
28064
28002
27949
27940
27934
27925
27925
27923
27910
27894
27873
27782
27743
27702
27654
27645
27640
27617
27615
27586
27568
27392
27363
27360
27342
27315
27309
27308
27297
27276
27271
27198
27158
27167
27159
27128
27089
27076
27047
27039
27028
27023
27013
27012
27002
26931
26929
26897
26896
26877
26860
26842
26839
26836
26780
26765
26763
26763
26752
26722
26715
26697
26694
26685
26684
26666
26664
26664
26655
26626
26583
26541
26518
26513
26512
26472
26438
26357
26345
26344
26286
26281
26254
26251
26250
26228
26173
26166
26164
26151
26150
26136
26098
26082
26081
26070
26040
26036
26035
26014
26007
25970
25955
25933
25897
25880
25880
25878
25866
25825
25824
25791
25747
25736
25732
25730
25724
25698
25681
25669
25655
25641
25615
25596
25585
25584
25584
25562
25536
25518
25514
25473
25451
25450
25446
25431
25410
25385
25384
25382
25376
25360
25346
25333
25307
25296
25220
25192
25186
25184
25164
25091
25085
25080
25077
25052
25076
25075
25053
25064
25055
24996
24987
24986
24946
24955
24895
24893
24820
24815
24798
24795
24767
24756
24733
24684
24665
24648
24610
24594
24581
24578
24596
24570
24552
24533
24530
24517
24500
24474
24471
24455
24438
24434
24427
24412
24391
24380
24371
24356
24353
24323
24294
24249
24234
24231
24221
24206
24203
24194
24181
24146
24102
24053
24042
24028
24027
24007
23999
23949
23928
23887
23886
23839
23822
23793
23775
23730
23693
23688
23685
23667
23657
23639
23636
23633
23601
23619
23548
23536
23514
23509
23497
23497
23488
23468
23438
23375
23369
23361
23352
23346
23339
23320
23311
23298
23298
23297
23267
23244
23240
23223
23220
23202
23175
23125
23099
23093
23032
23011
23001
22999
22990
22980
22964
22943
22924
22910
22906
22892
22883
22886
22866
22854
22852
22849
22812
22804
22802
22797
22793
22778
22774
22761
22745
22744
22736
22731
22709
22707
22666
22663
22652
22648
22640
22622
22611
22597
22595
22581
22581
22581
22578
22570
22549
22534
22518
22518
22513
22510
22500
22497
22491
22470
22482
22452
22444
22440
22450
22414
22390
22377
22360
22351
22350
22324
22315
22312
22311
22292
22287
22278
22259
22258
22255
22251
22245
22234
22222
22220
22212
22211
22202
22198
22187
22178
22170
22154
22152
22151
22147
22122
22072
22059
22043
22040
22033
22030
22021
22017
22002
21984
21973
21968
21963
21957
21956
21953
21944
21950
21922
21931
21907
21890
21887
21848
21851
21849
21845
21800
21769
21764
21754
21746
21717
21726
21695
21683
21660
21646
21644
21641
21623
21606
21595
21593
21576
21571
21570
21569
21544
21525
21522
21522
21493
21487
21478
21477
21448
21441
21434
21431
21413
21409
21406
21396
21394
21386
21370
21354
21342
21337
21337
21331
21312
21253
21227
21222
21220
21235
21214
21213
21211
21209
21184
21171
21131
21109
21099
21095
21060
21044
21022
21019
21016
21010
20993
20993
20991
20958
20946
20910
20880
20871
20869
20835
20835
20829
20818
20813
20812
20800
20794
20779
20772
20733
20721
20721
20719
20704
20701
20688
20675
20669
20659
20659
20627
20622
20620
20618
20612
20593
20564
20563
20556
20551
20534
20532
20529
20515
20508
20505
20489
20474
20473
20451
20435
20414
20404
20403
20393
20352
20352
20312
20309
20247
20249
20231
20229
20226
20226
20219
20239
20216
20206
20190
20170
20169
20166
20161
20153
20129
20123
20122
20122
20114
20110
20104
20101
20085
20083
20081
20081
20078
20078
20067
20043
20020
20018
20024
20000
19997
19993
19984
19982
19980
19979
19963
19959
19955
19954
19942
19928
19907
19901
19907
19896
19890
19870
19856
19856
19848
19843
19835
19824
19816
19761
19752
19740
19731
19725
19714
19705
19676
19665
19686
19648
19610
19605
19586
19574
19556
19552
19551
19540
19539
19538
19545
19479
19477
19466
19453
19446
19442
19408
19405
19404
19403
19382
19377
19377
19354
19345
19345
19338
19330
19297
19294
19290
19287
19285
19297
19269
19263
19258
19257
19238
19225
19212
19211
19210
19206
19193
19181
19175
19167
19164
19163
19138
19125
19111
19099
19084
19075
19066
19050
19044
19043
19029
19027
19026
18997
18976
18967
18963
18961
18956
18947
18932
18931
18938
18924
18919
18918
18905
18897
18896
18895
18917
18883
18881
18870
18866
18864
18860
18855
18820
18807
18777
18773
18764
18763
18762
18775
18753
18738
18729
18726
18725
18724
18680
18653
18649
18648
18645
18644
18638
18637
18634
18620
18611
18596
18595
18597
18591
18585
18584
18583
18580
18578
18569
18563
18555
18551
18547
18519
18507
18505
18497
18476
18475
18472
18468
18460
18448
18446
18427
18426
18417
18410
18407
18403
18373
18367
18352
18346
18319
18313
18308
18300
18291
18282
18279
18277
18271
18269
18267
18299
18259
18259
18255
18261
18246
18245
18201
18199
18175
18191
18167
18161
18152
18152
18162
18143
18110
18081
18077
18078
18063
18055
18054
18051
18021
17998
17990
17990
17973
17964
17943
17942
17939
17936
17935
17916
17916
17907
17901
17899
17895
17892
17878
17878
17869
17869
17867
17867
17853
17845
17837
17825
17812
17803
17803
17791
17783
17782
17765
17733
17711
17706
17694
17666
17663
17649
17644
17643
17635
17653
17604
17578
17578
17566
17566
17566
17564
17544
17540
17531
17528
17527
17516
17520
17490
17489
17487
17471
17462
17452
17438
17433
17426
17426
17426
17426
17424
17419
17414
17390
17387
17383
17380
17398
17374
17367
17361
17360
17358
17355
17344
17339
17337
17333
17348
17290
17273
17270
17285
17258
17287
17259
17240
17238
17233
17231
17227
17216
17188
17179
17177
17162
17162
17138
17136
17086
17080
17069
17055
17053
17025
17002
16990
16983
16979
16958
16941
16939
16896
16892
16890
16874
16863
16856
16870
16839
16831
16827
16824
16822
16816
16805
16813
16788
16770
16767
16766
16742
16741
16740
16737
16735
16727
16721
16687
16684
16683
16680
16677
16648
16647
16639
16634
16628
16617
16614
16611
16607
16585
16530
16549
16540
16539
16532
16528
16494
16477
16462
16460
16455
16435
16430
16426
16418
16414
16412
16404
16386
16404
16364
16357
16356
16356
16375
16350
16347
16345
16339
16336
16335
16334
16334
16326
16320
16314
16304
16300
16296
16305
16291
16276
16276
16271
16269
16265
16264
16251
16231
16205
16202
16190
16188
16186
16177
16175
16168
16162
16189
16151
16150
16149
16142
16140
16137
16137
16132
16111
16089
16089
16089
16086
16087
16067
16052
16050
16056
16027
16021
16016
16005
16000
15966
15971
15958
15954
15952
15948
15941
15940
15935
15951
15925
15922
15901
15899
15894
15891
15891
15877
15864
15849
15845
15826
15814
15810
15808
15805
15802
15794
15789
15769
15763
15762
15756
15747
15740
15739
15740
15732
15730
15724
15719
15717
15717
15713
15707
15700
15698
15692
15689
15678
15668
15667
15663
15663
15660
15655
15641
15621
15620
15620
15618
15607
15604
15571
15571
15556
15554
15543
15541
15533
15510
15502
15499
15493
15487
15486
15483
15478
15463
15462
15460
15479
15452
15445
15444
15428
15418
15416
15415
15418
15387
15383
15381
15377
15361
15356
15348
15347
15346
15346
15342
15335
15332
15320
15314
15313
15313
15310
15310
15310
15301
15300
15289
15286
15282
15281
15280
15278
15260
15250
15247
15242
15239
15229
15225
15220
15214
15212
15212
15208
15203
15189
15175
15161
15161
15160
15156
15150
15150
15148
15148
15134
15127
15113
15110
15098
15090
15085
15070
15068
15062
15047
15036
15035
15030
15016
15026
15008
15003
14996
14993
14990
14989
14982
14979
14971
14967
14958
14955
14983
14948
14947
14944
14942
14941
14960
14924
14920
14931
14910
14909
14898
14894
14876
14867
14865
14865
14864
14862
14856
14853
14850
14848
14836
14849
14826
14821
14819
14816
14808
14806
14805
14801
14791
14789
14793
14786
14781
14780
14773
14770
14765
14761
14761
14750
14750
14749
14742
14738
14737
14751
14735
14724
14720
14719
14700
14700
14694
14689
14687
14685
14679
14676
14671
14671
14659
14659
14645
14642
14640
14652
14638
14634
14658
14619
14606
14603
14602
14593
14593
14591
14582
14572
14568
14567
14573
14544
14534
14531
14517
14511
14508
14507
14499
14499
14493
14491
14486
14478
14476
14483
14472
14464
14462
14449
14448
14446
14444
14428
14425
14424
14417
14409
14400
14398
14397
14396
14393
14386
14383
14376
14376
14356
14348
14344
14337
14332
14342
14326
14324
14307
14303
14303
14306
14298
14297
14289
14288
14281
14278
14275
14270
14269
14268
14264
14249
14245
14238
14231
14229
14219
14214
14211
14209
14200
14198
14187
14178
14174
14170
14154
14148
14139
14136
14139
14149
14106
14079
14073
14072
14068
14061
14056
14053
14051
14047
14044
14052
14035
14027
14009
14006
14002
14001
13998
13977
13970
13969
13964
13963
13962
13967
13942
13941
13925
13921
13920
13916
13914
13914
13908
13906
13902
13917
13888
13876
13875
13875
13868
13854
13853
13852
13844
13827
13821
13812
13790
13779
13778
13778
13771
13771
13778
13771
13740
13737
13737
13727
13724
13734
13722
13720
13719
13719
13717
13703
13695
13693
13689
13681
13680
13673
13668
13667
13665
13665
13663
13663
13661
13661
13644
13643
13635
13635
13628
13623
13622
13619
13636
13606
13588
13587
13587
13582
13580
13578
13562
13554
13541
13533
13530
13526
13526
13525
13520
13519
13517
13516
13515
13511
13510
13505
13499
13498
13525
13496
13488
13487
13473
13473
13463
13450
13450
13450
13449
13447
13445
13437
13434
13431
13430
13427
13412
13438
13418
13405
13400
13399
13425
13391
13383
13371
13381
13365
13359
13358
13356
13349
13349
13347
13339
13336
13320
13315
13308
13299
13292
13288
13282
13273
13262
13259
13256
13246
13241
13239
13229
13223
13215
13214
13211
13210
13208
13205
13204
13202
13202
13228
13190
13183
13175
13168
13166
13161
13148
13157
13145
13144
13133
13132
13162
13136
13123
13119
13118
13109
13097
13094
13093
13085
13085
13084
13084
13078
13072
13071
13065
13055
13053
13048
13044
13041
13035
13029
13020
13015
13010
13010
13007
13003
13001
13000
12987
12988
12980
12977
13003
12971
12967
12967
12966
12964
12961
12959
12945
12938
12943
12937
12933
12931
12929
12923
12915
12914
12913
12904
12903
12898
12891
12887
12886
12883
12881
12879
12873
12870
12864
12859
12846
12840
12838
12835
12833
12824
12818
12815
12812
12809
12827
12802
12799
12796
12789
12774
12773
12770
12763
12758
12756
12755
12746
12730
12727
12726
12718
12716
12714
12712
12704
12704
12704
12702
12700
12699
12698
12673
12670
12663
12660
12654
12652
12645
12641
12640
12638
12626
12619
12614
12617
12607
12602
12600
12596
12594
12590
12621
12580
12572
12572
12569
12568
12566
12559
12557
12549
12534
12530
12524
12515
12511
12502
12499
12496
12490
12485
12483
12483
12473
12471
12469
12466
12466
12462
12461
12476
12457
12457
12490
12434
12434
12430
12423
12422
12442
12419
12415
12414
12413
12408
12408
12415
12401
12396
12395
12390
12389
12386
12368
12361
12361
12356
12351
12349
12349
12348
12335
12323
12322
12319
12312
12330
12308
12308
12300
12289
12297
12283
12278
12271
12269
12266
12262
12259
12257
12256
12248
12238
12237
12230
12214
12212
12210
12208
12201
12197
12196
12188
12187
12177
12174
12174
12173
12173
12173
12171
12167
12166
12163
12158
12149
12149
12146
12145
12144
12144
12137
12135
12135
12121
12121
12114
12109
12108
12130
12101
12100
12096
12095
12099
12092
12091
12088
12088
12088
12106
12087
12080
12079
12103
12064
12062
12057
12056
12037
12037
12037
12034
12031
12027
12026
12023
12022
12019
12017
12015
12000
12000
11996
11986
11982
11973
11973
11972
11968
11968
11965
11954
11935
11934
11975
11932
11927
11927
11925
11922
11941
11937
11916
11915
11905
11921
11898
11898
11896
11896
11895
11893
11884
11881
11879
11877
11873
11873
11870
11870
11863
11860
11850
11844
11843
11843
11842
11839
11830
11804
11796
11792
11791
11789
11791
11788
11792
11779
11777
11774
11774
11767
11757
11756
11754
11746
11744
11743
11741
11741
11740
11740
11739
11734
11737
11729
11726
11723
11723
11713
11713
11731
11696
11688
11687
11683
11679
11678
11677
11685
11676
11675
11658
11657
11656
11653
11656
11651
11649
11644
11629
11618
11616
11609
11600
11585
11583
11569
11568
11563
11560
11560
11550
11547
11545
11540
11531
11531
11527
11524
11520
11516
11513
11510
11504
11500
11497
11491
11482
11476
11476
11474
11473
11471
11470
11469
11468
11467
11465
11467
11453
11448
11446
11438
11438
11437
11436
11430
11429
11428
11428
11425
11419
11417
11414
11412
11408
11403
11426
11409
11391
11388
11387
11382
11380
11393
11367
11366
11365
11358
11351
11348
11347
11358
11336
11330
11329
11329
11334
11326
11324
11321
11315
11331
11308
11307
11308
11304
11294
11293
11292
11284
11278
11276
11276
11273
11272
11272
11265
11265
11263
11282
11260
11258
11257
11257
11252
11248
11242
11239
11238
11238
11235
11231
11224
11223
11222
11220
11220
11218
11218
11216
11215
11212
11206
11201
11200
11195
11194
11190
11188
11186
11186
11183
11181
11178
11176
11173
11164
11164
11163
11146
11144
11124
11122
11121
11113
11112
11118
11115
11110
11108
11105
11105
11097
11097
11092
11092
11091
11090
11088
11082
11081
11080
11075
11075
11075
11073
11066
11064
11062
11062
11061
11059
11054
11052
11051
11045
11045
11042
11037
11036
11032
11038
11025
11023
11021
11020
11017
11015
11014
11014
11006
11004
11002
11002
11000
10983
10978
10977
10976
10974
10973
10970
10969
10982
10960
10959
10953
10952
10950
10945
10942
10939
10938
10937
10936
10935
10935
10931
10930
10927
10927
10924
10922
10922
10916
10913
10906
10911
10905
10901
10900
10899
10894
10889
10884
10883
10880
10880
10877
10871
10877
10861
10859
10859
10858
10869
10848
10847
10845
10844
10836
10835
10829
10828
10828
10822
10820
10819
10818
10817
10816
10814
10812
10802
10801
10800
10795
10795
10794
10789
10783
10783
10777
10776
10768
10770
10762
10759
10756
10741
10737
10736
10735
10734
10731
10728
10725
10725
10724
10721
10715
10715
10713
10713
10709
10707
10706
10702
10702
10699
10699
10696
10690
10683
10683
10682
10680
10680
10684
10679
10673
10671
10668
10665
10665
10661
10656
10648
10645
10641
10658
10635
10644
10629
10629
10628
10628
10635
10621
10618
10637
10611
10607
10593
10589
10587
10587
10584
10583
10582
10581
10577
10577
10593
10590
10570
10565
10564
10562
10557
10553
10547
10560
10545
10543
10542
10541
10541
10540
10539
10538
10536
10535
10533
10532
10531
10530
10528
10525
10523
10521
10519
10519
10516
10512
10522
10508
10503
10503
10498
10496
10495
10494
10494
10493
10486
10479
10476
10466
10462
10462
10461
10453
10452
10449
10444
10436
10432
10429
10426
10425
10424
10423
10419
10417
10413
10413
10411
10410
10409
10396
10389
10393
10386
10384
10382
10381
10379
10378
10376
10371
10367
10367
10361
10361
10357
10349
10348
10344
10342
10338
10337
10336
10321
10318
10318
10317
10317
10316
10313
10310
10306
10297
10292
10286
10290
10280
10278
10273
10269
10267
10266
10265
10263
10259
10251
10247
10246
10245
10244
10240
10239
10237
10236
10236
10235
10234
10230
10226
10239
10218
10217
10215
10213
10212
10208
10206
10205
10207
10205
10201
10186
10184
10182
10178
10177
10176
10183
10187
10166
10164
10164
10162
10157
10151
10144
10143
10143
10133
10132
10155
10131
10131
10125
10120
10138
10111
10108
10103
10097
10094
10093
10091
10091
10089
10089
10088
10086
10086
10086
10084
10083
10082
10081
10078
10078
10077
10076
10071
10067
10067
10066
10065
10065
10058
10056
10051
10049
10054
10040
10038
10035
10031
10031
10029
10027
10026
10022
10021
10020
10019
10018
10013
10011
10009
10003
9998
9997
9994
9994
9991
9991
9987
9982
9982
9991
9980
9976
9973
9971
9969
9967
9963
10006
9953
9949
9949
9949
9948
9947
9941
9941
9941
9939
9936
9935
9934
9932
9925
9922
9911
9910
9906
9904
9899
9891
9890
9888
9887
9886
9890
9879
9874
9869
9868
9865
9863
9863
9868
9852
9851
9850
9893
9848
9843
9842
9838
9832
9826
9825
9825
9823
9819
9816
9812
9807
9805
9805
9804
9802
9801
9792
9792
9785
9782
9781
9780
9778
9774
9774
9774
9782
9771
9768
9763
9757
9756
9755
9754
9754
9754
9752
9749
9748
9761
9747
9742
9738
9736
9736
9735
9732
9730
9726
9725
9720
9716
9716
9715
9715
9713
9719
9711
9710
9708
9706
9706
9706
9704
9701
9705
9699
9696
9696
9695
9694
9694
9687
9686
9684
9684
9680
9680
9679
9671
9670
9670
9669
9669
9667
9665
9664
9664
9663
9660
9655
9652
9652
9650
9650
9692
9648
9645
9639
9639
9635
9634
9634
9630
9630
9628
9628
9626
9626
9624
9623
9641
9617
9614
9612
9609
9607
9602
9601
9599
9597
9593
9592
9592
9590
9588
9582
9579
9575
9575
9580
9570
9568
9567
9565
9561
9560
9559
9559
9558
9558
9555
9548
9547
9545
9539
9533
9533
9532
9531
9531
9530
9528
9528
9527
9527
9527
9526
9523
9521
9520
9553
9517
9517
9517
9513
9510
9508
9505
9505
9502
9505
9484
9483
9479
9470
9460
9456
9452
9451
9451
9451
9445
9441
9441
9438
9434
9430
9429
9428
9424
9419
9415
9414
9411
9411
9410
9410
9406
9405
9398
9409
9396
9395
9390
9390
9432
9388
9384
9384
9384
9382
9381
9378
9376
9374
9373
9373
9364
9363
9362
9361
9361
9356
9353
9353
9349
9348
9345
9339
9338
9335
9333
9332
9329
9329
9328
9328
9327
9327
9320
9320
9317
9317
9316
9314
9312
9312
9310
9308
9306
9303
9302
9301
9297
9295
9293
9289
9288
9288
9282
9280
9275
9275
9274
9273
9280
9266
9263
9252
9262
9248
9247
9247
9243
9242
9240
9237
9232
9227
9227
9225
9224
9223
9222
9222
9221
9219
9215
9214
9213
9212
9212
9201
9201
9205
9200
9200
9200
9198
9196
9189
9186
9194
9184
9184
9183
9174
9173
9172
9169
9165
9165
9163
9161
9159
9156
9155
9154
9153
9153
9152
9151
9151
9148
9146
9145
9145
9141
9139
9138
9138
9137
9137
9136
9135
9134
9132
9126
9125
9124
9119
9118
9115
9111
9149
9110
9108
9107
9104
9103
9102
9102
9096
9096
9095
9092
9091
9085
9081
9081
9077
9075
9071
9067
9063
9059
9059
9059
9057
9056
9051
9050
9050
9044
9044
9041
9039
9039
9037
9035
9029
9026
9025
9046
9022
9019
9019
9016
9014
9012
9007
9006
9002
9001
8998
8996
8995
8992
8988
8988
8986
8982
8979
8977
8969
8968
8967
8963
8963
8959
8959
8958
8955
8955
8954
8952
8951
8950
8963
8955
8947
8947
8944
8944
8944
8936
8933
8976
8931
8931
8930
8929
8928
8926
8924
8921
8920
8919
8918
8915
8914
8913
8912
8910
8936
8901
8899
8896
8896
8896
8894
8894
8892
8889
8887
8885
8883
8882
8881
8880
8875
8875
8875
8874
8872
8871
8870
8884
8867
8865
8865
8861
8860
8857
8854
8854
8853
8850
8850
8846
8846
8834
8841
8841
8841
8840
8839
8838
8837
8836
8836
8835
8832
8831
8831
8830
8829
8828
8828
8823
8825
8822
8820
8819
8815
8814
8814
8813
8810
8809
8809
8805
8804
8800
8799
8797
8796
8794
8791
8790
8789
8788
8782
8781
8779
8779
8803
8777
8777
8774
8795
8773
8769
8767
8767
8767
8813
8795
8766
8766
8765
8763
8763
8763
8760
8760
8757
8774
8746
8746
8744
8743
8743
8741
8737
8733
8731
8730
8729
8720
8717
8714
8712
8707
8705
8702
8700
8696
8709
8694
8691
8690
8684
8681
8681
8679
8678
8674
8671
8667
8666
8661
8661
8659
8659
8658
8657
8653
8652
8650
8650
8648
8646
8643
8642
8646
8639
8638
8637
8635
8632
8623
8623
8615
8608
8607
8604
8600
8595
8594
8592
8592
8589
8589
8586
8584
8579
8578
8577
8575
8574
8569
8569
8564
8563
8561
8558
8571
8553
8552
8549
8549
8548
8547
8546
8544
8541
8541
8539
8555
8532
8530
8528
8526
8524
8524
8523
8514
8526
8511
8508
8504
8504
8513
8499
8495
8489
8488
8487
8482
8481
8478
8478
8477
8477
8474
8473
8472
8472
8481
8468
8468
8466
8466
8464
8464
8463
8462
8459
8464
8456
8480
8456
8451
8450
8448
8448
8445
8441
8438
8438
8437
8436
8435
8433
8430
8427
8426
8424
8424
8423
8420
8420
8419
8418
8415
8414
8414
8413
8412
8411
8410
8410
8409
8408
8408
8408
8408
8405
8404
8401
8400
8411
8399
8397
8396
8396
8395
8394
8392
8392
8391
8391
8390
8388
8384
8380
8380
8378
8378
8377
8372
8371
8370
8368
8368
8362
8361
8359
8377
8351
8351
8350
8348
8348
8347
8343
8341
8339
8334
8334
8360
8355
8327
8326
8325
8323
8322
8327
8319
8315
8312
8311
8310
8309
8306
8304
8300
8299
8299
8295
8295
8308
8291
8286
8286
8285
8284
8283
8283
8282
8276
8274
8269
8271
8267
8266
8262
8263
8249
8246
8242
8242
8242
8249
8239
8237
8236
8228
8252
8224
8224
8221
8220
8219
8215
8213
8212
8218
8206
8202
8202
8202
8201
8201
8199
8194
8192
8191
8189
8188
8188
8187
8184
8183
8182
8201
8176
8175
8174
8171
8171
8170
8168
8167
8166
8163
8162
8160
8160
8160
8159
8158
8158
8157
8157
8156
8155
8157
8153
8153
8152
8151
8148
8148
8147
8147
8147
8145
8142
8141
8141
8140
8138
8135
8134
8134
8131
8130
8129
8129
8128
8124
8122
8128
8132
8113
8108
8105
8105
8104
8101
8101
8099
8099
8097
8095
8108
8092
8091
8088
8088
8085
8083
8082
8080
8079
8076
8076
8076
8075
8074
8069
8077
8068
8067
8065
8065
8063
8062
8062
8058
8058
8057
8055
8055
8054
8074
8049
8044
8055
8044
8032
8031
8030
8030
8029
8029
8027
8024
8024
8053
8021
8019
8017
8013
8013
8009
8008
8008
8006
8005
8003
8003
8002
8013
8000
8000
7996
7993
7993
7975
7991
7991
7988
7985
7983
7983
7982
7979
7976
7976
7976
7972
7972
7970
7968
7968
7967
7965
7965
7964
7963
7962
7962
7960
7969
7956
7948
7947
7947
7946
7946
7941
7941
7937
7936
7935
7934
7933
7933
7931
7927
7939
7926
7923
7923
7922
7922
7922
7918
7918
7914
7913
7913
7913
7912
7911
7908
7907
7907
7906
7904
7903
7901
7900
7899
7898
7897
7896
7912
7894
7893
7890
7889
7889
7889
7886
7880
7879
7877
7877
7877
7888
7876
7874
7873
7872
7871
7871
7870
7865
7864
7862
7861
7860
7856
7854
7854
7853
7851
7851
7850
7850
7847
7847
7841
7840
7840
7839
7837
7837
7836
7835
7835
7835
7829
7829
7827
7826
7824
7823
7822
7821
7820
7819
7819
7819
7816
7811
7810
7810
7809
7807
7806
7803
7803
7802
7799
7792
7792
7792
7789
7789
7805
7788
7788
7788
7787
7787
7783
7781
7781
7780
7778
7777
7776
7775
7773
7772
7772
7771
7771
7768
7768
7767
7767
7767
7766
7764
7763
7763
7762
7762
7762
7760
7760
7760
7760
7759
7756
7756
7755
7752
7752
7749
7747
7746
7744
7743
7743
7742
7742
7741
7739
7750
7737
7736
7736
7735
7734
7733
7731
7731
7726
7725
7724
7723
7722
7721
7717
7717
7715
7714
7711
7732
7710
7710
7709
7707
7705
7716
7704
7701
7700
7697
7697
7696
7696
7695
7694
7693
7693
7693
7692
7690
7687
7687
7686
7685
7681
7677
7682
7676
7676
7674
7672
7671
7671
7670
7668
7655
7655
7654
7653
7650
7652
7649
7648
7648
7647
7646
7646
7644
7642
7642
7663
7639
7638
7638
7638
7634
7633
7630
7626
7625
7625
7620
7619
7616
7615
7607
7609
7603
7602
7599
7617
7597
7596
7594
7594
7589
7589
7593
7584
7582
7578
7577
7577
7591
7575
7574
7572
7572
7569
7564
7563
7562
7561
7561
7560
7554
7554
7553
7550
7547
7541
7539
7552
7539
7536
7536
7536
7535
7535
7531
7527
7526
7526
7521
7520
7520
7520
7517
7516
7513
7508
7506
7505
7504
7503
7503
7502
7499
7497
7495
7494
7494
7494
7493
7491
7491
7487
7487
7484
7482
7482
7489
7481
7488
7479
7478
7478
7478
7489
7476
7468
7467
7466
7462
7461
7458
7458
7457
7457
7456
7456
7480
7453
7451
7450
7445
7445
7445
7442
7438
7436
7434
7433
7457
7428
7426
7422
7421
7419
7423
7416
7415
7411
7411
7410
7407
7407
7405
7404
7403
7403
7403
7401
7400
7399
7398
7395
7395
7394
7393
7389
7386
7383
7382
7381
7379
7379
7378
7376
7375
7373
7373
7373
7371
7367
7367
7362
7359
7359
7359
7358
7357
7355
7354
7352
7352
7351
7351
7350
7349
7347
7345
7344
7347
7341
7341
7337
7337
7336
7335
7334
7333
7332
7330
7329
7329
7342
7325
7324
7323
7322
7320
7319
7319
7319
7317
7317
7316
7315
7314
7314
7311
7310
7307
7307
7306
7302
7301
7322
7299
7297
7295
7293
7292
7291
7290
7287
7287
7287
7285
7283
7283
7283
7283
7283
7280
7278
7276
7278
7274
7270
7270
7270
7268
7267
7267
7266
7265
7261
7259
7258
7257
7253
7250
7249
7249
7248
7247
7247
7246
7246
7240
7236
7236
7235
7238
7234
7234
7232
7232
7231
7230
7229
7228
7228
7228
7226
7225
7225
7242
7221
7220
7220
7220
7217
7217
7217
7215
7239
7215
7214
7214
7212
7210
7209
7208
7208
7207
7207
7205
7204
7203
7197
7197
7196
7195
7195
7194
7194
7193
7193
7193
7193
7190
7190
7189
7188
7188
7188
7187
7187
7186
7183
7180
7197
7177
7173
7171
7171
7170
7169
7169
7168
7163
7162
7161
7161
7161
7160
7160
7159
7159
7157
7157
7156
7156
7155
7155
7155
7155
7155
7152
7152
7151
7151
7149
7149
7148
7146
7146
7143
7141
7141
7141
7140
7139
7139
7138
7138
7137
7137
7137
7133
7133
7128
7127
7126
7123
7122
7120
7119
7117
7116
7114
7114
7110
7108
7104
7101
7101
7101
7100
7100
7099
7099
7098
7097
7096
7095
7094
7091
7090
7087
7099
7086
7085
7082
7081
7087
7078
7076
7075
7074
7073
7072
7069
7068
7067
7067
7066
7064
7064
7064
7063
7063
7063
7060
7059
7059
7057
7056
7056
7051
7051
7047
7046
7045
7045
7044
7043
7043
7040
7038
7036
7061
7032
7032
7032
7031
7031
7031
7028
7028
7027
7025
7025
7023
7020
7020
7020
7018
7017
7016
7016
7016
7053
7014
7014
7014
7012
7010
7008
7008
7006
7006
7006
7003
7002
7002
7001
6999
6999
6999
6997
6996
6994
6994
7008
6993
6990
6989
6991
6983
6981
6978
6978
6976
6974
6973
6972
6971
6968
6967
6965
6965
6965
6964
6962
6961
6959
6958
6956
6956
6956
6955
6954
6954
6953
6953
6952
6948
6946
6945
6945
6943
6943
6942
6942
6941
6940
6939
6939
6939
6938
6937
6935
6933
6933
6932
6928
6920
6919
6919
6916
6916
6916
6916
6913
6912
6912
6911
6910
6908
6907
6907
6907
6906
6905
6905
6904
6902
6902
6899
6898
6898
6898
6897
6895
6895
6894
6894
6892
6891
6890
6890
6889
6888
6888
6887
6885
6885
6884
6884
6881
6879
6875
6875
6871
6882
6869
6868
6865
6865
6865
6882
6862
6862
6861
6879
6858
6857
6856
6855
6853
6851
6851
6849
6866
6846
6844
6842
6840
6839
6848
6837
6834
6833
6833
6832
6831
6831
6830
6842
6828
6827
6827
6826
6824
6823
6822
6822
6821
6820
6819
6819
6817
6816
6814
6813
6813
6812
6812
6811
6810
6808
6808
6808
6805
6805
6803
6802
6801
6800
6799
6822
6799
6797
6796
6795
6794
6793
6793
6790
6789
6787
6786
6786
6785
6784
6784
6783
6782
6779
6776
6775
6783
6774
6773
6773
6773
6771
6768
6767
6766
6765
6764
6758
6757
6790
6756
6756
6755
6754
6753
6753
6752
6752
6750
6749
6747
6746
6744
6744
6744
6741
6740
6738
6737
6737
6737
6736
6735
6734
6729
6726
6726
6725
6724
6724
6723
6722
6724
6719
6718
6716
6715
6715
6713
6713
6713
6713
6712
6712
6711
6710
6708
6708
6707
6723
6705
6703
6703
6702
6700
6700
6698
6697
6697
6697
6695
6693
6691
6690
6713
6687
6687
6685
6679
6677
6699
6674
6672
6670
6669
6665
6664
6663
6663
6660
6659
6658
6657
6656
6656
6656
6655
6654
6652
6652
6648
6647
6643
6659
6651
6635
6635
6634
6633
6633
6631
6630
6629
6628
6628
6627
6625
6624
6624
6624
6622
6622
6618
6618
6618
6617
6616
6615
6615
6615
6613
6613
6612
6621
6610
6610
6608
6630
6608
6606
6605
6605
6605
6605
6605
6598
6596
6594
6600
6593
6593
6593
6593
6588
6588
6587
6587
6586
6585
6582
6581
6578
6577
6576
6574
6574
6573
6572
6572
6570
6569
6568
6567
6566
6565
6565
6564
6564
6563
6562
6588
6561
6560
6559
6558
6557
6557
6555
6554
6554
6552
6554
6551
6549
6549
6548
6546
6546
6546
6545
6545
6545
6544
6544
6542
6541
6541
6540
6539
6539
6539
6537
6537
6536
6536
6535
6534
6565
6533
6529
6529
6528
6528
6528
6526
6525
6524
6524
6522
6524
6549
6520
6520
6517
6516
6515
6515
6513
6524
6511
6510
6510
6507
6503
6503
6501
6501
6499
6497
6496
6523
6495
6492
6491
6529
6490
6487
6485
6483
6482
6480
6480
6479
6478
6477
6474
6472
6472
6471
6470
6466
6463
6462
6462
6461
6460
6487
6460
6457
6456
6450
6449
6449
6447
6446
6443
6443
6438
6436
6436
6435
6434
6432
6431
6430
6426
6421
6420
6420
6419
6426
6417
6417
6413
6412
6408
6408
6408
6407
6407
6406
6405
6405
6405
6405
6429
6402
6399
6399
6397
6396
6396
6394
6394
6393
6393
6391
6390
6389
6388
6388
6387
6385
6383
6384
6381
6379
6378
6378
6378
6377
6377
6377
6375
6375
6374
6382
6370
6370
6369
6368
6367
6365
6365
6364
6364
6360
6357
6357
6357
6356
6355
6352
6350
6350
6350
6349
6347
6345
6345
6342
6342
6342
6341
6338
6337
6337
6336
6335
6331
6331
6328
6327
6326
6326
6325
6344
6324
6323
6322
6321
6320
6320
6319
6319
6318
6317
6316
6316
6316
6316
6316
6315
6314
6311
6310
6310
6310
6310
6306
6310
6306
6305
6304
6300
6298
6298
6298
6297
6297
6297
6296
6294
6292
6290
6288
6288
6288
6287
6287
6286
6284
6282
6282
6281
6280
6280
6278
6276
6275
6273
6273
6271
6270
6270
6270
6267
6266
6293
6265
6264
6264
6263
6262
6262
6261
6261
6260
6259
6258
6257
6255
6255
6254
6254
6253
6247
6247
6246
6244
6243
6243
6242
6241
6240
6239
6238
6237
6237
6236
6235
6231
6231
6230
6229
6228
6228
6227
6225
6221
6221
6221
6220
6219
6217
6217
6216
6236
6215
6213
6213
6212
6211
6210
6209
6207
6207
6206
6206
6201
6225
6198
6198
6197
6196
6195
6195
6194
6193
6192
6192
6184
6181
6181
6181
6180
6179
6179
6177
6177
6176
6176
6175
6175
6175
6174
6174
6173
6174
6184
6171
6171
6171
6170
6167
6165
6165
6162
6161
6160
6160
6159
6157
6156
6156
6155
6155
6156
6152
6151
6151
6151
6149
6149
6147
6147
6146
6146
6146
6145
6143
6142
6142
6141
6141
6141
6140
6147
6140
6140
6138
6138
6136
6135
6135
6134
6133
6133
6126
6126
6125
6124
6119
6119
6117
6117
6114
6114
6114
6113
6113
6113
6111
6109
6108
6108
6108
6106
6106
6105
6105
6104
6104
6104
6102
6102
6098
6096
6096
6096
6094
6093
6092
6091
6090
6090
6089
6088
6085
6085
6085
6083
6082
6082
6082
6082
6081
6080
6077
6073
6072
6071
6070
6070
6083
6069
6067
6066
6066
6066
6065
6064
6063
6059
6058
6058
6058
6057
6056
6056
6054
6054
6053
6053
6052
6051
6050
6050
6047
6047
6045
6045
6044
6042
6042
6040
6039
6038
6036
6035
6035
6034
6033
6033
6031
6030
6029
6028
6027
6026
6025
6025
6024
6023
6022
6021
6020
6020
6029
6017
6013
6011
6011
6008
6008
6008
6007
6006
6004
6003
6002
6001
5999
5997
6014
5994
5994
5994
6002
5993
5991
5987
5986
5986
5984
5983
5983
5982
5981
5981
5981
5980
5980
5979
5979
5978
5978
5976
5976
5975
5970
5968
5968
5968
5967
5967
5964
5964
5963
5962
5960
5960
5958
5957
5957
5954
5954
5954
5952
5951
5951
5956
5949
5949
5949
5949
5947
5947
5945
5943
5941
5941
5940
5940
5940
5939
5951
5937
5936
5934
5934
5934
5934
5933
5932
5949
5931
5931
5930
5929
5926
5926
5925
5925
5947
5924
5924
5923
5940
5914
5914
5914
5913
5913
5912
5911
5910
5909
5908
5907
5906
5906
5905
5905
5904
5904
5901
5901
5901
5900
5900
5899
5899
5898
5897
5896
5895
5895
5894
5893
5892
5892
5891
5891
5889
5887
5884
5884
5884
5883
5883
5882
5886
5882
5880
5880
5879
5879
5878
5877
5877
5876
5876
5880
5871
5869
5868
5867
5866
5865
5865
5864
5863
5861
5860
5859
5883
5858
5858
5858
5857
5857
5855
5855
5870
5853
5851
5850
5848
5848
5847
5847
5845
5844
5843
5843
5841
5841
5863
5840
5840
5840
5840
5839
5838
5837
5837
5834
5830
5829
5829
5827
5826
5826
5825
5824
5824
5824
5823
5823
5822
5822
5822
5821
5821
5821
5820
5820
5819
5860
5818
5816
5816
5816
5816
5816
5814
5814
5813
5812
5812
5810
5810
5809
5808
5805
5825
5803
5811
5801
5799
5798
5798
5796
5796
5792
5791
5791
5790
5789
5793
5789
5787
5786
5786
5784
5782
5782
5782
5781
5779
5779
5777
5776
5776
5776
5775
5775
5774
5773
5772
5771
5771
5769
5769
5767
5767
5767
5766
5765
5766
5764
5763
5760
5758
5757
5756
5756
5755
5755
5754
5752
5752
5752
5769
5751
5751
5750
5749
5748
5748
5747
5746
5745
5745
5745
5742
5741
5741
5740
5740
5738
5738
5738
5737
5737
5735
5735
5734
5734
5733
5731
5730
5730
5730
5728
5727
5725
5725
5723
5722
5721
5719
5719
5718
5717
5715
5714
5714
5713
5712
5711
5711
5711
5710
5709
5708
5708
5706
5705
5703
5701
5700
5717
5699
5698
5696
5696
5695
5694
5694
5738
5694
5693
5692
5696
5691
5691
5689
5688
5688
5688
5687
5686
5686
5685
5683
5683
5682
5682
5681
5681
5679
5677
5693
5675
5675
5675
5674
5673
5671
5670
5670
5669
5670
5666
5664
5663
5661
5660
5659
5658
5658
5656
5659
5654
5652
5649
5648
5646
5645
5644
5643
5643
5642
5639
5639
5638
5656
5636
5636
5636
5635
5634
5630
5628
5628
5627
5626
5620
5619
5632
5617
5616
5615
5636
5613
5612
5611
5611
5610
5610
5609
5615
5606
5606
5606
5605
5603
5623
5602
5602
5622
5600
5599
5597
5594
5593
5592
5592
5590
5590
5590
5589
5588
5586
5585
5584
5584
5590
5583
5583
5583
5582
5581
5580
5579
5579
5582
5576
5576
5576
5576
5574
5572
5572
5571
5570
5570
5569
5568
5568
5567
5566
5566
5565
5564
5563
5562
5560
5560
5560
5559
5558
5557
5557
5555
5555
5555
5553
5552
5552
5551
5550
5549
5546
5546
5545
5568
5543
5543
5543
5542
5541
5540
5539
5538
5538
5537
5535
5535
5535
5534
5533
5533
5532
5530
5529
5549
5528
5528
5526
5526
5525
5524
5524
5524
5524
5523
5523
5522
5522
5522
5521
5519
5519
5519
5518
5517
5516
5516
5516
5516
5515
5515
5515
5515
5514
5513
5513
5512
5510
5523
5506
5505
5505
5504
5504
5522
5503
5502
5502
5502
5501
5500
5497
5497
5496
5495
5495
5495
5495
5494
5492
5491
5490
5489
5488
5486
5485
5484
5479
5488
5478
5478
5478
5477
5477
5477
5476
5475
5475
5473
5473
5472
5471
5470
5468
5468
5468
5468
5467
5466
5466
5465
5465
5465
5465
5465
5465
5463
5463
5462
5461
5460
5458
5457
5457
5457
5456
5454
5454
5453
5449
5449
5489
5448
5446
5445
5445
5445
5444
5444
5467
5444
5443
5443
5441
5440
5440
5439
5439
5437
5437
5436
5436
5436
5435
5434
5433
5460
5431
5430
5430
5429
5429
5427
5426
5426
5426
5426
5423
5422
5422
5422
5421
5419
5418
5418
5415
5414
5414
5414
5413
5413
5412
5411
5409
5408
5406
5406
5407
5403
5402
5401
5398
5397
5397
5397
5396
5395
5395
5394
5393
5393
5392
5392
5391
5391
5391
5391
5391
5389
5389
5388
5388
5387
5387
5386
5384
5384
5383
5384
5381
5380
5380
5377
5377
5376
5376
5376
5390
5373
5372
5372
5372
5371
5371
5370
5369
5368
5368
5368
5367
5367
5367
5367
5362
5362
5362
5360
5360
5360
5360
5359
5359
5356
5356
5356
5356
5356
5355
5354
5354
5353
5352
5351
5351
5350
5348
5346
5346
5345
5345
5343
5342
5342
5348
5341
5340
5340
5339
5338
5338
5338
5337
5337
5337
5352
5336
5336
5336
5360
5335
5335
5334
5333
5332
5333
5331
5330
5330
5329
5329
5329
5329
5329
5348
5327
5326
5323
5321
5320
5320
5320
5319
5313
5312
5331
5310
5310
5310
5310
5309
5309
5308
5308
5308
5307
5307
5306
5305
5305
5302
5302
5301
5301
5301
5301
5301
5300
5299
5299
5299
5299
5298
5302
5297
5296
5296
5295
5294
5294
5293
5292
5291
5290
5290
5289
5288
5288
5287
5286
5286
5285
5284
5283
5283
5282
5282
5281
5280
5280
5279
5285
5277
5276
5276
5275
5275
5274
5273
5273
5272
5272
5272
5271
5270
5270
5270
5269
5268
5267
5267
5266
5266
5264
5263
5261
5260
5259
5256
5256
5283
5255
5254
5252
5252
5251
5247
5247
5246
5246
5246
5246
5244
5242
5240
5240
5240
5238
5237
5237
5237
5236
5235
5233
5233
5233
5232
5231
5230
5230
5229
5228
5227
5227
5230
5227
5225
5225
5224
5223
5222
5221
5225
5217
5216
5216
5216
5216
5215
5214
5214
5213
5217
5210
5207
5206
5206
5204
5204
5203
5202
5201
5200
5199
5197
5196
5195
5195
5193
5193
5193
5192
5191
5189
5188
5187
5187
5186
5186
5186
5185
5185
5184
5184
5183
5181
5181
5181
5180
5178
5176
5175
5173
5172
5171
5168
5168
5167
5167
5167
5165
5163
5163
5162
5159
5159
5159
5159
5159
5158
5157
5156
5156
5156
5155
5155
5155
5154
5154
5154
5153
5152
5152
5151
5151
5150
5149
5149
5148
5148
5148
5148
5167
5147
5147
5145
5145
5145
5144
5143
5142
5140
5140
5140
5139
5138
5138
5137
5137
5136
5136
5135
5151
5134
5134
5131
5131
5130
5129
5129
5128
5128
5127
5127
5126
5126
5126
5125
5128
5124
5123
5122
5121
5120
5119
5119
5118
5117
5116
5115
5114
5113
5113
5113
5112
5112
5109
5109
5108
5107
5107
5106
5104
5104
5103
5103
5100
5099
5099
5098
5098
5096
5095
5095
5095
5095
5093
5092
5091
5090
5088
5086
5086
5070
5084
5083
5083
5083
5082
5092
5082
5081
5081
5080
5080
5079
5078
5078
5078
5076
5076
5075
5075
5074
5088
5073
5071
5071
5071
5070
5070
5079
5069
5068
5068
5067
5066
5065
5064
5063
5062
5066
5062
5061
5061
5061
5060
5059
5059
5059
5058
5058
5057
5056
5054
5053
5052
5052
5048
5047
5046
5046
5046
5045
5045
5045
5044
5044
5042
5042
5041
5041
5040
5040
5039
5039
5039
5038
5038
5037
5037
5036
5034
5033
5032
5031
5031
5030
5029
5027
5027
5026
5026
5026
5025
5024
5024
5024
5023
5023
5023
5022
5022
5021
5021
5020
5018
5013
5013
5013
5013
5012
5011
5011
5010
5010
5008
5007
5007
5006
5006
5006
5006
5006
5004
5003
5003
5002
5001
4998
4997
4997
5014
4996
4996
4995
4995
4995
4994
4994
4994
4993
4993
4993
4992
4991
4991
4990
4989
4988
4988
4987
4987
4987
4985
4985
4984
4983
4982
4982
4982
4979
4979
4978
4978
4978
4976
4976
4975
4975
4974
4974
4973
4973
4973
4973
4973
4972
4972
4971
4971
4970
4970
4970
4970
4969
4967
4967
4966
4966
4966
4965
4963
4963
4962
4962
4962
4961
4961
4960
4959
4959
4958
4957
4957
4956
4956
4955
4955
4955
4954
4954
4954
4953
4953
4952
4951
4951
4949
4948
4946
4946
4945
4945
4962
4944
4944
4943
4942
4942
4945
4940
4938
4934
4931
4931
4931
4931
4931
4931
4931
4929
4928
4928
4927
4927
4927
4927
4926
4925
4925
4925
4924
4924
4924
4924
4923
4923
4922
4922
4921
4921
4921
4920
4920
4919
4918
4917
4917
4917
4916
4916
4916
4915
4914
4913
4911
4911
4910
4910
4910
4910
4909
4908
4908
4907
4904
4903
4902
4901
4900
4900
4899
4895
4894
4893
4893
4893
4891
4891
4890
4890
4890
4890
4890
4889
4887
4886
4885
4885
4884
4884
4884
4884
4884
4882
4882
4881
4879
4879
4877
4877
4877
4876
4876
4875
4874
4874
4874
4874
4872
4872
4872
4871
4870
4870
4868
4868
4867
4867
4866
4865
4865
4864
4864
4864
4864
4864
4863
4863
4862
4861
4876
4860
4846
4858
4857
4855
4854
4853
4852
4866
4852
4852
4851
4851
4850
4850
4848
4846
4879
4846
4845
4845
4844
4844
4844
4841
4840
4840
4839
4838
4837
4836
4836
4835
4835
4832
4832
4831
4831
4830
4830
4830
4829
4829
4828
4828
4827
4827
4826
4826
4826
4826
4825
4825
4825
4825
4823
4822
4822
4821
4821
4820
4820
4824
4819
4819
4819
4817
4817
4815
4814
4814
4813
4813
4826
4811
4811
4810
4810
4810
4809
4808
4807
4807
4806
4805
4805
4805
4805
4805
4805
4804
4804
4804
4804
4813
4803
4777
4803
4802
4802
4802
4801
4801
4800
4799
4799
4799
4799
4799
4798
4797
4797
4797
4794
4793
4792
4792
4792
4792
4790
4789
4789
4796
4788
4787
4787
4787
4786
4786
4786
4786
4785
4784
4783
4783
4783
4783
4782
4782
4781
4781
4780
4780
4779
4779
4778
4777
4775
4774
4774
4773
4773
4772
4771
4770
4769
4768
4768
4767
4766
4766
4765
4765
4765
4765
4787
4764
4764
4763
4763
4761
4761
4760
4760
4758
4758
4758
4758
4757
4756
4755
4755
4755
4755
4754
4753
4753
4752
4752
4752
4750
4750
4749
4756
4747
4746
4745
4745
4745
4744
4744
4743
4742
4742
4741
4741
4746
4740
4739
4739
4738
4738
4737
4736
4736
4736
4736
4735
4734
4734
4734
4733
4732
4732
4731
4731
4730
4729
4729
4728
4728
4727
4727
4726
4726
4738
4725
4724
4724
4724
4723
4723
4722
4722
4721
4721
4721
4721
4720
4720
4719
4718
4717
4717
4717
4717
4717
4716
4715
4715
4714
4714
4728
4712
4712
4712
4711
4710
4710
4708
4707
4707
4707
4707
4721
4706
4706
4706
4706
4706
4706
4705
4705
4705
4704
4703
4728
4700
4700
4700
4700
4699
4699
4699
4698
4698
4698
4697
4697
4695
4695
4695
4694
4693
4693
4693
4691
4691
4691
4690
4690
4690
4687
4686
4686
4686
4686
4699
4683
4683
4683
4682
4682
4682
4681
4681
4680
4680
4682
4679
4679
4679
4679
4677
4676
4675
4674
4674
4672
4672
4672
4671
4670
4670
4669
4668
4668
4666
4665
4664
4664
4664
4663
4662
4662
4662
4662
4660
4659
4658
4657
4657
4656
4655
4655
4655
4655
4654
4654
4654
4653
4653
4652
4651
4650
4649
4649
4649
4649
4648
4647
4646
4646
4646
4646
4646
4644
4643
4643
4643
4642
4642
4642
4641
4639
4639
4638
4638
4637
4637
4637
4637
4637
4636
4635
4635
4634
4634
4634
4632
4632
4631
4629
4626
4625
4625
4625
4623
4622
4622
4621
4621
4629
4620
4620
4620
4619
4619
4618
4618
4639
4616
4615
4615
4614
4614
4614
4613
4612
4611
4642
4609
4608
4607
4607
4604
4603
4625
4603
4603
4602
4602
4601
4636
4601
4599
4599
4598
4597
4597
4597
4596
4596
4595
4595
4594
4594
4592
4591
4590
4589
4587
4587
4587
4585
4585
4584
4583
4582
4581
4580
4580
4578
4578
4578
4578
4578
4577
4577
4577
4577
4577
4576
4576
4575
4578
4575
4574
4574
4573
4573
4573
4572
4572
4572
4572
4571
4571
4571
4570
4569
4568
4568
4568
4567
4566
4566
4566
4566
4565
4565
4564
4564
4564
4563
4563
4562
4562
4561
4561
4561
4561
4561
4560
4559
4558
4558
4557
4557
4557
4557
4557
4556
4555
4555
4555
4554
4554
4554
4554
4553
4553
4552
4559
4551
4551
4550
4549
4549
4547
4552
4547
4547
4546
4545
4555
4543
4542
4541
4541
4541
4547
4539
4539
4539
4539
4538
4538
4538
4537
4536
4536
4536
4535
4535
4534
4533
4533
4531
4530
4529
4529
4527
4527
4527
4526
4526
4526
4526
4525
4524
4524
4524
4523
4523
4523
4521
4521
4521
4521
4521
4520
4520
4520
4518
4518
4517
4517
4517
4516
4516
4515
4513
4508
4508
4508
4508
4508
4506
4506
4505
4505
4503
4503
4503
4502
4503
4498
4497
4496
4496
4499
4494
4494
4494
4503
4493
4493
4517
4492
4507
4491
4490
4490
4490
4490
4490
4490
4490
4489
4488
4488
4485
4485
4484
4484
4483
4483
4481
4481
4481
4480
4487
4480
4480
4480
4478
4477
4497
4477
4476
4476
4476
4475
4475
4475
4475
4474
4473
4490
4473
4472
4472
4471
4471
4471
4471
4471
4470
4470
4469
4469
4468
4467
4466
4465
4465
4464
4464
4464
4465
4462
4462
4462
4460
4460
4459
4466
4459
4458
4458
4457
4457
4457
4456
4455
4453
4451
4451
4451
4450
4450
4450
4449
4448
4448
4447
4446
4446
4446
4445
4444
4444
4444
4444
4443
4442
4442
4442
4460
4441
4441
4440
4439
4439
4439
4439
4438
4438
4437
4437
4436
4436
4436
4435
4435
4434
4434
4434
4433
4432
4432
4432
4431
4430
4430
4429
4429
4428
4428
4428
4428
4426
4426
4426
4425
4425
4424
4421
4421
4420
4420
4420
4419
4418
4417
4417
4417
4417
4415
4415
4414
4413
4413
4412
4412
4411
4411
4410
4410
4409
4409
4408
4408
4408
4408
4407
4406
4406
4405
4405
4405
4405
4405
4448
4404
4404
4404
4401
4401
4401
4400
4400
4400
4399
4399
4399
4398
4398
4398
4397
4397
4396
4396
4396
4395
4395
4407
4395
4394
4394
4393
4393
4392
4392
4392
4410
4391
4390
4389
4388
4387
4387
4386
4385
4384
4384
4384
4383
4382
4382
4381
4381
4381
4381
4379
4378
4378
4377
4377
4377
4376
4376
4374
4374
4374
4373
4373
4372
4371
4371
4371
4371
4371
4371
4371
4370
4369
4367
4367
4367
4366
4366
4366
4379
4365
4365
4364
4364
4362
4362
4360
4360
4360
4359
4359
4359
4358
4358
4358
4358
4357
4356
4356
4356
4355
4367
4355
4354
4354
4354
4353
4353
4353
4352
4352
4350
4350
4349
4349
4348
4348
4347
4345
4345
4344
4344
4344
4343
4343
4342
4342
4342
4342
4341
4340
4340
4340
4337
4337
4336
4336
4336
4335
4334
4334
4333
4333
4333
4332
4331
4354
4331
4330
4330
4328
4328
4328
4328
4326
4325
4323
4323
4323
4321
4320
4320
4319
4319
4318
4331
4317
4316
4316
4315
4314
4313
4313
4313
4313
4311
4311
4310
4310
4309
4308
4307
4306
4305
4305
4305
4322
4303
4303
4302
4302
4301
4300
4300
4300
4306
4299
4298
4298
4298
4298
4298
4297
4320
4295
4295
4295
4294
4294
4293
4292
4292
4291
4290
4290
4290
4289
4289
4289
4288
4288
4287
4287
4286
4286
4286
4286
4286
4286
4285
4285
4284
4284
4284
4283
4283
4282
4282
4282
4281
4281
4280
4280
4279
4279
4278
4278
4277
4277
4277
4277
4276
4276
4274
4273
4271
4271
4303
4270
4270
4269
4268
4267
4267
4267
4267
4265
4265
4264
4264
4264
4264
4263
4263
4262
4261
4262
4261
4261
4260
4260
4260
4264
4259
4259
4258
4258
4257
4256
4256
4254
4273
4252
4251
4251
4250
4250
4250
4250
4249
4249
4249
4249
4249
4249
4248
4248
4248
4247
4247
4246
4245
4245
4267
4243
4243
4243
4241
4240
4240
4239
4239
4239
4239
4239
4239
4239
4239
4238
4238
4238
4234
4234
4232
4231
4230
4230
4230
4228
4228
4227
4227
4227
4226
4226
4226
4226
4226
4225
4225
4225
4224
4224
4224
4224
4223
4223
4222
4222
4221
4221
4221
4220
4220
4219
4219
4219
4219
4217
4216
4216
4215
4215
4214
4214
4213
4213
4213
4213
4213
4213
4212
4212
4211
4210
4210
4210
4209
4209
4208
4208
4207
4207
4206
4206
4206
4206
4205
4205
4204
4204
4210
4203
4203
4203
4202
4202
4202
4202
4201
4201
4200
4199
4198
4197
4197
4197
4197
4196
4195
4194
4194
4194
4193
4192
4191
4191
4191
4191
4191
4191
4191
4190
4190
4190
4190
4190
4189
4189
4188
4186
4186
4185
4185
4184
4184
4184
4183
4182
4182
4181
4180
4179
4179
4179
4178
4178
4178
4178
4178
4178
4177
4188
4176
4176
4176
4176
4175
4175
4175
4174
4174
4174
4173
4172
4172
4172
4169
4169
4168
4167
4167
4167
4167
4166
4166
4166
4166
4166
4165
4165
4165
4165
4164
4164
4164
4164
4164
4163
4162
4162
4162
4162
4160
4159
4159
4158
4157
4157
4156
4156
4155
4155
4155
4154
4154
4153
4153
4152
4150
4150
4150
4150
4150
4150
4149
4148
4148
4148
4147
4147
4151
4147
4146
4146
4146
4146
4144
4144
4144
4144
4142
4142
4141
4141
4140
4140
4139
4139
4139
4139
4138
4138
4137
4137
4136
4135
4135
4133
4133
4132
4131
4130
4130
4130
4145
4129
4129
4128
4128
4128
4128
4128
4128
4127
4126
4126
4126
4125
4125
4125
4124
4123
4122
4122
4122
4121
4121
4121
4121
4120
4120
4119
4119
4119
4118
4118
4117
4117
4116
4116
4116
4115
4115
4115
4115
4114
4113
4113
4112
4112
4112
4112
4111
4110
4109
4109
4108
4108
4107
4106
4106
4106
4106
4105
4105
4105
4105
4105
4105
4104
4103
4103
4103
4102
4102
4101
4101
4101
4100
4100
4100
4100
4099
4099
4098
4097
4096
4095
4095
4095
4095
4094
4094
4093
4093
4092
4091
4091
4090
4090
4090
4090
4090
4089
4088
4088
4088
4087
4087
4086
4085
4085
4083
4083
4083
4082
4082
4081
4081
4081
4081
4081
4081
4080
4080
4080
4079
4079
4079
4079
4078
4078
4090
4078
4077
4077
4076
4076
4076
4076
4075
4075
4074
4074
4073
4073
4073
4073
4073
4073
4072
4070
4070
4069
4087
4068
4068
4068
4068
4068
4067
4067
4067
4067
4067
4067
4066
4066
4066
4065
4065
4065
4065
4065
4064
4064
4064
4064
4064
4064
4063
4062
4062
4061
4061
4060
4060
4060
4059
4059
4059
4058
4058
4057
4056
4056
4056
4056
4056
4055
4055
4055
4054
4053
4053
4053
4053
4052
4052
4052
4052
4052
4051
4050
4050
4050
4049
4049
4048
4048
4048
4047
4047
4046
4046
4045
4045
4044
4043
4041
4040
4053
4055
4040
4039
4038
4038
4038
4037
4037
4037
4036
4035
4035
4034
4034
4034
4033
4032
4032
4031
4031
4031
4030
4030
4030
4029
4029
4029
4029
4029
4028
4028
4028
3917
4026
4026
4025
4025
4024
4024
4022
4022
4022
4021
4021
4020
4019
4018
4016
4015
4015
4015
4015
4014
4013
4013
4012
4011
4011
4011
4011
4011
4010
4010
4009
4009
4008
4012
4008
4008
4008
4007
4007
4007
4007
4006
4006
4006
4005
4004
4004
4003
4002
4001
4001
4001
4001
4001
4000
4000
4000
3999
3999
3999
3999
3999
3999
3998
3998
3998
3997
3997
4006
3994
3994
3994
3993
3992
3992
3992
3991
3991
3990
3990
3989
3989
3989
3989
3988
3987
3985
3985
3984
3984
3983
3983
3993
3983
3983
3983
3981
3981
3981
4003
3980
3980
3980
3980
3979
3979
3979
3979
3978
3978
3977
3976
3975
3975
3974
3974
3973
3973
3973
3972
3971
3971
3971
3970
3969
3969
3968
3968
3968
3968
3967
3984
3967
3966
3965
3964
3964
3963
3962
3962
3971
3961
3961
3961
3961
3961
3960
3960
3960
3959
3959
3959
3959
3958
3958
3957
3957
3957
3956
3955
3955
3955
3955
3954
3954
3954
3954
3953
3953
3953
3952
3952
3951
3950
3966
3950
3949
3949
3948
3948
3947
3947
3946
3946
3946
3946
3945
3945
3944
3944
3944
3944
3943
3943
3942
3942
3941
3939
3939
3952
3939
3938
3938
3938
3938
3937
3937
3936
3936
3936
3936
3935
3935
3934
3934
3932
3932
3931
3930
3930
3930
3928
3928
3928
3927
3927
3928
3927
3927
3926
3926
3926
3925
3924
3924
3922
3922
3921
3921
3921
3919
3919
3918
3917
3926
3916
3916
3931
3915
3914
3914
3913
3935
3913
3912
3912
3910
3909
3909
3908
3908
3908
3908
3907
3907
3906
3922
3906
3906
3905
3905
3904
3904
3904
3903
3903
3902
3900
3900
3899
3899
3899
3899
3898
3898
3898
3898
3898
3898
3898
3897
3896
3896
3896
3895
3895
3894
3894
3893
3892
3892
3892
3891
3891
3891
3890
3890
3889
3890
3887
3886
3886
3886
3886
3884
3884
3884
3883
3881
3880
3880
3880
3879
3877
3877
3876
3876
3876
3874
3873
3873
3873
3873
3873
3872
3872
3872
3872
3871
3871
3870
3870
3868
3868
3868
3867
3867
3866
3866
3865
3865
3864
3864
3863
3862
3862
3862
3861
3861
3861
3861
3861
3860
3860
3860
3858
3858
3858
3857
3857
3856
3856
3856
3856
3856
3855
3855
3855
3854
3853
3852
3852
3852
3851
3851
3850
3850
3850
3850
3849
3867
3847
3847
3847
3847
3846
3846
3846
3846
3846
3846
3845
3844
3844
3843
3843
3843
3843
3842
3842
3841
3841
3841
3841
3840
3840
3840
3840
3853
3840
3853
3840
3840
3839
3839
3839
3838
3856
3838
3837
3837
3837
3837
3837
3836
3836
3836
3834
3834
3833
3833
3833
3832
3832
3832
3831
3830
3830
3829
3829
3829
3829
3829
3829
3828
3828
3828
3827
3827
3827
3849
3840
3826
3826
3826
3825
3825
3824
3823
3823
3823
3823
3823
3822
3822
3821
3821
3821
3820
3820
3820
3819
3819
3818
3818
3817
3817
3815
3815
3814
3813
3813
3813
3813
3813
3811
3811
3811
3811
3810
3810
3810
3809
3809
3809
3809
3808
3808
3808
3807
3805
3805
3805
3805
3805
3804
3804
3813
3802
3802
3802
3806
3802
3801
3801
3801
3801
3800
3800
3799
3799
3798
3798
3798
3797
3797
3797
3796
3796
3796
3795
3795
3794
3794
3794
3793
3793
3792
3792
3792
3792
3792
3792
3812
3791
3791
3790
3790
3790
3790
3790
3789
3788
3788
3787
3786
3786
3785
3784
3783
3783
3783
3782
3782
3781
3781
3781
3781
3781
3780
3780
3780
3780
3779
3779
3779
3778
3778
3777
3777
3776
3775
3775
3775
3775
3775
3775
3775
3774
3774
3773
3773
3773
3772
3772
3772
3772
3771
3771
3771
3770
3769
3769
3767
3767
3765
3765
3765
3764
3764
3764
3764
3763
3763
3763
3763
3762
3762
3761
3761
3761
3760
3760
3760
3760
3759
3758
3758
3758
3758
3758
3758
3757
3757
3757
3756
3755
3755
3755
3754
3754
3753
3753
3752
3752
3752
3751
3750
3750
3750
3750
3749
3749
3749
3748
3748
3747
3746
3746
3746
3746
3743
3743
3742
3742
3766
3741
3739
3739
3738
3738
3738
3738
3737
3737
3737
3736
3736
3736
3741
3735
3735
3735
3734
3733
3733
3735
3731
3731
3730
3729
3728
3728
3728
3727
3726
3726
3726
3725
3724
3724
3724
3724
3724
3724
3724
3723
3723
3722
3722
3722
3722
3727
3721
3720
3720
3720
3719
3719
3718
3718
3717
3717
3717
3742
3717
3716
3716
3716
3715
3714
3714
3713
3712
3712
3711
3710
3710
3710
3710
3710
3704
3709
3708
3708
3708
3708
3707
3707
3706
3705
3704
3704
3704
3704
3703
3703
3703
3702
3702
3702
3701
3700
3700
3699
3699
3699
3698
3698
3698
3698
3698
3698
3697
3697
3697
3697
3696
3696
3696
3695
3695
3695
3695
3694
3694
3694
3694
3693
3693
3720
3692
3692
3691
3691
3690
3690
3690
3690
3689
3689
3689
3711
3687
3687
3687
3687
3686
3685
3685
3706
3684
3684
3684
3684
3684
3683
3683
3682
3682
3681
3680
3680
3680
3680
3679
3679
3679
3679
3678
3678
3677
3677
3677
3677
3677
3676
3675
3675
3674
3674
3674
3674
3674
3673
3673
3673
3673
3672
3672
3672
3671
3671
3671
3670
3670
3670
3670
3670
3670
3670
3670
3670
3669
3669
3669
3668
3668
3667
3689
3666
3666
3685
3665
3665
3665
3664
3663
3662
3661
3661
3659
3659
3659
3658
3658
3658
3657
3657
3657
3657
3654
3653
3652
3651
3651
3651
3650
3650
3650
3649
3649
3648
3648
3648
3648
3647
3646
3646
3645
3645
3645
3645
3644
3644
3644
3643
3643
3643
3643
3642
3641
3641
3640
3640
3639
3638
3638
3637
3637
3637
3636
3635
3635
3634
3634
3640
3633
3632
3632
3631
3630
3629
3628
3627
3627
3627
3627
3627
3627
3627
3626
3626
3626
3626
3626
3625
3625
3625
3624
3624
3624
3651
3623
3623
3623
3623
3623
3622
3621
3621
3620
3620
3620
3620
3620
3620
3619
3619
3619
3618
3618
3618
3617
3617
3617
3617
3616
3615
3615
3614
3614
3613
3613
3613
3613
3612
3616
3611
3611
3611
3627
3610
3610
3610
3609
3609
3609
3608
3608
3608
3607
3607
3607
3607
3606
3605
3605
3605
3605
3605
3604
3604
3603
3602
3618
3602
3602
3601
3601
3600
3600
3600
3600
3599
3599
3599
3599
3599
3598
3598
3598
3598
3597
3597
3597
3597
3595
3595
3595
3595
3595
3594
3594
3594
3594
3593
3593
3593
3593
3593
3593
3593
3592
3592
3592
3591
3591
3591
3591
3591
3591
3590
3590
3590
3590
3589
3589
3588
3588
3588
3588
3588
3587
3587
3587
3587
3586
3585
3594
3585
3585
3585
3585
3584
3584
3584
3583
3583
3583
3583
3583
3583
3582
3582
3582
3581
3581
3581
3580
3578
3578
3578
3577
3577
3577
3576
3576
3576
3575
3575
3575
3575
3574
3574
3573
3572
3572
3572
3571
3571
3571
3571
3570
3570
3570
3570
3569
3568
3567
3567
3567
3567
3567
3567
3566
3566
3565
3565
3565
3564
3564
3555
3563
3563
3562
3562
3561
3561
3561
3560
3558
3558
3558
3557
3557
3557
3557
3556
3556
3556
3556
3555
3555
3554
3554
3553
3553
3552
3552
3551
3551
3550
3550
3550
3549
3573
3549
3549
3549
3548
3548
3548
3548
3547
3547
3552
3546
3545
3545
3545
3571
3563
3544
3543
3543
3543
3543
3542
3542
3542
3541
3544
3541
3541
3541
3539
3538
3538
3538
3538
3537
3537
3536
3536
3533
3533
3533
3532
3532
3531
3531
3531
3531
3530
3530
3529
3529
3529
3529
3527
3527
3527
3525
3525
3525
3524
3524
3524
3523
3523
3523
3523
3522
3522
3522
3522
3522
3522
3521
3521
3521
3528
3520
3520
3520
3520
3519
3519
3519
3518
3517
3517
3517
3517
3516
3516
3516
3516
3516
3515
3515
3515
3514
3514
3513
3513
3513
3512
3512
3512
3512
3511
3511
3511
3510
3510
3509
3509
3509
3509
3509
3509
3509
3508
3508
3507
3506
3506
3506
3505
3504
3504
3504
3504
3504
3504
3503
3503
3502
3502
3502
3502
3502
3502
3502
3501
3499
3499
3498
3498
3498
3498
3498
3498
3497
3496
3496
3495
3494
3494
3494
3494
3494
3493
3517
3493
3493
3492
3492
3492
3491
3491
3490
3490
3490
3490
3490
3489
3489
3489
3488
3488
3488
3487
3486
3486
3486
3486
3485
3485
3485
3485
3484
3484
3483
3483
3482
3482
3482
3482
3481
3481
3481
3480
3480
3480
3480
3497
3503
3479
3479
3478
3478
3477
3477
3477
3476
3476
3474
3474
3473
3473
3472
3472
3471
3471
3471
3471
3471
3470
3470
3470
3470
3469
3469
3469
3469
3468
3467
3467
3466
3466
3466
3466
3473
3465
3477
3465
3465
3464
3463
3463
3463
3462
3462
3462
3462
3462
3462
3461
3461
3461
3461
3461
3460
3460
3460
3460
3459
3458
3458
3458
3457
3457
3457
3457
3456
3456
3456
3456
3455
3455
3455
3455
3455
3455
3454
3454
3453
3453
3452
3452
3452
3470
3451
3451
3450
3450
3450
3449
3449
3447
3447
3446
3446
3446
3446
3446
3446
3446
3445
3445
3445
3444
3444
3444
3443
3443
3443
3443
3453
3441
3440
3440
3439
3439
3439
3438
3446
3437
3437
3437
3437
3436
3436
3436
3435
3434
3434
3434
3457
3434
3434
3434
3433
3433
3433
3432
3432
3432
3431
3431
3431
3446
3430
3433
3429
3428
3428
3428
3427
3427
3427
3426
3426
3426
3426
3425
3425
3424
3424
3423
3423
3423
3422
3422
3422
3421
3421
3421
3421
3420
3420
3420
3419
3419
3418
3418
3418
3418
3417
3417
3417
3415
3415
3414
3414
3414
3413
3413
3413
3413
3412
3412
3411
3411
3411
3411
3411
3411
3410
3410
3410
3410
3410
3409
3409
3408
3408
3407
3407
3407
3407
3407
3406
3406
3406
3405
3404
3404
3404
3403
3403
3403
3402
3402
3402
3401
3400
3400
3399
3399
3399
3398
3398
3398
3398
3397
3397
3396
3396
3394
3394
3394
3394
3394
3394
3393
3392
3392
3391
3391
3391
3390
3390
3406
3389
3388
3388
3388
3387
3387
3387
3386
3409
3386
3386
3397
3386
3395
3385
3385
3384
3384
3384
3384
3383
3383
3382
3381
3381
3388
3381
3381
3381
3380
3380
3383
3379
3379
3378
3378
3377
3377
3376
3376
3376
3375
3375
3374
3374
3374
3374
3374
3373
3373
3373
3373
3372
3372
3371
3371
3370
3370
3370
3370
3370
3369
3369
3369
3369
3368
3368
3368
3368
3368
3367
3367
3367
3367
3367
3367
3366
3380
3365
3365
3364
3364
3380
3363
3363
3363
3363
3362
3362
3362
3362
3361
3361
3361
3360
3360
3359
3359
3359
3359
3359
3359
3358
3366
3357
3357
3357
3357
3356
3356
3356
3356
3355
3355
3355
3355
3354
3354
3354
3353
3353
3353
3353
3352
3351
3351
3351
3351
3351
3350
3350
3350
3350
3350
3364
3349
3349
3349
3348
3348
3348
3348
3347
3347
3347
3347
3346
3346
3346
3346
3346
3344
3344
3344
3344
3344
3344
3343
3343
3342
3342
3342
3341
3340
3340
3340
3340
3342
3340
3340
3340
3340
3339
3339
3339
3339
3339
3339
3338
3338
3354
3336
3336
3336
3336
3335
3334
3334
3333
3333
3332
3332
3331
3331
3331
3331
3330
3330
3330
3330
3329
3329
3329
3328
3328
3346
3328
3328
3327
3327
3327
3327
3326
3326
3340
3326
3325
3325
3324
3324
3324
3324
3324
3323
3323
3323
3322
3322
3322
3322
3335
3322
3321
3320
3331
3320
3320
3319
3325
3319
3319
3319
3319
3319
3318
3318
3318
3318
3317
3317
3317
3317
3316
3316
3316
3316
3329
3314
3314
3314
3313
3313
3332
3313
3313
3312
3312
3311
3311
3311
3311
3310
3309
3309
3309
3308
3308
3307
3307
3306
3306
3305
3305
3304
3304
3303
3302
3302
3301
3301
3301
3300
3300
3300
3300
3300
3300
3299
3299
3299
3298
3298
3298
3298
3298
3298
3297
3297
3296
3296
3296
3295
3295
3295
3295
3294
3294
3293
3293
3293
3317
3301
3291
3291
3291
3291
3291
3290
3290
3289
3289
3289
3289
3289
3289
3288
3288
3287
3287
3287
3286
3286
3286
3286
3286
3286
3285
3284
3284
3284
3284
3284
3284
3283
3283
3302
3282
3282
3282
3282
3282
3281
3281
3281
3281
3280
3280
3280
3279
3279
3279
3278
3278
3278
3278
3276
3275
3287
3275
3275
3275
3275
3275
3275
3275
3274
3274
3274
3274
3273
3272
3272
3272
3271
3271
3271
3270
3270
3269
3269
3269
3268
3268
3268
3268
3267
3267
3266
3265
3265
3265
3265
3265
3264
3264
3264
3262
3262
3262
3262
3262
3261
3261
3260
3259
3259
3259
3258
3257
3257
3256
3256
3255
3255
3255
3255
3255
3255
3254
3254
3254
3254
3253
3253
3253
3253
3252
3252
3252
3299
3251
3251
3251
3251
3251
3251
3251
3251
3251
3250
3250
3249
3271
3249
3249
3249
3249
3249
3248
3248
3247
3247
3247
3246
3246
3246
3246
3245
3245
3244
3244
3244
3244
3243
3243
3243
3243
3242
3242
3242
3242
3242
3242
3242
3242
3242
3241
3264
3240
3240
3240
3240
3240
3239
3238
3241
3238
3238
3237
3237
3237
3236
3236
3235
3234
3234
3233
3233
3255
3232
3231
3231
3230
3230
3229
3229
3229
3228
3228
3228
3227
3227
3226
3226
3226
3226
3226
3226
3226
3226
3225
3225
3225
3225
3224
3224
3224
3223
3223
3222
3221
3221
3221
3221
3221
3220
3220
3219
3219
3219
3218
3218
3217
3217
3217
3217
3217
3216
3216
3216
3216
3216
3221
3215
3215
3215
3214
3213
3213
3213
3213
3212
3212
3212
3212
3212
3212
3211
3211
3211
3210
3210
3210
3209
3209
3209
3209
3209
3209
3208
3208
3207
3207
3207
3206
3205
3204
3204
3204
3204
3203
3203
3203
3201
3201
3201
3201
3200
3200
3209
3200
3200
3199
3199
3199
3199
3199
3199
3198
3198
3198
3197
3196
3195
3195
3195
3195
3195
3195
3195
3194
3194
3195
3194
3194
3183
3194
3193
3193
3192
3192
3192
3192
3192
3191
3191
3191
3191
3191
3191
3190
3197
3190
3189
3189
3189
3188
3188
3187
3187
3187
3186
3186
3185
3185
3184
3183
3183
3183
3182
3182
3182
3182
3181
3181
3181
3181
3180
3180
3180
3179
3179
3178
3178
3178
3178
3178
3178
3177
3177
3177
3176
3176
3176
3175
3175
3175
3175
3174
3174
3174
3174
3174
3174
3174
3173
3173
3173
3173
3172
3172
3171
3171
3171
3171
3171
3199
3170
3170
3170
3170
3192
3169
3169
3169
3169
3167
3167
3167
3167
3167
3166
3166
3166
3165
3165
3183
3164
3168
3163
3163
3162
3162
3161
3161
3161
3161
3161
3161
3160
3160
3160
3160
3159
3159
3159
3158
3158
3158
3158
3158
3157
3157
3156
3156
3156
3156
3155
3155
3155
3155
3155
3155
3155
3155
3154
3154
3154
3155
3153
3153
3153
3153
3153
3152
3152
3152
3152
3151
3151
3151
3151
3150
3150
3150
3150
3150
3149
3149
3149
3149
3161
3148
3148
3148
3148
3148
3147
3147
3146
3146
3146
3146
3145
3145
3145
3145
3145
3145
3144
3144
3143
3158
3143
3143
3143
3142
3142
3142
3142
3142
3142
3142
3142
3141
3141
3141
3141
3140
3140
3139
3139
3138
3138
3138
3138
3137
3137
3137
3137
3137
3136
3136
3140
3136
3136
3136
3136
3135
3135
3135
3135
3135
3134
3134
3134
3134
3133
3133
3133
3132
3132
3132
3132
3132
3132
3132
3132
3131
3131
3130
3130
3130
3130
3129
3129
3129
3127
3127
3127
3127
3127
3127
3126
3126
3126
3126
3126
3126
3126
3125
3124
3124
3123
3123
3122
3122
3122
3122
3121
3121
3121
3120
3120
3120
3120
3120
3119
3119
3119
3119
3118
3118
3117
3117
3117
3116
3116
3115
3115
3115
3115
3114
3114
3113
3113
3112
3133
3112
3112
3111
3111
3111
3111
3110
3110
3110
3108
3108
3108
3108
3108
3107
3107
3107
3107
3106
3106
3106
3106
3106
3115
3106
3105
3105
3105
3105
3105
3105
3104
3104
3104
3104
3120
3103
3103
3103
3102
3102
3102
3102
3102
3102
3102
3102
3111
3101
3101
3100
3100
3100
3100
3100
3099
3099
3098
3098
3097
3097
3096
3095
3095
3095
3095
3094
3094
3109
3094
3093
3093
3093
3091
3091
3091
3091
3090
3090
3090
3089
3089
3088
3088
3088
3087
3086
3086
3086
3086
3085
3085
3085
3084
3084
3084
3084
3084
3090
3083
3083
3083
3082
3082
3082
3082
3082
3082
3081
3080
3089
3079
3079
3078
3078
3077
3077
3077
3077
3077
3077
3076
3076
3076
3075
3075
3074
3078
3074
3074
3074
3073
3073
3073
3073
3073
3073
3072
3072
3072
3072
3070
3070
3069
3069
3069
3069
3069
3069
3068
3068
3068
3068
3067
3067
3067
3067
3067
3066
3065
3065
3065
3065
3064
3064
3064
3064
3063
3063
3063
3063
3063
3062
3062
3062
3062
3062
3061
3061
3061
3060
3060
3060
3060
3059
3058
3058
3057
3057
3057
3056
3056
3056
3056
3055
3054
3054
3054
3054
3054
3053
3053
3053
3053
3052
3052
3052
3051
3051
3051
3054
3051
3050
3050
3049
3049
3049
3048
3048
3048
3048
3048
3051
3063
3047
3047
3046
3046
3046
3046
3045
3045
3045
3045
3045
3045
3044
3044
3044
3044
3043
3043
3043
3043
3056
3042
3042
3042
3042
3042
3042
3042
3041
3041
3041
3041
3041
3040
3040
3040
3040
3040
3040
3039
3039
3039
3038
3038
3038
3037
3036
3036
3036
3036
3036
3036
3035
3035
3035
3035
3035
3035
3035
3034
3034
3034
3032
3032
3032
3032
3032
3032
3031
3031
3031
3031
3031
3030
3030
3029
3029
3029
3028
3028
3027
3027
3026
3026
3026
3026
3026
3025
3025
3025
3025
3025
3024
3024
3036
3023
3023
3023
3023
3022
3022
3022
3022
3022
3022
3021
3021
3021
3021
3020
3020
3020
3019
3019
3019
3018
3018
3018
3018
3018
3018
3017
3017
3016
3016
3015
3014
3014
3013
3013
3013
3012
3012
3012
3012
3012
3012
3011
3011
3011
3010
3010
3010
3009
3009
3009
3009
3009
3009
3008
3008
3008
3007
3007
3007
3007
3006
3005
3005
3005
3005
3004
3004
3004
3004
3003
3002
3002
3002
3002
3001
3001
3001
