876482
850639
700317
477817
472431
468962
441469
398376
394592
372777
370330
369725
365617
361984
358524
339281
331429
330477
319902
319056
317050
315492
307542
305180
304525
290971
277957
268535
265562
261440
258366
255946
253476
251587
249189
240404
239515
237687
235871
222626
221148
214511
212918
211788
211733
208602
208399
206984
198538
197484
196638
193790
193542
193079
191640
188850
188847
188758
185585
183692
181857
180728
176815
176702
174931
172508
171154
170087
168634
166288
163030
161855
161420
159797
159188
158855
158503
157647
156380
156338
156174
152648
151532
150439
150371
150181
149183
146784
144270
143960
143027
142746
141392
140678
140182
138951
138771
137632
137519
136612
135146
134066
133751
133454
131227
130609
129722
129671
129407
128995
128617
128000
127689
126798
126185
125497
125338
124939
124648
123378
122445
122362
122141
120749
119955
119670
119421
118607
116183
115318
115118
114772
114589
114446
113958
113766
112710
112054
111167
110169
109761
108140
108107
107781
105906
105864
105477
105318
104596
104504
104091
104018
103991
103746
103175
102572
102231
101882
101529
101337
101258
100079
99768
99017
98142
97455
97198
96731
96020
95972
95957
94972
94755
93881
93602
92830
92699
92451
92181
92034
91551
91478
91373
90935
90573
90426
89707
89571
89071
88992
88934
88765
88648
88326
88062
87719
86704
86279
86119
85905
85859
85794
85757
85265
85148
84636
84626
84596
84000
83046
82973
82885
82821
82606
82460
82437
82324
81939
81711
81149
81105
80903
80889
80762
80247
79574
79494
79461
79221
79049
78738
78725
78694
78490
78245
78095
76643
76407
75880
75514
75369
74389
74249
73441
73353
73141
73072
72700
72336
72260
71820
71744
70959
70529
70338
70220
70089
70054
69905
69885
69752
69397
69374
69282
69210
69170
69137
68904
68781
68201
68019
67821
67601
67568
67519
66760
66757
66413
66311
66272
66212
65743
65715
65700
65613
65478
65463
65423
65264
65086
65048
64891
64854
64810
64704
64568
64558
64401
64068
64015
63892
63891
63630
63393
62978
62385
62371
62324
62304
62154
62062
61902
61800
61686
61508
61423
61376
61295
61076
61070
60828
60800
60772
60618
60003
59870
59800
59654
59509
59389
59204
59017
58867
58742
58688
58602
58488
58485
58437
58211
58187
58177
58137
58123
58099
57901
57901
57667
57610
57533
57521
57507
57501
57455
57433
57387
57023
56873
56812
56621
56511
56454
56431
56188
56134
56026
55696
55586
55454
55345
55336
55062
54827
54815
54628
54430
54421
54330
54073
54054
53675
53624
53610
53473
53443
53361
53248
53189
53124
53088
52945
52702
52697
52511
52414
52365
52039
52005
51978
51960
51696
51620
51581
51504
51386
51305
51277
51235
51130
50962
50927
50533
50480
50461
50402
50302
50261
50173
50119
50079
50060
50009
49915
49906
49903
49876
49797
49796
49780
49534
49431
49367
49353
49231
49198
49164
49081
49053
48972
48963
48732
48723
48529
48409
48396
48385
48355
47985
47951
47934
47898
47696
47630
47622
47561
47336
47130
47105
47059
47031
46989
46854
46839
46724
46722
46709
46650
46584
46577
46518
46457
46400
46385
46186
46159
46148
46035
46020
46003
45946
45867
45813
45746
45744
45707
45656
45463
45339
45297
45282
44926
44853
44851
44844
44841
44796
44701
44658
44526
44453
44415
44396
44155
44021
44018
43907
43852
43791
43779
43774
43711
43610
43588
43562
43542
43446
43429
43409
43314
43305
43298
43085
43029
42922
42884
42835
42780
42695
42513
42515
42489
42445
42444
42397
42348
42252
42151
42139
42029
41952
41845
41767
41708
41501
41366
41301
41260
41223
41199
40952
40775
40739
40633
40566
40524
40477
40319
40151
40139
40135
40085
40019
40006
39990
39734
39730
39685
39683
39677
39673
39617
39532
39508
39448
39422
39420
39415
39389
39367
39370
39343
39289
39161
39065
39060
38836
38813
38727
38433
38330
38266
38266
38248
38231
38060
38043
38042
38004
38003
37960
37880
37817
37777
37649
37613
37570
37508
37358
37315
37277
37214
37178
37148
37138
37094
37058
36963
36857
36825
36750
36744
36723
36703
36690
36632
36619
36546
36538
36490
36475
36470
36455
36413
36399
36381
36380
36328
36236
36231
36220
35947
35899
35892
35820
35809
35797
35729
35716
35673
35671
35670
35654
35638
35629
35602
35419
35376
35335
35313
35232
35173
35146
35124
35092
35049
35029
34990
34973
34949
34915
34761
34760
34741
34734
34693
34529
34436
34342
34291
34206
34030
34010
33992
33953
33874
33858
33737
33707
33684
33601
33591
33580
33565
33551
33518
33356
33314
33280
33246
33237
33197
33161
33160
33103
33058
33027
33023
33002
32957
32954
32894
32882
32862
32824
32777
32730
32666
32590
32585
32584
32556
32543
32509
32453
32450
32334
32316
32293
32284
32251
32227
32198
32191
32187
32181
32157
32094
32089
32081
32072
32068
32056
32035
32023
31962
31887
31880
31845
31836
31812
31811
31749
31649
31647
31592
31548
31544
31458
31429
31426
31405
31391
31376
31349
31309
31281
31247
31233
31188
31171
31152
31131
31081
31065
31060
31016
31013
30967
30958
30915
30898
30874
30873
30845
30844
30784
30778
30761
30730
30709
30670
30653
30598
30594
30593
30538
30547
30525
30500
30425
30408
30358
30353
30339
30309
30264
30224
30180
30174
30155
30151
30138
30039
29993
29850
29839
29823
29779
29755
29677
29655
29642
29598
29584
29571
29553
29522
29520
29514
29481
29463
29458
29452
29432
29416
29350
29268
29252
29243
29220
29154
29094
29078
29060
29027
29006
29003
28953
28920
28853
28846
28790
28764
28760
28755
28729
28728
28727
28713
28685
28673
28656
28645
28614
28524
28346
28319
28313
28285
28254
28239
28192
28178
28158
28117
28094
28093
28086
28080
28063
28000
27998
27972
27939
27935
27908
27793
27771
27727
27721
27651
27490
27398
27366
27365
27362
27343
27224
27218
27182
27119
27090
27080
27060
26991
26988
26947
26900
26844
26870
26811
26765
26761
26740
26582
26569
26564
26461
26421
26386
26333
26317
26319
26233
26200
26192
26161
26144
26083
26036
25986
25979
25965
25956
25955
25936
25915
25907
25869
25857
25856
25796
25791
25789
25771
25737
25720
25716
25687
25615
25611
25566
25559
25538
25450
25447
25444
25431
25417
25400
25327
25321
25283
25236
25235
25222
25202
25188
25187
25162
25185
25133
25127
25114
25099
25084
25069
25061
24996
24954
24946
24898
24869
24854
24797
24793
24762
24762
24756
24732
24708
24669
24664
24648
24623
24601
24593
24519
24348
24330
24317
24296
24290
24249
24233
24186
24133
24131
24111
24108
24091
24072
24014
23955
23930
23924
23918
23893
23860
23822
23803
23785
23778
23772
23782
23756
23741
23707
23683
23681
23672
23671
23661
23613
23604
23593
23576
23574
23544
23445
23437
23431
23394
23386
23366
23359
23356
23355
23315
23282
23276
23232
23200
23179
23158
23138
23116
23075
23071
23063
23005
22933
22924
22909
22908
22875
22873
22810
22804
22785
22777
22761
22759
22736
22716
22712
22698
22661
22659
22654
22644
22635
22616
22605
22566
22562
22547
22530
22523
22502
22433
22428
22382
22380
22359
22347
22327
22325
22325
22288
22287
22266
22222
22211
22196
22186
22180
22180
22176
22146
22142
22138
22117
22114
22107
22104
22090
22080
22053
22042
22031
22018
21999
21997
21982
21948
21929
21900
21848
21839
21830
21803
21802
21776
21748
21744
21740
21730
21729
21728
21716
21684
21683
21663
21656
21656
21655
21582
21563
21560
21533
21500
21452
21444
21441
21440
21389
21387
21384
21351
21323
21322
21306
21291
21287
21275
21246
21254
21268
21221
21172
21152
21149
21104
21071
21053
21048
21040
21032
21016
21015
21012
20993
20979
20973
20948
20945
20922
20914
20893
20887
20878
20851
20836
20828
20819
20817
20816
20813
20808
20796
20793
20769
20765
20764
20759
20757
20755
20703
20678
20669
20663
20633
20585
20571
20565
20555
20554
20546
20546
20524
20508
20507
20499
20491
20451
20437
20428
20423
20420
20418
20410
20409
20408
20407
20404
20377
20368
20291
20262
20262
20240
20181
20174
20160
20154
20124
20104
20049
20024
20020
20010
19982
19961
19931
19921
19920
19927
19911
19870
19867
19853
19848
19844
19821
19818
19788
19783
19759
19746
19731
19721
19714
19713
19704
19698
19667
19661
19654
19649
19635
19633
19626
19579
19581
19559
19575
19520
19516
19516
19467
19458
19449
19444
19442
19417
19381
19355
19348
19336
19332
19322
19320
19299
19273
19256
19254
19248
19224
19178
19166
19151
19149
19105
19092
19087
19074
19066
19046
19014
19000
18984
18957
18948
18948
18933
18929
18876
18866
18864
18863
18853
18833
18816
18787
18787
18787
18770
18759
18757
18717
18705
18687
18683
18679
18661
18635
18622
18616
18612
18565
18550
18548
18548
18472
18487
18452
18387
18385
18360
18360
18347
18332
18306
18290
18283
18280
18272
18263
18251
18248
18233
18221
18216
18200
18193
18183
18182
18174
18122
18113
18087
18083
18082
18078
18064
18061
18030
18003
17976
17975
17967
17954
17952
17937
17914
17914
17895
17888
17878
17879
17856
17834
17833
17831
17830
17821
17811
17780
17778
17785
17729
17726
17723
17714
17708
17707
17705
17705
17675
17645
17628
17609
17607
17580
17554
17554
17527
17526
17507
17505
17503
17503
17491
17471
17476
17467
17461
17460
17455
17439
17439
17437
17434
17433
17431
17428
17428
17424
17417
17417
17399
17392
17389
17379
17374
17349
17304
17299
17284
17271
17257
17247
17245
17235
17230
17225
17208
17207
17183
17160
17134
17121
17121
17114
17079
17058
17051
17036
17032
17019
17015
16970
16960
16949
16925
16914
16902
16899
16897
16896
16892
16852
16835
16831
16824
16796
16758
16757
16732
16730
16719
16716
16705
16699
16684
16665
16639
16637
16620
16612
16601
16594
16585
16567
16565
16557
16550
16523
16519
16514
16487
16478
16477
16473
16450
16447
16436
16432
16417
16405
16398
16395
16393
16359
16319
16301
16300
16294
16285
16278
16277
16249
16249
16245
16239
16227
16215
16186
16172
16165
16160
16129
16118
16115
16113
16112
16096
16096
16089
16053
16020
16005
16004
15995
15976
15976
15973
15958
15936
15935
15912
15909
15903
15900
15889
15852
15851
15839
15830
15825
15823
15821
15809
15802
15800
15798
15794
15779
15772
15770
15770
15770
15762
15762
15762
15733
15724
15712
15694
15683
15677
15665
15657
15651
15649
15636
15627
15626
15617
15610
15578
15559
15529
15527
15515
15502
15488
15477
15473
15465
15444
15452
15402
15394
15392
15388
15384
15380
15369
15351
15344
15320
15317
15310
15303
15291
15277
15260
15250
15250
15246
15246
15235
15228
15221
15214
15213
15199
15198
15182
15179
15161
15151
15148
15127
15118
15094
15094
15088
15084
15079
15078
15076
15048
15038
15037
15036
15029
15028
15026
15023
15019
15016
15005
14990
14970
14967
14957
14949
14935
14924
14911
14911
14909
14899
14899
14899
14885
14878
14877
14850
14845
14845
14842
14834
14832
14828
14811
14793
14789
14784
14786
14767
14766
14763
14742
14750
14725
14721
14719
14714
14710
14680
14679
14674
14675
14669
14651
14650
14639
14628
14628
14609
14606
14596
14595
14581
14567
14565
14561
14534
14517
14512
14477
14448
14446
14444
14441
14436
14418
14418
14414
14407
14430
14381
14375
14369
14341
14329
14329
14317
14316
14309
14303
14288
14276
14275
14269
14269
14256
14254
14233
14227
14223
14219
14193
14188
14179
14177
14171
14180
14164
14162
14150
14148
14133
14138
14128
14094
14092
14086
14076
14066
14064
14044
14040
14018
14016
13962
13961
13960
13993
13954
13946
13945
13939
13920
13920
13914
13904
13896
13886
13918
13882
13875
13874
13859
13858
13858
13855
13854
13848
13837
13835
13835
13823
13822
13810
13797
13793
13779
13791
13772
13755
13734
13726
13724
13729
13705
13698
13653
13627
13621
13584
13581
13569
13562
13555
13551
13550
13549
13534
13552
13525
13525
13516
13514
13513
13500
13494
13478
13477
13474
13474
13472
13464
13458
13455
13454
13440
13419
13412
13403
13401
13398
13376
13375
13374
13395
13368
13365
13364
13358
13357
13349
13349
13348
13347
13347
13329
13324
13316
13306
13302
13302
13311
13283
13277
13263
13262
13260
13245
13230
13217
13216
13214
13213
13204
13202
13174
13174
13174
13135
13128
13120
13096
13095
13088
13081
13076
13074
13074
13067
13052
13034
13033
13018
13012
13004
12989
12974
12972
12966
12957
12956
12947
12947
12957
12934
12923
12919
12911
12910
12907
12900
12868
12864
12863
12846
12843
12840
12819
12816
12804
12799
12798
12789
12786
12776
12763
12761
12757
12744
12738
12732
12720
12719
12712
12709
12707
12706
12701
12691
12689
12687
12682
12667
12659
12657
12641
12616
12614
12599
12598
12598
12591
12589
12586
12558
12553
12552
12549
12547
12557
12532
12526
12518
12490
12486
12472
12484
12467
12458
12457
12425
12420
12411
12410
12410
12432
12400
12379
12377
12371
12370
12364
12362
12353
12347
12340
12338
12331
12325
12321
12297
12295
12294
12288
12279
12278
12273
12256
12251
12241
12240
12236
12242
12233
12225
12212
12202
12196
12187
12171
12169
12167
12164
12159
12156
12155
12164
12142
12130
12128
12100
12123
12090
12082
12081
12079
12076
12069
12062
12060
12060
12059
12051
12050
12037
12035
12025
12025
12019
12006
12018
11999
11997
11996
11989
11958
11955
11954
11941
11939
11937
11931
11912
11922
11905
11894
11880
11875
11859
11855
11854
11849
11847
11846
11845
11843
11836
11833
11831
11831
11829
11828
11827
11823
11820
11816
11811
11811
11804
11788
11787
11771
11769
11759
11742
11736
11735
11733
11718
11707
11704
11704
11688
11685
11688
11677
11669
11663
11659
11647
11629
11612
11609
11606
11599
11598
11581
11570
11566
11561
11551
11551
11554
11540
11529
11527
11521
11510
11495
11492
11488
11498
11485
11477
11470
11465
11459
11457
11454
11449
11447
11446
11430
11429
11427
11418
11406
11404
11396
11396
11390
11388
11384
11381
11375
11372
11361
11356
11355
11347
11341
11338
11335
11327
11322
11322
11316
11314
11314
11306
11303
11291
11284
11278
11275
11272
11269
11263
11255
11253
11252
11247
11243
11240
11235
11227
11224
11224
11210
11210
11201
11193
11188
11182
11180
11172
11166
11165
11164
11160
11155
11154
11153
11150
11146
11161
11138
11137
11135
11126
11125
11143
11099
11094
11090
11089
11076
11074
11065
11063
11056
11056
11054
11053
11052
11051
11049
11044
11038
11034
11032
11022
11019
11017
11017
11022
10997
10983
10981
10978
10975
10972
10971
10969
10962
10961
10955
10948
10938
10935
10919
10911
10902
10909
10928
10889
10873
10869
10868
10867
10866
10863
10863
10859
10854
10840
10840
10832
10830
10830
10823
10813
10812
10833
10805
10798
10792
10791
10787
10784
10783
10761
10740
10726
10718
10714
10714
10713
10712
10705
10700
10691
10687
10680
10678
10678
10676
10671
10668
10639
10629
10622
10620
10617
10617
10617
10610
10602
10595
10594
10571
10570
10570
10561
10561
10551
10547
10546
10544
10541
10539
10546
10527
10524
10530
10512
10509
10509
10503
10499
10499
10498
10493
10490
10485
10485
10481
10478
10477
10473
10470
10459
10456
10455
10493
10451
10446
10439
10429
10422
10412
10409
10418
10406
10397
10396
10392
10383
10379
10376
10374
10369
10366
10358
10355
10375
10342
10335
10328
10312
10312
10311
10302
10301
10290
10287
10284
10272
10269
10268
10255
10247
10246
10245
10244
10236
10236
10230
10228
10225
10220
10217
10208
10207
10201
10201
10197
10194
10194
10193
10190
10189
10184
10162
10159
10158
10158
10150
10149
10147
10118
10112
10108
10099
10094
10092
10090
10089
10089
10085
10080
10085
10067
10067
10059
10057
10053
10043
10038
10036
10033
10032
10029
10028
10027
10023
10019
10014
10011
10011
10016
10006
10000
9998
9994
9994
9994
9993
9993
9995
9989
9987
9980
9977
9976
9974
9969
9967
9966
9964
9964
9964
9963
9962
9961
9960
9955
9944
9942
9940
9935
9932
9931
9929
9936
9926
9920
9918
9917
9911
9905
9901
9897
9889
9889
9883
9877
9884
9873
9902
9864
9862
9852
9849
9849
9848
9843
9838
9830
9820
9843
9819
9816
9811
9811
9802
9809
9784
9769
9779
9770
9768
9755
9738
9737
9735
9734
9727
9736
9717
9716
9715
9711
9711
9710
9708
9705
9705
9705
9698
9685
9685
9682
9661
9659
9659
9657
9678
9645
9640
9632
9624
9635
9619
9615
9610
9610
9608
9602
9596
9601
9595
9591
9588
9585
9569
9564
9562
9557
9556
9553
9553
9552
9549
9546
9544
9542
9540
9539
9536
9535
9534
9533
9523
9520
9522
9513
9508
9507
9516
9499
9496
9513
9493
9491
9482
9479
9476
9472
9469
9466
9461
9452
9451
9451
9448
9447
9444
9437
9437
9435
9423
9422
9422
9422
9421
9417
9416
9415
9414
9411
9404
9403
9410
9390
9389
9381
9379
9378
9367
9366
9365
9356
9349
9348
9339
9331
9330
9322
9321
9321
9320
9318
9315
9313
9311
9307
9306
9304
9298
9295
9292
9291
9290
9278
9271
9271
9270
9269
9267
9260
9255
9253
9253
9245
9237
9237
9251
9219
9213
9210
9208
9207
9200
9198
9196
9191
9189
9183
9181
9174
9173
9170
9168
9167
9165
9165
9162
9148
9160
9141
9137
9136
9133
9130
9128
9128
9127
9116
9115
9114
9108
9106
9105
9105
9101
9118
9092
9085
9082
9080
9079
9079
9079
9074
9074
9074
9074
9071
9079
9068
9066
9066
9064
9063
9061
9060
9053
9048
9078
9047
9045
9065
9043
9041
9041
9041
9039
9036
9032
9031
9026
9021
9021
9017
9007
9004
8999
8997
8996
8995
8993
8993
8993
8986
8986
8984
8980
8979
8978
8977
8968
8965
8959
8958
8957
8954
8952
8947
8945
8939
8929
8920
8919
8918
8902
8896
8895
8888
8885
8885
8884
8882
8878
8877
8874
8863
8862
8849
8848
8843
8838
8837
8837
8834
8830
8823
8821
8821
8814
8813
8807
8804
8788
8787
8786
8781
8780
8775
8772
8771
8767
8759
8755
8754
8749
8747
8745
8745
8741
8749
8738
8733
8732
8732
8728
8726
8724
8716
8714
8713
8711
8708
8707
8707
8704
8703
8700
8698
8697
8696
8696
8695
8694
8693
8691
8685
8678
8673
8672
8669
8662
8666
8651
8649
8648
8646
8668
8639
8639
8638
8633
8628
8626
8626
8626
8623
8623
8614
8608
8597
8622
8596
8592
8591
8588
8588
8586
8579
8553
8552
8547
8542
8539
8539
8538
8536
8535
8534
8525
8519
8519
8517
8514
8513
8507
8506
8506
8504
8504
8503
8500
8503
8498
8492
8488
8483
8477
8472
8472
8471
8470
8463
8462
8460
8460
8454
8450
8448
8439
8436
8435
8421
8418
8417
8415
8413
8410
8409
8408
8407
8389
8389
8384
8389
8380
8372
8369
8368
8365
8362
8359
8347
8346
8340
8339
8336
8335
8332
8330
8330
8326
8327
8314
8312
8310
8309
8308
8306
8303
8303
8295
8295
8294
8287
8283
8283
8278
8278
8277
8276
8274
8272
8272
8271
8295
8263
8255
8253
8245
8238
8256
8236
8235
8229
8228
8227
8223
8223
8215
8214
8213
8196
8196
8196
8189
8188
8181
8180
8179
8179
8177
8177
8172
8172
8169
8167
8163
8163
8162
8162
8160
8160
8159
8156
8154
8153
8146
8131
8129
8128
8127
8127
8122
8116
8113
8110
8107
8109
8103
8103
8102
8101
8096
8096
8089
8079
8078
8078
8097
8075
8073
8073
8073
8071
8070
8070
8069
8067
8065
8063
8063
8056
8056
8054
8047
8043
8041
8041
8040
8035
8049
8030
8027
8021
8019
8015
8014
8011
8011
8010
8007
8007
8006
8002
8000
7999
7997
7995
7994
7984
7984
7979
7977
7997
7972
7969
7965
7960
7954
7953
7947
7946
7956
7937
7936
7954
7934
7933
7932
7929
7927
7929
7926
7926
7926
7923
7923
7915
7914
7914
7913
7912
7910
7933
7923
7906
7906
7904
7904
7902
7901
7900
7897
7897
7893
7893
7892
7891
7891
7894
7883
7882
7881
7880
7879
7878
7876
7875
7882
7871
7870
7869
7866
7866
7865
7864
7861
7871
7859
7858
7858
7851
7851
7847
7847
7846
7845
7844
7843
7841
7860
7840
7836
7835
7835
7833
7832
7831
7831
7832
7828
7827
7824
7824
7828
7821
7814
7814
7813
7812
7806
7797
7794
7793
7796
7787
7786
7785
7820
7779
7778
7777
7774
7770
7768
7768
7767
7767
7764
7757
7757
7756
7753
7752
7752
7749
7745
7740
7738
7736
7729
7729
7723
7722
7714
7714
7713
7711
7709
7705
7705
7702
7695
7690
7689
7687
7679
7678
7677
7674
7672
7672
7672
7669
7663
7660
7657
7652
7652
7650
7649
7649
7647
7647
7646
7646
7641
7640
7637
7637
7636
7635
7634
7633
7631
7630
7624
7624
7621
7619
7617
7615
7612
7611
7611
7608
7604
7601
7601
7594
7593
7591
7590
7590
7587
7580
7577
7576
7576
7574
7572
7571
7568
7567
7566
7565
7562
7562
7561
7559
7556
7556
7545
7544
7540
7539
7538
7537
7535
7535
7534
7530
7529
7527
7527
7523
7520
7519
7519
7517
7515
7514
7511
7507
7528
7505
7503
7501
7501
7504
7498
7495
7494
7494
7493
7509
7499
7486
7485
7479
7478
7478
7477
7475
7475
7474
7474
7470
7469
7468
7466
7460
7459
7483
7456
7455
7476
7452
7451
7450
7449
7447
7447
7462
7447
7444
7441
7440
7438
7432
7432
7427
7425
7424
7423
7420
7414
7413
7411
7407
7407
7407
7405
7402
7402
7401
7401
7399
7397
7397
7396
7415
7390
7388
7385
7375
7363
7359
7359
7358
7357
7356
7354
7347
7371
7347
7346
7351
7331
7328
7327
7326
7324
7323
7322
7317
7316
7312
7324
7310
7309
7309
7308
7306
7306
7305
7305
7304
7303
7300
7302
7297
7313
7291
7318
7279
7278
7277
7276
7275
7274
7272
7273
7271
7270
7270
7269
7268
7268
7265
7264
7263
7260
7260
7259
7259
7262
7255
7254
7254
7252
7241
7238
7235
7231
7230
7229
7229
7226
7224
7224
7223
7220
7220
7219
7219
7217
7217
7216
7215
7222
7214
7226
7211
7211
7209
7206
7202
7199
7196
7219
7193
7191
7191
7190
7185
7182
7182
7182
7179
7178
7200
7172
7170
7168
7164
7163
7158
7157
7154
7153
7152
7150
7147
7147
7146
7144
7142
7141
7140
7139
7136
7135
7129
7125
7121
7119
7116
7112
7113
7107
7106
7104
7102
7101
7097
7095
7094
7093
7093
7103
7092
7090
7089
7088
7087
7083
7080
7083
7080
7076
7076
7073
7068
7068
7068
7068
7067
7066
7055
7054
7053
7051
7050
7049
7048
7045
7063
7042
7048
7039
7039
7038
7035
7035
7034
7029
7060
7024
7020
7020
7015
7013
7011
7003
6997
7010
6996
7003
6994
6984
6980
6980
6979
6979
6976
6976
6975
6974
6974
6987
6971
6970
6970
6966
6966
6965
6965
6961
6960
6958
6954
6949
6948
6943
6937
6935
6934
6932
6932
6930
6929
6923
6937
6920
6928
6917
6913
6913
6911
6911
6910
6908
6907
6907
6907
6906
6903
6899
6898
6897
6896
6892
6892
6892
6890
6890
6899
6889
6888
6887
6886
6882
6881
6880
6879
6879
6878
6873
6870
6881
6868
6865
6864
6862
6862
6861
6860
6859
6856
6853
6852
6851
6850
6850
6842
6848
6847
6845
6844
6842
6841
6841
6836
6849
6832
6831
6826
6826
6826
6830
6824
6823
6822
6819
6836
6817
6814
6812
6812
6806
6803
6802
6799
6798
6794
6789
6787
6785
6784
6783
6780
6779
6777
6773
6768
6768
6766
6765
6764
6761
6761
6761
6757
6757
6756
6756
6755
6753
6751
6749
6749
6748
6743
6742
6738
6736
6736
6748
6735
6733
6729
6729
6742
6725
6723
6720
6717
6709
6727
6708
6706
6702
6702
6702
6701
6699
6693
6688
6687
6685
6684
6683
6677
6677
6673
6666
6666
6664
6663
6663
6660
6659
6657
6656
6654
6652
6651
6650
6640
6631
6630
6628
6629
6637
6623
6622
6618
6613
6612
6610
6608
6607
6606
6604
6602
6600
6600
6598
6593
6593
6578
6569
6566
6566
6565
6564
6562
6558
6558
6557
6556
6550
6549
6548
6547
6544
6544
6539
6538
6538
6538
6535
6534
6533
6533
6530
6527
6526
6526
6526
6524
6522
6533
6520
6518
6518
6517
6515
6514
6503
6500
6498
6494
6491
6488
6484
6482
6481
6481
6478
6476
6473
6469
6468
6467
6465
6465
6464
6464
6463
6461
6460
6459
6457
6457
6456
6455
6455
6454
6455
6453
6452
6452
6452
6451
6450
6449
6448
6447
6447
6446
6446
6444
6439
6438
6438
6435
6433
6431
6429
6426
6424
6424
6424
6437
6417
6417
6417
6415
6415
6434
6414
6411
6406
6404
6403
6403
6403
6400
6399
6398
6398
6397
6395
6389
6388
6387
6383
6383
6381
6379
6379
6374
6373
6388
6370
6362
6361
6360
6359
6357
6353
6350
6350
6349
6347
6344
6342
6341
6340
6361
6332
6330
6329
6329
6327
6323
6320
6319
6318
6318
6316
6315
6313
6313
6312
6312
6312
6308
6323
6295
6295
6287
6286
6285
6296
6276
6276
6275
6283
6270
6269
6268
6266
6265
6263
6262
6262
6261
6261
6260
6258
6258
6257
6256
6254
6251
6250
6250
6248
6248
6246
6246
6245
6244
6243
6240
6239
6238
6236
6236
6236
6234
6232
6229
6226
6225
6225
6219
6218
6217
6216
6211
6210
6208
6207
6206
6205
6203
6202
6202
6195
6194
6192
6186
6184
6183
6182
6181
6180
6179
6178
6176
6176
6175
6175
6174
6171
6170
6170
6170
6196
6170
6164
6162
6162
6160
6160
6159
6158
6157
6153
6153
6148
6148
6147
6146
6146
6145
6144
6143
6142
6140
6140
6139
6138
6137
6134
6134
6134
6133
6131
6123
6121
6132
6120
6128
6117
6115
6115
6115
6114
6112
6113
6107
6107
6106
6106
6104
6101
6100
6098
6098
6098
6097
6111
6094
6093
6091
6091
6090
6087
6086
6085
6077
6076
6075
6074
6070
6068
6067
6066
6066
6074
6065
6064
6062
6057
6056
6054
6052
6052
6049
6048
6047
6045
6044
6044
6042
6041
6041
6041
6037
6037
6036
6035
6033
6028
6026
6025
6025
6024
6037
6022
6020
6020
6019
6019
6018
6018
6017
6015
6014
6013
6009
6009
6008
6007
6007
6004
6003
6002
6002
6001
5999
6016
5998
5996
5996
5996
5992
5990
5990
5989
5988
5987
5986
5985
5985
5985
5984
5984
5981
5978
5975
5973
5972
5967
5962
5960
5952
5947
5947
5947
5946
5945
5942
5941
5940
5940
5938
5923
5931
5930
5927
5924
5923
5935
5920
5919
5918
5917
5914
5912
5911
5909
5906
5905
5905
5904
5901
5902
5901
5901
5900
5900
5896
5896
5895
5910
5891
5890
5894
5900
5883
5880
5879
5878
5878
5877
5871
5871
5870
5870
5869
5866
5866
5864
5861
5860
5859
5857
5857
5856
5855
5853
5878
5852
5844
5843
5839
5839
5837
5837
5837
5837
5836
5833
5830
5845
5830
5829
5828
5828
5827
5825
5824
5823
5839
5823
5822
5818
5818
5815
5815
5812
5809
5805
5804
5804
5804
5802
5801
5800
5798
5796
5794
5792
5791
5790
5806
5827
5783
5781
5781
5780
5777
5775
5777
5774
5773
5770
5770
5769
5766
5766
5766
5765
5764
5761
5761
5760
5759
5757
5755
5752
5751
5750
5750
5749
5747
5742
5741
5740
5739
5738
5735
5735
5734
5732
5729
5728
5728
5724
5722
5721
5720
5719
5716
5715
5715
5714
5712
5711
5711
5708
5707
5707
5707
5702
5702
5702
5718
5718
5698
5697
5696
5695
5693
5693
5692
5709
5690
5686
5686
5683
5682
5681
5680
5680
5678
5677
5676
5676
5673
5676
5672
5671
5670
5666
5665
5664
5662
5659
5659
5657
5656
5655
5654
5654
5654
5653
5652
5651
5651
5651
5650
5645
5644
5642
5640
5639
5654
5637
5637
5637
5635
5634
5633
5641
5631
5630
5628
5631
5628
5626
5623
5622
5621
5621
5621
5620
5620
5619
5618
5617
5615
5617
5612
5611
5632
5609
5606
5605
5602
5599
5597
5596
5596
5594
5593
5591
5591
5587
5586
5585
5585
5582
5581
5581
5580
5577
5576
5574
5572
5572
5572
5570
5570
5569
5567
5566
5564
5564
5563
5562
5558
5558
5558
5556
5554
5553
5550
5550
5550
5548
5548
5548
5547
5546
5542
5541
5541
5540
5539
5538
5538
5538
5536
5534
5544
5533
5533
5532
5527
5527
5524
5521
5520
5512
5512
5510
5506
5495
5497
5497
5496
5495
5510
5494
5493
5493
5492
5492
5491
5490
5490
5489
5489
5488
5487
5485
5485
5484
5483
5482
5481
5481
5481
5486
5479
5475
5473
5473
5471
5471
5470
5469
5468
5467
5464
5463
5460
5459
5458
5457
5457
5457
5457
5452
5452
5452
5446
5445
5443
5440
5438
5438
5436
5436
5436
5435
5431
5431
5427
5424
5423
5422
5419
5417
5416
5415
5415
5415
5433
5411
5410
5409
5407
5406
5405
5405
5403
5402
5401
5400
5400
5398
5398
5395
5395
5394
5393
5393
5392
5391
5416
5390
5389
5389
5386
5385
5384
5379
5377
5377
5375
5388
5373
5372
5371
5371
5370
5367
5364
5361
5360
5360
5357
5358
5357
5356
5355
5354
5353
5347
5346
5346
5345
5345
5344
5343
5342
5341
5339
5338
5337
5334
5334
5333
5332
5332
5332
5331
5326
5326
5325
5324
5322
5320
5317
5316
5315
5314
5313
5312
5309
5308
5308
5305
5303
5303
5302
5301
5301
5301
5300
5300
5299
5299
5297
5297
5296
5295
5295
5294
5293
5292
5292
5291
5291
5289
5288
5288
5290
5283
5283
5281
5280
5280
5280
5280
5279
5274
5274
5274
5273
5273
5273
5272
5271
5268
5266
5265
5265
5264
5264
5263
5263
5263
5262
5262
5262
5261
5260
5260
5259
5259
5259
5258
5257
5255
5255
5254
5253
5253
5251
5250
5249
5247
5246
5245
5244
5243
5242
5241
5236
5236
5234
5233
5233
5231
5231
5230
5226
5224
5222
5225
5220
5219
5218
5218
5218
5218
5217
5223
5214
5214
5214
5214
5213
5213
5212
5211
5211
5210
5209
5207
5206
5205
5205
5204
5202
5202
5201
5201
5199
5199
5199
5199
5199
5198
5197
5196
5196
5193
5192
5191
5191
5191
5190
5190
5189
5187
5185
5184
5184
5184
5184
5183
5182
5182
5181
5179
5178
5177
5183
5183
5188
5173
5172
5171
5167
5167
5166
5160
5159
5158
5158
5156
5155
5154
5152
5151
5151
5151
5166
5148
5148
5147
5143
5141
5141
5140
5140
5140
5138
5137
5137
5134
5130
5130
5129
5129
5127
5126
5124
5120
5119
5119
5119
5126
5117
5117
5116
5135
5115
5114
5124
5113
5112
5111
5111
5111
5110
5107
5107
5105
5105
5105
5103
5102
5102
5102
5101
5101
5101
5100
5098
5098
5098
5097
5096
5093
5093
5092
5090
5089
5089
5089
5085
5085
5084
5079
5079
5099
5076
5074
5073
5095
5071
5071
5070
5070
5070
5069
5069
5065
5065
5064
5064
5064
5063
5061
5060
5058
5057
5057
5056
5055
5054
5054
5052
5052
5061
5048
5048
5047
5046
5045
5045
5043
5043
5042
5042
5040
5039
5038
5038
5036
5035
5033
5033
5032
5029
5029
5029
5026
5025
5022
5019
5019
5018
5018
5015
5014
5014
5014
5013
5013
5012
5011
5009
5007
5007
5006
5028
5005
5007
5004
5001
5001
5000
4999
4998
4997
4995
4995
4994
5011
4992
4992
4991
4991
4990
4989
4988
4987
4986
4985
4985
4984
4983
4982
4981
4978
4977
4996
4976
4976
4975
4974
4974
4980
4973
4972
4972
4971
4970
4970
4968
4967
4965
4965
4964
4964
4964
4963
4961
4961
4960
4959
4958
4957
4957
4957
4957
4981
4955
4955
4954
4953
4953
4952
4965
4952
4951
4951
4950
4947
4947
4946
4946
4946
4963
4941
4939
4939
4938
4936
4933
4931
4930
4930
4929
4928
4928
4927
4926
4924
4924
4923
4923
4923
4922
4922
4921
4919
4919
4919
4918
4918
4915
4914
4911
4911
4910
4910
4909
4907
4906
4905
4904
4904
4901
4900
4898
4895
4895
4895
4895
4891
4891
4890
4890
4887
4886
4885
4885
4885
4881
4881
4881
4879
4879
4878
4878
4877
4901
4876
4874
4874
4873
4871
4871
4870
4869
4869
4869
4867
4866
4865
4864
4863
4862
4860
4860
4859
4859
4858
4857
4856
4855
4854
4870
4849
4847
4846
4846
4845
4843
4843
4848
4842
4841
4840
4840
4836
4835
4835
4834
4834
4843
4833
4833
4833
4831
4830
4830
4829
4828
4827
4825
4825
4822
4822
4820
4819
4819
4818
4818
4818
4817
4817
4820
4815
4814
4813
4813
4813
4812
4812
4811
4811
4810
4810
4808
4808
4805
4804
4804
4804
4803
4802
4800
4800
4800
4800
4799
4799
4797
4796
4794
4794
4792
4792
4790
4790
4790
4788
4787
4787
4783
4782
4781
4780
4776
4775
4774
4774
4774
4785
4774
4773
4773
4773
4772
4772
4771
4769
4768
4765
4764
4764
4763
4761
4760
4760
4760
4777
4759
4759
4758
4756
4755
4754
4762
4753
4772
4752
4751
4751
4751
4748
4748
4748
4746
4746
4746
4745
4744
4744
4744
4743
4742
4742
4742
4740
4740
4739
4738
4738
4738
4737
4736
4736
4735
4732
4734
4734
4732
4732
4730
4730
4727
4727
4726
4726
4726
4723
4723
4722
4722
4721
4721
4743
4720
4720
4718
4718
4718
4717
4716
4715
4713
4731
4712
4721
4705
4704
4703
4703
4702
4701
4700
4699
4699
4698
4690
4690
4690
4689
4688
4684
4690
4698
4682
4681
4681
4680
4680
4680
4680
4680
4679
4679
4679
4677
4676
4675
4674
4672
4672
4672
4671
4671
4671
4683
4671
4668
4667
4667
4667
4666
4664
4662
4660
4657
4656
4656
4656
4630
4654
4654
4654
4652
4650
4649
4649
4648
4648
4647
4646
4645
4645
4643
4643
4641
4640
4638
4638
4637
4636
4635
4632
4631
4630
4629
4638
4639
4627
4627
4625
4625
4625
4624
4624
4623
4623
4623
4622
4621
4621
4620
4620
4634
4615
4615
4615
4614
4614
4613
4612
4612
4612
4611
4611
4611
4610
4610
4610
4609
4623
4608
4607
4606
4605
4605
4604
4604
4604
4603
4610
4601
4600
4599
4598
4597
4597
4596
4596
4595
4594
4593
4593
4593
4591
4607
4591
4588
4586
4586
4586
4586
4585
4585
4584
4583
4583
4582
4580
4580
4578
4578
4577
4572
4571
4570
4570
4569
4569
4569
4569
4569
4568
4587
4570
4565
4565
4564
4562
4561
4561
4559
4570
4559
4557
4565
4555
4555
4554
4553
4556
4551
4550
4550
4549
4549
4548
4547
4549
4566
4543
4545
4541
4540
4540
4540
4539
4538
4537
4537
4536
4534
4534
4532
4531
4531
4527
4526
4526
4524
4545
4524
4523
4522
4519
4519
4519
4518
4517
4516
4514
4514
4520
4511
4510
4510
4509
4506
4505
4503
4501
4501
4500
4500
4499
4499
4497
4496
4495
4492
4491
4491
4491
4490
4488
4487
4487
4487
4486
4486
4484
4481
4481
4481
4494
4480
4479
4478
4478
4476
4476
4476
4475
4474
4473
4473
4472
4472
4469
4469
4469
4469
4468
4468
4466
4466
4466
4465
4464
4464
4463
4463
4463
4462
4462
4461
4461
4461
4460
4460
4460
4479
4459
4459
4458
4458
4457
4457
4455
4455
4454
4453
4451
4451
4449
4449
4447
4447
4446
4444
4444
4441
4441
4440
4439
4439
4438
4436
4436
4455
4435
4434
4433
4432
4432
4431
4431
4430
4429
4428
4427
4426
4426
4425
4424
4423
4421
4420
4420
4420
4418
4417
4417
4417
4416
4416
4416
4416
4415
4415
4414
4414
4414
4414
4413
4412
4412
4411
4411
4409
4409
4408
4408
4408
4407
4406
4406
4406
4405
4401
4400
4400
4399
4399
4398
4398
4398
4397
4396
4396
4395
4395
4394
4394
4391
4389
4388
4392
4387
4386
4385
4385
4384
4383
4382
4382
4381
4381
4381
4379
4379
4379
4379
4399
4376
4374
4373
4373
4373
4373
4371
4371
4381
4371
4370
4370
4369
4369
4369
4368
4368
4368
4368
4366
4365
4364
4364
4361
4361
4361
4360
4359
4359
4359
4358
4357
4357
4357
4356
4356
4356
4355
4354
4353
4353
4352
4352
4352
4351
4351
4350
4349
4349
4348
4348
4347
4346
4362
4357
4344
4344
4342
4341
4339
4336
4336
4334
4333
4333
4333
4333
4333
4332
4331
4330
4349
4329
4329
4328
4326
4325
4325
4324
4324
4323
4323
4325
4321
4320
4320
4320
4319
4319
4319
4319
4316
4315
4315
4315
4314
4313
4313
4313
4312
4311
4310
4310
4310
4309
4309
4309
4323
4307
4307
4307
4304
4303
4302
4301
4301
4301
4300
4298
4297
4296
4293
4293
4293
4292
4292
4291
4289
4289
4287
4287
4302
4287
4287
4284
4283
4282
4282
4281
4280
4279
4279
4278
4278
4278
4277
4277
4276
4276
4275
4274
4274
4273
4272
4272
4272
4272
4271
4271
4271
4271
4271
4268
4268
4266
4264
4264
4264
4263
4262
4262
4261
4260
4259
4256
4254
4254
4254
4253
4265
4250
4249
4248
4248
4247
4246
4246
4245
4244
4244
4244
4258
4242
4241
4239
4238
4237
4237
4236
4235
4235
4233
4231
4230
4229
4229
4228
4228
4227
4227
4227
4227
4227
4226
4214
4225
4225
4225
4224
4224
4223
4222
4222
4221
4221
4220
4220
4220
4219
4219
4218
4218
4216
4216
4215
4215
4213
4212
4212
4211
4211
4210
4209
4208
4208
4208
4206
4205
4205
4205
4204
4204
4203
4203
4202
4202
4201
4200
4200
4199
4198
4197
4196
4196
4195
4217
4195
4193
4192
4191
4191
4191
4191
4191
4190
4189
4189
4189
4189
4188
4188
4188
4187
4187
4186
4185
4184
4183
4183
4183
4182
4182
4182
4181
4181
4180
4180
4178
4178
4178
4177
4177
4177
4175
4175
4175
4190
4173
4173
4172
4172
4170
4169
4169
4168
4167
4166
4165
4165
4164
4164
4164
4156
4168
4164
4164
4162
4161
4160
4160
4159
4159
4157
4158
4158
4158
4157
4161
4165
4154
4154
4152
4151
4151
4151
4150
4149
4149
4149
4148
4146
4145
4143
4142
4141
4141
4141
4141
4141
4138
4138
4138
4137
4137
4134
4133
4131
4131
4129
4129
4129
4128
4127
4127
4127
4127
4126
4123
4123
4122
4122
4121
4120
4120
4116
4116
4116
4115
4114
4118
4113
4111
4110
4110
4109
4108
4108
4121
4107
4106
4104
4103
4103
4103
4102
4101
4101
4101
4100
4100
4100
4100
4099
4099
4099
4099
4099
4098
4097
4097
4097
4095
4093
4093
4092
4091
4091
4090
4089
4103
4087
4087
4087
4086
4084
4084
4083
4083
4093
4081
4080
4080
4080
4079
4079
4078
4091
4078
4076
4082
4073
4073
4073
4073
4073
4072
4072
4071
4070
4070
4070
4068
4067
4066
4066
4065
4065
4065
4064
4063
4058
4057
4056
4055
4055
4055
4054
4054
4053
4053
4051
4051
4051
4051
4050
4050
4049
4052
4047
4046
4046
4046
4045
4045
4045
4045
4065
4043
4043
4042
4042
4042
4041
4041
4040
4039
4039
4038
4038
4037
4036
4033
4033
4032
4031
4030
4029
4029
4028
4028
4041
4027
4026
4026
4026
4024
4024
4023
4023
4023
4022
4022
4021
4020
4018
4018
4018
4018
4017
4017
4017
4017
4017
4016
4014
4013
4013
4012
4012
4012
4010
4010
4010
4009
4009
4009
4007
4007
4007
4007
4006
4003
4003
4016
4009
4001
4001
4000
4000
4000
4000
3998
4015
3996
3996
3994
3994
3994
3994
3993
3993
3993
3992
3991
3990
3989
3989
3989
3988
3987
3987
3986
3985
3985
3984
3984
3983
3983
3980
3981
3980
3979
3979
3978
3977
3976
3975
3972
3968
3968
3968
3968
3967
3980
3966
3964
3964
3964
3964
3964
3962
3962
3962
3962
3961
3961
3961
3961
3959
3959
3959
3959
3958
3958
3957
3957
3957
3956
3955
3955
3954
3952
3952
3948
3947
3946
3944
3943
3943
3943
3942
3952
3940
3939
3939
3936
3954
3934
3934
3933
3932
3932
3931
3928
3928
3927
3927
3927
3926
3926
3926
3925
3924
3922
3920
3920
3919
3935
3919
3918
3917
3916
3915
3914
3914
3914
3914
3913
3913
3913
3913
3912
3912
3911
3911
3911
3910
3910
3909
3909
3908
3908
3908
3908
3908
3922
3905
3905
3904
3904
3903
3902
3902
3902
3901
3901
3901
3900
3899
3899
3899
3898
3898
3913
3897
3896
3896
3896
3895
3894
3893
3893
3893
3891
3891
3891
3891
3891
3890
3890
3889
3888
3888
3891
3886
3886
3885
3884
3884
3884
3883
3883
3883
3882
3882
3882
3882
3880
3880
3880
3880
3897
3879
3878
3878
3877
3877
3876
3876
3876
3876
3876
3875
3875
3874
3874
3873
3873
3873
3873
3872
3871
3871
3871
3870
3869
3869
3869
3869
3883
3869
3868
3867
3867
3867
3867
3867
3866
3866
3865
3865
3865
3863
3862
3862
3862
3861
3860
3859
3859
3859
3858
3857
3854
3854
3853
3853
3853
3853
3852
3852
3851
3850
3849
3848
3848
3841
3847
3847
3863
3846
3846
3846
3846
3846
3845
3844
3843
3843
3842
3842
3841
3841
3840
3839
3839
3839
3838
3838
3838
3838
3837
3837
3836
3836
3834
3834
3834
3833
3833
3832
3832
3831
3831
3831
3831
3830
3829
3829
3829
3828
3826
3826
3825
3825
3824
3824
3824
3824
3824
3823
3822
3822
3820
3818
3818
3818
3817
3816
3817
3815
3814
3814
3814
3813
3813
3813
3811
3810
3810
3810
3809
3809
3809
3808
3808
3808
3808
3808
3807
3807
3810
3806
3806
3805
3818
3803
3803
3802
3802
3801
3799
3796
3795
3795
3794
3794
3794
3792
3791
3790
3790
3797
3786
3786
3786
3785
3785
3784
3784
3783
3782
3782
3781
3780
3779
3778
3777
3777
3776
3776
3776
3775
3775
3775
3775
3774
3773
3773
3772
3771
3771
3770
3772
3770
3769
3769
3767
3766
3765
3765
3764
3764
3763
3766
3762
3761
3761
3761
3761
3760
3760
3760
3759
3759
3759
3758
3758
3758
3757
3757
3757
3756
3756
3756
3756
3755
3755
3754
3750
3750
3750
3749
3748
3748
3747
3746
3746
3745
3745
3745
3743
3743
3741
3741
3741
3741
3741
3741
3763
3740
3738
3738
3738
3737
3737
3736
3735
3735
3735
3734
3734
3733
3733
3732
3732
3730
3730
3729
3729
3728
3728
3728
3728
3727
3726
3725
3725
3724
3724
3724
3723
3723
3722
3722
3722
3721
3719
3719
3718
3718
3717
3717
3716
3716
3716
3716
3715
3715
3726
3715
3715
3714
3713
3713
3713
3712
3710
3710
3710
3728
3709
3708
3708
3707
3706
3706
3705
3705
3705
3704
3703
3702
3702
3702
3702
3701
3701
3700
3700
3700
3699
3699
3699
3698
3698
3697
3697
3697
3697
3697
3696
3696
3695
3695
3695
3695
3695
3694
3693
3693
3693
3692
3692
3691
3691
3691
3691
3690
3690
3689
3688
3688
3687
3687
3687
3685
3685
3685
3685
3685
3684
3684
3684
3695
3682
3681
3681
3680
3680
3680
3680
3679
3679
3679
3679
3678
3678
3678
3677
3677
3676
3675
3675
3675
3674
3674
3673
3672
3672
3671
3671
3671
3671
3671
3670
3670
3669
3666
3675
3666
3665
3665
3665
3664
3663
3662
3662
3662
3661
3661
3660
3660
3660
3660
3660
3659
3659
3658
3657
3657
3657
3657
3657
3656
3655
3653
3653
3653
3668
3653
3652
3652
3651
3668
3651
3651
3650
3650
3650
3653
3649
3649
3648
3647
3647
3647
3646
3646
3646
3646
3645
3645
3644
3645
3644
3643
3641
3640
3639
3639
3639
3638
3637
3637
3637
3637
3637
3637
3636
3636
3636
3636
3636
3636
3636
3635
3635
3636
3634
3634
3634
3634
3634
3634
3633
3633
3632
3631
3631
3631
3630
3629
3628
3628
3627
3627
3626
3626
3632
3624
3623
3623
3623
3623
3622
3622
3622
3621
3621
3620
3620
3619
3619
3618
3618
3617
3617
3616
3616
3616
3632
3615
3615
3614
3613
3612
3611
3611
3611
3611
3610
3610
3609
3608
3607
3607
3607
3606
3606
3605
3604
3604
3604
3603
3603
3602
3602
3602
3602
3600
3599
3598
3598
3598
3598
3614
3597
3597
3597
3597
3596
3596
3596
3596
3596
3595
3595
3595
3595
3594
3594
3594
3587
3592
3591
3591
3590
3589
3588
3588
3587
3586
3586
3585
3593
3584
3584
3582
3582
3582
3570
3580
3580
3580
3580
3580
3579
3578
3577
3577
3576
3576
3576
3576
3575
3575
3572
3572
3581
3569
3569
3568
3567
3567
3567
3567
3566
3565
3565
3565
3565
3564
3564
3564
3564
3563
3563
3561
3561
3560
3560
3559
3559
3558
3558
3557
3557
3556
3556
3556
3555
3555
3554
3553
3553
3553
3552
3552
3551
3550
3549
3548
3547
3546
3545
3545
3547
3545
3548
3544
3544
3544
3543
3542
3542
3540
3540
3540
3539
3539
3543
3537
3537
3536
3536
3536
3536
3535
3535
3535
3534
3534
3534
3533
3533
3533
3532
3532
3531
3530
3530
3529
3529
3529
3528
3528
3526
3526
3526
3525
3525
3525
3525
3524
3524
3524
3524
3524
3524
3524
3524
3523
3523
3523
3523
3522
3521
3520
3525
3518
3518
3518
3517
3517
3517
3515
3515
3515
3514
3514
3514
3514
3513
3513
3512
3512
3512
3512
3511
3511
3511
3510
3510
3510
3509
3509
3509
3509
3508
3508
3508
3508
3508
3506
3526
3505
3504
3502
3512
3501
3501
3500
3500
3499
3488
3499
3497
3497
3497
3496
3496
3495
3494
3494
3494
3493
3492
3492
3491
3491
3491
3491
3491
3491
3490
3490
3489
3488
3488
3488
3487
3487
3487
3486
3486
3485
3485
3485
3485
3484
3500
3482
3482
3481
3481
3480
3479
3479
3479
3479
3479
3478
3483
3477
3477
3477
3476
3476
3476
3475
3474
3473
3473
3473
3473
3472
3472
3479
3472
3471
3471
3471
3470
3470
3469
3469
3468
3468
3468
3467
3467
3467
3467
3466
3479
3465
3465
3485
3464
3463
3463
3462
3462
3461
3460
3459
3459
3462
3458
3457
3456
3456
3455
3454
3454
3454
3453
3453
3452
3452
3451
3451
3451
3451
3451
3450
3450
3450
3448
3448
3447
3447
3447
3446
3444
3459
3443
3443
3442
3442
3442
3442
3442
3442
3442
3441
3441
3441
3441
3441
3441
3464
3440
3439
3438
3438
3436
3436
3435
3435
3434
3434
3433
3433
3435
3432
3432
3431
3440
3441
3431
3431
3430
3429
3429
3428
3428
3427
3426
3426
3425
3425
3424
3424
3424
3424
3423
3423
3422
3422
3422
3421
3421
3432
3418
3418
3418
3417
3417
3417
3416
3416
3415
3415
3413
3413
3413
3411
3411
3411
3410
3410
3409
3409
3407
3406
3405
3405
3405
3404
3404
3404
3403
3403
3403
3426
3402
3402
3401
3400
3399
3399
3398
3398
3398
3397
3396
3396
3395
3395
3394
3394
3394
3402
3408
3393
3392
3392
3391
3391
3391
3391
3391
3391
3390
3390
3390
3390
3389
3388
3387
3386
3386
3385
3385
3385
3385
3384
3383
3383
3382
3382
3381
3380
3380
3379
3379
3379
3379
3379
3378
3378
3377
3377
3376
3375
3375
3375
3375
3375
3389
3373
3372
3372
3372
3371
3371
3371
3371
3370
3370
3370
3370
3370
3369
3369
3369
3368
3368
3368
3368
3368
3367
3367
3367
3366
3366
3366
3366
3366
3366
3365
3365
3365
3364
3364
3363
3363
3363
3365
3362
3362
3361
3361
3361
3361
3361
3361
3360
3359
3359
3358
3358
3358
3356
3356
3356
3356
3355
3355
3354
3354
3354
3353
3353
3352
3352
3351
3351
3350
3350
3368
3359
3348
3363
3348
3347
3347
3347
3347
3347
3345
3345
3343
3343
3343
3342
3342
3341
3341
3340
3340
3362
3339
3339
3339
3338
3338
3338
3337
3337
3337
3336
3336
3336
3335
3334
3341
3334
3334
3333
3333
3333
3332
3332
3332
3332
3332
3332
3331
3346
3331
3330
3330
3328
3327
3327
3326
3326
3326
3326
3325
3324
3324
3323
3323
3323
3323
3326
3322
3321
3320
3320
3320
3320
3320
3319
3319
3319
3319
3318
3318
3318
3316
3316
3315
3315
3315
3314
3314
3314
3314
3314
3314
3313
3312
3311
3311
3311
3311
3311
3310
3310
3308
3308
3308
3308
3307
3307
3307
3307
3306
3306
3305
3305
3304
3304
3304
3303
3303
3302
3302
3301
3300
3300
3300
3299
3299
3298
3298
3298
3298
3297
3297
3297
3297
3315
3297
3297
3296
3296
3296
3296
3296
3295
3295
3295
3294
3294
3294
3293
3293
3293
3292
3292
3292
3291
3291
3291
3291
3291
3291
3291
3291
3289
3289
3289
3288
3288
3288
3287
3287
3286
3286
3286
3286
3284
3283
3283
3283
3281
3281
3280
3280
3280
3278
3278
3278
3277
3277
3277
3276
3276
3276
3276
3276
3276
3275
3275
3275
3275
3275
3274
3292
3274
3274
3274
3274
3274
3273
3273
3273
3273
3273
3273
3272
3272
3272
3272
3271
3269
3269
3268
3268
3268
3268
3253
3267
3267
3267
3266
3266
3266
3266
3266
3265
3265
3264
3264
3264
3263
3263
3263
3261
3261
3260
3260
3260
3259
3259
3259
3259
3258
3258
3257
3257
3257
3256
3256
3256
3255
3255
3254
3253
3253
3252
3252
3252
3251
3254
3251
3249
3248
3248
3248
3251
3247
3247
3247
3247
3246
3245
3245
3245
3245
3244
3244
3244
3243
3242
3242
3242
3241
3241
3239
3239
3239
3239
3238
3238
3237
3237
3236
3236
3235
3235
3234
3233
3233
3232
3232
3230
3229
3229
3228
3228
3227
3227
3226
3224
3224
3224
3224
3222
3222
3221
3221
3223
3220
3220
3220
3219
3219
3219
3219
3218
3217
3217
3217
3216
3216
3216
3216
3215
3215
3215
3215
3214
3213
3213
3228
3236
3212
3212
3212
3212
3211
3210
3210
3209
3209
3209
3208
3208
3208
3208
3207
3207
3207
3207
3206
3206
3206
3205
3205
3204
3203
3203
3203
3203
3203
3202
3201
3200
3214
3200
3199
3199
3199
3199
3199
3199
3199
3199
3198
3198
3198
3198
3198
3197
3197
3197
3196
3196
3195
3195
3194
3194
3194
3193
3193
3193
3192
3192
3192
3192
3208
3191
3191
3190
3190
3190
3190
3190
3189
3188
3188
3188
3187
3187
3186
3186
3186
3185
3184
3183
3183
3183
3182
3182
3182
3181
3180
3180
3178
3178
3178
3177
3177
3177
3177
3177
3177
3176
3176
3176
3176
3175
3175
3175
3175
3188
3191
3174
3174
3173
3173
3172
3172
3172
3172
3172
3171
3171
3171
3171
3170
3170
3170
3169
3169
3169
3169
3169
3169
3169
3168
3168
3168
3168
3167
3167
3167
3166
3165
3164
3164
3164
3164
3163
3162
3162
3161
3161
3161
3160
3160
3160
3159
3159
3158
3158
3157
3156
3156
3156
3155
3155
3155
3154
3154
3154
3154
3153
3169
3152
3152
3152
3151
3151
3151
3151
3150
3150
3150
3150
3150
3149
3149
3148
3148
3147
3147
3146
3146
3146
3146
3145
3145
3145
3158
3144
3144
3144
3144
3143
3143
3143
3143
3143
3142
3141
3141
3141
3140
3140
3140
3140
3139
3139
3139
3139
3138
3138
3138
3138
3137
3137
3136
3136
3136
3136
3135
3135
3135
3135
3135
3135
3134
3133
3133
3133
3133
3132
3132
3131
3131
3131
3130
3130
3130
3129
3129
3129
3129
3130
3129
3129
3129
3129
3128
3128
3127
3127
3126
3126
3126
3126
3126
3125
3125
3125
3125
3124
3124
3126
3123
3122
3122
3122
3122
3122
3122
3121
3121
3121
3121
3120
3120
3120
3119
3118
3117
3117
3117
3116
3116
3116
3116
3115
3115
3115
3115
3115
3114
3113
3113
3113
3112
3112
3112
3112
3112
3112
3111
3111
3111
3111
3111
3110
3110
3110
3110
3110
3109
3109
3109
3109
3109
3108
3107
3106
3105
3105
3105
3105
3104
3104
3104
3103
3103
3103
3103
3103
3102
3102
3102
3102
3102
3101
3101
3100
3100
3100
3099
3099
3098
3098
3098
3097
3097
3097
3096
3096
3095
3095
3095
3095
3095
3094
3094
3093
3093
3093
3093
3093
3093
3092
3092
3091
3090
3090
3089
3089
3089
3089
3089
3088
3088
3087
3087
3087
3086
3085
3096
3085
3085
3085
3085
3085
3085
3085
3084
3084
3084
3083
3083
3082
3082
3081
3080
3080
3080
3080
3079
3079
3079
3079
3095
3078
3078
3078
3078
3078
3077
3077
3077
3077
3076
3076
3076
3075
3074
3074
3074
3074
3073
3100
3073
3072
3072
3072
3072
3084
3085
3072
3071
3071
3090
3070
3070
3070
3070
3069
3069
3069
3069
3069
3068
3068
3068
3068
3067
3067
3067
3067
3067
3066
3066
3066
3065
3064
3064
3064
3064
3063
3063
3063
3063
3062
3062
3062
3062
3062
3062
3061
3060
3060
3059
3059
3080
3059
3058
3058
3058
3058
3058
3057
3057
3057
3056
3056
3056
3055
3055
3067
3053
3053
3053
3053
3053
3053
3052
3052
3052
3051
3050
3050
3050
3050
3050
3050
3049
3055
3048
3047
3046
3045
3045
3045
3045
3045
3042
3042
3041
3041
3040
3052
3040
3040
3040
3039
3039
3038
3038
3038
3038
3036
3036
3036
3036
3036
3035
3035
3034
3033
3033
3033
3033
3033
3033
3032
3032
3032
3032
3037
3030
3030
3030
3029
3029
3028
3028
3028
3028
3028
3027
3027
3027
3026
3026
3026
3026
3026
3025
3025
3025
3025
3025
3024
3023
3022
3021
3021
3021
3021
3020
3020
3020
3019
3019
3019
3019
3018
3018
3018
3017
3017
3017
3016
3020
3016
3015
3015
3024
3027
3014
3014
3013
3013
3013
3013
3011
3011
3011
3009
3009
3009
3009
3009
3009
3009
3008
3008
3008
3007
3006
3006
3006
3005
3005
3005
3005
3004
3004
3004
3004
3004
3003
3003
3003
3003
3002
3002
3002
3001
3001
3000
3000
3000
3000
3000
3000
