485485
398522
332767
324399
300483
253609
238411
201037
189927
182626
172955
167680
165269
165166
158815
155651
151672
150909
150122
147336
147016
146521
139576
136820
135713
134054
133927
128659
127717
124374
119933
119556
117909
115303
114927
113919
113683
113194
107381
107054
106997
106484
106130
105354
105217
104599
104054
103686
103202
102661
101500
101476
99812
99191
96066
93981
93104
92725
92018
91477
90497
90204
89826
87867
87149
87015
86874
86745
86671
86299
86162
84384
84242
84191
83285
82976
82920
81839
81225
81029
80830
80826
80697
80635
79502
79390
78972
78843
77857
77669
77565
77231
77209
76712
76590
76566
75996
75471
74935
74007
73839
73713
73116
72919
71676
71609
71589
71109
71065
70910
70607
70477
70477
70369
70232
69884
69597
69159
68973
68702
68365
68306
68293
68025
67813
67792
67782
67316
66657
66184
65809
65572
65292
64401
64267
64068
64025
63933
63745
63181
62756
62611
62567
61951
61881
61805
61792
61695
61602
61574
61380
60676
60516
60501
60443
60396
60276
60233
59912
59904
59771
59763
59723
59549
59282
59263
59138
59011
58816
58810
58556
58528
57958
57906
57844
57599
57548
57355
57332
57179
57039
56754
56668
56313
56076
55812
55789
55781
55263
55102
55098
55074
54982
54851
54563
54449
54250
54084
53857
53827
53826
53600
52786
52512
52298
52082
51853
51817
51616
51383
51327
51169
51159
51023
50900
50752
50715
50564
50516
50303
50182
50161
50135
49951
49852
49689
49636
49624
49601
49559
49525
49446
49295
49283
49275
49279
49204
49144
49038
48967
48899
48743
48707
48410
48330
48281
48117
48113
47979
47799
47753
47692
47531
47186
47104
46977
46829
46819
46728
46612
46426
46399
46389
46383
46331
46287
46249
46218
46167
46130
45824
45736
45695
45595
45570
45491
45191
45190
45116
45021
44786
44692
44534
44443
44334
44238
44183
44104
44004
43958
43942
43847
43736
43596
43490
43324
43273
43162
43121
43095
43014
43013
43011
42978
42969
42812
42502
42370
42286
42161
42021
41975
41928
41896
41854
41765
41762
41645
41528
41526
41481
41430
41416
41222
41202
41080
40925
40912
40732
40719
40713
40668
40656
40583
40466
40315
40239
40145
40124
40076
40060
40041
40007
39979
39931
39793
39724
39713
39671
39579
39574
39523
39520
39497
39447
39396
39267
39242
39010
38984
38878
38781
38720
38667
38549
38548
38517
38508
38490
38467
38375
38281
38228
38172
38163
38037
37976
37970
37958
37948
37903
37745
37727
37707
37651
37644
37582
37528
37519
37515
37494
37493
37425
37386
37341
37282
37143
37107
36957
36904
36821
36797
36791
36496
36479
36475
36471
36446
36446
36367
36363
36350
36330
36271
36218
36205
36182
36126
36115
36039
36014
35947
35890
35890
35883
35855
35836
35827
35726
35656
35595
35564
35528
35527
35488
35484
35452
35441
35431
35415
35397
35368
35362
35319
35312
35288
35257
35174
35119
35112
34995
34965
34903
34901
34852
34679
34667
34642
34608
34598
34563
34542
34511
34431
34389
34368
34329
34316
34282
34123
34118
34060
34057
34054
33941
33931
33896
33849
33844
33833
33820
33808
33807
33757
33751
33710
33596
33529
33523
33427
33416
33396
33366
33366
33253
33237
33236
33227
33224
33178
33136
33123
33059
33045
32906
32897
32841
32740
32713
32649
32639
32618
32607
32593
32516
32503
32473
32448
32389
32351
32278
32278
32262
32258
32215
32215
32171
32139
32099
32092
32081
32063
32062
32016
32013
31974
31963
31942
31926
31903
31884
31868
31858
31838
31761
31664
31618
31531
31442
31434
31418
31409
31342
31339
31304
31295
31295
31289
31284
31275
31254
31288
31183
31161
31139
31123
31115
31108
31084
31019
30998
30937
30895
30867
30862
30843
30823
30812
30804
30804
30691
30680
30668
30633
30604
30547
30486
30471
30470
30331
30304
30249
30186
30149
30133
30109
30107
30066
30053
30050
30025
30020
30002
29969
29940
29888
29775
29675
29672
29627
29470
29426
29421
29392
29367
29341
29340
29310
29281
29165
29125
29098
29081
29042
29010
28976
28975
28973
28949
28916
28907
28903
28860
28855
28849
28836
28769
28751
28739
28719
28717
28682
28653
28602
28563
28546
28542
28538
28474
28465
28463
28441
28411
28408
28360
28335
28299
28269
28235
28233
28205
28204
28140
28138
28124
28120
28106
28070
28065
28054
28015
28015
27966
27884
27882
27882
27859
27846
27820
27817
27803
27785
27726
27715
27624
27607
27542
27540
27531
27463
27454
27431
27431
27418
27418
27405
27362
27347
27343
27304
27294
27289
27219
27209
27189
27179
27144
27120
27119
26983
26976
26964
26948
26932
26928
26910
26887
26879
26878
26859
26836
26824
26823
26807
26800
26759
26741
26707
26686
26669
26629
26615
26612
26605
26561
26531
26494
26490
26479
26460
26459
26414
26319
26308
26298
26228
26199
26196
26157
26110
26103
26099
26084
26051
26036
26031
25995
25977
25975
25964
25959
25947
25938
25892
25892
25876
25855
25831
25826
25796
25791
25785
25775
25774
25721
25717
25714
25710
25685
25666
25665
25652
25632
25617
25602
25563
25557
25548
25547
25540
25504
25458
25444
25432
25383
25383
25371
25360
25358
25358
25334
25282
25252
25242
25182
25192
25178
25172
25117
25109
25073
25060
25057
25057
25007
24982
24959
24958
24953
24951
24927
24904
24846
24828
24819
24796
24795
24776
24771
24767
24744
24730
24730
24698
24695
24693
24702
24677
24662
24613
24599
24576
24571
24529
24527
24510
24500
24473
24433
24415
24405
24395
24384
24368
24343
24265
24254
24215
24206
24204
24190
24177
24172
24071
24023
23988
23977
23954
23924
23905
23888
23862
23861
23841
23836
23824
23817
23812
23806
23786
23772
23756
23743
23723
23704
23699
23668
23662
23651
23642
23639
23612
23590
23572
23564
23535
23503
23485
23484
23480
23473
23471
23470
23463
23475
23445
23396
23392
23378
23378
23337
23336
23340
23300
23292
23272
23231
23220
23174
23150
23134
23130
23095
23088
23087
23064
23064
23060
23024
22986
22982
22980
22976
22973
22955
22964
22947
22923
22897
22896
22891
22855
22838
22829
22811
22807
22789
22784
22784
22775
22771
22757
22733
22726
22726
22718
22690
22683
22680
22626
22615
22615
22626
22608
22594
22583
22559
22538
22497
22439
22433
22409
22389
22377
22357
22353
22350
22350
22348
22337
22312
22295
22292
22279
22262
22260
22202
22191
22187
22184
22182
22162
22159
22141
22116
22075
22073
22042
22033
22031
22024
22013
22010
21998
21997
21997
21985
21974
21965
21958
21956
21950
21958
21918
21893
21892
21883
21874
21871
21846
21821
21819
21804
21732
21721
21719
21706
21693
21687
21686
21686
21653
21652
21635
21583
21561
21529
21478
21476
21462
21432
21427
21403
21376
21369
21347
21341
21334
21273
21257
21247
21245
21232
21221
21219
21217
21215
21214
21213
21215
21183
21137
21108
21096
21094
21068
21035
21024
21017
21016
21013
20983
20965
20960
20958
20943
20930
20913
20877
20853
20851
20807
20807
20805
20822
20798
20792
20791
20783
20781
20768
20765
20746
20733
20685
20636
20615
20579
20575
20586
20561
20559
20551
20530
20530
20528
20510
20499
20484
20465
20464
20456
20452
20440
20420
20418
20392
20386
20372
20364
20332
20322
20316
20314
20302
20300
20299
20298
20276
20275
20285
20257
20254
20234
20210
20182
20174
20163
20146
20145
20140
20132
20130
20119
20112
20098
20096
20087
20083
20070
20061
20070
20028
20025
20003
19980
19958
19955
19949
19948
19975
19939
19931
19915
19903
19894
19892
19884
19893
19862
19844
19839
19839
19823
19822
19814
19802
19768
19751
19737
19714
19706
19696
19685
19680
19679
19677
19666
19627
19595
19583
19580
19556
19550
19540
19540
19535
19532
19526
19506
19480
19479
19471
19470
19468
19449
19446
19439
19435
19421
19413
19449
19407
19394
19377
19359
19329
19324
19319
19315
19309
19302
19291
19283
19273
19260
19254
19234
19224
19221
19218
19201
19198
19172
19170
19166
19112
19103
19102
19094
19073
19067
19063
19059
19051
19036
19011
19008
18995
18976
18970
18957
18957
18947
18937
18933
18932
18931
18921
18904
18901
18899
18893
18888
18884
18873
18869
18859
18859
18857
18821
18814
18814
18809
18801
18789
18736
18730
18725
18710
18702
18698
18696
18663
18661
18635
18633
18629
18622
18617
18614
18594
18591
18587
18581
18563
18551
18545
18547
18543
18523
18518
18517
18511
18494
18483
18483
18474
18452
18445
18418
18410
18396
18390
18380
18371
18368
18365
18384
18337
18333
18327
18318
18317
18304
18297
18285
18282
18232
18228
18225
18213
18199
18198
18180
18159
18159
18157
18156
18152
18150
18137
18130
18126
18123
18115
18080
18097
18068
18046
18033
18033
18028
18026
18017
18015
18006
18006
17997
17995
17984
17968
17964
17961
17955
17951
17940
17908
17904
17901
17898
17893
17885
17884
17881
17880
17877
17875
17867
17854
17850
17849
17846
17841
17839
17829
17837
17819
17810
17802
17798
17792
17783
17777
17770
17769
17761
17750
17748
17747
17719
17717
17693
17681
17678
17669
17665
17656
17628
17626
17620
17611
17611
17591
17590
17588
17582
17580
17575
17559
17546
17550
17538
17534
17532
17530
17529
17526
17525
17512
17510
17509
17488
17481
17469
17457
17432
17410
17391
17367
17357
17359
17345
17337
17332
17324
17323
17314
17314
17305
17301
17296
17293
17292
17307
17273
17272
17269
17265
17257
17256
17254
17246
17240
17235
17258
17230
17229
17227
17226
17221
17229
17200
17193
17179
17167
17166
17161
17167
17138
17181
17132
17110
17100
17095
17081
17077
17076
17068
17058
17053
17053
17026
16994
16990
16974
16970
16963
16953
16950
16938
16936
16931
16919
16918
16897
16886
16866
16849
16840
16840
16837
16815
16815
16812
16809
16795
16794
16790
16787
16787
16785
16766
16759
16759
16754
16751
16748
16745
16738
16731
16704
16690
16685
16681
16667
16660
16658
16650
16639
16629
16608
16592
16590
16589
16573
16557
16536
16536
16527
16522
16520
16528
16515
16512
16498
16491
16489
16486
16481
16487
16468
16460
16457
16452
16451
16473
16450
16443
16438
16428
16426
16414
16413
16410
16406
16405
16404
16394
16394
16363
16322
16321
16316
16301
16297
16296
16286
16288
16282
16282
16256
16241
16238
16237
16218
16218
16235
16226
16210
16200
16174
16155
16153
16152
16148
16126
16116
16109
16100
16089
16085
16083
16081
16064
16063
16065
16034
16029
16026
16038
16019
16016
16014
16013
16019
15997
15984
15954
15952
15949
15949
15927
15927
15921
15908
15901
15900
15894
15881
15878
15875
15870
15839
15820
15789
15755
15752
15749
15744
15743
15741
15736
15736
15735
15718
15717
15717
15712
15709
15704
15691
15688
15702
15685
15684
15674
15665
15659
15655
15669
15649
15645
15645
15644
15643
15640
15636
15611
15599
15594
15593
15590
15582
15582
15578
15569
15566
15564
15561
15555
15550
15548
15543
15537
15535
15534
15513
15536
15506
15475
15473
15460
15454
15444
15437
15425
15425
15418
15407
15402
15409
15388
15387
15375
15360
15353
15350
15366
15348
15347
15342
15331
15326
15323
15319
15313
15306
15304
15301
15300
15300
15294
15293
15288
15287
15276
15319
15254
15252
15247
15236
15220
15213
15213
15196
15191
15187
15184
15184
15184
15184
15179
15173
15166
15155
15138
15131
15115
15110
15108
15097
15095
15092
15087
15086
15085
15080
15080
15078
15075
15066
15061
15060
15049
15049
15048
15044
15040
15032
15031
15030
15010
15008
15001
14997
14997
14995
14992
14974
14959
14943
14964
14940
14937
14930
14915
14912
14899
14899
14894
14880
14866
14865
14877
14856
14850
14850
14848
14847
14841
14835
14830
14825
14824
14821
14818
14817
14808
14807
14775
14772
14765
14761
14761
14758
14754
14735
14735
14715
14711
14710
14709
14703
14697
14688
14688
14680
14661
14652
14652
14643
14634
14608
14598
14595
14592
14585
14584
14568
14564
14553
14551
14544
14542
14522
14520
14519
14517
14502
14515
14488
14479
14485
14468
14461
14457
14457
14455
14454
14448
14447
14439
14426
14424
14422
14419
14410
14399
14167
14396
14392
14386
14386
14384
14383
14377
14373
14368
14360
14343
14340
14340
14336
14320
14303
14301
14295
14293
14292
14291
14291
14278
14274
14271
14254
14252
14242
14235
14250
14227
14226
14225
14225
14223
14222
14220
14216
14214
14207
14204
14203
14203
14201
14190
14184
14169
14164
14177
14170
14151
14148
14143
14141
14138
14131
14129
14126
14117
14114
14110
14109
14098
14096
14094
14092
14084
14080
14072
14071
14066
14069
14054
14054
14050
14045
14043
14039
14033
14032
14027
14026
14023
14015
13993
14005
14002
13999
13994
13992
13991
13991
13986
13985
13980
13962
13962
13966
13928
13928
13926
13920
13913
13907
13902
13891
13891
13890
13861
13860
13842
13837
13835
13834
13831
13825
13819
13805
13804
13795
13792
13783
13782
13782
13777
13768
13765
13764
13762
13752
13749
13746
13745
13743
13739
13738
13732
13729
13725
13716
13692
13692
13689
13670
13669
13662
13655
13654
13653
13652
13649
13647
13647
13642
13642
13635
13633
13629
13627
13612
13607
13606
13602
13600
13600
13599
13594
13592
13587
13584
13582
13580
13577
13577
13575
13573
13567
13566
13564
13562
13561
13558
13552
13552
13544
13573
13542
13541
13539
13529
13524
13522
13518
13517
13513
13509
13504
13499
13497
13487
13486
13485
13478
13477
13476
13459
13457
13455
13451
13450
13448
13447
13444
13444
13442
13442
13438
13430
13427
13425
13425
13422
13418
13408
13406
13407
13392
13390
13389
13385
13376
13388
13372
13367
13365
13363
13360
13357
13355
13333
13325
13321
13315
13312
13309
13307
13306
13306
13304
13300
13290
13289
13282
13278
13278
13265
13255
13252
13245
13233
13231
13221
13217
13216
13215
13209
13228
13196
13185
13183
13183
13171
13167
13164
13162
13156
13152
13152
13150
13149
13143
13164
13142
13132
13131
13130
13129
13116
13110
13110
13108
13107
13101
13112
13094
13092
13091
13081
13061
13060
13059
13059
13058
13049
13054
13043
13033
13025
13023
13020
13017
13005
12995
12994
12987
12986
12983
12981
12979
12979
12978
12980
12977
12975
12970
12970
12967
12964
12963
12958
12957
12946
12945
12945
12964
12909
12925
12940
12923
12918
12915
12908
12907
12898
12897
12895
12890
12881
12877
12876
12863
12858
12857
12853
12847
12843
12836
12834
12828
12828
12826
12824
12823
12822
12821
12811
12802
12801
12800
12798
12796
12796
12794
12793
12790
12786
12784
12776
12768
12766
12759
12750
12748
12762
12744
12740
12738
12733
12732
12731
12728
12722
12720
12712
12709
12706
12702
12700
12693
12689
12699
12681
12678
12672
12666
12659
12650
12647
12635
12629
12629
12624
12617
12616
12602
12587
12574
12573
12573
12573
12560
12556
12550
12546
12539
12538
12529
12526
12525
12513
12511
12495
12495
12491
12482
12480
12480
12479
12478
12476
12474
12473
12464
12462
12455
12455
12447
12446
12436
12429
12428
12420
12418
12413
12409
12407
12405
12404
12404
12399
12399
12398
12394
12391
12390
12405
12382
12382
12382
12376
12374
12371
12370
12394
12359
12349
12347
12345
12335
12328
12327
12326
12323
12321
12321
12318
12318
12315
12314
12305
12294
12290
12289
12289
12288
12284
12282
12279
12279
12270
12265
12265
12255
12253
12253
12249
12248
12247
12244
12238
12236
12233
12230
12229
12228
12223
12219
12210
12209
12208
12207
12202
12199
12199
12189
12188
12186
12186
12181
12179
12172
12171
12157
12155
12152
12150
12148
12139
12136
12156
12129
12126
12121
12125
12125
12124
12116
12114
12112
12110
12106
12092
12091
12090
12089
12084
12084
12083
12083
12080
12079
12079
12079
12098
12071
12066
12063
12060
12060
12056
12087
12052
12046
12041
12036
12025
12025
12024
12021
12016
12016
12011
12008
12001
11998
11994
11994
11993
11993
11989
11987
11986
11981
11980
11980
11978
11975
11973
11968
11966
11964
11964
11962
11960
11953
11949
11947
11945
11936
11933
11939
11922
11921
11915
11914
11906
11904
11882
11880
11877
11874
11873
11873
11868
11860
11857
11854
11854
11851
11849
11833
11830
11828
11826
11824
11819
11816
11813
11810
11810
11801
11799
11798
11811
11789
11789
11787
11782
11780
11773
11771
11767
11767
11766
11763
11761
11756
11751
11750
11746
11740
11735
11734
11724
11721
11721
11713
11710
11710
11709
11708
11707
11707
11703
11697
11695
11704
11689
11688
11684
11683
11683
11680
11679
11670
11681
11662
11660
11658
11657
11656
11656
11651
11646
11644
11640
11633
11628
11617
11614
11613
11607
11606
11604
11603
11600
11597
11590
11584
11582
11580
11578
11571
11565
11577
11586
11558
11558
11558
11557
11556
11556
11553
11549
11549
11546
11541
11533
11533
11528
11523
11520
11514
11512
11497
11495
11485
11490
11479
11472
11471
11467
11461
11461
11457
11455
11451
11449
11449
11449
11446
11441
11437
11437
11434
11431
11428
11425
11443
11419
11418
11407
11398
11396
11395
11393
11386
11382
11381
11381
11381
11372
11368
11367
11366
11361
11358
11353
11354
11348
11347
11340
11333
11327
11321
11318
11317
11315
11309
11305
11301
11297
11294
11289
11287
11278
11277
11274
11273
11268
11262
11259
11257
11254
11252
11252
11252
11252
11249
11248
11247
11247
11244
11239
11235
11230
11224
11215
11226
11203
11201
11200
11199
11197
11197
11196
11196
11191
11183
11179
11176
11173
11173
11174
11160
11158
11158
11156
11153
11153
11153
11145
11145
11138
11137
11137
11136
11133
11133
11130
11124
11120
11119
11115
11113
11111
11111
11111
11107
11107
11103
11103
11102
11102
11100
11096
11090
11108
11089
11085
11082
11103
11081
11079
11074
11073
11071
11064
11064
11108
11057
11054
11057
11058
11049
11044
11042
11041
11037
11035
11033
11028
11028
11026
11024
11022
11020
11018
11009
11008
11007
11005
11005
11005
10996
11017
10985
10982
10981
10981
10980
10980
10977
10975
10975
10972
10970
10970
10966
10966
10963
10962
10954
10950
10950
10949
10945
10940
10937
10932
10931
10931
10929
10927
10927
10923
10916
10916
10912
10911
10909
10907
10905
10903
10901
10890
10889
10888
10885
10881
10874
10872
10872
10871
10871
10868
10867
10866
10866
10884
10862
10862
10859
10859
10855
10852
10851
10862
10849
10849
10848
10847
10846
10845
10843
10840
10835
10835
10834
10829
10828
10823
10821
10819
10817
10817
10810
10808
10823
10823
10801
10798
10792
10792
10791
10788
10786
10784
10770
10769
10768
10786
10765
10763
10762
10762
10761
10761
10760
10759
10756
10755
10755
10746
10742
10741
10740
10737
10730
10751
10724
10716
10716
10712
10707
10701
10699
10697
10697
10689
10684
10678
10677
10675
10672
10670
10666
10664
10660
10658
10653
10652
10651
10645
10643
10643
10641
10637
10637
10636
10633
10632
10630
10626
10621
10618
10616
10633
10613
10613
10611
10611
10632
10603
10603
10602
10592
10585
10582
10582
10580
10570
10570
10574
10565
10563
10561
10540
10537
10536
10530
10529
10521
10517
10513
10510
10509
10504
10502
10500
10499
10495
10488
10486
10486
10484
10480
10479
10475
10491
10469
10469
10478
10468
10466
10465
10461
10454
10476
10444
10429
10426
10425
10424
10428
10419
10415
10414
10413
10410
10409
10401
10419
10420
10398
10398
10397
10395
10389
10387
10384
10384
10380
10373
10370
10369
10367
10367
10365
10362
10361
10356
10355
10353
10350
10348
10345
10343
10341
10355
10335
10334
10334
10333
10333
10331
10327
10321
10319
10318
10317
10316
10314
10314
10314
10309
10309
10308
10306
10305
10295
10295
10293
10291
10290
10290
10288
10285
10284
10278
10276
10275
10271
10266
10259
10258
10258
10257
10250
10255
10244
10242
10242
10239
10238
10233
10229
10223
10220
10217
10213
10210
10209
10203
10202
10202
10199
10198
10198
10197
10197
10196
10195
10191
10189
10189
10185
10181
10180
10177
10175
10174
10173
10173
10171
10168
10163
10162
10157
10156
10151
10148
10147
10159
10139
10138
10134
10130
10128
10124
10121
10117
10113
10105
10105
10104
10103
10102
10102
10101
10100
10100
10099
10098
10096
10093
10092
10099
10086
10086
10083
10080
10079
10078
10074
10072
10072
10069
10069
10065
10063
10062
10061
10058
10056
10055
10052
10049
10048
10046
10046
10038
10036
10033
10029
10025
10016
10016
10002
10001
10000
10000
9998
9998
9995
9995
9988
9985
9983
9980
9979
9978
9978
9977
9968
9967
9966
9982
9961
9955
9954
9949
9949
9946
9939
9925
9924
9923
9923
9922
9917
9916
9915
9915
9914
9912
9915
9908
9906
9903
9900
9908
9899
9898
9895
9892
9892
9890
9884
9884
9884
9879
9879
9878
9873
9881
9869
9869
9867
9881
9865
9865
9865
9864
9886
9863
9860
9860
9855
9854
9853
9852
9852
9852
9848
9848
9846
9846
9845
9845
9840
9840
9838
9836
9836
9834
9830
9830
9834
9826
9824
9821
9818
9818
9814
9812
9807
9805
9805
9805
9801
9799
9798
9788
9788
9784
9781
9779
9776
9775
9767
9766
9755
9776
9749
9745
9740
9740
9735
9734
9730
9728
9726
9725
9742
9725
9722
9721
9718
9718
9715
9713
9710
9710
9709
9709
9705
9702
9696
9693
9692
9692
9690
9687
9686
9681
9678
9675
9673
9670
9670
9667
9665
9663
9655
9655
9652
9652
9651
9650
9650
9646
9644
9642
9639
9638
9638
9636
9636
9634
9663
9632
9618
9626
9626
9626
9625
9623
9622
9619
9615
9615
9612
9612
9610
9610
9619
9607
9600
9597
9597
9594
9592
9591
9588
9587
9584
9575
9573
9571
9571
9570
9570
9568
9563
9562
9555
9555
9552
9550
9548
9547
9546
9545
9544
9542
9541
9540
9552
9536
9535
9530
9530
9530
9529
9528
9527
9523
9523
9522
9521
9514
9531
9511
9510
9506
9506
9505
9504
9503
9503
9503
9502
9497
9524
9492
9491
9508
9488
9486
9485
9485
9485
9483
9477
9474
9474
9474
9471
9471
9485
9503
9467
9489
9465
9464
9463
9459
9455
9455
9454
9454
9453
9453
9452
9450
9448
9448
9447
9447
9444
9440
9439
9435
9432
9432
9431
9431
9425
9425
9426
9422
9419
9415
9413
9412
9411
9409
9407
9407
9406
9413
9403
9400
9411
9398
9397
9396
9394
9394
9393
9393
9392
9392
9390
9390
9388
9389
9379
9378
9375
9371
9370
9366
9364
9363
9362
9362
9361
9359
9357
9350
9349
9345
9343
9342
9341
9335
9329
9328
9327
9323
9323
9322
9320
9315
9314
9312
9312
9312
9310
9307
9304
9302
9316
9297
9296
9296
9295
9290
9285
9280
9279
9279
9278
9278
9276
9275
9272
9271
9271
9271
9270
9268
9267
9263
9263
9262
9261
9259
9256
9251
9243
9242
9240
9238
9236
9235
9229
9228
9228
9227
9226
9223
9222
9215
9214
9212
9210
9210
9207
9206
9206
9203
9203
9201
9197
9196
9196
9195
9193
9193
9191
9191
9186
9184
9183
9182
9181
9181
9180
9180
9178
9177
9172
9171
9167
9167
9164
9161
9157
9157
9156
9151
9150
9148
9148
9143
9143
9141
9138
9138
9137
9133
9132
9130
9127
9127
9126
9126
9127
9119
9115
9113
9113
9105
9104
9102
9098
9097
9097
9095
9094
9091
9089
9088
9080
9074
9071
9070
9070
9063
9060
9059
9059
9057
9055
9054
9051
9045
9045
9041
9035
9034
9033
9043
9035
9029
9028
9027
9026
9025
9021
9020
9019
9017
9014
9013
9012
9009
9003
8998
8996
8995
8990
8988
8988
8986
8984
8998
8981
8979
8978
8977
8973
8972
8970
8967
8966
8966
8965
8963
8961
8971
8957
8955
8964
8955
8950
8949
8949
8944
8942
8941
8940
8938
8936
8936
8934
8929
8929
8928
8927
8925
8924
8923
8921
8917
8917
8914
8908
8906
8900
8900
8895
8894
8893
8891
8886
8886
8884
8884
8883
8883
8881
8878
8877
8877
8876
8874
8871
8882
8863
8860
8859
8856
8854
8853
8851
8850
8849
8842
8840
8842
8837
8837
8837
8837
8835
8835
8831
8850
8829
8828
8828
8828
8827
8826
8825
8824
8824
8823
8821
8820
8816
8815
8815
8815
8813
8812
8812
8807
8804
8802
8801
8816
8795
8812
8792
8791
8790
8788
8788
8788
8813
8787
8786
8786
8786
8782
8781
8780
8779
8778
8777
8777
8772
8772
8770
8769
8769
8758
8757
8756
8752
8751
8750
8750
8749
8749
8747
8746
8746
8738
8734
8734
8730
8728
8724
8724
8723
8719
8716
8716
8710
8701
8699
8698
8698
8695
8695
8694
8691
8690
8688
8704
8685
8685
8706
8684
8682
8680
8677
8676
8671
8669
8669
8687
8668
8668
8665
8664
8664
8663
8661
8661
8660
8660
8659
8659
8659
8658
8656
8655
8655
8655
8649
8648
8645
8650
8644
8643
8643
8641
8640
8639
8636
8632
8636
8628
8623
8621
8621
8619
8618
8615
8614
8610
8600
8600
8600
8598
8597
8597
8597
8596
8596
8594
8590
8587
8586
8584
8584
8583
8582
8581
8581
8581
8579
8578
8577
8577
8574
8574
8573
8572
8569
8568
8566
8564
8563
8563
8560
8560
8555
8554
8563
8553
8552
8548
8544
8543
8548
8559
8540
8535
8534
8533
8531
8529
8528
8531
8522
8522
8517
8516
8515
8514
8512
8509
8506
8506
8504
8503
8503
8503
8502
8501
8501
8497
8497
8497
8515
8496
8496
8494
8493
8493
8485
8485
8483
8481
8481
8478
8478
8477
8475
8474
8473
8473
8472
8465
8465
8464
8463
8460
8460
8454
8454
8453
8476
8450
8449
8449
8446
8446
8446
8442
8441
8438
8438
8433
8431
8425
8424
8420
8416
8415
8415
8412
8412
8411
8410
8406
8401
8400
8399
8399
8397
8396
8396
8394
8394
8384
8383
8382
8382
8381
8380
8379
8378
8376
8374
8373
8385
8366
8361
8357
8356
8352
8347
8346
8346
8344
8338
8334
8334
8329
8328
8328
8328
8320
8320
8320
8333
8318
8317
8316
8315
8315
8328
8312
8312
8311
8308
8323
8306
8306
8305
8304
8303
8323
8301
8301
8297
8297
8296
8295
8292
8292
8291
8290
8290
8289
8289
8289
8288
8287
8285
8284
8281
8279
8291
8273
8272
8272
8272
8269
8267
8267
8267
8265
8265
8262
8259
8275
8252
8251
8250
8256
8248
8246
8246
8245
8245
8243
8240
8239
8239
8238
8238
8237
8263
8236
8235
8234
8225
8221
8219
8219
8218
8217
8217
8217
8215
8214
8213
8212
8207
8206
8205
8203
8199
8198
8195
8191
8191
8189
8187
8185
8184
8184
8183
8181
8180
8179
8177
8176
8176
8173
8171
8169
8169
8168
8167
8164
8161
8175
8156
8154
8153
8152
8152
8150
8150
8150
8164
8146
8146
8145
8145
8144
8138
8135
8135
8134
8132
8127
8124
8121
8121
8119
8118
8118
8117
8128
8116
8115
8111
8110
8108
8108
8108
8106
8106
8105
8104
8103
8125
8101
8100
8099
8099
8098
8119
8096
8113
8094
8086
8082
8081
8079
8077
8077
8075
8074
8073
8072
8072
8071
8069
8069
8066
8066
8065
8065
8060
8057
8053
8049
8046
8046
8043
8039
8038
8037
8036
8035
8034
8030
8025
8023
8022
8021
8021
8020
8037
8017
8015
8013
8012
8011
8007
8006
8005
8005
8005
8004
8003
8029
8001
8000
8000
7997
7993
7992
7992
7991
7991
7989
7987
7987
7987
7986
7983
7982
7979
7978
7976
7975
7975
7974
7973
7970
7967
7967
7967
7966
7964
7962
7962
7958
7958
7957
7953
7956
7952
7952
7951
7949
7947
7955
7945
7945
7945
7941
7940
7940
7936
7935
7935
7934
7930
7930
7928
7926
7926
7925
7923
7923
7923
7921
7920
7919
7918
7918
7918
7917
7917
7933
7913
7913
7912
7912
7911
7909
7907
7902
7915
7901
7901
7898
7897
7896
7895
7895
7894
7889
7889
7887
7886
7885
7884
7883
7882
7882
7881
7881
7880
7880
7877
7876
7873
7873
7872
7871
7866
7865
7863
7863
7863
7862
7860
7860
7859
7855
7854
7854
7854
7852
7849
7849
7849
7849
7847
7847
7844
7844
7864
7841
7841
7841
7830
7848
7828
7826
7823
7823
7821
7820
7817
7817
7817
7815
7815
7815
7814
7813
7813
7811
7811
7810
7806
7806
7806
7806
7805
7804
7804
7803
7803
7799
7796
7788
7802
7785
7804
7785
7785
7783
7783
7779
7779
7779
7778
7775
7774
7773
7769
7768
7767
7764
7763
7761
7761
7761
7765
7757
7763
7755
7754
7754
7753
7751
7750
7744
7743
7764
7742
7740
7740
7738
7749
7738
7738
7738
7738
7734
7733
7729
7729
7728
7723
7722
7718
7717
7717
7716
7715
7715
7715
7713
7713
7712
7710
7704
7703
7702
7702
7701
7700
7699
7698
7702
7697
7697
7695
7695
7693
7711
7692
7691
7691
7689
7688
7686
7686
7683
7682
7682
7681
7680
7692
7676
7672
7669
7687
7667
7666
7666
7664
7664
7660
7659
7673
7654
7654
7653
7681
7652
7650
7650
7648
7648
7647
7645
7645
7644
7641
7640
7638
7637
7636
7631
7630
7630
7629
7628
7627
7626
7626
7623
7619
7616
7609
7609
7608
7606
7621
7602
7602
7602
7600
7600
7598
7596
7595
7594
7594
7593
7592
7592
7588
7586
7586
7584
7584
7580
7579
7578
7578
7575
7572
7570
7567
7566
7565
7562
7562
7562
7571
7561
7560
7559
7558
7556
7555
7554
7553
7552
7549
7548
7566
7546
7543
7543
7538
7537
7535
7533
7533
7528
7528
7527
7522
7519
7518
7518
7518
7518
7517
7517
7516
7516
7516
7515
7515
7513
7513
7513
7513
7513
7512
7512
7511
7511
7509
7508
7507
7506
7506
7504
7501
7499
7497
7494
7492
7490
7487
7486
7486
7485
7502
7484
7484
7481
7479
7476
7476
7475
7475
7470
7469
7465
7462
7460
7460
7457
7455
7454
7454
7452
7452
7449
7448
7447
7446
7446
7444
7443
7442
7442
7439
7439
7436
7436
7434
7433
7428
7427
7425
7423
7422
7421
7420
7420
7419
7418
7418
7417
7417
7416
7415
7413
7411
7410
7410
7410
7410
7408
7408
7406
7405
7404
7404
7402
7401
7411
7400
7399
7398
7396
7395
7394
7394
7419
7392
7391
7391
7389
7388
7385
7382
7381
7381
7381
7381
7380
7378
7378
7377
7375
7374
7374
7374
7371
7370
7369
7368
7368
7367
7367
7365
7365
7363
7359
7358
7356
7376
7352
7352
7352
7351
7349
7349
7347
7344
7340
7335
7334
7334
7334
7333
7327
7327
7327
7327
7326
7323
7323
7321
7321
7319
7319
7319
7319
7316
7316
7316
7316
7314
7313
7313
7312
7312
7311
7311
7310
7309
7308
7306
7306
7304
7302
7302
7302
7301
7301
7298
7297
7296
7296
7296
7296
7292
7292
7291
7291
7291
7291
7290
7288
7288
7287
7309
7285
7284
7283
7281
7281
7281
7280
7279
7279
7278
7275
7275
7274
7274
7273
7272
7271
7285
7268
7267
7267
7266
7265
7264
7264
7264
7263
7261
7280
7268
7259
7259
7258
7257
7256
7266
7253
7251
7251
7250
7247
7244
7255
7243
7243
7243
7242
7240
7239
7238
7238
7237
7233
7232
7230
7225
7224
7223
7222
7222
7222
7222
7221
7221
7220
7220
7218
7217
7217
7216
7215
7215
7214
7214
7213
7213
7212
7210
7210
7207
7205
7203
7202
7202
7201
7200
7200
7198
7197
7195
7194
7194
7194
7193
7193
7192
7191
7189
7187
7181
7178
7178
7176
7174
7174
7173
7172
7172
7171
7171
7170
7170
7170
7167
7166
7162
7161
7161
7161
7158
7156
7156
7153
7153
7150
7150
7149
7148
7148
7147
7147
7145
7144
7143
7142
7142
7140
7140
7140
7139
7138
7137
7136
7135
7132
7132
7132
7131
7150
7145
7126
7126
7125
7124
7124
7121
7118
7117
7117
7113
7113
7112
7111
7110
7110
7109
7108
7108
7106
7111
7103
7101
7099
7099
7097
7093
7092
7091
7089
7088
7088
7087
7087
7087
7086
7085
7084
7082
7079
7079
7078
7078
7077
7077
7076
7075
7075
7075
7074
7072
7071
7067
7071
7066
7063
7062
7062
7061
7061
7061
7061
7061
7060
7058
7057
7057
7057
7057
7054
7053
7052
7052
7050
7047
7046
7046
7045
7044
7043
7042
7042
7041
7040
7044
7038
7038
7037
7036
7035
7034
7031
7030
7030
7029
7028
7028
7027
7027
7027
7025
7024
7024
7023
7022
7022
7022
7020
7017
7016
7015
7015
7014
7012
7010
7010
7010
7010
7009
7006
7005
7005
7005
7002
7000
6997
6995
6991
6990
6990
6988
6984
6980
6980
6979
6978
6974
6974
6973
6972
6972
6970
6970
6969
6967
6966
6962
6961
6960
6955
6955
6955
6953
6949
6949
6948
6948
6946
6980
6945
6945
6958
6985
6942
6942
6940
6939
6939
6937
6937
6937
6937
6935
6934
6931
6930
6930
6927
6927
6925
6923
6923
6923
6922
6922
6920
6919
6919
6918
6917
6916
6916
6915
6915
6913
6913
6910
6909
6909
6908
6907
6906
6906
6905
6913
6902
6900
6896
6896
6895
6895
6894
6893
6891
6890
6889
6887
6886
6886
6885
6885
6884
6883
6882
6882
6882
6880
6886
6877
6876
6876
6876
6876
6876
6893
6874
6874
6874
6874
6873
6871
6869
6869
6868
6866
6866
6866
6865
6864
6863
6863
6863
6860
6858
6855
6855
6854
6854
6853
6852
6852
6851
6851
6849
6849
6849
6849
6848
6846
6845
6845
6854
6843
6842
6842
6841
6840
6840
6838
6844
6838
6837
6836
6836
6835
6834
6834
6832
6832
6831
6829
6829
6829
6828
6827
6826
6827
6825
6825
6823
6823
6822
6820
6818
6818
6817
6816
6815
6814
6814
6813
6811
6809
6809
6808
6806
6805
6824
6803
6801
6801
6801
6800
6799
6798
6798
6798
6796
6796
6793
6793
6799
6792
6788
6788
6783
6783
6783
6782
6782
6782
6782
6781
6780
6773
6772
6772
6776
6771
6770
6768
6768
6783
6767
6766
6765
6764
6764
6764
6764
6760
6759
6771
6759
6759
6772
6755
6755
6754
6753
6753
6751
6750
6749
6749
6748
6745
6744
6743
6743
6741
6741
6738
6738
6737
6737
6736
6736
6735
6735
6734
6734
6730
6735
6727
6727
6723
6722
6720
6718
6718
6718
6717
6716
6715
6715
6725
6714
6714
6713
6712
6712
6710
6708
6708
6707
6707
6706
6704
6691
6702
6702
6700
6700
6698
6697
6700
6695
6695
6691
6690
6689
6688
6687
6686
6686
6683
6683
6681
6680
6680
6680
6680
6680
6679
6677
6676
6675
6675
6674
6672
6671
6670
6668
6667
6666
6665
6665
6662
6662
6660
6660
6659
6657
6657
6656
6654
6653
6652
6651
6651
6650
6650
6649
6647
6647
6647
6661
6645
6645
6666
6644
6643
6652
6643
6641
6640
6638
6650
6637
6646
6636
6636
6634
6632
6648
6628
6627
6625
6623
6620
6620
6620
6616
6615
6615
6615
6613
6613
6613
6611
6611
6610
6610
6609
6608
6608
6607
6606
6603
6603
6602
6602
6600
6600
6600
6600
6600
6598
6617
6597
6596
6596
6596
6596
6596
6596
6595
6595
6594
6594
6593
6593
6591
6588
6588
6588
6587
6586
6586
6583
6583
6583
6582
6581
6581
6580
6580
6578
6577
6576
6575
6574
6573
6573
6572
6570
6569
6568
6566
6566
6565
6565
6564
6563
6563
6562
6562
6562
6561
6560
6559
6559
6557
6555
6555
6555
6554
6551
6550
6550
6550
6549
6548
6546
6545
6545
6542
6542
6542
6541
6540
6540
6539
6539
6539
6538
6537
6536
6535
6534
6533
6533
6530
6530
6530
6529
6528
6525
6524
6523
6521
6520
6520
6520
6519
6519
6518
6522
6517
6516
6534
6514
6513
6513
6512
6512
6511
6509
6509
6507
6507
6507
6504
6504
6503
6503
6503
6502
6502
6502
6501
6500
6500
6512
6499
6498
6497
6496
6496
6496
6496
6495
6495
6495
6494
6494
6493
6493
6490
6490
6490
6490
6489
6489
6487
6485
6485
6485
6485
6484
6483
6483
6482
6482
6479
6478
6478
6475
6475
6473
6473
6473
6472
6472
6471
6470
6469
6469
6469
6469
6468
6472
6466
6465
6464
6463
6463
6463
6463
6462
6462
6462
6492
6461
6470
6458
6456
6455
6454
6453
6451
6451
6450
6450
6449
6448
6448
6448
6447
6447
6445
6444
6443
6443
6443
6439
6439
6436
6435
6434
6433
6428
6428
6428
6427
6427
6427
6425
6425
6425
6424
6424
6424
6424
6423
6422
6421
6420
6420
6420
6419
6419
6417
6430
6416
6415
6414
6413
6413
6410
6409
6420
6414
6407
6406
6406
6402
6402
6400
6400
6399
6398
6398
6396
6396
6395
6395
6394
6394
6393
6390
6389
6388
6388
6387
6386
6386
6386
6384
6383
6383
6382
6382
6382
6381
6380
6378
6378
6377
6377
6376
6376
6376
6375
6375
6374
6374
6374
6374
6374
6404
6372
6371
6370
6369
6368
6367
6367
6366
6365
6365
6364
6363
6362
6359
6357
6357
6357
6354
6351
6349
6349
6349
6347
6346
6345
6345
6344
6344
6344
6343
6343
6342
6340
6338
6338
6337
6337
6336
6336
6335
6335
6335
6342
6333
6331
6330
6330
6329
6329
6329
6328
6333
6326
6325
6325
6324
6323
6319
6318
6318
6317
6317
6317
6316
6315
6314
6314
6312
6311
6311
6308
6308
6306
6305
6305
6305
6303
6302
6301
6301
6301
6300
6299
6297
6296
6295
6294
6293
6291
6291
6290
6290
6294
6287
6287
6286
6285
6302
6285
6284
6283
6283
6283
6282
6279
6276
6276
6276
6274
6274
6269
6268
6265
6265
6264
6263
6263
6261
6280
6259
6259
6258
6257
6256
6256
6256
6256
6253
6250
6249
6249
6249
6249
6248
6248
6249
6247
6247
6245
6244
6244
6244
6244
6243
6243
6242
6242
6240
6240
6240
6238
6237
6237
6236
6236
6234
6234
6234
6233
6233
6231
6231
6231
6230
6229
6228
6227
6230
6226
6226
6225
6225
6223
6223
6222
6220
6220
6217
6216
6216
6216
6213
6211
6211
6210
6210
6209
6209
6208
6208
6208
6208
6207
6207
6207
6206
6205
6205
6205
6202
6201
6199
6197
6197
6197
6196
6196
6196
6195
6195
6195
6193
6205
6193
6191
6190
6189
6188
6187
6186
6204
6186
6186
6184
6183
6190
6181
6181
6179
6179
6178
6177
6176
6176
6175
6175
6175
6175
6175
6174
6171
6171
6169
6169
6167
6166
6166
6165
6165
6165
6165
6164
6162
6162
6161
6161
6161
6161
6160
6158
6157
6157
6156
6155
6154
6152
6151
6150
6149
6149
6148
6147
6146
6145
6144
6144
6143
6143
6154
6142
6142
6141
6141
6139
6139
6139
6138
6137
6137
6136
6136
6136
6135
6142
6135
6134
6133
6133
6132
6132
6132
6131
6131
6131
6130
6130
6126
6126
6125
6125
6124
6124
6122
6121
6121
6121
6120
6120
6120
6120
6119
6119
6119
6119
6117
6117
6116
6116
6116
6115
6115
6115
6114
6113
6113
6112
6110
6110
6110
6110
6109
6109
6108
6108
6107
6106
6106
6106
6106
6103
6102
6102
6101
6101
6101
6100
6099
6098
6096
6096
6096
6096
6095
6095
6095
6093
6093
6092
6092
6092
6091
6091
6091
6091
6091
6091
6090
6089
6089
6089
6088
6088
6087
6086
6086
6083
6082
6080
6085
6079
6078
6075
6074
6074
6073
6072
6072
6071
6071
6071
6070
6068
6067
6067
6065
6064
6064
6079
6063
6059
6058
6058
6057
6056
6055
6053
6053
6052
6052
6052
6052
6050
6050
6049
6048
6048
6047
6046
6045
6045
6044
6044
6059
6043
6042
6042
6041
6041
6041
6041
6039
6038
6038
6036
6036
6035
6035
6034
6032
6031
6031
6030
6030
6030
6028
6028
6028
6028
6027
6027
6026
6025
6025
6042
6022
6022
6022
6021
6021
6018
6018
6016
6015
6013
6012
6011
6011
6011
6011
6009
6009
6007
6007
6010
6006
6003
6003
6002
6001
6001
6001
6000
5999
5996
5996
5994
5993
5993
6003
5991
5989
5988
5987
5986
5986
5985
5983
5982
5982
6003
5982
5980
5980
5980
5979
5979
5977
5977
5976
5976
5976
5975
5974
5974
5973
5973
5973
5972
5972
5971
5971
5971
5988
5971
5970
5986
5969
5968
5966
5965
5963
5961
5960
5959
5959
5959
5958
5957
5955
5954
5954
5954
5951
5948
5947
5947
5946
5945
5943
5942
5941
5941
5941
5940
5940
5939
5939
5939
5938
5955
5936
5936
5936
5936
5936
5935
5935
5934
5934
5934
5934
5933
5933
5932
5931
5942
5931
5930
5929
5929
5929
5929
5928
5928
5927
5927
5927
5926
5926
5926
5922
5921
5921
5920
5920
5931
5918
5918
5917
5916
5916
5916
5916
5929
5915
5915
5915
5915
5915
5913
5913
5932
5913
5912
5912
5910
5909
5909
5908
5908
5908
5907
5906
5904
5903
5902
5901
5901
5900
5898
5898
5898
5896
5894
5894
5892
5890
5889
5892
5887
5886
5886
5884
5883
5882
5881
5878
5878
5877
5876
5876
5891
5874
5898
5871
5871
5870
5870
5869
5867
5866
5866
5866
5866
5866
5886
5863
5863
5862
5862
5861
5861
5859
5858
5858
5858
5863
5857
5857
5855
5855
5855
5853
5853
5853
5851
5850
5850
5850
5849
5848
5848
5847
5847
5846
5846
5846
5846
5846
5845
5844
5843
5842
5866
5841
5840
5839
5838
5838
5837
5836
5839
5833
5831
5831
5831
5831
5830
5829
5828
5828
5827
5827
5827
5825
5824
5822
5822
5822
5821
5819
5817
5817
5817
5816
5816
5814
5814
5813
5812
5812
5811
5810
5810
5810
5808
5808
5805
5805
5805
5803
5803
5803
5802
5801
5800
5800
5800
5800
5798
5797
5797
5796
5796
5796
5796
5795
5794
5793
5792
5792
5791
5790
5789
5789
5789
5788
5787
5785
5785
5784
5783
5792
5782
5780
5780
5780
5779
5778
5778
5776
5776
5775
5774
5773
5773
5773
5773
5772
5771
5771
5771
5770
5770
5769
5768
5768
5786
5767
5766
5763
5761
5761
5760
5760
5759
5759
5758
5756
5756
5753
5752
5752
5752
5751
5750
5749
5775
5749
5745
5744
5743
5742
5741
5742
5741
5741
5741
5740
5740
5743
5740
5746
5737
5737
5736
5733
5731
5731
5730
5730
5730
5728
5728
5727
5727
5726
5726
5726
5726
5726
5725
5725
5724
5724
5723
5722
5720
5719
5719
5718
5718
5718
5716
5716
5714
5713
5713
5713
5712
5712
5711
5711
5710
5709
5708
5708
5707
5707
5706
5706
5706
5706
5704
5704
5704
5704
5704
5703
5703
5703
5720
5700
5700
5700
5710
5699
5698
5717
5695
5694
5691
5691
5690
5690
5690
5689
5689
5688
5688
5687
5687
5687
5686
5685
5684
5684
5682
5682
5682
5681
5681
5680
5678
5676
5675
5690
5673
5673
5673
5673
5672
5672
5671
5671
5671
5670
5668
5668
5667
5667
5667
5667
5665
5665
5664
5661
5661
5661
5660
5659
5658
5657
5657
5656
5656
5656
5655
5655
5654
5654
5654
5654
5653
5652
5651
5651
5651
5651
5650
5650
5650
5648
5648
5648
5647
5646
5645
5661
5645
5643
5643
5642
5641
5640
5639
5637
5637
5635
5635
5634
5633
5633
5632
5632
5632
5632
5632
5631
5631
5631
5630
5630
5630
5629
5629
5628
5627
5627
5627
5626
5626
5626
5625
5625
5624
5623
5623
5646
5622
5622
5621
5620
5619
5630
5618
5617
5615
5614
5614
5614
5614
5613
5613
5613
5613
5612
5612
5613
5612
5610
5610
5610
5609
5608
5608
5607
5607
5607
5606
5632
5605
5605
5605
5604
5604
5602
5602
5599
5599
5599
5599
5598
5598
5597
5597
5596
5596
5596
5595
5595
5595
5594
5593
5593
5593
5593
5592
5608
5592
5591
5591
5588
5588
5588
5588
5588
5587
5587
5587
5586
5586
5586
5585
5585
5594
5584
5584
5584
5583
5581
5581
5580
5580
5579
5579
5577
5576
5575
5575
5574
5574
5573
5573
5572
5571
5570
5570
5569
5569
5568
5567
5567
5567
5567
5566
5566
5566
5566
5565
5565
5564
5564
5564
5571
5562
5557
5556
5556
5556
5556
5555
5554
5553
5553
5553
5568
5550
5549
5549
5549
5547
5546
5545
5544
5544
5544
5542
5542
5542
5541
5563
5541
5541
5539
5538
5538
5538
5537
5536
5536
5536
5535
5535
5535
5532
5532
5531
5530
5530
5529
5528
5527
5526
5525
5524
5524
5524
5534
5523
5523
5522
5521
5521
5521
5521
5520
5519
5519
5517
5516
5515
5514
5513
5513
5513
5512
5512
5511
5511
5511
5511
5509
5509
5532
5508
5508
5507
5506
5506
5506
5505
5505
5504
5503
5503
5502
5501
5501
5500
5501
5499
5496
5496
5495
5495
5495
5495
5494
5494
5494
5507
5493
5493
5493
5492
5492
5491
5491
5491
5490
5490
5490
5487
5487
5486
5505
5485
5483
5482
5482
5481
5480
5480
5480
5480
5479
5478
5477
5476
5476
5475
5475
5475
5474
5473
5473
5472
5472
5472
5491
5471
5470
5470
5470
5469
5468
5467
5465
5464
5463
5463
5462
5462
5462
5461
5461
5461
5460
5460
5459
5459
5457
5454
5435
5454
5453
5453
5452
5451
5451
5451
5450
5450
5450
5449
5467
5464
5448
5447
5446
5446
5445
5445
5445
5445
5444
5443
5443
5443
5442
5439
5438
5437
5437
5437
5436
5436
5435
5433
5432
5432
5431
5431
5430
5430
5430
5430
5430
5429
5429
5429
5429
5428
5427
5427
5427
5425
5423
5422
5422
5422
5421
5421
5421
5420
5419
5419
5418
5417
5417
5415
5415
5414
5413
5413
5413
5412
5412
5410
5410
5409
5413
5407
5407
5406
5405
5405
5404
5403
5403
5402
5402
5402
5401
5401
5401
5400
5400
5400
5400
5399
5398
5398
5397
5396
5394
5393
5393
5393
5392
5392
5392
5391
5390
5390
5389
5389
5389
5388
5386
5386
5399
5382
5382
5381
5380
5377
5377
5377
5376
5376
5375
5374
5374
5373
5372
5368
5368
5367
5367
5367
5366
5366
5364
5364
5363
5362
5362
5362
5360
5359
5359
5359
5358
5358
5357
5365
5356
5356
5356
5356
5355
5355
5362
5354
5354
5354
5352
5351
5350
5349
5347
5347
5347
5345
5345
5344
5344
5343
5343
5342
5342
5342
5342
5352
5341
5340
5339
5337
5337
5337
5337
5336
5336
5334
5334
5333
5333
5333
5333
5332
5332
5331
5331
5329
5329
5328
5327
5325
5325
5324
5323
5323
5323
5322
5322
5322
5322
5322
5321
5321
5320
5320
5320
5319
5319
5319
5318
5317
5321
5317
5316
5316
5315
5313
5313
5312
5312
5311
5311
5309
5308
5308
5306
5306
5306
5305
5305
5304
5304
5303
5303
5301
5301
5300
5300
5300
5299
5298
5298
5298
5297
5297
5296
5296
5296
5295
5295
5295
5294
5294
5303
5293
5292
5291
5302
5290
5290
5290
5289
5288
5287
5287
5286
5286
5286
5285
5284
5283
5281
5280
5280
5280
5279
5277
5276
5278
5275
5275
5275
5275
5274
5273
5272
5272
5271
5271
5269
5268
5268
5267
5267
5265
5265
5263
5262
5262
5262
5261
5261
5260
5259
5258
5257
5257
5256
5256
5256
5256
5255
5255
5255
5255
5254
5254
5254
5253
5253
5252
5251
5251
5251
5249
5249
5271
5247
5247
5246
5246
5257
5245
5244
5244
5244
5243
5243
5243
5242
5248
5242
5241
5241
5240
5240
5237
5236
5236
5235
5235
5234
5233
5231
5230
5230
5230
5230
5230
5229
5229
5229
5228
5228
5228
5228
5227
5227
5227
5226
5226
5226
5225
5225
5237
5225
5224
5247
5224
5223
5223
5223
5223
5223
5222
5221
5220
5219
5219
5219
5219
5218
5218
5217
5217
5216
5216
5215
5214
5214
5213
5213
5212
5212
5211
5210
5209
5208
5208
5208
5207
5207
5206
5206
5206
5206
5205
5213
5204
5204
5203
5203
5203
5202
5202
5202
5199
5173
5198
5197
5196
5195
5195
5212
5194
5193
5193
5192
5192
5192
5190
5190
5189
5189
5188
5188
5187
5187
5186
5186
5185
5185
5203
5184
5183
5183
5183
5181
5181
5180
5180
5180
5180
5179
5178
5183
5177
5177
5176
5176
5176
5174
5174
5174
5173
5170
5170
5170
5169
5169
5168
5168
5168
5168
5168
5169
5167
5167
5167
5167
5166
5166
5166
5165
5165
5164
5163
5163
5163
5162
5162
5162
5161
5160
5160
5159
5159
5159
5159
5157
5157
5156
5159
5155
5154
5153
5153
5151
5151
5151
5150
5150
5150
5150
5149
5149
5149
5149
5148
5148
5160
5146
5145
5144
5143
5143
5143
5142
5140
5140
5140
5139
5137
5137
5136
5136
5135
5135
5135
5134
5133
5133
5133
5132
5132
5132
5129
5129
5128
5128
5128
5127
5127
5127
5127
5126
5126
5126
5125
5124
5123
5123
5123
5121
5121
5121
5120
5120
5119
5118
5118
5117
5117
5115
5115
5115
5114
5114
5114
5113
5113
5112
5112
5111
5111
5110
5110
5109
5109
5108
5108
5107
5106
5106
5105
5105
5102
5102
5101
5100
5100
5099
5099
5097
5096
5095
5095
5094
5094
5094
5093
5093
5093
5093
5093
5092
5125
5091
5091
5091
5091
5091
5119
5111
5089
5089
5088
5087
5087
5086
5086
5124
5086
5086
5101
5085
5084
5084
5083
5082
5082
5082
5081
5081
5080
5080
5080
5081
5079
5079
5079
5078
5077
5077
5077
5081
5077
5076
5075
5075
5075
5074
5074
5074
5074
5073
5071
5071
5070
5070
5068
5067
5067
5067
5066
5064
5064
5063
5063
5062
5062
5062
5062
5062
5062
5061
5061
5061
5061
5060
5058
5057
5057
5057
5056
5056
5055
5055
5055
5054
5051
5051
5050
5050
5049
5049
5048
5048
5048
5047
5047
5046
5046
5046
5045
5054
5045
5043
5042
5042
5040
5040
5040
5039
5038
5037
5037
5036
5036
5035
5034
5034
5034
5033
5033
5032
5032
5032
5031
5031
5030
5030
5029
5029
5029
5029
5028
5028
5027
5027
5026
5025
5025
5024
5024
5024
5023
5023
5022
5022
5023
5019
5019
5018
5017
5016
5016
5016
5022
5016
5016
5015
5014
5014
5014
5013
5013
5013
5012
5012
5012
5011
5011
5011
5010
5010
5010
5009
5008
5008
5007
5007
5007
5007
5007
5006
5006
5005
5004
5004
5004
5003
5003
5003
5002
5001
4999
4999
4999
4998
4998
4998
4998
4998
4998
4997
5000
4996
4996
4995
4994
4994
4994
4994
4994
4993
4993
4993
4993
4992
4992
5009
4991
4991
4990
4988
4988
4988
4988
4987
4987
4987
4986
4986
4986
4986
4985
4984
4984
4984
4984
4984
4984
4984
4983
4983
4983
4982
4981
4981
4981
4981
4980
4997
4980
4979
4978
4977
4977
4977
4977
4977
4976
4976
4976
4975
4975
4975
4973
4973
4972
4972
4971
4971
4971
4970
4970
4969
4969
4968
4967
4966
4966
4965
4964
4963
4963
4962
4962
4962
4962
4962
4962
4961
4961
4961
4961
4960
4960
4960
4960
4959
4959
4959
4958
4957
4957
4957
4956
4956
4955
4954
4954
4954
4953
4967
4952
4951
4951
4950
4950
4950
4949
4948
4948
4947
4947
4947
4946
4946
4945
4944
4944
4946
4942
4942
4942
4942
4941
4941
4940
4940
4940
4939
4939
4939
4938
4938
4938
4937
4937
4934
4933
4933
4932
4932
4932
4931
4931
4931
4931
4930
4930
4930
4930
4930
4929
4928
4928
4927
4926
4926
4924
4924
4923
4922
4922
4921
4920
4920
4920
4919
4919
4918
4918
4918
4916
4916
4916
4915
4915
4915
4915
4914
4914
4914
4913
4913
4913
4913
4912
4912
4911
4910
4910
4910
4909
4908
4907
4905
4905
4904
4904
4904
4903
4903
4899
4899
4899
4898
4898
4898
4897
4897
4897
4895
4895
4894
4909
4894
4894
4893
4893
4893
4892
4891
4890
4890
4890
4889
4889
4888
4888
4888
4887
4887
4887
4887
4887
4887
4887
4886
4886
4886
4885
4885
4885
4885
4885
4884
4884
4884
4884
4884
4884
4883
4882
4882
4881
4881
4880
4879
4879
4879
4878
4878
4878
4876
4876
4875
4879
4874
4874
4873
4872
4872
4872
4872
4871
4871
4871
4870
4870
4870
4870
4869
4869
4869
4869
4867
4867
4867
4867
4837
4866
4866
4865
4863
4863
4863
4863
4863
4862
4862
4861
4861
4861
4861
4861
4859
4858
4857
4857
4857
4857
4856
4856
4856
4855
4855
4855
4854
4854
4854
4854
4854
4853
4853
4853
4852
4852
4852
4852
4852
4850
4849
4849
4849
4848
4848
4847
4847
4845
4845
4844
4844
4843
4843
4842
4842
4842
4841
4841
4840
4839
4839
4839
4838
4838
4837
4837
4837
4837
4836
4836
4835
4835
4835
4834
4834
4833
4832
4832
4832
4832
4831
4831
4830
4830
4828
4828
4828
4827
4827
4827
4826
4825
4824
4824
4823
4823
4822
4822
4822
4822
4822
4821
4820
4819
4819
4819
4819
4819
4818
4818
4817
4817
4789
4816
4815
4815
4814
4814
4813
4813
4813
4812
4812
4811
4811
4810
4810
4810
4810
4810
4809
4809
4809
4807
4806
4806
4805
4804
4804
4803
4803
4803
4803
4802
4801
4801
4801
4801
4800
4799
4798
4797
4797
4796
4796
4795
4794
4794
4793
4793
4792
4792
4792
4791
4791
4791
4790
4790
4790
4790
4789
4789
4789
4789
4789
4787
4787
4787
4787
4786
4786
4786
4785
4796
4785
4785
4784
4805
4790
4783
4781
4779
4778
4778
4777
4777
4777
4777
4777
4776
4775
4775
4773
4773
4785
4773
4772
4770
4770
4769
4769
4769
4768
4768
4768
4768
4768
4768
4768
4767
4767
4766
4766
4766
4765
4765
4764
4763
4763
4763
4762
4760
4760
4760
4759
4758
4756
4756
4755
4755
4755
4755
4755
4754
4754
4754
4754
4754
4753
4753
4752
4752
4752
4751
4751
4750
4750
4749
4749
4749
4748
4747
4747
4746
4745
4745
4744
4743
4743
4742
4742
4742
4761
4741
4740
4740
4740
4739
4739
4739
4739
4738
4738
4738
4737
4737
4736
4735
4735
4735
4734
4733
4733
4733
4732
4732
4752
4732
4732
4731
4731
4730
4729
4729
4729
4728
4727
4727
4727
4726
4726
4726
4726
4726
4726
4725
4725
4725
4725
4724
4724
4724
4725
4727
4721
4721
4721
4720
4720
4719
4719
4719
4719
4718
4718
4717
4717
4716
4716
4716
4715
4714
4713
4713
4713
4712
4739
4712
4712
4712
4712
4711
4742
4710
4709
4709
4708
4708
4707
4706
4705
4705
4704
4704
4703
4703
4703
4701
4701
4700
4700
4699
4699
4698
4698
4697
4696
4696
4695
4695
4695
4694
4694
4694
4694
4693
4693
4692
4692
4690
4690
4689
4689
4689
4689
4689
4689
4688
4688
4687
4687
4686
4685
4685
4685
4684
4684
4683
4683
4682
4681
4696
4680
4680
4679
4679
4679
4679
4679
4678
4678
4678
4678
4677
4677
4677
4677
4676
4675
4675
4674
4673
4673
4673
4672
4672
4672
4699
4672
4671
4671
4671
4671
4678
4670
4670
4670
4669
4668
4668
4666
4665
4665
4665
4665
4664
4663
4663
4662
4661
4661
4658
4658
4657
4656
4656
4656
4656
4655
4655
4655
4654
4654
4653
4653
4653
4660
4651
4650
4650
4649
4649
4649
4649
4648
4647
4647
4647
4647
4646
4646
4646
4645
4644
4644
4644
4651
4644
4643
4643
4643
4643
4656
4642
4642
4641
4641
4641
4641
4640
4638
4661
4638
4637
4637
4637
4636
4635
4635
4635
4634
4634
4634
4633
4633
4633
4633
4632
4644
4632
4632
4631
4647
4630
4630
4629
4629
4629
4629
4635
4628
4627
4627
4627
4625
4625
4624
4624
4624
4623
4623
4623
4623
4623
4622
4622
4621
4621
4621
4628
4620
4619
4618
4618
4617
4616
4620
4615
4614
4614
4613
4613
4613
4611
4611
4611
4611
4611
4611
4610
4610
4609
4609
4617
4609
4608
4608
4608
4607
4607
4606
4606
4606
4606
4605
4605
4604
4604
4603
4603
4602
4602
4602
4602
4600
4600
4600
4599
4599
4599
4599
4599
4598
4598
4598
4598
4597
4597
4597
4596
4596
4596
4596
4596
4596
4595
4595
4595
4603
4594
4594
4594
4593
4593
4593
4593
4591
4591
4591
4590
4590
4590
4590
4590
4589
4588
4587
4591
4587
4586
4586
4586
4585
4585
4585
4585
4584
4584
4584
4584
4583
4583
4583
4583
4583
4583
4582
4582
4582
4581
4581
4581
4580
4580
4580
4580
4580
4579
4579
4578
4578
4577
4577
4576
4575
4588
4574
4574
4574
4574
4573
4573
4573
4572
4572
4570
4570
4570
4570
4569
4569
4569
4569
4568
4567
4567
4567
4566
4565
4565
4564
4562
4562
4562
4561
4561
4561
4560
4560
4560
4559
4559
4559
4559
4571
4558
4558
4557
4557
4556
4555
4555
4555
4555
4555
4554
4578
4553
4553
4553
4553
4552
4551
4551
4551
4551
4551
4562
4551
4551
4551
4551
4551
4550
4550
4550
4550
4550
4548
4547
4547
4547
4546
4545
4545
4545
4545
4545
4544
4543
4543
4543
4542
4542
4541
4541
4540
4540
4539
4539
4538
4537
4537
4536
4536
4535
4535
4534
4533
4533
4533
4533
4533
4552
4532
4532
4532
4532
4531
4531
4530
4530
4530
4529
4528
4529
4527
4527
4527
4530
4526
4526
4525
4525
4524
4524
4524
4523
4522
4521
4574
4520
4519
4526
4519
4518
4518
4518
4516
4516
4516
4516
4518
4514
4514
4514
4513
4513
4513
4528
4513
4513
4513
4512
4512
4525
4511
4511
4511
4510
4510
4509
4509
4509
4507
4507
4506
4504
4504
4503
4502
4502
4502
4501
4500
4500
4499
4499
4499
4498
4497
4497
4497
4497
4497
4497
4496
4496
4496
4495
4495
4495
4494
4494
4494
4494
4494
4494
4493
4492
4492
4491
4491
4491
4491
4490
4490
4490
4488
4487
4487
4487
4486
4485
4484
4484
4484
4484
4483
4483
4483
4483
4483
4483
4482
4482
4481
4481
4480
4479
4479
4478
4477
4477
4477
4477
4477
4476
4476
4475
4475
4474
4474
4474
4473
4472
4472
4471
4470
4470
4469
4469
4468
4467
4467
4466
4466
4481
4466
4465
4464
4464
4463
4462
4461
4460
4460
4460
4459
4459
4459
4458
4458
4457
4457
4457
4456
4455
4455
4470
4455
4454
4454
4454
4453
4453
4453
4453
4453
4453
4453
4451
4451
4450
4450
4449
4463
4449
4448
4446
4446
4444
4444
4443
4442
4442
4441
4441
4441
4441
4440
4440
4440
4440
4439
4439
4439
4438
4438
4438
4437
4437
4436
4436
4436
4436
4436
4435
4435
4435
4434
4434
4433
4433
4432
4432
4432
4432
4432
4432
4458
4430
4430
4429
4429
4430
4428
4428
4447
4428
4428
4427
4427
4427
4427
4426
4426
4426
4426
4425
4425
4425
4425
4424
4424
4423
4423
4422
4421
4421
4421
4421
4420
4420
4419
4419
4419
4418
4418
4418
4418
4417
4416
4437
4415
4414
4414
4414
4413
4412
4412
4411
4411
4411
4411
4410
4410
4410
4409
4409
4409
4409
4409
4408
4408
4411
4407
4407
4406
4406
4406
4406
4424
4405
4405
4404
4404
4403
4403
4403
4402
4402
4402
4400
4400
4399
4399
4398
4398
4398
4397
4397
4397
4397
4397
4396
4395
4394
4394
4394
4393
4393
4392
4412
4391
4391
4391
4391
4390
4390
4390
4390
4390
4389
4400
4389
4389
4389
4388
4388
4388
4387
4387
4387
4385
4385
4384
4384
4405
4383
4382
4381
4381
4381
4381
4381
4381
4380
4380
4380
4380
4380
4379
4379
4379
4377
4376
4376
4376
4375
4375
4373
4372
4372
4371
4371
4370
4369
4369
4369
4369
4368
4386
4387
4367
4367
4366
4366
4366
4365
4365
4365
4365
4365
4364
4364
4362
4362
4361
4361
4361
4360
4360
4359
4359
4359
4366
4358
4357
4357
4356
4355
4355
4355
4354
4361
4353
4353
4353
4352
4352
4352
4351
4351
4351
4351
4350
4350
4350
4350
4349
4348
4347
4347
4347
4347
4347
4346
4345
4345
4345
4344
4344
4344
4344
4344
4343
4342
4342
4342
4342
4342
4341
4341
4341
4341
4341
4341
4340
4340
4340
4340
4340
4340
4339
4339
4338
4338
4337
4337
4336
4336
4336
4335
4335
4335
4334
4334
4333
4333
4333
4333
4332
4332
4332
4332
4332
4331
4330
4329
4329
4329
4328
4328
4328
4328
4327
4326
4326
4326
4343
4325
4325
4325
4324
4324
4323
4323
4323
4322
4322
4322
4352
4320
4320
4320
4320
4319
4319
4319
4319
4319
4318
4317
4317
4317
4317
4317
4317
4316
4316
4316
4316
4315
4315
4315
4315
4315
4314
4314
4314
4314
4314
4312
4312
4312
4311
4311
4311
4311
4310
4310
4310
4310
4310
4309
4309
4309
4309
4308
4308
4308
4307
4306
4306
4306
4306
4305
4305
4305
4305
4305
4304
4304
4304
4304
4304
4303
4303
4303
4303
4302
4301
4301
4301
4300
4299
4298
4298
4312
4297
4297
4297
4296
4295
4295
4295
4294
4294
4293
4292
4292
4292
4292
4292
4291
4291
4290
4290
4290
4290
4289
4289
4289
4289
4290
4288
4288
4288
4287
4287
4287
4287
4286
4286
4285
4285
4285
4284
4283
4283
4281
4281
4280
4280
4280
4278
4278
4277
4277
4277
4276
4276
4276
4276
4275
4275
4274
4273
4272
4272
4288
4271
4270
4270
4270
4270
4270
4269
4267
4266
4266
4265
4265
4265
4265
4264
4264
4263
4263
4278
4262
4261
4261
4261
4261
4261
4260
4260
4259
4258
4256
4255
4255
4255
4254
4254
4254
4253
4253
4252
4251
4251
4251
4250
4250
4249
4249
4249
4248
4248
4248
4248
4247
4247
4247
4247
4246
4246
4246
4246
4245
4245
4245
4244
4244
4243
4243
4243
4242
4242
4242
4242
4241
4240
4240
4240
4240
4264
4239
4239
4238
4238
4238
4238
4237
4237
4237
4237
4237
4236
4243
4236
4235
4234
4233
4233
4233
4232
4231
4231
4230
4230
4230
4228
4228
4227
4224
4224
4223
4222
4222
4221
4221
4221
4221
4221
4220
4220
4220
4220
4219
4219
4217
4217
4217
4217
4216
4216
4216
4216
4215
4227
4215
4215
4214
4214
4214
4214
4213
4213
4213
4212
4211
4211
4211
4210
4210
4209
4209
4209
4209
4208
4207
4207
4207
4207
4207
4206
4206
4205
4205
4205
4204
4204
4204
4203
4203
4203
4202
4202
4201
4201
4201
4200
4200
4200
4199
4199
4199
4199
4198
4198
4198
4197
4197
4197
4197
4196
4196
4196
4196
4208
4195
4195
4195
4194
4194
4194
4193
4193
4192
4192
4191
4191
4191
4190
4190
4190
4190
4189
4189
4189
4188
4188
4187
4187
4187
4187
4186
4186
4185
4185
4184
4184
4183
4183
4195
4182
4182
4182
4181
4180
4179
4179
4178
4177
4176
4176
4176
4174
4174
4174
4173
4173
4173
4172
4172
4172
4172
4171
4171
4171
4171
4171
4171
4170
4170
4170
4170
4169
4168
4168
4168
4168
4168
4167
4167
4167
4166
4166
4166
4165
4164
4163
4163
4162
4162
4162
4162
4162
4162
4162
4162
4162
4161
4161
4161
4161
4160
4160
4160
4159
4159
4159
4159
4159
4159
4158
4158
4158
4157
4157
4157
4156
4156
4156
4156
4156
4155
4155
4154
4154
4154
4154
4154
4157
4153
4153
4153
4151
4151
4151
4151
4150
4150
4149
4149
4149
4148
4148
4148
4148
4148
4147
4147
4146
4145
4145
4144
4143
4142
4141
4141
4141
4139
4139
4138
4138
4137
4137
4137
4136
4134
4134
4134
4134
4133
4133
4133
4133
4160
4132
4132
4132
4147
4131
4130
4130
4129
4129
4129
4129
4129
4129
4128
4128
4128
4127
4127
4127
4126
4126
4125
4123
4123
4123
4123
4123
4122
4122
4122
4121
4121
4121
4121
4120
4120
4120
4119
4119
4119
4119
4118
4118
4118
4118
4118
4118
4118
4118
4117
4126
4116
4116
4116
4116
4115
4115
4115
4115
4114
4114
4113
4113
4113
4113
4113
4112
4112
4112
4112
4112
4112
4111
4111
4110
4110
4110
4109
4109
4109
4109
4108
4108
4108
4107
4107
4107
4107
4092
4106
4105
4104
4104
4104
4104
4104
4103
4103
4102
4102
4102
4102
4102
4102
4102
4102
4101
4101
4101
4101
4100
4100
4100
4099
4098
4098
4097
4097
4096
4096
4096
4096
4096
4094
4094
4094
4094
4094
4093
4093
4093
4093
4091
4091
4091
4091
4090
4090
4089
4089
4089
4088
4088
4088
4088
4088
4087
4087
4087
4086
4086
4086
4086
4086
4085
4085
4085
4085
4085
4084
4084
4083
4083
4083
4090
4083
4082
4084
4082
4082
4081
4081
4080
4080
4080
4079
4079
4078
4077
4077
4077
4076
4076
4076
4074
4074
4074
4073
4072
4072
4072
4072
4072
4072
4071
4071
4070
4070
4070
4069
4069
4068
4067
4067
4067
4067
4067
4066
4066
4066
4066
4066
4065
4065
4064
4064
4064
4063
4080
4063
4062
4062
4088
4062
4062
4061
4061
4060
4060
4060
4060
4060
4060
4059
4059
4059
4058
4058
4057
4056
4055
4054
4054
4054
4053
4053
4053
4052
4052
4051
4050
4050
4050
4049
4049
4049
4049
4049
4049
4048
4048
4048
4048
4048
4046
4046
4046
4046
4045
4045
4045
4045
4045
4045
4044
4044
4044
4044
4055
4042
4042
4042
4042
4041
4041
4041
4041
4040
4040
4040
4063
4040
4040
4040
4039
4039
4048
4038
4038
4037
4037
4037
4049
4036
4036
4036
4036
4036
4035
4034
4033
4033
4056
4032
4032
4032
4032
4032
4031
4029
4029
4029
4028
4028
4028
4027
4027
4026
4026
4025
4024
4024
4023
4023
4022
4022
4022
4021
4021
4021
4021
4021
4021
4020
4019
4019
4019
4019
4038
4018
4017
4017
4017
4017
4016
4016
4015
4015
4015
4015
4014
4014
4014
4013
4013
4013
4013
4012
4012
4012
4011
4011
4011
4011
4010
4010
4010
4010
4009
4009
4008
4008
4008
4007
4007
4007
4006
4006
4005
4004
4004
4004
4004
4004
4003
4003
4002
4002
4002
4001
4001
4000
4000
4000
4000
3999
3999
3999
3999
3998
4004
3997
3997
3997
3997
3996
3996
3995
3995
3995
3994
3994
3993
3993
3992
3992
3992
3991
3991
3990
3990
3990
3989
3988
3988
3987
3987
3986
3985
3985
3985
3985
3985
3984
3984
3984
3984
3983
3982
3982
3982
3981
3981
3981
3981
3981
3981
3980
3980
3978
3977
3977
3977
3976
3976
3976
3975
3975
3988
3974
3974
3974
3974
3974
3974
3973
3972
3972
3972
3972
3971
3971
3971
3970
3969
3969
3969
3969
3968
3968
3980
3968
3968
3967
3967
3967
3967
3966
3965
3965
3965
3965
3965
3964
3964
3964
3963
3970
3963
3981
3963
3963
3961
3961
3961
3960
3973
3960
3960
3960
3960
3959
3959
3959
3958
3958
3956
3956
3956
3955
3955
3954
3954
3954
3954
3969
3953
3952
3952
3951
3951
3952
3950
3975
3949
3948
3948
3947
3947
3947
3947
3947
3946
3946
3946
3945
3945
3960
3945
3945
3945
3945
3945
3945
3945
3944
3944
3944
3943
3942
3942
3942
3942
3941
3940
3940
3939
3939
3939
3938
3938
3938
3937
3937
3937
3937
3936
3936
3936
3936
3935
3935
3935
3935
3935
3934
3934
3934
3934
3934
3934
3933
3933
3932
3932
3931
3931
3931
3931
3931
3931
3931
3931
3930
3930
3930
3930
3929
3929
3928
3927
3927
3926
3926
3942
3926
3926
3926
3925
3925
3925
3925
3925
3940
3924
3924
3924
3923
3921
3921
3921
3921
3921
3921
3920
3920
3919
3919
3919
3919
3919
3919
3919
3918
3918
3917
3917
3917
3917
3917
3917
3916
3916
3916
3916
3915
3915
3915
3915
3915
3914
3914
3914
3913
3913
3913
3913
3913
3912
3912
3911
3911
3911
3910
3909
3909
3908
3907
3907
3907
3907
3907
3907
3907
3906
3906
3906
3906
3906
3906
3906
3905
3905
3930
3905
3905
3905
3903
3903
3902
3906
3902
3913
3902
3901
3901
3901
3901
3901
3901
3900
3900
3900
3899
3899
3904
3899
3899
3899
3899
3898
3897
3897
3897
3897
3897
3897
3896
3896
3896
3896
3896
3895
3895
3894
3894
3894
3893
3893
3893
3893
3893
3892
3891
3890
3890
3890
3889
3889
3889
3889
3889
3888
3888
3887
3910
3886
3886
3886
3885
3885
3885
3885
3884
3899
3883
3883
3882
3882
3882
3882
3882
3882
3882
3881
3881
3881
3881
3880
3879
3879
3879
3878
3878
3877
3877
3877
3876
3876
3876
3876
3876
3876
3876
3875
3875
3875
3874
3873
3873
3873
3873
3873
3873
3872
3872
3872
3871
3871
3871
3871
3871
3870
3870
3870
3869
3868
3868
3868
3868
3867
3867
3867
3867
3867
3867
3866
3866
3866
3866
3865
3865
3865
3865
3865
3864
3864
3864
3863
3863
3863
3862
3862
3862
3862
3862
3861
3860
3859
3859
3859
3859
3858
3858
3858
3858
3857
3857
3856
3856
3856
3856
3856
3856
3856
3855
3855
3854
3854
3854
3853
3853
3853
3852
3852
3852
3859
3852
3851
3851
3851
3851
3850
3850
3850
3849
3849
3849
3849
3848
3848
3850
3847
3847
3847
3847
3847
3847
3846
3845
3845
3844
3844
3843
3843
3853
3843
3842
3842
3845
3841
3841
3841
3841
3840
3840
3840
3840
3839
3839
3839
3839
3838
3838
3838
3838
3838
3838
3837
3837
3837
3836
3835
3835
3835
3835
3834
3834
3834
3834
3851
3833
3833
3832
3832
3832
3832
3832
3831
3831
3831
3831
3830
3830
3830
3830
3830
3829
3848
3829
3828
3828
3828
3828
3827
3825
3825
3825
3825
3825
3825
3824
3824
3823
3823
3823
3823
3823
3822
3822
3822
3822
3821
3821
3821
3820
3820
3820
3820
3820
3819
3819
3819
3819
3819
3819
3818
3818
3818
3818
3818
3817
3817
3817
3817
3817
3816
3815
3815
3814
3814
3816
3813
3813
3813
3812
3812
3812
3811
3816
3811
3811
3811
3811
3811
3811
3811
3810
3810
3810
3810
3810
3809
3809
3809
3809
3808
3827
3807
3807
3807
3807
3827
3807
3806
3806
3806
3806
3805
3805
3805
3805
3805
3804
3804
3803
3803
3818
3803
3803
3803
3803
3802
3802
3802
3802
3801
3800
3800
3799
3798
3798
3798
3798
3798
3797
3796
3796
3796
3796
3795
3799
3795
3795
3795
3795
3795
3794
3794
3793
3792
3792
3792
3792
3792
3792
3791
3791
3791
3791
3790
3790
3790
3790
3790
3790
3789
3789
3789
3789
3788
3788
3788
3787
3787
3787
3786
3786
3786
3786
3786
3786
3784
3784
3783
3783
3792
3783
3783
3781
3781
3781
3781
3781
3780
3780
3779
3779
3779
3778
3805
3778
3778
3777
3777
3776
3801
3795
3776
3776
3776
3776
3776
3776
3776
3776
3775
3775
3774
3773
3773
3773
3773
3773
3773
3773
3773
3772
3772
3772
3772
3772
3772
3771
3771
3771
3771
3771
3770
3769
3769
3769
3769
3768
3768
3767
3767
3766
3766
3766
3766
3766
3766
3765
3765
3765
3765
3765
3764
3764
3764
3763
3763
3763
3763
3763
3763
3763
3762
3762
3761
3761
3761
3761
3761
3761
3761
3760
3760
3760
3760
3760
3760
3759
3779
3768
3758
3758
3758
3758
3758
3757
3757
3757
3757
3757
3757
3757
3756
3756
3756
3756
3755
3755
3755
3794
3754
3752
3752
3752
3752
3751
3750
3749
3749
3749
3749
3749
3748
3748
3747
3747
3747
3747
3746
3746
3746
3745
3745
3744
3744
3744
3744
3743
3743
3753
3742
3742
3742
3742
3742
3742
3742
3742
3741
3741
3741
3740
3739
3739
3739
3746
3739
3739
3738
3737
3737
3737
3736
3736
3736
3736
3735
3735
3735
3735
3734
3734
3734
3733
3733
3733
3733
3732
3732
3732
3732
3732
3732
3732
3732
3732
3731
3730
3730
3730
3729
3729
3729
3729
3729
3728
3728
3728
3728
3727
3727
3727
3726
3726
3726
3726
3725
3725
3725
3725
3725
3725
3725
3741
3725
3725
3725
3724
3724
3723
3723
3723
3723
3723
3722
3722
3721
3721
3721
3721
3720
3720
3719
3719
3719
3719
3719
3718
3718
3718
3717
3717
3717
3742
3717
3717
3717
3717
3716
3716
3715
3715
3715
3714
3714
3713
3713
3712
3712
3712
3712
3712
3717
3711
3710
3710
3710
3710
3710
3710
3709
3709
3709
3709
3709
3708
3708
3707
3707
3707
3706
3706
3717
3706
3706
3706
3706
3705
3704
3704
3704
3704
3702
3702
3702
3702
3702
3702
3701
3701
3701
3701
3700
3700
3700
3700
3699
3699
3698
3698
3698
3697
3697
3697
3697
3696
3696
3695
3695
3695
3695
3695
3694
3694
3693
3692
3691
3691
3691
3691
3691
3691
3691
3690
3690
3689
3689
3689
3689
3689
3688
3688
3687
3687
3687
3687
3687
3687
3686
3686
3686
3686
3686
3685
3685
3684
3684
3684
3684
3684
3684
3707
3683
3683
3683
3683
3683
3682
3682
3682
3682
3682
3681
3681
3681
3681
3680
3680
3680
3679
3679
3679
3679
3679
3678
3678
3678
3677
3677
3676
3676
3676
3675
3675
3675
3675
3674
3674
3674
3674
3674
3673
3673
3673
3673
3672
3672
3672
3672
3672
3672
3671
3671
3671
3671
3671
3679
3671
3669
3668
3668
3668
3667
3667
3667
3667
3666
3666
3666
3665
3665
3664
3664
3664
3664
3663
3662
3662
3662
3662
3662
3661
3661
3661
3661
3660
3660
3660
3659
3659
3659
3659
3659
3667
3659
3659
3658
3658
3658
3658
3657
3657
3657
3657
3656
3656
3655
3655
3655
3655
3655
3655
3654
3654
3653
3653
3653
3653
3653
3653
3653
3652
3652
3652
3652
3652
3652
3651
3651
3651
3651
3651
3651
3651
3651
3650
3649
3649
3649
3649
3648
3648
3648
3648
3647
3647
3647
3647
3647
3647
3646
3646
3646
3646
3646
3646
3645
3645
3645
3644
3644
3644
3644
3644
3644
3644
3643
3643
3643
3643
3642
3642
3642
3642
3640
3640
3640
3640
3640
3640
3640
3640
3639
3639
3639
3639
3639
3639
3638
3638
3638
3637
3637
3637
3636
3636
3636
3635
3635
3635
3635
3635
3635
3635
3635
3634
3634
3634
3670
3634
3633
3633
3633
3633
3633
3633
3633
3633
3632
3632
3632
3631
3631
3631
3630
3630
3630
3630
3629
3629
3629
3629
3629
3628
3628
3628
3628
3627
3627
3627
3638
3627
3627
3626
3626
3625
3625
3624
3624
3624
3624
3624
3623
3623
3623
3623
3623
3622
3622
3622
3622
3622
3622
3621
3621
3621
3621
3621
3621
3621
3620
3620
3620
3620
3619
3619
3618
3618
3618
3618
3618
3617
3617
3616
3616
3616
3616
3615
3615
3614
3614
3614
3614
3613
3612
3612
3612
3612
3612
3612
3612
3620
3611
3611
3611
3611
3610
3610
3610
3610
3609
3609
3609
3609
3608
3608
3608
3608
3608
3608
3607
3607
3607
3607
3607
3606
3606
3623
3606
3606
3606
3606
3606
3606
3605
3626
3605
3605
3604
3604
3604
3604
3604
3603
3603
3603
3603
3606
3602
3602
3602
3604
3602
3602
3602
3602
3601
3601
3601
3601
3601
3600
3600
3599
3599
3599
3599
3598
3598
3598
3598
3597
3597
3597
3596
3596
3596
3595
3594
3594
3594
3594
3594
3594
3594
3593
3593
3593
3592
3592
3592
3591
3591
3591
3591
3591
3591
3590
3590
3589
3589
3589
3589
3589
3589
3589
3589
3588
3587
3587
3587
3586
3586
3586
3586
3586
3586
3588
3585
3585
3585
3585
3585
3584
3584
3584
3584
3584
3584
3583
3583
3582
3582
3598
3581
3581
3581
3581
3581
3581
3581
3580
3580
3580
3580
3580
3579
3579
3579
3578
3577
3577
3577
3576
3576
3575
3575
3575
3575
3575
3575
3574
3574
3582
3574
3574
3574
3574
3574
3574
3574
3573
3572
3572
3572
3572
3572
3571
3571
3571
3571
3571
3570
3570
3570
3570
3570
3569
3569
3569
3569
3568
3568
3568
3567
3567
3567
3567
3567
3567
3566
3566
3566
3566
3566
3566
3566
3566
3565
3565
3565
3565
3565
3564
3564
3564
3564
3564
3563
3563
3562
3562
3562
3587
3562
3584
3561
3561
3561
3561
3561
3560
3560
3560
3559
3559
3559
3559
3559
3559
3559
3558
3558
3558
3558
3558
3557
3557
3557
3557
3557
3556
3556
3556
3556
3556
3556
3556
3556
3555
3554
3553
3553
3553
3552
3552
3552
3552
3552
3575
3551
3551
3551
3551
3551
3551
3551
3551
3569
3550
3550
3550
3550
3549
3549
3549
3548
3548
3548
3548
3548
3548
3547
3547
3547
3547
3547
3547
3546
3546
3545
3545
3545
3545
3545
3545
3545
3544
3544
3544
3544
3543
3543
3542
3542
3542
3542
3542
3541
3554
3540
3540
3540
3539
3538
3538
3538
3537
3537
3537
3537
3536
3536
3536
3536
3535
3535
3535
3534
3534
3534
3534
3534
3534
3532
3532
3534
3531
3530
3530
3530
3529
3529
3529
3529
3529
3561
3528
3528
3528
3528
3528
3527
3527
3527
3527
3527
3527
3527
3526
3526
3525
3525
3525
3524
3524
3524
3523
3523
3523
3522
3522
3522
3522
3522
3522
3521
3521
3521
3521
3530
3520
3531
3519
3519
3519
3519
3519
3519
3518
3518
3518
3517
3517
3517
3517
3517
3517
3517
3516
3516
3516
3515
3515
3515
3515
3515
3514
3514
3514
3514
3513
3513
3513
3513
3513
3512
3512
3512
3512
3511
3511
3511
3511
3511
3510
3510
3510
3510
3510
3509
3509
3509
3508
3508
3508
3508
3508
3508
3507
3507
3506
3505
3505
3505
3505
3504
3504
3503
3503
3502
3501
3501
3527
3500
3500
3499
3499
3499
3499
3499
3498
3498
3497
3497
3496
3496
3496
3496
3496
3496
3496
3497
3495
3494
3494
3494
3494
3493
3493
3493
3493
3493
3492
3492
3491
3491
3491
3518
3490
3490
3490
3490
3490
3502
3489
3489
3489
3488
3488
3488
3488
3488
3487
3487
3487
3487
3487
3485
3485
3485
3485
3485
3489
3484
3484
3484
3484
3484
3483
3483
3482
3482
3482
3482
3482
3481
3481
3481
3480
3480
3496
3479
3479
3479
3479
3478
3478
3478
3478
3478
3477
3477
3476
3476
3476
3476
3475
3475
3475
3475
3474
3474
3474
3490
3473
3473
3473
3473
3472
3472
3471
3471
3471
3471
3471
3471
3471
3470
3470
3470
3470
3469
3469
3469
3468
3468
3468
3467
3467
3467
3467
3467
3467
3466
3465
3465
3465
3465
3465
3465
3464
3464
3464
3464
3464
3464
3500
3463
3463
3463
3463
3463
3463
3463
3462
3462
3461
3461
3460
3460
3460
3460
3460
3459
3459
3459
3458
3458
3458
3458
3457
3457
3456
3456
3456
3456
3456
3455
3455
3454
3454
3454
3454
3454
3452
3452
3452
3452
3451
3451
3451
3451
3451
3450
3450
3450
3450
3450
3450
3450
3449
3449
3458
3449
3449
3448
3448
3457
3448
3447
3447
3447
3446
3446
3446
3446
3445
3445
3444
3444
3444
3444
3443
3443
3442
3442
3442
3442
3442
3441
3441
3441
3441
3440
3440
3440
3440
3440
3440
3440
3438
3438
3438
3437
3437
3437
3437
3437
3437
3436
3436
3436
3436
3436
3436
3436
3436
3436
3436
3436
3435
3435
3435
3435
3435
3434
3434
3434
3434
3434
3434
3434
3433
3433
3433
3432
3432
3431
3445
3431
3431
3431
3431
3431
3430
3430
3430
3430
3430
3430
3429
3429
3429
3429
3428
3428
3428
3428
3428
3427
3427
3427
3426
3448
3426
3426
3426
3425
3425
3425
3425
3425
3425
3424
3424
3424
3424
3424
3424
3424
3424
3424
3423
3423
3423
3423
3423
3423
3423
3423
3447
3423
3422
3422
3422
3422
3422
3437
3421
3421
3420
3420
3420
3420
3420
3420
3419
3419
3419
3419
3419
3419
3419
3419
3418
3417
3417
3417
3417
3417
3416
3416
3416
3416
3415
3415
3415
3415
3414
3414
3414
3414
3414
3414
3413
3413
3413
3413
3413
3413
3413
3412
3412
3412
3412
3412
3412
3412
3411
3411
3410
3410
3410
3410
3410
3410
3409
3409
3409
3409
3409
3409
3409
3409
3409
3408
3408
3408
3407
3407
3407
3407
3407
3407
3406
3406
3406
3406
3406
3406
3405
3405
3405
3404
3404
3404
3404
3404
3404
3403
3403
3403
3403
3403
3403
3403
3403
3403
3424
3402
3402
3402
3402
3401
3419
3401
3401
3400
3400
3400
3400
3400
3400
3399
3399
3399
3398
3398
3398
3398
3398
3398
3398
3397
3397
3397
3397
3397
3397
3396
3396
3396
3417
3395
3395
3395
3395
3394
3394
3394
3394
3394
3394
3393
3393
3393
3393
3392
3392
3392
3392
3391
3391
3391
3391
3391
3391
3390
3390
3389
3389
3389
3389
3388
3388
3387
3386
3386
3386
3385
3385
3385
3384
3384
3384
3383
3383
3383
3383
3382
3382
3382
3382
3382
3382
3381
3381
3381
3381
3380
3380
3380
3380
3380
3379
3379
3379
3379
3379
3378
3378
3378
3394
3377
3377
3377
3377
3377
3377
3377
3376
3376
3376
3375
3379
3375
3375
3375
3375
3375
3374
3374
3374
3374
3374
3374
3373
3373
3373
3373
3373
3373
3373
3373
3372
3393
3372
3372
3371
3371
3371
3370
3370
3370
3370
3370
3369
3369
3369
3369
3369
3368
3368
3368
3368
3375
3367
3367
3367
3366
3366
3366
3366
3366
3366
3365
3365
3365
3365
3365
3365
3364
3364
3364
3364
3363
3253
3362
3361
3361
3361
3361
3361
3360
3360
3360
3360
3360
3359
3359
3359
3359
3359
3359
3358
3358
3357
3357
3357
3357
3357
3356
3356
3356
3356
3356
3355
3355
3355
3355
3355
3355
3355
3354
3354
3368
3354
3354
3354
3354
3354
3354
3353
3353
3353
3353
3352
3352
3352
3352
3352
3352
3365
3351
3356
3351
3351
3351
3351
3351
3351
3351
3351
3350
3350
3350
3350
3349
3349
3349
3349
3349
3349
3349
3348
3348
3348
3348
3362
3347
3347
3347
3347
3346
3346
3346
3346
3346
3347
3345
3345
3345
3345
3344
3344
3344
3343
3343
3341
3341
3341
3341
3341
3340
3340
3339
3339
3339
3339
3339
3339
3338
3338
3338
3338
3338
3338
3346
3337
3337
3337
3337
3336
3336
3336
3336
3336
3336
3336
3336
3336
3335
3335
3335
3335
3335
3334
3334
3334
3333
3333
3333
3351
3332
3331
3331
3331
3331
3331
3330
3330
3330
3329
3329
3329
3348
3329
3329
3328
3348
3328
3328
3328
3328
3327
3327
3327
3351
3327
3327
3327
3327
3326
3326
3326
3325
3325
3324
3324
3324
3324
3324
3324
3324
3324
3324
3324
3324
3323
3323
3323
3323
3323
3323
3322
3322
3322
3335
3322
3322
3322
3330
3321
3321
3321
3321
3321
3321
3321
3320
3320
3334
3320
3320
3320
3333
3319
3319
3319
3319
3318
3318
3318
3318
3317
3317
3316
3316
3316
3316
3316
3316
3316
3316
3316
3316
3315
3315
3315
3315
3314
3314
3314
3314
3314
3313
3313
3313
3313
3313
3312
3312
3312
3312
3312
3311
3310
3310
3310
3310
3309
3309
3308
3344
3308
3308
3308
3308
3308
3308
3308
3307
3307
3307
3327
3306
3306
3306
3306
3305
3305
3305
3324
3304
3304
3304
3315
3319
3304
3304
3303
3303
3303
3303
3303
3303
3303
3302
3302
3302
3302
3302
3302
3302
3302
3302
3302
3301
3301
3301
3300
3300
3300
3300
3300
3300
3299
3299
3299
3299
3299
3298
3298
3298
3298
3298
3297
3297
3297
3297
3297
3297
3296
3325
3296
3296
3296
3296
3296
3311
3295
3295
3308
3294
3294
3294
3293
3293
3293
3292
3315
3292
3292
3292
3292
3292
3292
3292
3291
3291
3291
3291
3311
3291
3291
3290
3290
3290
3290
3289
3289
3289
3289
3289
3288
3288
3288
3288
3287
3287
3287
3287
3287
3287
3286
3286
3297
3286
3286
3286
3286
3285
3285
3285
3285
3284
3284
3284
3283
3283
3283
3283
3283
3283
3282
3282
3282
3281
3281
3280
3280
3280
3279
3279
3279
3278
3278
3278
3278
3278
3278
3278
3277
3277
3277
3277
3277
3277
3277
3277
3299
3276
3276
3276
3275
3275
3274
3274
3274
3274
3274
3274
3274
3273
3273
3273
3272
3272
3272
3272
3271
3271
3271
3271
3271
3271
3271
3270
3270
3270
3270
3270
3270
3270
3269
3269
3269
3269
3269
3269
3269
3268
3268
3268
3268
3268
3267
3267
3267
3267
3267
3267
3266
3266
3266
3266
3265
3265
3265
3265
3265
3265
3265
3264
3264
3264
3264
3264
3263
3263
3263
3263
3263
3262
3262
3262
3262
3261
3261
3261
3261
3261
3261
3261
3261
3261
3261
3260
3260
3260
3260
3260
3260
3259
3259
3259
3259
3259
3258
3258
3258
3258
3257
3257
3257
3257
3257
3257
3257
3257
3256
3256
3256
3256
3256
3255
3255
3255
3254
3254
3254
3254
3253
3253
3253
3253
3253
3253
3253
3253
3252
3252
3252
3252
3252
3252
3251
3251
3251
3251
3250
3250
3250
3250
3250
3249
3249
3249
3249
3249
3249
3249
3248
3248
3248
3247
3247
3247
3246
3246
3246
3246
3245
3245
3244
3244
3244
3243
3243
3243
3243
3243
3242
3242
3242
3242
3242
3242
3242
3242
3241
3241
3241
3241
3241
3241
3241
3240
3240
3240
3240
3240
3255
3239
3239
3239
3238
3238
3238
3238
3238
3237
3237
3237
3237
3237
3237
3237
3237
3236
3257
3236
3236
3235
3235
3234
3234
3233
3233
3233
3233
3232
3232
3232
3232
3232
3232
3232
3231
3231
3230
3230
3230
3230
3230
3229
3229
3229
3232
3227
3227
3227
3227
3227
3226
3226
3227
3226
3226
3226
3226
3225
3225
3225
3225
3225
3225
3224
3224
3224
3224
3224
3224
3223
3223
3222
3222
3222
3222
3222
3222
3221
3221
3221
3221
3221
3221
3221
3221
3221
3221
3220
3220
3220
3220
3220
3220
3220
3219
3219
3219
3219
3219
3219
3219
3219
3219
3219
3217
3217
3217
3217
3217
3217
3217
3217
3217
3217
3216
3216
3216
3216
3215
3215
3215
3215
3215
3255
3214
3214
3214
3214
3213
3213
3212
3212
3212
3212
3212
3212
3212
3212
3212
3212
3211
3211
3211
3214
3211
3211
3211
3210
3210
3210
3210
3210
3210
3210
3210
3209
3209
3209
3209
3209
3208
3208
3208
3208
3208
3208
3207
3207
3207
3207
3206
3206
3206
3206
3206
3206
3206
3205
3205
3205
3205
3205
3204
3204
3204
3204
3204
3204
3204
3204
3203
3203
3203
3203
3203
3203
3203
3203
3202
3202
3202
3202
3202
3202
3202
3202
3201
3201
3201
3201
3200
3200
3200
3199
3199
3199
3199
3199
3198
3198
3198
3198
3198
3198
3198
3198
3197
3197
3197
3197
3197
3197
3197
3197
3196
3196
3196
3196
3195
3195
3195
3195
3195
3195
3194
3194
3194
3194
3194
3194
3194
3194
3193
3193
3193
3192
3192
3192
3192
3192
3192
3192
3191
3191
3191
3191
3191
3191
3190
3190
3190
3190
3190
3190
3190
3189
3189
3189
3189
3188
3188
3188
3187
3187
3187
3187
3187
3186
3186
3186
3186
3186
3186
3185
3185
3185
3185
3185
3185
3184
3184
3184
3184
3184
3184
3184
3183
3183
3183
3183
3183
3182
3182
3182
3182
3181
3181
3181
3181
3181
3180
3180
3180
3180
3179
3179
3179
3178
3178
3178
3178
3178
3178
3177
3192
3176
3176
3176
3176
3176
3176
3176
3176
3176
3175
3175
3175
3175
3175
3175
3175
3175
3174
3174
3174
3174
3174
3174
3174
3173
3173
3173
3173
3173
3172
3172
3172
3172
3171
3171
3171
3171
3171
3170
3170
3170
3170
3170
3170
3170
3170
3169
3169
3169
3169
3169
3169
3169
3169
3169
3168
3168
3168
3167
3167
3167
3167
3167
3167
3166
3166
3165
3165
3165
3165
3165
3164
3164
3164
3164
3164
3163
3163
3163
3163
3163
3163
3163
3163
3163
3180
3161
3161
3161
3161
3161
3160
3160
3160
3160
3160
3160
3160
3160
3159
3159
3159
3158
3158
3158
3158
3158
3158
3158
3158
3158
3157
3157
3156
3155
3155
3155
3155
3154
3159
3154
3154
3163
3154
3154
3154
3154
3154
3154
3154
3153
3153
3153
3153
3152
3152
3152
3152
3151
3151
3151
3151
3151
3151
3150
3150
3150
3150
3150
3150
3149
3149
3149
3149
3149
3148
3148
3148
3148
3148
3147
3147
3147
3146
3146
3146
3146
3146
3145
3145
3145
3144
3144
3144
3144
3144
3143
3143
3143
3143
3142
3142
3142
3142
3142
3142
3142
3142
3141
3141
3141
3141
3141
3141
3140
3140
3140
3140
3140
3140
3140
3140
3140
3140
3139
3139
3138
3138
3138
3137
3137
3137
3137
3137
3137
3137
3137
3137
3136
3136
3136
3136
3136
3136
3136
3136
3136
3135
3135
3135
3135
3134
3134
3134
3134
3134
3134
3134
3134
3134
3133
3133
3132
3132
3132
3132
3132
3131
3131
3131
3131
3131
3131
3132
3130
3129
3129
3129
3129
3129
3129
3128
3128
3128
3128
3128
3128
3128
3127
3127
3127
3127
3127
3126
3126
3126
3126
3126
3126
3126
3126
3126
3125
3127
3125
3124
3143
3124
3124
3124
3143
3124
3124
3124
3124
3123
3123
3123
3123
3123
3123
3123
3122
3122
3122
3122
3122
3122
3122
3122
3121
3166
3121
3121
3121
3142
3120
3120
3120
3120
3120
3119
3119
3119
3119
3118
3118
3118
3118
3118
3117
3117
3117
3117
3117
3116
3116
3116
3116
3119
3116
3116
3115
3115
3150
3115
3115
3114
3114
3114
3114
3114
3114
3114
3114
3114
3113
3113
3113
3113
3113
3113
3126
3112
3112
3112
3112
3112
3112
3112
3112
3112
3112
3111
3111
3111
3111
3111
3111
3127
3110
3110
3110
3110
3110
3110
3109
3109
3109
3109
3109
3109
3108
3108
3108
3108
3108
3107
3107
3107
3107
3107
3107
3107
3106
3106
3106
3106
3106
3106
3106
3105
3105
3105
3105
3105
3104
3104
3105
3104
3104
3104
3104
3103
3103
3103
3103
3102
3102
3102
3102
3101
3101
3101
3101
3101
3109
3100
3100
3099
3099
3099
3129
3099
3099
3099
3099
3099
3098
3098
3098
3097
3097
3097
3097
3096
3096
3096
3096
3096
3096
3096
3095
3095
3095
3111
3094
3094
3094
3094
3093
3093
3093
3093
3093
3093
3102
3093
3093
3105
3092
3092
3092
3092
3092
3092
3092
3091
3093
3090
3090
3090
3090
3090
3101
3089
3089
3089
3089
3089
3088
3088
3088
3088
3088
3097
3087
3087
3087
3087
3087
3087
3087
3086
3086
3086
3086
3086
3085
3084
3084
3084
3084
3084
3083
3083
3083
3083
3083
3082
3082
3082
3082
3081
3081
3081
3080
3080
3080
3080
3080
3080
3079
3079
3079
3079
3079
3078
3078
3078
3078
3078
3077
3077
3077
3085
3077
3077
3077
3077
3076
3076
3076
3075
3075
3075
3075
3075
3075
3074
3074
3086
3073
3073
3073
3072
3088
3072
3072
3072
3072
3072
3072
3072
3071
3071
3071
3071
3070
3070
3070
3069
3069
3069
3069
3069
3069
3068
3068
3068
3068
3068
3068
3067
3067
3066
3066
3066
3066
3066
3066
3065
3065
3065
3065
3065
3065
3065
3064
3064
3063
3063
3063
3063
3062
3062
3062
3062
3062
3061
3061
3061
3061
3061
3061
3061
3061
3061
3061
3060
3060
3060
3060
3060
3060
3060
3059
3059
3059
3058
3058
3058
3058
3058
3058
3057
3057
3057
3057
3056
3056
3056
3056
3056
3056
3056
3055
3055
3055
3055
3055
3054
3054
3054
3054
3054
3053
3053
3053
3053
3052
3052
3052
3052
3052
3052
3051
3051
3051
3051
3051
3051
3050
3050
3050
3049
3049
3049
3049
3049
3049
3048
3048
3048
3048
3048
3047
3047
3047
3047
3047
3046
3051
3046
3046
3046
3046
3046
3046
3046
3045
3045
3044
3044
3044
3044
3044
3044
3044
3043
3043
3043
3042
3042
3041
3041
3041
3041
3041
3041
3041
3047
3040
3040
3040
3040
3040
3040
3039
3038
3038
3038
3038
3038
3038
3037
3037
3037
3037
3037
3037
3037
3036
3036
3036
3036
3035
3035
3035
3035
3035
3035
3034
3034
3034
3034
3034
3033
3033
3033
3033
3033
3033
3044
3032
3032
3032
3032
3032
3031
3031
3031
3031
3030
3030
3030
3030
3030
3030
3029
3029
3029
3029
3029
3028
3028
3028
3027
3027
3027
3027
3027
3027
3027
3027
3026
3026
3026
3026
3025
3025
3025
3024
3024
3024
3024
3024
3024
3024
3024
3023
3023
3023
3023
3023
3022
3038
3022
3022
3022
3022
3021
3021
3021
3021
3021
3021
3021
3021
3020
3020
3020
3020
3020
3019
3019
3019
3019
3019
3019
3018
3018
3018
3018
3017
3017
3017
3017
3017
3016
3016
3016
3030
3016
3016
3016
3015
3015
3015
3015
3014
3014
3014
3014
3014
3013
3013
3013
3013
3013
3013
3013
3013
3012
3012
3012
3012
3012
3012
3012
3011
3011
3011
3011
3010
3010
3010
3010
3010
3009
3009
3009
3009
3009
3018
3008
3008
3008
3008
3008
3008
3008
3007
3007
3007
3007
3007
3007
3006
3006
3006
3006
3006
3005
3005
3005
3005
3005
3004
3004
3004
3004
3004
3004
3004
3003
3003
3003
3003
3002
3002
3002
3002
3002
3002
3001
3001
3001
3000
3000
3000
3000
3000
3000
3013
3005
3007
3001
