913173
499658
467786
464300
380891
368065
324927
269325
252167
241991
164978
155894
153161
147096
141710
125330
122574
118123
111888
109234
108645
107779
104394
101318
100314
100038
95530
95273
94937
92603
90896
88231
87587
86291
85271
84268
83565
83241
81225
78013
76750
73952
73686
73496
73098
72108
70573
70430
69475
68959
68265
67365
66793
66388
65944
65542
65400
63888
63161
62232
60949
60649
57749
57471
57382
57197
57049
56534
56521
55674
54700
53898
53861
53143
53123
52704
52388
52225
52109
50630
50484
50438
50327
49912
49737
49716
49467
49332
46933
46895
46764
46231
45689
45363
45314
44945
44916
44617
44426
44302
44075
43113
42995
42889
42831
42625
42447
42308
42067
41659
41536
41327
40737
40601
40423
40161
40060
39880
39595
39099
38852
38597
38514
38511
38389
37818
37587
37399
37265
37192
36878
36782
36571
36257
36231
36138
36111
36056
36052
36040
36018
35456
35326
35319
35292
35237
35190
35176
34875
34766
34520
34030
33987
33910
33511
33189
33123
33085
32969
32636
32538
32380
32353
32221
32160
31843
31739
31722
31650
31626
31541
31487
31452
31355
31318
31157
31015
30614
30585
30573
30518
30452
30396
30315
30233
30207
30183
30132
30061
30053
30043
29921
29632
29542
29520
29484
29421
29412
28917
28885
28845
28775
28733
28695
28505
28093
27836
27787
27649
27610
27600
27570
27479
27467
27457
27326
27147
27104
27088
27084
26997
26814
26801
26750
26700
26670
26542
26519
26517
26499
26244
26178
26152
26133
26047
25994
25932
25898
25873
25797
25747
25716
25675
25674
25618
25561
25402
25316
25267
25250
25212
25211
25175
25141
24977
24963
24956
24753
24554
24489
24488
24478
24451
24423
24200
24106
24062
23986
23941
23886
23849
23822
23775
23760
23757
23686
23680
23557
23528
23506
23486
23469
23464
23461
23422
23368
23336
23323
23308
23248
23148
23000
22901
22893
22669
22658
22648
22639
22608
22582
22543
22521
22486
22409
22376
22374
22351
22273
22191
22155
22097
22082
22029
22028
22024
22020
21875
21867
21862
21848
21603
21537
21467
21368
21272
21217
21211
21180
21092
21006
20998
20949
20948
20900
20693
20689
20656
20653
20602
20510
20482
20450
20438
20431
20423
20385
20381
20372
20360
20348
20348
20290
20176
20062
20034
19985
19972
19934
19903
19844
19834
19826
19720
19694
19655
19621
19577
19515
19410
19401
19386
19332
19329
19233
19201
19194
19074
18890
18807
18722
18714
18704
18667
18618
18575
18542
18499
18497
18420
18393
18385
18372
18367
18363
18318
18300
18290
18289
18248
18242
18223
18205
18187
18165
18143
18117
18108
18099
18094
18092
18091
18064
18043
18037
18005
17983
17893
17881
17877
17843
17809
17800
17799
17723
17678
17664
17643
17640
17558
17529
17515
17410
17388
17350
17318
17281
17220
17198
17198
17190
17159
17139
17126
17116
17112
17109
17105
17100
17042
17016
16999
16870
16814
16781
16758
16722
16719
16673
16663
16635
16598
16575
16567
16556
16533
16440
16384
16382
16373
16342
16336
16319
16262
16252
16244
16236
16205
16204
16185
16143
16017
15995
15976
15924
15840
15781
15773
15747
15744
15727
15721
15686
15592
15572
15564
15545
15522
15494
15488
15482
15480
15463
15431
15380
15377
15369
15327
15317
15242
15226
15224
15196
15277
15185
15185
15182
15129
15124
15115
15103
15070
15068
15067
15037
15032
14991
14986
14971
14963
14956
14941
14930
14928
14925
14910
14910
14894
14892
14884
14874
14842
14838
14813
14804
14799
14794
14788
14769
14755
14709
14673
14663
14629
14618
14612
14587
14587
14562
14551
14540
14535
14507
14489
14479
14454
14414
14331
14306
14292
14262
14259
14227
14200
14198
14169
14162
14153
14148
14124
14112
14057
14047
14033
14021
14020
14011
13998
13996
13984
13969
13965
13920
13909
13896
13894
13890
13885
13884
13883
13864
13855
13849
13840
13808
13791
13776
13768
13745
13743
13698
13698
13687
13672
13663
13661
13651
13650
13650
13642
13622
13619
13557
13555
13545
13543
13535
13530
13529
13520
13512
13496
13479
13467
13431
13376
13373
13363
13362
13355
13351
13348
13344
13317
13290
13272
13264
13249
13247
13236
13210
13193
13190
13174
13165
13164
13149
13139
13131
13130
13121
13107
13069
13063
13060
13057
13048
13043
13042
13026
13021
12992
12991
12988
12987
12986
12975
12970
12939
12922
12910
12899
12890
12889
12870
12864
12851
12851
12834
12834
12829
12826
12805
12779
12763
12754
12747
12702
12655
12624
12623
12603
12582
12573
12562
12521
12509
12504
12504
12503
12463
12445
12432
12425
12397
12392
12376
12368
12363
12359
12352
12343
12309
12297
12278
12237
12223
12213
12199
12188
12184
12162
12160
12135
12122
12122
12120
12116
12098
12087
12085
12082
12080
12071
12040
12030
12028
12005
12000
11989
11979
11938
11934
11927
11918
11882
11842
11839
11833
11831
11829
11797
11791
11785
11776
11765
11745
11737
11722
11710
11707
11683
11670
11663
11639
11626
11618
11596
11590
11577
11575
11565
11561
11556
11508
11469
11466
11459
11438
11426
11413
11410
11397
11390
11363
11356
11354
11350
11342
11327
11308
11296
11258
11253
11244
11244
11240
11239
11220
11215
11206
11185
11182
11176
11175
11167
11166
11159
11129
11126
11126
11104
11102
11097
11089
11086
11054
11048
11035
11035
11016
11009
10993
10989
10989
10984
10976
10967
10966
10960
10939
10887
10887
10886
10867
10863
10855
10855
10854
10853
10852
10838
10823
10819
10814
10809
10796
10795
10778
10777
10775
10768
10749
10748
10741
10723
10711
10709
10706
10698
10690
10670
10670
10652
10642
10635
10614
10610
10601
10591
10584
10570
10567
10557
10549
10548
10542
10509
10489
10488
10480
10468
10463
10459
10448
10441
10433
10431
10427
10427
10425
10458
10418
10410
10384
10382
10382
10377
10375
10373
10361
10351
10317
10313
10308
10308
10290
10287
10284
10284
10283
10281
10273
10265
10262
10239
10220
10213
10212
10203
10202
10199
10197
10193
10190
10157
10141
10137
10121
10120
10112
10106
10066
10060
10059
10058
10052
10051
10048
10045
10044
10042
10039
10031
10023
10013
10012
10008
10005
9996
9993
9992
9991
9991
9985
9976
9972
9970
9958
9952
9946
9941
9939
9931
9931
9911
9897
9891
9885
9852
9851
9845
9845
9842
9809
9808
9803
9792
9790
9785
9776
9774
9771
9768
9766
9754
9753
9745
9738
9723
9717
9713
9702
9689
9682
9678
9673
9671
9668
9663
9656
9652
9650
9644
9621
9612
9607
9605
9600
9573
9565
9560
9551
9550
9543
9542
9535
9527
9527
9527
9518
9518
9513
9507
9497
9497
9495
9492
9492
9490
9487
9487
9477
9467
9462
9451
9450
9450
9444
9442
9425
9409
9403
9400
9394
9391
9377
9368
9368
9355
9348
9331
9326
9320
9306
9304
9299
9299
9294
9291
9290
9290
9284
9284
9259
9247
9238
9229
9209
9203
9202
9198
9179
9178
9173
9163
9162
9160
9160
9159
9158
9153
9143
9114
9113
9110
9109
9103
9101
9098
9087
9086
9079
9074
9059
9059
9059
9058
9052
9049
9048
9048
9046
9043
9026
9025
9023
9007
9000
8990
8989
8985
8984
8959
8935
8935
8930
8916
8915
8911
8908
8907
8906
8902
8898
8896
8896
8890
8878
8876
8869
8863
8857
8856
8856
8854
8853
8850
8847
8841
8839
8831
8830
8826
8825
8822
8817
8801
8792
8790
8790
8765
8764
8764
8764
8762
8758
8755
8745
8737
8734
8726
8717
8714
8712
8708
8704
8695
8692
8690
8688
8685
8680
8668
8668
8652
8649
8648
8646
8646
8645
8641
8637
8634
8628
8617
8614
8613
8612
8605
8592
8591
8581
8578
8578
8577
8572
8571
8570
8561
8558
8549
8540
8532
8528
8528
8527
8526
8518
8513
8510
8509
8504
8502
8501
8490
8473
8470
8468
8463
8461
8458
8458
8454
8447
8445
8435
8435
8428
8418
8415
8410
8403
8401
8386
8382
8380
8370
8366
8351
8351
8350
8348
8345
8345
8344
8343
8328
8316
8312
8303
8302
8297
8296
8296
8290
8283
8283
8279
8273
8267
8267
8255
8249
8246
8235
8232
8225
8221
8212
8206
8204
8201
8199
8198
8197
8188
8185
8185
8184
8184
8180
8178
8177
8169
8162
8157
8157
8156
8144
8137
8135
8127
8124
8123
8122
8121
8119
8116
8114
8109
8108
8108
8103
8090
8074
8074
8069
8055
8054
8053
8045
8035
8034
8034
8032
8030
8029
8026
8021
8019
8017
8014
8005
7996
7994
7990
7990
7978
7970
7969
7960
7957
7951
7946
7944
7942
7938
7937
7923
7922
7918
7918
7911
7911
7910
7902
7899
7898
7892
7884
7883
7880
7879
7878
7872
7871
7870
7866
7859
7858
7857
7854
7844
7839
7838
7833
7832
7832
7821
7820
7819
7817
7816
7816
7810
7805
7803
7790
7786
7780
7778
7775
7761
7754
7754
7749
7733
7729
7728
7727
7726
7722
7722
7717
7713
7711
7711
7711
7708
7702
7692
7692
7685
7671
7664
7659
7654
7646
7642
7633
7633
7629
7629
7622
7616
7615
7608
7604
7600
7595
7595
7583
7578
7578
7573
7573
7572
7569
7569
7555
7553
7550
7547
7545
7538
7533
7530
7529
7529
7528
7528
7525
7522
7522
7515
7513
7511
7510
7509
7506
7504
7499
7490
7488
7481
7481
7480
7479
7469
7464
7461
7460
7460
7451
7445
7445
7444
7443
7442
7437
7428
7427
7426
7418
7415
7406
7401
7399
7394
7393
7390
7380
7380
7378
7377
7376
7376
7375
7351
7347
7345
7342
7338
7338
7337
7337
7336
7336
7326
7323
7315
7314
7312
7309
7308
7307
7302
7302
7300
7299
7298
7298
7298
7292
7290
7289
7284
7279
7278
7276
7275
7275
7274
7274
7274
7268
7267
7263
7260
7259
7257
7255
7251
7245
7241
7238
7234
7231
7225
7225
7224
7212
7208
7190
7190
7190
7189
7186
7182
7171
7170
7162
7156
7155
7154
7152
7151
7150
7147
7145
7144
7142
7136
7128
7127
7124
7121
7120
7118
7107
7104
7099
7097
7097
7092
7090
7087
7078
7071
7068
7063
7061
7059
7059
7051
7050
7046
7045
7044
7034
7033
7029
7029
7029
7006
7003
7002
7001
6999
6999
6999
6998
6990
6986
6979
6978
6976
6974
6974
6969
6958
6957
6949
6946
6944
6943
6942
6941
6937
6934
6932
6931
6930
6928
6926
6925
6925
6916
6915
6915
6915
6912
6912
6911
6910
6910
6900
6899
6899
6888
6887
6887
6886
6886
6884
6882
6877
6876
6875
6872
6870
6869
6866
6857
6851
6850
6844
6841
6839
6837
6837
6834
6827
6826
6820
6817
6816
6813
6808
6803
6800
6799
6798
6797
6793
6791
6790
6786
6785
6783
6783
6776
6769
6767
6760
6757
6744
6741
6741
6736
6730
6729
6727
6726
6725
6712
6699
6696
6695
6689
6688
6684
6684
6679
6673
6670
6668
6663
6663
6662
6655
6654
6652
6648
6647
6644
6643
6643
6643
6642
6640
6639
6635
6634
6632
6631
6625
6625
6623
6619
6618
6618
6617
6613
6605
6599
6598
6596
6595
6588
6586
6585
6574
6574
6572
6572
6572
6570
6569
6568
6567
6565
6565
6561
6559
6556
6555
6553
6544
6541
6535
6534
6530
6528
6522
6521
6514
6513
6509
6507
6505
6504
6504
6504
6502
6500
6497
6493
6489
6489
6484
6483
6482
6471
6463
6458
6453
6453
6453
6450
6447
6444
6444
6440
6437
6432
6430
6430
6428
6425
6405
6405
6405
6399
6395
6387
6386
6384
6384
6381
6379
6378
6378
6366
6365
6363
6361
6361
6361
6360
6360
6358
6354
6353
6347
6343
6339
6337
6326
6325
6322
6320
6314
6314
6314
6314
6314
6314
6314
6312
6307
6306
6306
6305
6303
6301
6300
6295
6293
6293
6293
6292
6290
6290
6289
6288
6288
6287
6283
6277
6276
6276
6275
6272
6272
6270
6268
6263
6260
6260
6259
6259
6258
6256
6253
6252
6248
6245
6280
6244
6242
6239
6238
6236
6236
6234
6232
6232
6231
6228
6227
6226
6222
6222
6222
6215
6214
6207
6204
6203
6203
6198
6197
6195
6193
6191
6190
6187
6183
6178
6175
6174
6172
6164
6164
6164
6161
6160
6157
6157
6155
6153
6155
6151
6150
6145
6142
6142
6136
6134
6133
6131
6130
6130
6129
6128
6120
6118
6118
6117
6111
6107
6107
6105
6101
6099
6098
6097
6096
6094
6092
6088
6087
6086
6086
6085
6081
6080
6078
6076
6074
6073
6072
6069
6068
6061
6059
6058
6054
6054
6054
6053
6053
6051
6051
6050
6045
6045
6042
6038
6038
6034
6031
6030
6030
6029
6028
6025
6023
6022
6013
6011
6009
6008
6007
6003
6003
6002
6001
5994
5994
5991
5990
5984
5984
5982
5982
5980
5977
5971
5969
5963
5958
5956
5955
5951
5951
5950
5947
5947
5946
5946
5943
5942
5933
5933
5930
5929
5925
5924
5920
5919
5916
5915
5914
5912
5909
5908
5904
5904
5899
5895
5895
5894
5893
5892
5887
5886
5882
5878
5873
5872
5866
5866
5865
5861
5856
5854
5854
5850
5850
5849
5849
5844
5841
5837
5837
5837
5832
5831
5828
5827
5826
5825
5823
5823
5822
5821
5820
5818
5818
5817
5816
5813
5811
5809
5808
5808
5806
5801
5799
5799
5796
5794
5794
5793
5788
5788
5786
5782
5780
5776
5775
5772
5769
5768
5765
5758
5758
5757
5755
5753
5751
5751
5751
5748
5748
5746
5745
5745
5744
5741
5740
5740
5740
5733
5730
5729
5728
5721
5721
5720
5718
5713
5712
5710
5708
5706
5704
5703
5699
5698
5698
5691
5689
5689
5688
5687
5687
5687
5686
5684
5683
5679
5679
5678
5675
5671
5663
5659
5658
5657
5657
5655
5655
5655
5653
5651
5648
5648
5647
5647
5646
5645
5644
5641
5638
5636
5626
5626
5622
5619
5616
5614
5612
5606
5603
5602
5600
5598
5597
5596
5594
5592
5587
5587
5585
5582
5582
5579
5577
5566
5563
5563
5559
5559
5556
5554
5553
5553
5550
5549
5546
5544
5543
5537
5536
5535
5532
5528
5526
5524
5519
5519
5517
5514
5510
5509
5509
5508
5505
5504
5502
5502
5500
5497
5493
5491
5491
5490
5484
5482
5479
5478
5476
5466
5461
5458
5454
5454
5453
5446
5444
5438
5434
5420
5430
5426
5424
5423
5415
5413
5407
5405
5404
5404
5404
5402
5398
5396
5395
5392
5388
5387
5384
5380
5378
5376
5376
5376
5375
5375
5374
5373
5373
5372
5372
5371
5370
5369
5368
5367
5364
5363
5358
5357
5356
5356
5351
5350
5349
5349
5345
5345
5344
5343
5341
5340
5340
5338
5337
5336
5334
5330
5330
5327
5327
5327
5327
5325
5321
5318
5317
5316
5312
5312
5311
5305
5304
5303
5302
5299
5297
5294
5293
5291
5291
5287
5286
5285
5284
5284
5280
5279
5279
5277
5274
5271
5271
5265
5265
5264
5263
5263
5261
5259
5259
5259
5256
5255
5254
5253
5252
5250
5249
5247
5245
5244
5238
5260
5237
5236
5235
5234
5232
5232
5231
5229
5229
5228
5224
5223
5222
5217
5212
5211
5211
5208
5207
5205
5205
5205
5200
5200
5200
5199
5198
5197
5197
5196
5196
5195
5194
5194
5191
5189
5188
5188
5184
5184
5179
5173
5172
5172
5171
5171
5167
5166
5166
5165
5164
5163
5162
5160
5160
5160
5160
5159
5158
5158
5158
5158
5157
5157
5157
5157
5156
5152
5151
5149
5149
5149
5145
5144
5143
5141
5140
5135
5134
5129
5129
5117
5116
5112
5110
5105
5101
5099
5095
5095
5093
5091
5090
5088
5087
5085
5084
5084
5083
5080
5078
5078
5077
5075
5075
5073
5072
5072
5067
5067
5065
5062
5059
5059
5058
5057
5057
5056
5054
5053
5053
5052
5050
5046
5044
5043
5043
5042
5042
5040
5039
5034
5031
5030
5029
5028
5028
5027
5027
5027
5026
5025
5025
5024
5021
5016
5015
5009
5008
5007
5004
5002
5001
5001
5001
5000
4998
4998
4997
4997
4994
4993
4992
4992
4991
4990
4988
4986
4985
4983
4982
4981
4981
4980
4977
4975
4971
4969
4969
4967
4965
4964
4964
4964
4963
4957
4955
4955
4953
4953
4953
4952
4950
4949
4944
4943
4941
4938
4936
4934
4931
4929
4925
4922
4920
4920
4919
4917
4916
4913
4912
4912
4911
4910
4910
4909
4905
4904
4897
4896
4895
4895
4895
4893
4892
4894
4891
4887
4886
4886
4884
4883
4883
4882
4881
4880
4878
4876
4876
4875
4875
4874
4873
4872
4871
4868
4867
4866
4866
4865
4858
4857
4857
4857
4856
4852
4852
4851
4850
4849
4849
4849
4849
4846
4844
4839
4838
4837
4836
4836
4835
4831
4830
4829
4829
4828
4827
4826
4826
4823
4822
4821
4821
4819
4818
4815
4814
4814
4815
4811
4811
4810
4810
4809
4809
4806
4805
4805
4804
4803
4798
4797
4797
4795
4791
4787
4787
4785
4784
4783
4783
4782
4782
4781
4779
4778
4776
4776
4774
4774
4774
4773
4775
4770
4768
4768
4766
4782
4764
4763
4762
4761
4759
4758
4757
4756
4756
4754
4753
4751
4751
4751
4749
4748
4748
4746
4745
4745
4742
4739
4736
4734
4732
4732
4731
4731
4730
4729
4728
4727
4726
4725
4724
4722
4722
4721
4719
4719
4717
4714
4714
4712
4711
4710
4707
4707
4705
4703
4699
4697
4696
4695
4694
4692
4691
4690
4689
4688
4685
4682
4681
4680
4679
4679
4676
4676
4675
4674
4674
4671
4670
4668
4668
4666
4665
4658
4653
4653
4650
4650
4648
4645
4644
4644
4643
4642
4641
4641
4640
4639
4638
4636
4635
4634
4634
4633
4630
4630
4627
4627
4626
4624
4620
4619
4618
4617
4617
4616
4616
4615
4613
4608
4606
4602
4599
4598
4596
4595
4595
4595
4594
4594
4594
4593
4592
4590
4590
4588
4588
4588
4587
4586
4586
4584
4584
4583
4583
4582
4582
4582
4578
4578
4578
4576
4573
4573
4571
4570
4570
4567
4567
4565
4560
4558
4555
4555
4554
4553
4548
4546
4546
4546
4545
4545
4544
4543
4543
4542
4541
4541
4539
4539
4539
4537
4535
4534
4534
4534
4532
4532
4532
4528
4526
4524
4524
4521
4520
4518
4517
4517
4517
4516
4516
4515
4515
4514
4514
4510
4509
4509
4508
4507
4504
4504
4501
4500
4498
4496
4496
4492
4492
4491
4490
4490
4489
4489
4488
4487
4486
4486
4486
4484
4483
4483
4483
4479
4479
4479
4477
4476
4475
4475
4474
4474
4473
4472
4470
4469
4467
4467
4466
4466
4465
4464
4463
4462
4462
4462
4461
4460
4458
4458
4457
4456
4455
4454
4453
4453
4452
4451
4451
4462
4448
4446
4445
4445
4444
4444
4443
4441
4439
4434
4433
4433
4432
4431
4431
4431
4430
4427
4427
4425
4425
4423
4422
4421
4418
4417
4415
4414
4413
4413
4413
4412
4412
4408
4407
4407
4406
4405
4405
4403
4402
4402
4401
4400
4399
4399
4399
4398
4397
4397
4394
4394
4394
4392
4389
4388
4387
4387
4387
4385
4383
4381
4380
4380
4380
4379
4377
4375
4374
4370
4370
4369
4368
4368
4367
4367
4366
4365
4362
4362
4359
4357
4357
4354
4353
4352
4352
4351
4350
4350
4349
4347
4346
4345
4344
4343
4343
4342
4341
4340
4340
4338
4337
4334
4332
4331
4330
4329
4326
4325
4324
4323
4323
4322
4321
4320
4318
4317
4316
4315
4315
4313
4311
4310
4307
4306
4305
4305
4305
4304
4304
4303
4303
4300
4300
4298
4298
4296
4293
4293
4293
4291
4291
4287
4286
4283
4282
4280
4279
4279
4279
4276
4274
4273
4273
4273
4272
4272
4271
4271
4270
4270
4269
4268
4266
4265
4265
4262
4261
4260
4258
4258
4257
4256
4255
4255
4254
4252
4250
4250
4250
4248
4246
4245
4243
4240
4239
4239
4238
4236
4234
4230
4229
4228
4228
4227
4227
4226
4225
4224
4224
4222
4222
4221
4221
4220
4219
4219
4216
4216
4215
4214
4212
4212
4210
4208
4206
4205
4204
4204
4203
4197
4195
4195
4194
4192
4191
4190
4189
4187
4186
4183
4182
4182
4182
4179
4177
4177
4176
4176
4175
4175
4172
4171
4170
4170
4169
4168
4165
4164
4164
4163
4163
4162
4161
4161
4161
4160
4160
4160
4159
4159
4158
4158
4158
4156
4155
4155
4154
4154
4152
4151
4150
4149
4149
4148
4147
4147
4147
4147
4146
4143
4142
4142
4141
4138
4136
4135
4135
4134
4133
4133
4132
4129
4129
4128
4128
4128
4128
4128
4128
4126
4126
4125
4123
4122
4122
4122
4122
4121
4120
4120
4118
4118
4117
4114
4114
4113
4112
4109
4107
4107
4107
4106
4106
4104
4104
4100
4099
4099
4098
4097
4095
4094
4092
4091
4090
4090
4089
4089
4088
4085
4085
4085
4085
4084
4084
4083
4082
4081
4080
4080
4080
4078
4078
4078
4077
4077
4076
4076
4075
4075
4074
4072
4069
4069
4067
4063
4061
4061
4060
4060
4060
4059
4059
4058
4056
4056
4055
4055
4054
4052
4051
4050
4048
4048
4048
4046
4043
4043
4043
4043
4040
4038
4040
4038
4037
4036
4036
4035
4035
4035
4034
4033
4032
4031
4029
4029
4029
4027
4026
4025
4025
4024
4023
4023
4023
4023
4023
4022
4022
4021
4020
4020
4019
4018
4018
4017
4016
4016
4014
4014
4013
4013
4011
4010
4009
4008
4007
4006
4005
4005
4004
4003
4002
4002
4000
4000
3999
3998
3998
3996
3996
3995
3995
3995
3994
3994
3993
3993
3993
3992
3991
3990
3989
3989
3986
3986
3984
3982
3981
3981
3981
3978
3978
3977
3976
3975
3975
3974
3972
3972
3972
3971
3970
3968
3968
3967
3967
3966
3966
3965
3965
3965
3961
3961
3961
3959
3958
3957
3957
3957
3957
3956
3956
3955
3954
3953
3950
3949
3948
3948
3948
3948
3946
3945
3945
3944
3943
3940
3939
3939
3938
3937
3936
3935
3935
3935
3934
3933
3933
3932
3930
3930
3930
3930
3930
3928
3928
3928
3928
3927
3926
3926
3926
3926
3924
3924
3924
3923
3921
3921
3919
3919
3919
3918
3918
3918
3916
3916
3915
3915
3915
3914
3913
3912
3912
3910
3910
3910
3909
3908
3908
3907
3906
3906
3902
3902
3901
3900
3900
3898
3898
3898
3898
3898
3895
3893
3893
3892
3892
3891
3891
3891
3891
3890
3890
3889
3889
3886
3884
3883
3882
3881
3880
3880
3878
3878
3878
3877
3877
3877
3874
3873
3872
3872
3870
3869
3869
3868
3867
3867
3867
3865
3864
3863
3862
3861
3860
3860
3859
3859
3858
3857
3856
3855
3855
3852
3852
3852
3851
3850
3849
3849
3849
3847
3845
3845
3844
3844
3844
3843
3843
3841
3841
3841
3840
3839
3839
3839
3838
3838
3836
3836
3836
3836
3835
3835
3832
3831
3830
3829
3828
3828
3828
3828
3827
3826
3823
3822
3822
3821
3821
3820
3818
3818
3817
3816
3814
3814
3812
3812
3811
3807
3806
3806
3806
3805
3804
3804
3803
3802
3802
3802
3801
3801
3801
3801
3799
3799
3798
3797
3797
3797
3797
3796
3795
3795
3795
3793
3793
3793
3792
3792
3791
3790
3788
3788
3788
3787
3787
3786
3785
3783
3782
3782
3781
3780
3779
3779
3778
3778
3778
3777
3776
3775
3774
3773
3773
3772
3771
3770
3769
3769
3769
3768
3768
3767
3766
3766
3766
3763
3763
3762
3761
3761
3760
3760
3759
3756
3756
3756
3755
3755
3754
3754
3754
3753
3753
3752
3752
3751
3751
3750
3750
3749
3749
3749
3747
3745
3744
3744
3744
3744
3743
3743
3743
3741
3740
3740
3740
3740
3738
3738
3737
3737
3736
3736
3735
3733
3732
3730
3730
3730
3728
3728
3728
3728
3727
3725
3723
3723
3722
3722
3722
3721
3721
3721
3738
3720
3720
3719
3718
3718
3717
3716
3715
3714
3713
3712
3712
3712
3711
3711
3710
3710
3710
3709
3707
3707
3707
3707
3705
3704
3704
3704
3703
3703
3702
3702
3701
3701
3699
3699
3699
3699
3698
3698
3698
3694
3694
3693
3692
3692
3692
3691
3690
3690
3688
3688
3686
3686
3685
3685
3685
3683
3683
3683
3683
3681
3681
3684
3680
3679
3679
3679
3678
3678
3675
3675
3673
3673
3673
3672
3671
3671
3671
3670
3670
3669
3669
3667
3665
3665
3664
3664
3663
3663
3661
3660
3660
3659
3659
3659
3658
3657
3655
3655
3654
3654
3653
3652
3652
3672
3649
3647
3647
3646
3645
3645
3645
3643
3642
3642
3641
3640
3640
3638
3638
3636
3635
3635
3635
3634
3634
3633
3633
3633
3632
3631
3630
3629
3627
3625
3625
3623
3622
3622
3621
3619
3619
3618
3617
3616
3616
3616
3616
3615
3614
3613
3610
3609
3608
3608
3607
3607
3606
3605
3605
3605
3605
3603
3603
3603
3602
3602
3602
3602
3601
3600
3600
3599
3599
3598
3598
3595
3595
3595
3594
3591
3591
3590
3590
3589
3588
3588
3588
3585
3585
3584
3583
3583
3582
3582
3581
3580
3579
3579
3579
3579
3578
3577
3576
3576
3576
3575
3574
3573
3572
3572
3572
3571
3570
3569
3568
3568
3567
3565
3565
3565
3564
3564
3564
3564
3563
3558
3556
3556
3556
3556
3556
3555
3555
3554
3554
3552
3552
3551
3550
3549
3549
3549
3548
3548
3546
3546
3545
3543
3543
3543
3542
3541
3541
3540
3540
3539
3537
3537
3536
3535
3534
3534
3534
3531
3530
3530
3529
3529
3528
3527
3527
3527
3527
3527
3526
3525
3525
3525
3522
3522
3522
3521
3520
3519
3518
3518
3517
3517
3517
3516
3515
3515
3515
3514
3514
3514
3514
3514
3513
3511
3511
3507
3505
3505
3504
3504
3503
3503
3502
3502
3501
3501
3501
3500
3499
3498
3497
3496
3496
3494
3494
3494
3494
3494
3493
3493
3493
3492
3491
3489
3487
3487
3486
3485
3484
3484
3483
3482
3481
3480
3480
3478
3477
3476
3475
3475
3474
3474
3473
3473
3472
3472
3471
3471
3471
3469
3468
3468
3468
3467
3466
3464
3464
3464
3463
3463
3462
3461
3460
3458
3458
3458
3457
3457
3457
3454
3454
3454
3453
3452
3452
3451
3450
3449
3448
3447
3447
3445
3445
3444
3442
3441
3440
3440
3440
3439
3438
3437
3437
3436
3436
3435
3434
3434
3433
3432
3429
3428
3428
3428
3428
3428
3427
3427
3427
3426
3425
3424
3423
3422
3422
3420
3419
3418
3418
3418
3418
3418
3417
3417
3417
3417
3416
3416
3416
3416
3415
3415
3413
3413
3413
3413
3413
3413
3412
3412
3412
3411
3410
3410
3409
3409
3409
3408
3408
3408
3408
3406
3405
3405
3403
3403
3402
3402
3402
3402
3401
3401
3401
3401
3399
3399
3399
3397
3396
3395
3395
3394
3394
3394
3393
3393
3393
3392
3390
3390
3390
3389
3389
3388
3387
3386
3385
3383
3381
3381
3381
3380
3379
3378
3374
3373
3373
3372
3372
3371
3371
3371
3371
3369
3369
3369
3369
3369
3369
3368
3367
3367
3367
3365
3364
3364
3363
3361
3360
3360
3360
3360
3359
3359
3358
3358
3358
3357
3357
3357
3357
3356
3354
3354
3354
3353
3353
3352
3352
3352
3349
3348
3348
3347
3346
3346
3346
3346
3345
3344
3344
3344
3343
3343
3342
3342
3342
3341
3341
3340
3338
3338
3338
3338
3337
3337
3336
3336
3336
3336
3342
3335
3335
3335
3335
3335
3335
3334
3334
3333
3332
3331
3331
3330
3330
3329
3329
3329
3329
3328
3328
3327
3325
3325
3324
3324
3324
3323
3323
3322
3321
3321
3321
3321
3321
3320
3318
3317
3317
3316
3316
3315
3315
3314
3314
3313
3313
3312
3312
3311
3310
3310
3310
3309
3309
3309
3308
3307
3307
3307
3306
3305
3303
3302
3302
3301
3300
3299
3299
3298
3298
3298
3296
3296
3296
3294
3293
3293
3293
3292
3292
3292
3291
3291
3290
3290
3288
3287
3286
3286
3285
3284
3283
3283
3283
3282
3282
3281
3281
3280
3280
3280
3280
3280
3279
3279
3278
3277
3277
3277
3277
3276
3276
3276
3276
3276
3275
3275
3274
3274
3274
3273
3273
3273
3270
3270
3270
3270
3269
3268
3268
3268
3267
3267
3267
3267
3266
3266
3265
3265
3265
3264
3264
3263
3263
3261
3261
3260
3260
3259
3259
3259
3259
3257
3256
3256
3256
3254
3254
3253
3253
3250
3250
3250
3249
3249
3248
3248
3246
3246
3245
3244
3243
3242
3242
3241
3240
3240
3238
3237
3235
3235
3235
3234
3234
3233
3233
3233
3232
3232
3231
3230
3230
3230
3229
3229
3227
3226
3226
3225
3225
3225
3224
3224
3224
3224
3223
3223
3222
3220
3219
3218
3218
3218
3217
3215
3215
3215
3214
3214
3212
3212
3212
3211
3210
3210
3210
3210
3208
3223
3206
3204
3204
3204
3204
3203
3203
3203
3203
3203
3202
3202
3202
3201
3201
3200
3199
3198
3198
3197
3196
3196
3195
3195
3195
3193
3192
3192
3191
3191
3191
3191
3191
3190
3190
3190
3190
3189
3189
3189
3189
3188
3188
3188
3187
3186
3185
3185
3184
3184
3183
3181
3181
3181
3180
3180
3180
3180
3179
3179
3178
3178
3176
3176
3174
3172
3172
3172
3172
3171
3171
3171
3170
3170
3170
3169
3166
3166
3165
3165
3165
3165
3165
3165
3165
3164
3164
3162
3162
3160
3160
3160
3159
3159
3158
3157
3156
3156
3156
3155
3155
3154
3154
3152
3152
3151
3151
3151
3150
3150
3150
3149
3148
3148
3148
3148
3145
3145
3145
3145
3144
3143
3143
3142
3142
3141
3141
3140
3139
3139
3138
3138
3137
3137
3137
3137
3137
3135
3135
3135
3133
3133
3132
3132
3131
3132
3131
3131
3131
3130
3129
3129
3129
3129
3129
3128
3127
3127
3127
3127
3127
3126
3126
3126
3126
3124
3122
3122
3121
3117
3117
3117
3117
3117
3116
3115
3115
3115
3115
3115
3115
3114
3114
3113
3113
3112
3112
3111
3111
3111
3110
3108
3108
3108
3107
3107
3106
3106
3105
3105
3105
3105
3105
3105
3104
3104
3103
3103
3103
3103
3103
3103
3102
3102
3101
3101
3101
3100
3100
3100
3100
3100
3099
3099
3098
3097
3097
3097
3096
3096
3095
3094
3094
3094
3093
3093
3091
3091
3091
3090
3090
3090
3089
3088
3088
3088
3087
3086
3086
3086
3085
3084
3083
3081
3081
3080
3080
3080
3079
3079
3078
3078
3074
3074
3074
3074
3072
3072
3071
3071
3071
3069
3069
3069
3069
3068
3068
3067
3067
3067
3066
3066
3066
3066
3066
3065
3064
3064
3063
3063
3062
3062
3062
3061
3060
3060
3060
3059
3059
3059
3058
3058
3057
3057
3056
3056
3056
3056
3054
3054
3054
3054
3053
3053
3052
3052
3052
3052
3052
3052
3052
3051
3050
3050
3050
3049
3049
3049
3048
3047
3047
3047
3046
3046
3046
3043
3043
3042
3042
3042
3041
3041
3040
3039
3039
3038
3038
3036
3034
3034
3033
3033
3033
3032
3032
3031
3031
3030
3029
3028
3028
3028
3027
3026
3025
3024
3024
3023
3023
3023
3021
3021
3021
3020
3020
3016
3016
3015
3014
3013
3012
3012
3012
3011
3011
3011
3010
3010
3009
3009
3008
3007
3007
3007
3007
3006
3006
3005
3004
3004
3004
3003
3002
3002
3001
3001
3001
3001
3001
3000
3000
3000
