269534
203993
190330
181804
132029
130580
120404
111568
97657
88974
79864
78069
74113
70389
70161
68738
67268
67167
58461
58403
58399
57117
53419
52487
51462
50864
50415
50386
50321
49768
46959
44049
43883
43333
43177
42267
39665
39306
38413
37974
37488
37427
37023
36620
36341
35914
35581
35408
35331
34959
34958
34598
34205
33695
31530
31368
30757
30339
30145
29565
29562
29079
29023
28923
28849
28504
27482
27167
27035
26928
26887
26627
26400
26116
26066
25991
25779
25744
25271
25146
24462
24326
24321
24260
24208
24135
24114
23822
23514
23461
23140
23139
22370
22063
21702
21336
21223
21171
21130
21009
20961
20954
20766
20673
20669
20596
20558
20491
20362
20014
19953
19704
19522
19359
19274
19150
19100
18982
18919
18721
18701
18357
18043
17964
17649
17458
17424
17309
17270
17260
17189
17161
16622
16602
16439
16433
16379
16271
16262
15886
15873
15604
15564
15437
15287
15219
15150
15074
14932
14907
14809
14793
14732
14688
14521
14473
14190
14135
14036
13897
13847
13845
13832
13785
13758
13723
13556
13539
13508
13493
13482
13454
13452
13435
13425
13116
13096
13033
12912
12812
12760
12585
12560
12512
12506
12424
12362
12352
12228
12220
12218
12126
12028
12002
11982
11939
11920
11917
11903
11896
11886
11863
11853
11812
11640
11634
11600
11588
11578
11489
11397
11351
11345
11251
11232
11078
11003
10979
10968
10947
10911
10906
10869
10860
10824
10818
10791
10669
10669
10591
10591
10585
10578
10573
10548
10534
10519
10515
10446
10351
10303
10296
10278
10275
10218
10165
10147
10146
10119
10101
10088
10079
10045
10043
9912
9852
9818
9799
9754
9748
9701
9661
9642
9641
9610
9602
9552
9533
9522
9495
9424
9381
9378
9360
9242
9205
9203
9167
9153
9115
9113
9055
9009
8988
8954
8934
8920
8908
8896
8856
8831
8798
8793
8773
8675
8610
8610
8604
8589
8584
8548
8513
8513
8501
8488
8482
8466
8464
8430
8368
8342
8287
8246
8192
8188
8172
8124
8117
8115
8100
8098
8072
8058
8034
8019
7929
7928
7918
7912
7910
7900
7897
7843
7837
7788
7773
7749
7713
7691
7656
7652
7634
7610
7579
7545
7539
7509
7446
7437
7396
7387
7369
7358
7357
7332
7292
7268
7262
7246
7241
7232
7230
7216
7215
7206
7201
7177
7154
7151
7148
7120
7106
7075
7073
7039
7023
7018
7006
6998
6997
6970
6967
6967
6967
6966
6961
6959
6959
6933
6929
6921
6905
6902
6862
6851
6841
6815
6783
6780
6780
6774
6727
6703
6693
6686
6681
6674
6596
6511
6510
6498
6490
6486
6460
6457
6443
6434
6433
6430
6421
6413
6409
6399
6395
6377
6332
6327
6287
6256
6239
6232
6223
6223
6220
6214
6203
6202
6175
6162
6161
6158
6138
6128
6125
6104
6095
6085
6047
6030
6000
5984
5980
5972
5948
5958
5931
5925
5922
5917
5899
5899
5894
5876
5870
5849
5847
5830
5826
5817
5816
5815
5801
5778
5775
5759
5757
5727
5710
5709
5690
5686
5662
5653
5641
5639
5638
5633
5633
5620
5605
5589
5583
5576
5569
5568
5562
5560
5558
5555
5553
5553
5552
5538
5518
5517
5492
5491
5489
5483
5474
5461
5452
5437
5405
5394
5387
5383
5374
5370
5370
5363
5361
5343
5327
5325
5315
5314
5313
5309
5302
5296
5289
5286
5286
5275
5263
5261
5260
5255
5247
5232
5218
5210
5195
5193
5183
5173
5173
5168
5161
5153
5150
5146
5142
5134
5107
5099
5096
5095
5089
5087
5085
5063
5042
5038
5023
5017
5008
5007
4993
4986
4985
4985
4982
4965
4965
4961
4951
4951
4931
4925
4902
4899
4883
4868
4861
4851
4850
4829
4828
4825
4793
4780
4776
4776
4775
4759
4757
4744
4738
4738
4712
4711
4707
4684
4683
4676
4654
4652
4648
4647
4642
4638
4629
4625
4624
4622
4616
4613
4603
4591
4588
4578
4577
4576
4574
4572
4569
4551
4541
4540
4538
4532
4532
4531
4525
4514
4512
4508
4503
4503
4500
4499
4492
4475
4472
4461
4458
4451
4442
4440
4421
4412
4408
4404
4386
4386
4378
4376
4373
4360
4355
4347
4344
4344
4344
4342
4341
4336
4328
4326
4324
4315
4312
4310
4307
4306
4304
4304
4293
4290
4289
4287
4280
4272
4270
4263
4262
4253
4245
4242
4236
4225
4223
4214
4214
4209
4209
4206
4194
4173
4172
4169
4157
4151
4151
4147
4146
4141
4140
4135
4135
4134
4131
4127
4127
4119
4114
4106
4105
4098
4093
4088
4082
4082
4081
4078
4073
4068
4060
4056
4054
4051
4044
4041
4037
4016
4009
4008
4004
4001
3996
3994
3991
3990
3983
3981
3979
3979
3974
3972
3963
3942
3941
3936
3935
3933
3931
3927
3921
3920
3919
3917
3917
3909
3900
3892
3888
3887
3878
3875
3874
3874
3860
3856
3850
3846
3846
3839
3834
3834
3825
3821
3810
3810
3808
3804
3803
3801
3799
3798
3798
3796
3783
3786
3780
3779
3764
3759
3758
3757
3749
3748
3725
3731
3730
3723
3716
3714
3712
3709
3706
3705
3703
3699
3692
3684
3682
3678
3669
3669
3667
3667
3664
3660
3658
3656
3655
3660
3654
3653
3651
3645
3641
3634
3634
3631
3624
3622
3611
3607
3600
3598
3596
3592
3592
3586
3577
3571
3563
3560
3559
3544
3538
3537
3536
3534
3531
3529
3526
3525
3525
3523
3508
3498
3498
3494
3485
3484
3480
3470
3468
3456
3452
3447
3445
3445
3438
3431
3431
3427
3416
3415
3413
3409
3401
3399
3398
3398
3397
3395
3391
3390
3385
3384
3382
3381
3379
3456
3375
3374
3361
3359
3355
3353
3352
3345
3340
3332
3326
3322
3321
3320
3316
3313
3312
3310
3304
3303
3298
3293
3291
3291
3279
3277
3269
3263
3263
3258
3256
3254
3254
3248
3246
3236
3235
3234
3227
3226
3221
3217
3215
3215
3205
3199
3198
3195
3193
3188
3183
3182
3178
3176
3174
3173
3171
3168
3167
3165
3160
3159
3156
3155
3151
3149
3149
3146
3146
3143
3136
3130
3130
3130
3127
3125
3125
3123
3122
3120
3114
3113
3107
3104
3100
3096
3090
3089
3086
3083
3078
3073
3069
3066
3065
3052
3051
3047
3046
3039
3039
3036
3034
3031
3029
3024
3022
3017
3015
3004
3003
3002
3000
