605743
267295
224061
144916
135554
125925
116124
103246
101548
93195
77213
76147
68342
60467
59367
57010
55279
53115
49037
48583
48186
46904
44376
42298
41856
40081
39687
39680
39042
38752
38579
38048
36304
35514
35320
35306
34741
33392
33284
33162
32220
32136
30091
29143
28553
28483
28345
27974
26055
25522
25432
24877
23984
23594
23405
22593
21577
21055
20968
20897
20791
20584
20104
19207
18949
18658
18630
18557
18546
18234
18119
17955
17948
17932
17733
17648
17573
17480
17448
17356
17271
17047
17042
16649
16618
16497
16440
16318
16260
16179
15965
15963
15962
15770
15612
15570
15471
15236
15171
15164
15160
15156
15072
15064
14977
14951
14838
14763
14751
14700
14700
14577
14546
14545
14485
14379
14271
14214
14092
14013
14003
13907
13871
13656
13641
13344
13342
13296
13287
13249
13223
13156
13118
13021
12986
12960
12885
12849
12798
12762
12731
12712
12703
12697
12591
12527
12518
12431
12395
12349
12325
12278
12266
12237
12227
12155
12084
12078
12049
11948
11940
11815
11788
11728
11666
11653
11647
11644
11638
11598
11513
11505
11501
11481
11475
11463
11359
11355
11343
11282
11264
11257
11139
11136
11124
11119
10993
10981
10964
10963
10938
10890
10854
10826
10771
10659
10621
10603
10589
10577
10561
10521
10508
10493
10486
10430
10390
10381
10327
10322
10298
10296
10289
10279
10205
10193
10147
10142
10076
10070
10056
10056
10039
10023
10021
10009
9967
9956
9950
9945
9908
9896
9891
9870
9838
9822
9738
9731
9705
9690
9676
9618
9602
9573
9491
9478
9440
9412
9406
9378
9375
9364
9361
9342
9292
9267
9254
9243
9193
9191
9189
9156
9140
9117
9064
9061
9054
9017
9002
8984
8982
8972
8941
8923
8927
8887
8887
8819
8807
8801
8793
8760
8760
8755
8748
8747
8729
8727
8659
8641
8640
8640
8634
8588
8587
8577
8548
8535
8521
8518
8517
8503
8498
8482
8479
8461
8452
8444
8439
8433
8377
8370
8368
8356
8354
8340
8292
8283
8282
8265
8257
8257
8238
8228
8223
8218
8203
8199
8185
8184
8181
8146
8137
8133
8131
8131
8103
8101
8097
8094
8080
8079
8075
8071
8071
8059
8025
8019
8008
8002
7968
7952
7935
7934
7917
7889
7885
7866
7856
7847
7839
7839
7835
7827
7823
7821
7803
7790
7786
7784
7767
7767
7763
7718
7710
7705
7698
7697
7693
7693
7680
7661
7659
7644
7641
7608
7581
7567
7555
7548
7543
7539
7528
7522
7522
7489
7482
7482
7450
7429
7420
7402
7394
7389
7387
7367
7347
7343
7337
7329
7317
7316
7296
7283
7271
7249
7248
7247
7242
7240
7236
7198
7190
7190
7189
7164
7161
7157
7149
7149
7128
7127
7119
7106
7086
7075
7069
7067
7060
7041
7037
7032
7028
7021
7019
7017
7003
7002
7002
7001
6999
6989
6986
6981
6975
6959
6959
6948
6945
6940
6926
6915
6893
6892
6891
6885
6883
6876
6876
6866
6864
6845
6830
6828
6824
6804
6788
6778
6772
6771
6767
6746
6709
6708
6705
6702
6701
6696
6683
6680
6677
6673
6665
6663
6658
6650
6646
6636
6608
6593
6589
6582
6573
6570
6554
6544
6543
6539
6532
6522
6521
6501
6492
6488
6484
6482
6469
6464
6461
6450
6446
6438
6429
6428
6428
6426
6425
6423
6422
6416
6404
6393
6386
6358
6353
6346
6339
6325
6322
6321
6318
6315
6303
6302
6286
6274
6263
6252
6249
6249
6247
6242
6241
6237
6233
6228
6214
6213
6208
6190
6171
6168
6164
6163
6161
6161
6147
6141
6135
6128
6127
6118
6114
6114
6108
6106
6106
6102
6098
6084
6074
6072
6072
6071
6066
6062
6060
6056
6056
6049
6046
6045
6044
6042
6038
6035
6027
6019
6017
6012
6011
6004
6003
5996
5993
5986
5980
5973
5972
5961
5959
5942
5937
5936
5935
5932
5931
5922
5893
5880
5877
5850
5847
5842
5839
5838
5838
5831
5830
5822
5818
5818
5810
5803
5802
5796
5790
5772
5748
5736
5733
5732
5723
5722
5720
5718
5707
5703
5702
5699
5698
5687
5684
5683
5682
5682
5679
5677
5677
5673
5673
5660
5658
5652
5652
5639
5612
5611
5589
5569
5566
5564
5562
5554
5552
5546
5544
5542
5541
5538
5532
5523
5522
5513
5511
5496
5494
5494
5492
5490
5482
5473
5473
5470
5468
5467
5465
5459
5459
5456
5455
5454
5442
5442
5442
5441
5438
5437
5434
5429
5428
5419
5418
5418
5401
5392
5378
5370
5369
5367
5366
5366
5357
5357
5354
5351
5350
5346
5337
5325
5321
5318
5313
5291
5289
5276
5272
5263
5263
5260
5256
5234
5227
5226
5225
5220
5215
5215
5211
5201
5199
5197
5195
5195
5194
5193
5192
5188
5181
5170
5164
5153
5147
5144
5142
5141
5140
5135
5129
5128
5125
5123
5121
5116
5114
5112
5101
5099
5093
5090
5089
5086
5085
5084
5081
5077
5073
5061
5057
5052
5036
5031
5031
5024
5014
5008
5002
5001
4996
4983
4979
4978
4961
4958
4956
4949
4948
4943
4940
4932
4928
4922
4918
4915
4914
4913
4908
4903
4903
4902
4901
4895
4884
4882
4882
4878
4874
4871
4867
4867
4865
4864
4859
4859
4858
4855
4852
4851
4848
4848
4842
4838
4833
4832
4832
4826
4821
4817
4816
4809
4809
4806
4805
4805
4805
4804
4803
4802
4806
4801
4800
4793
4791
4788
4771
4766
4765
4765
4760
4759
4752
4744
4744
4740
4735
4732
4723
4723
4718
4714
4713
4705
4700
4690
4684
4682
4679
4674
4674
4672
4665
4664
4664
4662
4653
4648
4647
4647
4645
4634
4632
4631
4621
4620
4618
4616
4614
4610
4609
4600
4599
4597
4596
4594
4591
4589
4583
4575
4574
4572
4569
4567
4565
4564
4561
4559
4556
4556
4556
4554
4548
4547
4537
4534
4532
4521
4520
4518
4517
4512
4511
4510
4506
4499
4499
4498
4493
4491
4489
4483
4480
4479
4478
4478
4478
4476
4474
4474
4473
4471
4468
4467
4467
4467
4460
4459
4457
4457
4455
4454
4452
4449
4440
4437
4434
4431
4428
4426
4424
4422
4412
4412
4410
4407
4407
4404
4402
4402
4402
4401
4401
4400
4399
4397
4396
4396
4387
4384
4384
4382
4380
4374
4374
4369
4368
4368
4362
4359
4358
4357
4356
4348
4340
4336
4335
4331
4329
4327
4326
4323
4319
4319
4318
4316
4316
4314
4311
4309
4309
4307
4303
4301
4299
4296
4296
4294
4285
4284
4283
4282
4281
4278
4274
4273
4272
4271
4271
4268
4267
4252
4250
4247
4244
4239
4233
4232
4229
4229
4226
4221
4217
4215
4212
4208
4192
4185
4182
4178
4174
4172
4171
4168
4165
4163
4160
4159
4159
4156
4156
4152
4150
4149
4146
4145
4139
4138
4137
4123
4123
4120
4119
4118
4118
4118
4115
4114
4108
4107
4107
4107
4097
4097
4086
4085
4080
4079
4078
4070
4069
4069
4067
4066
4065
4064
4061
4052
4050
4050
4048
4048
4048
4043
4043
4041
4040
4035
4030
4029
4029
4027
4023
4021
4018
4016
4015
4015
4012
4009
4007
4007
4006
4004
4002
4001
3994
3992
3983
3983
3981
3980
3980
3976
3973
3970
3970
3970
3965
3964
3960
3953
3953
3951
3943
3942
3937
3935
3934
3931
3931
3929
3928
3927
3927
3926
3924
3924
3924
3922
3921
3920
3918
3911
3911
3903
3903
3902
3899
3897
3882
3881
3880
3879
3879
3873
3868
3863
3861
3859
3855
3855
3849
3849
3848
3847
3846
3844
3842
3838
3837
3836
3835
3835
3835
3834
3831
3831
3829
3828
3826
3825
3823
3820
3819
3816
3813
3812
3812
3811
3809
3807
3806
3806
3805
3803
3799
3796
3792
3785
3785
3784
3782
3782
3780
3776
3774
3773
3771
3770
3764
3764
3760
3759
3756
3755
3755
3752
3751
3751
3750
3750
3749
3747
3744
3741
3738
3732
3731
3730
3728
3728
3728
3728
3727
3725
3714
3712
3707
3706
3706
3705
3704
3704
3702
3698
3694
3692
3691
3690
3689
3684
3681
3679
3679
3676
3675
3675
3674
3674
3667
3658
3657
3654
3649
3649
3648
3640
3639
3639
3638
3637
3631
3631
3627
3626
3626
3626
3625
3624
3623
3619
3614
3614
3612
3611
3611
3609
3608
3606
3604
3604
3596
3591
3590
3586
3585
3582
3581
3579
3579
3579
3578
3578
3577
3574
3573
3571
3570
3567
3567
3565
3563
3561
3561
3557
3557
3556
3556
3555
3551
3549
3546
3546
3543
3543
3542
3540
3538
3537
3533
3532
3531
3530
3528
3525
3522
3522
3522
3519
3518
3515
3513
3513
3513
3507
3502
3496
3496
3494
3494
3494
3490
3486
3483
3483
3482
3478
3478
3473
3473
3470
3467
3467
3467
3465
3464
3464
3463
3460
3457
3456
3455
3453
3452
3451
3449
3446
3446
3441
3441
3438
3438
3437
3436
3434
3434
3433
3431
3431
3424
3423
3421
3416
3416
3410
3410
3409
3407
3404
3403
3403
3402
3402
3401
3400
3396
3395
3393
3392
3390
3390
3390
3387
3387
3385
3384
3381
3381
3380
3373
3371
3371
3370
3365
3358
3357
3356
3355
3353
3348
3347
3346
3345
3344
3340
3340
3339
3335
3334
3334
3332
3332
3330
3329
3329
3328
3327
3326
3326
3326
3325
3324
3323
3322
3322
3320
3320
3319
3318
3317
3317
3316
3307
3305
3305
3304
3303
3303
3302
3302
3302
3300
3299
3299
3294
3292
3292
3291
3290
3290
3288
3287
3283
3282
3281
3279
3278
3277
3275
3275
3275
3274
3274
3274
3270
3270
3268
3265
3264
3264
3263
3260
3258
3256
3252
3252
3251
3251
3250
3262
3248
3248
3246
3244
3238
3238
3237
3236
3236
3235
3233
3232
3231
3231
3229
3229
3229
3222
3222
3220
3219
3218
3218
3216
3212
3211
3211
3210
3210
3207
3207
3207
3200
3199
3199
3198
3194
3194
3191
3191
3190
3190
3190
3189
3188
3187
3185
3185
3182
3181
3177
3177
3176
3175
3173
3172
3171
3170
3170
3167
3166
3166
3166
3164
3163
3157
3157
3153
3151
3150
3149
3146
3143
3140
3138
3135
3132
3132
3129
3129
3127
3126
3123
3119
3115
3112
3112
3110
3109
3108
3105
3102
3101
3101
3097
3092
3092
3091
3090
3088
3087
3087
3087
3085
3083
3083
3083
3078
3074
3073
3072
3072
3071
3071
3068
3065
3064
3064
3063
3062
3061
3060
3059
3058
3055
3055
3055
3054
3054
3054
3052
3051
3048
3046
3045
3043
3041
3039
3039
3038
3037
3036
3036
3035
3034
3027
3024
3023
3023
3021
3019
3017
3016
3015
3015
3014
3013
3012
3009
3008
3008
3008
3007
3005
3000
