526205
262448
242778
239509
234091
214710
212910
210736
209484
194124
190783
177986
177720
166330
161285
148823
148323
147267
144931
140412
130381
130343
129284
128910
127243
125023
124213
123436
121602
120717
118369
115318
114665
113137
112602
112273
111898
111877
111785
111742
111544
108701
108576
108394
102143
101675
100374
100114
99341
99114
98829
98791
98634
98185
98011
96911
96061
95285
95115
94391
93815
93794
92842
91437
91144
90574
90550
90237
90023
89939
89811
88939
87720
87310
86204
85812
85456
84298
83733
82860
82446
82216
82055
81674
80833
80617
80178
79548
79323
78582
76709
76379
76038
75484
75418
74951
74896
74632
74517
73284
72780
72705
72486
72151
71705
71622
69740
68063
67790
67415
66449
66430
66036
65784
65530
65520
64931
64847
64022
64008
63310
63162
62839
62691
62479
62442
62366
61951
61097
60984
60947
60885
60873
60702
60291
59572
59092
58765
58692
58491
58192
57987
56706
56404
55874
55588
55497
54738
54543
54468
54382
54353
53794
53654
53450
53202
52946
52486
52261
52188
52171
51423
51346
51163
50874
50555
50014
49789
49470
49149
49088
48880
48832
48806
48639
48622
48446
48422
48192
48110
47924
47884
47433
47387
47374
47372
47333
47330
47298
47146
46845
46585
46418
46401
46302
46172
46108
46040
45908
45755
45404
45383
45190
45056
45028
44967
44920
44912
44871
44715
44595
44334
44282
44119
43895
43882
43736
43700
43628
43352
43263
43144
42982
42687
42601
42385
41965
41942
41892
41796
41779
41715
41653
41442
41436
41263
41145
41098
40467
40296
40166
39948
39897
39744
39578
39513
39503
39395
39304
39281
39199
39166
39015
38835
38795
38646
38465
38404
38355
38312
38248
38130
37896
37697
37648
37416
37351
37047
36802
36799
36777
36750
36725
36568
36527
36391
36265
36191
36144
36084
35858
35845
35799
35720
35550
35482
35481
35425
34959
34867
34842
34761
34529
34391
34123
34108
33918
33871
33823
33786
33708
33619
33489
33465
33425
33397
33216
33144
33084
33070
32937
32802
32677
32579
32572
32408
32386
32220
32078
31987
31958
31911
31602
31520
31328
31226
30947
30939
30904
30775
30679
30643
30397
30102
30072
30045
29983
29870
29852
29716
29691
29526
29501
29454
29301
29222
29175
29081
29002
28978
28690
28601
28581
28496
28420
28368
28299
28221
28208
28009
27941
27752
27607
27601
27540
27522
27456
27420
27395
27369
27348
27282
27213
27185
26982
26823
26770
26427
26291
26132
26126
26099
26074
26024
25952
25889
25836
25764
25734
25667
25605
25593
25555
25553
25518
25501
25496
25428
25363
25263
25251
25078
25003
24823
24793
24786
24757
24635
24549
24488
24473
24438
24421
24350
24348
24294
24272
24251
24124
24029
23863
23833
23812
23754
23710
23641
23550
23325
23283
23283
23218
23124
23065
23003
22906
22875
22839
22805
22729
22691
22616
22613
22570
22569
22435
22346
22262
22248
22194
22187
22168
22145
22135
22086
22048
21865
21856
21771
21761
21724
21673
21666
21659
21530
21516
21498
21442
21431
21262
21258
21175
21124
21045
21038
20923
20877
20858
20824
20822
20756
20693
20653
20626
20596
20444
20405
20382
20365
20314
20307
20294
20278
20260
20095
20087
20080
20061
20050
20002
19994
19921
19885
19787
19760
19721
19661
19654
19647
19635
19551
19544
19427
19397
19299
19118
19216
19190
19187
19135
19127
19118
18953
18874
18809
18770
18755
18701
18641
18585
18560
18490
18394
18337
18308
18307
18290
18229
18224
18146
18035
18018
18014
17979
17910
17887
17775
17775
17741
17679
17518
17462
17449
17391
17360
17321
17302
17300
17291
17246
17243
17241
17179
17072
17043
17038
17020
16977
16969
16925
16802
16788
16780
16763
16746
16722
16660
16565
16564
16494
16450
16448
16425
16414
16397
16389
16360
16258
16237
16232
16168
16144
16113
16001
15996
15975
15974
15966
15956
15928
15794
15752
15724
15720
15703
15561
15522
15426
15422
15334
15326
15290
15278
15210
15163
15101
15048
15023
14955
14942
14812
14807
14795
14750
14679
14660
14655
14583
14582
14578
14564
14543
14537
14524
14514
14509
14479
14430
14415
14410
14403
14366
14351
14348
14345
14294
14258
14076
14057
14001
13938
13932
13919
13914
13893
13889
13877
13866
13840
13736
13733
13718
13705
13666
13646
13611
13587
13579
13571
13558
13537
13522
13519
13473
13432
13419
13398
13388
13378
13346
13334
13328
13314
13277
13271
13259
13259
13182
13108
13060
13037
12993
12971
12961
12948
12943
12913
12907
12855
12849
12834
12831
12828
12826
12820
12814
12805
12764
12757
12744
12736
12706
12705
12700
12666
12651
12641
12634
12577
12573
12514
12514
12479
12436
12428
12395
12354
12321
12317
12301
12296
12284
12274
12227
12226
12184
12180
12169
12096
12094
12077
12005
11992
11980
11939
11933
11927
11920
11903
11880
11861
11859
11848
11847
11841
11723
11714
11702
11643
11640
11625
11613
11599
11583
11579
11530
11465
11457
11454
11428
11426
11356
11332
11306
11296
11268
11202
11181
11174
11137
11130
11111
11108
11088
11061
11035
11028
10991
10953
10950
10939
10884
10880
10854
10842
10822
10816
10715
10678
10677
10644
10602
10474
10458
10428
10373
10348
10342
10329
10324
10321
10312
10308
10291
10269
10263
10249
10247
10233
10199
10190
10181
10176
10163
10146
10089
10084
10082
10059
10021
10017
10015
10017
10012
9991
9995
9984
9984
9974
9944
9937
9924
9921
9900
9872
9867
9840
9814
9812
9806
9770
9768
9759
9739
9725
9719
9687
9683
9681
9678
9675
9668
9665
9659
9647
9630
9626
9615
9613
9583
9573
9567
9553
9550
9520
9515
9509
9481
9466
9463
9459
9454
9446
9438
9425
9408
9397
9368
9359
9351
9344
9308
9302
9271
9264
9246
9244
9242
9235
9216
9194
9188
9187
9147
9115
9090
9044
9042
9034
9007
9006
8975
8973
8945
8919
8897
8878
8874
8862
8837
8836
8835
8808
8805
8795
8785
8773
8771
8765
8699
8694
8656
8644
8643
8638
8629
8582
8581
8568
8547
8527
8501
8490
8482
8466
8458
8451
8450
8425
8423
8357
8356
8355
8353
8338
8335
8335
8335
8334
8330
8314
8313
8286
8283
8281
8278
8268
8267
8262
8260
8259
8256
8251
8244
8232
8232
8220
8219
8215
8212
8186
8177
8144
8131
8129
8126
8059
8045
8031
8013
8008
7982
7953
7920
7907
7902
7789
7871
7843
7832
7827
7789
7783
7769
7763
7760
7759
7727
7695
7688
7642
7641
7641
7619
7604
7603
7583
7563
7562
7528
7527
7520
7504
7489
7467
7465
7460
7458
7456
7444
7439
7429
7408
7396
7395
7390
7389
7381
7372
7353
7349
7342
7337
7312
7309
7305
7305
7302
7279
7273
7273
7261
7258
7257
7221
7173
7169
7166
7164
7160
7156
7148
7147
7140
7138
7134
7123
7109
7100
7088
7087
7082
7078
7061
7057
7055
7046
7035
7033
7028
7021
7007
7004
6985
6972
6971
6965
6962
6945
6913
6907
6907
6891
6884
6860
6856
6833
6833
6821
6820
6819
6806
6803
6801
6800
6799
6796
6781
6767
6763
6763
6748
6747
6730
6726
6717
6712
6700
6698
6681
6678
6650
6649
6636
6635
6629
6625
6621
6615
6614
6607
6601
6601
6600
6595
6580
6578
6559
6535
6534
6529
6528
6514
6504
6503
6501
6487
6476
6474
6458
6456
6453
6452
6450
6443
6442
6441
6436
6433
6430
6413
6397
6377
6375
6372
6352
6335
6332
6325
6314
6311
6309
6294
6288
6283
6274
6259
6256
6253
6247
6247
6243
6238
6236
6210
6209
6205
6202
6198
6171
6169
6167
6167
6167
6160
6144
6130
6110
6107
6105
6088
6087
6085
6083
6072
6066
6064
6033
6029
6020
6019
6016
6013
5996
5994
5991
5986
5986
5986
5967
5943
5943
5936
5934
5920
5914
5912
5908
5901
5894
5880
5878
5877
5875
5868
5863
5848
5843
5829
5824
5824
5816
5814
5809
5808
5806
5806
5788
5763
5762
5754
5747
5742
5738
5738
5737
5734
5733
5728
5726
5724
5714
5702
5697
5693
5682
5674
5662
5655
5641
5640
5638
5635
5630
5629
5628
5607
5597
5585
5584
5576
5574
5570
5565
5558
5557
5550
5541
5531
5529
5528
5524
5521
5519
5515
5507
5488
5487
5495
5483
5465
5458
5453
5452
5451
5449
5448
5438
5436
5435
5413
5413
5408
5405
5405
5400
5399
5395
5384
5375
5375
5373
5372
5371
5371
5361
5250
5359
5358
5355
5345
5345
5341
5340
5338
5334
5325
5318
5306
5296
5291
5288
5287
5283
5280
5272
5271
5265
5262
5262
5252
5252
5249
5248
5243
5243
5240
5233
5233
5221
5221
5213
5207
5195
5192
5191
5181
5176
5176
5173
5172
5164
5159
5155
5145
5144
5143
5137
5135
5128
5127
5124
5108
5094
5088
5086
5085
5080
5079
5070
5069
5059
5058
5055
5049
5045
5038
5034
5034
5033
5032
5028
5025
5023
5015
5011
5007
5007
4999
4996
4992
4989
4985
4985
4981
4974
4964
4963
4956
4937
4931
4931
4927
4920
4917
4916
4914
4909
4906
4899
4898
4898
4897
4889
4887
4885
4879
4872
4871
4870
4869
4867
4866
4861
4851
4850
4848
4841
4839
4836
4836
4833
4830
4830
4827
4826
4819
4819
4815
4807
4805
4800
4798
4797
4796
4789
4781
4779
4769
4756
4756
4753
4749
4746
4743
4742
4740
4739
4731
4731
4727
4727
4725
4723
4721
4712
4711
4710
4704
4702
4702
4698
4697
4694
4693
4669
4666
4665
4664
4659
4658
4657
4655
4655
4651
4650
4648
4647
4645
4642
4630
4624
4621
4617
4613
4610
4608
4605
4601
4591
4581
4580
4577
4560
4557
4555
4554
4552
4550
4548
4547
4547
4545
4544
4539
4534
4529
4526
4523
4519
4515
4514
4512
4509
4507
4502
4500
4496
4495
4491
4489
4489
4488
4485
4484
4482
4475
4475
4472
4463
4463
4462
4456
4455
4450
4440
4434
4430
4428
4427
4424
4422
4414
4403
4401
4396
4395
4393
4388
4378
4377
4377
4377
4369
4368
4357
4355
4351
4349
4349
4348
4341
4334
4334
4326
4321
4321
4320
4317
4312
4309
4309
4309
4306
4297
4289
4289
4287
4286
4286
4277
4274
4264
4264
4262
4260
4260
4260
4258
4255
4250
4246
4245
4239
4238
4237
4232
4231
4227
4225
4223
4223
4222
4220
4208
4202
4201
4197
4188
4184
4182
4178
4178
4178
4177
4175
4170
4168
4165
4164
4159
4159
4158
4154
4140
4139
4135
4129
4124
4120
4118
4113
4112
4112
4107
4106
4104
4097
4094
4090
4088
4082
4081
4081
4077
4075
4075
4070
4069
4067
4065
4062
4053
4051
4050
4049
4048
4046
4046
4042
4041
4040
4035
4032
4030
4029
4028
4018
4017
4015
4013
4013
4011
4010
4010
4009
4004
4001
4000
3996
3995
4018
3992
3991
3991
3989
3985
3984
3978
3977
3974
3973
3972
3967
3964
3962
3960
3956
3954
3952
3950
3948
3946
3946
3945
3945
3939
3937
3935
3931
3931
3926
3926
3925
3924
3919
3919
3918
3914
3910
3910
3907
3904
3902
3897
3894
3893
3890
3889
3885
3884
3884
3882
3881
3874
3865
3864
3864
3859
3859
3852
3851
3841
3839
3839
3838
3834
3831
3831
3831
3828
3820
3819
3816
3816
3814
3814
3814
3808
3803
3801
3798
3793
3786
3781
3776
3775
3767
3764
3762
3759
3755
3753
3750
3748
3748
3744
3744
3743
3739
3737
3729
3729
3727
3721
3717
3710
3708
3707
3706
3705
3704
3704
3702
3701
3700
3697
3697
3696
3690
3688
3687
3686
3686
3685
3683
3674
3673
3668
3668
3663
3662
3662
3659
3654
3652
3649
3649
3648
3640
3639
3639
3633
3632
3630
3629
3627
3626
3626
3624
3624
3624
3624
3621
3620
3615
3614
3612
3610
3610
3609
3608
3603
3603
3602
3602
3599
3597
3596
3595
3591
3590
3587
3585
3584
3584
3582
3578
3578
3573
3569
3569
3567
3560
3558
3558
3557
3556
3556
3554
3550
3547
3544
3543
3541
3540
3550
3534
3532
3530
3528
3527
3527
3526
3523
3519
3518
3518
3517
3517
3514
3513
3512
3508
3507
3504
3504
3502
3498
3496
3494
3491
3380
3489
3489
3488
3486
3484
3481
3480
3479
3479
3478
3477
3476
3474
3473
3473
3471
3471
3468
3466
3466
3460
3460
3452
3448
3443
3443
3436
3433
3431
3429
3429
3428
3426
3426
3424
3423
3422
3420
3420
3419
3417
3414
3414
3413
3413
3412
3410
3408
3407
3406
3405
3404
3402
3400
3398
3393
3389
3385
3384
3381
3380
3380
3378
3376
3374
3374
3370
3369
3368
3367
3366
3366
3365
3365
3360
3359
3357
3354
3353
3353
3349
3349
3348
3343
3342
3340
3340
3338
3336
3335
3335
3331
3328
3326
3325
3320
3320
3313
3311
3303
3303
3302
3301
3301
3300
3298
3297
3297
3296
3296
3293
3291
3288
3288
3288
3287
3287
3286
3275
3274
3274
3273
3273
3265
3263
3263
3260
3256
3251
3250
3249
3249
3246
3245
3243
3241
3239
3238
3238
3236
3236
3230
3230
3229
3227
3227
3223
3223
3223
3221
3220
3220
3219
3216
3215
3214
3212
3209
3209
3209
3205
3205
3203
3202
3201
3198
3198
3197
3197
3195
3192
3191
3191
3190
3190
3188
3185
3185
3183
3183
3182
3181
3180
3180
3177
3174
3172
3170
3170
3170
3170
3169
3168
3166
3166
3165
3164
3162
3162
3162
3157
3154
3152
3152
3151
3150
3149
3148
3145
3145
3143
3142
3141
3139
3137
3132
3130
3129
3128
3126
3126
3126
3122
3122
3122
3122
3117
3116
3114
3111
3110
3109
3106
3104
3100
3099
3097
3097
3095
3094
3092
3090
3090
3089
3088
3087
3087
3085
3085
3083
3077
3075
3074
3072
3072
3071
3071
3071
3069
3069
3068
3067
3066
3066
3065
3065
3063
3062
3062
3061
3061
3061
3060
3060
3059
3056
3051
3051
3050
3048
3046
3045
3043
3042
3042
3042
3039
3036
3035
3032
3031
3028
3027
3025
3023
3023
3022
3021
3020
3020
3020
3020
3020
3019
3019
3019
3018
3018
3016
3015
3014
3014
3012
3011
3010
3009
3007
3007
3005
3004
3002
3000
