477942
270477
263041
228956
220678
216939
182864
182787
181043
173126
172699
156129
149993
133140
131547
124002
121914
121833
120988
118660
115517
111969
110724
110098
109673
108402
107788
107662
104996
103503
102691
102595
101250
101121
100567
96801
96748
96007
95873
95327
93780
92111
91680
91650
91232
91018
88897
86401
83699
83579
83288
83061
82887
82833
81508
81489
81209
81053
79956
79556
78850
78715
78124
77914
77447
76472
76443
76227
76171
76084
75857
74353
74254
74050
73230
72888
72628
71968
71181
71085
70758
70334
69585
69545
68964
68504
68433
67931
67918
67862
67799
67685
67596
67588
67444
67021
66854
66443
66089
66014
65981
65923
65645
65560
65429
64836
64465
64238
63995
63968
63516
62338
61738
61736
61715
61336
61201
61102
60477
60123
59350
58856
58686
58345
58208
58077
58049
57944
57823
57236
57204
57162
57144
56874
55909
55700
55469
55388
55381
55165
55064
54705
54595
54573
54538
54167
54129
53387
52965
52323
52036
51329
51219
51138
50852
50733
50642
50081
49539
49372
48777
48773
48550
48362
48227
48090
47987
47692
47432
47178
47079
47020
46944
46486
46304
46299
46275
46099
45178
45161
44964
44943
44792
44539
44411
44370
44299
44272
44183
44179
44156
44143
44052
43815
43742
43713
43667
43613
43585
43539
43177
43157
43122
43101
42823
42762
42755
42631
42623
42486
42168
42055
41937
41773
41638
41482
41401
41335
41315
41000
40910
40749
40672
40659
40587
40507
40499
40372
40176
40147
40098
40077
40076
40018
39374
39255
39201
39078
38933
38691
38657
38462
38412
38309
38264
38130
38017
37909
37831
37596
37486
37428
37362
37108
36993
36926
36900
36835
36781
36632
36600
36522
36254
36249
36239
36214
36166
36156
36102
36081
35779
35623
35618
35500
35455
35364
35168
35124
34895
34830
34730
34554
34520
34390
34285
34224
34202
34028
33850
33781
33622
33540
33491
33448
33320
33249
33183
33173
33140
33004
32932
32890
32784
32704
32554
32492
32404
32398
32135
32045
31979
31886
31855
31809
31764
31635
31633
31483
31483
31406
31389
31363
31323
31267
31243
31156
31074
30857
30775
30721
30712
30700
30600
30537
30504
30162
30108
29947
29925
29921
29910
29900
29890
29726
29656
29530
29523
29487
29407
29347
29345
29134
28826
28797
28747
28741
28719
28697
28608
28598
28548
28499
28468
28403
28287
28269
28263
28253
28224
28067
28040
27887
27872
27836
27729
27714
27660
27648
27612
27472
27455
27427
27350
27314
27246
27246
27218
27177
27145
27125
27088
27073
27016
27016
27010
26650
26621
26609
26530
26384
26299
26289
26251
26194
26174
26107
26054
26038
25799
25784
25779
25770
25770
25712
25671
25553
25545
25533
25494
25438
25418
25380
25329
25262
25262
25099
25069
25007
24977
24926
24834
24824
24759
24652
24646
24644
24637
24621
24570
24508
24322
24268
24246
24185
24110
24052
24034
24001
23984
23968
23934
23929
23920
23894
23820
23814
23784
23778
23743
23650
23646
23602
23563
23528
23507
23449
23444
23424
23315
23314
23284
23246
23165
23143
23093
23065
23051
23039
22984
22951
22817
22793
22687
22666
22663
22639
22571
22555
22476
22463
22461
22446
22432
22415
22383
22353
22305
22271
22270
22253
22221
22185
22149
22128
22093
22090
22068
22018
22011
22010
21995
21975
21968
21875
21744
21716
21695
21575
21560
21525
21523
21481
21470
21457
21430
21404
21385
21362
21303
21287
21227
21194
21179
21159
21098
21086
21085
21066
21058
21026
20989
20988
20907
20885
20885
20878
20803
20770
20737
20735
20698
20697
20667
20626
20616
20540
20514
20482
20462
20452
20444
20393
20347
20342
20332
20297
20252
20218
20177
20152
20139
20133
20116
20056
20043
20023
19986
19867
19863
19848
19846
19772
19738
19682
19656
19653
19625
19621
19608
19596
19530
19525
19485
19386
19354
19342
19342
19321
19281
19187
19171
19152
19142
19137
19099
19086
19064
19061
19024
19016
19002
18994
18918
18906
18847
18835
18774
18751
18740
18656
18641
18623
18620
18594
18578
18542
18516
18515
18511
18500
18470
18457
18442
18396
18353
18347
18327
18277
18277
18277
18267
18237
18193
18191
18129
18121
18107
18082
18057
18018
17995
17969
17962
17940
17926
17920
17917
17905
17830
17827
17825
17818
17813
17812
17762
17745
17737
17722
17696
17679
17671
17642
17601
17585
17554
17550
17509
17508
17479
17475
17458
17452
17450
17419
17399
17395
17381
17376
17356
17349
17333
17289
17211
17188
17152
17132
17127
17101
17077
17021
17014
17012
17003
17000
16974
16956
16930
16900
16882
16851
16748
16746
16745
16699
16699
16690
16669
16649
16607
16596
16593
16545
16511
16488
16473
16469
16449
16409
16407
16406
16396
16386
16386
16358
16349
16326
16298
16297
16271
16258
16235
16224
16199
16188
16188
16185
16180
16176
16172
16125
16123
16114
16060
16056
16046
16019
16002
15990
15976
15966
15963
15947
15918
15916
15913
15878
15831
15826
15820
15786
15784
15782
15761
15725
15720
15715
15705
15697
15694
15693
15680
15625
15612
15591
15574
15567
15557
15555
15554
15551
15547
15505
15482
15470
15452
15448
15421
15417
15412
15379
15378
15332
15327
15306
15298
15261
15252
15232
15203
15196
15176
15167
15144
15108
15098
15089
15075
15073
15026
15024
15013
14988
14982
14970
14964
14954
14950
14942
14920
14918
14903
14894
14878
14876
14870
14849
14832
14816
14799
14787
14771
14766
14750
14689
14665
14657
14656
14655
14649
14629
14602
14593
14583
14529
14515
14509
14493
14489
14485
14462
14450
14434
14428
14408
14396
14383
14369
14362
14333
14333
14316
14303
14284
14283
14281
14217
14205
14199
14197
14154
14138
14135
14135
14121
14120
14107
14100
14097
14066
14061
14049
14047
14011
14007
13990
13984
13981
13976
13971
13964
13963
13919
13917
13911
13905
13900
13891
13880
13869
13862
13859
13840
13838
13837
13826
13811
13804
13802
13784
13768
13753
13732
13724
13717
13715
13705
13702
13696
13690
13684
13680
13660
13659
13658
13649
13648
13648
13645
13645
13613
13612
13586
13555
13552
13546
13537
13535
13525
13521
13520
13514
13484
13475
13473
13471
13463
13444
13424
13412
13409
13401
13397
13376
13375
13374
13372
13369
13346
13312
13308
13271
13268
13255
13239
13214
13211
13207
13190
13175
13148
13140
13132
13116
13109
13105
13097
13097
13090
13066
13064
13055
13036
13034
13024
13016
13011
13006
13002
12997
12981
12967
12959
12954
12953
12942
12935
12923
12915
12908
12892
12886
12876
12875
12852
12851
12845
12820
12814
12781
12770
12769
12766
12762
12715
12711
12695
12668
12663
12663
12661
12657
12652
12643
12637
12636
12631
12628
12615
12609
12569
12492
12472
12463
12461
12450
12445
12442
12440
12431
12428
12426
12422
12412
12404
12398
12389
12378
12369
12358
12353
12349
12324
12308
12306
12297
12279
12263
12252
12242
12242
12225
12215
12200
12189
12183
12182
12169
12154
12143
12143
12126
12111
12099
12083
12081
12076
12075
12074
12073
12072
12071
12069
12044
12037
12006
12005
12004
11993
11955
11902
11876
11868
11861
11859
11858
11839
11832
11830
11830
11827
11826
11812
11789
11784
11782
11769
11753
11747
11743
11738
11734
11723
11720
11712
11681
11678
11666
11661
11650
11636
11634
11625
11622
11620
11617
11616
11611
11610
11599
11592
11589
11577
11571
11569
11557
11553
11551
11537
11503
11502
11502
11501
11498
11493
11489
11488
11488
11469
11465
11448
11447
11398
11396
11396
11395
11389
11384
11368
11363
11352
11318
11317
11297
11291
11273
11265
11252
11245
11236
11193
11167
11164
11160
11149
11126
11083
11076
11065
11058
11035
11019
11015
11014
11014
11013
11012
11008
10989
10987
10985
10985
10975
10973
10967
10948
10946
10913
10897
10894
10893
10879
10872
10867
10855
10832
10830
10795
10786
10780
10776
10768
10745
10735
10725
10721
10717
10702
10699
10682
10663
10649
10648
10647
10641
10638
10621
10620
10619
10606
10602
10591
10580
10580
10579
10572
10556
10548
10548
10547
10527
10523
10501
10489
10488
10484
10481
10481
10481
10479
10474
10470
10468
10466
10462
10443
10438
10430
10427
10420
10408
10407
10406
10400
10390
10386
10382
10374
10371
10371
10357
10350
10339
10338
10325
10323
10316
10313
10308
10304
10300
10300
10297
10296
10292
10274
10253
10247
10239
10237
10231
10224
10222
10221
10220
10219
10219
10218
10188
10169
10163
10144
10140
10138
10137
10122
10117
10116
10094
10088
10085
10062
10041
10023
10018
9976
9969
9935
9924
9922
9917
9914
9902
9902
9887
9881
9881
9880
9874
9838
9820
9788
9787
9785
9782
9780
9773
9763
9763
9756
9754
9751
9746
9741
9740
9740
9724
9709
9709
9697
9690
9682
9681
9677
9674
9670
9665
9664
9645
9634
9630
9626
9618
9600
9583
9580
9571
9562
9548
9540
9540
9534
9534
9522
9501
9499
9497
9496
9489
9488
9485
9485
9469
9458
9455
9443
9434
9431
9420
9417
9410
9410
9397
9397
9394
9384
9375
9371
9365
9345
9341
9339
9336
9324
9321
9312
9307
9304
9303
9302
9301
9299
9294
9293
9288
9284
9269
9266
9259
9238
9221
9208
9203
9201
9191
9180
9179
9174
9173
9169
9151
9140
9128
9123
9122
9109
9108
9104
9100
9092
9090
9082
9074
9072
9070
9070
9067
9061
9061
9051
9050
9043
9040
9037
9033
9031
9030
9026
9022
9005
9003
8999
8992
8992
8992
8982
8973
8970
8970
8947
8945
8941
8940
8937
8931
8916
8897
8895
8878
8873
8869
8865
8863
8857
8855
8851
8844
8830
8826
8820
8814
8808
8807
8795
8794
8776
8773
8772
8763
8749
8746
8730
8729
8725
8713
8704
8702
8689
8687
8674
8671
8664
8653
8651
8644
8641
8641
8638
8637
8632
8625
8623
8615
8612
8609
8609
8605
8603
8599
8593
8592
8587
8587
8586
8581
8581
8580
8577
8571
8565
8559
8546
8542
8529
8517
8516
8506
8502
8499
8490
8489
8486
8481
8474
8473
8467
8464
8462
8438
8435
8392
8423
8423
8414
8411
8408
8379
8378
8372
8369
8364
8362
8358
8357
8356
8351
8343
8341
8339
8337
8336
8336
8334
8334
8333
8326
8318
8314
8305
8305
8302
8295
8290
8286
8281
8280
8273
8271
8263
8261
8259
8255
8254
8245
8245
8240
8232
8226
8221
8216
8215
8214
8208
8206
8205
8202
8200
8183
8177
8175
8165
8159
8156
8155
8153
8148
8147
8147
8146
8145
8144
8140
8137
8134
8134
8130
8129
8119
8108
8106
8104
8102
8100
8095
8091
8085
8082
8080
8079
8070
8065
8063
8051
8045
8045
8039
8037
8035
8032
8031
8031
8018
8014
8014
8012
8005
8002
7997
7984
7982
7981
7978
7976
7972
7969
7968
7958
7957
7956
7953
7952
7949
7948
7947
7941
7932
7931
7929
7927
7924
7919
7918
7885
7875
7874
7873
7872
7863
7856
7847
7842
7831
7826
7824
7815
7813
7809
7801
7798
7789
7788
7784
7784
7764
7762
7748
7745
7743
7739
7735
7727
7724
7721
7721
7704
7704
7698
7692
7686
7684
7679
7672
7670
7665
7665
7663
7659
7659
7659
7651
7638
7638
7636
7633
7629
7625
7621
7617
7617
7613
7611
7610
7608
7601
7600
7598
7597
7594
7591
7590
7575
7575
7575
7571
7564
7562
7561
7561
7557
7554
7553
7547
7539
7535
7525
7525
7519
7517
7505
7505
7505
7504
7499
7499
7493
7491
7482
7481
7481
7466
7466
7464
7459
7454
7452
7443
7437
7431
7425
7425
7424
7421
7420
7413
7412
7404
7401
7401
7401
7398
7397
7395
7390
7390
7382
7381
7379
7378
7375
7373
7372
7344
7333
7318
7316
7315
7314
7314
7296
7296
7294
7288
7282
7282
7281
7270
7269
7259
7254
7252
7249
7244
7241
7240
7240
7240
7239
7239
7233
7229
7229
7229
7228
7228
7227
7217
7216
7212
7203
7201
7195
7168
7168
7164
7160
7160
7155
7149
7140
7139
7137
7135
7125
7125
7121
7113
7111
7106
7105
7102
7100
7098
7091
7088
7088
7068
7059
7052
7048
7046
7039
7037
7033
7030
7027
7025
7021
7018
7014
7002
7001
7001
6993
6988
6986
6985
6984
6977
6976
6965
6965
6962
6954
6954
6952
6944
6941
6938
6937
6933
6932
6928
6905
6903
6902
6902
6900
6895
6878
6877
6875
6864
6864
6861
6855
6854
6852
6850
6850
6848
6841
6839
6837
6836
6835
6835
6824
6823
6821
6820
6819
6819
6814
6807
6805
6800
6796
6796
6789
6786
6786
6785
6784
6783
6783
6778
6773
6763
6762
6758
6742
6742
6740
6731
6724
6724
6722
6721
6720
6719
6718
6717
6717
6716
6712
6709
6705
6700
6700
6699
6695
6695
6691
6687
6686
6680
6680
6675
6675
6675
6673
6667
6665
6664
6654
6649
6649
6645
6640
6639
6637
6628
6628
6626
6626
6620
6619
6619
6615
6615
6614
6610
6610
6610
6603
6598
6597
6596
6596
6593
6592
6586
6584
6583
6582
6581
6574
6572
6571
6568
6559
6557
6553
6544
6541
6530
6528
6527
6526
6520
6515
6488
6484
6483
6476
6476
6474
6473
6468
6462
6457
6455
6455
6450
6450
6445
6440
6437
6433
6430
6430
6428
6425
6421
6420
6420
6417
6416
6411
6411
6409
6409
6396
6396
6392
6391
6390
6389
6386
6379
6367
6363
6359
6352
6350
6346
6345
6344
6343
6343
6343
6338
6338
6335
6334
6329
6322
6317
6310
6307
6307
6306
6304
6304
6298
6296
6289
6286
6285
6284
6283
6279
6278
6272
6272
6271
6267
6264
6264
6262
6259
6256
6250
6248
6246
6246
6245
6243
6232
6231
6219
6216
6215
6212
6209
6207
6203
6201
6196
6194
6190
6189
6187
6182
6180
6180
6180
6176
6170
6167
6166
6158
6155
6150
6149
6144
6143
6141
6140
6136
6134
6133
6131
6129
6126
6123
6123
6122
6121
6120
6117
6115
6114
6105
6105
6099
6095
6089
6086
6078
6077
6073
6068
6068
6067
6065
6059
6058
6057
6057
6053
6048
6043
6037
6035
6035
6028
6024
6018
6016
6015
6014
6011
6008
6005
6005
6002
5993
5992
5991
5991
5990
5986
5985
5982
5980
5979
5977
5976
5974
5971
5969
5966
5953
5952
5949
5949
5947
5946
5941
5935
5935
5934
5929
5923
5919
5916
5914
5914
5913
5900
5892
5890
5885
5884
5883
5882
5881
5879
5878
5877
5877
5877
5875
5870
5868
5868
5863
5862
5858
5854
5851
5851
5851
5850
5849
5848
5847
5844
5842
5837
5835
5831
5818
5815
5815
5811
5810
5808
5802
5796
5788
5787
5782
5779
5778
5773
5764
5760
5757
5752
5750
5750
5746
5746
5746
5743
5738
5737
5736
5733
5732
5732
5731
5729
5724
5722
5720
5713
5712
5707
5706
5703
5702
5700
5698
5693
5687
5675
5672
5671
5666
5665
5663
5660
5658
5656
5656
5655
5652
5651
5651
5648
5645
5644
5638
5633
5631
5623
5622
5617
5613
5611
5611
5610
5610
5608
5606
5599
5590
5589
5588
5583
5578
5572
5571
5563
5563
5562
5561
5560
5557
5552
5549
5547
5545
5543
5543
5533
5531
5531
5531
5525
5520
5520
5516
5515
5511
5502
5502
5500
5499
5498
5496
5496
5495
5493
5488
5481
5478
5476
5476
5472
5470
5469
5466
5459
5458
5455
5453
5452
5446
5441
5440
5439
5436
5432
5430
5425
5424
5421
5419
5415
5414
5407
5406
5401
5400
5399
5397
5393
5377
5376
5376
5371
5359
5358
5355
5352
5348
5348
5345
5340
5337
5332
5329
5325
5322
5321
5321
5319
5318
5315
5314
5314
5313
5313
5313
5311
5305
5305
5304
5303
5303
5296
5296
5293
5291
5290
5287
5286
5284
5283
5280
5279
5278
5271
5271
5268
5267
5264
5262
5255
5254
5254
5252
5250
5250
5249
5248
5247
5245
5244
5240
5240
5234
5234
5227
5225
5225
5213
5213
5211
5211
5206
5205
5204
5203
5194
5193
5192
5192
5188
5188
5186
5185
5181
5181
5180
5176
5176
5173
5173
5170
5166
5166
5152
5149
5146
5142
5141
5141
5140
5133
5132
5132
5122
5122
5120
5118
5117
5116
5110
5106
5104
5103
5096
5095
5089
5086
5076
5066
5066
5063
5062
5060
5059
5057
5054
5052
5050
5047
5046
5044
5043
5038
5038
5036
5032
5026
5025
5023
5018
5016
5009
5007
5007
5006
5004
4992
4988
4987
4985
4985
4983
4978
4975
4975
4966
4966
4963
4962
4962
4960
4958
4954
4954
4951
4948
4947
4947
4946
4946
4945
4945
4945
4940
4940
4937
4935
4934
4932
4932
4931
4927
4926
4925
4918
4914
4913
4911
4909
4909
4898
4897
4896
4894
4892
4890
4890
4889
4886
4884
4883
4871
4871
4870
4869
4869
4868
4861
4857
4854
4853
4852
4850
4847
4844
4840
4839
4839
4838
4834
4834
4833
4832
4829
4827
4822
4820
4817
4816
4815
4814
4813
4811
4806
4804
4803
4802
4802
4799
4797
4795
4795
4794
4793
4792
4791
4791
4791
4788
4782
4779
4777
4776
4775
4774
4772
4771
4771
4769
4766
4765
4764
4759
4758
4755
4751
4751
4749
4748
4742
4742
4737
4737
4735
4734
4732
4731
4724
4723
4718
4715
4713
4710
4709
4708
4707
4706
4705
4705
4702
4701
4694
4690
4688
4687
4687
4687
4685
4684
4681
4680
4678
4677
4674
4673
4671
4669
4667
4664
4657
4655
4653
4652
4651
4651
4649
4649
4646
4643
4643
4643
4642
4642
4639
4639
4638
4637
4635
4631
4630
4630
4625
4625
4622
4621
4618
4617
4616
4613
4612
4611
4611
4610
4608
4606
4605
4604
4604
4602
4602
4601
4601
4600
4597
4595
4594
4592
4591
4588
4587
4583
4581
4580
4580
4578
4577
4577
4576
4576
4575
4574
4572
4569
4566
4566
4565
4562
4561
4554
4552
4547
4547
4546
4546
4541
4541
4538
4535
4535
4531
4531
4530
4529
4526
4526
4526
4526
4520
4519
4518
4516
4512
4512
4509
4504
4501
4499
4499
4497
4495
4495
4492
4491
4491
4486
4486
4485
4482
4479
4479
4479
4479
4478
4478
4476
4476
4473
4472
4472
4470
4468
4467
4464
4463
4462
4462
4460
4460
4458
4457
4453
4452
4449
4448
4446
4445
4443
4442
4442
4440
4440
4439
4438
4438
4437
4434
4430
4430
4428
4427
4427
4426
4426
4426
4425
4424
4424
4422
4415
4413
4412
4411
4410
4409
4404
4403
4402
4401
4400
4397
4395
4394
4394
4392
4392
4391
4391
4391
4390
4389
4388
4387
4384
4384
4382
4381
4378
4377
4376
4375
4375
4375
4374
4373
4369
4365
4361
4360
4359
4358
4357
4355
4355
4352
4352
4351
4351
4349
4349
4346
4340
4337
4334
4333
4333
4332
4332
4331
4330
4329
4329
4325
4322
4320
4319
4319
4318
4316
4315
4314
4313
4312
4311
4310
4308
4306
4299
4297
4294
4294
4294
4293
4291
4290
4286
4286
4281
4281
4276
4273
4272
4270
4268
4265
4265
4264
4264
4260
4258
4257
4256
4255
4254
4253
4252
4251
4250
4248
4247
4246
4245
4244
4241
4239
4239
4239
4238
4238
4238
4237
4236
4235
4234
4232
4231
4228
4228
4227
4225
4224
4218
4217
4216
4214
4214
4213
4213
4213
4213
4212
4207
4206
4202
4193
4192
4191
4189
4188
4186
4184
4182
4182
4182
4181
4178
4177
4175
4172
4171
4170
4169
4166
4166
4165
4165
4161
4160
4160
4159
4159
4158
4158
4154
4149
4147
4147
4147
4147
4146
4145
4144
4143
4143
4139
4138
4138
4136
4136
4136
4134
4134
4133
4131
4128
4128
4127
4127
4121
4117
4117
4117
4115
4112
4110
4108
4108
4105
4105
4103
4103
4101
4100
4098
4097
4096
4095
4095
4095
4095
4092
4088
4087
4085
4084
4084
4084
4084
4084
4082
4081
4079
4079
4079
4078
4078
4077
4076
4076
4075
4073
4071
4070
4070
4069
4068
4068
4066
4066
4065
4062
4060
4060
4059
4056
4055
4054
4053
4052
4052
4049
4049
4049
4049
4048
4047
4047
4046
4045
4044
4043
4042
4041
4039
4039
4037
4031
4030
4030
4025
4020
4018
4018
4017
4015
4014
4013
4013
4010
4009
4008
4006
4002
4002
4001
3997
3995
3994
3994
3991
3991
3988
3988
3987
3986
3985
3983
3982
3979
3979
3979
3977
3973
3971
3971
3969
3969
3968
3964
3964
3964
3964
3963
3962
3961
3960
3959
3957
3957
3957
3955
3954
3953
3953
3952
3951
3951
3951
3947
3946
3946
3944
3942
3941
3940
3939
3939
3939
3938
3936
3934
3934
3933
3929
3927
3926
3925
3925
3924
3920
3920
3919
3918
3914
3914
3914
3913
3913
3912
3911
3911
3911
3910
3909
3908
3906
3906
3901
3898
3897
3897
3896
3896
3892
3892
3890
3890
3890
3885
3884
3884
3884
3884
3884
3882
3878
3877
3877
3874
3874
3873
3871
3870
3870
3869
3869
3867
3866
3866
3860
3859
3859
3858
3858
3858
3857
3855
3855
3853
3853
3851
3847
3846
3846
3846
3845
3845
3844
3841
3841
3839
3837
3835
3835
3833
3833
3830
3830
3830
3828
3826
3826
3824
3821
3817
3816
3816
3816
3815
3814
3814
3813
3812
3812
3812
3811
3810
3809
3809
3809
3808
3806
3806
3806
3805
3804
3804
3803
3803
3802
3802
3801
3792
3792
3791
3791
3791
3791
3787
3786
3785
3784
3782
3781
3780
3779
3778
3778
3777
3777
3775
3774
3773
3773
3770
3768
3768
3767
3766
3766
3766
3765
3761
3759
3758
3757
3757
3755
3754
3754
3753
3752
3750
3749
3748
3748
3747
3745
3742
3738
3736
3735
3734
3733
3732
3728
3726
3724
3723
3722
3721
3718
3718
3717
3717
3715
3711
3711
3709
3709
3709
3708
3708
3707
3706
3706
3705
3704
3704
3704
3701
3700
3699
3699
3699
3698
3697
3696
3694
3693
3693
3693
3692
3689
3687
3687
3686
3685
3683
3680
3677
3675
3675
3675
3673
3672
3671
3669
3669
3669
3668
3668
3667
3667
3663
3663
3661
3660
3659
3657
3656
3654
3654
3654
3652
3651
3650
3650
3649
3648
3647
3647
3645
3644
3644
3638
3637
3637
3637
3635
3633
3633
3631
3630
3627
3627
3625
3623
3621
3620
3619
3619
3619
3616
3616
3614
3613
3612
3612
3611
3611
3611
3607
3606
3606
3602
3602
3601
3599
3598
3597
3596
3596
3595
3594
3594
3594
3593
3593
3592
3592
3591
3590
3589
3586
3585
3583
3583
3583
3582
3581
3581
3581
3577
3576
3575
3574
3574
3574
3574
3571
3571
3570
3570
3570
3570
3569
3568
3567
3565
3565
3565
3564
3562
3562
3561
3560
3560
3560
3560
3559
3558
3557
3555
3553
3550
3548
3548
3548
3546
3546
3544
3543
3543
3544
3540
3540
3539
3538
3538
3538
3538
3538
3538
3538
3538
3536
3535
3535
3535
3534
3533
3532
3532
3531
3531
3531
3530
3530
3529
3527
3526
3526
3524
3524
3524
3524
3522
3522
3520
3520
3519
3519
3518
3518
3514
3514
3514
3514
3514
3513
3513
3513
3513
3512
3512
3511
3509
3509
3509
3508
3507
3507
3504
3503
3502
3501
3501
3500
3498
3497
3497
3496
3494
3494
3493
3493
3492
3491
3490
3490
3490
3489
3488
3486
3484
3484
3484
3483
3483
3483
3482
3481
3480
3479
3478
3477
3477
3477
3476
3474
3473
3473
3472
3472
3471
3470
3470
3469
3468
3467
3467
3467
3467
3467
3467
3466
3466
3466
3465
3464
3464
3464
3462
3462
3461
3461
3459
3457
3454
3451
3449
3447
3446
3445
3445
3444
3444
3444
3443
3443
3440
3439
3438
3437
3437
3437
3434
3434
3434
3433
3432
3432
3431
3431
3429
3429
3429
3429
3427
3427
3424
3424
3422
3422
3422
3422
3419
3419
3416
3415
3413
3412
3411
3407
3407
3405
3405
3404
3403
3402
3402
3402
3401
3401
3400
3400
3399
3399
3398
3397
3396
3396
3396
3395
3393
3392
3392
3391
3391
3389
3388
3388
3387
3387
3386
3385
3383
3383
3383
3381
3379
3378
3378
3376
3375
3375
3374
3371
3370
3370
3367
3367
3367
3366
3365
3365
3361
3361
3361
3360
3359
3359
3359
3359
3358
3357
3357
3356
3355
3353
3350
3350
3349
3349
3347
3345
3344
3339
3337
3336
3336
3335
3334
3334
3330
3330
3325
3323
3321
3320
3320
3319
3319
3318
3317
3317
3317
3317
3317
3316
3315
3315
3315
3314
3314
3313
3313
3312
3310
3310
3310
3309
3309
3308
3307
3307
3304
3303
3301
3300
3300
3300
3300
3299
3299
3298
3297
3297
3295
3295
3294
3293
3292
3291
3291
3290
3290
3289
3288
3287
3286
3284
3284
3284
3283
3319
3281
3281
3281
3279
3279
3278
3276
3276
3276
3275
3275
3275
3271
3271
3269
3268
3266
3266
3265
3264
3264
3263
3263
3263
3261
3261
3260
3260
3259
3258
3257
3255
3255
3254
3254
3253
3253
3252
3252
3251
3250
3249
3249
3249
3247
3247
3244
3244
3243
3242
3242
3240
3240
3239
3239
3238
3238
3237
3237
3236
3236
3235
3234
3233
3232
3231
3231
3230
3230
3228
3228
3228
3226
3226
3224
3224
3223
3222
3220
3220
3219
3218
3218
3218
3218
3218
3217
3216
3215
3215
3214
3214
3214
3212
3212
3212
3210
3210
3209
3209
3204
3204
3203
3203
3202
3202
3201
3200
3200
3199
3199
3197
3197
3197
3196
3195
3195
3194
3194
3193
3193
3192
3192
3192
3191
3190
3189
3188
3187
3187
3186
3185
3185
3185
3184
3184
3183
3182
3180
3179
3178
3178
3177
3175
3175
3174
3173
3171
3170
3170
3170
3170
3170
3169
3169
3168
3167
3167
3165
3165
3164
3164
3163
3162
3162
3162
3161
3160
3160
3159
3158
3158
3157
3157
3155
3155
3154
3154
3153
3151
3151
3150
3149
3149
3147
3147
3146
3145
3145
3145
3144
3144
3143
3143
3142
3139
3139
3138
3138
3133
3132
3131
3131
3131
3130
3130
3130
3130
3128
3128
3127
3126
3126
3125
3124
3124
3122
3122
3122
3121
3121
3120
3120
3116
3115
3114
3113
3113
3113
3112
3111
3108
3105
3105
3102
3102
3102
3102
3101
3101
3100
3100
3100
3098
3098
3095
3094
3094
3094
3093
3093
3093
3093
3092
3090
3090
3089
3088
3087
3086
3085
3084
3083
3083
3083
3083
3082
3082
3082
3081
3081
3079
3076
3076
3075
3073
3073
3072
3071
3069
3068
3067
3067
3067
3067
3066
3066
3065
3062
3061
3061
3061
3060
3059
3058
3057
3057
3056
3056
3056
3054
3054
3053
3053
3052
3050
3050
3049
3048
3046
3046
3045
3045
3041
3041
3041
3040
3039
3039
3039
3038
3038
3038
3038
3035
3035
3035
3034
3034
3033
3032
3029
3028
3028
3027
3026
3026
3025
3025
3025
3024
3024
3023
3023
3023
3022
3020
3020
3018
3018
3018
3018
3018
3016
3015
3015
3015
3014
3014
3014
3013
3013
3011
3010
3010
3007
3006
3005
3005
3004
3004
3003
3003
3002
3002
3001
3000
3000
