890065
584918
393676
306135
286339
282788
262650
232568
213953
195521
191186
173933
155580
154955
149545
145506
133268
128747
127180
126264
124529
123388
116513
113133
111967
111506
107845
106234
99463
99228
98547
98352
95963
93998
92539
92114
91348
86432
85859
85510
85143
85108
82124
82103
81349
79538
79276
78372
77128
75801
75408
75066
74376
73842
73468
73332
70803
70033
69502
67132
66709
66667
65126
64940
64635
64143
63216
63137
63137
62793
62440
62239
61490
61029
59889
59828
59689
59219
59215
59121
58911
58786
58724
58487
57902
57628
57519
57390
57344
57138
56090
54962
54871
54613
52538
51993
51915
51741
51669
51523
51259
50967
50942
50895
50671
50464
50240
50002
49576
49128
48958
48897
48820
48809
48327
48234
48179
48070
48037
47747
47491
47419
47098
46998
46953
46571
46520
46227
45999
45690
45545
45105
44985
44938
44729
44620
44359
44350
44336
43716
43593
43523
43404
43240
42873
42628
42606
42477
42222
42249
42124
41934
41912
41609
41486
40759
40670
40631
40425
40255
40149
40148
39879
39834
39746
39599
39298
39264
39171
39046
38750
38577
38556
38404
38258
38066
37907
37765
37748
37503
37353
37312
37193
37175
37171
37126
37109
37069
36870
36516
36358
36129
36097
36051
35997
35820
35811
35796
35775
35722
35700
35399
35320
35256
35131
34967
34961
34955
34891
34273
34226
34090
34082
33943
33699
33537
33409
33274
33273
32931
32878
32844
32755
32629
32354
32346
32228
32210
32142
32128
32117
32096
32067
32015
31919
31907
31786
31640
31548
31544
31525
31304
31229
31172
31128
31126
31107
31101
31004
30869
30857
30851
30749
30696
30647
30625
30581
30569
30566
30512
30439
30420
30396
30376
30300
30201
30193
30188
30086
30073
30059
30045
30025
29907
29816
29810
29667
29588
29547
29504
29330
29303
29265
29253
29233
29125
29040
28764
28714
28665
28570
28549
28518
28494
28491
28332
28298
28279
28239
28215
28184
28161
28137
27927
27851
27837
27775
27701
27659
27653
27643
27606
27605
27575
27420
27410
27409
27406
27401
27364
27296
27282
27273
27260
27208
27195
27153
27105
27040
27002
26995
26992
26933
26910
26875
26804
26751
26746
26744
26716
26696
26611
26562
26523
26489
26422
26374
26342
26274
26251
26195
26096
26084
26077
26099
25996
25983
25933
25912
25882
25840
25769
25769
25756
25693
25659
25617
25614
25582
25548
25529
25529
25490
25488
25466
25421
25402
25263
25221
25111
25107
25099
25086
24965
24960
24950
24935
24882
24855
24818
24746
24743
24637
24608
24595
24586
24529
24459
24449
24448
24437
24435
24417
24387
24349
24279
24272
24242
24201
24197
24167
24156
24148
24105
24092
24064
23998
23997
23994
23891
23883
23815
23770
23733
23708
23671
23607
23592
23548
23499
23427
23418
23383
23379
23351
23320
23318
23313
23263
23198
23196
23192
23124
23115
23113
23088
23072
23070
23056
23044
23017
23008
22988
22961
22876
22845
22827
22780
22778
22707
22707
22697
22688
22686
22662
22627
22583
22509
22478
22456
22380
22374
22314
22299
22291
22279
22263
22226
22225
22151
22117
22093
22082
22074
22044
22012
21996
21979
21976
21971
21970
21835
21822
21798
21779
21777
21773
21753
21738
21724
21710
21710
21679
21679
21625
21564
21552
21538
21519
21510
21500
21444
21439
21418
21398
21367
21313
21308
21301
21283
21263
21230
21211
21210
21136
21135
21102
21098
21079
21058
21050
21019
21022
21000
20999
20982
20938
20915
20905
20904
20897
20832
20823
20819
20810
20806
20799
20793
20779
20760
20753
20720
20712
20681
20657
20627
20587
20567
20561
20541
20535
20521
20511
20500
20446
20419
20410
20379
20377
20374
20357
20335
20306
20282
20278
20249
20230
20223
20216
20210
20206
20164
20152
20128
20124
20112
20081
20080
20077
20069
20066
20048
20020
19991
19980
19970
19969
19908
19895
19894
19854
19847
19831
19781
19746
19717
19716
19690
19677
19672
19613
19612
19596
19584
19526
19524
19523
19518
19483
19469
19468
19465
19445
19432
19418
19412
19406
19386
19374
19348
19311
19283
19239
19202
19198
19174
19169
19155
19103
19101
19085
19084
19070
19003
18984
18954
18913
18912
18910
18870
18855
18825
18824
18807
18798
18798
18793
18768
18760
18756
18737
18727
18717
18709
18670
18628
18593
18575
18571
18565
18524
18521
18501
18496
18491
18475
18452
18419
18417
18401
18401
18356
18330
18324
18323
18318
18315
18310
18300
18295
18248
18239
18235
18234
18212
18210
18207
18206
18185
18175
18172
18155
18136
18115
18113
18110
18093
18092
18082
18074
18066
18054
18053
18050
18028
17990
17978
17950
17935
17926
17912
17909
17889
17883
17881
17878
17874
17853
17800
17796
17774
17770
17768
17767
17743
17712
17711
17706
17688
17676
17653
17650
17646
17646
17635
17618
17618
17608
17603
17599
17582
17548
17530
17520
17519
17495
17495
17494
17462
17461
17411
17348
17332
17302
17301
17296
17294
17291
17281
17272
17263
17252
17247
17243
17243
17216
17212
17208
17201
17192
17192
17183
17182
17164
17169
17119
17115
17090
17088
17077
17050
17037
17033
17027
17015
17012
17004
16989
16956
16955
16951
16950
16923
16884
16874
16856
16855
16854
16828
16803
16798
16786
16781
16767
16760
16739
16739
16710
16687
16674
16663
16651
16615
16615
16598
16597
16567
16521
16494
16477
16472
16465
16462
16455
16449
16440
16416
16404
16402
16394
16391
16377
16355
16325
16325
16303
16297
16285
16270
16260
16259
16258
16254
16219
16219
16215
16209
16209
16202
16188
16187
16163
16155
16154
16149
16143
16126
16125
16107
16103
16088
16076
16068
16058
16040
16004
15981
15981
15973
15963
15961
15961
15954
15941
15937
15922
15899
15899
15896
15894
15868
15826
15819
15816
15795
15794
15791
15778
15777
15772
15727
15726
15703
15676
15652
15649
15649
15638
15633
15604
15598
15571
15559
15522
15517
15512
15503
15502
15500
15499
15490
15460
15456
15420
15414
15392
15364
15363
15357
15352
15346
15339
15330
15326
15304
15298
15283
15276
15276
15267
15267
15265
15256
15246
15238
15231
15174
15161
15158
15153
15149
15143
15141
15128
15125
15123
15093
15081
15062
15062
15040
15031
15030
15021
15018
15006
14994
14962
14954
14953
14951
14931
14928
14922
14907
14871
14853
14841
14838
14837
14833
14807
14804
14773
14770
14762
14761
14760
14741
14740
14739
14737
14733
14727
14724
14710
14690
14688
14681
14674
14673
14672
14663
14638
14618
14612
14601
14584
14583
14581
14575
14575
14559
14558
14553
14547
14546
14539
14533
14530
14515
14493
14491
14483
14482
14480
14472
14458
14453
14443
14433
14425
14415
14414
14407
14407
14403
14399
14388
14383
14371
14347
14320
14318
14304
14301
14298
14301
14292
14282
14280
14278
14263
14254
14256
14248
14245
14230
14219
14212
14194
14193
14214
14187
14184
14178
14177
14168
14168
14166
14144
14142
14133
14132
14130
14120
14082
14057
14048
14044
14038
14030
14015
14011
13998
13995
13993
13981
13979
13978
13940
13931
13929
13927
13922
13907
13896
13896
13888
13887
13885
13883
13882
13881
13864
13852
13845
13844
13832
13821
13810
13804
13803
13797
13778
13763
13766
13738
13736
13733
13733
13727
13723
13720
13718
13702
13698
13698
13691
13690
13671
13669
13662
13659
13653
13651
13639
13625
13624
13622
13618
13582
13569
13569
13566
13566
13554
13540
13536
13529
13525
13511
13507
13499
13491
13488
13480
13478
13473
13465
13463
13411
13403
13366
13365
13361
13358
13348
13344
13341
13339
13329
13328
13320
13316
13316
13308
13305
13304
13304
13300
13299
13297
13288
13288
13260
13242
13237
13234
13233
13231
13226
13219
13215
13206
13171
13166
13157
13154
13154
13151
13148
13132
13127
13124
13117
13110
13107
13103
13101
13107
13095
13094
13094
13093
13056
13045
13044
13037
13028
13027
13024
13023
13016
13011
13000
12997
12997
12992
12983
12983
12979
12978
12970
12967
12960
12960
12957
12954
12931
12919
12912
12899
12898
12890
12890
12876
12856
12846
12845
12833
12821
12821
12817
12813
12811
12807
12806
12802
12799
12795
12794
12785
12772
12767
12765
12756
12751
12748
12747
12740
12725
12719
12710
12690
12686
12682
12673
12667
12667
12665
12663
12650
12630
12625
12624
12620
12608
12596
12594
12593
12586
12570
12567
12549
12548
12537
12534
12533
12532
12532
12519
12513
12510
12508
12504
12503
12493
12478
12472
12472
12458
12452
12441
12436
12431
12424
12414
12414
12407
12401
12397
12393
12384
12382
12382
12378
12376
12370
12368
12363
12362
12360
12355
12355
12345
12328
12327
12322
12321
12316
12313
12302
12301
12296
12281
12279
12277
12272
12272
12269
12256
12253
12247
12238
12236
12230
12221
12219
12214
12208
12194
12190
12178
12173
12171
12168
12166
12160
12149
12145
12132
12132
12132
12131
12130
12125
12124
12119
12112
12112
12097
12092
12086
12083
12080
12080
12074
12070
12067
12051
12050
12045
12044
12043
12038
12032
12029
12018
12015
12003
12000
11991
11989
11981
11964
11953
11945
11944
11939
11935
11930
11922
11914
11910
11904
11901
11898
11891
11890
11889
11885
11880
11878
11868
11859
11856
11854
11854
11852
11848
11846
11837
11835
11834
11831
11827
11826
11826
11822
11822
11817
11814
11807
11797
11796
11795
11793
11786
11784
11781
11776
11771
11763
11762
11761
11759
11747
11746
11745
11744
11736
11733
11720
11707
11704
11704
11702
11701
11701
11700
11697
11694
11693
11663
11659
11658
11654
11650
11643
11641
11639
11636
11625
11621
11621
11621
11621
11615
11615
11612
11612
11608
11588
11582
11578
11572
11570
11564
11561
11560
11556
11546
11538
11529
11527
11525
11516
11502
11493
11492
11490
11490
11490
11490
11488
11485
11483
11482
11481
11463
11461
11457
11454
11453
11446
11445
11445
11430
11428
11420
11420
11415
11408
11408
11399
11396
11391
11390
11383
11382
11380
11376
11372
11372
11367
11366
11365
11363
11348
11348
11348
11347
11343
11337
11335
11334
11331
11326
11316
11310
11309
11307
11302
11300
11288
11278
11269
11264
11264
11261
11260
11260
11259
11256
11251
11249
11248
11244
11243
11238
11234
11232
11227
11224
11222
11218
11208
11207
11205
11199
11199
11197
11195
11194
11173
11170
11166
11161
11159
11153
11150
11142
11140
11137
11134
11127
11124
11122
11120
11120
11118
11117
11114
11109
11105
11105
11099
11086
11085
11084
11060
11057
11056
11052
11052
11050
11041
11026
11023
11017
11014
11012
11008
10999
10998
10997
10996
10996
10989
10989
10987
10987
10986
10983
10978
10978
10975
10971
10969
10957
10953
10951
10951
10945
10947
10934
10929
10928
10925
10925
10917
10921
10915
10908
10893
10885
10882
10880
10868
10867
10862
10853
10852
10850
10847
10844
10839
10839
10827
10819
10805
10802
10799
10798
10797
10783
10770
10761
10760
10755
10749
10749
10743
10740
10731
10719
10717
10709
10706
10694
10691
10690
10689
10686
10682
10680
10670
10660
10660
10655
10653
10638
10635
10631
10629
10622
10619
10619
10619
10617
10617
10614
10612
10609
10607
10603
10600
10595
10593
10591
10589
10576
10566
10562
10561
10559
10557
10553
10552
10549
10547
10544
10542
10537
10536
10527
10519
10518
10513
10508
10507
10507
10503
10498
10496
10491
10491
10489
10484
10471
10468
10468
10467
10466
10463
10460
10460
10458
10458
10454
10449
10446
10446
10446
10444
10444
10435
10434
10432
10432
10430
10422
10415
10411
10407
10391
10391
10380
10379
10378
10377
10377
10377
10377
10370
10369
10366
10367
10364
10361
10357
10355
10350
10345
10342
10339
10327
10325
10324
10309
10298
10296
10296
10292
10292
10289
10288
10285
10271
10265
10265
10260
10258
10255
10253
10245
10243
10239
10236
10230
10229
10225
10225
10222
10222
10216
10206
10199
10199
10196
10194
10193
10190
10189
10188
10187
10179
10176
10173
10166
10160
10157
10152
10145
10145
10146
10138
10137
10132
10131
10120
10116
10113
10110
10103
10100
10096
10095
10090
10090
10088
10087
10080
10078
10076
10065
10062
10057
10055
10052
10051
10051
10050
10048
10043
10038
10036
10035
10033
10031
10029
10029
10023
10022
10018
10014
10012
10006
9994
9993
9986
9982
9981
9981
9979
9979
9978
9978
9974
9974
9971
9969
9969
9967
9964
9959
9956
9953
9953
9951
9947
9936
9924
9917
9916
9903
9898
9898
9892
9889
9884
9879
9877
9872
9864
9861
9858
9856
9855
9852
9845
9843
9838
9835
9834
9833
9829
9828
9827
9827
9826
9826
9825
9820
9816
9815
9814
9811
9805
9802
9798
9794
9790
9788
9806
9787
9785
9783
9778
9774
9774
9774
9772
9771
9769
9765
9762
9758
9751
9750
9740
9740
9739
9735
9734
9732
9730
9728
9726
9721
9718
9715
9715
9713
9713
9709
9704
9704
9703
9701
9699
9697
9697
9696
9687
9687
9685
9680
9672
9664
9660
9660
9659
9648
9643
9633
9631
9630
9627
9625
9625
9624
9621
9615
9614
9610
9609
9609
9607
9599
9628
9599
9595
9586
9586
9581
9573
9573
9568
9567
9565
9564
9564
9560
9558
9557
9551
9548
9548
9545
9542
9542
9542
9536
9532
9530
9529
9519
9513
9512
9508
9504
9503
9501
9498
9497
9491
9491
9481
9479
9491
9475
9468
9467
9465
9462
9456
9454
9442
9438
9436
9434
9432
9432
9432
9428
9427
9423
9420
9415
9413
9413
9412
9406
9405
9404
9404
9400
9395
9394
9391
9386
9384
9383
9377
9377
9373
9373
9371
9369
9368
9368
9362
9359
9358
9355
9355
9353
9352
9351
9347
9346
9343
9339
9338
9336
9332
9331
9330
9329
9326
9326
9324
9324
9324
9323
9320
9320
9318
9318
9316
9314
9312
9311
9310
9306
9305
9302
9302
9300
9289
9288
9286
9286
9286
9285
9280
9278
9277
9276
9275
9270
9269
9268
9268
9265
9264
9260
9259
9257
9253
9249
9249
9248
9244
9242
9242
9237
9234
9232
9229
9226
9225
9224
9217
9214
9213
9204
9197
9195
9191
9183
9183
9181
9181
9181
9182
9179
9178
9175
9173
9170
9168
9165
9164
9156
9154
9149
9144
9143
9142
9141
9140
9138
9134
9131
9130
9126
9122
9118
9118
9117
9116
9114
9112
9106
9099
9088
9081
9073
9066
9063
9062
9061
9071
9056
9054
9054
9053
9045
9042
9036
9036
9035
9028
9026
9025
9025
9024
9022
9021
9018
9017
9014
9014
9010
9007
9007
9007
9006
8998
8997
8989
8989
8981
8978
8977
8977
8976
8975
8972
8970
8970
8962
8961
8959
8956
8956
8955
8952
8952
8940
8940
8940
8934
8929
8926
8925
8924
8923
8921
8920
8914
8912
8906
8906
8905
8905
8904
8902
8900
8898
8898
8897
8894
8883
8881
8881
8880
8878
8877
8875
8874
8872
8861
8860
8860
8858
8856
8855
8852
8850
8848
8847
8879
8845
8842
8842
8840
8838
8834
8833
8832
8826
8825
8822
8821
8818
8818
8816
8813
8806
8795
8794
8793
8792
8790
8789
8789
8788
8787
8783
8782
8782
8779
8775
8771
8761
8758
8757
8755
8758
8751
8751
8750
8747
8742
8742
8740
8738
8738
8735
8731
8730
8727
8726
8725
8721
8720
8717
8714
8711
8708
8702
8700
8700
8699
8699
8697
8695
8691
8689
8685
8685
8684
8681
8680
8675
8673
8666
8655
8654
8653
8652
8652
8650
8649
8643
8642
8641
8636
8634
8632
8631
8631
8630
8626
8625
8624
8622
8621
8620
8619
8614
8614
8612
8611
8608
8605
8603
8602
8601
8594
8593
8592
8591
8589
8589
8586
8580
8578
8577
8567
8566
8565
8559
8558
8557
8557
8553
8551
8548
8544
8540
8536
8536
8525
8524
8520
8520
8518
8515
8515
8515
8511
8511
8509
8508
8505
8501
8500
8497
8497
8497
8496
8484
8484
8482
8481
8480
8480
8474
8473
8471
8471
8465
8462
8462
8461
8459
8457
8457
8456
8454
8452
8452
8452
8450
8450
8449
8448
8448
8447
8447
8446
8445
8444
8441
8439
8434
8433
8431
8428
8421
8421
8421
8420
8419
8416
8415
8414
8413
8412
8412
8409
8408
8406
8405
8403
8403
8397
8392
8387
8387
8386
8385
8381
8375
8373
8371
8370
8369
8369
8368
8368
8368
8363
8363
8361
8357
8356
8355
8354
8353
8349
8349
8348
8346
8345
8345
8344
8343
8341
8341
8340
8338
8336
8336
8334
8334
8331
8329
8328
8328
8328
8328
8325
8324
8321
8318
8317
8316
8316
8313
8312
8311
8310
8308
8308
8308
8307
8303
8301
8301
8300
8296
8295
8293
8292
8291
8286
8281
8271
8270
8266
8266
8264
8260
8259
8258
8254
8251
8251
8250
8249
8247
8241
8241
8239
8239
8231
8230
8230
8228
8226
8225
8222
8221
8220
8218
8213
8210
8209
8205
8205
8205
8204
8200
8200
8200
8198
8196
8195
8192
8189
8189
8189
8188
8188
8185
8184
8182
8181
8176
8175
8173
8171
8167
8166
8163
8159
8159
8158
8157
8156
8154
8152
8152
8151
8151
8148
8147
8146
8145
8143
8141
8134
8134
8130
8128
8127
8126
8124
8121
8120
8119
8115
8114
8114
8113
8111
8108
8104
8103
8102
8096
8102
8094
8093
8091
8089
8087
8083
8079
8078
8076
8075
8074
8072
8070
8068
8067
8066
8065
8061
8061
8055
8055
8049
8047
8046
8045
8041
8039
8038
8037
8037
8036
8035
8033
8027
8024
8024
8024
8023
8020
8019
8017
8017
8016
8014
8012
8010
8009
8008
8007
8005
8005
8001
7998
7997
7995
7995
7994
7992
7990
7988
7987
7983
7980
7978
7977
7976
7974
7973
7973
7972
7970
7970
7970
7970
7969
7964
7962
7960
7959
7953
7953
7952
7951
7950
7949
7948
7946
7942
7941
7941
7940
7939
7936
7936
7935
7930
7929
7927
7922
7921
7919
7917
7916
7915
7914
7918
7912
7912
7910
7907
7907
7906
7902
7901
7893
7891
7888
7886
7882
7881
7879
7876
7877
7874
7874
7871
7869
7866
7866
7865
7863
7862
7860
7855
7851
7850
7850
7846
7846
7845
7843
7839
7839
7837
7833
7829
7829
7829
7825
7823
7810
7806
7806
7804
7802
7802
7802
7802
7800
7798
7795
7791
7791
7785
7783
7782
7782
7780
7778
7776
7775
7771
7770
7768
7763
7763
7762
7761
7758
7757
7756
7752
7751
7747
7744
7742
7741
7740
7740
7739
7738
7738
7737
7735
7733
7731
7730
7729
7728
7727
7727
7725
7723
7719
7716
7716
7714
7713
7712
7710
7709
7707
7705
7702
7700
7699
7698
7695
7695
7693
7691
7690
7688
7687
7686
7688
7682
7680
7679
7675
7675
7674
7673
7670
7669
7667
7667
7666
7664
7660
7660
7658
7658
7658
7655
7652
7650
7649
7645
7643
7642
7638
7637
7636
7633
7632
7631
7628
7628
7627
7620
7620
7618
7615
7614
7613
7613
7612
7612
7609
7609
7608
7608
7603
7600
7595
7594
7593
7593
7590
7589
7587
7585
7584
7583
7583
7582
7581
7580
7578
7578
7576
7575
7573
7572
7571
7570
7567
7566
7565
7565
7562
7561
7561
7558
7556
7556
7555
7553
7553
7553
7552
7552
7551
7551
7551
7550
7550
7547
7546
7546
7546
7545
7542
7540
7535
7534
7533
7529
7526
7526
7534
7525
7523
7522
7522
7519
7519
7516
7513
7512
7510
7510
7506
7505
7502
7502
7501
7499
7495
7495
7493
7492
7492
7492
7490
7489
7488
7486
7486
7483
7477
7476
7475
7471
7470
7466
7463
7462
7461
7460
7460
7459
7458
7456
7455
7453
7453
7451
7449
7447
7446
7445
7444
7443
7443
7442
7441
7440
7436
7436
7435
7433
7433
7430
7429
7429
7428
7427
7425
7425
7423
7421
7419
7417
7417
7416
7413
7411
7410
7406
7400
7400
7399
7399
7398
7394
7391
7391
7390
7389
7388
7387
7387
7385
7380
7379
7379
7377
7373
7372
7371
7371
7369
7368
7367
7366
7365
7364
7362
7362
7360
7357
7353
7353
7352
7352
7349
7348
7347
7340
7338
7333
7330
7329
7328
7328
7327
7327
7320
7320
7319
7318
7316
7316
7314
7314
7312
7310
7310
7310
7310
7310
7308
7307
7304
7304
7303
7303
7303
7299
7297
7296
7296
7294
7292
7289
7297
7287
7282
7282
7280
7280
7278
7278
7276
7276
7274
7274
7274
7270
7270
7270
7269
7267
7262
7262
7261
7260
7257
7256
7254
7250
7250
7248
7244
7244
7238
7237
7236
7234
7234
7234
7230
7229
7229
7228
7226
7225
7224
7221
7220
7218
7214
7214
7213
7212
7212
7211
7210
7210
7208
7204
7200
7200
7193
7190
7189
7183
7176
7175
7175
7174
7173
7172
7171
7170
7170
7168
7166
7165
7163
7161
7161
7154
7154
7153
7153
7152
7151
7150
7150
7146
7145
7145
7143
7143
7143
7142
7142
7142
7140
7135
7134
7133
7129
7128
7125
7123
7119
7119
7118
7116
7111
7111
7108
7106
7106
7105
7104
7103
7102
7101
7099
7099
7098
7098
7097
7096
7094
7092
7090
7089
7089
7088
7087
7085
7084
7082
7081
7080
7079
7077
7074
7072
7072
7070
7069
7068
7067
7066
7065
7064
7063
7062
7062
7058
7058
7057
7056
7054
7053
7052
7050
7048
7048
7048
7047
7046
7044
7044
7042
7036
7035
7034
7034
7033
7033
7032
7030
7027
7026
7026
7022
7022
7021
7021
7016
7016
7014
7013
7013
7011
7010
7010
7005
7004
7004
7002
6999
6999
6998
6997
6997
6996
6995
6995
6995
6994
6994
6990
6989
6985
6985
6985
6982
6979
6979
6979
6978
6978
6978
6978
6976
6975
6975
6974
6971
6964
6962
6960
6960
6959
6957
6955
6954
6954
6951
6950
6949
6948
6948
6948
6947
6947
6944
6942
6940
6939
6939
6939
6937
6931
6931
6930
6929
6929
6928
6925
6924
6924
6923
6922
6920
6920
6913
6913
6912
6911
6908
6907
6903
6903
6902
6901
6900
6900
6899
6895
6894
6894
6892
6891
6885
6884
6883
6880
6879
6878
6876
6869
6869
6867
6867
6867
6863
6862
6862
6858
6856
6854
6853
6852
6851
6851
6850
6848
6848
6846
6845
6845
6843
6842
6839
6837
6836
6835
6835
6834
6831
6829
6828
6827
6826
6824
6822
6820
6819
6818
6817
6817
6816
6814
6812
6812
6812
6811
6810
6809
6807
6806
6804
6800
6800
6799
6798
6797
6796
6796
6794
6794
6793
6793
6791
6786
6786
6784
6783
6782
6781
6779
6778
6776
6775
6772
6768
6768
6766
6766
6765
6764
6761
6651
6761
6759
6758
6757
6755
6754
6754
6753
6751
6749
6749
6749
6747
6745
6743
6742
6740
6739
6738
6738
6737
6735
6733
6733
6732
6731
6729
6728
6727
6726
6725
6725
6724
6724
6723
6720
6717
6716
6715
6714
6714
6712
6710
6710
6708
6705
6705
6705
6703
6703
6701
6701
6700
6700
6700
6699
6698
6696
6694
6693
6693
6691
6690
6687
6687
6686
6686
6685
6717
6685
6684
6684
6683
6682
6682
6680
6680
6678
6677
6676
6674
6672
6670
6670
6670
6668
6668
6667
6666
6666
6665
6663
6663
6659
6658
6658
6654
6653
6652
6651
6650
6643
6643
6642
6641
6640
6639
6635
6634
6634
6634
6631
6630
6630
6629
6629
6629
6625
6623
6622
6619
6617
6617
6616
6616
6616
6614
6612
6612
6609
6609
6607
6606
6606
6605
6605
6604
6603
6603
6603
6599
6599
6599
6598
6598
6596
6596
6595
6595
6593
6593
6593
6592
6592
6587
6586
6583
6582
6581
6575
6575
6575
6575
6573
6570
6570
6568
6567
6567
6566
6565
6565
6561
6558
6557
6554
6552
6551
6550
6549
6548
6546
6546
6546
6545
6545
6543
6542
6541
6540
6530
6528
6524
6522
6521
6521
6519
6519
6518
6513
6513
6513
6513
6513
6511
6511
6510
6508
6508
6506
6504
6500
6500
6499
6498
6496
6496
6496
6493
6493
6491
6490
6490
6490
6489
6488
6486
6485
6483
6483
6482
6482
6479
6477
6476
6475
6474
6473
6472
6472
6471
6471
6471
6467
6465
6465
6464
6464
6463
6461
6461
6461
6460
6458
6457
6451
6451
6449
6449
6448
6448
6446
6445
6445
6444
6444
6444
6444
6443
6441
6438
6438
6438
6437
6435
6434
6434
6433
6432
6427
6426
6425
6425
6423
6423
6423
6422
6422
6421
6419
6418
6417
6417
6417
6416
6416
6415
6413
6412
6409
6409
6408
6407
6406
6404
6404
6403
6402
6401
6401
6400
6398
6398
6398
6397
6394
6393
6393
6391
6390
6389
6387
6387
6386
6385
6384
6383
6382
6382
6381
6380
6380
6378
6377
6376
6376
6374
6372
6371
6370
6370
6367
6367
6367
6367
6366
6363
6361
6359
6359
6357
6357
6356
6354
6353
6353
6353
6350
6349
6349
6348
6348
6346
6345
6344
6342
6342
6340
6339
6338
6338
6334
6334
6334
6332
6331
6331
6330
6330
6328
6327
6324
6323
6322
6321
6321
6320
6319
6319
6318
6318
6317
6315
6315
6315
6315
6315
6313
6313
6313
6312
6312
6311
6310
6309
6307
6305
6304
6304
6304
6302
6301
6314
6300
6299
6294
6294
6294
6293
6293
6293
6292
6291
6291
6291
6288
6287
6284
6283
6283
6283
6279
6279
6279
6278
6278
6277
6276
6275
6273
6272
6270
6270
6270
6269
6268
6267
6266
6263
6262
6260
6259
6258
6258
6257
6257
6255
6255
6254
6253
6252
6251
6251
6251
6250
6250
6249
6248
6247
6247
6247
6247
6246
6246
6245
6243
6240
6238
6238
6238
6237
6235
6235
6235
6234
6234
6233
6233
6231
6230
6229
6229
6228
6227
6227
6226
6224
6223
6220
6219
6219
6217
6217
6217
6216
6214
6214
6213
6213
6213
6212
6209
6209
6207
6205
6205
6204
6200
6199
6199
6199
6198
6197
6197
6197
6195
6195
6194
6193
6192
6191
6188
6187
6187
6187
6186
6185
6184
6183
6181
6181
6180
6180
6177
6177
6177
6177
6176
6176
6175
6175
6175
6174
6174
6172
6171
6168
6166
6166
6165
6164
6163
6163
6162
6162
6162
6162
6161
6160
6158
6155
6153
6151
6151
6150
6149
6147
6147
6146
6145
6144
6142
6140
6139
6139
6138
6137
6137
6136
6136
6135
6134
6134
6133
6133
6130
6130
6129
6126
6126
6123
6123
6121
6121
6119
6118
6118
6117
6116
6116
6115
6115
6113
6113
6112
6111
6111
6109
6107
6106
6141
6105
6103
6106
6099
6098
6097
6096
6094
6088
6088
6088
6087
6086
6085
6084
6084
6084
6083
6083
6083
6082
6081
6080
6079
6079
6078
6077
6075
6073
6072
6072
6072
6072
6070
6070
6067
6067
6066
6066
6065
6064
6058
6057
6057
6056
6056
6056
6051
6051
6050
6049
6049
6047
6047
6047
6047
6047
6046
6046
6045
6043
6040
6038
6037
6037
6034
6032
6032
6032
6030
6030
6030
6030
6030
6030
6030
6029
6028
6028
6027
6027
6026
6025
6024
6024
6020
6020
6018
6018
6018
6017
6016
6016
6013
6013
6012
6012
6010
6008
6007
6007
6006
6006
6005
6005
6004
6004
6004
6003
6002
6002
6000
5999
5998
5995
5995
5994
5994
5994
5993
5993
5993
5992
5991
5990
5990
5989
5989
5989
5989
5987
5987
5986
5985
5983
5983
5982
5981
5981
5980
5979
5977
5976
5975
5974
5973
5972
5972
5972
5971
5970
5967
5966
5965
5964
5964
5964
5963
5965
5962
5962
5962
5961
5960
5958
5957
5957
5957
5956
5955
5954
5953
5953
5951
5951
5949
5949
5948
5948
5948
5945
5943
5940
5940
5938
5938
5936
5936
5936
5935
5934
5934
5933
5933
5932
5931
5931
5930
5928
5927
5926
5925
5924
5923
5923
5922
5922
5922
5920
5919
5919
5918
5917
5916
5915
5914
5913
5913
5911
5910
5909
5908
5907
5906
5906
5905
5905
5905
5905
5905
5904
5904
5904
5903
5902
5901
5901
5901
5900
5897
5895
5894
5894
5894
5894
5893
5893
5893
5889
5887
5885
5885
5885
5882
5882
5882
5880
5890
5877
5876
5876
5876
5875
5875
5874
5874
5874
5871
5869
5868
5866
5866
5864
5864
5864
5861
5860
5860
5859
5859
5858
5858
5858
5857
5857
5857
5855
5855
5854
5854
5853
5852
5851
5851
5851
5851
5850
5850
5850
5850
5850
5850
5847
5847
5846
5846
5845
5845
5845
5845
5845
5844
5844
5844
5844
5843
5842
5841
5841
5840
5840
5840
5840
5838
5838
5838
5836
5836
5835
5835
5834
5834
5834
5834
5833
5833
5832
5831
5831
5829
5829
5828
5828
5826
5826
5825
5825
5825
5825
5825
5824
5822
5816
5816
5816
5815
5815
5814
5813
5809
5808
5808
5807
5807
5806
5805
5805
5804
5804
5804
5803
5803
5802
5802
5801
5800
5800
5799
5798
5795
5794
5793
5792
5792
5791
5791
5791
5790
5789
5787
5787
5787
5786
5784
5782
5781
5781
5781
5781
5780
5780
5779
5778
5773
5773
5773
5772
5772
5771
5769
5768
5768
5766
5766
5765
5765
5764
5764
5762
5761
5761
5759
5762
5759
5758
5758
5757
5756
5755
5755
5755
5755
5754
5753
5753
5752
5752
5752
5752
5750
5749
5748
5747
5747
5746
5746
5746
5745
5744
5744
5743
5740
5739
5739
5739
5738
5738
5737
5737
5736
5735
5740
5734
5734
5733
5733
5732
5732
5731
5730
5729
5729
5729
5729
5728
5727
5726
5726
5725
5722
5719
5717
5716
5716
5715
5714
5713
5712
5711
5711
5711
5710
5709
5708
5707
5706
5706
5705
5704
5704
5703
5703
5702
5701
5701
5701
5699
5698
5697
5697
5696
5695
5695
5694
5693
5693
5691
5691
5691
5690
5690
5703
5688
5688
5687
5684
5684
5681
5681
5681
5681
5680
5680
5679
5678
5678
5678
5677
5676
5675
5673
5671
5669
5669
5668
5668
5668
5667
5665
5665
5664
5664
5664
5663
5661
5658
5657
5656
5656
5656
5655
5655
5655
5654
5654
5653
5653
5652
5652
5650
5647
5647
5646
5646
5645
5645
5645
5644
5654
5642
5642
5641
5640
5640
5639
5639
5638
5638
5637
5637
5634
5634
5632
5632
5631
5631
5631
5630
5628
5626
5626
5623
5622
5619
5619
5619
5618
5618
5618
5618
5618
5617
5617
5617
5616
5616
5615
5614
5613
5613
5611
5611
5610
5610
5609
5608
5607
5607
5607
5606
5606
5606
5605
5605
5604
5603
5603
5602
5601
5601
5600
5599
5597
5596
5595
5595
5594
5593
5592
5592
5590
5589
5589
5588
5585
5584
5583
5582
5582
5580
5579
5578
5578
5577
5575
5575
5574
5574
5574
5572
5571
5566
5566
5565
5565
5563
5563
5562
5561
5561
5559
5558
5558
5557
5557
5557
5557
5556
5555
5555
5554
5551
5551
5549
5549
5548
5548
5547
5547
5545
5544
5543
5543
5547
5541
5540
5538
5535
5534
5534
5533
5532
5531
5531
5529
5529
5528
5527
5526
5525
5524
5524
5523
5522
5522
5521
5521
5521
5520
5520
5519
5518
5518
5516
5516
5515
5514
5514
5511
5510
5508
5508
5508
5508
5506
5506
5504
5504
5503
5502
5501
5501
5500
5500
5500
5499
5499
5498
5498
5495
5494
5493
5493
5493
5493
5493
5493
5492
5492
5491
5488
5487
5487
5487
5487
5487
5487
5487
5486
5486
5486
5485
5485
5483
5482
5481
5481
5480
5478
5478
5477
5477
5476
5475
5475
5474
5474
5474
5474
5473
5473
5473
5471
5471
5470
5469
5468
5467
5466
5466
5466
5466
5466
5464
5464
5463
5463
5461
5459
5459
5459
5459
5458
5469
5457
5457
5456
5456
5455
5454
5454
5454
5453
5451
5450
5450
5450
5450
5449
5449
5449
5449
5448
5447
5446
5446
5446
5444
5442
5441
5441
5441
5440
5440
5439
5438
5437
5437
5437
5434
5434
5434
5434
5433
5432
5428
5428
5427
5427
5424
5423
5423
5423
5423
5422
5421
5420
5420
5419
5419
5419
5419
5419
5419
5418
5418
5418
5417
5416
5413
5412
5412
5411
5411
5407
5407
5407
5406
5406
5405
5403
5403
5403
5400
5400
5400
5398
5398
5397
5397
5395
5395
5395
5395
5395
5395
5395
5394
5393
5392
5392
5392
5391
5390
5390
5389
5388
5386
5386
5385
5384
5383
5380
5379
5379
5379
5379
5378
5377
5377
5376
5375
5374
5374
5372
5372
5370
5369
5369
5369
5368
5367
5366
5365
5364
5363
5362
5362
5361
5361
5361
5357
5357
5357
5356
5356
5354
5353
5351
5350
5345
5345
5343
5342
5341
5340
5340
5339
5338
5337
5336
5335
5335
5334
5333
5332
5331
5331
5330
5329
5329
5328
5328
5327
5327
5327
5326
5325
5325
5324
5324
5323
5322
5321
5321
5320
5319
5319
5318
5318
5316
5315
5314
5314
5312
5312
5312
5311
5315
5311
5309
5309
5308
5306
5305
5305
5304
5304
5304
5302
5302
5301
5300
5300
5299
5299
5299
5299
5298
5297
5297
5297
5297
5296
5296
5296
5295
5295
5308
5295
5295
5295
5294
5294
5294
5293
5293
5291
5290
5290
5290
5290
5290
5287
5287
5285
5284
5284
5283
5282
5281
5281
5280
5278
5277
5277
5277
5276
5275
5274
5273
5273
5272
5290
5270
5269
5269
5268
5268
5268
5268
5267
5267
5266
5266
5265
5264
5264
5263
5262
5265
5262
5261
5261
5260
5260
5259
5258
5258
5258
5257
5257
5256
5256
5256
5254
5253
5253
5252
5252
5250
5250
5248
5247
5246
5246
5246
5245
5245
5245
5245
5244
5244
5242
5241
5240
5238
5238
5237
5236
5236
5236
5235
5235
5234
5233
5233
5231
5231
5230
5230
5229
5229
5229
5228
5227
5226
5225
5223
5219
5218
5218
5218
5218
5217
5217
5216
5216
5214
5214
5214
5213
5212
5210
5209
5209
5209
5208
5208
5207
5206
5206
5205
5205
5205
5204
5204
5204
5203
5202
5202
5200
5199
5197
5197
5196
5196
5195
5195
5194
5194
5193
5191
5191
5190
5190
5189
5189
5189
5188
5186
5186
5186
5186
5184
5182
5182
5182
5182
5181
5181
5180
5180
5180
5179
5178
5177
5176
5174
5173
5173
5172
5172
5172
5170
5170
5169
5169
5169
5169
5169
5168
5168
5168
5168
5167
5167
5167
5166
5166
5165
5165
5162
5161
5160
5158
5157
5155
5154
5152
5152
5151
5149
5149
5149
5148
5148
5148
5147
5147
5146
5146
5145
5144
5144
5144
5140
5140
5140
5139
5139
5138
5138
5138
5138
5135
5135
5135
5134
5133
5133
5133
5132
5132
5132
5131
5130
5129
5128
5127
5126
5126
5125
5125
5124
5124
5123
5123
5121
5121
5121
5121
5120
5120
5118
5117
5117
5115
5114
5114
5114
5113
5112
5111
5107
5107
5106
5106
5105
5103
5103
5103
5102
5102
5102
5102
5100
5100
5100
5100
5099
5097
5097
5096
5096
5095
5094
5094
5094
5093
5093
5092
5092
5092
5090
5089
5088
5086
5086
5084
5087
5082
5082
5082
5082
5081
5081
5080
5080
5080
5080
5079
5079
5076
5076
5076
5075
5075
5075
5073
5073
5072
5072
5071
5070
5070
5069
5069
5069
5068
5067
5067
5067
5066
5065
5065
5064
5063
5063
5062
5062
5061
5060
5056
5056
5055
5054
5051
5050
5050
5049
5057
5049
5048
5048
5047
5046
5046
5045
5045
5044
5044
5043
5043
5043
5042
5042
5042
5042
5041
5041
5041
5041
5040
5039
5038
5037
5037
5035
5035
5035
5035
5031
5030
5030
5029
5029
5028
5028
5028
5027
5027
5027
5027
5026
5026
5026
5023
5035
5022
5022
5021
5021
5021
5020
5019
5019
5018
5017
5017
5017
5017
5016
5016
5016
5015
5015
5015
5014
5013
5012
5012
5011
5011
5010
5010
5009
5009
5009
5028
5007
5005
5005
5004
5004
5003
5003
5003
5002
5002
5002
5001
4998
4997
4996
4996
4996
4996
4991
4990
4990
4989
4988
4988
4988
4987
4987
4986
4985
4985
4984
4983
4982
4982
4982
4982
4981
4980
4980
4979
4979
4979
4979
4978
4976
4975
4975
4974
4974
4973
4972
4971
4971
4970
4970
4970
4970
4970
4969
4969
4969
4967
4967
4966
4966
4966
4965
4964
4962
4962
4961
4960
4959
4958
4957
4957
4957
4957
4957
4956
4954
4954
4953
4952
4951
4950
4948
4948
4948
4948
4947
4947
4947
4946
4945
4944
4943
4943
4942
4940
4940
4938
4937
4936
4940
4936
4935
4935
4935
4932
4932
4931
4931
4931
4931
4929
4927
4927
4926
4926
4924
4924
4922
4921
4919
4919
4919
4919
4918
4918
4918
4918
4918
4917
4917
4916
4916
4916
4916
4916
4915
4914
4914
4914
4913
4913
4911
4910
4910
4906
4905
4905
4905
4904
4904
4903
4903
4902
4902
4901
4900
4900
4900
4898
4898
4898
4898
4898
4897
4896
4895
4895
4895
4894
4894
4893
4892
4891
4891
4890
4890
4890
4890
4890
4890
4889
4888
4888
4887
4887
4887
4885
4885
4884
4884
4883
4882
4881
4881
4881
4880
4880
4880
4880
4879
4879
4878
4878
4878
4877
4876
4876
4875
4874
4874
4874
4873
4872
4872
4871
4870
4870
4870
4868
4867
4867
4867
4866
4866
4866
4866
4866
4865
4865
4865
4865
4864
4863
4863
4863
4863
4862
4862
4861
4861
4860
4860
4860
4859
4859
4858
4858
4858
4858
4858
4857
4856
4853
4852
4852
4852
4852
4851
4851
4851
4850
4849
4849
4849
4847
4846
4845
4842
4840
4840
4839
4838
4838
4837
4837
4836
4836
4835
4835
4834
4834
4833
4833
4831
4831
4830
4830
4830
4829
4829
4829
4828
4828
4827
4827
4827
4826
4826
4825
4824
4824
4823
4823
4822
4821
4821
4821
4821
4820
4820
4818
4818
4817
4817
4816
4816
4815
4814
4814
4813
4813
4813
4813
4812
4812
4811
4811
4811
4810
4810
4810
4810
4809
4809
4809
4808
4808
4807
4807
4807
4807
4806
4806
4805
4805
4802
4802
4801
4801
4801
4800
4799
4799
4799
4798
4797
4796
4796
4795
4795
4794
4794
4794
4793
4793
4793
4793
4793
4792
4792
4792
4791
4790
4790
4788
4788
4787
4787
4786
4786
4785
4785
4785
4783
4782
4782
4782
4782
4781
4781
4781
4781
4781
4780
4780
4779
4779
4779
4778
4778
4778
4776
4775
4775
4775
4774
4774
4773
4772
4772
4772
4771
4771
4770
4770
4769
4769
4769
4769
4767
4766
4764
4764
4764
4763
4763
4762
4760
4760
4760
4760
4759
4759
4758
4755
4755
4755
4754
4754
4753
4752
4752
4751
4751
4749
4749
4748
4748
4747
4747
4813
4746
4745
4745
4744
4744
4743
4743
4743
4743
4743
4743
4742
4741
4741
4740
4740
4739
4739
4739
4738
4738
4738
4737
4736
4736
4736
4735
4735
4735
4734
4734
4733
4732
4732
4732
4732
4731
4730
4729
4729
4729
4728
4727
4727
4726
4726
4724
4723
4723
4723
4722
4722
4722
4721
4721
4720
4720
4720
4720
4720
4719
4719
4718
4718
4717
4716
4716
4716
4716
4715
4719
4714
4713
4713
4712
4712
4712
4711
4711
4711
4711
4710
4710
4710
4710
4709
4709
4709
4709
4708
4708
4708
4708
4707
4707
4704
4704
4703
4703
4702
4702
4699
4699
4699
4698
4698
4697
4697
4697
4696
4696
4696
4695
4695
4694
4694
4693
4692
4689
4688
4687
4687
4687
4686
4686
4686
4685
4684
4684
4684
4684
4683
4682
4681
4681
4681
4681
4680
4679
4679
4679
4678
4678
4677
4677
4676
4676
4675
4674
4674
4674
4673
4673
4672
4672
4672
4672
4671
4671
4671
4671
4670
4670
4668
4668
4667
4667
4666
4666
4665
4665
4665
4664
4664
4663
4663
4662
4661
4661
4660
4659
4659
4658
4657
4657
4656
4655
4655
4655
4653
4653
4651
4651
4649
4649
4648
4648
4647
4646
4645
4645
4644
4643
4643
4643
4643
4642
4642
4642
4641
4641
4641
4641
4640
4640
4638
4637
4637
4637
4636
4635
4635
4634
4633
4633
4633
4633
4632
4632
4631
4631
4631
4631
4630
4630
4630
4630
4629
4629
4629
4628
4628
4626
4626
4626
4626
4626
4626
4624
4623
4623
4621
4621
4620
4620
4620
4619
4619
4619
4616
4616
4616
4616
4614
4613
4613
4613
4613
4612
4612
4612
4611
4611
4610
4609
4608
4608
4608
4606
4605
4605
4605
4604
4604
4604
4604
4604
4603
4603
4603
4603
4602
4601
4601
4600
4598
4598
4598
4597
4597
4597
4596
4596
4596
4595
4595
4595
4595
4593
4592
4592
4592
4591
4591
4591
4590
4590
4589
4588
4585
4585
4584
4584
4583
4583
4582
4582
4581
4581
4580
4580
4580
4580
4580
4579
4579
4578
4578
4577
4576
4576
4576
4576
4575
4575
4575
4575
4574
4574
4574
4573
4573
4573
4573
4573
4572
4572
4571
4571
4570
4570
4570
4569
4569
4568
4567
4567
4566
4566
4566
4566
4565
4565
4565
4564
4564
4564
4563
4563
4562
4562
4561
4561
4561
4561
4560
4560
4560
4559
4558
4558
4557
4557
4557
4557
4557
4556
4556
4556
4555
4554
4553
4552
4552
4552
4552
4552
4551
4551
4551
4574
4551
4549
4549
4548
4547
4545
4545
4545
4544
4544
4544
4543
4542
4542
4540
4540
4539
4539
4538
4538
4537
4537
4537
4536
4536
4536
4544
4535
4535
4534
4534
4533
4533
4532
4532
4531
4531
4530
4528
4528
4528
4527
4527
4527
4526
4525
4524
4524
4523
4523
4522
4521
4521
4520
4520
4520
4520
4519
4519
4518
4518
4518
4518
4518
4517
4516
4514
4514
4513
4513
4512
4512
4512
4512
4511
4518
4510
4508
4508
4507
4507
4507
4506
4506
4504
4504
4503
4502
4502
4502
4502
4502
4501
4501
4517
4499
4499
4499
4499
4498
4498
4498
4497
4497
4496
4496
4496
4495
4494
4494
4494
4493
4493
4493
4492
4492
4492
4491
4491
4491
4490
4489
4489
4489
4489
4489
4489
4488
4488
4488
4487
4486
4486
4486
4485
4485
4484
4484
4483
4482
4482
4482
4481
4480
4480
4479
4478
4478
4478
4477
4477
4476
4476
4476
4476
4475
4475
4474
4474
4474
4474
4472
4471
4471
4470
4469
4469
4467
4467
4466
4466
4466
4466
4465
4465
4464
4464
4462
4462
4462
4478
4460
4460
4460
4460
4459
4458
4457
4457
4456
4456
4456
4456
4455
4455
4454
4454
4453
4453
4453
4453
4452
4452
4452
4451
4450
4450
4449
4449
4447
4447
4446
4446
4446
4445
4445
4444
4444
4443
4442
4442
4441
4441
4441
4441
4441
4439
4439
4438
4438
4438
4438
4437
4437
4436
4436
4435
4435
4435
4435
4435
4435
4434
4434
4434
4434
4433
4433
4432
4432
4432
4431
4431
4431
4431
4431
4430
4430
4430
4429
4429
4428
4428
4427
4427
4427
4427
4426
4426
4425
4425
4425
4424
4424
4424
4424
4423
4422
4422
4422
4422
4422
4422
4421
4421
4421
4421
4420
4420
4419
4418
4416
4416
4416
4416
4415
4415
4415
4414
4414
4414
4414
4413
4410
4410
4410
4409
4409
4409
4408
4408
4408
4408
4408
4408
4405
4404
4404
4404
4404
4402
4402
4402
4402
4402
4401
4401
4401
4400
4400
4399
4399
4397
4397
4397
4397
4394
4394
4394
4394
4394
4393
4393
4393
4389
4388
4387
4387
4387
4387
4386
4386
4384
4383
4383
4383
4382
4381
4381
4380
4380
4380
4379
4379
4378
4377
4377
4377
4377
4376
4375
4375
4374
4374
4374
4374
4373
4372
4372
4372
4371
4370
4370
4370
4369
4368
4367
4367
4366
4365
4364
4364
4364
4364
4364
4363
4363
4363
4362
4362
4362
4362
4361
4361
4360
4360
4360
4359
4359
4357
4357
4355
4355
4355
4354
4354
4353
4353
4352
4352
4352
4351
4351
4350
4349
4348
4348
4348
4347
4346
4346
4346
4346
4345
4345
4344
4344
4344
4343
4343
4340
4340
4340
4339
4338
4338
4338
4338
4337
4336
4336
4335
4335
4334
4334
4333
4333
4332
4332
4331
4331
4331
4331
4330
4329
4329
4329
4328
4328
4328
4328
4328
4327
4327
4326
4325
4325
4325
4325
4324
4323
4323
4323
4322
4322
4322
4321
4321
4321
4320
4320
4320
4320
4320
4320
4320
4319
4318
4317
4319
4317
4317
4317
4315
4315
4315
4315
4314
4314
4314
4314
4314
4314
4314
4313
4313
4312
4312
4312
4312
4310
4310
4309
4309
4308
4308
4308
4306
4306
4306
4305
4305
4305
4305
4304
4304
4303
4303
4303
4303
4303
4302
4302
4301
4300
4300
4299
4298
4298
4297
4297
4296
4296
4295
4294
4294
4294
4293
4293
4293
4293
4292
4292
4292
4292
4291
4291
4291
4291
4291
4291
4291
4290
4289
4288
4288
4287
4287
4286
4286
4285
4285
4285
4284
4283
4283
4283
4282
4282
4282
4282
4281
4281
4281
4280
4279
4278
4278
4278
4278
4277
4277
4276
4276
4276
4274
4274
4274
4273
4273
4273
4272
4272
4272
4272
4272
4271
4271
4271
4271
4270
4269
4269
4269
4269
4269
4268
4268
4268
4268
4268
4266
4266
4266
4266
4265
4265
4265
4263
4262
4262
4261
4260
4260
4259
4259
4259
4259
4258
4258
4258
4257
4257
4256
4256
4255
4255
4255
4255
4255
4255
4254
4254
4254
4254
4253
4253
4252
4252
4251
4251
4251
4251
4251
4250
4250
4250
4249
4249
4249
4249
4248
4248
4248
4248
4247
4246
4246
4246
4246
4246
4245
4244
4244
4243
4243
4243
4243
4242
4242
4242
4241
4239
4239
4239
4239
4238
4238
4238
4238
4238
4237
4237
4236
4236
4234
4233
4232
4232
4232
4232
4231
4231
4230
4229
4227
4227
4227
4227
4227
4227
4226
4225
4224
4224
4223
4222
4222
4222
4221
4221
4221
4221
4220
4220
4220
4220
4220
4220
4219
4219
4219
4219
4218
4218
4218
4217
4217
4217
4217
4216
4216
4214
4214
4214
4214
4213
4213
4213
4213
4212
4212
4211
4211
4211
4211
4211
4211
4210
4210
4210
4210
4209
4209
4208
4207
4207
4206
4206
4206
4205
4204
4204
4203
4203
4202
4202
4201
4201
4200
4199
4199
4197
4197
4196
4196
4194
4194
4194
4194
4193
4193
4193
4193
4192
4192
4191
4190
4190
4189
4189
4189
4189
4188
4188
4188
4188
4188
4188
4187
4187
4187
4186
4185
4185
4184
4184
4183
4183
4183
4183
4182
4182
4181
4181
4181
4180
4179
4179
4179
4179
4179
4178
4177
4176
4175
4175
4175
4175
4174
4174
4174
4174
4174
4173
4173
4172
4172
4172
4172
4171
4171
4171
4171
4170
4170
4170
4170
4170
4170
4169
4169
4169
4168
4168
4168
4168
4168
4168
4167
4167
4167
4167
4167
4167
4166
4166
4166
4166
4166
4165
4165
4165
4164
4164
4163
4163
4163
4163
4162
4162
4162
4161
4161
4160
4160
4160
4159
4159
4159
4158
4158
4158
4157
4157
4157
4157
4157
4156
4156
4156
4156
4155
4155
4155
4155
4155
4154
4154
4153
4153
4153
4153
4153
4153
4152
4152
4151
4150
4149
4148
4147
4145
4145
4144
4144
4144
4144
4144
4144
4144
4143
4143
4143
4142
4142
4141
4140
4139
4139
4139
4138
4137
4137
4137
4136
4136
4136
4135
4135
4135
4134
4134
4134
4133
4133
4133
4132
4132
4131
4131
4131
4131
4131
4130
4130
4130
4129
4129
4129
4129
4129
4128
4127
4126
4126
4125
4125
4125
4125
4125
4125
4123
4122
4121
4120
4120
4119
4119
4118
4117
4117
4117
4116
4115
4115
4115
4115
4114
4114
4114
4113
4113
4113
4112
4112
4112
4112
4112
4111
4110
4110
4110
4110
4110
4109
4109
4109
4109
4108
4108
4107
4105
4104
4103
4101
4101
4100
4100
4099
4098
4098
4098
4097
4096
4096
4095
4095
4094
4094
4094
4094
4093
4092
4092
4091
4090
4090
4090
4089
4088
4088
4087
4087
4087
4087
4086
4086
4085
4085
4085
4084
4084
4084
4084
4084
4083
4083
4082
4081
4081
4080
4080
4080
4080
4079
4079
4079
4078
4078
4078
4078
4077
4077
4077
4077
4076
4076
4076
4075
4075
4075
4075
4074
4073
4073
4073
4073
4073
4072
4072
4072
4072
4070
4070
4070
4070
4069
4069
4068
4068
4068
4067
4067
4067
4067
4066
4066
4065
4065
4064
4064
4064
4064
4062
4062
4062
4062
4062
4062
4061
4061
4060
4059
4059
4056
4056
4056
4056
4055
4055
4055
4053
4053
4053
4052
4052
4052
4052
4052
4052
4052
4052
4052
4051
4050
4050
4048
4048
4048
4048
4048
4047
4047
4047
4046
4045
4045
4045
4045
4044
4044
4044
4043
4043
4042
4042
4041
4041
4041
4041
4041
4040
4040
4040
4039
4039
4038
4038
4038
4037
4037
4037
4036
4036
4036
4036
4036
4035
4035
4035
4034
4034
4034
4034
4034
4033
4033
4033
4031
4030
4030
4030
4030
4030
4029
4028
4028
4028
4027
4027
4026
4025
4024
4023
4023
4023
4022
4022
4022
4021
4021
4021
4020
4019
4019
4019
4018
4018
4017
4017
4017
4017
4017
4016
4016
4016
4015
4015
4015
4015
4015
4015
4015
4013
4013
4013
4013
4013
4013
4013
4011
4011
4011
4011
4009
4009
4009
4009
4009
4009
4008
4007
4007
4006
4006
4005
4005
4005
4005
4003
4003
4003
4002
4002
4002
4002
4001
4001
4000
4000
3999
3999
3998
3997
3997
3997
3996
3996
3994
3994
3994
3994
3994
3993
3993
3991
3991
3990
3989
3989
3989
3989
3989
3988
3988
3987
3987
3987
3987
3986
3986
3985
3985
3984
3984
3984
3983
3983
3983
3983
3999
3982
3982
3982
3981
3981
3981
3981
3980
3980
3979
3979
3979
3979
3979
3978
3978
3978
3978
3978
3978
3977
3977
3977
3977
3976
3976
3975
3975
3975
3975
3974
3974
3974
3973
3973
3973
3973
3972
3972
3971
3971
3971
3971
3970
3970
3970
3970
3969
3969
3969
3969
3968
3967
3966
3966
3965
3964
3964
3964
3964
3964
3963
3963
3962
3962
3962
3962
3961
3961
3960
3960
3960
3960
3959
3958
3958
3957
3957
3957
3957
3956
3956
3955
3955
3955
3955
3955
3955
3955
3955
3954
3954
3954
3953
3953
3953
3953
3953
3953
3953
3952
3952
3952
3951
3951
3951
3951
3951
3950
3949
3949
3949
3949
3948
3947
3947
3946
3946
3946
3945
3945
3945
3943
3943
3943
3943
3942
3942
3941
3941
3941
3941
3940
3940
3940
3940
3939
3939
3937
3936
3936
3935
3935
3935
3935
3934
3934
3934
3933
3933
3933
3933
3932
3932
3932
3932
3931
3931
3931
3930
3930
3930
3929
3929
3929
3928
3928
3927
3927
3927
3927
3926
3926
3925
3925
3925
3925
3924
3924
3924
3924
3924
3924
3923
3922
3922
3921
3921
3920
3920
3920
3919
3918
3918
3918
3918
3918
3917
3917
3917
3917
3916
3916
3915
3915
3914
3914
3914
3913
3913
3913
3913
3912
3912
3911
3911
3911
3911
3911
3911
3911
3911
3910
3909
3909
3908
3908
3908
3907
3907
3907
3907
3906
3906
3906
3906
3906
3905
3905
3905
3904
3903
3903
3902
3902
3901
3901
3900
3900
3900
3900
3899
3899
3898
3898
3898
3897
3897
3897
3897
3897
3897
3897
3896
3896
3895
3894
3894
3894
3894
3894
3894
3894
3894
3893
3893
3893
3893
3893
3893
3894
3892
3892
3890
3889
3888
3888
3888
3887
3887
3886
3886
3885
3885
3885
3883
3883
3883
3883
3883
3882
3881
3881
3881
3881
3881
3880
3880
3879
3879
3879
3879
3878
3878
3878
3878
3878
3878
3876
3875
3875
3875
3875
3874
3874
3874
3873
3873
3873
3873
3872
3872
3872
3871
3871
3871
3871
3870
3870
3870
3870
3870
3869
3869
3869
3868
3868
3868
3868
3868
3867
3867
3866
3866
3866
3865
3865
3865
3864
3864
3864
3863
3862
3861
3861
3861
3861
3861
3860
3860
3859
3858
3858
3858
3857
3857
3857
3857
3857
3857
3856
3856
3856
3856
3855
3855
3855
3855
3854
3854
3854
3854
3854
3853
3853
3853
3853
3851
3851
3851
3850
3849
3849
3849
3849
3848
3848
3848
3848
3848
3847
3847
3846
3846
3846
3845
3845
3844
3844
3844
3844
3843
3843
3842
3842
3842
3841
3841
3841
3841
3841
3840
3840
3840
3839
3839
3838
3838
3838
3838
3837
3837
3837
3837
3837
3836
3836
3836
3836
3835
3835
3835
3835
3835
3834
3834
3834
3834
3834
3834
3834
3834
3833
3832
3832
3832
3831
3831
3831
3831
3831
3830
3830
3830
3829
3828
3828
3828
3828
3828
3828
3827
3827
3827
3827
3827
3826
3826
3826
3824
3824
3824
3823
3822
3822
3822
3822
3822
3821
3821
3820
3820
3819
3819
3819
3819
3818
3818
3818
3818
3818
3817
3817
3816
3816
3815
3815
3814
3814
3814
3813
3813
3813
3813
3812
3812
3812
3812
3812
3812
3811
3811
3811
3811
3811
3811
3811
3811
3811
3810
3810
3810
3809
3809
3808
3808
3808
3807
3807
3807
3807
3807
3806
3805
3805
3805
3805
3804
3804
3804
3803
3803
3803
3803
3802
3802
3802
3801
3801
3801
3801
3800
3800
3800
3799
3799
3799
3798
3798
3798
3798
3798
3797
3797
3797
3797
3797
3797
3796
3796
3796
3796
3796
3795
3795
3795
3795
3795
3795
3794
3794
3794
3794
3794
3793
3793
3793
3792
3792
3792
3792
3791
3791
3790
3790
3790
3790
3789
3788
3788
3788
3787
3787
3787
3786
3786
3786
3786
3786
3786
3785
3785
3785
3784
3783
3783
3783
3782
3782
3782
3781
3781
3781
3781
3781
3780
3780
3779
3780
3779
3779
3779
3779
3778
3778
3778
3778
3778
3778
3778
3778
3777
3777
3777
3776
3775
3775
3775
3775
3774
3773
3773
3773
3772
3771
3771
3771
3771
3770
3769
3769
3769
3769
3769
3769
3769
3768
3768
3768
3767
3767
3766
3766
3766
3765
3765
3765
3765
3765
3764
3763
3763
3763
3762
3762
3762
3762
3761
3761
3760
3760
3759
3759
3759
3758
3756
3756
3755
3755
3755
3755
3754
3754
3754
3754
3754
3754
3754
3753
3752
3752
3752
3751
3751
3751
3751
3751
3751
3750
3750
3750
3749
3749
3748
3747
3746
3745
3745
3745
3745
3744
3743
3743
3743
3742
3742
3742
3741
3741
3740
3740
3740
3739
3739
3739
3739
3738
3738
3738
3737
3737
3737
3736
3736
3736
3735
3734
3734
3733
3733
3733
3732
3732
3732
3732
3730
3730
3729
3729
3729
3729
3728
3728
3728
3728
3727
3727
3726
3726
3726
3726
3725
3725
3725
3724
3724
3724
3724
3724
3724
3724
3723
3723
3722
3722
3722
3721
3721
3721
3721
3720
3719
3719
3719
3719
3719
3718
3718
3718
3718
3718
3718
3718
3715
3715
3714
3714
3713
3712
3712
3711
3711
3711
3711
3711
3711
3711
3710
3710
3710
3710
3710
3709
3709
3709
3708
3708
3708
3706
3706
3706
3705
3705
3704
3704
3704
3703
3703
3703
3703
3703
3702
3702
3702
3702
3701
3701
3701
3700
3700
3700
3700
3700
3699
3699
3698
3698
3698
3697
3697
3697
3697
3697
3697
3697
3697
3696
3696
3696
3696
3696
3695
3695
3694
3694
3693
3693
3693
3693
3693
3692
3692
3692
3691
3691
3691
3691
3690
3690
3689
3689
3689
3689
3689
3688
3688
3688
3688
3687
3687
3687
3686
3686
3686
3686
3686
3685
3684
3684
3683
3683
3683
3682
3682
3682
3681
3681
3681
3681
3681
3680
3680
3680
3680
3679
3679
3679
3678
3678
3678
3677
3677
3677
3676
3676
3674
3674
3674
3674
3673
3673
3672
3672
3672
3672
3671
3671
3671
3670
3670
3670
3670
3670
3670
3670
3670
3669
3669
3669
3669
3669
3668
3668
3668
3668
3668
3667
3667
3666
3692
3666
3666
3666
3665
3665
3665
3665
3664
3664
3664
3664
3664
3664
3663
3663
3663
3663
3662
3662
3662
3661
3661
3661
3661
3661
3661
3661
3660
3660
3660
3659
3659
3659
3658
3657
3657
3657
3657
3657
3656
3656
3656
3656
3656
3656
3656
3655
3655
3655
3654
3654
3654
3654
3654
3653
3653
3652
3652
3652
3651
3651
3651
3651
3651
3651
3651
3650
3650
3650
3650
3650
3649
3649
3649
3649
3648
3648
3648
3648
3647
3647
3647
3646
3646
3646
3646
3646
3645
3645
3645
3645
3645
3644
3644
3644
3643
3643
3643
3643
3643
3643
3642
3642
3642
3642
3641
3641
3641
3640
3640
3640
3640
3640
3640
3640
3639
3639
3639
3639
3639
3639
3639
3639
3638
3638
3638
3637
3637
3637
3637
3637
3636
3636
3636
3636
3636
3635
3635
3635
3635
3634
3633
3633
3633
3633
3633
3632
3632
3632
3632
3631
3631
3631
3631
3634
3630
3630
3630
3630
3630
3629
3629
3629
3628
3628
3627
3627
3627
3626
3626
3626
3626
3626
3625
3625
3625
3624
3624
3624
3623
3623
3622
3622
3622
3622
3622
3622
3621
3621
3620
3620
3620
3620
3619
3618
3617
3617
3616
3616
3616
3615
3615
3615
3614
3613
3613
3613
3612
3612
3612
3612
3611
3611
3611
3610
3610
3610
3609
3609
3609
3608
3608
3608
3607
3607
3607
3606
3606
3605
3605
3605
3605
3605
3605
3604
3604
3604
3604
3603
3603
3603
3603
3601
3601
3601
3600
3600
3600
3599
3599
3599
3599
3598
3598
3598
3598
3598
3598
3597
3597
3597
3597
3597
3596
3595
3595
3595
3595
3595
3594
3594
3593
3593
3592
3592
3592
3592
3592
3591
3591
3591
3590
3590
3590
3589
3589
3589
3589
3589
3589
3589
3589
3589
3588
3588
3588
3587
3587
3586
3586
3586
3586
3586
3586
3586
3585
3585
3584
3584
3584
3584
3584
3584
3584
3583
3583
3583
3582
3582
3582
3582
3581
3581
3581
3581
3581
3580
3580
3580
3580
3579
3579
3579
3579
3578
3578
3577
3577
3577
3576
3575
3575
3575
3574
3574
3574
3574
3574
3574
3573
3573
3572
3572
3572
3572
3571
3571
3571
3570
3569
3569
3569
3569
3569
3569
3569
3568
3568
3568
3568
3568
3567
3567
3567
3567
3567
3565
3565
3565
3565
3564
3564
3563
3563
3562
3560
3560
3560
3560
3560
3559
3559
3559
3558
3558
3558
3558
3558
3557
3557
3557
3557
3557
3556
3556
3556
3556
3555
3555
3555
3555
3555
3555
3554
3554
3553
3553
3553
3552
3552
3552
3552
3552
3551
3551
3551
3550
3550
3550
3550
3550
3549
3549
3549
3549
3548
3547
3547
3547
3547
3547
3546
3545
3545
3545
3545
3545
3543
3543
3543
3543
3542
3542
3542
3541
3541
3541
3540
3539
3539
3538
3538
3538
3538
3538
3538
3538
3537
3537
3537
3537
3536
3536
3536
3535
3535
3535
3535
3535
3535
3535
3533
3533
3533
3533
3533
3532
3531
3530
3529
3529
3529
3529
3529
3528
3528
3528
3528
3527
3527
3527
3527
3526
3526
3525
3525
3525
3525
3525
3524
3524
3524
3524
3524
3523
3523
3523
3522
3522
3522
3521
3521
3520
3520
3520
3519
3518
3518
3518
3518
3517
3517
3517
3516
3516
3516
3515
3515
3515
3515
3515
3515
3515
3515
3514
3514
3514
3514
3513
3513
3513
3513
3512
3511
3511
3511
3511
3511
3510
3510
3509
3509
3509
3509
3508
3508
3508
3508
3507
3507
3507
3507
3506
3506
3505
3505
3505
3505
3504
3504
3504
3504
3504
3503
3503
3502
3502
3501
3501
3501
3501
3501
3500
3500
3500
3500
3500
3499
3499
3499
3498
3498
3498
3498
3497
3497
3497
3497
3496
3496
3496
3496
3496
3496
3496
3496
3495
3495
3495
3494
3494
3494
3494
3493
3493
3493
3493
3493
3493
3493
3492
3492
3492
3492
3492
3492
3491
3491
3491
3491
3490
3490
3490
3490
3489
3489
3489
3489
3488
3488
3488
3488
3488
3487
3487
3487
3486
3486
3486
3486
3486
3486
3485
3485
3484
3484
3484
3484
3484
3483
3483
3482
3482
3482
3481
3481
3481
3481
3480
3480
3480
3480
3479
3478
3477
3477
3477
3477
3477
3476
3476
3475
3475
3474
3474
3474
3473
3473
3473
3473
3472
3472
3472
3472
3472
3471
3471
3471
3470
3470
3470
3469
3469
3469
3469
3469
3469
3468
3468
3468
3467
3467
3467
3466
3466
3466
3466
3465
3465
3465
3465
3464
3464
3464
3464
3463
3463
3463
3463
3463
3463
3462
3462
3462
3462
3461
3460
3460
3460
3460
3460
3459
3459
3458
3458
3457
3457
3457
3456
3456
3456
3456
3455
3455
3455
3454
3454
3454
3454
3454
3453
3453
3453
3452
3452
3452
3451
3451
3451
3451
3450
3450
3450
3450
3450
3449
3449
3448
3448
3448
3446
3446
3446
3446
3446
3445
3445
3445
3444
3444
3443
3443
3443
3443
3442
3442
3442
3442
3441
3441
3441
3441
3441
3440
3440
3440
3440
3440
3439
3439
3439
3439
3439
3438
3438
3437
3437
3437
3437
3437
3437
3437
3437
3436
3435
3435
3435
3434
3434
3434
3434
3434
3434
3433
3433
3433
3432
3432
3432
3432
3431
3431
3431
3431
3431
3431
3430
3430
3430
3430
3429
3429
3429
3429
3429
3429
3429
3429
3428
3428
3427
3427
3427
3427
3427
3427
3427
3426
3426
3425
3425
3425
3425
3425
3425
3425
3424
3424
3424
3424
3424
3424
3423
3423
3423
3422
3422
3422
3421
3421
3421
3421
3421
3421
3420
3420
3420
3419
3419
3418
3418
3418
3418
3418
3417
3417
3417
3417
3417
3417
3417
3416
3416
3416
3416
3416
3415
3415
3415
3414
3414
3414
3414
3414
3414
3414
3413
3413
3413
3413
3413
3412
3411
3411
3411
3410
3410
3410
3410
3410
3410
3410
3410
3409
3409
3409
3409
3408
3408
3408
3407
3407
3407
3407
3407
3407
3407
3407
3407
3406
3406
3406
3406
3406
3406
3406
3404
3404
3403
3403
3402
3402
3402
3402
3401
3401
3401
3401
3401
3401
3400
3400
3400
3400
3400
3399
3399
3399
3399
3399
3399
3398
3398
3398
3398
3398
3398
3398
3397
3397
3397
3396
3396
3396
3396
3396
3396
3395
3395
3395
3395
3395
3395
3395
3394
3394
3393
3393
3393
3393
3393
3392
3391
3391
3391
3391
3391
3391
3391
3390
3390
3390
3390
3388
3388
3387
3387
3387
3387
3387
3386
3386
3386
3385
3385
3385
3383
3383
3383
3383
3383
3383
3383
3383
3383
3382
3382
3382
3382
3381
3381
3381
3380
3380
3380
3379
3379
3378
3378
3378
3377
3377
3377
3377
3377
3376
3376
3376
3376
3375
3375
3375
3374
3374
3374
3374
3374
3374
3374
3373
3373
3373
3373
3373
3373
3373
3373
3373
3372
3372
3372
3372
3372
3372
3372
3371
3370
3370
3369
3368
3368
3368
3368
3368
3367
3367
3367
3367
3366
3366
3366
3366
3366
3366
3365
3365
3365
3365
3365
3363
3363
3363
3362
3361
3361
3361
3360
3360
3360
3360
3360
3360
3360
3360
3360
3358
3358
3358
3358
3358
3358
3357
3357
3357
3357
3357
3356
3356
3356
3356
3355
3355
3355
3355
3355
3355
3355
3355
3354
3354
3354
3353
3353
3353
3353
3352
3352
3352
3352
3352
3352
3352
3352
3351
3350
3350
3350
3349
3349
3349
3349
3349
3348
3348
3348
3347
3347
3347
3347
3346
3346
3345
3345
3345
3344
3344
3344
3344
3343
3343
3343
3343
3342
3342
3342
3342
3341
3341
3341
3341
3341
3341
3341
3340
3340
3340
3340
3339
3339
3339
3338
3338
3338
3338
3338
3337
3337
3337
3336
3336
3336
3336
3336
3336
3336
3335
3335
3334
3333
3332
3332
3332
3332
3332
3332
3332
3332
3332
3332
3331
3331
3331
3331
3331
3331
3330
3330
3330
3330
3330
3329
3329
3329
3328
3328
3328
3327
3327
3327
3326
3326
3326
3326
3326
3326
3326
3325
3325
3325
3325
3324
3324
3323
3323
3323
3323
3322
3322
3322
3321
3321
3321
3320
3320
3320
3319
3318
3318
3318
3317
3317
3317
3317
3317
3316
3316
3316
3316
3316
3315
3315
3315
3315
3315
3315
3315
3314
3314
3314
3314
3314
3313
3312
3312
3312
3311
3311
3311
3311
3311
3311
3310
3310
3310
3310
3309
3309
3309
3308
3308
3308
3308
3308
3307
3307
3307
3306
3306
3306
3306
3306
3306
3305
3305
3305
3304
3304
3304
3304
3304
3304
3303
3303
3303
3303
3302
3302
3302
3301
3301
3301
3301
3300
3301
3300
3300
3300
3299
3299
3299
3298
3298
3298
3298
3297
3297
3297
3297
3297
3297
3297
3296
3296
3295
3294
3294
3294
3293
3293
3293
3292
3292
3292
3292
3291
3291
3291
3290
3290
3290
3290
3290
3289
3287
3287
3287
3286
3286
3285
3285
3285
3285
3284
3284
3284
3283
3283
3283
3282
3282
3281
3281
3281
3281
3281
3281
3281
3280
3280
3280
3280
3280
3280
3280
3280
3279
3278
3278
3278
3278
3277
3277
3277
3277
3276
3275
3275
3275
3274
3274
3274
3274
3274
3274
3274
3273
3273
3273
3273
3272
3272
3272
3272
3271
3271
3271
3271
3271
3271
3270
3270
3270
3270
3270
3269
3269
3269
3269
3269
3269
3268
3268
3268
3267
3267
3267
3267
3266
3266
3266
3266
3265
3265
3264
3264
3264
3263
3263
3263
3263
3261
3261
3261
3261
3261
3260
3260
3260
3260
3260
3260
3259
3259
3259
3259
3259
3258
3264
3258
3258
3256
3256
3255
3255
3255
3255
3255
3255
3254
3254
3254
3254
3254
3253
3253
3253
3252
3252
3252
3252
3252
3251
3251
3251
3251
3251
3251
3251
3250
3250
3250
3250
3250
3250
3249
3249
3248
3248
3248
3248
3247
3247
3247
3247
3247
3247
3247
3246
3246
3246
3246
3246
3245
3245
3245
3245
3245
3245
3245
3245
3244
3244
3244
3244
3244
3244
3244
3243
3243
3243
3242
3242
3242
3242
3242
3242
3242
3242
3241
3241
3241
3241
3241
3240
3240
3240
3240
3240
3239
3239
3239
3239
3239
3238
3238
3238
3238
3238
3238
3238
3237
3237
3237
3237
3236
3236
3236
3236
3235
3235
3235
3235
3235
3235
3235
3234
3234
3233
3233
3233
3232
3232
3232
3232
3232
3232
3232
3231
3231
3251
3231
3231
3231
3231
3231
3230
3230
3230
3230
3230
3229
3228
3228
3227
3227
3227
3227
3226
3226
3226
3225
3225
3225
3224
3224
3224
3224
3223
3223
3223
3223
3223
3222
3222
3222
3222
3222
3222
3221
3221
3221
3220
3220
3220
3220
3220
3220
3219
3219
3219
3218
3218
3218
3217
3217
3217
3216
3216
3216
3216
3216
3216
3216
3216
3215
3215
3214
3214
3213
3213
3213
3213
3213
3213
3212
3212
3212
3212
3212
3212
3211
3211
3211
3211
3211
3211
3211
3210
3210
3210
3210
3209
3208
3208
3208
3208
3208
3207
3206
3206
3206
3206
3206
3206
3205
3205
3205
3204
3204
3204
3204
3204
3204
3203
3203
3202
3202
3201
3201
3201
3201
3201
3201
3201
3201
3201
3200
3200
3200
3200
3199
3199
3199
3199
3198
3198
3197
3197
3197
3197
3197
3197
3197
3196
3196
3196
3196
3196
3195
3195
3194
3194
3194
3194
3194
3193
3193
3193
3192
3192
3192
3191
3191
3191
3190
3190
3189
3189
3189
3189
3189
3188
3188
3188
3188
3187
3187
3186
3186
3186
3185
3185
3185
3185
3185
3184
3184
3184
3184
3184
3183
3183
3183
3183
3183
3182
3182
3182
3182
3182
3181
3181
3181
3181
3181
3180
3180
3180
3180
3180
3180
3180
3180
3180
3180
3179
3179
3179
3179
3179
3178
3177
3177
3177
3177
3177
3177
3177
3177
3177
3177
3176
3176
3176
3176
3175
3175
3175
3175
3174
3174
3174
3173
3173
3173
3172
3172
3172
3172
3171
3171
3171
3171
3171
3171
3171
3171
3170
3170
3170
3170
3170
3169
3169
3169
3168
3168
3168
3168
3168
3167
3167
3167
3166
3166
3166
3166
3166
3166
3166
3165
3165
3165
3165
3165
3165
3165
3164
3164
3164
3164
3164
3164
3163
3163
3162
3162
3162
3162
3162
3161
3161
3161
3161
3161
3160
3160
3160
3160
3160
3159
3159
3159
3159
3158
3158
3157
3157
3157
3157
3157
3156
3156
3156
3156
3155
3155
3155
3154
3154
3154
3154
3154
3154
3154
3153
3153
3153
3151
3151
3151
3151
3151
3151
3150
3150
3150
3150
3149
3149
3149
3149
3149
3149
3148
3148
3148
3148
3147
3147
3147
3146
3146
3146
3146
3146
3145
3145
3145
3145
3145
3143
3143
3143
3143
3143
3143
3143
3143
3143
3142
3142
3142
3142
3142
3141
3141
3141
3141
3140
3140
3140
3139
3139
3139
3139
3138
3138
3138
3138
3138
3137
3137
3137
3136
3136
3135
3135
3135
3135
3134
3134
3134
3134
3134
3134
3134
3134
3134
3133
3133
3133
3132
3132
3132
3132
3131
3131
3131
3131
3130
3130
3130
3130
3130
3130
3129
3129
3129
3129
3129
3128
3128
3128
3128
3128
3127
3127
3127
3127
3126
3126
3126
3126
3126
3126
3126
3126
3125
3125
3125
3125
3125
3124
3124
3124
3124
3124
3123
3123
3122
3122
3122
3122
3121
3121
3121
3121
3121
3121
3120
3120
3120
3119
3119
3119
3119
3118
3118
3118
3118
3118
3118
3117
3117
3117
3117
3117
3116
3116
3116
3116
3116
3116
3116
3115
3115
3115
3115
3115
3115
3115
3115
3115
3114
3114
3113
3113
3113
3113
3113
3112
3112
3111
3111
3110
3110
3110
3110
3110
3110
3108
3108
3108
3108
3108
3108
3108
3108
3108
3107
3107
3107
3107
3106
3106
3106
3106
3106
3105
3105
3105
3105
3105
3104
3104
3104
3104
3104
3103
3103
3103
3103
3103
3103
3103
3103
3103
3103
3102
3102
3102
3102
3102
3102
3102
3102
3102
3102
3101
3101
3100
3100
3100
3100
3100
3099
3099
3099
3099
3099
3099
3098
3098
3098
3097
3097
3097
3097
3096
3096
3096
3096
3095
3095
3095
3095
3095
3095
3095
3094
3094
3094
3094
3094
3093
3093
3093
3092
3092
3092
3092
3091
3091
3091
3091
3091
3090
3090
3090
3090
3090
3089
3089
3089
3089
3088
3088
3088
3088
3088
3088
3088
3088
3087
3087
3087
3087
3086
3086
3086
3085
3085
3085
3085
3085
3085
3084
3084
3084
3084
3084
3084
3084
3084
3083
3083
3083
3082
3082
3082
3081
3081
3081
3081
3081
3080
3080
3080
3080
3080
3079
3079
3079
3079
3078
3078
3078
3078
3078
3078
3077
3077
3077
3077
3077
3077
3076
3075
3075
3075
3075
3075
3075
3075
3075
3074
3074
3074
3074
3074
3074
3073
3072
3072
3072
3072
3072
3071
3071
3071
3071
3070
3070
3070
3070
3070
3069
3069
3069
3068
3068
3068
3068
3068
3068
3068
3067
3067
3067
3067
3066
3066
3066
3066
3066
3066
3066
3065
3065
3065
3065
3065
3065
3064
3064
3064
3064
3064
3063
3063
3063
3063
3062
3062
3062
3062
3062
3061
3061
3061
3061
3061
3061
3061
3061
3060
3060
3060
3060
3060
3059
3059
3058
3058
3058
3058
3058
3058
3058
3058
3058
3057
3057
3057
3057
3056
3056
3056
3056
3056
3056
3055
3055
3055
3055
3055
3055
3054
3054
3054
3054
3054
3054
3054
3054
3053
3053
3053
3053
3052
3052
3052
3051
3051
3051
3051
3050
3050
3050
3050
3049
3049
3049
3049
3049
3049
3049
3049
3048
3048
3048
3048
3048
3048
3047
3046
3046
3046
3046
3045
3044
3043
3043
3043
3043
3042
3042
3042
3041
3041
3041
3040
3040
3040
3040
3040
3040
3040
3040
3040
3040
3039
3039
3039
3039
3039
3039
3039
3038
3038
3038
3038
3038
3038
3037
3037
3037
3037
3037
3037
3037
3036
3036
3036
3036
3036
3036
3036
3036
3035
3035
3035
3035
3035
3035
3034
3034
3034
3034
3033
3033
3033
3033
3033
3032
3032
3032
3032
3032
3032
3031
3031
3030
3030
3030
3030
3030
3029
3029
3029
3029
3029
3029
3028
3028
3028
3028
3028
3027
3027
3027
3027
3027
3027
3027
3027
3027
3027
3027
3027
3026
3030
3026
3026
3026
3026
3025
3024
3024
3024
3024
3023
3023
3023
3023
3022
3022
3022
3022
3021
3021
3021
3021
3020
3020
3019
3019
3019
3019
3019
3019
3019
3019
3018
3018
3018
3018
3018
3018
3017
3017
3017
3017
3017
3017
3017
3017
3016
3016
3016
3016
3016
3016
3016
3016
3016
3015
3015
3015
3015
3015
3015
3014
3014
3014
3014
3013
3013
3012
3012
3012
3012
3012
3011
3011
3010
3010
3010
3010
3009
3009
3009
3008
3008
3008
3008
3008
3008
3008
3007
3007
3007
3007
3007
3007
3007
3007
3007
3006
3006
3006
3006
3005
3005
3005
3005
3005
3005
3004
3004
3004
3004
3004
3004
3003
3003
3002
3002
3002
3002
3002
3002
3001
3001
3001
3001
3000
3000
3000
3000
3000
3000
3000
3000
3000
