166768
109049
108087
106982
91678
91438
82998
78456
78283
76459
70960
65872
64515
63061
55046
54825
51435
48862
46727
43119
42838
42304
41056
40771
39985
37502
34625
33303
32062
31630
31161
29517
25515
25444
24582
24164
24090
23797
23192
23118
23117
23043
22967
21474
21035
20815
20632
19424
19173
18356
17456
17450
17413
17170
16449
16246
16171
16148
15947
15630
15387
15373
15346
15340
15261
14979
14681
14501
14456
14311
14159
14102
13755
13694
13692
13688
13584
13100
12798
12397
12303
12263
12187
12094
12060
11946
11908
11744
11716
11694
11675
11636
11611
11593
11549
11547
11408
11353
11350
11278
11266
11245
11201
11053
11010
10936
10809
10790
10767
10764
10742
10704
10678
10665
10516
10367
10263
10240
10204
10203
10136
10069
10046
10000
9984
9966
9907
9677
9676
9614
9507
9450
9445
9420
9352
9266
9227
9195
9189
9153
9108
9068
8903
8893
8856
8845
8806
8767
8761
8758
8728
8711
8680
8651
8642
8618
8561
8535
8527
8494
8466
8400
8382
8375
8311
8295
8263
8258
8216
8207
8123
8052
8003
7997
7997
7971
7901
7898
7877
7844
7832
7814
7806
7769
7764
7755
7691
7615
7607
7605
7589
7524
7487
7481
7478
7440
7403
7398
7397
7338
7339
7335
7298
7221
7216
7174
7124
7090
7085
7072
7070
7064
7059
7040
7026
7021
7013
6987
6980
6974
6937
6919
6877
6874
6846
6823
6809
6808
6808
6781
6771
6747
6745
6730
6691
6653
6651
6648
6639
6637
6545
6510
6492
6491
6487
6459
6446
6439
6434
6421
6402
6394
6358
6321
6301
6276
6257
6256
6185
6170
6163
6128
6094
6079
6062
6028
5979
5975
5967
5961
5961
5932
5915
5902
5808
5804
5803
5791
5781
5759
5753
5749
5739
5732
5727
5710
5688
5686
5678
5593
5589
5577
5525
5510
5494
5488
5466
5462
5462
5458
5433
5417
5400
5380
5375
5374
5373
5373
5370
5353
5348
5347
5341
5339
5328
5324
5309
5279
5277
5267
5266
5255
5244
5239
5225
5219
5206
5197
5151
5149
5140
5118
5113
5104
5093
5092
5085
5073
5072
5066
5063
5060
5059
5055
5050
5043
5038
5034
5020
5008
4995
4992
4991
4982
4974
4954
4952
4952
4951
4951
4949
4939
4934
4928
4918
4915
4900
4900
4865
4863
4845
4840
4834
4824
4804
4802
4794
4793
4776
4775
4774
4761
4751
4745
4736
4730
4719
4717
4712
4701
4699
4682
4672
4662
4661
4657
4647
4639
4635
4632
4629
4624
4619
4617
4612
4587
4580
4570
4551
4524
4516
4483
4479
4475
4472
4445
4439
4423
4416
4415
4403
4396
4396
4378
4372
4363
4333
4323
4321
4317
4317
4314
4310
4298
4298
4289
4289
4287
4281
4277
4272
4267
4262
4259
4240
4217
4217
4200
4194
4178
4175
4159
4155
4150
4142
4139
4135
4126
4121
4116
4113
4111
4098
4089
4084
4080
4075
4069
4054
4041
4037
4036
4030
4029
4028
4027
4024
4013
3999
3996
3993
3982
3954
3939
3937
3936
3932
3929
3926
3918
3910
3899
3892
3892
3890
3868
3862
3856
3849
3842
3838
3837
3830
3821
3815
3803
3803
3800
3799
3799
3795
3794
3787
3784
3783
3781
3780
3776
3776
3774
3774
3768
3765
3758
3758
3750
3750
3748
3747
3746
3741
3737
3728
3714
3714
3710
3707
3706
3701
3701
3699
3691
3690
3686
3681
3680
3671
3666
3650
3649
3647
3646
3629
3621
3620
3605
3603
3599
3593
3590
3578
3577
3570
3570
3567
3567
3566
3565
3558
3558
3547
3546
3544
3543
3540
3539
3535
3533
3515
3512
3504
3501
3498
3498
3498
3486
3486
3486
3483
3483
3477
3470
3466
3462
3461
3457
3446
3440
3435
3434
3433
3430
3428
3416
3412
3412
3410
3408
3408
3404
3398
3398
3398
3395
3391
3388
3382
3381
3380
3368
3354
3338
3325
3304
3295
3294
3289
3289
3285
3284
3280
3275
3273
3273
3273
3272
3270
3265
3264
3253
3252
3249
3242
3241
3239
3238
3236
3235
3221
3217
3215
3210
3205
3200
3198
3191
3187
3181
3179
3179
3179
3178
3178
3173
3173
3171
3170
3167
3166
3165
3151
3133
3133
3130
3123
3120
3117
3115
3114
3109
3108
3105
3098
3096
3095
3092
3081
3080
3079
3079
3079
3074
3069
3064
3064
3061
3061
3060
3058
3057
3056
3052
3052
3050
3044
3040
3040
3040
3040
3038
3037
3035
3035
3032
3032
3030
3028
3022
3021
3020
3005
3004
3003
