597983
463771
462844
408515
353187
279812
279786
276872
275812
266483
259300
242324
234403
232394
231655
231249
231027
207264
201461
201251
198854
195994
190033
186987
183528
178438
175867
174354
165638
163460
162310
155332
154670
152819
148770
146521
145737
145300
142166
141122
139411
137520
137145
133275
133147
131937
131737
131219
130427
129010
127540
126932
126281
126218
126022
125172
121486
121158
120780
120318
118301
116548
116172
111857
111723
110281
109355
108410
108270
108241
108169
106936
105557
105535
104605
103047
102077
98801
96921
96871
96781
96509
96333
96155
94689
94290
94032
93808
93045
92170
92058
91616
90063
89962
89207
87190
86192
86040
84880
83952
83608
82859
82065
81681
81639
80417
79566
79433
79113
78917
78835
78224
78018
77062
76974
76899
76649
76199
75525
75206
74995
74804
74689
73605
73587
73509
73375
73286
72889
72678
71806
71240
71143
70966
69264
69208
69055
68602
68361
67062
66484
66478
66009
65830
64960
64340
63923
63002
62636
62551
61900
61661
61250
61114
61038
60887
60835
60722
60548
60522
60515
60358
59854
59393
59174
59155
58965
58927
58787
58741
58611
58541
58530
58441
58316
58192
57655
57486
57307
57226
57133
57074
57026
56761
56744
56682
56663
56371
56226
56146
56089
56069
56042
55879
55877
55536
55437
55418
54990
54774
54449
54202
54097
53947
53938
53916
53902
53583
53573
53546
53384
53149
52713
52499
52423
52036
52022
51568
51309
50299
50203
50158
49815
49803
49756
49685
49651
49331
49309
48729
48590
48553
48156
48054
48040
47895
47841
47800
47317
47280
47244
46784
46703
46604
46568
46563
46475
46328
46084
46079
45891
45850
45653
45364
45262
45256
44995
44910
44882
44847
44742
44734
44715
44659
44514
44505
44133
43961
43916
43752
43753
43548
43533
43131
43121
43082
42919
42798
42550
42443
42365
42249
42163
42004
41900
41696
41581
41502
41338
41286
41231
41128
41102
41053
40958
40950
40930
40872
40557
40529
40438
40388
40386
40369
40185
40171
40168
40156
40144
40110
40075
40048
39960
39924
39725
39706
39495
39251
39178
39157
39052
39048
39030
38891
38810
38752
38632
38569
38389
38154
38120
38118
38087
38085
37937
37659
37566
37525
37486
37350
37252
37180
37164
37147
37106
37034
37024
36927
36851
36815
36773
36692
36670
36588
36549
36513
36455
36249
36247
36212
36145
36114
36001
35981
35933
35920
35793
35708
35611
35569
35480
35437
35411
35352
35286
35244
35187
35141
35104
35057
34799
34634
34467
34351
34237
34217
34208
34189
34034
33941
33937
33871
33863
33809
33801
33760
33750
33640
33621
33611
33587
33552
33500
33416
33390
33380
33335
33335
33226
33210
33202
33148
33093
33033
33030
33009
33007
32958
32873
32791
32734
32632
32631
32621
32520
32512
32456
32302
32294
32269
32267
32194
32160
32159
32128
32118
32046
32046
32034
32029
31903
31891
31848
31823
31764
31736
31716
31660
31621
31585
31481
31475
31451
31419
31402
31295
31292
31268
31144
31040
30975
30966
30920
30835
30793
30733
30712
30693
30681
30663
30609
30548
30539
30462
30389
30376
30348
30225
30188
30165
30171
30127
30120
30065
29958
29955
29935
29895
29794
29792
29787
29786
29727
29726
29712
29708
29691
29664
29574
29487
29420
29386
29288
29253
29202
29166
29136
29093
29076
29018
28979
28952
28894
28818
28687
28653
28642
28641
28518
28458
28416
28407
28357
28330
28327
28301
28274
28264
28207
28178
28119
28106
28050
28059
27889
27826
27775
27721
27690
27671
27596
27572
27542
27526
27454
27423
27407
27406
27395
27381
27300
27297
27288
27127
27119
27093
27084
26991
26990
26926
26883
26844
26834
26800
26797
26791
26723
26306
26304
26300
26220
26068
26036
26027
25953
25948
25940
25847
25827
25797
25797
25764
25698
25676
25609
25606
25591
25578
25549
25528
25397
25316
25257
25256
25223
25188
25125
25112
25071
25070
25061
25049
25030
25016
25006
24971
24955
24927
24891
24853
24845
24796
24754
24751
24690
24685
24673
24626
24568
24567
24543
24531
24527
24466
24431
24427
24392
24382
24351
24333
24313
24251
24216
24171
24168
24163
24020
23968
23899
23902
23901
23892
23882
23877
23841
23738
23699
23630
23620
23608
23608
23563
23553
23496
23484
23425
23374
23309
23283
23248
23209
23202
23170
23130
23055
23052
23051
23005
22924
22904
22904
22897
22846
22843
22801
22786
22744
22682
22651
22605
22576
22556
22548
22527
22522
22508
22490
22479
22473
22421
22351
22334
22333
22319
22295
22270
22239
22190
22129
22102
22053
22051
22043
22043
22031
21981
21946
21940
21937
21919
21904
21897
21878
21873
21829
21827
21825
21821
21814
21808
21798
21790
21789
21789
21786
21785
21768
21751
21725
21720
21706
21699
21679
21648
21641
21613
21584
21581
21576
21576
21572
21506
21490
21443
21433
21403
21402
21379
21314
21296
21295
21264
21259
21248
21246
21226
21226
21175
21146
21102
21046
21043
21040
21008
21001
21001
20971
20948
20900
20878
20876
20866
20848
20826
20781
20763
20751
20749
20710
20673
20669
20665
20659
20614
20607
20586
20544
20531
20531
20477
20463
20455
20452
20452
20416
20405
20400
20374
20364
20349
20341
20321
20319
20292
20258
20245
20232
20224
20205
20199
20198
20174
20119
20110
20092
20078
20059
20031
20019
20017
20009
19986
19926
19895
19836
19787
19783
19759
19759
19749
19745
19691
19672
19646
19641
19568
19508
19475
19461
19447
19418
19402
19394
19388
19372
19366
19321
19297
19293
19287
19285
19274
19238
19234
19227
19226
19226
19192
19180
19176
19159
19103
19123
19108
19099
19081
19068
19035
19016
18929
18891
18890
18886
18877
18866
18861
18861
18870
18844
18829
18823
18809
18803
18799
18797
18790
18744
18740
18740
18729
18727
18692
18662
18639
18611
18605
18598
18576
18575
18544
18543
18541
18508
18504
18471
18450
18449
18427
18424
18399
18368
18348
18346
18338
18334
18283
18273
18239
18229
18222
18215
18203
18201
18170
18162
18159
18159
18137
18137
18127
18098
18081
18011
18052
18042
18023
18020
18011
18005
17966
17931
17928
17923
17916
17907
17904
17896
17872
17862
17856
17842
17837
17834
17829
17800
17791
17763
17758
17748
17763
17732
17713
17703
17702
17699
17698
17689
17689
17662
17637
17640
17605
17595
17585
17581
17581
17572
17569
17555
17535
17518
17498
17481
17470
17451
17446
17434
17427
17421
17415
17406
17402
17389
17382
17380
17346
17338
17333
17317
17298
17296
17237
17207
17195
17187
17178
17142
17142
17127
17118
17097
17094
17091
17083
17068
17121
17035
16967
16961
16954
16950
16948
16936
16933
16931
16923
16920
16885
16873
16853
16840
16838
16838
16835
16832
16803
16796
16783
16780
16767
16760
16759
16751
16686
16685
16676
16666
16666
16663
16662
16650
16639
16637
16621
16602
16601
16590
16580
16574
16539
16517
16504
16496
16494
16486
16470
16467
16456
16448
16443
16445
16424
16405
16366
16366
16363
16360
16355
16349
16316
16315
16310
16307
16297
16289
16230
16220
16209
16209
16208
16208
16198
16191
16179
16167
16135
16113
16096
16089
16082
16078
16070
16052
16042
16024
16017
16016
16015
16015
15994
15990
15980
15975
15940
15938
15917
15905
15890
15875
15853
15806
15806
15794
15794
15783
15775
15766
15756
15748
15742
15738
15733
15717
15701
15698
15696
15689
15662
15652
15651
15639
15638
15609
15540
15536
15536
15533
15515
15506
15500
15481
15478
15474
15472
15465
15460
15449
15446
15423
15386
15386
15381
15375
15375
15367
15367
15359
15351
15391
15292
15287
15268
15233
15224
15212
15208
15192
15185
15175
15173
15149
15143
15141
15125
15111
15097
15094
15082
15080
15063
15056
15054
15052
15046
15017
15002
15000
14988
14985
14977
14973
14956
14953
14931
14930
14905
14900
14896
14876
14860
14844
14833
14831
14819
14818
14810
14803
14798
14789
14775
14767
14758
14751
14719
14707
14705
14680
14679
14674
14654
14650
14648
14634
14631
14624
14618
14616
14601
14599
14596
14592
14585
14581
14577
14573
14569
14546
14545
14472
14456
14455
14445
14432
14412
14409
14396
14393
14380
14371
14369
14354
14346
14345
14344
14337
14321
14316
14299
14292
14289
14286
14284
14278
14277
14265
14245
14243
14240
14228
14222
14199
14187
14175
14166
14140
14137
14129
14097
14091
14075
14055
14048
14042
14040
14039
14038
14025
14011
14010
14003
13969
13965
13945
13943
13927
13921
13918
13916
13916
13883
13868
13863
13857
13857
13849
13844
13839
13834
13831
13827
13812
13789
13802
13786
13772
13750
13747
13742
13710
13708
13682
13674
13667
13660
13647
13644
13642
13634
13626
13623
13619
13619
13607
13597
13594
13587
13583
13582
13575
13569
13560
13549
13547
13542
13522
13511
13506
13503
13497
13493
13477
13472
13470
13452
13437
13433
13431
13430
13425
13422
13397
13397
13396
13391
13390
13381
13355
13344
13337
13335
13328
13327
13306
13297
13292
13279
13279
13269
13263
13263
13229
13227
13225
13222
13211
13207
13202
13200
13197
13194
13166
13149
13148
13170
13141
13114
13113
13109
13105
13102
13102
13095
13073
13068
13065
13062
13048
13042
13012
13008
12998
12986
12973
12959
12956
12955
12927
12911
12887
12859
12837
12835
12833
12833
12826
12813
12808
12797
12769
12758
12748
12745
12743
12728
12727
12719
12716
12713
12704
12680
12676
12673
12673
12668
12666
12660
12656
12647
12641
12639
12629
12631
12625
12624
12618
12617
12602
12592
12581
12574
12565
12564
12547
12544
12504
12495
12486
12477
12477
12473
12460
12458
12449
12441
12437
12434
12430
12420
12411
12402
12401
12395
12391
12391
12381
12374
12371
12366
12352
12342
12325
12324
12319
12313
12304
12303
12301
12295
12295
12305
12262
12260
12259
12258
12257
12256
12242
12241
12240
12230
12247
12211
12206
12203
12199
12192
12192
12190
12182
12177
12168
12163
12162
12156
12154
12149
12143
12143
12140
12133
12124
12124
12122
12098
12077
12069
12063
12058
12048
12029
12026
12019
12014
12013
12000
11999
11999
11975
11973
11950
11942
11937
11913
11923
11908
11900
11896
11894
11891
11890
11888
11881
11881
11868
11858
11855
11853
11833
11813
11808
11807
11806
11792
11786
11780
11778
11776
11760
11757
11756
11755
11750
11743
11741
11738
11724
11708
11704
11704
11698
11697
11694
11680
11673
11671
11670
11669
11667
11652
11627
11615
11614
11602
11602
11594
11593
11585
11583
11580
11576
11575
11564
11564
11559
11555
11552
11549
11544
11541
11533
11527
11525
11524
11539
11502
11500
11499
11534
11495
11488
11475
11471
11464
11463
11460
11456
11454
11447
11446
11431
11422
11423
11414
11406
11404
11403
11396
11394
11394
11393
11392
11376
11374
11355
11349
11341
11335
11334
11332
11328
11327
11319
11319
11314
11313
11312
11308
11300
11298
11297
11296
11292
11289
11288
11287
11287
11281
11278
11278
11266
11261
11258
11250
11245
11242
11232
11231
11226
11224
11220
11212
11211
11199
11193
11193
11192
11190
11185
11178
11166
11172
11150
11149
11147
11142
11137
11132
11123
11134
11121
11119
11117
11116
11114
11112
11103
11099
11081
11107
11079
11073
11050
11010
11008
11006
10999
10997
10993
10986
10970
10968
10966
10961
10946
10942
10939
10934
10928
10928
10912
10906
10903
10887
10880
10878
10872
10872
10868
10859
10855
10847
10842
10849
10831
10828
10826
10821
10816
10813
10793
10790
10785
10767
10759
10757
10755
10746
10733
10727
10714
10714
10707
10704
10702
10696
10692
10685
10683
10680
10658
10647
10643
10641
10640
10637
10633
10633
10632
10629
10621
10621
10616
10609
10608
10606
10605
10600
10594
10588
10587
10580
10577
10576
10573
10557
10547
10556
10551
10546
10541
10541
10541
10541
10539
10535
10531
10523
10523
10507
10497
10493
10489
10487
10486
10482
10480
10472
10470
10469
10464
10460
10447
10444
10438
10431
10429
10416
10413
10411
10394
10390
10389
10388
10388
10384
10379
10379
10377
10365
10361
10361
10359
10353
10351
10350
10339
10339
10339
10334
10328
10326
10324
10321
10320
10332
10308
10303
10296
10295
10289
10287
10284
10284
10283
10281
10272
10271
10268
10260
10252
10252
10251
10248
10245
10243
10234
10226
10223
10222
10218
10217
10214
10211
10210
10205
10205
10207
10201
10196
10186
10185
10170
10167
10159
10155
10152
10149
10140
10139
10139
10134
10130
10121
10114
10110
10109
10101
10097
10091
10089
10081
10080
10080
10077
10074
10067
10066
10064
10063
10049
10048
10040
10037
10033
10033
10027
10025
10020
10019
10012
10008
10008
10001
9998
9998
9996
9992
9991
9990
9988
9988
9982
9981
9978
9975
9973
9962
9958
9952
9949
9942
9936
9934
9926
9922
9925
9920
9914
9911
9909
9909
9899
9895
9881
9879
9872
9868
9866
9865
9865
9860
9856
9854
9847
9832
9828
9826
9824
9819
9809
9807
9801
9799
9796
9794
9791
9790
9789
9774
9774
9772
9770
9770
9766
9764
9761
9759
9754
9749
9746
9744
9741
9739
9724
9722
9717
9715
9712
9702
9702
9701
9701
9695
9693
9692
9692
9687
9675
9671
9668
9666
9662
9654
9646
9639
9634
9624
9623
9620
9620
9620
9615
9614
9597
9597
9596
9594
9589
9588
9575
9566
9565
9563
9559
9559
9555
9555
9551
9551
9545
9545
9544
9542
9541
9538
9536
9533
9532
9531
9530
9529
9527
9518
9514
9506
9506
9505
9500
9496
9479
9475
9475
9461
9455
9452
9450
9448
9446
9446
9444
9440
9436
9436
9434
9433
9426
9425
9421
9419
9413
9406
9404
9404
9398
9398
9396
9395
9391
9389
9388
9388
9386
9384
9369
9366
9364
9348
9344
9342
9339
9338
9337
9334
9333
9329
9321
9321
9313
9305
9304
9300
9298
9298
9298
9291
9297
9293
9289
9286
9283
9278
9276
9263
9252
9249
9247
9246
9227
9222
9217
9208
9204
9196
9195
9188
9187
9186
9178
9171
9162
9160
9155
9150
9149
9147
9144
9144
9142
9135
9133
9124
9124
9123
9121
9120
9115
9114
9113
9106
9108
9104
9103
9103
9103
9099
9099
9093
9092
9090
9084
9084
9075
9073
9073
9072
9071
9071
9056
9048
9044
9043
9042
9034
9033
9032
9032
9029
9027
9023
9020
9019
9012
9005
9005
8988
8987
8986
8985
8984
8982
8982
8979
8979
8969
8967
8963
8955
8947
8942
8939
8938
8935
8932
8931
8929
8929
8925
8917
8915
8910
8909
8908
8905
8898
8895
8894
8887
8887
8883
8881
8872
8865
8859
8855
8853
8851
8848
8839
8831
8825
8822
8821
8818
8817
8816
8771
8799
8799
8797
8795
8794
8786
8784
8781
8778
8777
8777
8775
8767
8766
8766
8762
8761
8760
8759
8758
8743
8732
8729
8728
8727
8726
8722
8720
8722
8717
8720
8713
8710
8706
8699
8691
8689
8688
8680
8663
8662
8658
8657
8654
8652
8651
8650
8646
8643
8640
8634
8627
8620
8620
8611
8609
8605
8601
8601
8600
8594
8590
8585
8578
8573
8571
8562
8561
8560
8682
8557
8552
8550
8548
8547
8544
8542
8537
8537
8537
8533
8529
8522
8516
8513
8511
8506
8504
8502
8501
8499
8494
8493
8490
8479
8478
8477
8474
8473
8468
8468
8463
8468
8460
8459
8459
8455
8455
8453
8448
8447
8440
8439
8436
8435
8433
8427
8424
8419
8418
8417
8415
8413
8411
8408
8407
8407
8405
8398
8393
8392
8392
8391
8390
8390
8374
8369
8364
8349
8349
8348
8348
8346
8344
8342
8341
8337
8331
8330
8329
8329
8329
8328
8321
8319
8315
8310
8308
8306
8302
8301
8299
8298
8292
8289
8289
8288
8282
8280
8279
8279
8270
8270
8269
8258
8257
8256
8255
8254
8252
8252
8251
8245
8243
8240
8239
8238
8236
8234
8231
8229
8228
8223
8220
8219
8218
8216
8214
8209
8204
8202
8201
8198
8192
8190
8190
8187
8190
8176
8174
8170
8159
8153
8148
8147
8147
8146
8146
8143
8142
8133
8132
8130
8130
8129
8122
8122
8121
8116
8114
8114
8113
8110
8109
8107
8106
8106
8103
8099
8141
8094
8094
8094
8088
8082
8077
8075
8070
8068
8079
8055
8051
8051
8043
8040
8040
8036
8067
8036
8031
8029
8029
8026
8025
8021
8014
8009
8006
8001
7992
7988
7986
7986
7983
7974
7970
7970
7969
7967
7964
7964
7963
7960
7959
7957
7954
7953
7947
7944
7944
7943
7938
7933
7928
7926
7925
7922
7921
7921
7920
7917
7916
7916
7913
7912
7912
7911
7909
7908
7906
7902
7901
7901
7900
7897
7897
7897
7895
7894
7894
7893
7892
7891
7888
7885
7881
7877
7875
7873
7866
7865
7864
7861
7858
7856
7851
7850
7841
7841
7839
7836
7835
7835
7834
7826
7821
7820
7818
7817
7816
7810
7807
7802
7801
7799
7796
7795
7791
7786
7782
7782
7778
7775
7772
7770
7766
7765
7765
7761
7761
7756
7754
7748
7751
7750
7746
7743
7740
7740
7739
7738
7738
7734
7732
7732
7730
7729
7728
7728
7727
7727
7726
7726
7720
7719
7717
7716
7711
7707
7701
7699
7699
7699
7687
7682
7679
7674
7665
7664
7663
7662
7659
7655
7652
7647
7646
7640
7638
7636
7634
7631
7624
7622
7622
7621
7620
7614
7614
7613
7613
7611
7610
7607
7604
7603
7602
7600
7598
7596
7588
7586
7582
7576
7572
7569
7567
7563
7560
7560
7557
7555
7554
7550
7549
7549
7547
7544
7543
7542
7542
7537
7537
7492
7532
7530
7522
7520
7518
7513
7512
7510
7503
7503
7501
7499
7497
7496
7496
7494
7494
7494
7491
7487
7478
7477
7476
7474
7473
7471
7467
7467
7461
7461
7458
7458
7457
7456
7454
7454
7452
7451
7451
7447
7442
7434
7428
7428
7428
7422
7419
7419
7415
7413
7411
7410
7409
7409
7409
7404
7403
7401
7400
7400
7397
7394
7394
7390
7386
7386
7384
7384
7381
7372
7367
7366
7366
7366
7361
7351
7351
7345
7339
7355
7337
7335
7333
7331
7330
7329
7327
7325
7322
7319
7317
7316
7316
7315
7312
7312
7307
7306
7304
7303
7302
7297
7317
7296
7310
7292
7289
7287
7286
7286
7285
7283
7282
7281
7281
7278
7278
7277
7277
7274
7274
7269
7267
7266
7282
7257
7255
7251
7248
7232
7226
7225
7223
7216
7213
7213
7212
7210
7208
7207
7207
7207
7200
7200
7198
7196
7190
7185
7184
7178
7172
7172
7191
7170
7168
7167
7164
7162
7161
7159
7158
7156
7155
7155
7153
7148
7147
7145
7139
7138
7133
7131
7130
7126
7118
7115
7114
7110
7109
7107
7104
7103
7103
7102
7100
7096
7091
7087
7085
7083
7083
7080
7077
7074
7067
7061
7060
7059
7059
7055
7054
7053
7050
7049
7045
7045
7038
7038
7035
7035
7035
7033
7032
7032
7029
7040
7023
7021
7018
7017
7013
7013
7009
7003
7003
6996
6995
6995
6995
6993
6992
6990
7000
6985
6984
6981
6980
6980
6979
6978
6975
6974
6972
6971
6970
6970
6969
6969
6966
6960
6952
6951
6951
6946
6946
6945
6939
6938
6937
6937
6934
6933
6931
6927
6926
6924
6924
6922
6919
6917
6917
6916
6915
6909
6907
6907
6905
6905
6902
6902
6898
6898
6896
6895
6895
6894
6894
6823
6885
6884
6884
6881
6879
6877
6872
6870
6867
6866
6862
7006
6859
6859
6858
6855
6855
6852
6852
6850
6850
6848
6845
6845
6844
6844
6841
6838
6837
6831
6829
6828
6825
6825
6824
6821
6820
6819
6818
6816
6816
6812
6812
6811
6811
6810
6810
6810
6810
6809
6809
6806
6803
6799
6798
6792
6791
6791
6790
6788
6783
6782
6776
6772
6772
6763
6761
6759
6759
6759
6758
6758
6757
6754
6751
6744
6741
6735
6729
6728
6725
6719
6718
6716
6712
6712
6711
6711
6710
6709
6709
6708
6707
6705
6704
6704
6702
6701
6701
6699
6698
6698
6695
6694
6690
6689
6686
6683
6681
6679
6674
6671
6671
6670
6667
6667
6667
6666
6665
6661
6660
6660
6656
6656
6653
6652
6652
6654
6650
6648
6648
6647
6646
6644
6639
6638
6633
6632
6631
6627
6626
6625
6622
6615
6614
6614
6613
6610
6610
6609
6609
6604
6602
6602
6602
6600
6596
6594
6593
6593
6589
6589
6587
6587
6585
6584
6583
6582
6581
6579
6577
6576
6574
6572
6571
6571
6584
6564
6564
6561
6560
6558
6557
6551
6547
6547
6546
6545
6542
6542
6541
6535
6535
6534
6533
6533
6529
6529
6527
6525
6522
6521
6521
6520
6520
6517
6517
6517
6516
6512
6507
6502
6502
6501
6500
6500
6498
6496
6496
6496
6492
6486
6484
6502
6480
6480
6476
6473
6473
6473
6470
6467
6466
6465
6464
6464
6463
6457
6457
6451
6450
6449
6448
6448
6446
6445
6442
6441
6441
6439
6435
6433
6431
6431
6431
6427
6421
6418
6418
6417
6415
6413
6413
6409
6407
6407
6405
6405
6401
6400
6398
6397
6395
6393
6393
6392
6391
6389
6388
6385
6381
6381
6381
6380
6379
6379
6377
6376
6372
6370
6368
6366
6364
6363
6356
6354
6352
6355
6350
6348
6347
6342
6341
6341
6337
6337
6336
6336
6334
6334
6331
6331
6329
6327
6326
6323
6321
6320
6320
6320
6316
6316
6314
6314
6313
6312
6307
6303
6301
6300
6295
6293
6290
6288
6288
6287
6285
6281
6300
6278
6278
6272
6271
6263
6255
6255
6254
6253
6253
6250
6250
6249
6248
6248
6245
6244
6244
6239
6238
6236
6236
6235
6234
6234
6233
6233
6233
6231
6229
6228
6227
6226
6221
6216
6216
6215
6213
6212
6211
6209
6207
6206
6205
6204
6203
6201
6201
6200
6198
6193
6190
6187
6187
6186
6186
6186
6186
6183
6180
6179
6176
6174
6174
6174
6173
6172
6172
6163
6162
6160
6157
6155
6154
6153
6153
6152
6149
6144
6143
6143
6142
6140
6139
6137
6135
6135
6134
6126
6124
6124
6124
6123
6121
6120
6118
6116
6109
6107
6107
6105
6100
6097
6097
6095
6090
6089
6089
6088
6087
6085
6084
6081
6081
6068
6068
6068
6067
6067
6064
6063
6062
6062
6059
6058
6052
6051
6051
6050
6038
6037
6034
6033
6032
6028
6027
6027
6026
6025
6023
6022
6017
6017
6016
6013
6011
6011
6010
6004
5994
5994
5992
5991
5991
5985
5983
5983
5980
5974
5974
5972
5971
5971
5969
5967
5966
5965
5961
5960
5957
5957
5956
5975
5954
5954
5954
5954
5949
5944
5941
5940
5938
5938
5938
5937
5935
5933
5932
5931
5920
5915
5913
5911
5911
5911
5911
5909
5908
5906
5906
5905
5904
5904
5902
5895
5889
5888
5888
5885
5885
5884
5884
5882
5877
5877
5876
5875
5875
5873
5872
5872
5872
5871
5871
5871
5870
5865
5865
5862
5862
5861
5860
5860
5860
5859
5858
5855
5853
5853
5850
5850
5848
5847
5847
5847
5845
5844
5841
5840
5838
5836
5836
5835
5834
5830
5830
5829
5826
5826
5825
5825
5822
5819
5819
5819
5819
5818
5817
5816
5812
5812
5811
5807
5805
5803
5801
5801
5801
5798
5797
5797
5796
5795
5794
5794
5793
5791
5791
5788
5788
5786
5786
5786
5786
5785
5785
5784
5781
5781
5780
5779
5778
5778
5777
5776
5775
5774
5788
5773
5769
5768
5766
5765
5761
5759
5753
5752
5751
5749
5749
5748
5748
5746
5743
5742
5741
5741
5741
5741
5738
5738
5737
5731
5730
5730
5729
5727
5727
5726
5725
5724
5723
5723
5723
5723
5722
5720
5720
5749
5719
5718
5717
5716
5715
5713
5712
5710
5708
5707
5706
5705
5704
5701
5700
5697
5696
5694
5690
5688
5688
5686
5684
5684
5684
5683
5682
5682
5681
5681
5676
5674
5672
5672
5671
5667
5667
5666
5666
5661
5660
5660
5659
5658
5655
5655
5655
5651
5650
5649
5648
5648
5648
5647
5647
5647
5646
5646
5644
5643
5640
5640
5640
5639
5638
5637
5633
5631
5628
5627
5625
5623
5621
5621
5619
5618
5618
5617
5616
5609
5606
5605
5602
5601
5599
5599
5598
5598
5596
5596
5594
5593
5593
5592
5590
5588
5587
5586
5585
5585
5619
5582
5582
5582
5581
5580
5579
5578
5577
5572
5570
5569
5575
5567
5565
5675
5560
5555
5553
5552
5552
5552
5551
5544
5543
5540
5540
5537
5533
5533
5532
5531
5527
5527
5527
5523
5522
5520
5520
5520
5517
5514
5514
5512
5511
5511
5511
5509
5511
5507
5505
5505
5502
5502
5502
5500
5498
5497
5495
5494
5493
5489
5488
5508
5487
5486
5486
5485
5482
5482
5480
5479
5479
5478
5476
5476
5476
5475
5475
5474
5474
5473
5472
5470
5469
5468
5466
5465
5465
5464
5462
5458
5457
5463
5453
5452
5452
5451
5451
5447
5446
5445
5443
5441
5439
5436
5435
5434
5434
5434
5432
5432
5430
5428
5426
5425
5420
5420
5419
5418
5418
5416
5416
5415
5415
5413
5413
5410
5407
5407
5403
5401
5399
5396
5394
5393
5391
5391
5390
5389
5388
5386
5383
5383
5381
5381
5380
5380
5380
5380
5374
5373
5372
5372
5371
5370
5370
5369
5369
5369
5367
5366
5366
5365
5364
5364
5362
5362
5362
5361
5360
5360
5356
5356
5354
5354
5350
5348
5345
5343
5343
5343
5341
5341
5339
5337
5337
5336
5336
5335
5335
5334
5333
5333
5332
5329
5329
5328
5327
5322
5322
5322
5321
5319
5318
5316
5314
5311
5311
5311
5310
5310
5307
5306
5306
5302
5300
5299
5297
5297
5296
5295
5294
5292
5291
5291
5289
5289
5284
5284
5282
5281
5278
5276
5276
5275
5274
5273
5268
5267
5265
5265
5265
5265
5263
5263
5263
5262
5261
5261
5260
5258
5257
5257
5257
5255
5255
5254
5254
5253
5252
5252
5251
5248
5247
5245
5244
5241
5241
5240
5240
5239
5239
5237
5242
5234
5233
5232
5232
5230
5230
5229
5227
5225
5224
5221
5218
5218
5217
5210
5210
5207
5206
5206
5205
5203
5202
5201
5201
5200
5200
5199
5199
5198
5198
5196
5195
5194
5193
5187
5157
5185
5182
5181
5180
5177
5177
5176
5176
5175
5173
5172
5172
5172
5185
5166
5165
5164
5162
5162
5161
5160
5160
5158
5157
5156
5156
5155
5155
5154
5152
5151
5150
5147
5147
5146
5146
5146
5145
5144
5142
5141
5136
5136
5135
5132
5131
5130
5129
5127
5125
5123
5123
5121
5134
5120
5119
5118
5118
5117
5116
5111
5107
5106
5106
5105
5104
5104
5101
5099
5098
5093
5093
5092
5092
5091
5091
5090
5090
5088
5088
5088
5086
5086
5083
5081
5080
5080
5079
5078
5078
5077
5076
5074
5073
5071
5071
5070
5070
5067
5067
5067
5065
5065
5065
5065
5064
5062
5061
5060
5059
5056
5053
5051
5051
5051
5048
5047
5046
5046
5043
5040
5040
5039
5039
5038
5037
5035
5034
5033
5030
5029
5029
5027
5026
5026
5024
5023
5020
5020
5019
5018
5017
5015
5015
5013
5013
5012
5012
5012
5011
5010
5010
5010
5010
5010
5009
5008
5006
5005
5004
5003
5002
5001
5000
5000
4998
4997
4996
4995
4995
4994
4992
4992
4992
4991
4991
4989
4989
4989
4989
4989
4989
4988
4986
4984
4983
4983
4982
4982
4981
4981
4980
4980
4980
4980
4979
4977
4976
4975
4974
4974
4973
4971
4971
4971
4970
4970
4970
4970
4969
4969
4969
4968
4968
4968
4964
4962
4962
4962
4960
4958
4958
4956
4956
4955
4954
4968
4953
4951
4949
4948
4947
4945
4944
4944
4942
4940
4939
4937
4937
4936
4935
4935
4935
4935
4934
4933
4933
4930
4930
4928
4927
4926
4925
4923
4923
4923
4922
4920
4919
4917
4917
4917
4917
4915
4911
4911
4911
4910
4908
4908
4908
4905
4905
4904
4903
4903
4902
4901
4901
4899
4896
4895
4895
4895
4893
4892
4891
4889
4889
4888
4888
4886
4884
4884
4884
4883
4882
4880
4855
4874
4874
4870
4868
4867
4867
4866
4865
4864
4863
4860
4859
4857
4856
4854
4853
4853
4853
4852
4869
4846
4842
4842
4842
4839
4836
4835
4833
4832
4831
4831
4831
4831
4831
4829
4826
4826
4826
4825
4825
4823
4823
4821
4820
4818
4818
4818
4814
4814
4813
4813
4812
4811
4811
4810
4808
4806
4805
4804
4804
4804
4800
4800
4798
4798
4798
4797
4796
4796
4794
4793
4789
4788
4787
4786
4785
4784
4783
4783
4781
4780
4784
4780
4779
4779
4779
4779
4779
4776
4774
4774
4773
4769
4767
4767
4764
4763
4763
4763
4763
4760
4759
4757
4756
4755
4755
4753
4753
4752
4752
4751
4749
4749
4749
4748
4746
4746
4745
4745
4743
4740
4738
4737
4736
4733
4732
4732
4730
4730
4730
4728
4728
4727
4726
4726
4725
4725
4725
4723
4723
4722
4716
4715
4715
4713
4713
4713
4709
4708
4707
4706
4706
4705
4705
4704
4704
4704
4704
4701
4700
4700
4700
4697
4697
4697
4697
4698
4695
4694
4693
4693
4692
4691
4690
4687
4685
4685
4684
4683
4682
4680
4680
4678
4677
4677
4677
4676
4674
4673
4672
4672
4672
4670
4665
4661
4659
4659
4657
4657
4657
4656
4655
4654
4654
4653
4653
4652
4649
4647
4647
4645
4644
4642
4642
4641
4642
4641
4641
4639
4639
4638
4636
4635
4634
4634
4634
4634
4634
4631
4630
4629
4627
4627
4627
4626
4625
4624
4624
4622
4622
4621
4621
4620
4619
4618
4618
4617
4616
4616
4614
4614
4614
4613
4612
4610
4610
4610
4609
4607
4606
4606
4605
4604
4602
4603
4600
4600
4597
4597
4596
4596
4594
4593
4592
4592
4591
4589
4589
4588
4587
4587
4586
4585
4583
4583
4581
4581
4580
4580
4579
4578
4577
4577
4577
4576
4576
4574
4574
4573
4572
4572
4571
4571
4570
4569
4569
4568
4568
4568
4568
4567
4566
4563
4563
4561
4561
4560
4560
4559
4557
4556
4558
4554
4554
4553
4552
4552
4548
4547
4547
4545
4543
4543
4549
4542
4541
4541
4541
4541
4541
4541
4539
4539
4538
4538
4538
4538
4537
4536
4552
4536
4535
4535
4535
4534
4534
4533
4532
4532
4532
4531
4530
4530
4529
4529
4529
4528
4528
4526
4525
4525
4523
4523
4523
4523
4522
4520
4520
4518
4518
4517
4512
4511
4510
4510
4510
4510
4509
4506
4506
4506
4504
4504
4503
4503
4501
4501
4500
4500
4499
4498
4497
4497
4496
4496
4496
4495
4493
4492
4492
4491
4491
4490
4486
4485
4484
4483
4482
4481
4480
4478
4478
4478
4477
4476
4475
4475
4474
4472
4472
4471
4469
4469
4468
4466
4466
4465
4465
4465
4464
4463
4463
4462
4462
4462
4460
4460
4460
4461
4458
4457
4454
4452
4452
4450
4449
4451
4447
4446
4446
4445
4444
4444
4444
4444
4443
4443
4443
4443
4441
4441
4440
4439
4439
4435
4434
4434
4433
4432
4432
4432
4431
4430
4430
4429
4428
4428
4428
4428
4428
4427
4426
4426
4425
4425
4424
4424
4422
4421
4419
4419
4419
4418
4416
4416
4415
4415
4415
4413
4412
4412
4412
4411
4410
4409
4407
4407
4406
4404
4404
4400
4400
4399
4399
4398
4396
4395
4394
4392
4391
4388
4387
4383
4383
4382
4381
4380
4380
4379
4379
4379
4378
4376
4375
4375
4388
4372
4371
4371
4370
4370
4370
4369
4376
4366
4365
4364
4364
4363
4362
4362
4360
4360
4359
4359
4359
4359
4357
4356
4356
4354
4354
4354
4353
4287
4348
4348
4346
4345
4345
4344
4343
4343
4342
4342
4341
4340
4337
4337
4337
4336
4336
4335
4335
4334
4331
4331
4330
4329
4328
4327
4325
4323
4307
4326
4322
4321
4321
4321
4321
4319
4319
4319
4319
4318
4330
4316
4311
4311
4310
4308
4308
4308
4307
4306
4306
4305
4305
4304
4303
4303
4302
4302
4302
4299
4298
4297
4297
4297
4297
4296
4296
4294
4294
4291
4291
4290
4289
4289
4289
4288
4288
4288
4288
4287
4287
4284
4282
4282
4281
4281
4280
4280
4280
4279
4277
4276
4276
4274
4274
4274
4274
4274
4274
4273
4271
4270
4268
4267
4267
4266
4265
4264
4264
4263
4262
4260
4260
4258
4257
4255
4254
4254
4252
4212
4249
4249
4248
4248
4246
4246
4246
4245
4243
4243
4249
4242
4241
4241
4241
4239
4237
4237
4236
4236
4235
4235
4235
4235
4234
4233
4233
4232
4232
4231
4247
4229
4229
4228
4228
4227
4227
4227
4225
4225
4223
4223
4223
4223
4222
4222
4222
4222
4219
4218
4218
4217
4216
4215
4214
4214
4214
4212
4212
4211
4210
4210
4210
4209
4207
4207
4205
4205
4203
4203
4203
4200
4197
4195
4194
4194
4193
4193
4192
4191
4188
4188
4187
4187
4187
4186
4185
4185
4184
4184
4182
4181
4181
4179
4178
4178
4177
4175
4174
4174
4174
4174
4172
4172
4172
4171
4171
4171
4170
4170
4169
4169
4168
4166
4166
4165
4165
4163
4163
4163
4162
4161
4161
4161
4159
4158
4157
4157
4156
4156
4156
4155
4155
4154
4154
4154
4153
4152
4152
4151
4150
4149
4148
4148
4148
4147
4147
4147
4147
4146
4146
4146
4144
4142
4142
4139
4138
4138
4136
4134
4133
4132
4132
4132
4131
4131
4131
4131
4130
4130
4128
4128
4127
4125
4125
4123
4121
4121
4120
4119
4115
4115
4115
4114
4110
4110
4107
4106
4106
4106
4106
4105
4104
4103
4102
4102
4102
4101
4100
4100
4100
4100
4100
4098
4098
4097
4096
4095
4095
4094
4093
4093
4091
4090
4090
4089
4089
4087
4085
4085
4083
4083
4083
4083
4083
4082
4082
4082
4082
4082
4081
4080
4075
4074
4073
4073
4072
4072
4071
4071
4071
4071
4070
4070
4070
4070
4069
4069
4068
4067
4067
4067
4066
4065
4064
4064
4064
4063
4063
4063
4062
4061
4059
4057
4057
4056
4055
4055
4052
4052
4051
4050
4050
4050
4049
4048
4048
4048
4046
4046
4045
4043
4043
4042
4042
4039
4038
4038
4037
4036
4036
4036
4035
4034
4034
4032
4031
4031
4030
4030
4029
4029
4029
4028
4028
4028
4027
4025
4025
4024
4023
4023
4022
4022
4020
4019
4018
4018
4017
4017
4017
4017
4016
4016
4016
4014
4015
4013
4013
4011
4009
4008
4006
4006
4003
4003
4002
4002
4000
4000
3999
3999
3998
3996
3996
3994
3992
3992
3991
3990
3990
3990
3989
3988
3988
3988
3985
3984
3984
3983
3983
3983
3983
3981
3981
3981
3977
3976
3975
3975
3975
3974
3974
3973
3972
3972
3972
3971
3970
3969
3968
3968
3967
3964
3964
3964
3964
3964
3963
3961
3959
3959
3958
3957
3957
3956
3956
3956
3955
3955
3954
3952
3951
3950
3949
3948
3944
3942
3941
3941
3940
3939
3938
3938
3938
3936
3935
3935
3935
4005
3934
3933
3932
3931
3930
3929
3929
3928
3928
3928
3927
3927
3925
3924
3924
3924
3922
3921
3921
3919
3918
3918
3917
3917
3917
3914
3914
3913
3913
3912
3912
3911
3910
3910
3910
3910
3909
3908
3905
3904
3904
3903
3902
3901
3900
3900
3897
3896
3896
3893
3892
3892
3891
3890
3887
3886
3886
3884
3883
3883
3882
3882
3878
3877
3877
3877
3876
3874
3874
3874
3876
3873
3872
3871
3871
3870
3870
3869
3868
3868
3867
3863
3863
3862
3861
3861
3861
3860
3859
3858
3857
3857
3856
3856
3855
3855
3854
3853
3853
3853
3852
3852
3849
3848
3848
3848
3848
3847
3847
3846
3844
3843
3843
3842
3841
3841
3841
3841
3841
3840
3839
3838
3838
3837
3836
3836
3836
3832
3832
3832
3831
3837
3830
3829
3829
3829
3829
3827
3826
3824
3823
3821
3821
3821
3819
3818
3818
3817
3816
3815
3815
3815
3814
3814
3813
3813
3813
3813
3811
3811
3810
3809
3809
3807
3807
3806
3806
3805
3805
3805
3804
3803
3803
3802
3800
3800
3799
3798
3798
3798
3798
3797
3797
3796
3796
3796
3793
3792
3792
3790
3789
3788
3788
3788
3787
3787
3786
3786
3786
3785
3784
3784
3783
3781
3780
3778
3777
3777
3776
3776
3776
3775
3775
3775
3774
3773
3772
3772
3772
3771
3770
3767
3767
3767
3767
3766
3766
3764
3762
3761
3758
3756
3755
3754
3754
3754
3754
3753
3753
3753
3753
3752
3751
3750
3748
3748
3748
3747
3746
3745
3745
3745
3744
3743
3743
3743
3742
3741
3741
3740
3739
3739
3738
3738
3737
3737
3735
3805
3734
3731
3730
3727
3727
3727
3727
3727
3726
3726
3725
3724
3724
3721
3721
3721
3720
3720
3720
3719
3719
3719
3717
3717
3716
3715
3715
3714
3714
3713
3713
3713
3712
3712
3712
3712
3711
3710
3710
3709
3709
3708
3708
3707
3707
3707
3707
3706
3706
3706
3704
3704
3703
3703
3703
3703
3702
3701
3701
3700
3698
3697
3695
3694
3694
3692
3692
3691
3691
3690
3689
3688
3688
3687
3687
3687
3686
3685
3685
3685
3684
3684
3683
3683
3682
3682
3682
3681
3681
3680
3680
3679
3678
3677
3676
3675
3674
3673
3673
3673
3673
3671
3671
3671
3671
3670
3670
3669
3669
3667
3665
3661
3660
3659
3659
3658
3657
3657
3654
3653
3653
3652
3652
3651
3651
3649
3648
3648
3648
3648
3648
3648
3648
3648
3647
3646
3644
3642
3641
3639
3639
3638
3638
3637
3637
3634
3633
3633
3632
3632
3631
3630
3628
3628
3625
3625
3625
3624
3623
3623
3622
3620
3620
3620
3619
3618
3617
3615
3615
3613
3613
3613
3612
3612
3612
3612
3611
3611
3610
3610
3610
3609
3609
3608
3608
3608
3607
3607
3606
3606
3606
3606
3606
3605
3604
3603
3602
3601
3601
3600
3599
3599
3599
3598
3597
3596
3596
3595
3595
3595
3595
3593
3593
3593
3593
3593
3590
3590
3590
3589
3589
3588
3588
3587
3587
3587
3586
3586
3586
3584
3584
3583
3582
3582
3581
3581
3579
3579
3579
3582
3578
3577
3577
3576
3575
3575
3575
3574
3574
3574
3574
3572
3572
3572
3570
3568
3568
3567
3566
3565
3565
3565
3564
3563
3563
3563
3562
3562
3562
3561
3560
3559
3559
3558
3558
3558
3558
3556
3556
3556
3555
3555
3553
3551
3550
3550
3550
3549
3547
3547
3546
3546
3546
3545
3545
3545
3544
3544
3543
3543
3542
3541
3541
3541
3540
3539
3539
3539
3538
3538
3537
3537
3536
3535
3549
3534
3531
3530
3529
3528
3528
3527
3526
3525
3524
3523
3523
3522
3521
3520
3520
3520
3519
3519
3519
3519
3518
3517
3516
3515
3515
3514
3514
3513
3513
3510
3510
3509
3509
3508
3508
3508
3507
3506
3505
3504
3503
3502
3501
3501
3500
3500
3499
3499
3499
3498
3498
3498
3498
3497
3496
3496
3496
3495
3495
3494
3494
3493
3493
3493
3493
3492
3491
3491
3489
3489
3488
3487
3487
3487
3486
3486
3486
3485
3485
3485
3484
3627
3482
3481
3481
3480
3480
3480
3480
3478
3477
3477
3476
3475
3475
3475
3475
3475
3475
3475
3475
3474
3474
3474
3473
3472
3472
3472
3471
3470
3470
3468
3468
3467
3466
3466
3466
3465
3465
3465
3464
3463
3461
3458
3457
3457
3456
3456
3455
3455
3454
3454
3453
3453
3453
3452
3452
3451
3450
3450
3450
3450
3450
3449
3449
3448
3448
3446
3446
3445
3445
3445
3444
3443
3443
3443
3442
3442
3440
3440
3439
3439
3438
3438
3437
3436
3435
3434
3434
3433
3433
3432
3432
3432
3431
3431
3431
3431
3430
3430
3429
3429
3429
3432
3428
3428
3461
3427
3426
3425
3425
3425
3424
3424
3424
3423
3423
3422
3422
3421
3420
3420
3419
3419
3419
3419
3419
3418
3418
3417
3416
3414
3414
3413
3412
3412
3411
3410
3409
3409
3409
3408
3408
3408
3408
3407
3407
3406
3406
3405
3405
3404
3403
3403
3403
3403
3402
3402
3402
3401
3401
3400
3400
3398
3397
3397
3396
3396
3394
3393
3392
3392
3391
3391
3390
3389
3388
3382
3386
3385
3383
3383
3383
3382
3381
3379
3379
3379
3379
3378
3377
3377
3376
3376
3376
3376
3378
3375
3375
3374
3374
3372
3372
3372
3372
3371
3371
3371
3370
3403
3370
3369
3369
3369
3368
3368
3367
3367
3367
3367
3367
3366
3366
3365
3365
3365
3364
3364
3363
3363
3363
3362
3362
3361
3361
3361
3360
3359
3359
3359
3358
3358
3358
3357
3357
3355
3354
3353
3353
3352
3351
3351
3351
3350
3350
3357
3350
3349
3348
3348
3348
3347
3347
3347
3345
3346
3344
3344
3344
3343
3342
3342
3341
3341
3341
3340
3339
3338
3338
3338
3336
3334
3332
3332
3332
3331
3331
3331
3330
3328
3328
3328
3323
3323
3323
3322
3321
3321
3320
3320
3319
3319
3319
3318
3318
3318
3316
3316
3315
3315
3315
3314
3314
3313
3312
3310
3308
3308
3308
3308
3305
3305
3305
3304
3304
3304
3303
3302
3302
3303
3300
3300
3300
3300
3299
3299
3298
3298
3297
3297
3297
3297
3297
3295
3294
3293
3293
3292
3292
3292
3292
3292
3291
3291
3291
3290
3289
3288
3288
3287
3287
3287
3286
3286
3286
3285
3285
3291
3284
3284
3284
3283
3283
3282
3282
3282
3281
3279
3278
3277
3277
3275
3275
3274
3274
3274
3273
3273
3273
3272
3272
3272
3271
3271
3271
3271
3270
3270
3269
3269
3268
3268
3268
3268
3267
3267
3266
3266
3265
3264
3264
3264
3263
3263
3262
3262
3262
3261
3261
3261
3261
3261
3261
3261
3260
3259
3259
3259
3258
3258
3257
3257
3256
3255
3255
3255
3255
3255
3254
3253
3252
3252
3252
3249
3249
3249
3249
3249
3247
3245
3244
3242
3241
3241
3240
3240
3240
3239
3239
3239
3239
3239
3238
3237
3237
3237
3237
3239
3236
3236
3236
3234
3234
3234
3233
3233
3233
3232
3232
3232
3231
3231
3231
3230
3230
3229
3228
3228
3227
3227
3226
3225
3225
3225
3224
3223
3223
3223
3223
3223
3234
3222
3222
3221
3221
3221
3221
3220
3220
3219
3218
3218
3217
3217
3217
3217
3238
3216
3216
3215
3215
3214
3214
3213
3212
3211
3211
3211
3210
3207
3205
3203
3203
3203
3203
3203
3202
3201
3201
3201
3200
3200
3200
3200
3198
3198
3198
3197
3196
3196
3194
3193
3157
3192
3192
3191
3188
3187
3187
3187
3187
3186
3186
3184
3184
3184
3183
3183
3182
3182
3182
3181
3180
3179
3179
3179
3179
3176
3176
3176
3176
3175
3175
3174
3173
3173
3173
3173
3173
3172
3171
3171
3171
3171
3170
3169
3169
3167
3167
3167
3166
3165
3165
3164
3163
3163
3162
3162
3161
3161
3160
3160
3159
3159
3159
3159
3158
3158
3157
3157
3157
3157
3156
3155
3155
3155
3155
3154
3154
3154
3154
3154
3153
3153
3152
3152
3152
3151
3151
3150
3149
3149
3149
3148
3148
3148
3147
3147
3146
3145
3145
3145
3144
3144
3144
3143
3143
3142
3142
3141
3141
3140
3139
3139
3138
3138
3138
3137
3137
3137
3136
3136
3136
3136
3135
3135
3134
3134
3134
3133
3133
3133
3133
3133
3132
3131
3130
3130
3129
3128
3128
3127
3126
3125
3125
3124
3124
3124
3124
3123
3123
3123
3123
3123
3122
3122
3122
3121
3121
3119
3119
3118
3118
3118
3117
3115
3114
3114
3113
3113
3113
3112
3112
3111
3110
3110
3109
3108
3108
3108
3107
3107
3106
3106
3105
3105
3105
3105
3104
3103
3102
3102
3102
3101
3101
3101
3101
3101
3100
3100
3099
3098
3096
3095
3095
3094
3094
3094
3094
3093
3093
3092
3091
3091
3091
3089
3088
3088
3088
3088
3088
3086
3086
3086
3086
3086
3085
3085
3085
3084
3084
3083
3082
3082
3082
3081
3081
3081
3080
3080
3079
3079
3079
3079
3078
3078
3078
3078
3077
3077
3076
3076
3076
3076
3076
3075
3075
3074
3073
3071
3071
3070
3070
3070
3068
3068
3068
3067
3067
3067
3066
3066
3065
3065
3065
3064
3064
3064
3064
3063
3063
3059
3059
3059
3066
3058
3057
3057
3056
3056
3055
3055
3055
3054
3054
3054
3054
3053
3053
3053
3052
3051
3051
3051
3048
3048
3048
3048
3047
3047
3047
3047
3047
3047
3046
3045
3045
3045
3045
3044
3044
3043
3043
3042
3042
3041
3041
3041
3041
3041
3040
3040
3040
3040
3039
3039
3039
3038
3037
3037
3036
3035
3034
3034
3034
3033
3033
3032
3031
3031
3029
3029
3027
3025
3025
3025
3023
3021
3020
3019
3018
3017
3017
3017
3017
3016
3013
3012
3012
3011
3011
3010
3010
3010
3009
3008
3007
3006
3006
3005
3004
3004
3004
3003
3000
3000
3000
3006
