170966
159767
155991
152374
133214
118612
113803
112030
108511
106459
106382
104903
101373
97789
96742
96682
96425
93050
92059
91781
88341
82836
82377
82307
81413
79506
72634
72624
70422
69694
69260
68628
67598
66793
65958
64669
64282
63727
63646
62782
62649
62575
62307
62277
62244
62205
62095
61539
61488
61276
61204
61185
60655
60194
59974
59954
59394
59331
58907
58769
58726
58717
57621
57550
56844
56401
55929
55644
55239
54593
54361
54327
53824
53689
53415
53064
53027
52746
52503
52094
51559
51435
51293
50334
49864
49490
48908
48903
48648
48308
47694
47412
47312
47059
46933
46507
46396
46334
46312
46194
46049
45732
45676
45416
45332
45261
45031
44361
44322
44052
43931
43909
43842
43550
43531
43435
43181
42951
42899
42759
42651
42635
42631
42564
42280
42180
41878
41839
41763
41565
41320
41223
41197
40741
40699
40647
40535
40425
40275
40147
40040
40035
39914
39847
39794
39688
39672
39630
39574
39570
39203
39092
39013
38614
38337
38064
37910
37880
37820
37641
37478
37210
37105
36816
36608
36544
36360
36336
36264
36120
35901
35867
35792
35770
35689
35627
35445
35368
35357
35076
35049
35035
35007
34930
34731
34668
34572
34507
34485
34222
34147
34129
33965
33923
33781
33540
33485
33424
33241
33198
33116
32964
32820
32779
32757
32625
32465
32441
32308
32274
32118
32007
31914
31896
31835
31826
31806
31604
31567
31524
31487
31435
31376
31318
31246
31216
31112
30967
30957
30945
30883
30780
30713
30487
30389
30360
30252
30233
30047
30021
29907
29676
29526
29459
29346
29317
29266
29258
29213
29160
29146
29087
29034
29034
28707
28614
28590
28448
28405
28389
28321
28312
28277
28135
28128
28012
28007
27981
27895
27829
27705
27680
27618
27585
27464
27365
27360
27280
27193
27058
27029
26900
26878
26856
26789
26769
26587
26516
26419
26342
26304
26260
26229
26207
26105
26068
26031
25956
25948
25946
25841
25788
25765
25740
25733
25695
25652
25625
25587
25545
25527
25514
25454
25437
25435
25419
25385
25332
25286
25275
25262
25227
25208
25204
25197
25196
25179
25171
25092
25080
25079
25048
24946
24915
24835
24817
24668
24586
24500
24458
24433
24380
24351
24318
24285
24230
24164
24027
23944
23934
23931
23883
23869
23863
23852
23807
23771
23748
23701
23681
23651
23617
23507
23505
23497
23469
23440
23416
23382
23332
23064
23013
23008
22948
22946
22944
22944
22921
22909
22901
22849
22812
22742
22739
22726
22709
22705
22653
22643
22611
22593
22576
22540
22479
22478
22441
22405
22383
22367
22346
22333
22294
22237
22153
22017
21962
21909
21902
21871
21862
21816
21745
21737
21632
21601
21598
21537
21532
21496
21459
21441
21440
21427
21411
21410
21400
21398
21398
21346
21320
21289
21121
21055
21032
20967
20924
20875
20854
20852
20834
20828
20822
20819
20817
20815
20782
20770
20769
20674
20668
20626
20620
20577
20540
20522
20504
20497
20493
20486
20462
20378
20321
20313
20306
20304
20290
20259
20259
20235
20223
20221
20119
20109
20096
20063
20044
20035
20011
20007
19977
19943
19940
19937
19896
19813
19797
19782
19782
19733
19728
19718
19625
19569
19562
19560
19540
19538
19507
19481
19471
19451
19374
19337
19277
19219
19206
19201
19196
19181
19061
19030
19026
18972
18971
18956
18946
18922
18919
18917
18915
18912
18878
18859
18850
18843
18808
18796
18785
18768
18744
18711
18711
18706
18672
18660
18655
18630
18625
18623
18610
18607
18603
18592
18583
18544
18543
18516
18495
18461
18443
18405
18387
18370
18330
18278
18236
18220
18194
18165
18164
18156
18133
18126
18125
18116
18096
18091
18086
18084
18046
18028
18023
18019
17998
17989
17934
17925
17881
17878
17873
17868
17865
17847
17845
17825
17800
17764
17740
17694
17611
17603
17572
17563
17554
17541
17540
17451
17414
17412
17407
17401
17397
17340
17327
17304
17288
17288
17277
17263
17261
17257
17249
17247
17247
17237
17217
17208
17202
17120
17102
17078
17069
17067
17060
17041
17036
17030
16996
16953
16951
16943
16939
16938
16913
16908
16834
16823
16817
16708
16666
16664
16618
16608
16607
16577
16564
16556
16550
16549
16530
16512
16452
16441
16437
16434
16414
16403
16361
16360
16348
16332
16328
16300
16297
16292
16283
16262
16261
16253
16246
16241
16224
16211
16201
16157
16157
16151
16126
16123
16106
16098
16096
16087
16086
16077
16074
16073
16068
16059
16028
16019
16002
15977
15971
15946
15942
15936
15929
15911
15894
15893
15889
15886
15876
15833
15786
15762
15751
15745
15745
15727
15722
15713
15708
15705
15697
15696
15688
15682
15649
15644
15638
15624
15598
15579
15575
15572
15515
15514
15507
15502
15501
15495
15471
15466
15453
15445
15427
15424
15423
15385
15368
15364
15352
15340
15317
15312
15312
15287
15264
15256
15248
15245
15222
15216
15211
15209
15208
15182
15181
15154
15135
15126
15122
15111
15111
15108
15078
15067
15059
15058
15050
15017
15012
14998
14993
14981
14973
14971
14953
14952
14937
14925
14916
14912
14902
14887
14885
14881
14878
14876
14868
14853
14853
14843
14839
14803
14799
14793
14767
14756
14748
14735
14721
14708
14694
14679
14658
14651
14649
14627
14614
14612
14596
14589
14589
14585
14583
14580
14568
14544
14532
14530
14504
14503
14501
14494
14464
14450
14446
14436
14430
14426
14413
14411
14411
14403
14391
14383
14382
14368
14365
14365
14352
14325
14323
14307
14301
14289
14286
14283
14269
14253
14219
14205
14198
14195
14182
14180
14173
14158
14155
14146
14136
14112
14111
14097
14090
14084
14083
14074
14065
14065
14057
14048
14043
14025
14021
14019
14018
14016
14015
14013
14003
13961
13943
13934
13931
13930
13930
13912
13910
13901
13895
13885
13836
13831
13827
13827
13827
13825
13812
13803
13802
13786
13765
13758
13756
13752
13750
13730
13702
13682
13657
13648
13626
13608
13599
13589
13588
13572
13558
13556
13556
13554
13552
13551
13529
13508
13503
13500
13496
13483
13480
13476
13469
13461
13453
13451
13440
13436
13421
13409
13409
13394
13365
13344
13341
13328
13317
13303
13289
13288
13274
13272
13268
13266
13237
13236
13232
13228
13213
13212
13212
13211
13210
13204
13204
13188
13188
13185
13161
13152
13144
13139
13136
13128
13122
13119
13114
13113
13099
13091
13086
13085
13074
13061
13036
13033
13033
13023
13003
12991
12979
12978
12978
12962
12929
12893
12888
12888
12874
12872
12842
12832
12819
12817
12809
12765
12791
12777
12774
12774
12773
12771
12764
12762
12752
12721
12717
12682
12676
12673
12671
12668
12667
12663
12662
12657
12648
12643
12623
12621
12604
12600
12594
12574
12583
12581
12579
12567
12558
12555
12539
12525
12515
12513
12512
12503
12475
12473
12468
12463
12462
12461
12459
12445
12424
12423
12412
12395
12391
12378
12371
12369
12360
12350
12343
12336
12335
12323
12318
12299
12296
12289
12258
12256
12252
12229
12226
12223
12221
12220
12218
12211
12207
12204
12201
12200
12181
12168
12156
12153
12149
12149
12140
12131
12119
12118
12118
12116
12103
12086
12033
12021
12017
12012
12010
12007
11990
11974
11970
11961
11951
11950
11949
11946
11945
11933
11928
11926
11925
11925
11919
11908
11904
11886
11879
11875
11866
11865
11852
11850
11838
11837
11833
11822
11821
11802
11802
11800
11795
11783
11779
11763
11752
11748
11747
11718
11713
11709
11703
11697
11694
11693
11687
11678
11676
11663
11662
11656
11652
11639
11637
11623
11615
11612
11607
11582
11580
11572
11565
11559
11546
11539
11536
11534
11533
11525
11525
11517
11517
11516
11515
11510
11508
11505
11496
11493
11489
11487
11462
11460
11458
11454
11449
11446
11439
11438
11426
11426
11422
11421
11416
11415
11402
11401
11400
11383
11375
11371
11367
11358
11355
11346
11334
11328
11325
11322
11315
11314
11313
11312
11311
11301
11278
11274
11274
11263
11261
11260
11257
11254
11249
11248
11248
11246
11240
11218
11217
11205
11198
11195
11192
11185
11183
11182
11180
11170
11170
11168
11168
11158
11145
11146
11131
11127
11116
11105
11101
11101
11100
11099
11097
11087
11082
11081
11077
11075
11074
11068
11067
11065
11062
11056
11044
11040
11034
11031
11030
11008
11007
11000
10992
10991
10988
10977
10975
10972
10969
10969
10957
10948
10943
10941
10938
10937
10932
10925
10924
10923
10918
10914
10903
10903
10898
10890
10880
10872
10871
10871
10870
10860
10860
10858
10856
10855
10853
10839
10836
10834
10831
10823
10823
10818
10816
10814
10811
10811
10808
10807
10804
10797
10790
10789
10782
10782
10781
10780
10775
10772
10759
10758
10755
10754
10750
10746
10740
10740
10740
10735
10724
10719
10713
10710
10705
10704
10695
10691
10689
10679
10679
10670
10666
10659
10649
10642
10641
10638
10636
10635
10627
10623
10620
10616
10601
10593
10591
10589
10585
10573
10573
10570
10568
10567
10564
10561
10557
10552
10549
10545
10542
10540
10538
10534
10525
10511
10510
10503
10499
10496
10485
10478
10473
10464
10462
10461
10460
10459
10457
10453
10446
10441
10427
10427
10415
10407
10393
10392
10392
10390
10383
10375
10374
10368
10365
10365
10362
10361
10360
10359
10359
10349
10348
10346
10342
10341
10340
10334
10332
10329
10327
10324
10323
10310
10301
10299
10299
10294
10294
10293
10291
10290
10288
10285
10285
10273
10270
10270
10265
10239
10239
10237
10235
10234
10232
10230
10225
10225
10225
10224
10217
10214
10213
10212
10209
10207
10201
10195
10191
10187
10180
10178
10177
10175
10172
10173
10167
10167
10160
10155
10155
10154
10142
10141
10139
10137
10133
10132
10132
10131
10125
10124
10121
10119
10116
10108
10108
10105
10105
10103
10103
10101
10087
10085
10079
10074
10070
10069
10064
10056
10056
10048
10048
10046
10041
10038
10033
10028
10023
10012
10004
10003
10001
9996
9991
9987
9986
9978
9977
9973
9973
9966
9961
9961
9955
9944
9940
9939
9939
9936
9936
9931
9916
9906
9906
9905
9901
9901
9900
9890
9888
9887
9881
9878
9870
9867
9866
9866
9858
9857
9856
9843
9833
9832
9822
9822
9821
9821
9820
9818
9817
9816
9812
9811
9809
9809
9800
9799
9798
9783
9778
9773
9772
9770
9770
9768
9750
9748
9746
9738
9737
9737
9735
9734
9731
9726
9712
9707
9706
9701
9699
9694
9693
9690
9689
9686
9685
9682
9675
9674
9668
9668
9664
9659
9654
9653
9648
9648
9644
9644
9643
9638
9636
9633
9630
9624
9624
9618
9615
9610
9599
9596
9588
9587
9587
9577
9575
9574
9569
9564
9564
9562
9558
9557
9556
9554
9550
9547
9545
9545
9542
9541
9534
9532
9531
9525
9525
9516
9516
9513
9508
9505
9503
9499
9494
9491
9489
9488
9476
9473
9467
9465
9464
9463
9462
9462
9444
9442
9440
9439
9436
9427
9426
9425
9425
9422
9422
9417
9417
9408
9400
9394
9385
9384
9383
9380
9376
9372
9372
9371
9369
9354
9351
9348
9348
9348
9347
9342
9341
9329
9319
9315
9310
9305
9305
9302
9298
9297
9297
9290
9289
9287
9286
9277
9273
9272
9272
9267
9265
9261
9260
9257
9255
9255
9253
9229
9224
9221
9218
9214
9213
9212
9207
9207
9206
9203
9201
9201
9198
9196
9196
9194
9192
9191
9190
9190
9189
9179
9173
9172
9172
9171
9167
9167
9167
9167
9157
9155
9154
9152
9150
9147
9146
9145
9141
9136
9133
9131
9130
9129
9128
9127
9125
9124
9123
9122
9119
9114
9108
9104
9100
9095
9088
9077
9077
9077
9069
9065
9058
9057
9054
9053
9052
9051
9049
9037
9034
9033
9030
9027
9027
9016
9015
9006
9003
8994
8993
8991
8989
8987
8987
8987
8974
8964
8963
8953
8950
8944
8943
8929
8926
8926
8920
8919
8919
8915
8913
8912
8906
8899
8895
8895
8890
8882
8881
8869
8866
8822
8862
8854
8853
8851
8838
8834
8834
8834
8834
8830
8829
8828
8823
8823
8822
8821
8819
8815
8813
8812
8805
8797
8797
8797
8793
8792
8791
8787
8779
8778
8777
8775
8771
8765
8762
8761
8760
8758
8751
8750
8746
8742
8740
8740
8735
8734
8732
8723
8720
8718
8716
8715
8710
8710
8710
8708
8705
8705
8704
8702
8701
8700
8699
8699
8697
8695
8693
8688
8688
8687
8681
8681
8677
8674
8672
8672
8664
8664
8663
8661
8660
8656
8651
8647
8642
8639
8633
8631
8628
8627
8625
8620
8614
8614
8611
8610
8609
8603
8600
8600
8597
8594
8588
8585
8576
8572
8565
8565
8564
8563
8559
8557
8556
8555
8548
8547
8546
8543
8535
8518
8518
8513
8508
8503
8501
8501
8499
8496
8496
8494
8492
8490
8485
8483
8478
8478
8478
8476
8473
8471
8470
8468
8467
8466
8466
8464
8463
8458
8457
8456
8454
8452
8452
8450
8444
8441
8439
8436
8435
8433
8430
8423
8417
8415
8412
8403
8393
8392
8390
8390
8388
8388
8388
8387
8383
8373
8368
8362
8360
8355
8354
8351
8349
8346
8337
8335
8334
8333
8327
8325
8324
8319
8307
8304
8303
8302
8301
8300
8299
8298
8297
8296
8295
8293
8293
8292
8292
8289
8284
8284
8283
8278
8277
8275
8263
8258
8258
8256
8250
8247
8243
8243
8242
8237
8237
8236
8234
8232
8231
8230
8229
8228
8219
8216
8210
8208
8208
8206
8204
8203
8197
8195
8195
8191
8190
8189
8182
8179
8177
8175
8167
8165
8165
8162
8161
8159
8150
8147
8144
8143
8142
8138
8132
8130
8130
8129
8123
8122
8120
8119
8119
8118
8117
8114
8112
8111
8110
8107
8105
8105
8101
8100
8100
8098
8098
8098
8097
8096
8093
8093
8091
8090
8088
8084
8081
8080
8079
8077
8076
8073
8071
8071
8069
8068
8066
8065
8062
8062
8061
8060
8059
8059
8055
8053
8052
8051
8047
8046
8045
8044
8043
8043
8043
8042
8041
8040
8039
8037
8036
8035
8034
8034
8031
8029
8029
8028
8028
8020
8018
8018
8009
8007
8004
8000
7996
7993
7992
7992
7991
7991
7986
7978
7977
7971
7968
7966
7961
7960
7959
7959
7959
7957
7955
7948
7944
7944
7943
7942
7942
7941
7939
7934
7933
7930
7930
7929
7922
7921
7928
7916
7916
7913
7911
7910
7910
7907
7907
7906
7905
7904
7903
7901
7900
7897
7897
7896
7892
7892
7886
7886
7882
7882
7881
7880
7877
7877
7874
7873
7871
7871
7867
7865
7864
7863
7861
7858
7853
7851
7851
7847
7843
7843
7842
7840
7840
7838
7837
7836
7829
7827
7825
7823
7823
7821
7819
7819
7813
7813
7807
7807
7806
7799
7799
7798
7796
7790
7786
7785
7783
7781
7780
7780
7778
7777
7776
7776
7767
7765
7764
7762
7758
7755
7755
7754
7754
7752
7749
7749
7748
7747
7746
7743
7743
7742
7735
7740
7734
7734
7733
7732
7732
7730
7728
7727
7724
7719
7717
7709
7707
7707
7704
7701
7698
7698
7693
7688
7685
7685
7684
7682
7681
7680
7674
7673
7673
7670
7666
7663
7659
7658
7657
7656
7651
7651
7647
7645
7644
7640
7639
7634
7632
7632
7630
7628
7625
7623
7620
7603
7603
7601
7598
7598
7598
7597
7597
7594
7593
7591
7585
7585
7585
7582
7580
7578
7575
7573
7572
7572
7570
7565
7563
7563
7563
7562
7561
7561
7560
7558
7557
7556
7554
7550
7550
7549
7548
7548
7547
7545
7543
7543
7541
7541
7539
7539
7537
7535
7532
7532
7532
7524
7524
7524
7519
7517
7514
7513
7512
7511
7509
7508
7508
7506
7502
7496
7495
7492
7491
7487
7485
7483
7481
7480
7480
7478
7477
7477
7476
7474
7473
7472
7472
7471
7470
7463
7460
7458
7457
7457
7453
7453
7450
7449
7448
7445
7442
7442
7438
7432
7430
7429
7429
7428
7427
7426
7426
7425
7422
7421
7419
7416
7415
7414
7412
7412
7406
7405
7402
7400
7399
7398
7395
7395
7395
7393
7392
7392
7389
7387
7386
7384
7381
7381
7380
7379
7378
7376
7375
7375
7374
7372
7372
7372
7371
7370
7369
7367
7360
7360
7359
7359
7355
7351
7346
7340
7338
7337
7335
7334
7333
7327
7326
7326
7321
7312
7306
7303
7300
7299
7187
7293
7290
7286
7284
7277
7276
7274
7274
7272
7271
7268
7268
7267
7267
7267
7264
7262
7262
7261
7259
7258
7256
7256
7245
7239
7239
7237
7235
7235
7235
7233
7232
7229
7229
7229
7228
7226
7225
7224
7224
7223
7219
7219
7214
7213
7212
7211
7210
7207
7206
7204
7204
7202
7202
7200
7200
7200
7196
7193
7192
7186
7186
7185
7185
7185
7184
7183
7181
7181
7174
7170
7165
7165
7162
7161
7159
7158
7158
7158
7157
7156
7154
7154
7152
7151
7150
7149
7148
7148
7146
7145
7145
7143
7141
7140
7140
7137
7134
7134
7133
7128
7127
7124
7122
7122
7121
7118
7118
7115
7114
7110
7109
7109
7107
7106
7101
7101
7101
7100
7100
7098
7096
7094
7092
7091
7090
7085
7089
7088
7087
7086
7086
7084
7083
7082
7080
7076
7076
7074
7069
7063
7063
7062
7061
7061
7060
7059
7059
7054
7052
7052
7051
7050
7048
7047
7046
7041
7040
7037
7036
7036
7035
7034
7032
7030
7030
7027
7027
7024
7020
7019
7015
7014
7011
7010
7007
7004
7000
6998
6998
6998
6996
6995
6994
6992
6991
6990
6989
6989
6985
6984
6982
6982
6981
6981
6980
6978
6977
6976
6975
6975
6975
6973
6973
6971
6969
6969
6967
6965
6964
6962
6962
6961
6961
6958
6958
6957
6955
6955
6955
6954
6952
6950
6950
6950
6949
6948
6947
6947
6942
6942
6939
6938
6938
6937
6936
6932
6931
6931
6930
6930
6930
6929
6929
6929
6921
6921
6919
6913
6913
6912
6912
6911
6910
6910
6909
6908
6908
6906
6905
6905
6904
6903
6903
6899
6898
6897
6894
6891
6890
6887
6886
6885
6882
6881
6881
6879
6879
6877
6875
6874
6871
6871
6869
6868
6868
6867
6864
6863
6862
6861
6860
6857
6856
6855
6854
6851
6849
6849
6847
6844
6844
6843
6842
6842
6842
6834
6834
6834
6834
6830
6829
6825
6824
6824
6813
6813
6811
6808
6807
6807
6804
6800
6800
6799
6796
6796
6796
6795
6795
6793
6792
6792
6791
6788
6787
6786
6783
6783
6782
6777
6776
6776
6776
6775
6774
6771
6769
6769
6768
6768
6763
6761
6754
6751
6748
6744
6742
6740
6740
6738
6738
6748
6734
6733
6731
6731
6729
6728
6723
6722
6722
6722
6720
6720
6718
6709
6709
6707
6705
6704
6702
6699
6697
6696
6695
6694
6693
6692
6691
6691
6690
6688
6686
6685
6683
6680
6678
6674
6672
6672
6669
6666
6666
6660
6660
6659
6660
6657
6657
6655
6652
6651
6651
6649
6648
6647
6647
6645
6641
6641
6640
6639
6638
6637
6636
6635
6635
6635
6632
6630
6629
6628
6628
6628
6627
6625
6625
6623
6621
6621
6619
6618
6618
6617
6617
6615
6614
6612
6606
6605
6605
6604
6600
6600
6597
6597
6596
6595
6591
6591
6590
6590
6590
6589
6589
6588
6587
6586
6585
6584
6583
6581
6581
6580
6579
6579
6579
6579
6576
6576
6573
6572
6571
6571
6570
6569
6567
6567
6566
6565
6565
6562
6558
6557
6557
6555
6553
6551
6549
6548
6547
6546
6544
6541
6541
6540
6539
6539
6536
6534
6533
6532
6530
6529
6525
6525
6523
6523
6522
6521
6521
6519
6519
6516
6516
6516
6515
6515
6513
6512
6511
6510
6510
6508
6506
6506
6506
6503
6503
6502
6501
6501
6499
6499
6499
6498
6497
6496
6493
6492
6492
6490
6489
6487
6487
6485
6479
6479
6478
6478
6478
6477
6476
6476
6475
6474
6472
6472
6471
6471
6470
6470
6470
6469
6468
6467
6467
6466
6466
6466
6464
6464
6463
6463
6462
6462
6461
6458
6458
6457
6457
6455
6453
6453
6451
6450
6449
6447
6446
6443
6442
6440
6437
6436
6433
6432
6430
6430
6429
6426
6425
6421
6419
6418
6417
6417
6415
6415
6414
6410
6410
6409
6407
6406
6405
6405
6404
6403
6401
6400
6397
6394
6394
6393
6391
6389
6385
6385
6384
6384
6383
6377
6375
6375
6374
6372
6371
6370
6368
6363
6358
6357
6357
6377
6355
6351
6350
6347
6347
6347
6347
6347
6343
6343
6342
6341
6338
6338
6335
6335
6334
6333
6329
6328
6327
6325
6325
6323
6323
6319
6318
6317
6317
6316
6314
6314
6313
6312
6309
6306
6304
6303
6303
6301
6301
6300
6298
6296
6295
6293
6292
6291
6291
6290
6289
6288
6286
6285
6285
6285
6283
6282
6282
6281
6280
6278
6278
6278
6273
6273
6273
6273
6272
6272
6272
6268
6267
6266
6265
6264
6263
6261
6261
6260
6259
6259
6258
6256
6253
6252
6252
6252
6252
6252
6251
6250
6250
6247
6246
6244
6241
6241
6241
6241
6240
6240
6240
6240
6239
6238
6238
6236
6235
6234
6228
6228
6228
6228
6227
6227
6226
6226
6225
6223
6223
6223
6222
6221
6220
6220
6219
6219
6217
6214
6213
6212
6211
6211
6209
6207
6207
6207
6206
6204
6203
6203
6203
6203
6203
6202
6201
6201
6200
6194
6194
6194
6192
6191
6190
6190
6189
6185
6182
6181
6180
6178
6176
6174
6174
6174
6173
6171
6171
6169
6168
6164
6163
6162
6161
6160
6159
6157
6155
6154
6150
6148
6147
6147
6146
6146
6145
6145
6144
6144
6143
6142
6139
6138
6138
6137
6135
6135
6135
6135
6134
6134
6133
6129
6128
6127
6125
6123
6121
6121
6118
6117
6115
6115
6113
6108
6106
6105
6105
6104
6101
6097
6097
6096
6096
6094
6093
6090
6088
6088
6087
6086
6086
6086
6085
6085
6083
6082
6080
6079
6077
6076
6075
6075
6074
6073
6073
6069
6068
6068
6068
6065
5955
6065
6064
6063
6063
6063
6060
6059
6058
6058
6057
6056
6056
6055
6058
6051
6051
6051
6050
6049
6049
6048
6047
6047
6047
6044
6044
6044
6043
6041
6038
6034
6033
6031
6031
6030
6030
6029
6027
6027
6025
6019
6019
6018
6018
6017
6016
6015
6015
6014
6013
6013
6013
6013
6011
6009
6008
6008
6008
6007
6007
6006
6006
6006
6005
6005
6005
6004
6003
6002
6001
6000
6000
5998
5998
5996
5996
5996
5995
5994
5991
5989
5989
5988
5988
5987
5987
5984
5983
5981
5981
5981
5979
5979
5979
5979
5978
5978
5977
5977
5976
5976
5976
5976
5973
5971
5971
5970
5970
5968
5966
5964
5964
5963
5960
5960
5960
5959
5959
5959
5957
5956
5959
5955
5955
5954
5954
5954
5954
5954
5952
5951
5950
5949
5949
5945
5945
5943
5943
5943
5943
5941
5939
5936
5935
5932
5931
5925
5924
5924
5924
5924
5923
5923
5922
5921
5920
5919
5919
5919
5918
5918
5915
5915
5914
5911
5910
5910
5909
5907
5905
5905
5903
5902
5902
5899
5896
5895
5895
5893
5893
5893
5893
5892
5891
5888
5888
5887
5887
5887
5887
5885
5884
5883
5881
5879
5876
5875
5874
5870
5870
5869
5869
5867
5865
5864
5864
5863
5862
5861
5860
5859
5859
5858
5858
5858
5858
5857
5856
5856
5855
5855
5855
5854
5852
5850
5849
5849
5847
5847
5843
5841
5840
5840
5840
5839
5839
5835
5835
5834
5834
5830
5828
5827
5823
5819
5819
5818
5818
5816
5813
5812
5810
5810
5808
5808
5806
5805
5802
5801
5801
5799
5798
5797
5795
5795
5794
5791
5791
5791
5791
5788
5785
5785
5785
5784
5783
5782
5782
5781
5781
5778
5778
5778
5777
5776
5774
5774
5772
5771
5770
5769
5767
5767
5766
5761
5761
5760
5760
5760
5759
5759
5758
5758
5757
5757
5756
5751
5750
5750
5750
5749
5746
5745
5742
5739
5739
5739
5738
5737
5737
5736
5735
5735
5734
5734
5731
5731
5731
5730
5728
5728
5727
5726
5726
5724
5724
5724
5723
5722
5721
5719
5714
5714
5712
5712
5711
5708
5707
5707
5706
5705
5705
5702
5701
5701
5701
5700
5700
5700
5700
5699
5699
5698
5697
5697
5697
5696
5694
5693
5692
5692
5691
5691
5690
5690
5689
5689
5687
5686
5683
5681
5679
5677
5677
5677
5676
5675
5675
5673
5673
5672
5671
5671
5670
5670
5669
5669
5669
5668
5668
5667
5666
5665
5664
5663
5663
5662
5661
5661
5660
5660
5658
5656
5655
5654
5654
5653
5653
5648
5647
5646
5645
5643
5642
5640
5638
5638
5637
5636
5636
5634
5633
5632
5631
5631
5629
5628
5628
5625
5624
5624
5622
5622
5621
5619
5617
5617
5613
5612
5612
5611
5610
5610
5610
5610
5610
5609
5609
5607
5604
5603
5602
5601
5600
5600
5597
5592
5592
5592
5592
5589
5589
5588
5588
5587
5585
5584
5582
5581
5580
5577
5577
5576
5575
5574
5572
5572
5570
5569
5569
5568
5567
5567
5566
5566
5565
5565
5562
5560
5560
5560
5558
5558
5557
5557
5557
5555
5555
5555
5552
5552
5552
5550
5549
5549
5549
5546
5546
5545
5543
5543
5542
5539
5538
5536
5534
5534
5533
5531
5530
5527
5526
5524
5524
5524
5523
5522
5521
5518
5518
5517
5516
5514
5513
5512
5511
5510
5509
5509
5508
5508
5506
5505
5504
5502
5501
5501
5500
5500
5500
5499
5499
5498
5498
5497
5497
5497
5495
5494
5493
5493
5492
5492
5491
5490
5490
5489
5488
5486
5486
5485
5481
5480
5479
5479
5479
5479
5479
5477
5476
5476
5474
5472
5472
5471
5469
5468
5468
5466
5465
5463
5463
5462
5462
5461
5460
5458
5457
5456
5455
5454
5454
5453
5452
5450
5450
5449
5448
5446
5446
5446
5446
5446
5445
5444
5443
5442
5441
5441
5441
5440
5440
5439
5438
5437
5437
5435
5435
5434
5434
5433
5433
5433
5432
5431
5428
5428
5426
5426
5426
5426
5424
5423
5423
5422
5422
5416
5414
5414
5412
5412
5411
5411
5410
5410
5409
5408
5406
5406
5406
5405
5404
5403
5403
5401
5400
5400
5400
5400
5399
5398
5398
5397
5396
5396
5395
5394
5394
5394
5394
5394
5392
5391
5391
5391
5390
5389
5388
5384
5383
5383
5381
5380
5380
5379
5379
5378
5378
5378
5378
5377
5377
5376
5375
5375
5373
5373
5371
5371
5371
5371
5368
5368
5367
5367
5365
5365
5365
5364
5364
5363
5362
5360
5360
5359
5357
5356
5356
5355
5355
5354
5353
5351
5350
5346
5346
5344
5342
5341
5341
5341
5339
5338
5338
5337
5337
5335
5333
5332
5331
5331
5329
5329
5329
5329
5328
5326
5325
5325
5324
5323
5323
5322
5322
5322
5321
5320
5318
5318
5318
5317
5317
5316
5315
5313
5313
5311
5310
5310
5307
5306
5306
5305
5305
5305
5304
5303
5303
5303
5302
5301
5301
5300
5297
5296
5296
5295
5292
5291
5291
5290
5288
5288
5287
5285
5285
5285
5300
5282
5282
5282
5281
5281
5281
5279
5279
5279
5278
5278
5276
5276
5276
5274
5273
5273
5273
5272
5272
5272
5271
5270
5270
5268
5268
5268
5266
5266
5265
5264
5264
5263
5263
5263
5262
5262
5261
5259
5259
5258
5258
5256
5255
5255
5252
5251
5250
5249
5248
5248
5248
5247
5246
5245
5245
5242
5241
5241
5240
5237
5235
5235
5234
5234
5233
5230
5230
5230
5228
5227
5226
5225
5225
5225
5224
5224
5223
5222
5222
5221
5221
5219
5219
5218
5218
5216
5216
5215
5212
5212
5208
5208
5206
5206
5205
5204
5204
5204
5203
5203
5200
5197
5193
5193
5191
5191
5190
5189
5188
5188
5187
5186
5186
5186
5185
5185
5184
5183
5183
5182
5183
5182
5181
5180
5179
5179
5178
5176
5176
5218
5176
5175
5175
5175
5174
5173
5172
5172
5171
5171
5170
5168
5167
5167
5166
5165
5163
5163
5162
5161
5160
5159
5158
5158
5158
5156
5155
5154
5154
5153
5153
5151
5151
5150
5150
5150
5147
5146
5144
5143
5141
5140
5138
5138
5137
5136
5136
5136
5136
5135
5135
5135
5134
5134
5133
5132
5132
5130
5130
5130
5129
5129
5129
5128
5128
5127
5127
5126
5126
5126
5125
5125
5124
5124
5124
5123
5122
5122
5121
5121
5121
5120
5119
5118
5118
5118
5117
5115
5115
5115
5115
5113
5113
5113
5112
5112
5108
5107
5106
5105
5104
5103
5103
5102
5101
5100
5099
5098
5097
5095
5095
5094
5094
5093
5092
5091
5091
5088
5088
5088
5088
5088
5086
5085
5081
5080
5077
5076
5073
5073
5072
5072
5070
5069
5069
5069
5069
5069
5068
5067
5067
5065
5063
5062
5061
5058
5058
5057
5057
5056
5056
5056
5056
5056
5056
5054
5053
5052
5051
5050
5049
5048
5047
5047
5046
5046
5044
5044
5043
5042
5041
5040
5040
5040
5039
5039
5039
5038
5038
5037
5036
5035
5035
5035
5034
5034
5030
5029
5029
5028
5027
5025
5023
5022
5022
5020
5019
5018
5017
5017
5017
5017
5016
5015
5013
5013
5012
5012
5011
5010
5010
5009
5009
5008
5007
5005
5005
5004
5003
5002
5002
5001
5000
5000
4999
4999
4999
4997
4997
4996
4996
4995
4994
4994
4994
4993
4992
4991
4991
4989
4987
4985
4984
4984
4981
4980
4979
4978
4976
4975
4974
4974
4974
4974
4974
4973
4970
4967
4964
4963
4962
4962
4960
4960
4960
4959
4959
4958
4958
4958
4956
4955
4955
4955
4954
4954
4954
4953
4953
4953
4952
4952
4948
4948
4946
4946
4946
4945
4942
4942
4941
4940
4940
4939
4938
4938
4937
4937
4933
4933
4931
4931
4930
4930
4928
4927
4926
4926
4925
4924
4924
4924
4923
4923
4921
4921
4921
4921
4920
4920
4919
4919
4919
4918
4918
4917
4916
4916
4916
4915
4914
4913
4911
4910
4910
4909
4909
4908
4908
4908
4907
4906
4905
4905
4905
4904
4904
4904
4902
4902
4901
4899
4898
4897
4897
4897
4896
4896
4895
4894
4893
4893
4893
4892
4891
4890
4889
4889
4888
4888
4888
4887
4886
4885
4884
4884
4884
4884
4883
4882
4882
4881
4881
4880
4880
4879
4878
4876
4876
4876
4875
4875
4875
4874
4873
4873
4871
4870
4870
4869
4869
4868
4868
4868
4866
4864
4864
4864
4863
4862
4862
4862
4862
4861
4861
4861
4879
4860
4860
4859
4859
4857
4857
4856
4856
4856
4855
4854
4852
4852
4852
4852
4851
4851
4851
4850
4850
4848
4847
4847
4846
4846
4845
4844
4844
4842
4842
4841
4840
4840
4839
4839
4839
4839
4839
4838
4837
4837
4836
4836
4836
4835
4833
4831
4830
4827
4826
4826
4825
4825
4823
4822
4822
4821
4821
4821
4821
4820
4820
4820
4819
4819
4818
4818
4816
4815
4814
4813
4813
4813
4812
4812
4812
4811
4810
4810
4809
4808
4805
4805
4804
4803
4802
4802
4802
4802
4801
4801
4801
4800
4799
4798
4798
4797
4797
4795
4795
4794
4792
4792
4792
4791
4790
4790
4790
4788
4787
4786
4785
4784
4784
4783
4782
4782
4781
4780
4780
4780
4780
4780
4779
4778
4778
4778
4778
4778
4777
4777
4776
4776
4775
4775
4772
4772
4772
4772
4771
4770
4769
4768
4767
4766
4766
4765
4762
4762
4767
4759
4759
4759
4758
4758
4757
4757
4756
4755
4755
4755
4754
4754
4754
4754
4753
4753
4752
4752
4752
4751
4750
4749
4749
4749
4709
4746
4746
4745
4745
4744
4742
4742
4741
4739
4739
4738
4738
4737
4737
4736
4736
4735
4735
4735
4733
4733
4730
4729
4728
4728
4728
4727
4727
4727
4725
4725
4724
4721
4721
4720
4717
4717
4716
4716
4715
4715
4714
4712
4712
4711
4711
4710
4710
4709
4709
4707
4706
4706
4704
4703
4701
4700
4700
4699
4699
4698
4698
4698
4697
4696
4695
4695
4694
4693
4693
4693
4693
4692
4691
4690
4690
4689
4687
4686
4686
4686
4684
4684
4683
4683
4682
4682
4681
4680
4679
4679
4678
4678
4677
4677
4676
4676
4675
4674
4674
4673
4671
4671
4670
4670
4669
4669
4669
4668
4666
4666
4666
4666
4665
4664
4663
4663
4662
4662
4661
4661
4661
4661
4660
4658
4658
4658
4657
4657
4656
4656
4656
4651
4651
4651
4651
4649
4649
4649
4649
4648
4647
4647
4647
4647
4646
4646
4646
4645
4645
4645
4644
4644
4643
4642
4641
4641
4641
4641
4640
4639
4638
4637
4637
4637
4636
4635
4635
4634
4633
4633
4632
4632
4631
4630
4629
4629
4628
4628
4628
4628
4628
4627
4627
4627
4626
4624
4624
4623
4621
4620
4619
4619
4619
4618
4618
4617
4616
4616
4613
4612
4612
4612
4611
4610
4610
4610
4609
4609
4609
4608
4608
4605
4605
4605
4605
4604
4604
4604
4603
4603
4602
4602
4602
4600
4599
4599
4599
4599
4598
4598
4597
4596
4595
4595
4594
4594
4594
4594
4593
4593
4592
4592
4592
4592
4590
4589
4589
4589
4588
4587
4586
4586
4586
4585
4585
4584
4584
4584
4584
4582
4582
4581
4580
4580
4579
4579
4578
4577
4577
4576
4576
4576
4575
4575
4574
4574
4573
4572
4571
4571
4571
4571
4569
4567
4567
4566
4566
4566
4566
4566
4566
4565
4565
4564
4564
4563
4563
4562
4561
4561
4561
4560
4559
4559
4558
4556
4556
4556
4556
4555
4555
4555
4554
4554
4554
4554
4553
4553
4552
4552
4551
4550
4550
4549
4548
4548
4547
4547
4547
4547
4547
4545
4544
4543
4541
4541
4540
4539
4539
4538
4538
4538
4537
4537
4537
4536
4536
4534
4533
4532
4530
4529
4529
4529
4528
4528
4527
4526
4526
4526
4525
4525
4525
4524
4524
4524
4524
4523
4523
4523
4522
4522
4519
4519
4517
4514
4514
4511
4510
4510
4509
4508
4508
4508
4507
4507
4507
4506
4505
4505
4505
4505
4504
4503
4502
4500
4500
4498
4497
4497
4496
4496
4495
4494
4490
4490
4490
4489
4489
4488
4488
4488
4488
4488
4487
4487
4487
4487
4486
4486
4485
4484
4482
4481
4480
4479
4479
4479
4478
4478
4477
4476
4476
4475
4475
4475
4474
4472
4472
4472
4472
4472
4470
4470
4469
4468
4468
4464
4464
4464
4464
4464
4464
4462
4462
4462
4462
4461
4461
4460
4459
4459
4458
4458
4457
4457
4457
4456
4456
4455
4453
4453
4453
4452
4452
4451
4450
4449
4449
4448
4448
4448
4447
4446
4445
4443
4443
4443
4442
4442
4442
4441
4441
4440
4440
4439
4439
4439
4438
4438
4438
4438
4436
4436
4436
4436
4436
4436
4435
4434
4434
4434
4433
4433
4433
4433
4431
4431
4430
4430
4429
4429
4429
4428
4427
4427
4427
4426
4425
4425
4424
4424
4423
4423
4422
4421
4421
4421
4420
4418
4417
4416
4415
4415
4415
4413
4413
4412
4412
4412
4410
4410
4409
4409
4408
4407
4407
4406
4405
4404
4404
4402
4401
4401
4400
4399
4399
4399
4398
4398
4395
4394
4394
4393
4393
4392
4392
4392
4391
4391
4390
4390
4389
4389
4388
4388
4388
4387
4386
4386
4386
4385
4385
4382
4381
4381
4380
4379
4379
4379
4378
4377
4376
4376
4374
4374
4374
4373
4372
4371
4371
4370
4369
4366
4366
4364
4364
4364
4363
4363
4361
4359
4358
4358
4358
4358
4358
4357
4357
4357
4356
4356
4354
4354
4354
4353
4353
4352
4351
4351
4350
4350
4350
4349
4349
4348
4348
4348
4348
4347
4347
4346
4346
4344
4344
4344
4343
4342
4342
4341
4230
4339
4338
4338
4337
4337
4335
4334
4334
4332
4332
4331
4331
4329
4329
4328
4328
4328
4328
4328
4327
4327
4327
4326
4325
4325
4324
4323
4327
4322
4322
4321
4319
4318
4318
4317
4317
4317
4317
4317
4316
4316
4316
4315
4315
4315
4313
4313
4313
4313
4313
4311
4310
4308
4307
4307
4307
4306
4306
4305
4305
4304
4304
4303
4303
4302
4300
4299
4298
4298
4297
4297
4297
4297
4297
4297
4296
4296
4295
4295
4294
4293
4292
4292
4291
4291
4290
4290
4289
4288
4288
4288
4288
4288
4288
4287
4287
4287
4287
4285
4285
4285
4282
4282
4281
4281
4281
4281
4280
4280
4279
4279
4279
4279
4278
4277
4277
4275
4275
4275
4275
4274
4274
4271
4270
4268
4268
4268
4267
4264
4264
4263
4262
4262
4262
4260
4260
4260
4260
4257
4257
4256
4255
4255
4254
4254
4254
4253
4253
4252
4252
4252
4251
4251
4251
4251
4251
4250
4249
4249
4248
4248
4247
4247
4247
4246
4246
4245
4245
4245
4244
4243
4243
4243
4243
4242
4241
4241
4240
4240
4240
4239
4237
4237
4237
4236
4236
4235
4235
4235
4234
4234
4232
4232
4231
4231
4230
4229
4229
4229
4229
4229
4229
4227
4227
4227
4226
4226
4225
4225
4225
4225
4225
4224
4224
4223
4222
4222
4222
4222
4221
4220
4220
4220
4219
4219
4218
4218
4248
4217
4216
4216
4216
4215
4215
4214
4214
4214
4214
4213
4212
4211
4211
4211
4211
4211
4210
4209
4209
4208
4208
4206
4205
4205
4205
4204
4204
4204
4203
4202
4202
4202
4201
4201
4200
4200
4200
4198
4196
4196
4196
4196
4196
4195
4195
4194
4193
4193
4192
4192
4192
4191
4191
4191
4190
4190
4190
4190
4189
4189
4188
4187
4187
4186
4185
4185
4185
4185
4184
4184
4183
4182
4182
4182
4181
4181
4181
4180
4180
4180
4180
4179
4179
4178
4178
4177
4175
4175
4174
4174
4173
4173
4172
4171
4171
4171
4171
4169
4169
4167
4167
4166
4165
4165
4165
4164
4164
4164
4164
4163
4162
4162
4161
4161
4161
4161
4160
4160
4159
4159
4158
4158
4156
4156
4154
4153
4153
4153
4153
4152
4152
4152
4150
4150
4150
4150
4149
4149
4149
4149
4147
4147
4146
4145
4145
4144
4144
4143
4143
4142
4142
4141
4141
4140
4140
4140
4140
4140
4140
4139
4138
4136
4136
4136
4136
4136
4135
4134
4134
4133
4133
4130
4130
4129
4129
4128
4128
4128
4127
4126
4126
4126
4125
4125
4125
4124
4124
4123
4123
4123
4122
4122
4122
4122
4121
4121
4121
4120
4120
4120
4119
4119
4118
4117
4116
4116
4116
4115
4115
4115
4115
4114
4113
4113
4112
4112
4112
4111
4111
4111
4111
4110
4109
4109
4109
4108
4108
4108
4108
4107
4107
4106
4106
4105
4104
4104
4104
4103
4102
4101
4101
4100
4100
4100
4098
4098
4097
4097
4097
4097
4096
4096
4095
4095
4095
4095
4094
4093
4093
4092
4092
4092
4092
4092
4091
4091
4090
4090
4090
4089
4087
4086
4086
4085
4085
4085
4084
4084
4084
4084
4083
4083
4083
4083
4083
4083
4081
4081
4081
4080
4078
4078
4077
4077
4076
4076
4075
4073
4073
4072
4072
4072
4071
4070
4070
4069
4069
4068
4068
4067
4066
4066
4065
4065
4064
4063
4063
4063
4063
4062
4062
4061
4061
4061
4060
4060
4059
4059
4059
4058
4058
4058
4056
4055
4055
4054
4053
4053
4053
4053
4053
4052
4052
4051
4051
4051
4049
4049
4049
4048
4047
4047
4046
4046
4046
4045
4045
4045
4045
4044
4044
4043
4043
4041
4041
4041
4040
4040
4040
4038
4038
4038
4038
4037
4036
4036
4036
4036
4035
4035
4034
4034
4033
4033
4033
4033
4033
4032
4032
4032
4031
4031
4031
4030
4030
4034
4030
4029
4029
4028
4027
4026
4026
4026
4026
4025
4025
4024
4023
4023
4023
4022
4022
4021
4021
4020
4020
4019
4018
4018
4018
4018
4018
4017
4017
4017
4017
4016
4014
4014
4011
4011
4010
4010
4010
4009
4009
4008
4008
4008
4008
4008
4008
4007
4006
4005
4004
4004
4003
4003
4003
4002
4001
4001
4001
4001
4001
4001
4000
4000
4000
4000
3999
3998
3998
3997
3997
3997
3996
3996
3995
3995
3995
3994
3994
3993
3993
3993
3993
3993
3992
3992
3991
3990
3990
3990
3990
3989
3989
3989
3988
3987
3985
3985
3984
3983
3983
3982
3981
3981
3981
3980
3979
3979
3978
3978
3978
3978
3978
3977
3974
3974
3973
3973
3972
3972
3971
3971
3971
3971
3971
3971
3970
3970
3969
3969
3969
3968
3968
3967
3966
3966
3966
3965
3965
3965
3965
3964
3964
3963
3963
3962
3961
3961
3961
3961
3960
3958
3958
3957
3957
3957
3957
3956
3956
3956
3955
3954
3954
3954
3954
3954
3954
3954
3953
3952
3952
3952
3952
3952
3952
3951
3951
3951
3950
3950
3950
3948
3948
3947
3947
3947
3946
3946
3946
3946
3946
3946
3945
3945
3945
3945
3945
3944
3944
3943
3943
3942
3941
3941
3941
3941
3939
3939
3938
3937
3936
3935
3934
3933
3933
3933
3933
3932
3932
3932
3932
3931
3930
3930
3930
3930
3930
3929
3929
3928
3928
3928
3926
3926
3926
3925
3925
3924
3923
3923
3922
3922
3921
3921
3921
3920
3920
3919
3919
3919
3919
3919
3918
3918
3918
3917
3917
3917
3916
3916
3915
3915
3915
3914
3913
3913
3913
3913
3913
3912
3912
3912
3911
3911
3910
3909
3909
3909
3908
3908
3908
3907
3906
3905
3905
3905
3904
3904
3903
3903
3903
3902
3901
3901
3900
3900
3899
3897
3897
3897
3897
3896
3895
3895
3894
3894
3893
3892
3892
3892
3892
3892
3891
3891
3889
3889
3888
3888
3887
3886
3886
3886
3886
3886
3886
3886
3885
3885
3884
3884
3883
3883
3882
3881
3881
3880
3880
3880
3880
3880
3879
3879
3879
3879
3878
3878
3878
3878
3878
3877
3877
3877
3877
3876
3876
3876
3876
3875
3875
3875
3874
3873
3873
3873
3873
3873
3872
3872
3872
3871
3871
3871
3871
3871
3871
3870
3870
3870
3869
3869
3869
3869
3869
3869
3869
3868
3868
3868
3868
3868
3867
3867
3867
3867
3866
3866
3865
3865
3865
3865
3864
3863
3863
3863
3863
3862
3862
3862
3861
3861
3861
3861
3861
3860
3859
3859
3858
3858
3858
3858
3857
3857
3856
3856
3856
3855
3855
3855
3854
3854
3854
3853
3853
3853
3853
3852
3852
3852
3852
3852
3852
3851
3851
3850
3849
3849
3848
3848
3846
3845
3845
3845
3845
3845
3844
3844
3843
3843
3843
3843
3842
3842
3842
3841
3841
3841
3840
3839
3838
3838
3838
3837
3837
3837
3837
3836
3836
3836
3835
3835
3835
3833
3833
3833
3833
3832
3832
3832
3832
3832
3831
3831
3831
3831
3830
3830
3830
3830
3830
3829
3829
3829
3829
3828
3827
3827
3827
3827
3827
3826
3826
3825
3824
3824
3824
3824
3823
3823
3821
3821
3821
3821
3821
3820
3819
3819
3818
3818
3818
3817
3817
3817
3816
3816
3816
3815
3815
3815
3813
3813
3813
3812
3811
3811
3811
3810
3810
3810
3809
3807
3807
3806
3806
3805
3805
3805
3804
3803
3803
3803
3802
3802
3802
3801
3800
3800
3799
3799
3799
3798
3798
3798
3797
3796
3796
3795
3795
3794
3791
3791
3791
3791
3791
3791
3791
3791
3791
3791
3790
3790
3790
3790
3789
3789
3789
3789
3789
3788
3787
3787
3787
3785
3785
3785
3785
3785
3785
3784
3784
3784
3784
3784
3784
3783
3783
3783
3783
3782
3782
3782
3782
3782
3782
3781
3781
3781
3781
3781
3780
3780
3779
3779
3779
3779
3779
3778
3777
3777
3777
3792
3776
3775
3775
3774
3773
3773
3772
3772
3772
3772
3772
3772
3771
3771
3771
3770
3770
3770
3768
3768
3767
3767
3767
3766
3766
3766
3766
3766
3765
3765
3764
3764
3764
3764
3764
3763
3763
3763
3763
3763
3762
3761
3761
3760
3760
3759
3758
3758
3757
3757
3756
3756
3755
3755
3754
3754
3754
3753
3753
3752
3752
3751
3751
3750
3750
3748
3748
3748
3748
3748
3748
3747
3746
3746
3746
3745
3745
3745
3744
3744
3744
3744
3743
3743
3742
3742
3741
3741
3739
3739
3738
3738
3737
3736
3736
3736
3735
3734
3734
3734
3733
3733
3733
3732
3732
3732
3732
3731
3731
3730
3730
3730
3730
3729
3729
3729
3729
3729
3729
3729
3728
3728
3728
3728
3727
3727
3727
3727
3726
3725
3724
3724
3723
3723
3722
3721
3721
3720
3720
3719
3719
3719
3717
3717
3717
3716
3716
3716
3715
3715
3715
3715
3713
3713
3713
3713
3713
3712
3711
3711
3711
3710
3710
3710
3710
3710
3709
3709
3709
3709
3708
3708
3708
3708
3708
3708
3707
3706
3706
3706
3706
3705
3704
3704
3704
3704
3704
3704
3704
3703
3703
3703
3703
3702
3702
3702
3701
3700
3700
3699
3699
3699
3698
3697
3697
3697
3696
3696
3695
3695
3695
3695
3695
3695
3694
3694
3694
3694
3693
3692
3692
3692
3691
3691
3690
3690
3690
3690
3690
3689
3689
3688
3688
3687
3686
3686
3685
3685
3684
3683
3683
3682
3681
3680
3680
3680
3679
3678
3678
3677
3677
3677
3677
3677
3676
3676
3676
3676
3675
3674
3674
3674
3673
3673
3673
3672
3671
3671
3670
3670
3670
3670
3670
3669
3669
3669
3669
3668
3668
3668
3666
3666
3666
3665
3665
3664
3664
3664
3664
3663
3663
3661
3661
3661
3661
3660
3660
3660
3660
3659
3659
3659
3658
3658
3657
3657
3657
3657
3656
3656
3655
3655
3655
3655
3655
3663
3654
3653
3653
3652
3652
3652
3651
3651
3651
3650
3650
3650
3650
3650
3650
3650
3649
3649
3649
3649
3649
3648
3648
3648
3648
3647
3647
3646
3646
3646
3646
3646
3646
3645
3645
3644
3648
3643
3643
3642
3641
3641
3641
3641
3640
3640
3640
3639
3639
3638
3638
3637
3636
3635
3635
3635
3635
3635
3634
3634
3634
3634
3633
3633
3633
3633
3632
3631
3631
3631
3631
3630
3630
3630
3630
3630
3629
3629
3629
3629
3629
3628
3628
3628
3628
3628
3628
3627
3626
3626
3626
3626
3625
3625
3625
3624
3624
3624
3624
3624
3623
3623
3622
3622
3621
3621
3621
3621
3621
3621
3621
3621
3620
3620
3619
3619
3619
3618
3618
3617
3617
3617
3616
3616
3616
3616
3616
3615
3615
3614
3614
3613
3613
3613
3613
3613
3612
3612
3611
3610
3610
3609
3609
3609
3608
3608
3608
3608
3606
3606
3606
3606
3606
3605
3605
3605
3605
3604
3604
3604
3603
3603
3603
3603
3603
3603
3602
3602
3602
3602
3602
3601
3601
3600
3600
3600
3599
3599
3599
3599
3598
3598
3598
3598
3597
3597
3597
3596
3596
3596
3596
3595
3595
3595
3595
3594
3594
3593
3593
3593
3593
3592
3592
3592
3591
3591
3591
3590
3590
3590
3590
3589
3589
3588
3588
3587
3586
3586
3586
3584
3584
3584
3583
3583
3583
3583
3582
3582
3582
3581
3580
3580
3580
3580
3580
3580
3580
3580
3579
3578
3578
3578
3577
3577
3577
3577
3577
3577
3577
3576
3576
3576
3575
3575
3575
3574
3574
3574
3574
3573
3573
3572
3571
3571
3571
3571
3571
3571
3570
3570
3569
3569
3569
3568
3568
3567
3566
3566
3566
3565
3565
3565
3565
3565
3565
3565
3564
3563
3562
3561
3561
3561
3561
3560
3560
3560
3560
3560
3559
3559
3558
3558
3558
3556
3556
3556
3556
3555
3555
3555
3553
3553
3553
3553
3552
3552
3543
3552
3552
3551
3551
3551
3550
3550
3550
3550
3549
3549
3549
3549
3548
3548
3547
3547
3547
3547
3547
3546
3546
3545
3545
3544
3543
3541
3541
3541
3541
3541
3541
3540
3539
3539
3539
3539
3538
3538
3538
3537
3537
3537
3537
3536
3536
3536
3536
3536
3535
3534
3534
3534
3534
3534
3533
3533
3532
3532
3532
3531
3531
3531
3531
3530
3530
3529
3529
3529
3529
3528
3528
3527
3527
3527
3526
3526
3525
3525
3525
3524
3524
3524
3524
3524
3523
3523
3522
3522
3522
3522
3521
3521
3521
3521
3520
3520
3520
3520
3519
3518
3518
3517
3517
3517
3517
3516
3516
3516
3516
3516
3516
3515
3515
3515
3515
3515
3514
3514
3514
3513
3513
3512
3512
3511
3511
3511
3511
3511
3510
3510
3509
3509
3509
3509
3509
3509
3508
3508
3507
3507
3506
3506
3506
3505
3505
3505
3505
3505
3504
3504
3503
3503
3503
3503
3503
3502
3502
3502
3501
3501
3501
3501
3501
3500
3500
3500
3500
3500
3500
3500
3500
3499
3499
3498
3498
3498
3497
3497
3496
3496
3496
3495
3495
3495
3494
3493
3493
3493
3492
3492
3491
3490
3489
3489
3488
3488
3487
3487
3487
3486
3486
3486
3485
3485
3485
3485
3484
3484
3484
3483
3483
3482
3482
3482
3482
3481
3481
3481
3481
3481
3481
3481
3480
3480
3480
3480
3479
3478
3478
3478
3478
3478
3477
3477
3477
3477
3476
3476
3476
3476
3476
3476
3476
3475
3474
3474
3474
3474
3474
3473
3472
3472
3472
3472
3472
3471
3471
3471
3470
3470
3470
3470
3470
3469
3469
3469
3468
3468
3468
3468
3468
3468
3468
3467
3467
3467
3467
3466
3466
3465
3465
3465
3465
3465
3464
3463
3463
3463
3462
3462
3461
3461
3461
3460
3459
3459
3458
3458
3458
3458
3457
3456
3456
3455
3455
3455
3455
3454
3454
3454
3453
3452
3451
3451
3451
3450
3450
3450
3449
3449
3449
3449
3448
3448
3448
3447
3447
3447
3447
3446
3445
3445
3445
3444
3444
3443
3443
3443
3443
3442
3442
3442
3442
3442
3442
3442
3441
3441
3440
3440
3439
3439
3439
3439
3439
3439
3438
3438
3438
3438
3437
3437
3437
3436
3436
3436
3436
3436
3435
3435
3435
3435
3435
3434
3434
3434
3434
3433
3433
3432
3432
3432
3432
3431
3430
3430
3430
3430
3430
3430
3430
3429
3429
3428
3428
3428
3428
3428
3428
3427
3427
3427
3427
3427
3427
3427
3427
3425
3425
3424
3424
3424
3424
3424
3424
3423
3423
3423
3423
3423
3422
3422
3422
3421
3421
3421
3421
3421
3421
3421
3420
3420
3420
3420
3419
3418
3418
3418
3418
3418
3418
3418
3417
3417
3416
3416
3415
3415
3414
3414
3414
3414
3414
3414
3413
3413
3413
3413
3413
3412
3412
3411
3411
3411
3410
3410
3410
3410
3410
3409
3409
3409
3409
3409
3409
3409
3408
3407
3407
3406
3406
3406
3406
3406
3406
3406
3405
3405
3405
3404
3404
3404
3403
3403
3402
3402
3402
3402
3401
3401
3401
3401
3400
3400
3400
3399
3399
3399
3398
3398
3398
3397
3396
3396
3396
3396
3395
3395
3395
3394
3394
3394
3394
3393
3393
3392
3392
3392
3392
3391
3391
3391
3390
3390
3390
3389
3388
3388
3388
3387
3387
3387
3387
3386
3386
3385
3385
3384
3384
3384
3383
3383
3383
3383
3382
3382
3382
3382
3382
3381
3381
3381
3381
3381
3380
3380
3380
3380
3380
3379
3379
3378
3378
3378
3378
3384
3377
3377
3377
3375
3375
3375
3375
3375
3374
3374
3374
3374
3373
3373
3373
3372
3372
3372
3372
3372
3371
3371
3371
3370
3370
3370
3369
3369
3369
3368
3367
3367
3366
3366
3366
3366
3366
3366
3365
3365
3364
3364
3364
3364
3364
3364
3364
3363
3363
3363
3363
3362
3362
3362
3361
3361
3361
3361
3359
3359
3359
3359
3358
3358
3358
3358
3358
3358
3358
3357
3357
3357
3357
3357
3357
3357
3356
3356
3356
3356
3355
3355
3355
3354
3354
3354
3354
3354
3353
3353
3353
3352
3352
3352
3352
3351
3351
3350
3349
3349
3349
3349
3349
3348
3348
3348
3348
3347
3347
3347
3347
3346
3346
3346
3346
3346
3345
3344
3344
3344
3344
3343
3343
3343
3342
3342
3342
3342
3341
3339
3339
3338
3337
3337
3336
3336
3336
3334
3334
3334
3334
3334
3333
3333
3332
3332
3332
3332
3332
3332
3332
3330
3330
3329
3329
3329
3328
3328
3328
3328
3327
3327
3327
3327
3327
3327
3327
3326
3326
3326
3326
3326
3325
3325
3325
3325
3325
3325
3324
3324
3323
3323
3323
3323
3323
3322
3322
3322
3322
3322
3321
3321
3321
3320
3320
3320
3320
3319
3318
3318
3318
3318
3317
3316
3316
3315
3315
3315
3314
3314
3314
3314
3313
3312
3312
3311
3311
3311
3309
3309
3308
3308
3308
3308
3307
3307
3307
3307
3307
3307
3307
3305
3305
3305
3305
3305
3304
3304
3303
3303
3303
3302
3302
3302
3302
3302
3301
3301
3300
3300
3299
3299
3299
3298
3298
3297
3297
3297
3297
3297
3297
3296
3296
3296
3295
3295
3295
3295
3295
3295
3295
3294
3293
3293
3293
3293
3293
3292
3292
3292
3292
3292
3291
3291
3291
3291
3290
3290
3290
3290
3290
3290
3290
3290
3290
3289
3289
3289
3289
3288
3288
3288
3287
3287
3287
3287
3286
3285
3285
3285
3285
3285
3284
3284
3284
3283
3283
3283
3281
3281
3281
3280
3280
3280
3279
3279
3279
3279
3279
3278
3278
3278
3278
3278
3278
3278
3277
3277
3277
3277
3277
3277
3276
3276
3276
3276
3276
3276
3276
3276
3276
3275
3275
3275
3275
3275
3275
3275
3274
3273
3273
3273
3273
3272
3272
3272
3271
3270
3270
3270
3270
3270
3269
3269
3269
3269
3269
3269
3268
3267
3267
3267
3267
3267
3267
3266
3266
3266
3266
3266
3265
3265
3265
3265
3265
3264
3264
3264
3264
3264
3263
3263
3263
3263
3262
3262
3262
3262
3261
3261
3261
3261
3260
3260
3260
3260
3259
3259
3259
3258
3258
3258
3257
3257
3257
3257
3257
3255
3255
3255
3255
3255
3254
3254
3253
3253
3253
3253
3252
3252
3252
3252
3252
3251
3251
3251
3250
3250
3250
3250
3250
3249
3249
3249
3249
3249
3249
3249
3248
3248
3248
3248
3248
3248
3248
3247
3247
3247
3246
3246
3246
3246
3246
3245
3245
3245
3245
3245
3245
3245
3244
3244
3244
3243
3243
3243
3243
3243
3242
3242
3242
3242
3242
3242
3241
3241
3241
3241
3241
3241
3240
3240
3240
3240
3240
3239
3239
3238
3237
3237
3237
3237
3236
3236
3235
3235
3235
3235
3235
3234
3234
3234
3234
3234
3234
3233
3233
3233
3237
3233
3233
3232
3232
3232
3232
3232
3232
3231
3231
3231
3231
3231
3230
3230
3230
3230
3229
3229
3229
3229
3229
3228
3228
3228
3227
3227
3226
3226
3226
3225
3225
3225
3224
3224
3224
3224
3224
3223
3223
3223
3223
3223
3222
3222
3222
3222
3221
3221
3220
3220
3220
3220
3220
3220
3219
3218
3218
3217
3216
3216
3216
3216
3216
3215
3215
3215
3215
3215
3215
3214
3214
3214
3213
3213
3213
3213
3212
3212
3212
3212
3211
3211
3211
3210
3210
3210
3209
3209
3209
3209
3209
3401
3209
3209
3208
3208
3208
3208
3208
3208
3207
3207
3207
3207
3207
3207
3207
3205
3205
3205
3205
3205
3205
3204
3204
3204
3203
3203
3202
3202
3201
3201
3201
3201
3200
3200
3200
3200
3200
3199
3199
3199
3199
3199
3199
3199
3198
3197
3197
3196
3196
3196
3196
3196
3196
3195
3195
3195
3195
3195
3194
3194
3194
3194
3194
3194
3194
3194
3194
3194
3194
3193
3193
3193
3192
3192
3192
3192
3191
3191
3191
3191
3190
3190
3190
3189
3189
3189
3189
3203
3188
3188
3187
3187
3187
3187
3187
3186
3186
3186
3185
3185
3184
3184
3184
3184
3184
3184
3184
3183
3183
3183
3182
3182
3182
3181
3181
3181
3180
3180
3180
3179
3179
3179
3178
3178
3178
3178
3178
3178
3178
3178
3177
3177
3177
3176
3176
3176
3176
3175
3175
3175
3175
3175
3174
3173
3173
3173
3172
3172
3172
3172
3171
3171
3171
3171
3171
3171
3171
3171
3171
3171
3170
3170
3169
3169
3168
3167
3167
3166
3166
3166
3166
3165
3165
3165
3165
3165
3165
3165
3164
3164
3164
3164
3164
3163
3162
3161
3160
3160
3160
3160
3160
3160
3159
3159
3159
3159
3159
3158
3157
3157
3157
3157
3157
3157
3157
3156
3156
3156
3156
3155
3155
3155
3155
3154
3154
3154
3154
3154
3153
3153
3153
3153
3152
3152
3151
3151
3151
3150
3150
3150
3150
3150
3149
3149
3149
3149
3148
3148
3148
3147
3147
3146
3146
3146
3146
3146
3145
3145
3145
3145
3145
3145
3145
3144
3144
3144
3144
3143
3142
3142
3142
3142
3141
3141
3141
3140
3140
3140
3139
3139
3139
3139
3139
3139
3138
3138
3138
3138
3137
3137
3137
3137
3137
3137
3137
3136
3136
3136
3136
3136
3135
3135
3134
3133
3133
3132
3132
3132
3132
3132
3132
3132
3132
3131
3131
3130
3130
3130
3130
3130
3129
3129
3129
3129
3128
3128
3128
3128
3126
3126
3126
3126
3126
3126
3124
3124
3124
3124
3124
3124
3123
3123
3122
3122
3122
3122
3122
3122
3122
3122
3121
3121
3121
3121
3120
3120
3120
3120
3120
3120
3119
3119
3119
3119
3119
3119
3119
3119
3119
3119
3118
3117
3117
3116
3116
3116
3115
3115
3115
3115
3114
3114
3114
3114
3113
3113
3113
3112
3112
3112
3112
3110
3110
3110
3110
3110
3110
3110
3109
3109
3109
3108
3108
3108
3108
3108
3108
3107
3107
3107
3107
3107
3107
3107
3107
3106
3106
3106
3106
3106
3106
3105
3105
3105
3104
3104
3103
3103
3103
3103
3102
3102
3102
3101
3101
3101
3101
3100
3100
3100
3100
3100
3100
3099
3099
3098
3098
3098
3098
3098
3097
3097
3097
3096
3096
3095
3094
3094
3094
3094
3093
3093
3093
3093
3093
3093
3092
3092
3091
3090
3090
3090
3090
3089
3089
3089
3089
3089
3089
3089
3088
3088
3088
3087
3086
3086
3086
3085
3085
3085
3084
3084
3084
3084
3084
3084
3084
3084
3083
3083
3083
3083
3083
3082
3082
3082
3081
3081
3081
3081
3081
3080
3080
3079
3079
3079
3079
3078
3078
3078
3078
3078
3078
3078
3078
3077
3077
3077
3077
3076
3076
3076
3075
3074
3074
3074
3074
3073
3073
3073
3073
3072
3072
3072
3072
3072
3071
3070
3070
3070
3070
3043
3070
3070
3069
3069
3069
3069
3069
3068
3068
3068
3068
3067
3067
3066
3066
3066
3066
3065
3065
3065
3065
3065
3064
3064
3064
3064
3064
3064
3063
3063
3063
3063
3063
3063
3062
3062
3062
3062
3062
3061
3061
3061
3060
3060
3060
3059
3059
3059
3059
3059
3059
3058
3058
3058
3058
3058
3057
3057
3057
3057
3057
3057
3056
3056
3056
3056
3056
3055
3055
3055
3055
3055
3055
3054
3054
3054
3054
3053
3053
3053
3052
3052
3052
3051
3051
3051
3051
3051
3051
3051
3051
3050
3050
3050
3049
3049
3049
3049
3049
3048
3048
3048
3048
3048
3048
3047
3047
3047
3047
3047
3047
3046
3046
3046
3045
3045
3045
3045
3045
3045
3044
3044
3044
3044
3044
3043
3043
3043
3042
3042
3042
3041
3041
3041
3040
3040
3039
3039
3039
3039
3039
3038
3038
3080
3038
3037
3037
3037
3037
3037
3037
3036
3036
3036
3036
3036
3035
3035
3035
3035
3035
3035
3035
3034
3034
3034
3033
3032
3032
3032
3032
3032
3032
3032
3031
3030
3030
3030
3030
3030
3029
3029
3029
3029
3029
3028
3028
3028
3027
3027
3026
3026
3026
3026
3026
3026
3026
3026
3025
3025
3025
3025
3024
3024
3024
3024
3023
3023
3023
3023
3023
3023
3023
3022
3022
3022
3022
3022
3022
3022
3022
3021
3021
3021
3021
3021
3021
3020
3020
3020
3019
3019
3019
3019
3019
3018
3018
3017
3016
3016
3016
3016
3015
3015
3015
3015
3014
3014
3014
3014
3013
3013
3012
3012
3012
3012
3012
3011
3011
3011
3011
3010
3010
3010
3010
3010
3010
3010
3009
3009
3009
3009
3009
3008
3008
3008
3008
3008
3008
3007
3007
3007
3006
3006
3006
3006
3005
3005
3005
3005
3005
3005
3004
3004
3004
3004
3004
3004
3003
3003
3003
3003
3002
3002
3002
3002
3002
3002
3002
3002
3001
3001
3001
3001
3001
3001
3001
3001
3000
3000
3000
3000
3000
