452866
284685
252766
231454
213011
204436
204217
194673
188053
185187
184942
181498
171483
168757
165896
160552
159886
158768
156558
153143
151753
151753
144520
144422
143553
141543
137481
132204
130403
126448
126211
125473
124979
119539
119113
118872
113876
112792
110140
110042
99015
97312
96345
95345
94443
94242
93316
93132
90106
89251
88331
88140
88000
87448
85753
84361
84095
83852
83415
82828
82524
82266
80574
80263
80082
79565
79423
78879
78597
78293
77573
76242
76223
75765
75718
75050
74902
74748
74536
74099
73925
73303
73068
73057
72912
72007
71859
71759
71710
71304
70770
69514
69297
68653
68407
68215
67409
67181
66586
65835
65451
64908
64810
64479
64203
63899
63447
63186
62821
62708
62584
62186
62084
61396
61380
61371
60865
60478
60361
59578
59302
58872
58521
58099
58041
57823
57492
57385
57363
57079
56889
56757
56756
56614
56502
56371
56129
56025
56004
55741
55727
55344
55323
55062
54430
54362
54279
54118
53261
53048
52928
52320
52243
51473
51350
51258
51144
50913
50809
50761
49964
49887
49827
49478
48952
48794
48685
48652
47657
47611
47561
47511
47340
47315
47275
47197
47062
47025
47024
46876
46572
46446
46293
46293
45729
45673
45508
45394
45284
45153
45055
44812
44762
44510
44293
44226
44057
43855
43415
43350
43191
43002
42969
42959
42797
42466
42402
42158
42157
41985
41929
41845
41689
41678
41466
41403
41282
41270
40962
40929
40835
40624
40485
40294
40203
40169
40169
39789
39683
39649
39483
39464
39427
39297
39151
39123
38931
38665
38630
38490
38390
38338
38334
38317
38312
38301
38249
38224
38161
38034
38018
37943
37899
37897
37887
37773
37723
37683
37674
37618
37614
37608
37589
37574
37532
37350
37350
37279
37271
37106
37053
37007
36924
36867
36864
36849
36689
36575
36401
36288
36169
36167
36110
36076
35668
35656
35624
35494
35466
35342
35303
35263
35235
35162
35003
34902
34885
34857
34849
34823
34758
34711
34676
34659
34645
34636
34544
34495
34331
34256
34117
34105
33811
33700
33344
33279
33224
33204
33164
33132
33075
33050
32988
32952
32949
32850
32734
32664
32662
32637
32627
32617
32613
32580
32563
32534
32475
32471
32429
32418
32328
32307
32301
32215
32166
32142
31969
31954
31896
31859
31850
31837
31803
31798
31780
31654
31647
31638
31618
31570
31525
31504
31476
31461
31306
31291
31097
31029
30981
30962
30959
30849
30671
30574
30514
30468
30464
30435
30420
30304
30270
30250
30083
30033
30027
30000
29983
29857
29837
29818
29810
29772
29683
29600
29571
29449
29365
29324
29316
29298
29225
29220
29187
29124
29030
29012
29012
28932
28918
28912
28755
28751
28678
28523
28420
28413
28406
28394
28389
28358
28189
28127
28120
28091
28089
28058
28056
28050
27959
27900
27883
27880
27866
27780
27749
27746
27725
27720
27556
27553
27540
27529
27513
27437
27435
27420
27367
27366
27321
27283
27279
27275
27258
27243
27003
26953
26920
26912
26821
26814
26788
26782
26668
26668
26655
26629
26622
26583
26553
26493
26456
26422
26418
26406
26376
26305
26272
26263
26239
26173
26114
26078
26066
26012
26011
25976
25932
25904
25847
25809
25804
25798
25675
25593
25551
25542
25497
25421
25359
25358
25351
25341
25341
25297
25266
25226
25197
25194
25123
25122
25041
25035
25032
25002
24996
24965
24960
24946
24806
24775
24753
24712
24661
24614
24568
24522
24486
24452
24386
24382
24364
24342
24335
24270
24242
24234
24203
24197
24172
24170
24165
24046
23974
23972
23950
23869
23851
23849
23844
23834
23753
23732
23717
23704
23661
23659
23617
23530
23522
23510
23476
23430
23430
23400
23396
23383
23356
23350
23349
23347
23319
23308
23260
23259
23228
23222
23210
23208
23203
23201
23197
23196
23195
23181
23130
23111
23056
23045
23021
23019
23019
22992
22975
22971
22823
22748
22741
22720
22695
22664
22653
22653
22650
22625
22586
22576
22554
22417
22365
22360
22329
22329
22278
22274
22261
22258
22240
22239
22172
22113
22046
22042
22035
22023
21978
21956
21944
21940
21936
21932
21897
21893
21873
21845
21798
21788
21754
21731
21726
21721
21699
21689
21658
21607
21595
21568
21560
21540
21536
21506
21497
21468
21457
21452
21451
21437
21432
21431
21419
21414
21411
21399
21398
21382
21371
21358
21345
21295
21255
21248
21246
21221
21212
21176
21136
21130
21129
21103
21097
21078
21055
21029
21017
20979
20967
20872
20827
20819
20809
20809
20767
20731
20728
20718
20704
20684
20677
20676
20673
20651
20638
20634
20627
20626
20582
20569
20538
20532
20517
20491
20478
20472
20459
20453
20438
20402
20367
20359
20344
20263
20186
20168
20166
20132
20130
20095
20081
20043
20032
20017
19987
19969
19965
19951
19887
19907
19905
19893
19875
19875
19873
19866
19839
19834
19823
19821
19807
19790
19754
19746
19719
19702
19686
19680
19658
19649
19629
19620
19615
19613
19589
19569
19541
19504
19501
19497
19480
19472
19466
19413
19408
19405
19375
19344
19342
19326
19299
19296
19287
19274
19272
19266
19263
19259
19243
19229
19214
19194
19175
19174
19169
19148
19140
19101
19084
19059
19042
19039
19006
18962
18953
18902
18895
18889
18862
18857
18811
18781
18776
18773
18771
18758
18749
18737
18725
18706
18681
18679
18666
18664
18640
18634
18630
18628
18622
18608
18601
18587
18584
18566
18557
18545
18544
18521
18516
18502
18489
18471
18469
18461
18460
18458
18451
18438
18438
18415
18411
18408
18397
18367
18350
18339
18321
18295
18280
18252
18192
18179
18169
18160
18155
18146
18126
18118
18073
18071
18035
18021
17998
17989
17951
17950
17935
17928
17909
17896
17876
17850
17831
17803
17801
17787
17782
17769
17760
17749
17721
17711
17704
17685
17685
17680
17664
17642
17641
17632
17609
17595
17587
17580
17579
17568
17553
17536
17493
17492
17484
17482
17482
17479
17479
17471
17466
17439
17430
17423
17412
17340
17338
17335
17332
17318
17315
17299
17295
17286
17278
17275
17262
17257
17254
17240
17226
17182
17182
17182
17175
17161
17156
17151
17135
17124
17122
17107
17107
17098
17087
17064
17037
17033
17014
16977
16946
16938
16935
16934
16899
16869
16857
16856
16797
16786
16757
16749
16740
16714
16701
16687
16682
16658
16641
16638
16634
16632
16623
16618
16608
16592
16584
16550
16513
16488
16469
16449
16418
16415
16403
16389
16388
16374
16359
16352
16315
16313
16311
16304
16296
16277
16255
16254
16245
16222
16207
16202
16196
16190
16162
16139
16127
16116
16108
16093
16088
16080
16074
16056
16052
16049
16040
16038
16012
15963
15941
15940
15929
15898
15894
15886
15884
15872
15865
15833
15830
15824
15820
15808
15805
15803
15802
15757
15757
15750
15721
15721
15711
15699
15692
15665
15614
15611
15596
15589
15588
15587
15558
15550
15538
15532
15525
15514
15486
15483
15449
15443
15440
15431
15416
15412
15411
15410
15399
15398
15359
15352
15344
15335
15326
15325
15311
15294
15289
15282
15281
15280
15275
15230
15228
15214
15194
15179
15168
15143
15133
15123
15120
15107
15046
15045
15043
15043
15040
15031
14997
14990
14965
14956
14954
14935
14908
14897
14896
14866
14824
14820
14794
14793
14784
14782
14778
14778
14767
14763
14717
14712
14708
14707
14705
14701
14679
14669
14665
14664
14655
14646
14644
14643
14634
14615
14602
14598
14597
14590
14588
14582
14548
14534
14525
14523
14509
14501
14482
14470
14463
14449
14413
14401
14392
14391
14389
14382
14365
14355
14347
14341
14332
14314
14314
14281
14281
14274
14273
14259
14242
14234
14227
14224
14208
14199
14195
14180
14170
14152
14140
14137
14099
14093
14093
14081
14071
14066
14064
14049
14042
14035
14029
14026
14017
14010
13997
13990
13972
13971
13969
13952
13918
13912
13912
13906
13884
13860
13855
13854
13844
13815
13811
13810
13800
13785
13775
13764
13759
13754
13742
13738
13737
13722
13718
13717
13709
13703
13697
13688
13671
13668
13664
13661
13613
13607
13598
13595
13592
13575
13564
13563
13562
13552
13538
13522
13514
13495
13493
13485
13474
13466
13455
13442
13441
13413
13412
13410
13406
13406
13405
13394
13386
13385
13377
13375
13371
13359
13353
13339
13338
13331
13312
13308
13299
13281
13280
13268
13260
13259
13252
13252
13251
13247
13241
13233
13226
13224
13219
13195
13188
13186
13180
13163
13161
13160
13156
13155
13130
13121
13119
13116
13114
13113
13113
13109
13103
13090
13086
13077
13077
13064
13058
13052
13028
13034
13014
12984
12956
12954
12953
12930
12928
12922
12909
12904
12901
12899
12892
12879
12857
12850
12850
12847
12834
12834
12830
12827
12826
12824
12820
12813
12812
12812
12811
12811
12805
12795
12794
12785
12761
12757
12757
12730
12730
12729
12725
12713
12713
12703
12701
12695
12682
12678
12672
12661
12655
12649
12632
12626
12621
12619
12612
12612
12611
12611
12610
12608
12607
12602
12594
12582
12577
12562
12555
12552
12538
12536
12529
12529
12520
12519
12517
12517
12514
12510
12508
12508
12504
12495
12483
12472
12470
12457
12455
12455
12449
12446
12441
12440
12437
12434
12414
12384
12384
12377
12376
12372
12366
12362
12362
12358
12350
12347
12344
12338
12335
12332
12325
12313
12310
12308
12296
12289
12289
12287
12279
12276
12265
12264
12262
12259
12254
12231
12227
12221
12219
12208
12202
12200
12196
12194
12191
12167
12166
12164
12155
12148
12140
12139
12136
12132
12132
12116
12112
12111
12109
12105
12099
12089
12082
12077
12071
12070
12061
12058
12048
12035
12030
12030
12030
12026
12024
12014
12009
12000
11996
11993
11991
11989
11985
11966
11965
11956
11953
11949
11947
11947
11915
11913
11910
11904
11903
11901
11901
11882
11880
11879
11866
11865
11858
11854
11853
11852
11851
11851
11839
11831
11822
11815
11801
11793
11783
11778
11775
11770
11758
11749
11748
11746
11743
11741
11733
11731
11720
11717
11712
11710
11701
11679
11674
11674
11654
11653
11648
11645
11639
11629
11627
11624
11615
11608
11601
11600
11597
11596
11583
11563
11570
11556
11552
11543
11542
11541
11540
11538
11532
11532
11517
11513
11506
11498
11497
11479
11450
11447
11438
11427
11417
11416
11393
11387
11383
11382
11379
11371
11363
11354
11349
11346
11340
11329
11326
11319
11318
11314
11313
11300
11300
11288
11279
11275
11265
11259
11255
11253
11251
11240
11239
11233
11233
11232
11230
11228
11226
11225
11222
11217
11215
11203
11202
11201
11199
11197
11190
11184
11183
11170
11166
11162
11162
11161
11160
11147
11146
11137
11136
11134
11126
11117
11112
11108
11108
11102
11098
11097
11096
11085
11079
11074
11072
11065
11063
11055
11052
11044
11044
11038
11033
11023
11019
11017
11016
11008
11006
10999
10998
10991
10986
10971
10970
10968
10967
10966
10958
10953
10952
10944
10943
10941
10941
10933
10929
10926
10926
10912
10910
10903
10897
10895
10892
10883
10875
10873
10865
10858
10856
10852
10835
10830
10824
10819
10822
10804
10803
10793
10791
10780
10777
10760
10756
10753
10748
10741
10724
10724
10708
10704
10702
10700
10683
10633
10630
10619
10617
10617
10615
10611
10609
10604
10598
10596
10594
10592
10588
10587
10579
10579
10577
10575
10574
10568
10566
10565
10558
10555
10553
10551
10548
10532
10527
10519
10516
10514
10509
10508
10503
10498
10495
10489
10483
10482
10481
10476
10471
10471
10469
10468
10466
10463
10450
10446
10445
10442
10430
10430
10413
10413
10406
10402
10401
10393
10392
10381
10381
10366
10366
10362
10354
10353
10349
10348
10345
10344
10339
10338
10332
10331
10318
10312
10305
10303
10298
10295
10290
10282
10277
10274
10273
10262
10261
10254
10251
10247
10245
10241
10241
10240
10235
10232
10230
10221
10221
10220
10217
10215
10208
10207
10206
10206
10202
10195
10189
10185
10174
10168
10167
10163
10160
10160
10156
10155
10155
10152
10147
10139
10134
10125
10117
10117
10116
10114
10112
10110
10099
10096
10091
10091
10086
10086
10060
10056
10056
10044
10038
10033
10019
10018
10017
10014
10005
10003
10001
9996
9990
9979
9970
9963
9962
9957
9957
9956
9951
9945
9934
9927
9927
9924
9924
9923
9918
9913
9907
9899
9897
9894
9888
9885
9883
9883
9876
9872
9867
9865
9857
9848
9846
9842
9837
9833
9826
9825
9815
9813
9800
9808
9798
9795
9787
9786
9781
9779
9779
9775
9775
9770
9768
9758
9758
9748
9732
9725
9721
9719
9714
9711
9709
9709
9705
9694
9687
9685
9666
9657
9653
9643
9643
9641
9641
9634
9627
9626
9620
9615
9621
9613
9613
9610
9600
9593
9585
9582
9578
9569
9568
9566
9563
9562
9559
9553
9548
9546
9534
9534
9534
9529
9529
9529
9528
9521
9521
9520
9518
9518
9511
9510
9503
9498
9496
9495
9493
9492
9485
9482
9482
9477
9475
9474
9471
9471
9470
9468
9463
9462
9458
9457
9457
9455
9455
9453
9451
9450
9450
9449
9448
9445
9436
9434
9433
9432
9431
9431
9426
9423
9416
9411
9409
9403
9402
9399
9396
9389
9388
9387
9381
9376
9360
9357
9357
9356
9355
9355
9354
9342
9336
9333
9332
9331
9325
9314
9310
9309
9308
9306
9302
9301
9299
9297
9292
9290
9272
9270
9260
9259
9259
9256
9254
9253
9248
9247
9236
9228
9227
9223
9213
9213
9213
9209
9206
9203
9201
9199
9192
9187
9185
9184
9166
9164
9164
9163
9161
9158
9156
9156
9152
9147
9147
9142
9137
9135
9128
9127
9121
9121
9116
9115
9115
9109
9107
9106
9106
9093
9086
9086
9085
9084
9079
9075
9075
9074
9063
9059
9057
9054
9051
9049
9048
9048
9047
9042
9037
9035
9030
9029
9018
9014
8995
8986
8986
8985
8984
8958
8953
8948
8945
8937
8936
8933
8929
8929
8918
8909
8909
8903
8901
8898
8893
8891
8890
8883
8879
8874
8874
8872
8855
8855
8853
8851
8850
8846
8845
8844
8840
8827
8826
8822
8820
8814
8799
8788
8788
8786
8782
8781
8780
8779
8776
8770
8765
8765
8762
8757
8756
8756
8754
8752
8749
8748
8740
8740
8738
8737
8736
8735
8732
8715
8707
8703
8701
8697
8695
8692
8690
8689
8686
8676
8668
8667
8666
8663
8657
8656
8650
8648
8645
8643
8643
8640
8638
8638
8633
8628
8628
8626
8625
8625
8622
8616
8612
8604
8600
8599
8598
8596
8596
8594
8591
8585
8549
8581
8580
8576
8566
8561
8558
8553
8550
8545
8544
8538
8537
8535
8529
8524
8522
8520
8520
8517
8509
8508
8508
8503
8502
8502
8496
8494
8493
8489
8486
8486
8476
8471
8464
8461
8456
8455
8454
8454
8453
8451
8451
8450
8447
8439
8428
8425
8417
8417
8416
8415
8414
8413
8408
8407
8403
8402
8401
8399
8398
8394
8385
8383
8382
8376
8374
8374
8372
8370
8362
8349
8345
8343
8339
8331
8328
8327
8326
8323
8322
8307
8306
8304
8299
8277
8274
8274
8269
8265
8264
8264
8259
8257
8252
8252
8247
8241
8238
8236
8235
8225
8220
8220
8216
8216
8214
8211
8210
8208
8202
8201
8200
8198
8198
8197
8194
8193
8193
8192
8191
8190
8187
8184
8182
8180
8178
8172
8171
8170
8169
8167
8166
8163
8162
8162
8159
8157
8153
8152
8151
8151
8147
8143
8135
8133
8128
8126
8110
8110
8107
8106
8105
8104
8104
8102
8100
8099
8099
8098
8096
8090
8085
8081
8078
8076
8068
8067
8058
8050
8049
8049
8046
8039
8039
8036
8034
8027
8027
8023
8021
8021
8020
8019
8018
8011
8010
8005
8002
8001
8000
8000
7999
7997
7997
7990
7988
7988
7978
7977
7976
7975
7971
7970
7969
7968
7965
7964
7961
7961
7960
7957
7955
7953
7949
7948
7946
7944
7940
7940
7938
7932
7931
7930
7927
7926
7923
7922
7907
7905
7904
7899
7898
7891
7889
7889
7886
7884
7884
7883
7881
7878
7878
7866
7866
7865
7864
7862
7862
7861
7859
7859
7858
7855
7849
7849
7838
7835
7834
7833
7833
7832
7825
7825
7824
7822
7822
7818
7815
7804
7798
7796
7795
7792
7783
7779
7778
7777
7776
7775
7768
7767
7766
7764
7761
7761
7760
7759
7752
7748
7748
7748
7747
7742
7740
7737
7736
7735
7734
7733
7721
7708
7706
7703
7702
7696
7694
7691
7690
7688
7685
7685
7683
7674
7673
7671
7667
7663
7662
7659
7658
7657
7656
7672
7653
7651
7644
7643
7638
7630
7626
7626
7624
7623
7621
7620
7619
7616
7614
7612
7611
7610
7605
7600
7598
7596
7595
7594
7592
7590
7588
7586
7584
7584
7583
7583
7582
7577
7576
7576
7575
7573
7569
7569
7569
7569
7567
7566
7566
7560
7558
7557
7554
7551
7551
7551
7550
7548
7546
7540
7538
7535
7533
7529
7529
7526
7522
7520
7516
7509
7509
7507
7505
7503
7502
7499
7497
7495
7493
7491
7490
7486
7480
7479
7474
7472
7471
7471
7470
7468
7465
7465
7460
7458
7458
7449
7448
7447
7444
7443
7442
7442
7441
7440
7439
7436
7434
7430
7424
7421
7414
7412
7411
7403
7395
7387
7387
7385
7384
7381
7376
7374
7372
7371
7368
7364
7356
7348
7347
7344
7342
7342
7342
7338
7334
7333
7333
7332
7332
7332
7327
7319
7315
7311
7307
7304
7299
7298
7298
7296
7295
7295
7294
7294
7293
7293
7292
7291
7289
7282
7278
7276
7273
7272
7271
7264
7261
7253
7249
7244
7243
7241
7240
7233
7231
7230
7229
7229
7222
7221
7217
7213
7209
7209
7207
7203
7200
7200
7197
7197
7196
7196
7193
7192
7189
7188
7187
7185
7184
7184
7181
7175
7164
7162
7161
7160
7158
7157
7157
7156
7156
7154
7152
7151
7150
7149
7148
7145
7140
7131
7129
7129
7123
7123
7122
7122
7122
7117
7110
7107
7106
7106
7106
7105
7101
7096
7095
7094
7084
7083
7082
7077
7076
7071
7069
7065
7065
7064
7063
7020
7058
7054
7050
7048
7047
7044
7043
7040
7039
7037
7033
7032
7029
7024
7023
7022
7017
7015
7013
7013
7010
7007
7006
7002
7002
7001
7001
6998
6996
6993
6992
6992
6989
6988
6987
6980
6977
6976
6970
6968
6966
6965
6964
6961
6960
6959
6958
6956
6955
6953
6952
6951
6949
6947
6940
6940
6935
6933
6933
6931
6921
6921
6920
6918
6916
6916
6908
6905
6902
6901
6899
6895
6886
6886
6884
6882
6881
6881
6875
6874
6871
6868
6868
6863
6859
6851
6851
6849
6849
6847
6846
6844
6841
6839
6835
6833
6833
6832
6832
6832
6832
6829
6828
6826
6825
6824
6822
6820
6819
6817
6817
6817
6816
6810
6810
6804
6802
6800
6792
6791
6791
6791
6791
6789
6785
6783
6782
6782
6781
6780
6779
6777
6775
6771
6770
6768
6765
6765
6763
6763
6651
6759
6759
6758
6758
6757
6756
6755
6748
6745
6743
6743
6742
6737
6736
6724
6721
6721
6720
6721
6717
6715
6714
6711
6707
6705
6702
6699
6697
6689
6685
6685
6684
6680
6678
6674
6667
6666
6665
6662
6660
6659
6656
6655
6654
6652
6651
6649
6648
6643
6642
6641
6640
6637
6630
6626
6623
6618
6618
6616
6614
6609
6607
6606
6604
6604
6597
6594
6594
6589
6587
6586
6585
6582
6581
6580
6577
6576
6574
6570
6566
6565
6561
6560
6560
6558
6557
6555
6550
6549
6547
6544
6543
6543
6542
6540
6539
6539
6539
6539
6538
6534
6532
6529
6529
6524
6520
6518
6517
6514
6513
6508
6505
6504
6504
6502
6501
6499
6498
6497
6495
6491
6488
6486
6485
6480
6479
6478
6476
6476
6475
6470
6468
6468
6468
6465
6463
6463
6463
6461
6460
6460
6459
6458
6458
6457
6457
6456
6448
6448
6447
6447
6445
6443
6442
6439
6437
6435
6433
6427
6427
6426
6425
6424
6423
6422
6422
6413
6412
6412
6407
6407
6406
6402
6401
6401
6400
6398
6397
6397
6395
6381
6378
6378
6377
6374
6374
6371
6371
6371
6364
6362
6357
6355
6354
6354
6354
6348
6347
6347
6344
6344
6341
6340
6339
6338
6336
6336
6336
6334
6330
6329
6326
6324
6323
6322
6321
6320
6318
6317
6316
6312
6311
6311
6309
6309
6308
6308
6305
6305
6302
6302
6299
6296
6292
6292
6290
6290
6290
6289
6288
6283
6283
6281
6279
6278
6277
6270
6270
6270
6268
6266
6266
6265
6264
6263
6262
6261
6261
6260
6259
6258
6257
6255
6255
6250
6250
6249
6245
6244
6243
6240
6237
6237
6235
6234
6230
6229
6228
6228
6227
6226
6226
6223
6223
6221
6221
6221
6220
6218
6212
6208
6204
6203
6199
6198
6191
6190
6188
6187
6186
6186
6185
6184
6182
6182
6181
6176
6173
6171
6170
6169
6168
6164
6164
6164
6162
6160
6157
6156
6156
6153
6153
6153
6151
6151
6145
6144
6141
6137
6136
6135
6135
6133
6125
6123
6119
6118
6113
6112
6109
6109
6109
6107
6104
6102
6102
6102
6099
6097
6094
6094
6093
6090
6088
6088
6083
6083
6082
6079
6076
6075
6075
6075
6071
6071
6069
6068
6065
6064
6064
6060
6059
6059
6059
6058
6054
6054
6046
6045
6045
6043
6042
6034
6034
6033
6032
6031
6029
6028
6027
6024
6023
6022
6021
6020
6018
6017
6017
6016
6012
6012
6012
6010
6009
6009
6008
6007
6007
6006
6006
6003
6000
6000
5997
5996
5994
5994
5994
5991
5987
5987
5985
5984
5982
5980
5979
5978
5974
5974
5972
5971
5970
5969
5969
5968
5967
5966
5965
5959
5959
5959
5958
5958
5954
5953
5948
5947
5945
5945
5944
5944
5944
5943
5943
5942
5939
5935
5935
5934
5934
5931
5931
5931
5928
5927
5927
5925
5925
5925
5924
5922
5920
5919
5918
5915
5914
5911
5910
5909
5907
5905
5904
5904
5903
5902
5902
5901
5901
5893
5892
5892
5892
5891
5890
5886
5884
5883
5880
5879
5877
5876
5875
5871
5868
5868
5867
5866
5865
5865
5864
5863
5859
5859
5859
5858
5854
5853
5853
5851
5850
5849
5847
5846
5842
5841
5840
5840
5837
5836
5836
5836
5835
5832
5831
5831
5830
5830
5828
5825
5823
5822
5819
5817
5817
5813
5810
5808
5808
5804
5803
5801
5799
5797
5794
5794
5794
5790
5790
5790
5789
5788
5785
5785
5782
5782
5781
5780
5779
5779
5778
5774
5773
5772
5770
5768
5766
5766
5764
5762
5761
5757
5754
5754
5753
5752
5751
5750
5750
5748
5745
5742
5741
5741
5737
5734
5730
5728
5724
5724
5721
5721
5720
5717
5716
5715
5711
5709
5706
5704
5702
5701
5701
5698
5698
5688
5686
5685
5684
5681
5681
5680
5678
5678
5675
5674
5670
5669
5668
5664
5664
5663
5663
5659
5658
5657
5655
5654
5652
5651
5649
5648
5648
5644
5643
5643
5642
5641
5640
5640
5640
5640
5637
5637
5636
5635
5634
5634
5632
5631
5628
5628
5627
5626
5624
5624
5623
5622
5622
5622
5621
5621
5620
5620
5620
5618
5616
5614
5619
5613
5612
5612
5606
5605
5603
5602
5602
5601
5600
5596
5592
5591
5583
5582
5582
5580
5578
5578
5577
5576
5573
5572
5571
5571
5569
5567
5566
5564
5563
5562
5557
5556
5555
5552
5551
5550
5549
5548
5546
5545
5544
5543
5543
5541
5539
5538
5537
5537
5536
5536
5533
5533
5531
5529
5528
5527
5526
5523
5523
5521
5520
5518
5517
5517
5517
5516
5516
5516
5515
5515
5515
5514
5512
5511
5510
5510
5508
5504
5504
5504
5503
5503
5501
5500
5495
5490
5490
5490
5489
5487
5486
5484
5483
5482
5482
5481
5481
5480
5480
5479
5479
5478
5475
5475
5473
5472
5472
5470
5466
5465
5463
5462
5461
5461
5460
5459
5457
5457
5456
5455
5454
5453
5453
5452
5452
5451
5451
5450
5446
5445
5442
5440
5440
5438
5437
5437
5436
5435
5433
5433
5432
5432
5432
5428
5427
5426
5426
5424
5420
5419
5419
5418
5418
5417
5417
5416
5414
5411
5410
5406
5406
5405
5404
5402
5398
5397
5397
5394
5394
5392
5388
5388
5386
5384
5383
5383
5381
5381
5380
5378
5377
5377
5376
5376
5375
5375
5373
5371
5371
5368
5367
5367
5366
5365
5364
5363
5363
5360
5360
5355
5355
5349
5346
5345
5344
5342
5341
5340
5338
5338
5337
5337
5336
5335
5332
5332
5331
5331
5329
5324
5323
5322
5322
5322
5321
5320
5318
5318
5317
5317
5315
5315
5314
5314
5314
5314
5314
5313
5312
5318
5310
5309
5305
5304
5302
5302
5301
5300
5299
5299
5296
5296
5294
5292
5291
5289
5289
5288
5288
5287
5287
5285
5284
5282
5281
5277
5273
5272
5271
5271
5271
5270
5269
5268
5268
5268
5267
5266
5265
5264
5263
5262
5261
5261
5261
5259
5259
5260
5258
5257
5257
5256
5256
5256
5255
5255
5255
5254
5253
5251
5245
5244
5243
5243
5243
5242
5241
5240
5240
5239
5236
5235
5232
5232
5232
5231
5230
5228
5228
5227
5227
5225
5223
5223
5221
5221
5220
5218
5218
5217
5217
5216
5216
5216
5215
5214
5213
5211
5210
5210
5205
5204
5202
5201
5200
5199
5198
5197
5195
5195
5191
5191
5190
5190
5187
5185
5185
5184
5183
5181
5180
5178
5176
5174
5172
5172
5169
5167
5165
5162
5161
5159
5158
5158
5158
5158
5157
5157
5156
5151
5151
5150
5150
5150
5150
5150
5149
5149
5148
5148
5147
5146
5145
5145
5145
5143
5142
5140
5138
5136
5136
5134
5132
5132
5131
5130
5129
5129
5129
5128
5128
5127
5127
5127
5126
5126
5126
5125
5124
5124
5121
5121
5120
5120
5120
5117
5115
5115
5112
5112
5112
5107
5105
5105
5101
5101
5099
5099
5095
5095
5094
5094
5094
5092
5092
5091
5089
5087
5085
5085
5084
5083
5082
5082
5081
5079
5079
5078
5074
5074
5073
5069
5065
5064
5063
5060
5059
5059
5057
5057
5055
5054
5054
5053
5051
5049
5049
5048
5047
5047
5046
5045
5043
5043
5041
5040
5039
5038
5038
5037
5038
5033
5033
5033
5031
5030
5025
5025
5020
5019
5019
5018
5016
5016
5015
5014
5012
5012
5011
5011
5009
5009
5007
5004
5004
5004
5003
5003
5000
5000
4999
4996
4994
4992
4991
4990
4988
4986
4983
4981
4980
4980
4978
4978
4978
4977
4976
4972
4972
4969
4967
4966
4966
4966
4962
4962
4961
4961
4960
4958
4957
4952
4952
4951
4950
4950
4949
4949
4946
4945
4943
4939
4939
4938
4936
4936
4936
4936
4934
4932
4930
4929
4928
4928
4928
4926
4925
4924
4924
4924
4924
4924
4923
4922
4921
4919
4919
4919
4918
4913
4912
4912
4911
4910
4910
4910
4910
4909
4904
4904
4903
4902
4902
4901
4901
4900
4899
4898
4898
4897
4897
4897
4894
4893
4891
4890
4890
4889
4889
4887
4887
4886
4886
4882
4882
4881
4881
4881
4879
4878
4876
4875
4875
4874
4870
4867
4865
4860
4858
4857
4855
4853
4852
4852
4851
4850
4848
4848
4847
4845
4845
4844
4843
4843
4840
4838
4837
4837
4836
4834
4833
4833
4833
4832
4832
4832
4832
4831
4830
4829
4828
4826
4825
4825
4825
4824
4822
4822
4821
4819
4817
4816
4814
4814
4813
4813
4813
4812
4810
4809
4807
4807
4805
4804
4803
4803
4802
4802
4801
4800
4799
4798
4797
4797
4797
4794
4792
4789
4788
4787
4787
4786
4781
4780
4779
4778
4778
4777
4777
4776
4776
4774
4771
4771
4770
4768
4768
4767
4767
4766
4766
4766
4766
4765
4765
4764
4764
4763
4762
4762
4760
4760
4758
4758
4758
4757
4756
4754
4752
4752
4751
4749
4748
4748
4747
4747
4747
4744
4744
4743
4743
4743
4742
4741
4740
4738
4738
4738
4734
4733
4732
4731
4731
4730
4729
4729
4728
4728
4727
4726
4726
4723
4722
4721
4721
4721
4720
4720
4718
4718
4716
4715
4715
4715
4714
4714
4714
4714
4713
4713
4713
4712
4711
4709
4709
4708
4705
4704
4704
4704
4703
4703
4703
4702
4701
4701
4701
4700
4699
4699
4695
4695
4695
4693
4692
4692
4691
4689
4688
4683
4682
4679
4679
4679
4679
4678
4678
4677
4675
4674
4674
4674
4672
4672
4671
4668
4667
4667
4666
4663
4662
4660
4657
4655
4654
4650
4649
4649
4649
4647
4646
4646
4646
4646
4645
4645
4645
4641
4641
4641
4640
4640
4639
4638
4638
4637
4635
4634
4631
4628
4628
4626
4625
4623
4620
4619
4618
4615
4615
4613
4612
4612
4611
4607
4606
4603
4602
4602
4601
4601
4600
4598
4598
4597
4597
4596
4595
4593
4592
4592
4591
4590
4590
4590
4588
4588
4588
4587
4582
4579
4578
4577
4576
4575
4574
4572
4572
4572
4572
4569
4568
4568
4566
4566
4564
4563
4563
4561
4559
4558
4557
4556
4556
4555
4553
4553
4552
4552
4551
4551
4551
4550
4548
4547
4546
4545
4544
4544
4541
4541
4541
4538
4538
4538
4537
4537
4537
4537
4536
4536
4536
4536
4535
4535
4533
4532
4531
4530
4529
4527
4527
4526
4526
4524
4524
4524
4522
4522
4522
4520
4518
4515
4515
4513
4513
4512
4512
4510
4510
4508
4508
4507
4506
4506
4505
4505
4504
4503
4503
4503
4503
4502
4502
4502
4501
4500
4500
4500
4497
4497
4496
4496
4495
4495
4495
4494
4493
4493
4489
4489
4489
4488
4486
4486
4485
4481
4480
4479
4477
4475
4474
4472
4468
4468
4468
4465
4465
4465
4465
4464
4463
4460
4458
4458
4457
4457
4457
4455
4454
4452
4451
4451
4450
4449
4447
4447
4445
4442
4441
4441
4439
4439
4436
4436
4436
4435
4435
4434
4434
4434
4433
4433
4433
4432
4432
4432
4431
4431
4430
4427
4427
4427
4425
4425
4424
4422
4421
4420
4419
4419
4418
4417
4416
4415
4415
4415
4412
4412
4410
4409
4409
4409
4409
4407
4407
4404
4404
4404
4404
4403
4402
4401
4401
4400
4400
4399
4396
4395
4394
4394
4392
4391
4391
4391
4390
4390
4388
4387
4387
4387
4386
4386
4385
4385
4385
4385
4384
4383
4383
4382
4381
4381
4381
4380
4380
4377
4375
4374
4373
4372
4371
4370
4369
4369
4368
4366
4366
4365
4363
4363
4362
4359
4359
4358
4358
4356
4355
4354
4354
4354
4351
4350
4350
4350
4349
4349
4348
4348
4347
4347
4347
4347
4346
4346
4346
4344
4343
4342
4342
4341
4341
4341
4340
4340
4337
4337
4336
4335
4334
4333
4332
4329
4324
4322
4320
4320
4318
4315
4315
4314
4313
4313
4313
4312
4311
4311
4310
4310
4309
4308
4307
4306
4306
4304
4300
4300
4300
4299
4297
4294
4294
4293
4291
4291
4289
4289
4288
4288
4287
4286
4286
4284
4283
4281
4281
4281
4280
4280
4279
4277
4277
4277
4276
4275
4274
4274
4274
4273
4271
4269
4269
4268
4266
4265
4264
4264
4264
4263
4262
4262
4262
4262
4260
4259
4259
4258
4258
4257
4256
4255
4254
4253
4251
4250
4250
4249
4249
4249
4247
4246
4245
4244
4243
4243
4243
4242
4241
4238
4236
4235
4234
4234
4233
4233
4232
4232
4230
4229
4228
4227
4227
4227
4226
4226
4225
4223
4221
4219
4218
4216
4216
4216
4216
4214
4213
4213
4209
4208
4207
4205
4205
4205
4205
4205
4203
4203
4203
4202
4202
4201
4199
4198
4198
4194
4194
4194
4193
4192
4192
4191
4190
4188
4187
4185
4185
4185
4184
4184
4183
4182
4182
4181
4180
4180
4180
4179
4176
4176
4174
4174
4173
4172
4172
4172
4170
4168
4167
4166
4166
4163
4163
4163
4162
4159
4158
4157
4154
4154
4154
4153
4152
4152
4151
4151
4151
4150
4150
4149
4148
4147
4147
4146
4146
4145
4143
4143
4143
4143
4142
4142
4141
4141
4139
4136
4133
4131
4131
4130
4129
4128
4126
4125
4124
4123
4123
4122
4122
4121
4118
4118
4118
4117
4116
4116
4116
4115
4115
4115
4115
4113
4112
4111
4111
4111
4110
4110
4110
4108
4108
4106
4105
4103
4102
4102
4102
4101
4101
4101
4100
4100
4099
4098
4095
4095
4095
4094
4094
4094
4093
4092
4092
4092
4092
4090
4088
4087
4087
4087
4085
4085
4084
4081
4080
4080
4080
4080
4078
4078
4078
4078
4076
4076
4076
4076
4075
4073
4073
4072
4072
4071
4070
4070
4068
4067
4066
4066
4066
4064
4064
4064
4064
4063
4063
4063
4063
4063
4061
4058
4058
4056
4056
4055
4054
4054
4054
4053
4053
4049
4048
4048
4048
4047
4046
4046
4046
4046
4045
4045
4045
4043
4042
4042
4042
4039
4039
4039
4038
4038
4038
4037
4037
4037
4036
4035
4035
4034
4034
4032
4031
4031
4031
4030
4030
4030
4029
4029
4029
4028
4028
4025
4025
4024
4024
4022
4022
4022
4022
4022
4022
4021
4021
4019
4018
4018
4018
4017
4017
4017
4016
4016
4016
4015
4015
4015
4014
4012
4010
4010
4010
4008
4007
4006
4006
4006
4006
4004
4004
4004
4002
4001
4000
4000
4000
3999
3999
3999
3998
3998
3997
3997
3996
3996
3996
3996
3995
3994
3992
3991
3991
3990
3990
3990
3989
3988
3988
3985
3985
3985
3982
3981
3981
3980
3980
3979
3978
3978
3978
3977
3977
3976
3973
3973
3972
3972
3972
3972
3971
3970
3970
3969
3968
3967
3967
3967
3967
3966
3966
3966
3964
3964
3963
3963
3963
3962
3962
3961
3961
3961
3961
3960
3960
3960
3959
3959
3959
3958
3957
3957
3957
3956
3955
3955
3953
3951
3950
3950
3949
3948
3948
3945
3944
3944
3944
3944
3943
3943
3943
3942
3941
3940
3940
3940
3939
3939
3939
3938
3937
3937
3935
3935
3935
3935
3935
3935
3935
3935
3934
3931
3931
3930
3930
3930
3928
3926
3925
3924
3923
3922
3922
3921
3921
3921
3920
3920
3919
3919
3919
3918
3918
3918
3917
3915
3915
3914
3913
3912
3911
3910
3910
3910
3908
3908
3908
3906
3906
3904
3904
3903
3903
3902
3901
3901
3901
3900
3899
3899
3899
3898
3896
3894
3894
3891
3891
3888
3886
3885
3884
3883
3883
3882
3881
3881
3880
3879
3879
3878
3878
3878
3877
3875
3874
3872
3872
3872
3871
3870
3870
3867
3866
3866
3866
3865
3865
3864
3862
3861
3861
3859
3858
3857
3857
3856
3855
3855
3853
3853
3852
3852
3851
3851
3851
3851
3851
3851
3850
3850
3849
3849
3849
3848
3848
3847
3847
3845
3844
3843
3843
3841
3840
3839
3838
3837
3836
3836
3836
3835
3835
3834
3833
3833
3830
3830
3829
3829
3828
3828
3828
3827
3826
3825
3825
3824
3824
3823
3823
3823
3823
3822
3822
3821
3820
3820
3820
3820
3820
3819
3819
3818
3817
3817
3817
3816
3813
3813
3812
3812
3812
3812
3811
3810
3810
3810
3809
3808
3808
3808
3808
3808
3808
3806
3805
3805
3805
3805
3804
3804
3803
3803
3803
3802
3802
3802
3801
3801
3800
3800
3800
3800
3794
3794
3792
3792
3791
3791
3790
3789
3789
3789
3788
3787
3787
3787
3787
3787
3786
3786
3786
3785
3784
3784
3784
3783
3783
3781
3781
3780
3780
3780
3779
3779
3778
3777
3777
3776
3776
3775
3775
3774
3773
3772
3772
3771
3771
3771
3770
3770
3770
3768
3768
3768
3765
3763
3762
3762
3761
3760
3760
3760
3759
3759
3758
3757
3756
3755
3754
3753
3753
3753
3752
3752
3750
3750
3750
3749
3749
3749
3749
3748
3747
3745
3744
3744
3743
3742
3741
3741
3740
3740
3740
3738
3738
3738
3737
3737
3737
3737
3737
3737
3736
3735
3735
3734
3734
3731
3730
3730
3729
3728
3728
3725
3725
3725
3725
3725
3725
3725
3724
3724
3723
3722
3721
3721
3720
3720
3720
3719
3718
3717
3716
3716
3715
3715
3714
3713
3711
3710
3710
3709
3709
3708
3706
3706
3705
3704
3704
3704
3701
3700
3700
3698
3698
3696
3695
3695
3695
3694
3692
3691
3691
3691
3690
3690
3690
3690
3689
3688
3688
3687
3687
3687
3687
3687
3686
3686
3686
3685
3684
3683
3683
3682
3682
3682
3682
3681
3680
3680
3680
3679
3678
3677
3677
3677
3676
3676
3675
3675
3675
3675
3675
3674
3672
3672
3672
3671
3671
3670
3670
3669
3668
3667
3667
3666
3665
3664
3663
3663
3663
3661
3661
3660
3660
3659
3659
3657
3657
3657
3656
3656
3655
3655
3654
3652
3652
3652
3652
3650
3650
3647
3647
3646
3646
3644
3644
3644
3642
3642
3642
3641
3641
3641
3640
3640
3640
3639
3638
3638
3636
3636
3635
3634
3634
3633
3632
3632
3632
3632
3631
3630
3629
3629
3628
3628
3628
3627
3627
3627
3627
3626
3625
3625
3625
3625
3623
3623
3623
3623
3623
3622
3622
3622
3621
3621
3621
3621
3621
3621
3620
3620
3619
3619
3618
3618
3618
3617
3617
3612
3611
3611
3610
3606
3605
3605
3604
3604
3604
3604
3604
3603
3602
3602
3601
3601
3600
3599
3598
3598
3598
3597
3597
3596
3595
3595
3595
3595
3594
3593
3592
3592
3591
3589
3589
3589
3587
3586
3586
3586
3585
3584
3583
3582
3581
3580
3580
3580
3579
3579
3579
3579
3577
3577
3577
3576
3575
3577
3574
3572
3572
3569
3568
3568
3567
3566
3566
3564
3563
3563
3563
3563
3562
3560
3560
3560
3558
3557
3556
3555
3554
3552
3550
3550
3549
3548
3547
3546
3546
3545
3544
3543
3543
3543
3542
3542
3542
3542
3542
3541
3541
3540
3540
3539
3537
3537
3536
3536
3536
3536
3535
3535
3534
3533
3533
3533
3532
3532
3532
3532
3531
3531
3531
3531
3531
3530
3530
3532
3528
3528
3528
3527
3527
3527
3526
3525
3525
3524
3524
3523
3523
3522
3522
3521
3521
3521
3521
3520
3520
3520
3520
3519
3519
3518
3518
3517
3517
3517
3452
3516
3515
3515
3515
3514
3514
3513
3513
3512
3512
3512
3511
3511
3511
3510
3509
3509
3509
3509
3508
3501
3507
3506
3506
3506
3506
3505
3504
3503
3503
3503
3502
3502
3502
3502
3502
3501
3501
3501
3500
3500
3499
3499
3499
3497
3497
3497
3497
3496
3496
3496
3496
3494
3494
3494
3493
3493
3493
3492
3492
3492
3491
3491
3491
3489
3488
3488
3488
3487
3487
3486
3485
3484
3484
3483
3482
3482
3482
3482
3482
3482
3481
3481
3481
3481
3480
3480
3479
3478
3478
3477
3477
3476
3476
3476
3476
3475
3475
3475
3473
3473
3473
3473
3472
3472
3471
3467
3466
3465
3465
3464
3464
3464
3464
3464
3463
3463
3462
3462
3462
3462
3461
3461
3461
3461
3460
3460
3459
3458
3458
3457
3457
3457
3456
3456
3455
3455
3455
3454
3454
3453
3452
3452
3452
3450
3449
3449
3448
3448
3447
3446
3446
3446
3445
3445
3444
3444
3444
3444
3444
3443
3443
3443
3443
3442
3442
3442
3442
3441
3441
3440
3439
3437
3436
3436
3435
3434
3432
3432
3432
3431
3430
3429
3428
3428
3427
3427
3426
3426
3426
3425
3425
3425
3425
3425
3423
3421
3421
3421
3420
3420
3426
3419
3416
3416
3415
3414
3414
3413
3413
3413
3412
3411
3411
3411
3409
3409
3409
3409
3409
3409
3409
3409
3408
3408
3407
3407
3407
3405
3405
3404
3404
3404
3403
3403
3403
3403
3402
3402
3400
3399
3399
3399
3399
3399
3398
3397
3397
3397
3396
3395
3395
3395
3395
3394
3394
3394
3393
3393
3393
3393
3392
3392
3392
3392
3391
3391
3391
3391
3391
3390
3390
3388
3388
3387
3387
3385
3383
3383
3382
3382
3382
3382
3382
3381
3380
3380
3380
3380
3380
3379
3379
3379
3379
3378
3378
3377
3377
3376
3376
3376
3376
3375
3375
3375
3375
3374
3374
3373
3373
3373
3373
3372
3372
3371
3371
3371
3371
3371
3369
3368
3368
3367
3366
3366
3366
3365
3364
3364
3361
3361
3360
3360
3360
3359
3358
3358
3358
3358
3357
3357
3356
3356
3355
3354
3354
3353
3353
3352
3351
3349
3349
3348
3348
3347
3347
3346
3345
3345
3345
3344
3344
3344
3343
3343
3343
3343
3342
3340
3339
3337
3337
3335
3335
3334
3333
3333
3333
3332
3331
3331
3330
3330
3329
3329
3329
3327
3327
3327
3326
3326
3326
3326
3326
3325
3325
3325
3325
3324
3324
3324
3323
3322
3322
3322
3322
3322
3322
3320
3320
3320
3319
3319
3319
3318
3318
3317
3316
3315
3315
3315
3315
3314
3314
3314
3313
3312
3312
3311
3311
3311
3310
3309
3308
3307
3307
3306
3305
3304
3304
3304
3303
3303
3303
3302
3302
3302
3302
3300
3300
3299
3299
3299
3299
3298
3298
3298
3297
3296
3296
3296
3295
3295
3295
3294
3293
3293
3293
3292
3292
3292
3292
3291
3291
3291
3291
3289
3288
3288
3287
3286
3286
3286
3286
3286
3284
3282
3281
3281
3280
3280
3279
3278
3278
3277
3277
3277
3275
3275
3273
3273
3273
3272
3272
3269
3269
3269
3269
3268
3267
3266
3266
3266
3265
3265
3264
3264
3264
3262
3262
3261
3260
3260
3260
3259
3258
3257
3257
3257
3255
3254
3254
3254
3253
3253
3253
3252
3251
3251
3251
3250
3250
3249
3249
3249
3248
3248
3247
3247
3246
3246
3245
3245
3245
3244
3244
3243
3243
3242
3241
3241
3240
3240
3239
3239
3238
3238
3237
3236
3236
3236
3236
3235
3234
3234
3234
3233
3232
3232
3232
3230
3230
3230
3229
3229
3229
3229
3228
3227
3227
3226
3226
3226
3225
3224
3224
3223
3223
3222
3222
3221
3221
3219
3219
3219
3218
3218
3217
3216
3215
3215
3214
3214
3214
3213
3213
3213
3212
3212
3212
3211
3211
3211
3211
3210
3210
3210
3209
3208
3207
3207
3206
3205
3205
3205
3205
3204
3204
3202
3202
3201
3200
3199
3199
3199
3199
3199
3199
3199
3198
3198
3198
3197
3197
3197
3197
3196
3196
3195
3195
3195
3195
3194
3194
3193
3193
3192
3192
3192
3191
3191
3191
3190
3189
3189
3189
3189
3188
3187
3187
3187
3186
3186
3186
3186
3185
3185
3184
3202
3184
3184
3184
3183
3183
3183
3183
3182
3180
3179
3179
3179
3178
3178
3178
3177
3177
3177
3175
3175
3175
3174
3173
3173
3173
3171
3171
3171
3170
3169
3169
3167
3167
3167
3166
3166
3166
3164
3164
3163
3163
3162
3162
3162
3160
3160
3160
3160
3160
3160
3159
3159
3159
3158
3158
3158
3158
3157
3157
3156
3155
3154
3154
3153
3153
3152
3152
3152
3152
3152
3152
3151
3151
3151
3111
3150
3150
3149
3148
3148
3148
3148
3147
3147
3147
3145
3145
3144
3144
3144
3144
3143
3143
3143
3143
3142
3142
3142
3142
3142
3141
3141
3141
3139
3139
3139
3137
3137
3136
3136
3136
3135
3134
3134
3133
3131
3130
3130
3130
3129
3129
3128
3128
3128
3128
3128
3128
3128
3128
3126
3126
3125
3125
3125
3125
3124
3123
3123
3123
3122
3122
3121
3121
3120
3120
3120
3119
3118
3118
3117
3115
3114
3114
3114
3113
3113
3113
3113
3113
3112
3112
3111
3111
3111
3110
3110
3110
3109
3109
3109
3109
3108
3108
3108
3107
3107
3106
3106
3106
3106
3104
3104
3103
3103
3103
3102
3102
3102
3101
3101
3101
3100
3100
3100
3099
3099
3099
3098
3097
3096
3096
3096
3096
3095
3095
3095
3094
3094
3094
3093
3093
3091
3090
3090
3090
3090
3089
3088
3087
3087
3087
3087
3086
3086
3085
3085
3085
3084
3081
3081
3081
3080
3079
3079
3079
3079
3079
3079
3078
3078
3078
3077
3077
3077
3076
3075
3075
3075
3075
3075
3074
3073
3072
3072
3072
3071
3071
3071
3070
3070
3070
3070
3069
3069
3069
3068
3067
3067
3066
3066
3066
3065
3063
3063
3062
3062
3062
3062
3061
3061
3060
3060
3060
3060
3060
3059
3059
3059
3059
3059
3058
3057
3056
3056
3055
3055
3054
3054
3053
3053
3053
3053
3052
3052
3052
3052
3051
3051
3050
3050
3050
3050
3049
3049
3049
3048
3048
3048
3047
3047
3047
3047
3046
3046
3045
3045
3045
3044
3044
3044
3044
3044
3043
3043
3042
3039
3042
3042
3042
3041
3041
3041
3041
3041
3039
3038
3038
3037
3037
3036
3036
3036
3036
3035
3035
3035
3035
3034
3034
3033
3033
3032
3032
3031
3031
3031
3030
3030
3029
3029
3028
3027
3027
3027
3027
3027
3026
3025
3025
3025
3024
3024
3024
3024
3023
3023
3022
3022
3021
3021
3020
3020
3020
3019
3019
3019
3019
3019
3019
3019
3018
3018
3018
3018
3018
3018
3018
3017
3017
3016
3015
3015
3014
3014
3013
3013
3011
3011
3011
3011
3010
3009
3008
3008
3008
3007
3007
3007
3007
3007
3006
3006
3005
3005
3005
3004
3002
3001
3001
3000
3000
3000
3000
3019
