483887
460105
373262
323218
315142
286904
281148
259177
257221
255052
247187
238039
237386
235439
232377
224295
222216
221440
220724
217836
216203
215933
215718
215017
206818
206124
202034
193901
193513
191780
183589
182742
181007
179556
179056
178051
176181
175466
174926
173367
173172
171734
170814
170553
169570
168853
166511
166241
166210
162442
162366
161899
161375
161217
160725
160320
160181
153225
153202
151059
151005
149622
149159
148674
148048
147103
143191
142999
142703
139648
139442
139251
138028
137435
137310
136939
136933
136293
133894
132746
130362
129759
129197
128983
128711
128178
128030
127662
127437
126720
126149
125361
124611
122169
119846
118685
118532
118225
118071
117975
116303
115666
115654
115578
114560
114063
113755
113413
112654
112584
111650
111536
110673
108120
107562
107474
107272
106602
106203
105682
104900
104048
103819
103458
103235
101828
100992
100562
100113
100084
98905
98732
98315
97516
97282
97235
97184
97080
96989
96073
95358
95192
94988
94974
94589
94416
94173
93828
93314
93266
92557
92317
92056
91440
91233
90991
90872
90502
88964
88466
88401
88025
87998
87985
87406
87176
86705
86509
85960
84884
84578
84332
83989
82985
82982
82749
81903
81538
81351
81014
80942
80850
80489
80128
79976
79933
79924
79594
79497
79359
79319
79161
78708
78348
78320
78268
78138
78092
77718
77642
77326
77040
76909
76726
76482
75905
75889
75464
75351
74341
74249
74213
74197
74195
74193
74008
73960
73648
73511
73279
73265
72672
72193
72184
72145
71820
71803
71438
71025
70918
70761
70747
70679
70064
69775
69407
69397
69102
68326
68103
68051
67862
67836
67286
67239
67199
67182
67081
66780
66528
66116
66080
66070
66010
66002
65956
65839
65813
65744
65457
65401
65332
65277
65273
64702
64231
63764
63573
63383
63069
63062
62926
62912
62851
62648
62596
62595
62572
62588
62533
62441
62309
62308
62220
61940
61808
61661
61644
61571
61449
61425
61247
60902
60862
60411
60283
60221
59569
59568
59418
59386
59247
59203
59046
58916
58641
58398
58292
58289
58253
58166
58163
58127
57937
57871
57862
57756
57696
57654
57444
57297
57266
57251
57199
56970
56883
56687
56472
56296
56203
56131
56020
55697
55361
55347
54897
54791
54645
54531
54499
54442
54423
54335
54349
54227
54174
54105
53969
53965
53834
53759
53680
53651
53545
53468
53455
53145
53097
52796
52742
52724
52501
52343
52263
52247
52149
52076
52054
51955
51759
51718
51668
51612
51357
51068
51065
51046
51009
50948
50922
50809
50720
50688
50570
50564
50563
50438
50355
50190
50088
49983
49905
49874
49731
49681
49608
49482
49406
49355
49352
49345
49273
49241
49235
49202
49172
49092
48929
48520
48484
48400
48318
48140
47853
47838
47791
47713
47679
47448
47153
46970
46601
46437
46380
46254
46198
46028
45842
45321
45271
45180
45107
45105
44859
44705
44663
44522
44520
44508
44460
44345
44284
44151
44051
44037
43941
43937
43710
43582
43344
43194
43131
43038
42988
42987
42977
42966
42942
42907
42859
42814
42677
42639
42504
42437
42359
42277
42223
42222
42221
42186
42146
42016
41888
41865
41797
41728
41725
41675
41632
41507
41495
41489
41465
41414
41393
41368
41362
41326
41152
41082
40916
40900
40871
40685
40568
40567
40560
40489
40451
40353
40235
40181
40175
40143
39909
39845
39778
39628
39567
39557
39534
39480
39334
39214
39138
39055
39042
39038
39015
38978
38884
38877
38867
38838
38823
38675
38585
38583
38542
38470
38441
38432
38413
38333
38286
38223
38212
38055
38040
38016
37871
37844
37824
37741
37664
37604
37595
37503
37498
37467
37448
37409
37298
37172
37116
37097
37083
37063
36936
36920
36819
36702
36687
36675
36625
36621
36591
36522
36374
36367
36282
36248
36238
36192
36175
36145
36143
36125
36092
36025
36017
35997
35905
35781
35720
35685
35636
35578
35534
35513
35465
35409
35331
35301
35269
35260
35194
35166
35105
35054
35009
34957
34851
34836
34717
34716
34703
34697
34532
34481
34467
34465
34371
34306
34223
34217
34181
34104
34072
34039
34013
34013
33904
33900
33884
33842
33830
33807
33803
33764
33757
33733
33696
33687
33636
33620
33572
33517
33507
33497
33493
33491
33456
33445
33431
33414
33379
33366
33341
33296
33288
33281
33180
33177
33153
33135
33096
33077
33068
33035
33021
32962
32962
32915
32861
32782
32774
32646
32638
32535
32508
32437
32399
32369
32353
32330
32317
32247
32241
32189
32175
32160
32056
32029
32010
31984
31977
31944
31881
31860
31835
31817
31744
31729
31637
31547
31505
31490
31488
31396
31321
31294
31262
31249
31224
31194
31166
31089
31020
31008
30880
30867
30839
30812
30799
30721
30692
30681
30668
30646
30639
30607
30587
30579
30528
30486
30406
30325
30212
30170
30106
30072
30051
29988
29980
29973
29948
29912
29871
29792
29771
29759
29691
29685
29674
29668
29664
29641
29638
29605
29486
29452
29105
29098
29008
28990
28890
28884
28786
28741
28736
28723
28721
28708
28695
28581
28571
28546
28529
28517
28515
28499
28496
28493
28406
28402
28388
28384
28313
28312
28310
28309
28263
28258
28232
28221
28211
28173
28145
28107
28107
28097
28076
28056
27988
27968
27967
27924
27901
27836
27828
27807
27798
27779
27767
27730
27700
27694
27605
27603
27593
27588
27546
27502
27460
27450
27431
27376
27367
27336
27309
27307
27279
27262
27217
27190
27013
27009
26979
26958
26947
26910
26900
26793
26786
26710
26663
26655
26601
26574
26526
26500
26459
26412
26317
26289
26283
26276
26266
26222
26200
26168
26141
26108
26099
26066
26032
25998
25993
25896
25886
25864
25823
25803
25791
25780
25773
25690
25670
25633
25624
25613
25610
25609
25603
25600
25575
25535
25510
25443
25426
25401
25339
25325
25306
25299
25286
25273
25263
25261
25247
25242
25216
25189
25181
25176
25166
25064
25059
25044
25004
25002
24972
24943
24939
24897
24846
24845
24829
24810
24782
24767
24720
24716
24697
24654
24636
24590
24585
24580
24571
24528
24518
24488
24454
24397
24342
24337
24332
24308
24296
24286
24280
24223
24222
24193
24177
24148
24141
24125
24102
24087
24080
24055
24032
24028
24021
24017
23995
23981
23932
23931
23929
23890
23848
23826
23784
23760
23757
23745
23739
23733
23658
23657
23651
23639
23622
23615
23615
23547
23532
23528
23521
23506
23483
23473
23418
23392
23385
23352
23306
23272
23182
23170
23168
23167
23123
23115
23050
22971
22940
22909
22858
22857
22844
22843
22690
22664
22653
22651
22644
22639
22595
22594
22588
22554
22458
22450
22446
22427
22414
22399
22383
22314
22305
22289
22288
22271
22233
22213
22206
22185
22166
22165
22158
22150
22149
22141
22108
22138
22128
22124
22119
22100
22089
22022
22011
21972
21954
21951
21909
21884
21873
21861
21846
21840
21810
21802
21754
21751
21747
21738
21727
21726
21714
21699
21698
21693
21664
21639
21635
21600
21576
21563
21555
21522
21514
21512
21500
21458
21440
21419
21402
21390
21343
21328
21318
21267
21265
21252
21220
21202
21189
21185
21168
21167
21165
21155
21138
21137
21130
21120
21118
21079
21065
21052
21046
21021
21013
20994
20965
20956
20915
20902
20891
20883
20880
20848
20839
20773
20736
20731
20722
20721
20672
20663
20651
20650
20603
20573
20553
20537
20517
20501
20499
20489
20481
20454
20442
20435
20412
20355
20348
20346
20328
20315
20314
20288
20282
20252
20238
20224
20223
20220
20178
20170
20154
20146
20134
20117
20053
20026
19997
19965
19909
19880
19859
19851
19846
19844
19816
19796
19764
19762
19749
19743
19752
19721
19705
19692
19691
19690
19688
19656
19623
19622
19597
19567
19557
19553
19548
19542
19538
19533
19521
19513
19510
19507
19506
19501
19499
19499
19482
19479
19465
19464
19435
19430
19411
19409
19395
19381
19350
19340
19339
19311
19294
19292
19268
19249
19174
19134
19132
19128
19107
19095
19072
19037
19016
18997
18977
18972
18962
18933
18924
18910
18905
18904
18903
18898
18886
18869
18800
18798
18779
18771
18745
18711
18689
18686
18670
18662
18628
18622
18617
18596
18596
18590
18586
18569
18560
18540
18522
18517
18510
18495
18485
18467
18467
18458
18445
18407
18373
18344
18321
18293
18290
18276
18204
18175
18128
18125
18125
18125
18108
18104
18101
18100
18095
18036
18034
18033
17981
17924
17915
17913
17899
17898
17834
17811
17805
17801
17789
17772
17767
17751
17738
17714
17708
17671
17640
17615
17607
17600
17573
17569
17558
17541
17524
17501
17486
17484
17481
17473
17433
17427
17403
17402
17396
17388
17382
17348
17276
17274
17271
17240
17234
17218
17207
17182
17181
17167
17134
17129
17126
17108
17102
17101
17087
17076
17066
17062
17052
17013
17007
17007
16995
16981
16959
16959
16954
16953
16950
16949
16945
16937
16937
16930
16903
16892
16887
16850
16828
16812
16769
16752
16747
16744
16736
16735
16727
16722
16692
16679
16640
16628
16618
16588
16583
16580
16572
16567
16564
16580
16554
16546
16541
16540
16518
16508
16504
16497
16492
16487
16472
16468
16449
16437
16430
16427
16422
16404
16367
16364
16358
16337
16328
16326
16312
16306
16286
16285
16264
16260
16249
16245
16239
16238
16213
16191
16176
16147
16126
16123
16114
16114
16110
16099
16096
16090
16089
16082
16081
16080
16056
16054
16041
16031
16019
15984
15977
15972
15967
15956
15939
15935
15900
15878
15858
15844
15828
15823
15811
15807
15801
15777
15761
15752
15743
15725
15724
15715
15690
15681
15676
15674
15661
15660
15621
15570
15562
15554
15553
15544
15526
15524
15517
15508
15485
15480
15476
15475
15463
15443
15441
15419
15417
15408
15407
15397
15385
15376
15373
15371
15365
15359
15348
15337
15321
15301
15294
15273
15242
15210
15202
15189
15174
15161
15155
15145
15142
15140
15122
15121
15118
15118
15117
15096
15092
15086
15086
15081
15071
15070
15066
15065
15040
15037
15036
15021
15012
15009
14949
14925
14914
14920
14891
14876
14869
14855
14854
14852
14843
14836
14831
14827
14824
14822
14811
14802
14780
14774
14758
14733
14719
14717
14700
14693
14686
14642
14634
14632
14618
14617
14606
14604
14588
14585
14573
14570
14565
14564
14562
14552
14550
14549
14546
14543
14531
14529
14497
14482
14477
14472
14467
14463
14459
14454
14444
14432
14430
14420
14414
14411
14405
14394
14357
14348
14344
14314
14298
14287
14266
14261
14244
14240
14225
14221
14211
14208
14184
14178
14157
14155
14146
14144
14144
14134
14129
14125
14118
14112
14100
14093
14092
14088
14054
14051
14049
14039
14012
14003
13982
13973
13967
13957
13953
13932
13926
13902
13880
13871
13860
13854
13850
13845
13831
13829
13822
13814
13797
13793
13790
13783
13778
13777
13773
13771
13739
13736
13718
13713
13688
13683
13676
13667
13663
13662
13661
13657
13647
13638
13626
13622
13617
13602
13598
13586
13585
13578
13574
13570
13555
13553
13550
13545
13533
13529
13521
13511
13499
13489
13481
13456
13448
13446
13443
13434
13421
13405
13404
13391
13373
13359
13359
13358
13350
13349
13349
13338
13333
13321
13318
13311
13302
13287
13270
13260
13246
13236
13230
13227
13214
13188
13187
13172
13162
13138
13127
13116
13115
13110
13100
13100
13097
13096
13072
13060
13060
13055
13052
13039
13038
13034
13012
13008
13005
13000
12991
12984
12975
12971
12970
12969
12967
12961
12943
12934
12932
12929
12928
12922
12916
12913
12906
12896
12889
12884
12880
12879
12875
12874
12873
12872
12870
12856
12855
12852
12841
12838
12824
12820
12813
12811
12798
12796
12792
12790
12758
12751
12746
12746
12724
12708
12689
12682
12658
12645
12636
12613
12610
12610
12592
12587
12586
12586
12582
12568
12565
12544
12535
12529
12526
12523
12512
12511
12508
12507
12505
12502
12497
12481
12480
12470
12469
12465
12463
12453
12441
12440
12436
12432
12430
12421
12421
12411
12409
12401
12398
12394
12392
12391
12385
12361
12355
12353
12340
12339
12318
12307
12299
12297
12293
12289
12281
12270
12260
12249
12239
12238
12235
12235
12230
12226
12210
12198
12183
12170
12166
12160
12141
12121
12116
12108
12095
12088
12035
12072
12069
12064
12058
12055
12051
12049
12049
12046
12039
12034
12034
12030
12030
12028
11913
12014
12010
12004
11998
11998
11981
11978
11978
11977
11969
11969
11958
11957
11951
11951
11946
11944
11939
11924
11918
11911
11909
11908
11894
11889
11881
11877
11874
11865
11857
11854
11848
11844
11839
11838
11829
11828
11818
11810
11792
11787
11784
11778
11775
11773
11763
11757
11753
11742
11737
11731
11728
11724
11709
11708
11675
11674
11670
11665
11658
11653
11648
11643
11642
11622
11614
11610
11610
11609
11607
11604
11594
11590
11587
11580
11579
11577
11568
11568
11568
11557
11556
11555
11554
11543
11541
11540
11538
11527
11522
11499
11497
11487
11479
11477
11469
11461
11461
11456
11454
11441
11436
11433
11433
11433
11432
11421
11417
11404
11404
11400
11399
11398
11394
11388
11380
11378
11375
11375
11375
11364
11358
11354
11344
11342
11337
11335
11331
11330
11329
11319
11312
11309
11299
11298
11290
11272
11271
11270
11269
11254
11253
11247
11237
11236
11232
11232
11230
11229
11227
11210
11209
11195
11194
11186
11175
11165
11165
11154
11147
11132
11127
11126
11124
11116
11104
11096
11080
11072
11071
11059
11056
11052
11043
11040
11028
11007
10998
10996
10993
10982
10967
10967
10956
10942
10940
10938
10926
10924
10912
10910
10906
10903
10902
10894
10886
10882
10881
10877
10865
10860
10857
10854
10853
10850
10838
10837
10835
10829
10827
10827
10811
10808
10803
10801
10801
10795
10795
10805
10787
10755
10747
10746
10741
10731
10731
10730
10721
10713
10706
10700
10714
10691
10687
10687
10674
10669
10666
10666
10659
10657
10646
10642
10641
10637
10633
10632
10629
10609
10605
10605
10602
10601
10596
10595
10591
10587
10586
10582
10582
10581
10580
10578
10578
10564
10564
10562
10553
10552
10551
10546
10542
10538
10530
10526
10519
10517
10512
10502
10494
10489
10488
10475
10473
10466
10466
10463
10436
10430
10428
10425
10421
10420
10418
10414
10410
10408
10400
10394
10391
10375
10374
10374
10371
10369
10368
10366
10364
10363
10362
10362
10361
10353
10353
10352
10347
10343
10342
10334
10322
10322
10321
10313
10307
10305
10304
10299
10297
10264
10241
10231
10230
10223
10221
10212
10208
10208
10203
10203
10200
10193
10192
10189
10183
10180
10178
10164
10152
10147
10147
10146
10142
10139
10132
10132
10127
10120
10117
10116
10115
10112
10104
10103
10100
10082
10074
10072
10067
10067
10059
10056
10048
10044
10043
10026
10024
10017
10016
10015
10015
10011
10007
10003
10002
9995
9988
9986
10011
9984
9982
9978
9970
9970
9970
9966
9963
9962
9962
9959
9957
9956
9950
9937
9937
9928
9919
9913
9905
9902
9902
9896
9890
9889
9886
9885
9885
9882
9882
9876
9874
9874
9870
9866
9864
9862
9851
9849
9847
9844
9840
9834
9820
9819
9819
9810
9807
9805
9803
9803
9803
9802
9799
9793
9785
9776
9773
9769
9765
9764
9762
9756
9754
9737
9731
9727
9715
9700
9700
9695
9695
9694
9686
9681
9667
9663
9660
9645
9633
9630
9620
9615
9614
9608
9608
9602
9601
9600
9599
9598
9590
9589
9589
9588
9581
9578
9578
9574
9573
9562
9573
9560
9558
9556
9553
9549
9549
9547
9545
9545
9542
9530
9529
9522
9521
9518
9512
9508
9499
9493
9492
9491
9487
9487
9486
9485
9484
9484
9483
9482
9479
9478
9473
9462
9460
9457
9453
9452
9448
9440
9440
9440
9438
9420
9417
9416
9407
9404
9393
9389
9385
9375
9368
9366
9365
9362
9361
9353
9351
9347
9347
9340
9329
9328
9318
9316
9311
9305
9299
9298
9295
9290
9285
9282
9275
9269
9261
9258
9257
9256
9252
9239
9239
9238
9237
9235
9232
9231
9226
9225
9224
9219
9212
9212
9210
9205
9202
9198
9198
9187
9182
9182
9172
9168
9168
9168
9166
9151
9146
9145
9137
9133
9132
9129
9129
9128
9127
9126
9124
9118
9116
9112
9095
9092
9091
9088
9086
9086
9083
9083
9082
9081
9081
9079
9077
9065
9064
9049
9049
9047
9035
9031
9031
9016
9013
9007
9000
8999
8995
8989
8985
8977
8976
8974
8972
8971
8965
8961
8956
8941
8940
8938
8936
8936
8936
8934
8931
8927
8925
8919
8914
8912
8909
8908
8906
8905
8903
8897
8892
8888
8877
8873
8872
8871
8863
8862
8852
8847
8846
8827
8825
8823
8822
8821
8817
8812
8808
8800
8800
8795
8795
8793
8792
8785
8784
8783
8775
8771
8765
8756
8754
8748
8747
8743
8741
8741
8736
8736
8733
8732
8732
8732
8732
8732
8731
8727
8724
8719
8715
8715
8713
8712
8712
8712
8709
8709
8704
8703
8703
8701
8700
8699
8694
8679
8677
8675
8674
8673
8670
8670
8668
8667
8666
8662
8660
8654
8652
8648
8644
8644
8641
8628
8626
8624
8619
8611
8600
8598
8597
8596
8595
8595
8595
8593
8591
8585
8585
8575
8571
8570
8569
8569
8569
8566
8566
8562
8556
8551
8550
8543
8540
8540
8539
8538
8537
8533
8527
8522
8521
8518
8511
8510
8510
8509
8507
8502
8501
8496
8494
8490
8485
8482
8478
8477
8474
8473
8470
8469
8460
8460
8458
8455
8438
8434
8432
8432
8436
8424
8423
8418
8417
8406
8401
8401
8398
8396
8395
8389
8389
8377
8264
8368
8366
8364
8364
8361
8358
8352
8350
8349
8348
8341
8339
8339
8332
8329
8327
8325
8319
8312
8311
8309
8308
8303
8301
8295
8293
8289
8289
8287
8284
8278
8267
8267
8265
8264
8263
8262
8260
8258
8258
8252
8249
8249
8248
8246
8246
8245
8242
8236
8235
8230
8227
8225
8224
8220
8214
8210
8210
8209
8209
8208
8205
8202
8198
8196
8192
8188
8186
8185
8182
8182
8180
8175
8174
8173
8166
8166
8165
8159
8159
8154
8152
8151
8149
8139
8134
8134
8132
8123
8122
8120
8118
8116
8113
8105
8102
8100
8100
8099
8096
8090
8088
8085
8084
8079
8078
8078
8073
8073
8072
8071
8069
8067
8067
8066
8060
8054
8053
8068
8051
8042
8036
8036
8034
8033
8024
8023
8023
8018
8016
8014
8013
8013
8013
8007
8005
8002
8000
7998
7995
7990
7984
7984
7983
7983
7981
7980
7979
7979
7975
7974
7972
7972
7971
7963
7962
7961
7955
7951
7947
7946
7941
7940
7937
7936
7935
7934
7931
7930
7928
7923
7918
7915
7913
7911
7908
7907
7902
7902
7886
7880
7879
7877
7877
7872
7872
7872
7869
7861
7860
7853
7851
7849
7844
7836
7829
7828
7823
7822
7819
7814
7812
7815
7809
7807
7807
7805
7803
7801
7798
7797
7795
7795
7792
7789
7788
7785
7785
7778
7778
7777
7776
7772
7772
7769
7766
7766
7763
7763
7763
7761
7761
7755
7752
7752
7752
7751
7747
7743
7739
7737
7737
7734
7729
7727
7726
7725
7724
7718
7716
7715
7714
7713
7711
7707
7705
7702
7700
7693
7690
7689
7689
7687
7677
7670
7669
7668
7667
7666
7666
7663
7662
7658
7657
7656
7654
7651
7649
7646
7644
7644
7643
7643
7641
7638
7637
7634
7628
7626
7625
7624
7621
7618
7611
7609
7609
7607
7606
7595
7594
7592
7591
7589
7587
7582
7573
7572
7572
7570
7565
7563
7557
7556
7555
7555
7554
7552
7550
7550
7550
7544
7541
7541
7541
7541
7540
7535
7532
7518
7511
7511
7511
7510
7508
7508
7507
7506
7504
7500
7498
7498
7494
7494
7491
7490
7489
7488
7487
7487
7486
7484
7477
7472
7472
7471
7467
7466
7463
7461
7460
7458
7457
7457
7453
7452
7451
7446
7445
7436
7434
7431
7431
7430
7429
7427
7426
7425
7424
7423
7418
7413
7411
7407
7405
7404
7404
7403
7394
7394
7392
7391
7386
7383
7380
7379
7374
7372
7371
7369
7368
7368
7364
7362
7358
7357
7357
7356
7356
7355
7355
7354
7352
7350
7347
7343
7342
7338
7337
7337
7336
7336
7332
7329
7326
7326
7324
7323
7322
7321
7320
7318
7317
7312
7309
7308
7307
7304
7304
7304
7302
7301
7301
7298
7298
7297
7296
7295
7292
7288
7286
7285
7283
7282
7282
7278
7277
7275
7275
7271
7257
7247
7245
7244
7240
7238
7237
7235
7233
7230
7222
7221
7220
7218
7214
7212
7212
7212
7211
7238
7208
7205
7198
7197
7197
7196
7191
7191
7190
7188
7188
7188
7184
7181
7180
7179
7175
7173
7171
7166
7164
7163
7161
7161
7156
7153
7152
7147
7146
7143
7139
7138
7136
7134
7131
7130
7129
7128
7127
7125
7122
7122
7115
7115
7115
7114
7111
7108
7103
7101
7099
7095
7095
7094
7091
7089
7088
7086
7086
7085
7080
7079
7077
7071
7068
7066
7064
7060
7059
7054
7053
7049
7045
7043
7041
7041
7041
7039
7039
7037
7032
7031
7029
7025
7025
7024
7023
7020
7019
7014
7005
7004
6997
6995
6993
6992
6988
6987
6987
6985
6979
6978
6977
6974
6973
6967
6965
6958
6957
6955
6947
6944
6939
6937
6932
6930
6923
6921
6920
6920
6919
6916
6915
6910
6909
6905
6904
6891
6891
6883
6879
6879
6875
6875
6874
6874
6873
6870
6866
6865
6862
6861
6858
6857
6856
6854
6851
6843
6842
6831
6826
6822
6821
6820
6820
6819
6818
6818
6817
6817
6816
6812
6808
6808
6807
6804
6803
6802
6801
6796
6792
6789
6785
6784
6784
6780
6779
6773
6771
6771
6768
6767
6766
6766
6764
6761
6760
6759
6757
6753
6750
6738
6737
6733
6732
6731
6730
6727
6726
6726
6724
6722
6721
6720
6718
6714
6713
6712
6712
6711
6711
6706
6704
6701
6701
6701
6697
6696
6695
6692
6689
6682
6680
6673
6673
6672
6672
6671
6669
6666
6665
6665
6662
6661
6657
6656
6655
6653
6652
6649
6649
6645
6643
6637
6634
6632
6630
6629
6629
6627
6625
6623
6623
6619
6618
6618
6614
6611
6608
6606
6605
6597
6595
6595
6594
6583
6578
6575
6574
6571
6569
6568
6567
6566
6565
6561
6558
6555
6553
6545
6544
6543
6541
6539
6537
6534
6533
6530
6523
6522
6521
6520
6519
6511
6505
6505
6503
6501
6496
6491
6489
6488
6486
6485
6479
6478
6476
6470
6467
6466
6465
6464
6463
6462
6458
6455
6454
6427
6448
6443
6442
6442
6441
6440
6438
6435
6434
6434
6427
6423
6423
6423
6423
6421
6420
6420
6416
6415
6417
6414
6412
6410
6410
6408
6406
6404
6404
6398
6398
6398
6397
6397
6395
6393
6392
6392
6391
6390
6348
6386
6385
6385
6384
6383
6382
6380
6380
6378
6377
6375
6373
6371
6370
6369
6365
6357
6354
6354
6353
6351
6350
6349
6348
6347
6345
6343
6343
6341
6339
6335
6334
6328
6328
6325
6325
6322
6320
6320
6315
6314
6312
6312
6309
6308
6304
6302
6301
6300
6298
6296
6295
6294
6294
6291
6282
6281
6279
6279
6279
6279
6275
6274
6273
6270
6269
6267
6267
6265
6265
6264
6264
6263
6257
6256
6253
6251
6251
6250
6249
6249
6248
6248
6246
6245
6245
6244
6243
6243
6242
6242
6240
6240
6237
6235
6228
6226
6225
6223
6222
6221
6216
6216
6215
6211
6210
6209
6206
6206
6206
6203
6202
6201
6200
6199
6198
6196
6195
6194
6194
6191
6188
6186
6186
6185
6185
6184
6177
6174
6174
6164
6158
6158
6152
6152
6152
6151
6150
6149
6148
6147
6146
6144
6144
6143
6141
6141
6141
6141
6140
6140
6136
6134
6132
6131
6131
6131
6130
6126
6126
6125
6122
6122
6122
6120
6117
6113
6111
6110
6110
6109
6111
6098
6093
6091
6087
6085
6084
6083
6082
6081
6080
6076
6075
6069
6067
6066
6062
6060
6056
6055
6054
6051
6050
6046
6046
6045
6039
6038
6036
6033
6033
6032
6031
6029
6029
6028
6027
6026
6025
6024
6020
6020
6020
6017
6017
6016
6010
6009
6008
6008
6006
6003
6002
5998
5998
5996
5995
5994
5992
5989
5989
5988
5986
5982
5982
5979
5979
5978
5978
5974
5974
5974
5969
5969
5967
5964
5961
5961
5960
5958
5956
5953
5951
5947
5941
5941
5940
5939
5935
5934
5932
5932
5932
5930
5930
5929
5926
5924
5922
5922
5919
5918
5917
5916
5915
5913
5913
5913
5910
5908
5902
5901
5900
5899
5896
5896
5892
5890
5890
5889
5883
5882
5878
5872
5868
5868
5867
5866
5866
5866
5864
5863
5863
5862
5862
5861
5860
5860
5860
5859
5856
5855
5847
5846
5844
5844
5843
5843
5840
5838
5837
5837
5836
5836
5836
5835
5832
5832
5827
5824
5822
5821
5821
5821
5821
5819
5816
5816
5816
5816
5815
5814
5812
5811
5810
5807
5806
5805
5804
5803
5798
5796
5796
5795
5795
5793
5792
5791
5790
5789
5788
5787
5787
5785
5784
5782
5778
5773
5770
5770
5770
5768
5765
5764
5763
5763
5762
5761
5759
5756
5756
5756
5754
5754
5750
5749
5748
5747
5745
5744
5743
5740
5739
5738
5738
5733
5727
5726
5724
5723
5723
5722
5721
5720
5719
5716
5709
5709
5708
5705
5701
5698
5696
5691
5691
5690
5685
5684
5682
5678
5678
5677
5677
5675
5668
5665
5662
5661
5660
5660
5660
5653
5648
5648
5647
5647
5644
5644
5643
5642
5642
5641
5641
5640
5637
5636
5640
5635
5628
5625
5624
5624
5621
5621
5620
5617
5616
5614
5614
5612
5611
5611
5609
5607
5606
5606
5602
5599
5597
5596
5595
5593
5592
5591
5591
5591
5589
5589
5588
5584
5584
5584
5583
5583
5583
5580
5580
5579
5573
5571
5570
5569
5567
5566
5566
5566
5566
5563
5563
5563
5563
5562
5561
5552
5551
5550
5550
5549
5546
5545
5548
5544
5544
5544
5543
5542
5542
5542
5541
5539
5537
5536
5535
5534
5533
5533
5532
5532
5531
5529
5529
5528
5525
5524
5518
5517
5517
5517
5516
5516
5516
5515
5514
5512
5511
5510
5508
5516
5507
5503
5500
5500
5498
5498
5494
5493
5492
5492
5492
5490
5488
5485
5485
5484
5484
5484
5482
5482
5481
5475
5474
5474
5472
5472
5470
5468
5468
5468
5468
5466
5466
5462
5461
5460
5460
5460
5457
5455
5455
5453
5453
5452
5452
5452
5450
5450
5444
5444
5442
5442
5442
5441
5441
5440
5439
5439
5438
5437
5437
5434
5433
5431
5431
5430
5430
5427
5426
5425
5424
5422
5422
5420
5417
5417
5416
5416
5415
5414
5414
5413
5413
5413
5413
5413
5411
5408
5408
5407
5407
5406
5404
5404
5403
5403
5403
5401
5401
5400
5396
5395
5395
5392
5391
5391
5389
5389
5386
5385
5385
5381
5380
5380
5380
5378
5376
5376
5376
5375
5373
5371
5371
5371
5370
5370
5370
5368
5367
5366
5364
5363
5362
5359
5358
5358
5356
5355
5355
5355
5353
5353
5353
5352
5352
5351
5351
5350
5350
5350
5349
5347
5345
5344
5343
5340
5339
5339
5338
5334
5334
5331
5330
5328
5327
5326
5325
5323
5323
5322
5321
5319
5318
5317
5316
5315
5315
5312
5312
5311
5304
5298
5297
5296
5294
5293
5292
5291
5290
5286
5286
5285
5283
5280
5277
5276
5275
5275
5274
5272
5270
5270
5268
5268
5267
5267
5267
5266
5266
5266
5266
5265
5263
5259
5258
5257
5257
5256
5255
5251
5251
5250
5248
5247
5246
5246
5246
5245
5245
5245
5244
5243
5241
5240
5237
5237
5237
5236
5236
5234
5232
5232
5231
5230
5230
5227
5225
5225
5225
5223
5223
5223
5223
5223
5223
5221
5111
5221
5219
5219
5218
5216
5216
5214
5213
5211
5210
5210
5209
5209
5208
5208
5208
5207
5206
5204
5201
5200
5198
5198
5193
5193
5192
5191
5191
5190
5190
5188
5185
5184
5184
5184
5182
5181
5172
5170
5170
5168
5166
5166
5166
5166
5166
5165
5163
5162
5161
5159
5157
5154
5152
5152
5150
5147
5146
5145
5142
5142
5141
5140
5139
5139
5139
5139
5139
5137
5136
5135
5134
5134
5133
5133
5133
5132
5130
5129
5128
5126
5125
5125
5122
5121
5121
5120
5118
5117
5116
5113
5112
5112
5112
5112
5112
5112
5111
5111
5108
5107
5106
5104
5103
5101
5100
5100
5100
5100
5098
5098
5097
5097
5097
5096
5096
5096
5096
5095
5093
5093
5093
5093
5091
5090
5089
5089
5088
5088
5087
5087
5086
5085
5083
5080
5077
5077
5076
5075
5075
5075
5074
5072
5069
5069
5068
5068
5063
5061
5060
5059
5057
5056
5055
5055
5055
5051
5051
5051
5050
5044
5042
5041
5041
5040
5037
5036
5035
5033
5032
5032
5030
5030
5030
5029
5025
5025
5025
5024
5024
5023
5021
5018
5017
5015
5013
5013
5012
5012
5012
5010
5009
5006
5005
5005
5001
5000
4999
4999
4997
4995
4994
4993
4991
4990
4990
4988
4988
4988
4985
4984
4982
4982
4981
4979
4978
4978
4978
4976
4976
4975
4973
4971
4970
4969
4968
4965
4965
4964
4960
4959
4956
4951
4951
4951
4950
4947
4946
4945
4945
4945
4944
4943
4942
4942
4941
4940
4939
4939
4936
4935
4934
4933
4933
4932
4931
4931
4931
4930
4930
4930
4929
4929
4929
4925
4923
4923
4922
4922
4921
4914
4913
4913
4912
4912
4912
4911
4910
4908
4908
4907
4907
4907
4907
4905
4902
4902
4901
4899
4898
4897
4896
4895
4898
4894
4894
4893
4892
4891
4891
4890
4890
4890
4889
4888
4888
4888
4887
4885
4884
4884
4883
4881
4879
4878
4878
4877
4876
4874
4870
4869
4868
4867
4867
4865
4865
4865
4865
4864
4864
4864
4862
4861
4860
4859
4857
4856
4855
4855
4854
4854
4853
4851
4850
4850
4849
4849
4848
4848
4845
4877
4844
4844
4844
4842
4841
4840
4840
4837
4835
4831
4830
4828
4828
4828
4828
4827
4826
4825
4824
4823
4821
4821
4820
4820
4819
4818
4817
4817
4817
4816
4816
4815
4813
4813
4812
4812
4812
4812
4811
4811
4811
4810
4810
4810
4810
4810
4806
4805
4803
4803
4803
4802
4801
4800
4800
4799
4799
4798
4797
4796
4796
4796
4793
4793
4793
4792
4791
4791
4791
4790
4788
4787
4787
4787
4786
4784
4784
4783
4782
4782
4782
4782
4780
4779
4779
4778
4778
4777
4777
4774
4774
4772
4771
4771
4769
4768
4767
4767
4766
4764
4763
4763
4762
4762
4760
4760
4760
4760
4759
4759
4759
4758
4757
4755
4758
4755
4754
4751
4751
4750
4750
4749
4748
4748
4748
4747
4743
4741
4740
4739
4739
4738
4738
4736
4734
4734
4733
4733
4732
4731
4731
4728
4728
4727
4726
4726
4726
4725
4724
4724
4721
4721
4721
4720
4719
4719
4717
4717
4716
4716
4715
4713
4713
4710
4710
4708
4708
4708
4706
4705
4704
4704
4703
4702
4701
4700
4699
4698
4697
4696
4695
4693
4692
4692
4692
4691
4691
4691
4690
4690
4689
4689
4689
4688
4687
4687
4686
4685
4684
4684
4682
4682
4681
4681
4681
4680
4680
4680
4679
4678
4677
4676
4676
4675
4674
4673
4673
4672
4671
4671
4669
4669
4668
4668
4666
4665
4665
4665
4664
4664
4664
4663
4662
4661
4658
4658
4657
4656
4655
4655
4654
4654
4652
4652
4651
4649
4648
4648
4645
4641
4640
4640
4638
4637
4635
4634
4633
4632
4630
4629
4629
4629
4627
4626
4626
4626
4624
4624
4624
4621
4619
4619
4619
4630
4618
4618
4613
4610
4609
4609
4608
4606
4605
4604
4604
4604
4604
4603
4602
4600
4597
4596
4595
4595
4594
4594
4593
4592
4591
4589
4589
4589
4588
4587
4586
4585
4585
4585
4585
4585
4583
4582
4582
4582
4581
4578
4578
4575
4575
4573
4570
4569
4569
4568
4565
4563
4561
4561
4560
4560
4559
4558
4556
4555
4552
4551
4550
4548
4548
4546
4546
4542
4542
4541
4540
4539
4538
4538
4538
4537
4535
4535
4535
4534
4533
4532
4531
4531
4530
4530
4529
4527
4524
4524
4523
4521
4521
4520
4519
4519
4519
4516
4516
4516
4516
4514
4514
4513
4511
4511
4511
4510
4510
4508
4507
4505
4504
4503
4503
4502
4501
4501
4501
4500
4500
4499
4499
4498
4498
4498
4498
4497
4497
4497
4497
4495
4494
4494
4494
4493
4491
4491
4490
4489
4489
4488
4486
4485
4484
4483
4483
4480
4477
4477
4475
4475
4473
4473
4473
4472
4472
4472
4471
4469
4468
4467
4466
4465
4464
4462
4463
4483
4460
4459
4454
4452
4452
4450
4449
4338
4447
4447
4447
4446
4446
4446
4445
4445
4443
4441
4440
4439
4437
4437
4437
4436
4436
4436
4435
4434
4434
4431
4429
4429
4429
4428
4427
4426
4425
4425
4425
4424
4424
4421
4420
4419
4418
4416
4415
4415
4415
4414
4414
4411
4410
4409
4408
4408
4407
4406
4404
4404
4403
4400
4400
4399
4397
4397
4397
4396
4396
4396
4395
4394
4394
4393
4392
4392
4392
4390
4386
4386
4385
4384
4383
4383
4382
4380
4380
4376
4375
4374
4374
4373
4373
4372
4372
4370
4369
4369
4368
4367
4367
4367
4367
4366
4363
4361
4360
4359
4358
4358
4357
4357
4354
4354
4354
4354
4353
4352
4352
4351
4348
4347
4347
4346
4346
4344
4342
4342
4342
4341
4339
4339
4336
4336
4335
4335
4334
4334
4333
4333
4332
4331
4331
4330
4330
4328
4327
4327
4326
4326
4326
4322
4322
4321
4320
4318
4317
4317
4317
4316
4314
4313
4311
4311
4311
4310
4308
4307
4307
4306
4305
4302
4302
4302
4301
4300
4298
4298
4298
4298
4298
4298
4297
4296
4296
4296
4294
4293
4293
4292
4292
4292
4291
4289
4288
4320
4285
4285
4285
4284
4284
4284
4284
4283
4283
4283
4282
4280
4280
4279
4279
4283
4277
4277
4276
4275
4274
4274
4273
4272
4271
4271
4270
4270
4270
4270
4269
4269
4269
4268
4268
4268
4267
4267
4266
4266
4264
4264
4263
4263
4262
4262
4262
4262
4261
4260
4259
4259
4259
4258
4258
4258
4257
4257
4257
4255
4255
4252
4251
4251
4250
4250
4249
4249
4249
4249
4248
4248
4247
4247
4247
4247
4245
4245
4244
4244
4243
4242
4242
4242
4241
4241
4222
4240
4239
4239
4237
4234
4233
4233
4232
4232
4232
4231
4231
4230
4229
4229
4229
4228
4228
4227
4226
4225
4225
4224
4222
4222
4222
4221
4221
4221
4220
4219
4218
4217
4217
4216
4215
4214
4213
4212
4212
4211
4211
4208
4208
4207
4206
4206
4205
4204
4203
4202
4202
4202
4201
4201
4199
4199
4198
4196
4195
4194
4194
4194
4194
4193
4192
4190
4190
4189
4187
4187
4186
4184
4184
4184
4184
4182
4181
4181
4179
4179
4179
4178
4178
4176
4176
4176
4176
4175
4175
4174
4174
4173
4173
4173
4172
4172
4171
4180
4170
4169
4169
4168
4168
4168
4167
4167
4165
4165
4165
4164
4164
4163
4163
4162
4160
4159
4158
4157
4157
4156
4156
4156
4156
4155
4155
4154
4154
4154
4154
4154
4154
4154
4153
4149
4148
4148
4146
4145
4145
4144
4143
4143
4141
4140
4136
4136
4135
4135
4135
4134
4133
4133
4131
4131
4131
4130
4127
4126
4125
4125
4124
4124
4123
4123
4123
4121
4120
4117
4117
4114
4112
4111
4110
4110
4109
4109
4109
4108
4108
4106
4106
4105
4105
4105
4105
4104
4102
4102
4102
4101
4100
4100
4099
4099
4099
4099
4098
4098
4097
4097
4096
4095
4095
4093
4092
4091
4090
4089
4089
4088
4088
4087
4086
4086
4085
4082
4080
4080
4080
4080
4079
4078
4078
4078
4078
4078
4076
4076
4075
4075
4073
4071
4071
4068
4068
4068
4068
4066
4065
4064
4063
4063
4063
4062
4062
4062
4061
4060
4060
4059
4058
4058
4058
4056
4054
4052
4050
4049
4049
4048
4048
4048
4047
4046
4046
4046
4045
4044
4044
4043
4043
4042
4041
4041
4041
4040
4040
4037
4037
4037
4036
4035
4035
4033
4033
4032
4032
4032
4031
4031
4031
4031
4030
4030
4030
4029
4028
4028
4027
4027
4026
4026
4026
4026
4024
4024
4024
4022
4022
4021
4021
4019
4019
4018
4018
4016
4016
4015
4015
4025
4015
4013
4013
4013
4012
4011
4008
4008
4008
4008
4007
4007
4007
4007
4005
4005
4004
4003
4003
4003
4001
4001
4001
3999
3999
3999
3997
3996
3996
3993
3993
3992
3992
3992
3992
3992
3990
3989
3989
3989
3988
3988
3985
3984
3984
3984
3982
3982
3982
3982
3981
3981
3981
3981
3980
3979
3978
3978
3977
3977
3974
3971
3970
3969
3967
3967
3966
3965
3965
3964
3963
3963
3963
3961
3961
3961
3960
3960
3956
3956
3956
3955
3954
3953
3951
3951
3949
3949
3948
3948
3948
3948
3948
3948
3947
3947
3945
3944
3944
3944
3943
3942
3940
3940
3939
3939
3939
3938
3938
3937
3936
3934
3934
3934
3932
3932
3928
3928
3927
3927
3925
3924
3924
3924
3923
3922
3922
3922
3920
3918
3918
3918
3918
3917
3917
3916
3916
3915
3914
3914
3913
3913
3913
3912
3912
3910
3910
3908
3907
3906
3905
3905
3905
3905
3904
3904
3903
3902
3902
3901
3900
3899
3898
3898
3897
3897
3897
3895
3895
3893
3893
3892
3891
3891
3890
3890
3890
3890
3889
3889
3889
3888
3888
3888
3888
3887
3887
3886
3886
3885
3885
3884
3884
3884
3883
3883
3882
3876
3875
3875
3875
3874
3873
3873
3873
3873
3873
3868
3868
3868
3866
3865
3817
3863
3863
3862
3862
3861
3861
3860
3859
3859
3859
3859
3857
3856
3856
3855
3855
3854
3854
3853
3853
3851
3851
3850
3850
3850
3848
3848
3848
3848
3847
3847
3847
3846
3844
3844
3844
3844
3842
3840
3840
3840
3863
3838
3836
3836
3835
3834
3834
3834
3833
3833
3833
3833
3833
3832
3831
3830
3829
3829
3829
3828
3828
3828
3827
3827
3826
3826
3825
3824
3824
3824
3823
3823
3822
3822
3821
3821
3820
3820
3819
3818
3817
3814
3814
3814
3813
3813
3813
3813
3813
3812
3811
3811
3811
3809
3808
3807
3806
3805
3805
3804
3804
3803
3803
3802
3801
3799
3799
3799
3798
3798
3798
3797
3797
3797
3797
3796
3795
3795
3794
3793
3793
3793
3791
3791
3790
3790
3789
3789
3789
3789
3788
3788
3785
3784
3784
3784
3782
3782
3782
3779
3779
3779
3779
3778
3778
3777
3776
3774
3774
3774
3774
3774
3773
3772
3771
3770
3770
3768
3767
3764
3764
3764
3763
3763
3762
3762
3762
3761
3761
3760
3760
3758
3758
3757
3757
3757
3757
3756
3756
3756
3755
3755
3754
3753
3752
3751
3751
3750
3749
3749
3748
3785
3747
3746
3745
3744
3744
3742
3742
3742
3741
3741
3762
3740
3739
3739
3737
3737
3736
3736
3736
3734
3734
3734
3732
3731
3731
3731
3730
3730
3730
3730
3730
3728
3728
3727
3727
3727
3726
3726
3726
3726
3725
3724
3724
3723
3722
3722
3721
3720
3719
3719
3718
3718
3717
3717
3716
3716
3715
3715
3714
3714
3714
3714
3713
3713
3713
3712
3712
3711
3711
3711
3710
3709
3709
3708
3707
3705
3705
3704
3704
3703
3703
3703
3702
3702
3701
3701
3701
3700
3700
3700
3700
3699
3696
3696
3694
3692
3690
3690
3688
3687
3687
3687
3686
3686
3683
3683
3680
3680
3680
3679
3678
3678
3677
3676
3675
3674
3674
3674
3674
3674
3673
3669
3669
3668
3668
3667
3665
3665
3665
3664
3663
3663
3663
3662
3660
3660
3659
3659
3659
3658
3656
3656
3655
3655
3655
3655
3654
3653
3653
3653
3652
3651
3651
3650
3650
3650
3649
3648
3648
3648
3647
3647
3646
3646
3645
3644
3644
3644
3644
3644
3644
3644
3643
3643
3642
3642
3642
3642
3641
3641
3641
3639
3639
3639
3638
3638
3636
3636
3635
3635
3634
3633
3633
3632
3631
3630
3629
3629
3629
3628
3628
3628
3627
3627
3626
3626
3623
3623
3623
3622
3622
3621
3621
3619
3619
3617
3616
3616
3615
3614
3613
3613
3613
3612
3612
3612
3611
3610
3608
3608
3608
3607
3607
3605
3605
3605
3605
3603
3603
3602
3602
3601
3601
3600
3600
3600
3599
3599
3599
3598
3598
3598
3598
3597
3597
3597
3596
3595
3595
3594
3594
3594
3593
3592
3591
3591
3590
3588
3588
3587
3587
3587
3586
3586
3586
3585
3583
3583
3583
3583
3583
3582
3581
3581
3581
3580
3580
3578
3577
3577
3577
3577
3577
3577
3577
3576
3574
3574
3574
3573
3573
3572
3572
3571
3571
3571
3571
3571
3569
3567
3566
3566
3566
3566
3564
3564
3564
3563
3562
3562
3562
3562
3561
3560
3559
3558
3557
3556
3556
3555
3555
3555
3555
3554
3554
3554
3553
3553
3550
3549
3549
3549
3548
3548
3548
3548
3547
3547
3547
3547
3547
3547
3547
3547
3547
3544
3544
3544
3544
3544
3543
3543
3542
3541
3541
3539
3539
3538
3538
3537
3536
3535
3533
3533
3533
3532
3532
3531
3531
3531
3530
3527
3527
3527
3526
3524
3523
3523
3523
3523
3522
3522
3528
3521
3519
3519
3518
3518
3517
3515
3515
3514
3514
3514
3514
3514
3514
3513
3513
3512
3512
3512
3510
3510
3510
3510
3509
3509
3509
3509
3508
3508
3507
3506
3505
3505
3504
3503
3502
3502
3502
3501
3500
3499
3499
3497
3497
3496
3495
3494
3494
3493
3493
3492
3492
3490
3490
3489
3488
3488
3488
3487
3486
3486
3486
3485
3485
3484
3484
3483
3483
3483
3483
3483
3483
3482
3482
3481
3481
3481
3481
3481
3480
3480
3480
3479
3479
3479
3478
3477
3477
3477
3476
3475
3475
3474
3473
3473
3472
3472
3472
3472
3472
3472
3471
3471
3470
3469
3469
3468
3468
3467
3466
3465
3465
3464
3464
3463
3463
3462
3462
3462
3461
3461
3460
3460
3458
3458
3458
3457
3457
3457
3456
3454
3453
3453
3452
3451
3451
3450
3449
3448
3448
3448
3448
3447
3446
3446
3445
3444
3444
3444
3443
3443
3442
3442
3442
3442
3441
3441
3441
3441
3440
3440
3440
3440
3440
3439
3438
3438
3438
3437
3437
3437
3437
3436
3435
3434
3434
3434
3433
3433
3432
3432
3430
3430
3429
3429
3429
3429
3428
3428
3427
3427
3427
3427
3426
3425
3425
3425
3425
3424
3423
3422
3422
3422
3422
3422
3422
3421
3420
3420
3420
3419
3419
3419
3418
3418
3418
3417
3417
3417
3416
3415
3415
3415
3415
3413
3413
3413
3412
3411
3411
3409
3409
3408
3408
3407
3405
3405
3405
3404
3404
3403
3403
3402
3402
3401
3401
3400
3400
3400
3400
3399
3398
3397
3396
3396
3395
3395
3394
3393
3392
3392
3392
3391
3391
3390
3390
3388
3388
3388
3388
3387
3387
3386
3386
3385
3384
3384
3384
3383
3382
3382
3382
3382
3381
3381
3381
3380
3380
3380
3379
3378
3377
3377
3376
3375
3375
3375
3374
3372
3372
3372
3371
3370
3369
3369
3368
3368
3368
3368
3367
3365
3365
3365
3364
3364
3364
3364
3363
3363
3362
3362
3362
3362
3362
3362
3361
3361
3361
3359
3359
3357
3357
3357
3357
3356
3356
3356
3355
3355
3355
3355
3355
3355
3355
3355
3354
3354
3353
3352
3352
3352
3352
3351
3351
3351
3351
3350
3350
3350
3349
3349
3349
3348
3348
3348
3348
3348
3348
3348
3346
3345
3345
3345
3344
3344
3344
3343
3343
3342
3342
3340
3339
3339
3339
3338
3338
3337
3337
3336
3336
3335
3335
3335
3334
3334
3334
3333
3333
3332
3331
3331
3331
3330
3330
3327
3327
3326
3326
3326
3326
3325
3325
3324
3323
3323
3323
3322
3322
3322
3322
3322
3321
3321
3321
3321
3320
3320
3320
3320
3319
3319
3319
3319
3318
3318
3316
3316
3316
3316
3315
3315
3315
3314
3312
3312
3312
3312
3311
3311
3311
3311
3311
3310
3309
3309
3308
3308
3308
3307
3307
3307
3307
3307
3306
3306
3305
3304
3304
3304
3303
3303
3302
3302
3301
3301
3300
3300
3298
3298
3298
3298
3297
3299
3297
3296
3296
3296
3296
3295
3295
3294
3293
3292
3292
3290
3290
3290
3290
3289
3289
3286
3286
3286
3286
3286
3282
3282
3282
3281
3281
3281
3280
3278
3278
3278
3278
3278
3277
3277
3276
3276
3275
3273
3273
3272
3272
3271
3271
3270
3270
3270
3269
3269
3269
3267
3267
3266
3266
3266
3265
3263
3263
3262
3262
3261
3260
3260
3259
3259
3259
3258
3258
3258
3258
3257
3256
3256
3256
3255
3255
3254
3254
3254
3253
3253
3253
3252
3252
3252
3251
3251
3251
3250
3250
3250
3250
3249
3248
3248
3246
3246
3245
3245
3245
3245
3244
3244
3244
3243
3242
3241
3241
3240
3240
3240
3240
3239
3239
3238
3237
3237
3236
3235
3235
3235
3235
3234
3234
3233
3233
3232
3232
3232
3232
3232
3232
3232
3231
3231
3230
3230
3229
3229
3229
3229
3228
3228
3227
3227
3227
3227
3227
3226
3225
3225
3225
3225
3225
3224
3223
3221
3221
3220
3220
3219
3218
3217
3217
3216
3216
3216
3215
3214
3214
3214
3213
3213
3213
3212
3212
3212
3212
3211
3210
3210
3210
3209
3209
3209
3207
3207
3207
3207
3207
3206
3205
3205
3205
3204
3204
3204
3204
3203
3203
3202
3202
3201
3201
3201
3201
3201
3201
3200
3199
3199
3199
3197
3197
3197
3196
3196
3196
3195
3195
3194
3194
3194
3194
3193
3193
3191
3191
3190
3190
3189
3189
3189
3188
3188
3187
3187
3186
3186
3186
3185
3185
3185
3185
3184
3183
3183
3183
3183
3182
3182
3182
3182
3181
3181
3181
3180
3179
3178
3178
3178
3178
3177
3177
3177
3176
3176
3176
3176
3175
3175
3174
3174
3174
3173
3173
3173
3172
3172
3172
3172
3172
3172
3172
3171
3171
3171
3170
3170
3170
3168
3168
3168
3168
3167
3166
3166
3166
3166
3166
3165
3164
3164
3164
3163
3163
3163
3163
3163
3161
3160
3159
3159
3157
3157
3157
3157
3156
3155
3155
3155
3154
3154
3154
3153
3153
3152
3152
3152
3151
3151
3151
3150
3150
3150
3149
3149
3149
3148
3148
3147
3144
3143
3143
3143
3142
3142
3142
3142
3141
3141
3141
3141
3140
3140
3140
3139
3139
3138
3138
3138
3138
3138
3136
3136
3135
3135
3135
3134
3134
3133
3133
3133
3133
3133
3133
3132
3132
3132
3131
3131
3130
3130
3130
3129
3129
3129
3127
3127
3126
3126
3125
3125
3124
3124
3124
3124
3124
3123
3123
3122
3122
3122
3121
3120
3119
3119
3119
3118
3118
3118
3118
3118
3117
3116
3116
3116
3115
3115
3113
3113
3112
3130
3111
3110
3110
3110
3109
3109
3109
3108
3108
3108
3108
3107
3107
3107
3106
3105
3104
3104
3104
3103
3103
3103
3103
3101
3101
3100
3100
3099
3098
3098
3097
3097
3097
3097
3095
3095
3094
3093
3093
3093
3093
3093
3092
3092
3092
3091
3091
3090
3090
3089
3089
3089
3089
3088
3087
3087
3087
3087
3086
3086
3085
3085
3085
3084
3083
3083
3082
3081
3081
3081
3081
3080
3080
3079
3079
3078
3078
3078
3078
3077
3077
3077
3077
3076
3076
3075
3075
3074
3074
3074
3073
3073
3072
3072
3071
3071
3070
3070
3069
3069
3069
3069
3069
3068
3068
3067
3067
3067
3067
3066
3066
3066
3065
3064
3064
3064
3063
3063
3063
3063
3063
3062
3061
3061
3061
3060
3059
3059
3059
3059
3058
3058
3057
3057
3057
3057
3056
3056
3056
3056
3055
3055
3055
3055
3055
3054
3054
3054
3051
3051
3051
3051
3050
3050
3050
3049
3047
3047
3047
3047
3047
3046
3046
3044
3067
3043
3043
3042
3042
3042
3041
3041
3039
3039
3039
3038
3038
3038
3037
3037
3037
3036
3036
3036
3036
3035
3035
3035
3034
3033
3033
3033
3033
3033
3033
3033
3032
3032
3031
3030
3030
3041
3029
3029
3029
3028
3028
3027
3027
3026
3026
3026
3025
3025
3031
3024
3024
3024
3023
3021
3021
3020
3020
3019
3018
3017
3017
3016
3015
3015
3014
3014
3014
3012
3012
3012
3012
3012
3010
3009
3008
3008
3008
3008
3008
3008
3008
3008
3007
3007
3005
3005
3005
3004
3004
3004
3004
3003
3003
3003
3003
3002
3001
3001
3000
3000
3000
3000
3000
3000
