443886
412368
403624
316420
295283
286438
284672
269349
266459
263395
261844
259374
254040
252207
246513
246359
240470
237066
234717
230279
228619
221606
216186
214464
207905
205181
188810
187264
178624
178354
170658
169961
168995
168194
159982
158775
158684
157669
155724
153532
153353
151510
150103
149544
148288
146477
145354
144552
143982
143220
142998
141959
141751
139135
136521
136251
136164
133027
132396
132297
130517
128926
128805
128460
127678
125976
124913
121364
117746
116773
115674
115226
114329
114037
113900
113550
111775
111322
111203
110974
110599
110170
107767
106879
106544
106257
105782
105175
104823
103048
102910
101840
101739
99591
98738
98101
98059
97419
97289
97262
97141
96856
96125
94878
94342
93603
92947
92892
92691
92529
90703
90678
90638
90249
90231
89895
89657
89596
89319
88655
88452
88150
88110
87680
87494
87189
87187
86333
86062
85842
85781
85475
85191
85108
84918
84790
84563
84523
84251
84042
83931
83777
83213
83129
82909
82555
82304
81824
81007
80856
80548
79640
79414
79233
78918
78548
78218
77433
77111
76757
76169
75668
75384
74558
74290
74289
74004
73939
73829
73485
73445
73292
73093
73086
72910
72807
72683
72591
72457
72031
71308
70773
70613
70164
69728
69587
69345
69256
69242
69136
68995
68878
68837
68288
67965
67764
67309
67271
67192
67109
67044
66992
66814
66242
66232
66010
65895
65873
65772
65045
65008
64671
64639
64610
64592
64556
64309
63956
63895
63815
63752
63680
63619
62900
61713
61544
61433
61292
61099
60964
60804
60743
60281
60117
60019
59686
59573
59483
59130
58488
58485
58214
58178
57390
57118
56990
56917
56869
56713
56221
56182
56107
56090
56072
55458
55395
55327
54532
54365
54336
54313
54220
54200
54098
53930
53738
53671
53670
53590
53442
53377
53207
53203
53020
52952
52704
52687
52676
52629
52554
52452
52372
52371
52231
52093
52028
51746
51657
51621
51542
51316
51313
51134
51008
50896
50861
50799
50620
50449
50416
50104
49932
49931
49609
49412
48988
48920
48839
48557
48310
48268
48256
48227
48068
47993
47953
47764
47676
47484
47341
47293
47047
46686
46640
46552
46548
46499
46490
46486
46430
46423
46366
46128
46116
46013
45956
45920
45903
45665
45438
45431
45324
45323
45312
45142
45125
45081
44617
44538
44505
44181
44110
44094
43936
43876
43833
43838
43724
43710
43585
43508
43427
43291
43268
43193
43178
43114
43087
43077
42838
42776
42538
42474
42447
42331
42186
42175
42172
42169
41903
41831
41788
41703
41566
41376
41183
41182
41176
41130
41089
41081
40941
40822
40758
40756
40633
40578
40442
40418
40411
40358
40087
39965
39956
39812
39625
39616
39600
39555
39545
39492
39487
39483
39348
39318
39259
38989
38941
38937
38817
38738
38430
38357
38251
38158
38027
37973
37959
37914
37894
37875
37861
37837
37749
37629
37624
37607
37605
37599
37611
37409
37381
37365
37362
37278
37270
37229
37223
37154
37126
37078
37047
37039
36984
36936
36843
36635
36570
36392
36315
36224
36096
36033
35970
35928
35903
35797
35758
35749
35686
35573
35565
35493
35479
35416
35324
35282
35274
35264
35238
35218
35160
35107
35001
34687
34600
34597
34592
34559
34427
34334
34290
34287
34273
34265
34259
34243
34230
34221
34178
34177
34155
34135
34125
34120
34051
34042
34020
34013
34007
34000
33982
33962
33916
33830
33784
33726
33678
33653
33577
33566
33547
33499
33356
33351
33267
33206
33087
33052
33028
32992
32861
32850
32820
32745
32673
32623
32605
32579
32563
32522
32488
32340
32300
32275
32267
32249
32241
32240
32126
32100
32032
31821
31821
31778
31758
31712
31678
31672
31644
31622
31550
31536
31532
31509
31438
31365
31350
31347
31339
31228
31227
31133
31069
31068
30997
30936
30928
30899
30868
30772
30771
30766
30677
30622
30622
30616
30612
30586
30575
30550
30526
30502
30417
30402
30385
30334
30299
30263
30240
30226
30189
30166
30131
30130
30118
30104
30083
30078
30006
29997
29980
29794
29786
29735
29620
29598
29540
29532
29484
29455
29440
29434
29410
29409
29408
29388
29384
29361
29257
29235
29170
29161
29129
29005
29001
28972
28920
28846
28839
28818
28798
28776
28714
28712
28684
28681
28656
28643
28629
28619
28540
28450
28405
28258
28237
28187
28181
28163
28134
28083
28022
27994
27988
27951
27950
27926
27896
27888
27859
27856
27838
27783
27738
27667
27607
27535
27471
27320
27287
27287
27257
27251
27250
27247
27136
27076
27077
27062
27057
26974
26943
26936
26921
26901
26867
26825
26756
26741
26675
26662
26534
26487
26450
26439
26372
26366
26310
26272
26093
26092
26065
26016
25996
25997
25967
25846
25845
25840
25812
25802
25769
25760
25736
25664
25661
25646
25626
25616
25608
25573
25567
25557
25514
25505
25448
25426
25419
25331
25315
25304
25278
25260
25232
25232
25231
25204
25203
25195
25187
25174
25133
25119
25054
24995
24955
24880
24860
24852
24844
24834
24827
24787
24751
24749
24732
24720
24599
24592
24571
24556
24531
24463
24462
24403
24402
24380
24375
24342
24338
24333
24275
24203
24202
24189
24157
24074
24010
23961
23942
23937
23888
23873
23855
23821
23821
23806
23800
23795
23788
23752
23734
23724
23632
23622
23582
23578
23566
23553
23516
23502
23489
23421
23401
23378
23355
23340
23304
23302
23275
23274
23257
23243
23232
23226
23216
23195
23195
23166
23152
23104
23094
23047
23044
23013
22923
22914
22913
22906
22903
22896
22864
22861
22842
22793
22785
22783
22769
22763
22744
22735
22730
22729
22718
22630
22680
22655
22651
22641
22635
22629
22601
22582
22529
22510
22508
22504
22492
22465
22400
22329
22309
22288
22262
22217
22136
22085
22047
22035
22022
22020
22008
21946
21925
21903
21894
21884
21882
21860
21838
21817
21749
21742
21709
21702
21686
21646
21635
21634
21628
21618
21607
21596
21575
21554
21518
21505
21495
21478
21474
21464
21454
21431
21424
21421
21415
21396
21375
21370
21359
21305
21275
21238
21197
21178
21163
21146
21106
21082
21077
21044
21032
21017
20989
20988
20986
21132
20971
20953
20953
20892
20870
20851
20844
20827
20814
20785
20783
20772
20756
20708
20679
20672
20655
20611
20590
20588
20574
20534
20511
20506
20492
20488
20421
20419
20403
20373
20361
20334
20327
20320
20315
20312
20311
20301
20247
20239
20215
20212
20209
20201
20186
20181
20166
20123
20121
20120
20101
20091
20077
20051
20018
19996
19984
19979
19965
19945
19924
19894
19891
19887
19880
19876
19874
19850
19812
19800
19793
19793
19777
19733
19727
19712
19709
19702
19681
19676
19638
19620
19594
19585
19585
19573
19572
19525
19506
19492
19481
19475
19441
19428
19416
19411
19332
19329
19318
19311
19294
19282
19264
19261
19261
19255
19251
19245
19242
19222
19222
19204
19191
19176
19169
19162
19153
19153
19140
19128
19124
19119
19116
19101
19097
19092
19070
19061
19047
19033
19023
19023
18982
18960
18958
18954
18947
18939
18926
18921
18901
18887
18874
18870
18855
18845
18837
18799
18790
18749
18747
18738
18719
18697
18688
18666
18658
18642
18625
18604
18594
18587
18582
18562
18555
18554
18529
18517
18501
18498
18497
18485
18477
18467
18464
18455
18433
18402
18396
18387
18305
18283
18253
18250
18209
18201
18200
18183
18174
18165
18158
18156
18150
18107
18105
18094
18063
18048
18027
18017
17997
17954
17939
17922
17910
17890
17864
17860
17849
17845
17845
17837
17803
17798
17792
17778
17750
17719
17714
17710
17655
17640
17611
17567
17512
17496
17473
17467
17465
17453
17428
17406
17398
17398
17392
17386
17382
17369
17353
17344
17328
17319
17293
17241
17239
17238
17204
17187
17179
17172
17164
17155
17144
17125
17102
17101
17100
17088
17073
17071
17065
17051
17037
17030
17018
17001
16991
16985
16967
16961
16947
16862
16853
16853
16834
16812
16804
16801
16780
16769
16763
16762
16710
16691
16668
16664
16653
16641
16620
16619
16612
16601
16592
16588
16576
16569
16568
16565
16530
16528
16527
16522
16516
16499
16494
16491
16488
16482
16457
16391
16379
16345
16342
16323
16319
16290
16287
16281
16261
16248
16244
16231
16231
16201
16197
16196
16191
16185
16174
16168
16160
16145
16142
16130
16119
16100
16078
16077
16077
16074
16073
16053
16052
16041
16030
16027
16020
16012
16011
16002
15994
15992
15986
15973
15969
15968
15955
15928
15918
15909
15895
15885
15886
15803
15793
15792
15788
15785
15781
15774
15753
15751
15751
15740
15735
15721
15709
15709
15699
15698
15697
15686
15664
15648
15645
15637
15619
15616
15611
15601
15600
15597
15590
15582
15582
15571
15547
15523
15504
15478
15461
15458
15451
15430
15421
15392
15386
15380
15362
15347
15337
15311
15308
15302
15294
15291
15280
15275
15274
15256
15239
15237
15236
15228
15200
15196
15181
15161
15147
15143
15130
15119
15117
15107
15105
15092
15090
15089
15073
15059
15055
15050
15049
15041
15039
15032
15025
15013
15004
14987
14969
14968
14966
14941
14936
14922
14909
14895
14889
14869
14859
14852
14843
14829
14828
14807
14791
14764
14762
14754
14719
14714
14703
14693
14693
14676
14663
14659
14656
14645
14638
14632
14623
14615
14611
14608
14607
14601
14591
14585
14583
14583
14580
14562
14548
14535
14528
14517
14513
14509
14507
14506
14501
14493
14488
14482
14472
14471
14463
14458
14455
14454
14449
14444
14441
14434
14398
14386
14383
14374
14361
14348
14338
14337
14326
14299
14292
14291
14290
14290
14255
14252
14247
14223
14216
14215
14213
14209
14189
14168
14162
14161
14158
14140
14138
14128
14124
14114
14108
14103
14092
14082
14076
14068
14066
14065
14065
14057
14038
14029
14026
14020
14019
14018
14003
14000
14013
14000
13988
13974
13967
13956
13951
13945
13944
13944
13917
13896
13883
13880
13871
13866
13863
13854
13843
13843
13836
13833
13794
13791
13789
13771
13768
13765
13760
13729
13728
13723
13717
13712
13695
13689
13686
13665
13658
13651
13668
13648
13641
13628
13622
13603
13599
13594
13592
13590
13578
13568
13568
13551
13548
13538
13533
13508
13502
13498
13498
13489
13486
13472
13456
13454
13445
13444
13433
13433
13427
13389
13388
13372
13367
13363
13350
13339
13328
13314
13314
13311
13298
13297
13288
13283
13280
13274
13255
13244
13243
13228
13220
13218
13213
13212
13203
13184
13183
13182
13167
13141
13135
13134
13133
13128
13121
13114
13102
13102
13102
13075
13068
13058
13053
13048
13046
13022
13014
12998
12993
12991
12962
12961
12959
12957
12945
12937
12930
12929
12923
12887
12880
12872
12860
12854
12846
12844
12828
12816
12815
12815
12801
12798
12796
12790
12784
12783
12779
12770
12767
12757
12742
12740
12731
12724
12704
12703
12698
12680
12672
12665
12663
12662
12652
12644
12642
12638
12636
12633
12632
12620
12618
12599
12595
12581
12579
12575
12572
12570
12557
12549
12548
12548
12547
12534
12532
12532
12527
12526
12524
12517
12514
12490
12486
12484
12478
12478
12465
12461
12447
12436
12414
12420
12410
12407
12399
12396
12396
12395
12371
12371
12363
12360
12359
12346
12333
12316
12303
12302
12299
12257
12235
12234
12230
12213
12203
12202
12199
12195
12184
12180
12176
12169
12160
12151
12149
12139
12138
12135
12130
12119
12114
12109
12108
12107
12103
12102
12117
12088
12075
12054
12051
12047
12026
12020
12019
12015
12012
12010
12009
12007
11984
11980
11976
11970
11969
11965
11994
11965
11950
11937
11939
11928
11927
11922
11917
11912
11903
11883
11880
11857
11852
11852
11851
11848
11845
11830
11826
11825
11819
11819
11818
11812
11806
11804
11798
11795
11793
11781
11768
11765
11763
11757
11754
11751
11744
11742
11736
11724
11707
11703
11703
11697
11697
11694
11691
11682
11677
11669
11654
11644
11636
11632
11631
11628
11626
11624
11619
11613
11611
11596
11586
11585
11584
11572
11564
11556
11551
11550
11521
11521
11512
11502
11499
11493
11492
11491
11480
11470
11450
11445
11441
11429
11428
11422
11421
11421
11397
11395
11394
11384
11379
11377
11372
11364
11355
11351
11349
11345
11340
11325
11319
11300
11298
11292
11292
11287
11277
11273
11270
11260
11260
11252
11250
11219
11210
11208
11204
11203
11201
11200
11200
11194
11193
11186
11176
11170
11168
11167
11165
11161
11157
11150
11131
11130
11130
11118
11118
11115
11113
11102
11098
11079
11079
11078
11061
11047
11045
11042
11041
11037
11033
11019
11014
11011
11000
11000
11002
10998
10997
10996
10985
10985
10984
10982
10981
10977
10972
10964
10962
10958
10954
10950
10943
10940
10934
10933
10907
10905
10899
10897
10891
10885
10875
10875
10873
10872
10865
10811
10804
10792
10791
10790
10788
10787
10721
10773
10772
10765
10763
10757
10754
10741
10737
10735
10734
10730
10723
10715
10710
10709
10703
10702
10698
10696
10685
10682
10680
10671
10659
10653
10646
10643
10640
10638
10636
10657
10623
10602
10601
10596
10594
10585
10578
10571
10568
10556
10552
10550
10549
10543
10542
10540
10537
10526
10521
10513
10512
10508
10484
10473
10472
10471
10471
10454
10447
10446
10445
10443
10439
10428
10428
10427
10416
10415
10412
10406
10396
10394
10387
10386
10386
10385
10385
10383
10381
10376
10357
10355
10348
10341
10337
10325
10325
10324
10323
10322
10319
10316
10311
10298
10289
10288
10277
10258
10246
10262
10236
10227
10224
10219
10219
10218
10216
10212
10212
10205
10204
10202
10200
10197
10196
10188
10186
10181
10173
10156
10149
10142
10127
10136
10120
10107
10106
10104
10057
10053
10032
10025
10023
10007
10004
10000
9987
9986
9977
9969
9962
9962
9954
9954
9953
9948
9944
9932
9932
9920
9911
9905
9902
9901
9899
9897
9890
9888
9886
9885
9881
9877
9873
9867
9855
9851
9843
9843
9842
9832
9830
9827
9822
9818
9816
9813
9811
9805
9803
9802
9792
9790
9785
9784
9779
9777
9764
9764
9762
9755
9744
9742
9737
9731
9730
9712
9710
9709
9707
9706
9703
9701
9699
9695
9694
9694
9692
9689
9685
9685
9684
9682
9663
9655
9652
9648
9647
9634
9633
9630
9629
9617
9616
9611
9611
9605
9598
9597
9596
9614
9584
9583
9578
9576
9573
9567
9558
9555
9554
9552
9552
9552
9550
9549
9547
9540
9539
9532
9525
9518
9518
9512
9521
9510
9522
9498
9495
9495
9494
9489
9477
9475
9475
9468
9461
9460
9456
9448
9447
9443
9440
9440
9437
9433
9432
9431
9431
9427
9419
9416
9410
9409
9404
9403
9396
9395
9393
9389
9389
9387
9386
9379
9365
9361
9357
9353
9349
9344
9344
9343
9330
9320
9316
9308
9306
9303
9301
9301
9297
9296
9294
9291
9288
9282
9282
9278
9271
9263
9261
9261
9256
9243
9235
9231
9229
9229
9228
9216
9215
9214
9210
9208
9202
9199
9195
9175
9172
9169
9162
9154
9150
9149
9141
9141
9138
9137
9128
9124
9123
9122
9121
9120
9114
9113
9112
9111
9109
9101
9100
9099
9098
9094
9091
9088
9087
9085
9084
9077
9075
9072
9072
9062
9058
9056
9054
9049
9046
9040
9040
9036
9030
9028
9020
9010
9014
9001
8998
8998
8995
8992
8986
8975
8973
8970
8969
8968
8966
8964
8964
8961
8956
8955
8954
8953
8953
8951
8947
8933
8925
8925
8924
8918
8909
8906
8904
8903
8899
8896
8892
8892
8891
8891
8889
8887
8885
8883
8883
8876
8872
8851
8848
8848
8846
8838
8835
8833
8832
8832
8831
8828
8820
8817
8810
8810
8804
8804
8804
8798
8794
8793
8778
8777
8771
8768
8764
8762
8762
8759
8754
8753
8751
8750
8750
8749
8743
8737
8735
8727
8725
8721
8719
8718
8715
8714
8714
8712
8710
8701
8694
8693
8688
8672
8672
8667
8666
8663
8660
8655
8648
8638
8633
8632
8628
8625
8623
8621
8620
8620
8611
8610
8606
8604
8604
8603
8601
8598
8596
8596
8584
8584
8584
8583
8582
8578
8557
8556
8551
8550
8546
8545
8544
8537
8534
8532
8531
8530
8523
8522
8520
8517
8516
8507
8500
8499
8494
8492
8491
8489
8488
8477
8477
8474
8466
8463
8460
8460
8459
8457
8454
8451
8445
8443
8439
8437
8430
8428
8425
8424
8424
8423
8422
8419
8415
8413
8407
8405
8403
8401
8401
8393
8391
8384
8381
8381
8380
8379
8379
8378
8374
8374
8373
8369
8364
8363
8362
8362
8358
8355
8353
8353
8349
8348
8344
8342
8341
8339
8325
8325
8324
8310
8308
8299
8299
8298
8297
8294
8293
8286
8282
8280
8277
8276
8293
8272
8270
8268
8265
8262
8262
8261
8261
8260
8260
8259
8258
8258
8250
8250
8249
8234
8228
8225
8224
8224
8221
8220
8216
8216
8213
8211
8209
8203
8202
8200
8200
8195
8187
8184
8183
8181
8174
8158
8153
8144
8142
8139
8137
8135
8134
8126
8125
8125
8123
8123
8120
8116
8106
8104
8103
8102
8099
8099
8099
8096
8088
8086
8085
8083
8078
8075
8075
8074
8072
8068
8063
8057
8055
8048
8041
8040
8040
8039
8039
8036
8034
8027
8024
8024
8023
8022
8022
8020
8018
8015
8011
8011
8009
7996
7988
7987
7983
7981
7979
7973
7972
7970
7964
7960
7956
7944
7939
7939
7935
7935
7934
7934
7931
7935
7925
7912
7902
7897
7897
7887
7882
7881
7871
7871
7870
7865
7863
7862
7862
7862
7859
7858
7853
7853
7852
7851
7850
7849
7847
7846
7840
7836
7834
7834
7829
7826
7826
7819
7818
7815
7814
7812
7811
7810
7810
7809
7807
7803
7802
7801
7798
7795
7784
7784
7779
7774
7773
7773
7772
7769
7769
7767
7764
7761
7758
7755
7751
7748
7747
7747
7744
7742
7740
7738
7737
7736
7728
7727
7726
7726
7724
7724
7715
7713
7713
7711
7703
7700
7699
7699
7700
7696
7694
7693
7692
7691
7680
7678
7677
7677
7675
7670
7667
7651
7651
7648
7648
7647
7646
7645
7643
7641
7641
7638
7638
7635
7631
7620
7619
7618
7614
7614
7610
7604
7603
7598
7597
7596
7595
7591
7590
7584
7579
7566
7561
7557
7557
7556
7555
7554
7554
7553
7553
7551
7551
7548
7546
7546
7539
7528
7520
7519
7508
7504
7503
7501
7498
7495
7494
7492
7486
7482
7481
7478
7477
7472
7471
7470
7468
7467
7467
7459
7456
7454
7452
7452
7451
7486
7446
7442
7441
7440
7439
7438
7436
7432
7424
7420
7419
7413
7407
7404
7403
7402
7400
7400
7397
7397
7396
7393
7391
7387
7386
7385
7380
7378
7377
7349
7348
7347
7345
7341
7335
7327
7324
7317
7313
7312
7302
7298
7296
7294
7292
7289
7281
7281
7280
7278
7276
7274
7274
7274
7274
7271
7269
7268
7263
7260
7260
7259
7259
7251
7250
7249
7246
7244
7239
7236
7233
7232
7231
7231
7223
7221
7221
7221
7212
7212
7208
7206
7203
7200
7190
7187
7182
7182
7176
7174
7172
7171
7168
7168
7168
7165
7159
7153
7148
7147
7147
7146
7143
7141
7140
7135
7135
7131
7131
7130
7130
7128
7126
7119
7118
7109
7106
7113
7103
7101
7098
7096
7089
7089
7088
7087
7087
7083
7080
7076
7070
7070
7069
7068
7059
7055
7049
7046
7046
7045
7045
7045
7045
7042
7042
7041
7041
7033
7032
7032
7029
7019
7019
7016
7016
7016
7015
7013
7013
7012
7012
7011
7010
7008
7008
7005
7005
7003
7001
6999
6998
6996
6994
6991
6983
6980
6978
6975
6974
6971
6971
6969
6966
6962
6959
6959
6957
6957
6957
6956
6955
6955
6945
6943
6940
6938
6933
6915
6914
6914
6912
6911
6911
6904
6897
6897
6895
6893
6891
6885
6885
6884
6879
6877
6876
6874
6873
6870
6869
6867
6867
6864
6863
6862
6858
6857
6857
6854
6852
6850
6849
6846
6845
6844
6844
6842
6834
6833
6828
6826
6824
6823
6819
6818
6812
6807
6798
6794
6792
6792
6786
6785
6784
6784
6781
6779
6778
6777
6775
6775
6773
6772
6768
6766
6765
6764
6764
6764
6651
6761
6760
6760
6759
6758
6758
6758
6751
6750
6749
6745
6745
6744
6742
6740
6739
6739
6736
6732
6730
6727
6725
6722
6718
6716
6715
6714
6711
6710
6703
6691
6689
6687
6686
6684
6682
6680
6677
6675
6672
6668
6667
6661
6660
6660
6656
6650
6647
6646
6640
6639
6639
6638
6635
6629
6627
6626
6625
6625
6620
6617
6614
6611
6610
6609
6608
6607
6606
6606
6605
6605
6604
6604
6601
6600
6593
6591
6591
6601
6585
6585
6584
6584
6581
6579
6579
6575
6573
6570
6568
6567
6567
6567
6564
6562
6559
6559
6559
6557
6556
6555
6554
6553
6552
6547
6543
6543
6542
6541
6541
6540
6539
6537
6535
6533
6532
6527
6527
6527
6640
6525
6524
6522
6515
6514
6504
6501
6501
6500
6500
6499
6499
6496
6493
6493
6492
6492
6488
6488
6486
6482
6481
6480
6480
6478
6476
6475
6474
6467
6463
6462
6461
6458
6456
6454
6453
6451
6443
6441
6440
6438
6436
6435
6433
6432
6429
6420
6420
6414
6414
6413
6411
6410
6409
6408
6405
6403
6403
6403
6402
6402
6401
6400
6400
6398
6398
6397
6395
6394
6394
6393
6393
6392
6388
6388
6388
6384
6382
6378
6375
6375
6373
6372
6372
6370
6366
6368
6363
6363
6363
6362
6355
6352
6351
6350
6347
6346
6344
6341
6341
6338
6338
6337
6335
6334
6333
6330
6329
6328
6325
6323
6317
6317
6315
6315
6314
6313
6312
6309
6309
6307
6306
6301
6298
6293
6292
6291
6291
6287
6282
6278
6278
6277
6275
6271
6270
6270
6269
6267
6266
6265
6264
6262
6261
6261
6260
6260
6259
6258
6255
6253
6253
6252
6252
6251
6251
6246
6244
6241
6239
6236
6236
6234
6233
6231
6231
6229
6227
6227
6226
6225
6224
6223
6223
6215
6214
6213
6211
6211
6211
6210
6209
6208
6207
6207
6202
6202
6200
6200
6199
6198
6198
6198
6195
6194
6191
6190
6188
6185
6184
6184
6183
6182
6181
6181
6180
6177
6176
6176
6175
6174
6174
6170
6169
6168
6167
6166
6166
6165
6158
6152
6152
6152
6151
6149
6148
6148
6143
6139
6137
6135
6135
6134
6132
6132
6131
6130
6123
6123
6123
6122
6120
6111
6110
6109
6108
6108
6108
6108
6102
6104
6100
6098
6098
6095
6095
6093
6093
6092
6091
6090
6090
6090
6088
6087
6086
6086
6085
6081
6081
6080
6078
6070
6067
6067
6066
6066
6066
6066
6066
6064
6064
6063
6063
6061
6060
6058
6057
6056
6056
6055
6053
6049
6046
6042
6041
6041
6040
6038
6038
6036
6032
6031
6029
6029
6027
6025
6026
6022
6020
6019
6016
6014
6011
6011
6009
6009
6007
6007
6007
6006
6004
6003
6002
6000
5993
5992
5994
5990
5988
5987
5984
5983
5980
5979
5978
5976
5975
5974
5971
5969
5968
5965
5963
5962
5961
5957
5957
5951
5943
5941
5939
5938
5937
5936
5934
5934
5933
5932
5931
5929
5925
5917
5915
5915
5914
5910
5909
5908
5907
5904
5901
5901
5899
5897
5895
5892
5891
5890
5890
5889
5889
5887
5884
5883
5881
5881
5879
5877
5875
5872
5870
5870
5870
5869
5868
5867
5867
5864
5861
5860
5858
5853
5852
5852
5850
5849
5847
5845
5845
5844
5843
5843
5843
5841
5841
5840
5837
5837
5835
5831
5830
5829
5829
5827
5826
5824
5823
5822
5819
5819
5818
5815
5812
5811
5808
5807
5807
5806
5806
5806
5805
5804
5803
5802
5801
5805
5799
5796
5791
5790
5790
5789
5785
5784
5784
5783
5781
5779
5777
5774
5773
5772
5769
5769
5768
5768
5766
5765
5764
5762
5755
5753
5752
5751
5749
5749
5748
5748
5747
5743
5741
5739
5738
5737
5734
5733
5731
5731
5730
5728
5727
5727
5724
5722
5721
5720
5720
5719
5716
5713
5713
5713
5712
5712
5711
5708
5708
5707
5703
5702
5701
5700
5697
5696
5693
5692
5692
5692
5690
5686
5684
5682
5681
5679
5678
5677
5675
5674
5674
5673
5671
5669
5668
5667
5666
5666
5666
5665
5665
5663
5661
5652
5650
5649
5648
5645
5645
5644
5641
5639
5632
5630
5629
5628
5628
5628
5627
5626
5626
5623
5620
5619
5619
5618
5616
5614
5613
5609
5608
5605
5605
5607
5601
5596
5596
5595
5595
5594
5594
5593
5592
5591
5590
5590
5588
5587
5584
5580
5580
5580
5579
5577
5576
5572
5571
5570
5570
5569
5569
5568
5568
5567
5565
5564
5563
5561
5561
5560
5560
5559
5559
5558
5558
5556
5555
5551
5551
5546
5540
5538
5536
5535
5533
5533
5531
5531
5525
5522
5520
5520
5517
5517
5516
5516
5514
5513
5513
5513
5510
5507
5507
5505
5505
5505
5503
5502
5502
5501
5499
5498
5496
5495
5495
5493
5493
5491
5487
5486
5485
5485
5480
5480
5478
5474
5473
5473
5473
5467
5466
5466
5465
5465
5464
5463
5462
5462
5460
5460
5459
5453
5451
5450
5450
5449
5449
5447
5445
5441
5438
5437
5437
5435
5433
5432
5431
5430
5430
5426
5426
5424
5423
5443
5422
5421
5420
5418
5418
5418
5417
5417
5416
5416
5416
5416
5451
5414
5413
5413
5409
5408
5408
5407
5405
5402
5400
5399
5398
5396
5394
5393
5392
5389
5388
5387
5384
5383
5383
5381
5381
5380
5380
5378
5375
5374
5373
5371
5370
5370
5370
5373
5367
5367
5366
5366
5365
5365
5364
5362
5363
5360
5358
5358
5353
5353
5351
5351
5351
5349
5348
5346
5346
5346
5345
5345
5343
5343
5339
5337
5337
5336
5335
5334
5333
5330
5329
5329
5328
5325
5322
5322
5321
5320
5317
5317
5315
5312
5311
5306
5306
5305
5305
5298
5298
5298
5298
5297
5296
5292
5292
5289
5287
5286
5284
5283
5283
5281
5280
5279
5279
5277
5276
5276
5275
5274
5274
5272
5270
5270
5266
5264
5264
5263
5262
5262
5261
5261
5259
5259
5257
5256
5255
5254
5248
5248
5248
5247
5243
5243
5241
5240
5239
5239
5234
5233
5233
5232
5232
5231
5228
5228
5226
5225
5223
5223
5222
5220
5219
5218
5217
5216
5213
5212
5211
5211
5210
5210
5208
5207
5205
5205
5202
5200
5199
5198
5198
5193
5193
5192
5188
5187
5186
5184
5180
5179
5177
5177
5176
5172
5172
5171
5169
5169
5169
5168
5166
5163
5163
5160
5158
5158
5157
5157
5154
5154
5153
5153
5149
5148
5146
5145
5145
5143
5141
5141
5139
5137
5136
5136
5132
5132
5130
5129
5128
5126
5125
5123
5122
5119
5119
5118
5116
5115
5113
5112
5110
5110
5110
5110
5109
5109
5108
5104
5102
5100
5097
5097
5094
5094
5093
5093
5092
5092
5090
5088
5088
5088
5088
5088
5083
5083
5081
5083
5078
5078
5077
5077
5076
5076
5075
5074
5073
5071
5068
5067
5067
5066
5065
5064
5063
5063
5061
5060
5060
5060
5058
5056
5056
5055
5054
5053
5051
5051
5050
5050
5049
5047
5047
5046
5044
5044
5044
5044
5042
5037
5037
5036
5036
5035
5035
5035
5034
5034
5033
5032
5032
5031
5031
5025
5023
5022
5021
5021
5021
5018
5018
5016
5014
5013
5013
5012
5012
5011
5010
5008
5006
5005
5005
5005
5004
5003
5002
5000
4999
4999
4998
4997
4997
4996
4993
4991
4990
4981
4981
4980
4980
4980
4980
4980
4979
4979
4978
4977
4976
4975
4974
4974
4973
4971
4969
4968
4965
4962
4957
4957
4956
4955
4955
4951
4951
4950
4950
4949
4948
4948
4947
4943
4942
4941
4940
4940
4937
4937
4935
4933
4933
4932
4930
4928
4927
4926
4926
4923
4920
4920
4917
4917
4914
4914
4913
4913
4911
4909
4908
4908
4907
4906
4906
4905
4901
4900
4899
4898
4893
4892
4891
4891
4891
4890
4889
4889
4889
4888
5082
4888
4886
4889
4885
4885
4884
4884
4884
4882
4880
4879
4878
4878
4878
4877
4877
4877
4876
4876
4876
4874
4874
4874
4871
4870
4870
4868
4867
4866
4864
4863
4863
4862
4861
4861
4861
4860
4860
4860
4856
4855
4854
4850
4849
4847
4845
4844
4843
4839
4838
4838
4837
4836
4833
4833
4830
4829
4829
4828
4827
4826
4825
4824
4824
4823
4823
4823
4823
4821
4821
4820
4819
4818
4817
4816
4815
4815
4814
4813
4813
4813
4811
4811
4810
4807
4806
4805
4804
4801
4801
4801
4799
4799
4794
4794
4793
4793
4793
4793
4792
4792
4791
4789
4789
4786
4785
4784
4783
4782
4781
4779
4777
4776
4774
4774
4773
4771
4769
4767
4767
4767
4765
4764
4779
4762
4761
4760
4758
4757
4756
4754
4754
4753
4751
4751
4750
4747
4746
4746
4743
4742
4741
4740
4735
4734
4731
4730
4727
4727
4727
4726
4725
4724
4724
4723
4722
4721
4719
4716
4716
4714
4713
4713
4712
4711
4711
4710
4710
4710
4709
4709
4706
4704
4703
4703
4700
4700
4700
4693
4692
4691
4691
4690
4689
4684
4680
4679
4679
4676
4676
4676
4673
4672
4671
4670
4669
4668
4668
4667
4667
4666
4666
4663
4663
4662
4662
4661
4661
4661
4660
4659
4657
4657
4656
4656
4655
4655
4655
4655
4655
4654
4653
4651
4650
4650
4647
4645
4642
4640
4637
4637
4636
4634
4634
4634
4633
4628
4628
4628
4628
4627
4626
4625
4625
4622
4622
4621
4620
4619
4616
4616
4614
4613
4611
4610
4610
4609
4608
4607
4607
4606
4603
4602
4601
4601
4599
4599
4597
4597
4595
4594
4593
4591
4590
4588
4588
4588
4587
4587
4583
4582
4580
4578
4577
4576
4576
4573
4573
4572
4572
4570
4569
4569
4566
4565
4565
4565
4564
4564
4564
4564
4563
4563
4563
4559
4557
4557
4556
4556
4556
4555
4553
4553
4552
4551
4551
4551
4550
4548
4546
4545
4544
4543
4543
4542
4541
4541
4539
4538
4538
4538
4538
4538
4537
4535
4535
4534
4534
4533
4533
4533
4532
4531
4530
4530
4530
4530
4526
4523
4521
4521
4518
4515
4515
4513
4512
4511
4511
4510
4510
4509
4507
4506
4506
4502
4502
4502
4502
4501
4500
4499
4499
4499
4498
4498
4496
4495
4495
4493
4493
4492
4489
4489
4489
4488
4488
4488
4488
4486
4485
4484
4483
4482
4481
4481
4481
4480
4479
4479
4474
4474
4472
4471
4471
4470
4468
4468
4468
4466
4466
4466
4465
4463
4463
4463
4462
4458
4457
4457
4457
4456
4456
4452
4452
4451
4449
4449
4449
4448
4448
4447
4446
4445
4445
4444
4444
4444
4443
4442
4442
4441
4440
4439
4438
4437
4436
4443
4433
4433
4432
4429
4428
4425
4423
4422
4418
4418
4416
4416
4415
4413
4411
4411
4410
4409
4409
4408
4408
4408
4408
4407
4407
4406
4405
4404
4401
4401
4400
4399
4398
4398
4398
4397
4396
4396
4395
4395
4394
4393
4392
4392
4390
4390
4388
4385
4384
4383
4383
4383
4382
4382
4380
4377
4376
4376
4376
4376
4375
4374
4374
4374
4373
4372
4372
4371
4371
4371
4367
4366
4364
4363
4363
4361
4361
4361
4360
4359
4357
4357
4355
4355
4354
4353
4353
4351
4350
4349
4349
4346
4345
4345
4343
4343
4340
4340
4338
4338
4337
4335
4335
4332
4332
4331
4326
4325
4323
4323
4322
4322
4322
4321
4321
4321
4319
4318
4316
4314
4314
4313
4313
4311
4311
4311
4311
4311
4310
4309
4307
4307
4307
4307
4306
4306
4305
4305
4302
4302
4296
4296
4293
4292
4292
4291
4287
4287
4287
4287
4290
4286
4284
4284
4284
4283
4281
4281
4281
4281
4280
4278
4278
4275
4274
4273
4273
4273
4272
4271
4270
4267
4267
4266
4264
4264
4262
4260
4259
4258
4258
4258
4258
4257
4257
4253
4250
4249
4248
4246
4246
4245
4245
4244
4243
4242
4240
4240
4240
4240
4239
4239
4239
4239
4237
4237
4237
4236
4235
4233
4230
4229
4229
4228
4228
4226
4225
4224
4223
4221
4221
4219
4218
4218
4218
4216
4216
4216
4212
4209
4207
4207
4205
4205
4205
4205
4204
4204
4204
4202
4201
4308
4198
4197
4197
4197
4196
4195
4194
4194
4192
4191
4189
4188
4186
4186
4186
4186
4186
4185
4185
4183
4183
4182
4182
4182
4182
4186
4179
4179
4177
4176
4176
4174
4173
4172
4171
4171
4171
4170
4169
4169
4167
4166
4166
4165
4165
4165
4164
4163
4162
4161
4159
4159
4158
4158
4156
4155
4153
4152
4151
4151
4150
4150
4149
4149
4148
4148
4151
4146
4145
4145
4145
4144
4144
4142
4139
4139
4139
4137
4133
4131
4129
4129
4128
4127
4126
4125
4125
4123
4122
4120
4118
4117
4114
4112
4110
4110
4110
4110
4109
4104
4104
4104
4103
4103
4102
4102
4101
4100
4100
4099
4099
4095
4094
4094
4094
4094
4092
4092
4091
4090
4090
4089
4088
4088
4087
4086
4086
4084
4084
4084
4083
4083
4082
4082
4081
4081
4078
4078
4077
4077
4076
4073
4073
4073
4072
4072
4072
4071
4071
4070
4068
4068
4067
4067
4067
4067
4065
4065
4063
4063
4060
4059
4059
4057
4056
4056
4056
4056
4055
4054
4053
4053
4053
4052
4051
4051
4051
4050
4050
4050
4049
4049
4048
4048
4047
4046
4046
4045
4043
4043
4042
4040
4040
4040
4040
4040
4039
4038
4037
4035
4035
4035
4035
4034
4033
4032
4032
4031
4031
4031
4030
4029
4029
4029
4029
4028
4043
4027
4026
4026
4026
4024
4023
4022
4022
4022
4022
4021
4021
4021
4019
4019
4019
4018
4018
4018
4016
4015
4014
4014
4013
4013
4012
4012
4012
4011
4011
4010
4010
4009
4009
4009
4008
4008
4008
4007
4007
4005
4004
4002
4000
4000
3999
3999
3997
3997
3997
3997
3994
3992
3992
3990
3990
3990
3988
3988
3987
3987
3987
3986
3986
3986
3986
3986
3985
3985
3983
3983
3983
3983
3983
3983
3982
3981
3981
3981
3981
3979
3978
3978
3977
3976
3975
3974
3974
3973
3973
3973
3972
3971
3970
3970
3970
3970
3969
3967
3965
3965
3965
3964
3963
3963
3962
3961
3958
3955
3953
3953
3953
3952
3952
3950
3947
3947
3947
3946
3945
3944
3944
3943
3943
3942
3941
3941
3941
3940
3940
3940
3940
3937
3936
3936
3936
3933
3932
3932
3932
3930
3927
3927
3946
3926
3924
3921
3921
3920
3919
3918
3917
3917
3917
3915
3914
3913
3910
3904
3904
3904
3903
3902
3901
3901
3899
3899
3899
3898
3897
3895
3894
3893
3892
3892
3892
3891
3891
3890
3890
3889
3886
3886
3885
3884
3884
3883
3883
3882
3882
3881
3881
3881
3881
3880
3878
3878
3878
3877
3877
3876
3876
3874
3873
3872
3872
3870
3870
3869
3867
3866
3866
3866
3865
3865
3864
3864
3863
3863
3861
3860
3860
3859
3859
3858
3857
3856
3854
3854
3853
3852
3852
3852
3850
3848
3847
3847
3847
3846
3845
3845
3842
3841
3840
3840
3838
3837
3837
3836
3836
3836
3835
3835
3834
3833
3830
3829
3828
3828
3828
3828
3828
3827
3827
3827
3825
3825
3823
3823
3820
3819
3818
3817
3817
3815
3813
3813
3813
3813
3812
3812
3811
3811
3811
3810
3810
3809
3808
3808
3807
3807
3807
3805
3805
3804
3803
3802
3801
3800
3799
3798
3798
3798
3796
3796
3795
3795
3795
3794
3794
3794
3794
3794
3683
3793
3793
3792
3792
3792
3792
3791
3790
3790
3790
3790
3788
3788
3786
3785
3784
3783
3783
3783
3783
3782
3781
3780
3780
3779
3778
3778
3777
3777
3776
3776
3776
3775
3774
3774
3774
3773
3773
3772
3771
3771
3771
3770
3770
3768
3768
3768
3767
3767
3767
3766
3764
3762
3762
3761
3760
3760
3760
3760
3759
3758
3757
3774
3756
3756
3756
3754
3754
3754
3753
3753
3751
3751
3751
3751
3751
3751
3749
3749
3748
3748
3747
3746
3746
3745
3745
3744
3744
3743
3742
3741
3740
3740
3740
3740
3740
3739
3739
3739
3738
3737
3737
3737
3736
3735
3735
3734
3733
3731
3731
3729
3728
3727
3727
3727
3726
3725
3725
3724
3724
3723
3721
3721
3721
3720
3719
3719
3717
3717
3716
3715
3711
3711
3710
3710
3709
3709
3709
3707
3706
3706
3705
3705
3704
3704
3702
3702
3701
3701
3698
3698
3698
3696
3696
3696
3696
3695
3695
3695
3695
3694
3692
3692
3691
3690
3690
3687
3687
3686
3686
3685
3685
3684
3683
3683
3683
3682
3682
3682
3681
3680
3679
3679
3678
3678
3677
3677
3675
3675
3675
3674
3673
3672
3672
3671
3670
3670
3670
3669
3669
3669
3669
3668
3668
3668
3667
3677
3667
3667
3666
3664
3664
3663
3663
3663
3663
3663
3662
3661
3661
3659
3658
3658
3658
3657
3656
3656
3656
3655
3655
3654
3654
3653
3653
3652
3652
3651
3651
3650
3650
3649
3649
3648
3647
3646
3645
3645
3644
3644
3642
3642
3642
3641
3640
3639
3639
3639
3639
3638
3636
3636
3634
3633
3633
3632
3631
3630
3630
3629
3628
3628
3627
3627
3626
3626
3625
3625
3623
3620
3620
3618
3617
3616
3614
3614
3614
3614
3614
3614
3613
3612
3611
3610
3610
3609
3609
3609
3607
3606
3606
3604
3604
3604
3603
3603
3602
3602
3601
3599
3599
3598
3598
3597
3597
3596
3596
3596
3596
3595
3594
3594
3594
3594
3594
3593
3593
3593
3592
3591
3590
3589
3589
3589
3589
3589
3588
3588
3588
3588
3586
3586
3585
3585
3585
3584
3583
3582
3581
3581
3580
3580
3579
3579
3574
3574
3571
3570
3570
3569
3569
3568
3568
3568
3566
3566
3566
3565
3564
3564
3564
3564
3562
3560
3559
3558
3558
3558
3557
3557
3557
3557
3557
3556
3555
3554
3554
3553
3553
3552
3552
3552
3551
3551
3551
3551
3551
3549
3548
3547
3545
3543
3543
3542
3542
3540
3540
3540
3540
3539
3537
3537
3537
3537
3536
3533
3532
3532
3532
3532
3531
3531
3531
3531
3530
3530
3530
3529
3532
3529
3528
3527
3524
3524
3524
3523
3523
3522
3522
3522
3521
3520
3520
3519
3524
3517
3517
3516
3516
3514
3514
3513
3512
3512
3511
3510
3510
3510
3510
3509
3509
3509
3506
3506
3505
3504
3504
3503
3503
3502
3501
3501
3501
3501
3501
3501
3500
3499
3499
3498
3498
3497
3497
3497
3496
3494
3493
3493
3492
3492
3491
3490
3487
3487
3487
3486
3486
3485
3485
3485
3484
3483
3483
3483
3480
3479
3479
3479
3477
3475
3475
3474
3474
3473
3473
3472
3470
3470
3470
3469
3469
3469
3467
3466
3465
3465
3463
3463
3463
3462
3459
3459
3457
3457
3456
3455
3454
3453
3453
3453
3453
3452
3451
3451
3451
3451
3450
3449
3449
3448
3446
3446
3446
3446
3445
3445
3444
3443
3442
3441
3441
3440
3438
3440
3437
3435
3434
3432
3431
3431
3430
3430
3428
3428
3434
3427
3427
3425
3424
3424
3424
3424
3423
3423
3423
3423
3423
3423
3423
3422
3421
3420
3420
3420
3418
3418
3418
3417
3417
3417
3416
3416
3414
3414
3413
3413
3412
3411
3411
3411
3410
3410
3410
3409
3409
3409
3407
3407
3407
3406
3406
3406
3405
3405
3403
3402
3401
3401
3401
3397
3397
3396
3396
3396
3396
3395
3395
3394
3393
3393
3392
3392
3392
3391
3391
3390
3388
3388
3387
3387
3385
3385
3385
3384
3384
3383
3382
3382
3381
3381
3380
3379
3378
3378
3378
3376
3375
3375
3373
3372
3372
3371
3370
3369
3369
3367
3366
3365
3365
3365
3365
3365
3365
3364
3364
3364
3364
3363
3362
3362
3360
3360
3360
3359
3359
3359
3358
3358
3357
3357
3356
3355
3355
3355
3355
3355
3354
3353
3353
3352
3351
3351
3350
3349
3348
3346
3346
3345
3345
3344
3343
3343
3341
3340
3340
3342
3339
3337
3337
3336
3335
3334
3333
3333
3332
3332
3331
3331
3331
3330
3330
3330
3329
3327
3327
3326
3326
3326
3326
3325
3325
3324
3323
3323
3323
3320
3319
3318
3318
3317
3317
3317
3317
3316
3315
3315
3314
3314
3313
3313
3313
3313
3312
3312
3312
3311
3308
3307
3307
3307
3305
3305
3305
3305
3304
3304
3304
3303
3302
3302
3301
3301
3301
3300
3300
3300
3300
3299
3299
3299
3299
3299
3298
3298
3298
3297
3296
3296
3296
3295
3295
3294
3294
3293
3293
3292
3292
3292
3291
3291
3290
3289
3289
3286
3286
3286
3286
3285
3285
3284
3284
3284
3283
3282
3281
3281
3397
3280
3279
3279
3279
3278
3278
3278
3276
3275
3275
3275
3274
3274
3273
3272
3272
3271
3271
3271
3270
3270
3270
3269
3268
3273
3268
3267
3267
3266
3265
3265
3265
3264
3264
3263
3263
3262
3260
3259
3259
3259
3258
3258
3258
3257
3257
3257
3256
3256
3252
3252
3251
3251
3251
3251
3250
3250
3250
3249
3249
3249
3249
3248
3248
3248
3247
3247
3247
3246
3246
3245
3244
3244
3244
3243
3243
3243
3241
3238
3238
3237
3237
3235
3234
3234
3234
3234
3233
3232
3232
3231
3231
3231
3230
3229
3229
3228
3228
3226
3226
3225
3223
3223
3223
3223
3222
3222
3221
3221
3220
3220
3218
3218
3217
3215
3215
3215
3215
3223
3212
3211
3211
3210
3210
3209
3209
3208
3208
3208
3208
3208
3208
3207
3206
3206
3204
3204
3204
3204
3203
3203
3201
3200
3200
3199
3199
3199
3198
3198
3197
3197
3197
3197
3197
3197
3195
3195
3195
3193
3193
3193
3192
3192
3192
3192
3191
3191
3190
3189
3191
3187
3192
3184
3184
3183
3183
3183
3183
3182
3182
3182
3181
3181
3181
3178
3178
3177
3177
3177
3176
3175
3174
3174
3174
3173
3171
3171
3171
3171
3171
3171
3170
3169
3168
3168
3167
3167
3166
3166
3165
3165
3165
3165
3165
3164
3164
3163
3163
3163
3162
3161
3161
3160
3160
3159
3159
3159
3159
3158
3157
3157
3156
3156
3156
3155
3155
3155
3154
3154
3153
3153
3152
3151
3151
3150
3149
3149
3149
3148
3148
3148
3148
3146
3146
3146
3145
3145
3145
3145
3157
3144
3144
3144
3142
3141
3141
3140
3139
3138
3138
3137
3137
3135
3134
3133
3133
3133
3132
3132
3132
3132
3131
3130
3129
3128
3128
3128
3128
3127
3126
3126
3124
3124
3123
3123
3123
3122
3122
3122
3121
3121
3121
3121
3121
3120
3120
3120
3120
3120
3119
3119
3119
3119
3119
3119
3117
3117
3115
3114
3113
3113
3113
3113
3112
3112
3112
3111
3111
3109
3108
3108
3108
3108
3107
3107
3107
3105
3104
3104
3104
3103
3101
3101
3100
3099
3099
3099
3098
3098
3098
3097
3097
3095
3095
3094
3094
3094
3093
3093
3092
3092
3091
3091
3090
3090
3090
3090
3090
3090
3089
3089
3089
3089
3089
3087
3087
3087
3085
3085
3084
3084
3084
3084
3084
3084
3084
3084
3083
3082
3082
3082
3081
3080
3080
3080
3079
3078
3078
3077
3077
3076
3075
3074
3074
3072
3071
3070
3070
3069
3069
3069
3067
3066
3066
3066
3066
3065
3065
3064
3063
3062
3060
3060
3060
3059
3059
3057
3057
3056
3055
3055
3054
3054
3053
3052
3051
3050
3049
3049
3048
3048
3047
3046
3046
3046
3046
3044
3044
3042
3041
3040
3040
3040
3039
3039
3039
3039
3038
3038
3038
3038
3037
3037
3037
3037
3036
3036
3035
3035
3034
3034
3033
3033
3032
3032
3031
3031
3031
3031
3031
3030
3030
3030
3030
3029
3029
3026
3026
3025
3025
3025
3025
3025
3024
3024
3022
3022
3021
3021
3020
3020
3019
3019
3019
3019
3018
3018
3018
3018
3017
3017
3017
3016
3016
3015
3014
3014
3013
3013
3013
3012
3011
3011
3011
3011
3010
3010
3009
3009
3009
3008
3008
3005
3005
3004
3003
3003
3002
3001
3000
