343865
223674
150383
150010
138795
130016
129701
128836
127265
125231
120821
110862
110820
104618
102671
100885
92686
91700
90262
89657
88027
85284
82066
80883
79232
76318
75540
75509
75117
73104
71044
70291
68456
66643
64007
62653
62369
61771
61333
59167
58872
58851
58845
58084
57518
57509
57240
57174
56469
56069
55751
55425
54534
54072
53247
51989
51833
51622
51472
50901
49482
48594
48556
48216
47255
47194
46829
46490
46312
46174
46162
45850
45515
45250
44764
44724
44591
44235
44193
44018
43433
43203
43202
43057
42854
42736
42406
41999
41617
41592
41214
41176
41058
40953
40703
39890
39699
39422
39085
38999
38997
38751
38559
38204
37494
37212
37095
36859
36119
35975
35739
35709
35163
35136
34740
34567
34187
34032
34005
33880
33868
33753
33645
33535
33391
33253
32744
32284
32202
32180
31908
31708
31626
31607
31600
31537
31414
31401
31251
31224
31034
30932
30765
30710
30523
30478
30335
30086
29983
29929
29870
29673
29631
29565
29366
29209
29126
29116
29064
28938
28885
28783
28651
28445
28443
28343
28231
28071
27677
27407
27329
27301
27013
26996
26958
26774
26703
26566
26564
26461
26438
26421
26414
26311
26220
26172
26160
26148
26108
26001
25913
25611
25491
25402
25274
25039
25036
24932
24829
24789
24715
24706
24681
24680
24469
24443
24252
24251
24189
24115
23979
23781
23688
23658
23574
23483
23466
23444
23375
23354
23315
23084
23048
23004
22944
22858
22830
22694
22532
22474
22222
22153
22116
22071
22033
21982
21970
21947
21945
21763
21667
21635
21496
21447
21397
21309
21295
21101
20907
20881
20774
20757
20620
20592
20516
20511
20285
20282
20255
20158
20010
19904
19900
19884
19884
19813
19773
19639
19593
19553
19445
19395
19301
19245
19239
19210
19043
18928
18856
18722
18669
18564
18510
18508
18426
18413
18383
18335
18166
18150
18055
17939
17892
17736
17732
17690
17642
17624
17470
17428
17402
17388
17338
17336
17327
17327
17287
17222
17215
17201
17185
17146
17126
17085
17030
17010
16994
16941
16892
16852
16842
16838
16793
16789
16782
16754
16734
16731
16670
16645
16634
16610
16577
16575
16515
16484
16484
16480
16353
16320
16318
16205
16177
16082
16079
16033
16023
16014
16009
16001
15994
15983
15957
15923
15872
15870
15845
15833
15788
15778
15745
15734
15726
15642
15635
15572
15555
15550
15515
15505
15502
15459
15448
15400
15390
15379
15326
15249
15220
15202
15186
15137
15117
15107
15102
14988
14966
14956
14890
14867
14819
14810
14784
14772
14771
14744
14739
14719
14707
14691
14683
14668
14648
14612
14599
14593
14588
14516
14513
14501
14490
14482
14480
14456
14450
14449
14419
14390
14358
14331
14329
14326
14308
14267
14264
14262
14254
14248
14247
14199
14189
14184
14125
14123
14109
14109
14095
14087
14070
14065
14064
14063
14059
14045
14036
14011
13961
13946
13944
13932
13931
13912
13912
13878
13877
13875
13805
13766
13748
13718
13708
13705
13704
13649
13623
13614
13594
13591
13588
13587
13538
13491
13489
13480
13468
13466
13456
13432
13389
13378
13374
13367
13362
13356
13355
13354
13330
13314
13217
13154
13077
13074
13071
13058
13033
13026
13003
12976
12970
12892
12868
12867
12854
12848
12826
12792
12773
12768
12728
12717
12709
12707
12702
12693
12661
12659
12614
12602
12559
12546
12543
12537
12531
12514
12473
12450
12439
12408
12357
12342
12334
12326
12321
12316
12296
12294
12284
12279
12276
12260
12251
12241
12218
12218
12210
12183
12179
12178
12177
12155
12146
12102
12100
12095
12079
12078
12077
12077
12068
12066
12035
12017
12016
11999
11998
11988
11953
11951
11921
11913
11885
11880
11874
11867
11862
11861
11849
11824
11778
11772
11771
11750
11742
11724
11704
11694
11656
11648
11647
11642
11637
11623
11618
11611
11585
11572
11534
11527
11488
11480
11466
11459
11434
11427
11409
11408
11390
11377
11375
11334
11331
11320
11306
11305
11299
11276
11259
11250
11242
11229
11228
11213
11197
11197
11195
11188
11186
11176
11162
11159
11155
11154
11133
11106
11078
11061
11048
11130
11028
11018
11012
10986
10960
10941
10928
10926
10916
10913
10909
10897
10883
10879
10866
10851
10816
10799
10794
10787
10748
10731
10729
10721
10687
10685
10665
10664
10659
10658
10653
10640
10625
10622
10612
10600
10600
10599
10594
10580
10577
10553
10521
10518
10514
10502
10499
10491
10420
10372
10344
10343
10318
10314
10313
10311
10296
10284
10281
10279
10272
10260
10227
10224
10220
10204
10190
10182
10176
10171
10156
10149
10146
10118
10103
10103
10103
10090
10085
10082
10047
10040
10035
10018
10017
10006
10004
10000
9996
9996
9992
9981
9979
9973
9963
9958
9957
9952
9932
9909
9905
9876
9866
9862
9860
9857
9856
9850
9847
9826
9817
9814
9803
9801
9800
9797
9793
9781
9781
9775
9767
9755
9751
9743
9706
9705
9686
9680
9660
9644
9643
9639
9633
9629
9623
9615
9608
9600
9581
9578
9568
9563
9556
9554
9522
9547
9547
9543
9533
9511
9511
9509
9494
9493
9493
9463
9459
9453
9452
9451
9441
9431
9425
9420
9417
9412
9409
9408
9404
9403
9402
9402
9396
9392
9387
9385
9383
9379
9369
9360
9358
9356
9352
9342
9332
9331
9307
9306
9301
9296
9291
9271
9261
9251
9246
9242
9237
9229
9225
9224
9218
9214
9204
9195
9188
9187
9184
9179
9175
9170
9166
9158
9143
9137
9132
9130
9123
9112
9111
9106
9104
9102
9093
9062
9058
9054
9054
9053
9052
9050
9044
9043
9042
9037
9036
9017
9009
8997
8983
8979
8979
8979
8972
8969
8963
8960
8939
8934
8934
8932
8925
8925
8922
8918
8906
8904
8897
8891
8875
8873
8873
8870
8870
8864
8834
8827
8817
8813
8810
8797
8796
8794
8789
8784
8766
8761
8758
8745
8745
8744
8731
8724
8721
8709
8705
8699
8698
8692
8692
8689
8668
8652
8647
8643
8640
8639
8632
8629
8623
8623
8623
8615
8578
8575
8562
8558
8558
8523
8521
8520
8512
8508
8497
8497
8496
8494
8487
8487
8478
8476
8472
8471
8469
8467
8465
8465
8462
8459
8452
8450
8448
8442
8434
8434
8430
8423
8409
8409
8404
8403
8399
8394
8387
8379
8377
8377
8371
8369
8356
8356
8350
8342
8328
8327
8319
8314
8305
8299
8296
8291
8283
8278
8268
8258
8252
8252
8249
8242
8242
8241
8239
8221
8214
8208
8197
8194
8193
8191
8170
8169
8166
8166
8165
8159
8148
8138
8137
8128
8123
8121
8112
8110
8096
8084
8084
8081
8071
8071
8066
8047
8044
8042
8041
8039
8039
8038
8030
8029
8027
8026
8025
8024
8019
8016
8009
8006
8004
8002
8000
8000
7999
7992
7986
7986
7985
7981
7980
7976
7976
7974
7967
7967
7965
7964
7961
7955
7951
7951
7947
7945
7943
7933
7910
7909
7906
7903
7903
7896
7885
7884
7884
7879
7877
7876
7875
7873
7872
7871
7869
7869
7869
7868
7868
7861
7855
7851
7848
7847
7844
7844
7840
7840
7826
7823
7823
7822
7820
7813
7813
7806
7806
7804
7788
7784
7780
7777
7776
7775
7774
7766
7751
7748
7747
7746
7744
7743
7729
7726
7720
7716
7713
7700
7700
7696
7695
7694
7693
7691
7687
7687
7685
7681
7678
7676
7675
7675
7672
7672
7669
7665
7665
7662
7659
7653
7652
7651
7651
7648
7645
7633
7630
7630
7629
7626
7624
7606
7600
7600
7592
7587
7585
7584
7582
7577
7573
7567
7565
7561
7554
7549
7524
7524
7522
7521
7519
7518
7500
7499
7496
7488
7486
7485
7484
7483
7477
7477
7474
7471
7468
7461
7461
7458
7453
7453
7447
7447
7447
7447
7446
7443
7439
7435
7434
7432
7432
7426
7423
7419
7414
7401
7398
7392
7391
7369
7367
7362
7347
7345
7343
7341
7340
7334
7328
7322
7317
7317
7314
7313
7311
7307
7293
7275
7266
7264
7260
7260
7258
7255
7255
7254
7253
7248
7239
7238
7236
7236
7232
7231
7229
7228
7227
7227
7224
7221
7211
7206
7202
7200
7199
7197
7195
7193
7193
7187
7184
7177
7170
7153
7150
7148
7146
7144
7143
7137
7137
7135
7135
7132
7131
7130
7126
7122
7117
7106
7101
7098
7096
7092
7086
7079
7069
7069
7067
7062
7049
7042
7040
7040
7040
7038
7037
7031
7023
7018
7014
7010
7010
7004
7002
6998
6997
6996
6991
6988
6988
6980
6980
6980
6975
6974
6974
6973
6968
6957
6951
6950
6946
6946
6942
6935
6929
6928
6926
6924
6920
6867
6912
6910
6904
6902
6901
6900
6897
6897
6896
6895
6893
6890
6889
6881
6872
6867
6863
6860
6859
6854
6847
6847
6845
6832
6832
6830
6829
6821
6817
6813
6809
6808
6804
6801
6800
6799
6798
6798
6798
6796
6796
6789
6786
6783
6778
6776
6771
6769
6768
6762
6756
6746
6745
6742
6734
6733
6721
6718
6716
6712
6707
6706
6690
6682
6678
6675
6668
6664
6656
6654
6649
6645
6637
6632
6630
6627
6625
6618
6610
6610
6593
6584
6581
6575
6575
6573
6572
6570
6570
6561
6558
6553
6552
6550
6549
6540
6539
6537
6534
6532
6527
6525
6525
6522
6519
6516
6516
6515
6514
6513
6511
6511
6509
6504
6498
6494
6490
6489
6486
6485
6479
6474
6471
6468
6467
6461
6460
6458
6456
6454
6449
6447
6441
6438
6435
6434
6433
6430
6428
6428
6426
6426
6424
6422
6422
6419
6417
6412
6411
6406
6405
6402
6399
6396
6393
6393
6387
6379
6377
6376
6376
6366
6364
6325
6360
6360
6357
6350
6349
6344
6336
6333
6328
6323
6322
6321
6319
6317
6314
6314
6306
6306
6302
6302
6298
6298
6298
6292
6290
6289
6288
6285
6284
6272
6270
6269
6266
6265
6257
6254
6247
6244
6242
6241
6240
6240
6239
6237
6237
6231
6230
6227
6224
6219
6210
6208
6204
6204
6200
6192
6190
6186
6181
6181
6174
6174
6174
6170
6165
6163
6162
6162
6162
6159
6158
6152
6151
6150
6146
6145
6144
6136
6135
6134
6133
6133
6129
6127
6123
6121
6115
6115
6114
6109
6108
6107
6104
6102
6101
6101
6101
6096
6096
6089
6088
6086
6084
6081
6081
6080
6078
6076
6069
6069
6068
6067
6064
6063
6063
6055
6045
6041
6037
6036
6035
6034
6033
6032
6031
6030
6026
6023
6022
6022
6021
6015
6009
6008
6007
6007
6006
6006
6002
6001
6000
5998
5997
5994
5992
5989
5985
5982
5976
5974
5973
5970
5966
5966
5965
5961
5959
5959
5956
5955
5953
5951
5947
5943
5941
5941
5940
5938
5937
5931
5931
5924
5919
5912
5911
5909
5904
5903
5903
5899
5893
5889
5887
5885
5884
5880
5880
5880
5877
5876
5874
5873
5872
5871
5870
5868
5866
5865
5864
5864
5860
5859
5858
5852
5851
5847
5840
5839
5839
5835
5833
5825
5822
5811
5803
5802
5798
5797
5797
5796
5795
5794
5790
5789
5788
5787
5784
5781
5780
5776
5774
5774
5773
5771
5770
5766
5763
5762
5761
5759
5758
5751
5749
5748
5747
5747
5743
5742
5742
5739
5737
5737
5734
5731
5729
5727
5727
5725
5725
5723
5723
5720
5714
5711
5710
5709
5708
5708
5705
5704
5704
5701
5692
5691
5688
5688
5687
5685
5685
5681
5680
5678
5672
5668
5668
5668
5666
5657
5656
5655
5651
5651
5651
5650
5647
5645
5640
5639
5639
5638
5636
5629
5628
5624
5622
5621
5616
5612
5611
5610
5607
5607
5606
5605
5603
5596
5595
5586
5584
5584
5582
5580
5578
5578
5577
5575
5573
5573
5567
5565
5565
5564
5564
5563
5562
5560
5557
5555
5553
5549
5548
5548
5547
5546
5544
5543
5541
5534
5534
5533
5531
5526
5526
5526
5523
5523
5519
5515
5512
5512
5512
5511
5511
5511
5508
5505
5503
5502
5502
5496
5491
5491
5487
5485
5483
5482
5475
5473
5470
5468
5468
5467
5462
5458
5457
5455
5452
5448
5445
5443
5443
5438
5438
5436
5435
5434
5433
5433
5433
5432
5431
5430
5430
5430
5429
5428
5427
5425
5425
5421
5420
5417
5416
5410
5410
5404
5403
5399
5396
5396
5392
5389
5386
5384
5384
5384
5381
5381
5378
5375
5370
5369
5363
5361
5357
5357
5357
5354
5353
5350
5349
5348
5347
5346
5346
5344
5343
5338
5338
5338
5334
5334
5334
5332
5332
5331
5329
5328
5325
5324
5324
5323
5323
5322
5322
5321
5319
5316
5308
5307
5306
5303
5302
5302
5294
5293
5288
5287
5286
5281
5278
5276
5275
5274
5274
5274
5273
5272
5272
5269
5268
5267
5266
5263
5259
5257
5257
5252
5250
5249
5245
5242
5242
5240
5238
5237
5234
5233
5231
5231
5231
5231
5229
5229
5226
5226
5225
5223
5222
5218
5217
5216
5215
5212
5211
5206
5206
5203
5198
5196
5196
5195
5193
5190
5187
5187
5186
5181
5180
5180
5180
5178
5174
5173
5171
5168
5164
5163
5162
5160
5160
5158
5155
5152
5151
5150
5150
5149
5147
5147
5145
5142
5140
5140
5138
5138
5135
5135
5134
5133
5131
5129
5128
5126
5126
5123
5122
5121
5120
5119
5117
5114
5114
5113
5112
5112
5111
5105
5102
5101
5101
5100
5097
5096
5096
5094
5093
5092
5092
5091
5091
5090
5089
5088
5087
5087
5085
5085
5084
5084
5082
5078
5070
5066
5062
5060
5056
5049
5046
5046
5043
5042
5041
5041
5039
5039
5037
5034
5034
5034
5033
5032
5032
5031
5029
5029
5029
5024
5023
5020
5018
5015
5012
5012
5009
5008
5004
5000
4999
4994
4993
4991
4991
4990
4990
4990
4989
4988
4987
4986
4985
4982
4980
4977
4976
4973
4972
4969
4968
4968
4967
4964
4964
4958
4956
4955
4955
4951
4946
4946
4945
4945
4944
4941
4937
4936
4935
4933
4933
4931
4928
4926
4926
4923
4919
4917
4915
4912
4911
4910
4910
4910
4907
4906
4901
4900
4900
4899
4896
4895
4895
4895
4893
4893
4892
4888
4887
4886
4886
4885
4884
4883
4881
4881
4877
4876
4875
4873
4873
4872
4872
4871
4865
4864
4863
4861
4861
4860
4859
4858
4857
4856
4855
4849
4848
4848
4847
4843
4841
4840
4840
4836
4835
4834
4833
4831
4831
4829
4823
4823
4822
4820
4819
4818
4817
4816
4812
4812
4808
4808
4808
4807
4805
4804
4803
4803
4803
4800
4799
4799
4796
4794
4793
4790
4789
4788
4787
4786
4784
4784
4783
4782
4781
4781
4781
4780
4780
4779
4779
4778
4776
4771
4770
4769
4769
4768
4767
4767
4764
4760
4757
4757
4756
4756
4756
4754
4753
4751
4750
4746
4745
4745
4740
4739
4738
4738
4738
4738
4736
4734
4733
4732
4731
4728
4728
4727
4725
4725
4725
4723
4723
4722
4721
4719
4719
4718
4718
4717
4717
4716
4716
4714
4713
4710
4707
4706
4704
4703
4701
4700
4699
4698
4695
4693
4693
4690
4688
4687
4684
4684
4683
4682
4681
4678
4674
4674
4673
4672
4670
4667
4667
4665
4657
4656
4656
4654
4654
4653
4649
4649
4649
4648
4645
4644
4642
4641
4641
4637
4636
4636
4636
4636
4635
4633
4631
4631
4630
4630
4630
4624
4624
4623
4623
4621
4621
4620
4619
4619
4619
4619
4618
4618
4614
4613
4612
4610
4606
4601
4601
4600
4600
4599
4598
4597
4596
4594
4594
4594
4593
4591
4591
4590
4589
4589
4587
4586
4585
4584
4584
4580
4580
4579
4578
4577
4576
4576
4574
4573
4571
4569
4569
4568
4566
4566
4565
4564
4564
4560
4559
4559
4556
4554
4553
4553
4551
4549
4548
4548
4548
4547
4546
4541
4533
4532
4532
4531
4530
4530
4527
4526
4523
4521
4521
4520
4520
4520
4519
4518
4517
4517
4516
4512
4511
4511
4510
4504
4501
4501
4501
4500
4500
4498
4497
4496
4496
4495
4495
4493
4493
4491
4490
4488
4487
4487
4487
4486
4486
4485
4483
4482
4482
4480
4480
4478
4477
4476
4473
4471
4470
4469
4467
4467
4466
4465
4464
4462
4461
4459
4458
4458
4457
4456
4456
4455
4453
4452
4452
4450
4450
4449
4449
4448
4447
4445
4444
4444
4444
4443
4443
4442
4442
4439
4438
4436
4436
4436
4435
4433
4432
4431
4430
4428
4427
4427
4426
4426
4425
4423
4423
4423
4422
4421
4421
4420
4418
4417
4417
4416
4415
4414
4413
4410
4409
4409
4408
4408
4407
4406
4406
4405
4404
4401
4401
4400
4400
4399
4399
4398
4395
4394
4393
4389
4387
4387
4386
4383
4382
4381
4380
4375
4373
4373
4372
4370
4369
4369
4368
4367
4365
4365
4363
4363
4363
4363
4362
4361
4361
4360
4359
4358
4357
4356
4354
4353
4352
4352
4351
4349
4349
4344
4342
4340
4340
4336
4335
4334
4333
4332
4332
4328
4328
4327
4326
4324
4324
4322
4318
4318
4316
4316
4315
4315
4314
4314
4314
4313
4312
4311
4310
4308
4307
4307
4307
4306
4305
4304
4304
4303
4302
4301
4300
4300
4300
4299
4298
4292
4291
4290
4286
4285
4284
4281
4280
4279
4279
4278
4278
4276
4276
4276
4273
4270
4268
4266
4262
4260
4260
4259
4257
4256
4255
4255
4253
4253
4253
4252
4251
4251
4251
4250
4249
4248
4247
4247
4246
4246
4245
4244
4241
4240
4239
4238
4237
4237
4237
4233
4233
4233
4233
4232
4231
4230
4230
4229
4226
4225
4225
4223
4219
4218
4216
4215
4214
4213
4213
4211
4209
4208
4206
4206
4204
4204
4203
4200
4200
4200
4200
4196
4196
4195
4191
4189
4188
4188
4187
4186
4183
4183
4183
4183
4183
4182
4182
4182
4182
4182
4182
4180
4180
4179
4179
4177
4177
4176
4175
4174
4173
4171
4171
4171
4170
4169
4167
4167
4165
4164
4164
4163
4162
4161
4161
4161
4161
4159
4158
4157
4153
4153
4152
4152
4151
4151
4150
4150
4150
4147
4145
4145
4143
4140
4139
4137
4136
4136
4133
4133
4131
4131
4131
4130
4130
4128
4128
4126
4125
4124
4123
4122
4122
4122
4121
4121
4120
4120
4119
4118
4117
4116
4116
4115
4115
4115
4114
4113
4112
4112
4111
4111
4110
4109
4109
4106
4103
4103
4101
4101
4099
4099
4098
4098
4096
4096
4095
4094
4094
4092
4091
4090
4090
4089
4088
4087
4086
4085
4084
4084
4082
4082
4082
4080
4080
4079
4078
4071
4070
4070
4069
4069
4069
4068
4066
4062
4062
4061
4061
4060
4059
4056
4056
4056
4056
4055
4054
4054
4053
4053
4051
4051
4050
4049
4048
4047
4045
4044
4043
4042
4041
4040
4040
4040
4039
4039
4039
4038
4036
4036
4036
4035
4033
4033
4031
4031
4028
4028
4027
4027
4027
4026
4025
4025
4024
4024
4024
4024
4020
4019
4019
4018
4018
4017
4014
4012
4011
4010
4009
4007
4007
4007
4005
4005
4004
4003
4003
4002
3999
3998
3996
3996
3996
3996
3994
3993
3993
3992
3992
3990
3989
3988
3987
3986
3986
3986
3986
3984
3984
3984
3983
3982
3981
3980
3977
3977
3976
3975
3975
3972
3969
3969
3968
3966
3966
3965
3963
3961
3961
3960
3960
3960
3959
3958
3957
3955
3954
3954
3949
3948
3946
3945
3945
3943
3942
3941
3940
3938
3938
3937
3937
3934
3934
3933
3929
3929
3927
3922
3922
3922
3920
3920
3919
3919
3917
3916
3915
3915
3915
3915
3913
3912
3911
3910
3910
3909
3909
3908
3906
3905
3905
3904
3903
3902
3902
3900
3899
3899
3899
3898
3897
3896
3895
3894
3894
3894
3893
3891
3891
3889
3887
3885
3885
3884
3884
3883
3883
3883
3882
3879
3879
3876
3876
3876
3875
3874
3874
3873
3872
3872
3871
3870
3868
3868
3867
3867
3867
3867
3864
3864
3863
3863
3863
3862
3862
3859
3857
3857
3857
3856
3856
3855
3854
3853
3852
3852
3851
3850
3850
3849
3848
3848
3847
3847
3847
3846
3845
3843
3843
3843
3843
3841
3841
3840
3840
3838
3838
3837
3834
3833
3832
3831
3831
3830
3829
3829
3828
3828
3828
3827
3826
3826
3824
3823
3820
3820
3819
3819
3818
3817
3816
3815
3815
3812
3810
3810
3809
3809
3807
3806
3805
3805
3804
3803
3803
3800
3799
3799
3798
3798
3796
3795
3794
3793
3792
3792
3792
3792
3791
3788
3788
3786
3786
3786
3784
3783
3781
3781
3780
3780
3780
3780
3780
3779
3779
3779
3779
3778
3778
3777
3775
3774
3774
3773
3771
3769
3768
3767
3766
3765
3765
3764
3764
3764
3760
3759
3759
3759
3759
3758
3757
3756
3756
3755
3755
3755
3753
3753
3753
3753
3753
3752
3752
3750
3750
3750
3750
3748
3748
3748
3745
3740
3740
3740
3739
3739
3738
3738
3738
3737
3735
3734
3733
3733
3732
3732
3731
3731
3731
3730
3727
3726
3726
3726
3723
3721
3721
3720
3718
3717
3717
3716
3715
3714
3714
3713
3713
3712
3711
3710
3710
3708
3707
3706
3704
3703
3702
3700
3700
3700
3699
3699
3698
3698
3698
3696
3695
3695
3693
3692
3691
3690
3690
3688
3687
3687
3686
3684
3684
3684
3683
3682
3682
3682
3682
3681
3681
3680
3679
3678
3677
3677
3676
3675
3673
3673
3672
3672
3671
3670
3670
3670
3669
3668
3667
3667
3667
3666
3666
3665
3665
3663
3662
3660
3659
3659
3658
3658
3658
3657
3657
3656
3656
3655
3655
3652
3652
3651
3649
3648
3648
3646
3646
3645
3644
3643
3640
3640
3639
3638
3636
3636
3636
3636
3636
3635
3633
3633
3632
3631
3630
3629
3629
3627
3625
3623
3622
3619
3619
3619
3619
3617
3617
3615
3614
3613
3613
3612
3612
3611
3610
3610
3609
3609
3608
3608
3608
3607
3606
3606
3605
3604
3603
3600
3599
3598
3597
3595
3594
3593
3593
3593
3593
3591
3590
3588
3588
3587
3586
3586
3586
3586
3586
3585
3583
3583
3581
3578
3577
3575
3575
3575
3575
3574
3572
3572
3571
3571
3571
3570
3569
3568
3567
3567
3564
3563
3562
3561
3560
3560
3559
3558
3558
3557
3557
3556
3556
3556
3555
3555
3553
3553
3551
3548
3544
3544
3542
3542
3541
3541
3540
3539
3538
3537
3537
3537
3533
3533
3533
3532
3532
3530
3530
3529
3529
3528
3528
3528
3527
3527
3526
3525
3524
3523
3523
3523
3522
3521
3520
3520
3520
3519
3518
3516
3516
3515
3514
3514
3514
3514
3512
3511
3510
3509
3509
3507
3506
3506
3506
3505
3505
3505
3503
3503
3502
3502
3502
3501
3501
3501
3500
3500
3499
3498
3497
3496
3496
3496
3496
3496
3496
3495
3495
3494
3493
3493
3492
3492
3490
3489
3487
3487
3486
3485
3484
3484
3484
3483
3483
3482
3482
3482
3482
3481
3481
3479
3478
3477
3477
3477
3477
3476
3476
3476
3476
3475
3475
3474
3474
3474
3474
3473
3473
3473
3472
3472
3472
3470
3470
3469
3469
3469
3468
3465
3465
3464
3464
3463
3463
3460
3459
3459
3458
3458
3458
3458
3455
3454
3452
3452
3452
3451
3451
3450
3449
3449
3449
3449
3448
3448
3447
3446
3445
3444
3443
3443
3440
3440
3439
3438
3438
3438
3437
3436
3436
3435
3434
3434
3433
3433
3433
3432
3431
3431
3431
3431
3430
3430
3430
3429
3429
3428
3427
3426
3426
3426
3425
3425
3424
3422
3422
3421
3421
3420
3420
3419
3418
3418
3413
3413
3412
3411
3411
3410
3409
3409
3409
3409
3409
3408
3407
3405
3405
3405
3405
3405
3403
3402
3401
3401
3401
3400
3399
3399
3398
3397
3397
3396
3396
3395
3395
3393
3393
3392
3392
3391
3391
3391
3391
3389
3389
3388
3388
3388
3386
3385
3385
3384
3384
3384
3383
3383
3382
3382
3381
3378
3378
3378
3377
3375
3374
3374
3373
3373
3373
3373
3372
3372
3371
3371
3370
3368
3368
3368
3368
3367
3366
3364
3364
3363
3363
3363
3362
3361
3361
3360
3359
3359
3358
3358
3357
3357
3357
3357
3356
3356
3356
3354
3353
3353
3352
3352
3352
3351
3350
3350
3349
3348
3348
3348
3348
3348
3348
3347
3347
3347
3347
3346
3345
3345
3345
3345
3345
3345
3345
3344
3344
3342
3342
3341
3341
3340
3339
3339
3339
3338
3338
3338
3337
3337
3336
3336
3336
3335
3335
3334
3333
3332
3332
3332
3329
3329
3329
3328
3327
3327
3327
3327
3327
3327
3326
3325
3325
3324
3324
3323
3322
3321
3320
3319
3319
3319
3319
3318
3317
3316
3314
3314
3313
3313
3312
3312
3311
3310
3310
3308
3307
3307
3304
3304
3304
3303
3303
3302
3301
3300
3299
3299
3298
3298
3298
3298
3295
3294
3294
3294
3293
3293
3292
3292
3291
3290
3290
3290
3289
3289
3288
3288
3288
3287
3286
3286
3286
3286
3286
3285
3285
3284
3283
3281
3281
3280
3280
3279
3278
3277
3277
3277
3277
3276
3276
3275
3275
3275
3275
3275
3274
3274
3273
3271
3271
3270
3269
3269
3268
3267
3267
3267
3267
3266
3266
3265
3265
3264
3264
3262
3261
3260
3260
3259
3259
3259
3258
3257
3257
3257
3256
3256
3255
3255
3254
3254
3254
3253
3252
3252
3252
3250
3250
3250
3249
3249
3249
3249
3248
3247
3247
3246
3246
3245
3245
3245
3245
3243
3243
3243
3242
3242
3242
3242
3242
3241
3241
3241
3240
3240
3239
3239
3238
3237
3237
3236
3234
3234
3233
3233
3233
3231
3231
3231
3230
3230
3230
3230
3228
3228
3228
3227
3227
3227
3227
3224
3223
3222
3222
3222
3222
3222
3220
3220
3220
3219
3217
3217
3215
3214
3214
3214
3213
3213
3213
3212
3212
3212
3212
3211
3211
3208
3208
3207
3206
3206
3204
3204
3203
3202
3202
3201
3201
3201
3200
3199
3199
3199
3199
3198
3198
3197
3196
3196
3196
3195
3195
3194
3194
3193
3192
3192
3192
3191
3191
3191
3190
3190
3190
3189
3189
3189
3189
3189
3187
3186
3184
3183
3183
3183
3182
3182
3181
3180
3180
3180
3180
3178
3178
3178
3178
3177
3175
3174
3173
3173
3173
3173
3172
3171
3171
3171
3169
3169
3169
3168
3167
3167
3166
3166
3166
3165
3165
3164
3163
3163
3162
3162
3162
3162
3161
3161
3161
3159
3159
3159
3158
3157
3157
3157
3156
3155
3155
3154
3154
3154
3154
3153
3153
3153
3152
3152
3151
3151
3151
3151
3151
3150
3150
3150
3150
3150
3149
3148
3148
3148
3147
3147
3147
3147
3146
3145
3144
3143
3142
3141
3141
3140
3139
3139
3139
3138
3138
3137
3137
3137
3136
3136
3135
3134
3134
3134
3133
3133
3133
3133
3132
3132
3132
3131
3130
3130
3130
3129
3129
3129
3128
3128
3127
3126
3126
3126
3125
3124
3124
3124
3123
3123
3123
3122
3121
3120
3120
3119
3119
3119
3118
3117
3116
3116
3116
3115
3114
3114
3114
3113
3113
3112
3112
3111
3111
3111
3111
3111
3110
3110
3108
3108
3107
3106
3106
3106
3106
3105
3110
3105
3105
3105
3104
3104
3104
3104
3104
3104
3103
3103
3103
3103
3103
3102
3102
3101
3101
3100
3099
3098
3098
3098
3097
3097
3097
3097
3096
3096
3096
3096
3096
3095
3094
3094
3093
3092
3092
3091
3090
3090
3090
3089
3089
3088
3088
3088
3087
3087
3086
3085
3084
3084
3083
3083
3083
3083
3083
3081
3080
3080
3079
3079
3079
3079
3078
3078
3077
3077
3077
3077
3077
3076
3076
3076
3075
3074
3074
3074
3074
3074
3074
3072
3072
3072
3071
3071
3070
3068
3068
3068
3068
3067
3066
3065
3065
3064
3064
3064
3064
3064
3063
3062
3061
3061
3060
3060
3060
3060
3059
3058
3058
3055
3055
3054
3054
3053
3053
3052
3052
3052
3051
3050
3050
3048
3048
3048
3048
3048
3048
3048
3047
3047
3046
3043
3042
3042
3042
3041
3040
3040
3039
3039
3038
3038
3038
3038
3037
3036
3036
3035
3035
3034
3034
3033
3033
3031
3031
3031
3030
3029
3028
3028
3027
3027
3027
3027
3026
3026
3026
3026
3025
3025
3025
3025
3025
3024
3023
3022
3022
3021
3021
3019
3017
3017
3017
3016
3016
3016
3015
3015
3015
3015
3014
3014
3013
3012
3012
3012
3012
3011
3010
3010
3010
3009
3009
3009
3008
3007
3007
3006
3005
3004
3004
3004
3003
3003
3003
3002
3001
3001
3001
3001
3000
3011
