435121
268529
253471
244701
239633
233202
230046
226837
225558
224420
209176
208721
201767
181710
177491
173671
169061
165794
161957
161413
160860
159895
153642
152516
148350
144118
140729
139333
136378
135919
135067
134925
134311
134268
134076
133328
133052
130305
126965
126324
125954
125306
122088
119647
119456
117912
117383
117157
116961
116249
115791
114406
111978
111166
110852
110780
110044
109672
108582
108470
107818
107728
105269
105011
104152
103401
101790
101461
98853
98605
98124
96891
96740
96719
95101
94918
94729
94135
93821
93785
92061
91388
90640
89954
89791
89748
89500
88561
87809
87329
87284
87237
86328
85398
84554
84423
83056
83050
82665
82428
81656
81517
81295
81026
80837
80212
80182
79771
79492
79420
78786
77968
77832
77565
76709
76608
76566
76411
76349
76251
75890
75426
75332
75303
75068
74885
74669
74520
74255
74190
73978
73640
73612
73546
73533
73174
72569
70391
70097
69927
69177
69143
68735
68439
68280
67895
67706
67227
67099
67053
66538
66432
66414
66385
66267
66213
66126
66041
65708
65702
65473
65327
65291
64954
64931
64858
64478
64383
64357
63939
63601
63326
63115
63081
63038
63031
62980
62352
62071
61845
61644
61366
61278
61057
60915
60767
60608
60356
59587
59443
59402
59378
59203
59177
59126
59059
59053
58797
58604
58480
58472
58429
58236
58017
57843
57079
57057
56987
56625
56624
56617
56362
56197
55992
55987
55982
55958
55848
55805
55544
55541
55476
55059
54839
54607
54607
54592
54573
54421
54024
53788
53620
53542
53386
53253
53237
53164
53103
53095
53091
53004
53000
52783
52710
52636
52621
52540
52334
52244
52007
51941
51746
51449
51395
51383
51186
51140
51021
50834
50426
50420
50162
50151
50107
50011
49882
49878
49836
49819
49713
49665
49664
49585
49511
49266
49242
49189
49123
49104
49055
48972
48741
48584
48576
48523
48496
48461
48416
48368
48203
48050
47969
47839
47816
47718
47642
47588
47553
47276
47004
46786
46671
46519
46440
46422
46381
46158
46037
46001
45989
45948
45918
45774
45719
45691
45619
45591
45539
45442
45350
45252
45117
44710
44703
44660
44646
44559
44236
44177
44118
44050
44014
44010
43969
43957
43916
43604
43519
43442
43430
43367
43345
43209
43203
43165
43136
43076
42901
42876
42871
42821
42618
42599
42525
42299
42227
42215
42130
42121
41971
41835
41813
41721
41707
41691
41644
41629
41536
41349
41312
41206
41078
40999
40821
40742
40710
40694
40686
40616
40352
40315
40112
40003
39967
39880
39841
39686
39638
39638
39618
39553
39457
39430
39372
39338
39194
39174
39148
39029
38972
38947
38876
38823
38811
38742
38735
38667
38536
38530
38258
38248
38222
38161
37949
37894
37826
37793
37711
37557
37552
37482
37475
37439
37417
37398
37350
37294
37227
37210
37172
37165
37006
36918
36852
36825
36804
36803
36793
36763
36752
36622
36588
36541
36509
36474
36434
36313
36199
36189
36170
36116
36099
35925
35913
35884
35825
35791
35703
35634
35604
35588
35559
35443
35368
35288
35257
35081
34968
34865
34777
34725
34690
34686
34644
34588
34577
34459
34450
34377
34241
34174
34164
34148
34110
34094
34055
33996
33972
33907
33893
33864
33856
33850
33788
33758
33731
33624
33560
33560
33556
33555
33495
33440
33407
33398
33326
33323
33211
33162
33118
32937
32922
32904
32878
32807
32779
32763
32760
32684
32617
32578
32577
32507
32497
32364
32330
32327
32313
32301
32228
32212
32205
32117
32115
32085
31962
31954
31946
31944
31906
31769
31762
31748
31619
31489
31480
31394
31345
31271
31073
31061
31044
30980
30935
30864
30825
30821
30761
30727
30661
30613
30409
30345
30246
30218
30138
30077
30054
30033
29986
29967
29956
29955
29867
29836
29808
29794
29754
29743
29718
29678
29634
29612
29612
29508
29505
29450
29438
29399
29369
29354
29280
29272
29225
29211
29186
29185
29125
29040
29038
28978
28954
28945
28939
28929
28926
28920
28911
28899
28885
28859
28844
28826
28809
28746
28627
28529
28522
28467
28462
28439
28402
28400
28361
28351
28328
28289
28214
28156
28145
28145
28082
27998
27937
27902
27876
27861
27755
27753
27740
27711
27650
27544
27511
27436
27426
27383
27244
27165
27154
27103
27074
26987
26977
26973
26895
26888
26795
26763
26706
26656
26611
26583
26574
26558
26500
26480
26389
26324
26301
26256
26245
26229
26219
26187
26151
26126
26119
26102
26090
26083
26083
26076
26048
26011
25899
25892
25876
25851
25818
25731
25718
25712
25688
25657
25651
25625
25459
25452
25374
25366
25331
25306
25241
25229
25179
25173
25172
25021
25021
25017
24984
24967
24910
24853
24852
24848
24829
24813
24810
24806
24761
24728
24725
24712
24639
24637
24621
24536
24506
24477
24453
24427
24410
24410
24395
24375
24365
24362
24326
24325
24310
24300
24281
24261
24231
24216
24194
24072
24069
23995
23967
23881
23849
23830
23781
23779
23750
23737
23711
23676
23670
23662
23661
23635
23596
23574
23524
23497
23475
23389
23387
23372
23362
23316
23293
23278
23255
23249
23219
23169
23158
23128
23123
23105
23102
23011
22981
22945
22907
22804
22786
22783
22727
22706
22703
22683
22660
22641
22612
22506
22430
22417
22412
22411
22391
22384
22282
22236
22225
22221
22209
22204
22198
22178
22175
22108
22095
22084
22069
22038
22021
22020
21968
21967
21957
21920
21888
21755
21715
21675
21666
21641
21628
21628
21586
21577
21549
21494
21512
21446
21421
21407
21377
21312
21286
21212
21192
21180
21157
21093
21091
21063
20881
20844
20833
20832
20792
20785
20768
20754
20747
20733
20686
20658
20641
20631
20586
20536
20534
20496
20482
20459
20449
20444
20443
20439
20405
20383
20358
20318
20313
20288
20287
20275
20265
20231
20226
20216
20177
20160
20080
20060
20040
20031
20030
19993
19957
19945
19927
19904
19880
19822
19809
19806
19766
19755
19729
19709
19704
19669
19626
19626
19613
19597
19581
19580
19517
19513
19504
19502
19496
19489
19391
19353
19337
19304
19228
19199
19165
19134
19106
19081
19073
18978
18928
18922
18904
18888
18882
18852
18849
18842
18834
18829
18809
18802
18794
18779
18754
18751
18745
18745
18743
18710
18676
18642
18641
18641
18621
18615
18605
18591
18542
18532
18488
18469
18463
18454
18432
18424
18421
18401
18348
18294
18276
18253
18239
18217
18206
18198
18174
18165
18142
18138
18138
18133
18105
18100
18095
18094
18091
18029
17974
17951
17922
17874
17801
17785
17778
17723
17700
17609
17590
17583
17580
17578
17558
17534
17527
17497
17488
17488
17470
17465
17465
17453
17451
17424
17421
17396
17392
17355
17343
17328
17297
17296
17291
17283
17255
17246
17238
17228
17197
17169
17161
17125
17116
17086
17078
17037
17037
17001
16998
16973
16971
16965
16956
16953
16947
16917
16911
16910
16910
16869
16868
16855
16844
16839
16835
16811
16794
16761
16722
16703
16678
16676
16664
16645
16601
16577
16567
16557
16557
16546
16525
16486
16484
16482
16466
16442
16388
16357
16357
16346
16342
16327
16322
16260
16250
16216
16214
16210
16191
16191
16183
16183
16183
16175
16166
16163
16161
16114
16085
16085
16055
16039
16039
16032
16017
16001
15964
15955
15887
15857
15820
15803
15786
15778
15774
15758
15740
15726
15719
15710
15704
15701
15693
15688
15658
15650
15645
15642
15635
15623
15575
15533
15518
15514
15499
15499
15463
15440
15405
15383
15354
15317
15285
15273
15232
15231
15211
15210
15193
15184
15181
15158
15150
15144
15123
15120
15108
15076
15052
15034
15024
15015
15008
15006
14969
14952
14947
14942
14941
14938
14921
14877
14870
14853
14851
14837
14830
14830
14794
14792
14784
14758
14755
14723
14708
14701
14698
14682
14671
14661
14633
14632
14631
14611
14611
14607
14560
14553
14552
14508
14490
14484
14470
14468
14462
14456
14453
14440
14429
14383
14382
14378
14363
14349
14346
14331
14330
14327
14322
14282
14273
14261
14222
14221
14208
14185
14158
14152
14144
14116
14111
14110
14099
14090
14077
14072
14044
14040
14037
14035
14028
14021
14011
14004
13974
13961
13956
13944
13932
13931
13924
13916
13900
13886
13883
13868
13847
13841
13832
13818
13814
13795
13766
13766
13760
13739
13718
13684
13670
13618
13603
13598
13598
13590
13588
13583
13580
13565
13564
13546
13533
13515
13508
13504
13497
13469
13456
13447
13434
13404
13377
13373
13373
13348
13346
13338
13297
13293
13291
13274
13273
13246
13242
13236
13228
13208
13195
13184
13162
13158
13153
13149
13132
13120
13110
13101
13084
13060
13055
13048
13031
13017
13013
12997
12990
12982
12979
12959
12954
12946
12887
12879
12874
12867
12856
12850
12849
12834
12833
12823
12809
12801
12793
12789
12782
12769
12743
12736
12731
12712
12695
12695
12672
12664
12647
12647
12639
12612
12611
12593
12585
12581
12580
12558
12558
12544
12522
12509
12508
12499
12484
12471
12468
12464
12463
12452
12438
12434
12427
12419
12419
12396
12355
12326
12314
12303
12294
12280
12275
12247
12239
12235
12225
12220
12216
12215
12197
12174
12172
12157
12149
12145
12145
12127
12125
12121
12120
12119
12052
12051
12035
12030
12014
12010
12007
11992
11988
11986
11984
11977
11972
11919
11910
11901
11891
11882
11868
11866
11862
11857
11839
11833
11813
11810
11807
11799
11793
11784
11781
11752
11749
11748
11741
11741
11738
11734
11729
11722
11720
11716
11703
11702
11666
11664
11647
11647
11646
11640
11640
11634
11628
11617
11616
11565
11555
11549
11546
11544
11515
11506
11496
11491
11471
11460
11438
11412
11406
11406
11401
11399
11397
11396
11380
11374
11373
11347
11346
11316
11312
11298
11292
11271
11269
11252
11233
11233
11233
11230
11229
11228
11227
11220
11220
11215
11207
11191
11179
11174
11170
11167
11152
11150
11150
11130
11128
11116
11110
11088
11083
11078
11074
11074
11072
11065
11061
11058
11052
11048
11014
11003
10995
10973
10932
10925
10919
10918
10909
10908
10894
10891
10886
10880
10866
10842
10838
10817
10814
10805
10802
10801
10793
10777
10763
10759
10752
10751
10746
10743
10725
10722
10715
10698
10697
10691
10690
10685
10674
10650
10648
10647
10646
10635
10633
10632
10623
10606
10603
10598
10597
10577
10566
10564
10560
10547
10545
10544
10544
10542
10535
10528
10525
10522
10522
10510
10506
10506
10503
10502
10484
10478
10475
10471
10467
10462
10450
10448
10446
10442
10439
10439
10439
10431
10418
10412
10402
10395
10393
10393
10389
10383
10368
10346
10341
10333
10319
10317
10301
10299
10297
10293
10288
10286
10280
10279
10271
10264
10260
10243
10223
10206
10205
10191
10187
10187
10180
10174
10173
10172
10147
10141
10140
10129
10110
10099
10096
10094
10090
10084
10075
10069
10059
10042
10037
10036
10028
10015
10015
10007
10003
9996
9979
9960
9957
9956
9956
9955
9951
9950
9945
9940
9940
9934
9934
9931
9927
9923
9917
9916
9914
9898
9881
9873
9864
9847
9845
9840
9818
9815
9814
9807
9807
9792
9787
9779
9764
9764
9759
9754
9752
9737
9735
9730
9726
9709
9707
9707
9704
9704
9701
9682
9668
9646
9641
9633
9629
9629
9608
9579
9573
9572
9560
9553
9542
9539
9529
9527
9527
9524
9520
9497
9495
9483
9481
9468
9466
9465
9459
9453
9441
9438
9436
9434
9430
9430
9427
9426
9422
9418
9402
9399
9393
9376
9373
9373
9370
9366
9357
9351
9349
9339
9335
9323
9321
9314
9313
9310
9309
9307
9307
9307
9307
9303
9297
9291
9278
9269
9267
9266
9262
9261
9253
9246
9242
9240
9225
9201
9195
9182
9160
9156
9152
9150
9149
9121
9120
9117
9111
9104
9091
9081
9077
9067
9058
9058
9048
9048
9041
9034
9034
9021
9017
9017
9011
9011
8999
8993
8990
8946
8944
8938
8933
8917
8909
8906
8897
8895
8887
8885
8870
8864
8856
8839
8836
8835
8830
8825
8825
8819
8813
8813
8812
8801
8795
8782
8780
8769
8767
8766
8763
8758
8756
8751
8745
8743
8736
8731
8727
8719
8717
8713
8704
8703
8698
8697
8683
8659
8658
8656
8653
8649
8647
8641
8638
8630
8617
8615
8613
8607
8602
8600
8595
8593
8586
8581
8575
8571
8551
8550
8542
8530
8528
8525
8523
8520
8518
8511
8508
8504
8500
8497
8487
8485
8485
8482
8472
8453
8442
8440
8434
8431
8429
8404
8404
8401
8400
8399
8397
8396
8395
8393
8390
8380
8377
8371
8365
8364
8363
8363
8361
8361
8349
8349
8348
8338
8334
8320
8309
8304
8303
8302
8302
8297
8296
8268
8266
8245
8238
8232
8231
8221
8211
8206
8188
8187
8185
8185
8184
8179
8176
8174
8169
8166
8165
8158
8158
8140
8140
8137
8136
8130
8124
8112
8111
8110
8102
8097
8094
8091
8082
8078
8076
8076
8062
8061
8058
8057
8055
8046
8042
8040
8027
8021
8017
8005
7999
7995
7989
7988
7979
7979
7967
7963
7960
7959
7957
7953
7952
7945
7945
7945
7942
7940
7937
7935
7933
7928
7926
7912
7911
7911
7910
7902
7900
7895
7890
7889
7882
7875
7872
7869
7867
7852
7851
7850
7847
7842
7839
7831
7829
7828
7826
7825
7813
7813
7809
7801
7794
7792
7790
7789
7789
7783
7772
7766
7764
7764
7759
7759
7759
7756
7754
7744
7743
7742
7741
7739
7730
7728
7728
7722
7718
7711
7707
7703
7697
7693
7689
7686
7680
7675
7672
7669
7665
7664
7662
7658
7651
7645
7642
7642
7641
7637
7621
7620
7616
7612
7574
7574
7568
7565
7555
7555
7549
7542
7538
7536
7531
7525
7523
7516
7515
7513
7512
7510
7505
7497
7493
7490
7476
7470
7469
7468
7467
7460
7457
7453
7450
7447
7438
7431
7425
7424
7418
7412
7409
7405
7405
7403
7394
7390
7388
7387
7387
7370
7369
7362
7362
7351
7351
7350
7345
7343
7340
7335
7333
7332
7332
7324
7318
7315
7314
7310
7308
7308
7299
7299
7286
7285
7284
7273
7267
7260
7253
7253
7241
7238
7234
7233
7229
7222
7221
7216
7211
7208
7201
7198
7196
7194
7191
7184
7179
7178
7173
7172
7170
7163
7155
7147
7143
7137
7134
7133
7132
7129
7127
7127
7124
7124
7122
7118
7117
7114
7108
7107
7100
7099
7096
7093
7092
7091
7086
7084
7082
7082
7082
7081
7078
7076
7072
7069
7065
7062
7055
7053
7053
7053
7052
7046
7033
7026
7022
7016
7014
6997
6990
6989
6976
6972
6967
6963
6958
6952
6950
6950
6944
6942
6941
6940
6935
6931
6928
6928
6920
6915
6913
6912
6911
6903
6903
6903
6900
6899
6895
6894
6892
6889
6871
6864
6864
6858
6856
6854
6854
6845
6839
6838
6837
6827
6827
6822
6822
6821
6817
6813
6812
6811
6809
6808
6808
6804
6798
6790
6785
6783
6779
6770
6764
6760
6756
6755
6755
6755
6752
6751
6751
6750
6746
6746
6739
6730
6728
6724
6721
6717
6717
6717
6710
6710
6710
6694
6693
6693
6686
6684
6684
6682
6671
6671
6669
6667
6664
6664
6662
6659
6652
6649
6648
6645
6639
6637
6633
6630
6630
6628
6625
6621
6619
6617
6615
6613
6613
6604
6598
6598
6590
6590
6587
6586
6582
6574
6573
6571
6571
6566
6566
6564
6561
6559
6550
6543
6543
6540
6540
6536
6535
6533
6533
6529
6523
6523
6520
6516
6508
6507
6505
6499
6491
6490
6482
6481
6471
6465
6461
6460
6460
6458
6455
6453
6453
6450
6448
6441
6439
6437
6437
6436
6432
6431
6430
6429
6428
6427
6426
6426
6418
6414
6410
6408
6408
6401
6399
6399
6398
6397
6396
6394
6391
6389
6387
6382
6376
6376
6376
6375
6374
6374
6372
6368
6364
6364
6352
6350
6343
6342
6342
6342
6340
6340
6339
6334
6333
6333
6332
6332
6328
6325
6320
6319
6307
6306
6298
6295
6294
6293
6289
6276
6275
6274
6273
6271
6269
6269
6268
6266
6262
6259
6253
6252
6241
6239
6237
6235
6233
6230
6229
6224
6221
6217
6216
6213
6211
6202
6194
6187
6186
6183
6181
6180
6173
6172
6172
6171
6169
6166
6166
6164
6162
6160
6153
6147
6145
6143
6140
6136
6130
6127
6126
6118
6118
6115
6113
6109
6107
6099
6095
6090
6087
6083
6081
6078
6077
6071
6066
6056
6056
6055
6051
6050
6049
6044
6042
6041
6039
6033
6033
6033
6025
6023
6021
6017
6014
6013
6012
5998
5996
5991
5989
5988
5987
5979
5977
5969
5952
5952
5952
5949
5949
5949
5945
5943
5943
5940
5940
5939
5935
5934
5925
5925
5922
5922
5919
5918
5909
5905
5904
5903
5902
5890
5886
5883
5881
5878
5870
5859
5849
5842
5836
5834
5827
5827
5823
5822
5821
5817
5816
5814
5814
5811
5805
5798
5795
5794
5794
5793
5792
5789
5789
5784
5781
5775
5772
5770
5770
5769
5769
5769
5768
5766
5765
5761
5757
5755
5754
5752
5751
5749
5747
5747
5744
5743
5743
5734
5733
5731
5728
5728
5727
5725
5724
5722
5719
5718
5709
5709
5709
5706
5700
5695
5694
5694
5693
5691
5690
5687
5682
5675
5670
5669
5668
5663
5661
5661
5656
5656
5652
5651
5651
5650
5644
5641
5639
5638
5637
5635
5633
5631
5631
5629
5628
5624
5622
5622
5620
5619
5611
5607
5607
5605
5604
5603
5602
5602
5602
5596
5595
5592
5587
5586
5586
5585
5585
5580
5578
5575
5574
5573
5570
5570
5565
5564
5557
5557
5555
5554
5552
5550
5550
5546
5537
5531
5531
5530
5530
5529
5529
5529
5526
5522
5516
5516
5515
5511
5510
5509
5505
5505
5503
5501
5498
5497
5496
5496
5493
5486
5484
5483
5480
5465
5464
5463
5456
5454
5453
5446
5441
5440
5439
5437
5430
5428
5422
5421
5419
5418
5417
5417
5416
5415
5413
5410
5405
5405
5404
5402
5400
5398
5392
5391
5390
5390
5389
5382
5381
5379
5379
5376
5375
5370
5366
5362
5357
5356
5354
5351
5349
5349
5345
5343
5342
5340
5337
5334
5333
5332
5332
5331
5330
5329
5324
5319
5314
5311
5308
5308
5305
5301
5300
5298
5294
5292
5290
5284
5283
5283
5281
5277
5273
5271
5269
5265
5262
5261
5259
5257
5257
5257
5257
5255
5252
5247
5247
5246
5244
5240
5237
5234
5233
5232
5231
5229
5227
5227
5225
5223
5222
5221
5221
5221
5220
5219
5216
5213
5207
5206
5206
5206
5206
5204
5202
5199
5198
5194
5194
5190
5187
5185
5182
5177
5175
5174
5173
5172
5172
5170
5170
5164
5164
5162
5161
5161
5160
5158
5157
5157
5150
5149
5147
5145
5132
5130
5129
5127
5125
5124
5118
5112
5109
5105
5100
5100
5093
5085
5083
5083
5077
5076
5074
5072
5072
5070
5067
5067
5065
5065
5062
5061
5057
5056
5053
5047
5046
5044
5044
5042
5041
5034
5032
5030
5027
5022
5017
5017
5016
5008
5006
5005
5003
5001
5001
4999
4999
4996
4995
4992
4991
4991
4989
4976
4975
4974
4972
4972
4971
4969
4967
4964
4962
4960
4960
4959
4958
4957
4955
4954
4947
4946
4944
4942
4937
4936
4936
4934
4931
4931
4924
4923
4921
4912
4909
4904
4904
4901
4901
4899
4889
4887
4885
4883
4879
4878
4876
4872
4872
4872
4867
4867
4864
4862
4861
4859
4858
4856
4853
4849
4847
4843
4840
4840
4840
4838
4835
4832
4832
4830
4829
4825
4823
4822
4822
4820
4818
4817
4811
4809
4808
4808
4807
4801
4800
4797
4796
4793
4787
4784
4778
4777
4777
4768
4767
4765
4760
4757
4755
4754
4753
4753
4748
4745
4745
4742
4740
4739
4739
4738
4736
4735
4734
4731
4728
4725
4723
4721
4721
4719
4717
4717
4716
4712
4708
4708
4706
4699
4699
4696
4695
4688
4687
4681
4680
4679
4678
4677
4675
4674
4670
4668
4667
4666
4662
4660
4659
4659
4659
4658
4657
4653
4651
4650
4648
4648
4647
4647
4643
4643
4640
4640
4636
4634
4633
4633
4629
4629
4628
4628
4625
4623
4621
4616
4616
4616
4615
4615
4612
4611
4608
4608
4607
4605
4605
4600
4599
4597
4597
4595
4594
4594
4592
4585
4585
4580
4579
4578
4578
4577
4576
4575
4574
4572
4572
4571
4570
4570
4567
4567
4566
4565
4564
4563
4562
4560
4560
4558
4556
4552
4551
4547
4547
4542
4538
4537
4536
4533
4528
4525
4525
4525
4524
4522
4522
4521
4517
4516
4516
4512
4511
4508
4506
4506
4506
4504
4503
4496
4496
4496
4495
4494
4494
4491
4490
4489
4487
4487
4483
4482
4481
4480
4480
4478
4475
4472
4469
4465
4464
4462
4462
4460
4448
4447
4444
4444
4443
4441
4441
4439
4439
4434
4434
4433
4432
4432
4427
4426
4425
4423
4420
4420
4419
4418
4416
4414
4408
4408
4407
4406
4406
4404
4403
4403
4401
4394
4392
4390
4388
4380
4378
4375
4364
4363
4359
4359
4356
4355
4355
4354
4352
4351
4351
4350
4348
4347
4347
4345
4344
4343
4343
4342
4341
4340
4338
4338
4335
4334
4333
4333
4330
4329
4328
4327
4323
4321
4319
4317
4316
4316
4315
4311
4311
4310
4310
4308
4308
4306
4303
4300
4299
4296
4293
4290
4287
4286
4286
4285
4284
4281
4281
4274
4269
4268
4266
4266
4265
4263
4259
4259
4259
4257
4257
4255
4255
4254
4251
4251
4250
4247
4245
4245
4245
4241
4234
4233
4231
4230
4228
4224
4223
4223
4221
4217
4217
4213
4211
4210
4210
4206
4204
4203
4203
4202
4202
4202
4201
4201
4200
4198
4194
4193
4193
4193
4190
4188
4180
4177
4177
4176
4174
4172
4172
4169
4168
4167
4167
4166
4165
4164
4162
4161
4160
4153
4153
4152
4151
4147
4146
4145
4144
4143
4141
4139
4134
4130
4130
4128
4125
4124
4124
4122
4118
4118
4118
4115
4115
4113
4112
4110
4106
4105
4104
4103
4103
4103
4102
4100
4099
4098
4096
4096
4094
4092
4092
4091
4089
4089
4087
4086
4083
4079
4079
4078
4077
4076
4071
4069
4068
4068
4067
4066
4057
4054
4053
4052
4049
4045
4045
4042
4042
4041
4041
4041
4041
4041
4040
4039
4039
4037
4037
4033
4031
4031
4029
4026
4023
4022
4019
4018
4016
4014
4013
4012
4012
4011
4009
4009
4008
4004
4003
4003
3999
3998
3996
3992
3989
3987
3986
3986
3986
3986
3984
3983
3982
3980
3980
3978
3977
3975
3973
3972
3970
3969
3968
3967
3966
3965
3964
3963
3961
3958
3958
3951
3947
3938
3938
3937
3936
3935
3934
3933
3931
3930
3928
3927
3926
3926
3924
3923
3922
3921
3921
3920
3919
3918
3915
3911
3910
3906
3905
3902
3900
3900
3898
3898
3896
3896
3895
3893
3892
3892
3892
3890
3888
3887
3886
3886
3886
3883
3881
3876
3876
3875
3874
3874
3871
3871
3868
3866
3865
3865
3864
3864
3863
3861
3859
3858
3856
3855
3855
3854
3853
3851
3850
3847
3847
3847
3846
3845
3844
3843
3839
3839
3837
3834
3832
3832
3831
3828
3827
3827
3823
3823
3821
3820
3820
3818
3817
3816
3814
3813
3810
3808
3806
3805
3803
3803
3801
3799
3798
3792
3791
3791
3791
3786
3785
3784
3784
3783
3782
3781
3778
3773
3770
3769
3768
3767
3767
3766
3766
3765
3763
3762
3761
3758
3756
3756
3749
3747
3745
3745
3745
3744
3744
3743
3743
3741
3741
3740
3740
3740
3740
3739
3739
3738
3736
3734
3732
3728
3727
3726
3725
3723
3722
3720
3720
3719
3719
3718
3707
3707
3705
3703
3702
3700
3698
3698
3697
3697
3694
3694
3692
3691
3689
3688
3687
3686
3686
3684
3684
3682
3680
3675
3675
3675
3675
3675
3671
3671
3670
3669
3667
3665
3662
3661
3661
3659
3659
3657
3656
3655
3655
3654
3653
3649
3643
3640
3640
3640
3640
3639
3638
3638
3637
3636
3635
3633
3631
3630
3630
3629
3628
3625
3623
3621
3621
3621
3620
3617
3615
3615
3614
3613
3613
3612
3611
3611
3605
3604
3603
3602
3599
3597
3597
3594
3551
3591
3587
3586
3584
3584
3582
3581
3581
3581
3579
3579
3577
3575
3574
3574
3574
3573
3573
3573
3573
3573
3572
3572
3571
3570
3569
3568
3568
3568
3567
3565
3563
3561
3560
3560
3558
3556
3553
3548
3547
3547
3546
3546
3546
3543
3542
3540
3540
3539
3537
3535
3535
3534
3534
3533
3530
3528
3527
3527
3526
3525
3525
3522
3522
3522
3520
3520
3519
3518
3516
3516
3514
3513
3511
3511
3510
3509
3509
3506
3505
3503
3503
3502
3502
3502
3501
3500
3500
3498
3497
3495
3494
3494
3493
3491
3490
3490
3486
3482
3482
3481
3481
3481
3480
3479
3478
3477
3476
3475
3474
3471
3470
3470
3468
3466
3463
3463
3463
3461
3461
3459
3459
3458
3456
3456
3456
3455
3454
3450
3449
3449
3448
3446
3446
3444
3442
3440
3440
3436
3436
3434
3434
3434
3432
3432
3431
3431
3429
3428
3428
3427
3425
3423
3423
3423
3422
3419
3418
3418
3417
3417
3416
3416
3416
3415
3414
3414
3414
3414
3413
3411
3411
3410
3410
3409
3409
3408
3408
3407
3407
3407
3407
3403
3402
3402
3400
3399
3399
3396
3395
3395
3394
3393
3392
3390
3388
3386
3386
3382
3382
3381
3380
3379
3379
3379
3378
3377
3376
3375
3375
3374
3372
3371
3371
3371
3370
3369
3367
3367
3366
3366
3366
3363
3362
3362
3362
3361
3360
3360
3360
3358
3358
3356
3355
3354
3353
3352
3352
3351
3351
3348
3345
3344
3344
3344
3341
3338
3337
3337
3336
3336
3335
3333
3332
3332
3331
3331
3330
3329
3329
3323
3323
3320
3319
3318
3315
3314
3313
3313
3311
3309
3309
3307
3306
3304
3304
3303
3299
3299
3297
3296
3296
3294
3293
3292
3291
3291
3290
3290
3290
3289
3289
3287
3286
3286
3285
3284
3283
3277
3275
3273
3270
3270
3269
3269
3268
3267
3267
3266
3266
3265
3264
3263
3263
3262
3260
3259
3258
3257
3255
3252
3250
3249
3248
3247
3246
3245
3243
3242
3240
3237
3237
3236
3236
3236
3236
3236
3234
3233
3232
3232
3232
3227
3227
3225
3225
3224
3222
3220
3219
3218
3218
3215
3214
3213
3212
3209
3208
3207
3207
3206
3206
3205
3204
3204
3204
3201
3201
3199
3199
3197
3196
3196
3196
3193
3191
3191
3189
3189
3188
3188
3187
3184
3184
3183
3183
3183
3182
3181
3180
3180
3179
3177
3177
3174
3173
3172
3171
3170
3170
3169
3168
3167
3166
3165
3165
3165
3164
3164
3163
3163
3162
3161
3160
3160
3158
3158
3158
3157
3156
3155
3155
3154
3153
3153
3153
3151
3150
3150
3149
3146
3145
3144
3141
3138
3136
3136
3136
3134
3134
3133
3132
3131
3130
3129
3127
3127
3125
3124
3123
3123
3119
3119
3118
3117
3117
3116
3115
3115
3112
3111
3111
3111
3110
3109
3109
3108
3108
3108
3108
3108
3105
3102
3101
3099
3098
3096
3094
3092
3091
3089
3088
3088
3088
3087
3087
3087
3086
3086
3085
3084
3084
3084
3084
3083
3082
3081
3080
3080
3080
3077
3076
3076
3075
3075
3073
3073
3073
3072
3072
3071
3071
3070
3068
3066
3066
3066
3063
3063
3063
3060
3059
3059
3059
3058
3058
3057
3056
3056
3056
3055
3054
3054
3050
3049
3047
3046
3046
3045
3043
3042
3040
3038
3037
3035
3034
3031
3031
3031
3031
3030
3030
3030
3030
3029
3028
3028
3026
3025
3025
3024
3024
3024
3023
3021
3020
3020
3018
3018
3017
3017
3016
3013
3012
3011
3010
3009
3008
3005
3004
3004
3003
3002
3001
3000
