376193
264006
217554
214944
202070
190216
168251
139077
112806
94053
87853
84237
76506
71011
69384
55714
55209
54388
50639
47443
46708
46499
46433
46168
45881
45720
41412
41173
40520
39937
39095
37839
37041
36795
36721
36227
35883
35556
34593
34248
33823
31854
31352
30449
30270
30152
29925
29725
28910
28738
28183
27810
27796
27722
27397
26661
25235
24911
24334
24320
23980
23504
23227
23028
22163
22132
22031
22009
21846
21730
21397
21305
20686
20552
20548
20514
20468
20069
19934
19841
19708
19481
19332
19131
18979
18815
18722
18706
18682
18559
18527
18445
18360
18196
18169
18052
17777
17727
17725
17656
17323
17136
17103
17081
17046
16970
16970
16949
16856
16812
16802
16791
16656
16541
16416
16381
16235
16229
16134
15628
15546
15509
15251
15137
15135
15052
15005
14965
14882
14846
14752
14715
14649
14541
14536
14288
14214
14197
14086
14034
14032
13903
13822
13591
13547
13503
13496
13454
13390
13342
13192
13171
13122
13094
13009
13003
12976
12852
12836
12827
12825
12718
12715
12712
12671
12651
12589
12554
12547
12476
12476
12460
12435
12409
12396
12391
12303
12296
12286
12251
12242
12234
12209
12143
12071
12003
11956
11956
11926
11824
11786
11775
11768
11727
11700
11574
11571
11542
11507
11470
11400
11341
11318
11298
11253
11223
11143
11124
11011
10999
10998
10981
10843
10769
10742
10664
10608
10599
10598
10590
10518
10489
10455
10451
10439
10413
10395
10364
10303
10298
10282
10277
10269
10254
10260
10241
10232
10190
10184
10128
10120
10105
10098
10074
10033
10031
10021
9964
9951
9934
9895
9888
9775
9758
9754
9746
9727
9727
9690
9638
9628
9599
9555
9547
9533
9525
9524
9514
9508
9491
9457
9452
9373
9370
9339
9327
9327
9296
9293
9277
9270
9269
9269
9238
9235
9235
9204
9197
9177
9147
9136
9079
9050
9031
9008
9002
8983
8960
8951
8905
8898
8871
8842
8813
8784
8757
8742
8717
8699
8648
8639
8621
8614
8575
8560
8541
8522
8510
8497
8468
8461
8453
8450
8445
8431
8418
8414
8414
8370
8370
8370
8365
8334
8301
8268
8263
8256
8245
8234
8223
8220
8179
8159
8157
8132
8108
8112
8101
8093
8091
8087
8084
8077
8072
8062
8049
8041
8015
8007
7983
7982
7964
7924
7923
7919
7912
7853
7846
7774
7743
7743
7719
7707
7705
7704
7701
7696
7695
7673
7665
7654
7652
7624
7613
7576
7571
7566
7557
7556
7535
7533
7528
7509
7496
7490
7456
7447
7412
7406
7383
7375
7366
7364
7362
7358
7338
7338
7302
7263
7229
7226
7205
7202
7201
7201
7189
7181
7160
7152
7139
7125
7108
7097
7081
7061
7045
7040
7035
7023
7021
7020
7015
7008
6987
6986
6979
6974
6960
6946
6924
6899
6877
6870
6844
6801
6790
6783
6779
6776
6764
6756
6750
6733
6728
6712
6683
6676
6664
6640
6628
6627
6623
6620
6619
6606
6600
6598
6598
6579
6570
6563
6561
6555
6542
6515
6513
6513
6504
6503
6503
6484
6482
6481
6477
6471
6463
6459
6455
6450
6435
6434
6430
6430
6428
6420
6412
6396
6391
6379
6377
6371
6340
6336
6313
6303
6303
6281
6275
6268
6268
6263
6256
6250
6249
6244
6243
6238
6199
6196
6195
6192
6185
6181
6167
6163
6161
6148
6146
6145
6138
6132
6131
6119
6111
6103
6099
6089
6076
6058
6055
6052
6051
6037
6035
6033
6024
6020
6012
6000
5991
5977
5938
5933
5913
5912
5911
5900
5884
5873
5873
5871
5866
5855
5842
5842
5830
5821
5821
5814
5806
5799
5790
5781
5773
5767
5765
5750
5742
5806
5710
5707
5687
5697
5673
5670
5663
5648
5637
5637
5634
5624
5621
5618
5617
5614
5611
5603
5591
5609
5574
5572
5566
5562
5543
5534
5505
5504
5499
5497
5479
5477
5475
5467
5464
5459
5456
5454
5448
5412
5408
5384
5381
5362
5358
5349
5324
5320
5320
5318
5302
5295
5289
5280
5267
5258
5257
5254
5267
5247
5237
5222
5210
5207
5200
5198
5197
5196
5191
5186
5181
5163
5163
5163
5160
5159
5159
5146
5134
5129
5128
5126
5117
5116
5114
5114
5113
5108
5104
5100
5098
5096
5091
5064
5062
5058
5045
5040
5039
5031
5031
5026
5025
5018
5017
5015
5008
5007
5004
4977
4969
4956
4951
4944
4941
4931
4921
4921
4921
4916
4914
4914
4908
4900
4923
4899
4899
4897
4891
4891
4891
4887
4883
4882
4872
4856
4854
4854
4851
4850
4846
4845
4844
4836
4835
4844
4826
4814
4810
4801
4799
4795
4778
4767
4764
4762
4756
4755
4749
4744
4743
4742
4737
4731
4718
4717
4714
4713
4702
4689
4686
4685
4683
4679
4673
4662
4658
4653
4652
4641
4640
4635
4632
4626
4624
4620
4620
4612
4611
4611
4609
4608
4604
4604
4600
4600
4594
4589
4588
4581
4571
4570
4570
4563
4563
4558
4549
4547
4546
4546
4540
4533
4532
4532
4529
4522
4522
4520
4512
4511
4509
4508
4507
4496
4496
4494
4489
4482
4476
4470
4469
4463
4463
4460
4457
4454
4451
4447
4439
4436
4433
4429
4426
4425
4425
4420
4419
4411
4397
4396
4394
4393
4391
4391
4390
4388
4381
4380
4373
4371
4365
4359
4342
4340
4338
4337
4336
4335
4335
4329
4326
4324
4324
4322
4322
4318
4313
4310
4310
4306
4302
4300
4300
4297
4281
4279
4263
4261
4255
4251
4246
4239
4239
4235
4234
4229
4227
4225
4221
4208
4201
4196
4195
4195
4194
4192
4192
4187
4183
4182
4173
4171
4169
4167
4167
4163
4171
4150
4150
4148
4144
4141
4140
4137
4136
4130
4129
4124
4116
4111
4106
4101
4099
4097
4096
4092
4088
4088
4083
4080
4075
4074
4074
4071
4065
4058
4050
4040
4039
4038
4033
4031
4025
4021
4010
4010
4007
4005
4005
4004
4004
4051
4002
4002
4001
3999
3986
3976
3974
3971
3971
3955
3953
3953
3950
3944
3944
3944
3943
3942
3941
3937
3934
3929
3927
3926
3924
3921
3920
3918
3917
3916
3915
3915
3915
3923
3911
3910
3907
3905
3903
3895
3883
3883
3880
3879
3873
3873
3872
3871
3867
3866
3852
3851
3846
3841
3839
3836
3831
3828
3823
3820
3819
3818
3815
3814
3814
3812
3812
3812
3812
3806
3794
3794
3791
3790
3790
3789
3788
3788
3781
3772
3772
3771
3765
3756
3753
3752
3742
3738
3738
3735
3735
3734
3733
3728
3726
3724
3723
3718
3718
3717
3716
3716
3712
3712
3714
3706
3705
3704
3699
3699
3697
3697
3696
3690
3682
3681
3680
3679
3675
3674
3670
3668
3667
3653
3650
3650
3649
3648
3648
3645
3641
3638
3617
3617
3615
3613
3611
3605
3605
3605
3599
3599
3597
3593
3592
3633
3591
3584
3583
3580
3577
3575
3574
3570
3568
3566
3556
3555
3551
3546
3544
3544
3541
3541
3541
3540
3537
3535
3534
3534
3532
3532
3532
3528
3526
3524
3523
3518
3517
3516
3515
3515
3513
3512
3510
3505
3504
3503
3502
3500
3498
3492
3488
3480
3477
3473
3470
3469
3467
3467
3458
3455
3454
3447
3444
3443
3438
3434
3426
3425
3424
3423
3417
3416
3415
3412
3409
3408
3407
3401
3396
3395
3392
3386
3379
3374
3373
3372
3371
3370
3369
3357
3357
3356
3354
3353
3347
3346
3340
3340
3336
3334
3332
3330
3318
3308
3303
3301
3300
3298
3294
3287
3281
3279
3278
3275
3275
3274
3272
3267
3266
3265
3264
3263
3269
3256
3255
3245
3241
3234
3229
3213
3212
3204
3198
3196
3195
3195
3192
3192
3183
3183
3182
3181
3180
3179
3170
3170
3166
3155
3154
3148
3147
3147
3146
3145
3145
3142
3141
3138
3136
3134
3134
3133
3132
3131
3130
3126
3124
3124
3121
3119
3113
3112
3111
3110
3110
3107
3106
3105
3104
3100
3099
3098
3097
3096
3092
3089
3089
3085
3085
3084
3084
3081
3078
3078
3075
3067
3066
3063
3063
3062
3058
3056
3053
3053
3046
3043
3043
3042
3039
3037
3034
3033
3033
3032
3027
3021
3020
3019
3017
3015
3015
3012
3012
3006
3004
3004
3003
3002
3001
3036
