265971
239187
180092
162575
155141
139986
138447
133981
133757
129137
116474
114088
112965
112594
107388
105514
105095
105015
101178
99901
99536
96571
96088
93832
92252
92132
91541
90940
90808
88526
86008
85566
84603
83292
81444
80851
80737
80221
79789
79603
77993
77858
77503
77225
77197
75090
75066
74590
74352
73596
72334
71516
70779
69577
68444
68000
67900
67781
67738
66489
65753
65695
65512
65478
65301
64900
64831
64458
63130
63028
62455
61713
61005
60696
59785
59583
59113
58826
58397
58211
58167
58157
57816
57295
56664
55949
55727
55282
55162
54542
54538
54507
53473
53300
53076
52806
52644
52598
52366
52065
51847
51832
51676
51547
51471
50928
50899
50759
50655
50606
50197
49994
49992
49628
49541
49356
49119
49090
48828
48700
48658
48648
48386
48337
48315
48199
47847
47778
47622
47614
47612
47450
47074
47047
46970
46479
46288
46270
46009
45585
45457
45213
44996
44907
44903
44468
44402
44316
44282
44221
44150
44122
43795
43555
43131
43050
42947
42937
42792
42673
42483
42376
42359
42322
42276
42203
42015
41981
41803
41755
41461
41344
41343
41302
41274
41167
40552
40516
40437
40421
40374
40270
40158
40032
39969
39821
39674
39658
39527
39505
39444
39290
39201
39169
39121
38977
38951
38948
38752
38580
38269
38210
38159
38030
37979
37790
37766
37713
37630
37628
37620
37583
37557
37535
37522
37501
37446
37440
37272
37254
37111
37103
37101
36989
36891
36849
36773
36569
36450
36422
36355
36345
36336
36285
36242
36227
36182
36110
36077
36044
36037
35933
35814
35759
35674
35599
35293
35261
35027
35012
35004
34840
34698
34541
34531
34488
34453
34419
34397
34364
34330
34257
34252
34239
34176
34165
34136
34101
33925
33857
33807
33715
33700
33666
33638
33613
33612
33546
33511
33483
33406
33337
33109
33079
33045
32978
32926
32925
32740
32593
32385
32368
32350
32225
32213
32194
32056
32051
32047
32004
31994
31946
31934
31925
31886
31772
31769
31726
31687
31670
31669
31642
31624
31605
31590
31553
31515
31400
31178
31172
31172
31159
31143
31126
30964
30939
30904
30862
30848
30838
30815
30617
30574
30559
30530
30518
30511
30303
30287
30268
30197
30104
30074
30025
29987
29954
29941
29852
29832
29769
29667
29656
29648
29643
29616
29478
29457
29359
29351
29341
29299
29195
29149
29133
29111
29092
29028
28955
28919
28910
28889
28855
28831
28790
28646
28646
28588
28576
28516
28446
28433
28429
28393
28390
28315
28278
28214
28212
28194
28178
28059
27980
27980
27956
27919
27915
27836
27799
27775
27653
27640
27372
27322
27161
27062
27025
26942
26914
26909
26878
26869
26843
26833
26749
26711
26680
26569
26551
26532
26460
26444
26430
26389
26165
26065
26044
25968
25944
25937
25912
25896
25889
25840
25795
25785
25779
25728
25698
25564
25496
25478
25404
25399
25374
25343
25328
25130
25130
25104
25072
25055
25014
25010
24992
24947
24926
24887
24829
24741
24690
24678
24677
24672
24663
24656
24607
24592
24587
24550
24542
24503
24413
24386
24375
24366
24354
24330
24308
24301
24288
24282
24261
24218
24213
24195
24193
24171
24164
24136
24082
24074
24052
24042
24022
23987
23952
23946
23944
23938
23930
23844
23841
23839
23777
23774
23750
23745
23717
23702
23692
23592
23579
23569
23498
23494
23481
23465
23464
23428
23382
23366
23333
23230
23210
23178
23155
23122
23086
23040
23037
23022
23006
22987
22965
22965
22951
22931
22870
22843
22834
22814
22775
22729
22715
22706
22681
22664
22644
22609
22503
22489
22468
22468
22443
22423
22359
22355
22329
22314
22288
22286
22275
22247
22207
22199
22176
22159
22138
22131
22123
22118
22098
22087
22072
22032
22013
21982
21950
21943
21878
21868
21858
21853
21836
21819
21767
21758
21746
21715
21699
21696
21695
21694
21694
21661
21648
21609
21605
21601
21593
21566
21531
21513
21511
21468
21468
21468
21449
21431
21428
21426
21425
21423
21391
21367
21348
21345
21301
21278
21269
21246
21230
21214
21194
21184
21138
21126
21125
21113
21098
21095
21067
21064
21062
21037
21035
21025
21001
20994
20981
20960
20914
20897
20895
20867
20832
20819
20818
20816
20813
20768
20756
20750
20748
20740
20715
20632
20612
20604
20597
20595
20586
20563
20552
20538
20525
20504
20478
20447
20425
20418
20354
20325
20322
20291
20278
20265
20262
20249
20243
20219
20184
20179
20177
20131
20127
20122
20105
20025
19998
19951
19930
19913
19909
19888
19881
19869
19851
19841
19774
19770
19746
19739
19735
19714
19690
19688
19656
19639
19621
19619
19574
19574
19567
19541
19518
19510
19502
19365
19466
19456
19451
19450
19442
19386
19384
19381
19333
19323
19309
19309
19289
19289
19275
19267
19264
19262
19242
19217
19163
19138
19126
19086
19053
19033
19015
19012
18958
18924
18909
18900
18886
18881
18880
18870
18857
18836
18830
18828
18813
18795
18794
18782
18763
18751
18744
18740
18716
18711
18704
18700
18690
18687
18678
18661
18633
18633
18575
18570
18566
18552
18541
18539
18538
18535
18534
18521
18510
18504
18501
18496
18452
18449
18449
18448
18446
18440
18440
18424
18420
18416
18414
18399
18389
18374
18374
18369
18362
18358
18333
18327
18283
18282
18268
18239
18220
18218
18212
18199
18191
18186
18163
18163
18152
18139
18127
18100
18087
18073
18072
18011
18003
17974
17964
17961
17952
17952
17949
17924
17920
17891
17883
17883
17873
17844
17843
17838
17838
17835
17832
17794
17794
17785
17784
17734
17721
17720
17714
17707
17701
17633
17624
17623
17622
17614
17572
17567
17545
17543
17538
17525
17501
17497
17472
17448
17443
17437
17421
17419
17417
17410
17385
17352
17345
17308
17305
17291
17290
17283
17282
17278
17276
17276
17262
17231
17227
17208
17201
17190
17186
17171
17143
17134
17128
17124
17119
17118
17116
17103
17041
17040
17021
16999
16974
16973
16964
16952
16950
16948
16940
16902
16899
16878
16876
16865
16858
16845
16836
16827
16826
16820
16784
16773
16761
16756
16714
16710
16695
16693
16690
16658
16657
16637
16628
16615
16606
16598
16593
16586
16580
16569
16555
16544
16544
16522
16510
16508
16500
16492
16480
16476
16468
16459
16456
16449
16443
16437
16437
16428
16417
16386
16374
16351
16335
16327
16322
16319
16306
16294
16276
16276
16254
16241
16223
16221
16221
16220
16211
16204
16200
16200
16190
16160
16150
16145
16141
16129
16122
16120
16107
16098
16090
16067
16055
16043
16030
16018
16015
15993
15983
15962
15953
15940
15927
15924
15918
15906
15897
15887
15883
15883
15862
15843
15837
15836
15821
15814
15805
15759
15756
15753
15745
15725
15723
15721
15714
15692
15667
15654
15646
15623
15619
15611
15592
15580
15531
15526
15521
15507
15481
15461
15460
15456
15455
15451
15438
15429
15392
15386
15380
15379
15376
15375
15372
15365
15365
15355
15346
15343
15341
15340
15340
15329
15307
15292
15288
15283
15280
15268
15236
15230
15164
15159
15156
15151
15131
15111
15105
15100
15093
15073
15069
15061
15059
15048
15032
15027
15022
15020
15015
15010
15004
14998
14995
14994
14993
14982
14936
14934
14934
14927
14885
14881
14880
14877
14842
14842
14793
14787
14784
14779
14777
14777
14774
14747
14745
14733
14731
14731
14726
14721
14716
14710
14704
14678
14675
14673
14658
14647
14645
14637
14623
14620
14614
14613
14608
14600
14592
14585
14581
14579
14571
14560
14558
14555
14548
14543
14537
14528
14525
14499
14488
14487
14479
14475
14453
14446
14445
14440
14426
14417
14412
14411
14404
14400
14390
14387
14382
14380
14370
14350
14347
14334
14334
14333
14333
14326
14319
14318
14318
14314
14310
14308
14301
14300
14291
14290
14286
14274
14265
14259
14250
14246
14232
14219
14206
14204
14202
14201
14196
14195
14183
14176
14159
14158
14152
14143
14124
14123
14115
14114
14114
14107
14103
14103
14099
14091
14083
14081
14073
14055
14050
14032
14030
14024
14010
13996
13992
13988
13984
13975
13968
13966
13944
13923
13916
13901
13900
13875
13875
13873
13870
13868
13867
13830
13820
13812
13793
13790
13786
13776
13769
13765
13760
13756
13756
13753
13745
13741
13723
13720
13701
13692
13689
13685
13676
13671
13667
13667
13664
13641
13623
13608
13607
13601
13597
13581
13578
13567
13562
13551
13545
13545
13541
13529
13527
13526
13524
13523
13518
13515
13503
13497
13497
13469
13466
13464
13462
13460
13459
13452
13451
13430
13396
13394
13393
13378
13372
13357
13352
13332
13327
13321
13303
13296
13294
13275
13242
13229
13228
13226
13223
13217
13208
13202
13181
13172
13169
13161
13161
13160
13160
13159
13158
13152
13148
13123
13114
13110
13104
13091
13076
13072
13062
13041
13040
13040
13030
13022
13018
13018
13017
13011
12997
12995
12995
12992
12992
12986
12974
12972
12968
12951
12950
12948
12942
12932
12914
12908
12908
12907
12905
12901
12896
12891
12890
12849
12848
12847
12846
12846
12844
12836
12826
12825
12823
12820
12817
12815
12814
12808
12807
12804
12798
12798
12793
12790
12789
12788
12766
12761
12760
12760
12753
12753
12751
12746
12745
12743
12739
12729
12724
12719
12704
12698
12696
12695
12693
12691
12682
12678
12675
12671
12669
12669
12661
12660
12658
12652
12650
12628
12626
12622
12596
12595
12589
12587
12585
12580
12571
12566
12558
12553
12545
12544
12544
12543
12540
12539
12539
12529
12518
12495
12492
12487
12483
12475
12452
12448
12443
12434
12433
12432
12417
12413
12411
12407
12406
12391
12391
12385
12380
12379
12369
12367
12365
12362
12359
12350
12349
12347
12339
12333
12321
12306
12301
12297
12296
12258
12245
12237
12220
12208
12207
12206
12194
12189
12176
12160
12159
12150
12150
12139
12138
12129
12126
12120
12119
12114
12112
12104
12101
12097
12086
12084
12084
12061
12060
12058
12052
12044
12019
12019
12018
12011
12009
12005
12001
12001
11995
11989
11989
11987
11977
11972
11971
11968
11958
11954
11945
11941
11939
11938
11932
11929
11922
11916
11914
11903
11894
11890
11890
11889
11882
11873
11873
11872
11855
11848
11844
11842
11840
11837
11836
11835
11834
11832
11831
11819
11816
11814
11811
11797
11794
11793
11788
11764
11760
11754
11753
11748
11742
11741
11734
11733
11721
11713
11713
11706
11696
11694
11685
11683
11682
11675
11671
11663
11660
11654
11649
11648
11644
11643
11642
11638
11635
11630
11621
11601
11600
11595
11589
11583
11583
11577
11565
11559
11555
11553
11553
11552
11548
11539
11537
11536
11536
11533
11532
11522
11514
11507
11505
11488
11486
11479
11474
11469
11463
11460
11456
11454
11449
11436
11434
11432
11430
11430
11428
11418
11412
11407
11406
11399
11397
11385
11384
11374
11368
11364
11361
11359
11356
11355
11347
11346
11345
11336
11336
11331
11330
11325
11316
11315
11315
11306
11304
11303
11300
11284
11284
11276
11274
11272
11264
11259
11256
11255
11254
11250
11237
11235
11227
11223
11219
11215
11210
11208
11186
11179
11173
11171
11163
11160
11160
11159
11151
11149
11144
11138
11138
11137
11135
11129
11113
11110
11102
11097
11093
11091
11088
11087
11086
11084
11084
11080
11071
11070
11070
11067
11058
11053
11052
11052
11046
11044
11039
11037
11036
11034
11030
11026
11020
11017
11017
11015
11008
11006
10997
10993
10985
10984
10981
10981
10979
10978
10975
10970
10967
10966
10964
10961
10951
10948
10942
10937
10937
10930
10927
10927
10925
10923
10921
10917
10906
10906
10903
10903
10897
10893
10886
10879
10867
10864
10843
10823
10820
10819
10813
10812
10809
10807
10806
10802
10801
10784
10778
10770
10769
10765
10758
10754
10747
10744
10742
10740
10737
10736
10735
10728
10719
10719
10717
10717
10713
10707
10688
10686
10682
10681
10677
10666
10653
10651
10649
10649
10630
10629
10629
10628
10624
10624
10616
10608
10606
10597
10597
10593
10573
10558
10558
10557
10555
10550
10538
10536
10534
10533
10529
10529
10520
10517
10512
10510
10507
10500
10500
10499
10494
10491
10488
10485
10485
10482
10478
10457
10451
10440
10436
10432
10431
10420
10418
10417
10416
10415
10412
10402
10402
10396
10394
10393
10393
10383
10378
10377
10376
10366
10361
10360
10358
10357
10354
10351
10349
10335
10327
10313
10312
10309
10303
10294
10294
10293
10292
10290
10289
10284
10283
10282
10282
10280
10273
10271
10271
10270
10270
10266
10262
10260
10258
10252
10252
10252
10245
10238
10235
10235
10226
10226
10221
10214
10210
10206
10203
10200
10196
10194
10186
10176
10175
10174
10168
10162
10147
10140
10139
10128
10125
10125
10123
10121
10120
10119
10118
10112
10103
10103
10095
10095
10092
10088
10079
10073
10073
10071
10066
10063
10059
10045
10037
10029
10028
10024
10023
10022
10015
10010
10010
10009
10005
9998
9995
9990
9990
9987
9981
9981
9977
9976
9965
9965
9963
9961
9954
9949
9937
9937
9932
9932
9931
9931
9930
9923
9919
9918
9910
9910
9909
9908
9903
9901
9900
9896
9894
9893
9889
9884
9884
9883
9877
9873
9871
9863
9858
9839
9838
9837
9835
9829
9825
9824
9823
9815
9807
9805
9804
9804
9802
9793
9788
9781
9774
9765
9764
9764
9763
9760
9760
9755
9744
9739
9734
9733
9722
9719
9718
9713
9707
9707
9706
9705
9705
9696
9695
9694
9693
9687
9686
9683
9680
9678
9675
9672
9671
9669
9668
9664
9657
9651
9651
9650
9649
9648
9640
9640
9638
9638
9637
9636
9635
9633
9632
9631
9628
9626
9625
9625
9623
9623
9611
9605
9601
9598
9598
9597
9593
9588
9586
9582
9572
9571
9570
9569
9568
9561
9557
9557
9557
9548
9548
9545
9538
9538
9536
9535
9532
9528
9528
9526
9525
9525
9521
9513
9512
9509
9509
9504
9502
9501
9501
9497
9495
9495
9490
9489
9488
9485
9480
9475
9472
9471
9471
9465
9464
9462
9457
9450
9449
9439
9436
9435
9427
9424
9419
9418
9416
9415
9411
9404
9402
9399
9397
9395
9390
9382
9380
9377
9375
9373
9371
9368
9364
9364
9361
9357
9354
9350
9347
9345
9343
9340
9335
9334
9330
9327
9324
9315
9310
9303
9302
9300
9299
9288
9287
9287
9283
9283
9280
9277
9276
9273
9264
9262
9251
9250
9250
9246
9246
9236
9236
9228
9228
9227
9227
9225
9225
9222
9222
9220
9213
9212
9212
9208
9207
9204
9203
9201
9201
9200
9194
9189
9185
9182
9181
9177
9175
9173
9167
9165
9161
9159
9152
9138
9136
9134
9133
9132
9130
9123
9121
9120
9117
9114
9111
9101
9101
9100
9098
9094
9091
9090
9089
9088
9088
9084
9084
9084
9082
9066
9063
9062
9060
9059
9059
9054
9046
9036
9036
9032
9029
9028
9027
9026
9025
9024
9022
9015
9014
9013
9010
9010
9005
9003
9001
9000
8999
8994
8994
8989
8987
8985
8984
8981
8980
8979
8978
8975
8968
8966
8964
8961
8952
8946
8946
8946
8937
8937
8936
8934
8932
8930
8930
8919
8918
8918
8915
8911
8908
8908
8908
8905
8900
8897
8896
8894
8894
8892
8889
8888
8888
8887
8887
8885
8885
8878
8877
8875
8874
8874
8868
8864
8862
8862
8855
8854
8854
8850
8849
8847
8842
8836
8834
8833
8831
8831
8830
8829
8826
8825
8820
8817
8810
8807
8806
8806
8805
8801
8801
8789
8786
8782
8782
8779
8778
8778
8777
8776
8775
8767
8766
8763
8759
8757
8752
8748
8747
8745
8745
8744
8742
8739
8736
8735
8735
8731
8729
8719
8719
8711
8709
8697
8696
8695
8692
8691
8689
8683
8680
8672
8667
8663
8661
8660
8658
8657
8656
8655
8639
8638
8637
8633
8633
8633
8633
8630
8629
8626
8621
8619
8618
8618
8616
8615
8610
8608
8608
8598
8597
8597
8596
8595
8594
8592
8591
8585
8584
8584
8577
8575
8570
8568
8564
8563
8561
8558
8557
8556
8556
8551
8546
8545
8545
8540
8538
8538
8536
8534
8534
8528
8527
8527
8527
8525
8524
8523
8520
8520
8519
8518
8510
8507
8506
8501
8500
8497
8497
8491
8486
8479
8477
8476
8473
8472
8469
8466
8463
8462
8461
8461
8459
8456
8448
8434
8432
8432
8428
8427
8424
8423
8423
8423
8417
8416
8415
8406
8405
8404
8404
8401
8400
8397
8386
8383
8382
8381
8381
8381
8380
8379
8378
8377
8372
8369
8368
8367
8366
8359
8345
8339
8339
8337
8337
8336
8333
8328
8327
8322
8318
8315
8311
8311
8310
8307
8307
8305
8305
8301
8300
8300
8299
8296
8295
8292
8292
8285
8285
8284
8284
8283
8282
8280
8276
8275
8274
8274
8273
8272
8272
8160
8267
8264
8262
8259
8258
8255
8255
8251
8250
8248
8247
8244
8243
8241
8241
8237
8236
8235
8234
8232
8228
8224
8221
8220
8215
8215
8212
8210
8205
8205
8197
8195
8185
8185
8183
8182
8172
8169
8168
8166
8163
8163
8162
8162
8160
8158
8155
8155
8149
8146
8140
8137
8137
8132
8129
8129
8128
8127
8126
8125
8121
8110
8100
8096
8096
8090
8089
8087
8087
8080
8080
8080
8077
8077
8076
8072
8070
8068
8067
8064
8059
8058
8058
8054
8054
8053
8050
8038
8037
8036
8033
8032
8031
8030
8028
8027
8023
8022
8020
8013
8012
8010
8009
8008
8007
8004
8003
8002
7995
7994
7994
7990
7988
7988
7987
7986
7983
7983
7981
7977
7976
7975
7975
7971
7970
7969
7966
7966
7966
7966
7965
7962
7956
7955
7953
7952
7949
7949
7944
7944
7943
7943
7942
7941
7940
7939
7936
7935
7934
7927
7926
7924
7922
7922
7913
7912
7905
7905
7899
7899
7895
7894
7889
7888
7887
7883
7882
7878
7878
7875
7874
7871
7871
7869
7867
7867
7866
7861
7860
7857
7845
7845
7845
7844
7842
7831
7822
7817
7817
7816
7813
7811
7810
7809
7808
7807
7800
7799
7794
7793
7791
7788
7786
7785
7784
7782
7780
7778
7775
7775
7774
7770
7770
7768
7767
7756
7754
7752
7752
7751
7750
7749
7748
7747
7746
7745
7743
7739
7738
7737
7734
7734
7723
7716
7709
7707
7706
7705
7705
7704
7701
7699
7698
7698
7695
7691
7689
7682
7681
7673
7669
7666
7665
7663
7661
7661
7656
7656
7656
7655
7654
7653
7653
7651
7651
7650
7648
7644
7642
7639
7638
7636
7636
7636
7634
7633
7633
7631
7630
7629
7629
7624
7621
7619
7618
7616
7613
7611
7608
7608
7604
7602
7601
7601
7600
7598
7598
7597
7595
7591
7590
7586
7585
7585
7581
7579
7575
7574
7572
7567
7566
7562
7562
7561
7556
7556
7554
7552
7551
7544
7542
7542
7541
7539
7537
7536
7536
7533
7528
7528
7523
7515
7509
7509
7509
7506
7506
7501
7499
7499
7496
7496
7493
7491
7487
7486
7479
7478
7478
7478
7476
7475
7473
7470
7470
7466
7462
7462
7460
7456
7453
7448
7448
7444
7444
7444
7442
7441
7439
7437
7435
7432
7427
7422
7418
7418
7418
7417
7414
7409
7406
7404
7403
7403
7401
7395
7394
7393
7393
7389
7386
7385
7385
7383
7383
7382
7381
7372
7372
7372
7370
7369
7366
7366
7361
7359
7359
7354
7352
7348
7344
7343
7339
7339
7339
7334
7332
7332
7329
7327
7326
7326
7323
7319
7318
7317
7315
7313
7312
7310
7308
7305
7305
7303
7302
7299
7296
7296
7295
7295
7295
7293
7293
7292
7291
7289
7288
7283
7282
7281
7280
7277
7273
7272
7271
7269
7267
7264
7262
7261
7260
7257
7256
7256
7255
7251
7248
7246
7244
7242
7239
7239
7239
7239
7236
7236
7232
7231
7229
7227
7226
7226
7224
7224
7223
7223
7219
7219
7218
7218
7216
7215
7214
7213
7212
7210
7208
7207
7206
7195
7195
7194
7190
7189
7187
7185
7184
7181
7180
7178
7178
7176
7170
7169
7169
7162
7162
7161
7161
7161
7157
7155
7154
7153
7152
7150
7149
7148
7146
7145
7143
7142
7142
7141
7140
7138
7137
7133
7131
7128
7118
7114
7114
7113
7111
7111
7109
7105
7105
7104
7103
7102
7100
7096
7092
7090
7090
7088
7085
7085
7084
7084
7083
7082
7076
7076
7075
7070
7069
7067
7066
7064
7061
7059
7058
7057
7052
7050
7047
7047
7046
7046
7042
7040
7035
7034
7034
7033
7033
7033
7032
7030
7029
7027
7026
7024
7023
7023
7019
7016
7013
7013
7012
7010
7009
7003
7003
7002
7002
7002
6996
6994
6994
6993
6988
6988
6988
6988
6987
6986
6983
6983
6982
6981
6981
6980
6973
6971
6968
6965
6963
6963
6962
6962
6962
6960
6960
6958
6957
6956
6954
6952
6950
6949
6948
6948
6948
6947
6946
6944
6944
6941
6940
6936
6933
6932
6931
6931
6930
6928
6927
6926
6926
6926
6925
6924
6923
6921
6920
6919
6918
6917
6917
6916
6910
6909
6903
6901
6899
6897
6897
6896
6895
6894
6889
6886
6886
6883
6882
6878
6877
6877
6872
6871
6870
6869
6868
6867
6866
6858
6854
6849
6849
6846
6843
6842
6838
6838
6838
6837
6837
6835
6834
6834
6834
6833
6833
6832
6832
6831
6831
6830
6830
6830
6829
6827
6826
6825
6820
6820
6819
6817
6817
6814
6810
6808
6808
6808
6807
6804
6803
6801
6800
6799
6799
6795
6794
6790
6786
6786
6783
6779
6779
6779
6776
6772
6772
6772
6771
6771
6770
6764
6764
6762
6761
6760
6760
6759
6759
6759
6758
6758
6756
6754
6753
6751
6749
6748
6736
6735
6735
6734
6733
6732
6732
6730
6729
6728
6720
6719
6718
6716
6714
6713
6712
6709
6709
6707
6706
6701
6701
6701
6699
6699
6699
6696
6696
6696
6694
6694
6692
6692
6691
6690
6689
6687
6686
6685
6680
6677
6676
6676
6675
6675
6675
6675
6674
6674
6672
6671
6669
6669
6667
6666
6665
6665
6664
6664
6662
6660
6659
6656
6653
6650
6648
6645
6644
6643
6643
6641
6640
6639
6638
6636
6636
6635
6631
6631
6630
6628
6628
6626
6625
6624
6622
6620
6619
6619
6615
6615
6614
6613
6611
6611
6610
6608
6608
6607
6606
6605
6604
6604
6603
6602
6601
6599
6598
6597
6596
6594
6592
6592
6590
6590
6590
6588
6582
6581
6578
6573
6573
6573
6571
6571
6569
6567
6565
6565
6563
6562
6560
6557
6555
6553
6553
6550
6549
6547
6547
6544
6541
6537
6535
6531
6530
6529
6528
6527
6527
6524
6524
6523
6523
6521
6520
6517
6517
6516
6516
6513
6512
6512
6511
6511
6509
6507
6507
6506
6506
6504
6503
6496
6496
6495
6493
6492
6491
6490
6488
6488
6488
6484
6480
6480
6475
6474
6473
6470
6469
6469
6468
6467
6464
6463
6463
6462
6458
6456
6455
6455
6453
6453
6452
6448
6446
6443
6442
6442
6440
6437
6437
6436
6436
6435
6435
6435
6432
6431
6429
6424
6424
6424
6424
6422
6420
6418
6418
6415
6414
6413
6411
6410
6408
6405
6404
6402
6398
6397
6396
6396
6395
6394
6392
6392
6390
6388
6387
6386
6381
6379
6378
6377
6374
6371
6371
6370
6367
6366
6366
6365
6364
6364
6363
6362
6362
6356
6356
6356
6355
6352
6352
6347
6345
6342
6341
6340
6340
6336
6335
6335
6334
6334
6332
6331
6331
6329
6328
6327
6327
6327
6325
6324
6324
6323
6322
6322
6320
6319
6319
6318
6313
6312
6310
6306
6304
6303
6302
6299
6298
6297
6297
6295
6293
6292
6292
6292
6286
6284
6282
6282
6280
6280
6280
6279
6277
6276
6276
6274
6273
6271
6271
6271
6267
6266
6263
6260
6260
6259
6258
6256
6255
6255
6254
6251
6251
6245
6244
6242
6241
6240
6238
6237
6236
6234
6234
6232
6231
6230
6229
6229
6229
6227
6226
6226
6225
6224
6224
6224
6223
6223
6222
6221
6221
6221
6220
6220
6219
6219
6219
6218
6217
6217
6216
6216
6216
6213
6211
6209
6208
6208
6208
6206
6206
6205
6204
6203
6203
6200
6199
6197
6196
6195
6195
6190
6189
6188
6186
6184
6183
6183
6182
6181
6181
6180
6179
6179
6178
6176
6176
6174
6174
6173
6173
6172
6172
6172
6172
6172
6169
6169
6169
6167
6166
6165
6165
6165
6161
6161
6160
6158
6158
6157
6157
6156
6155
6153
6153
6152
6150
6150
6147
6144
6144
6142
6141
6139
6137
6137
6136
6135
6134
6134
6133
6133
6133
6132
6130
6128
6127
6126
6124
6123
6123
6121
6120
6116
6115
6115
6114
6110
6110
6106
6106
6103
6103
6102
6101
6097
6095
6094
6093
6093
6092
6090
6089
6086
6086
6085
6083
6082
6081
6078
6077
6075
6074
6074
6074
6072
6069
6069
6068
6066
6065
6065
6063
6063
6062
6062
6062
6060
6058
6057
6057
6055
6054
6054
6054
6053
6050
6046
6045
6045
6044
6044
6044
6041
6041
6040
6037
6036
6035
6034
6032
6031
6031
6030
6028
6025
6024
6023
6022
6022
6021
6020
6020
6018
6017
6017
6015
6015
6013
6013
6013
6012
6011
6009
6009
6006
6006
6005
6002
6000
6000
5999
5997
5997
5996
5995
5993
5993
5992
5992
5991
5990
5990
5988
5985
5984
5983
5982
5981
5980
5980
5979
5976
5976
5975
5974
5973
5971
5968
5967
5967
5967
5965
5964
5964
5964
5962
5961
5957
5956
5953
5953
5952
5951
5951
5949
5947
5945
5940
5940
5938
5937
5936
5935
5935
5934
5929
5927
5927
5926
5926
5926
5926
5925
5924
5923
5921
5921
5919
5918
5917
5917
5917
5916
5914
5912
5911
5907
5906
5904
5903
5903
5901
5900
5898
5897
5895
5895
5895
5894
5894
5893
5891
5891
5890
5887
5883
5883
5882
5881
5881
5879
5878
5877
5876
5875
5875
5874
5873
5873
5871
5870
5870
5870
5868
5864
5863
5861
5861
5861
5860
5855
5855
5855
5854
5853
5853
5850
5848
5847
5846
5846
5842
5842
5841
5841
5840
5839
5839
5838
5836
5835
5834
5831
5830
5830
5829
5828
5827
5827
5826
5826
5825
5824
5823
5822
5820
5820
5818
5818
5817
5816
5815
5815
5814
5814
5813
5811
5810
5808
5807
5803
5799
5798
5796
5795
5792
5792
5791
5789
5788
5788
5787
5787
5785
5784
5781
5781
5781
5780
5779
5779
5778
5777
5775
5774
5774
5774
5774
5774
5773
5771
5767
5767
5765
5762
5761
5761
5761
5761
5760
5758
5752
5749
5749
5748
5748
5747
5747
5745
5745
5744
5743
5742
5739
5737
5736
5736
5735
5735
5734
5733
5733
5732
5731
5731
5728
5728
5725
5725
5724
5724
5724
5724
5722
5721
5721
5719
5719
5719
5716
5716
5716
5715
5714
5714
5714
5711
5710
5709
5709
5709
5709
5708
5708
5707
5706
5706
5698
5697
5696
5696
5694
5694
5693
5693
5693
5692
5692
5691
5689
5688
5688
5686
5685
5682
5680
5679
5677
5676
5676
5674
5674
5673
5671
5670
5668
5668
5665
5664
5660
5660
5660
5658
5657
5657
5656
5656
5655
5654
5653
5652
5651
5650
5650
5650
5650
5649
5649
5647
5646
5646
5645
5726
5644
5642
5641
5639
5638
5638
5636
5636
5636
5633
5631
5630
5628
5628
5627
5627
5626
5622
5621
5620
5617
5617
5617
5617
5616
5615
5614
5613
5611
5610
5609
5609
5608
5606
5603
5603
5602
5602
5601
5599
5598
5598
5597
5596
5596
5593
5593
5593
5591
5591
5588
5586
5585
5584
5583
5583
5581
5581
5580
5578
5578
5578
5577
5576
5575
5572
5568
5567
5567
5566
5563
5562
5561
5561
5560
5560
5558
5558
5557
5557
5557
5554
5553
5552
5550
5548
5546
5541
5540
5538
5537
5537
5537
5536
5534
5534
5534
5534
5532
5529
5525
5525
5524
5524
5523
5521
5520
5518
5517
5517
5514
5512
5511
5510
5509
5506
5505
5504
5504
5504
5503
5503
5502
5502
5501
5501
5501
5501
5500
5499
5498
5498
5498
5497
5497
5494
5494
5494
5494
5493
5492
5492
5491
5491
5490
5489
5489
5486
5485
5484
5484
5484
5483
5483
5483
5482
5482
5482
5482
5481
5479
5478
5477
5477
5476
5474
5474
5474
5473
5472
5471
5471
5470
5469
5469
5468
5468
5467
5467
5448
5466
5465
5465
5463
5463
5462
5462
5461
5460
5456
5456
5454
5454
5454
5453
5452
5452
5452
5451
5450
5449
5447
5447
5447
5447
5447
5445
5445
5440
5440
5438
5438
5438
5437
5437
5435
5435
5432
5430
5430
5428
5428
5427
5427
5426
5425
5425
5424
5423
5420
5420
5420
5419
5417
5415
5413
5410
5409
5408
5407
5407
5407
5406
5405
5404
5403
5402
5402
5399
5398
5398
5396
5394
5393
5393
5392
5387
5387
5386
5386
5382
5378
5376
5376
5374
5373
5373
5373
5372
5371
5369
5367
5365
5364
5363
5363
5362
5361
5361
5361
5360
5360
5359
5357
5354
5354
5354
5353
5353
5352
5351
5351
5351
5351
5350
5350
5349
5349
5347
5346
5346
5344
5343
5342
5342
5340
5340
5338
5337
5336
5332
5328
5326
5326
5324
5323
5323
5322
5320
5316
5315
5312
5311
5305
5305
5304
5303
5303
5298
5298
5297
5296
5295
5294
5294
5294
5293
5292
5292
5292
5291
5288
5288
5288
5288
5288
5287
5285
5284
5282
5279
5279
5279
5278
5278
5277
5275
5275
5275
5272
5271
5271
5270
5269
5269
5269
5269
5268
5266
5266
5266
5265
5264
5263
5263
5261
5261
5260
5260
5259
5258
5258
5258
5257
5257
5257
5256
5254
5254
5252
5251
5251
5251
5250
5249
5249
5247
5247
5247
5246
5245
5244
5243
5243
5243
5242
5242
5240
5240
5240
5238
5236
5235
5235
5234
5234
5233
5233
5232
5231
5229
5228
5228
5228
5228
5228
5227
5227
5227
5224
5223
5223
5222
5222
5222
5221
5221
5218
5217
5217
5217
5212
5210
5208
5207
5206
5206
5204
5204
5204
5204
5202
5202
5202
5202
5200
5199
5199
5197
5197
5196
5196
5195
5194
5194
5194
5193
5193
5193
5192
5192
5190
5190
5189
5189
5189
5189
5185
5183
5182
5181
5180
5179
5178
5178
5177
5175
5176
5175
5173
5173
5171
5171
5170
5170
5169
5168
5168
5168
5168
5167
5166
5164
5163
5162
5162
5161
5159
5159
5157
5155
5155
5154
5154
5154
5154
5154
5153
5152
5151
5150
5149
5148
5148
5147
5147
5147
5146
5146
5146
5145
5141
5140
5139
5136
5135
5134
5133
5132
5131
5130
5128
5128
5126
5123
5122
5121
5120
5120
5119
5119
5119
5117
5117
5117
5116
5116
5115
5115
5112
5111
5111
5109
5108
5108
5108
5107
5107
5107
5107
5106
5105
5102
5101
5101
5101
5101
5100
5100
5099
5097
5096
5095
5095
5092
5092
5092
5092
5092
5091
5090
5089
5089
5088
5087
5086
5085
5085
5084
5082
5081
5081
5080
5079
5078
5074
5074
5074
5074
5073
5072
5072
5069
5069
5069
5067
5067
5067
5066
5065
5065
5064
5062
5060
5054
5049
5048
5047
5047
5046
5045
5043
5042
5042
5041
5041
5039
5038
5038
5037
5036
5036
5035
5034
5033
5033
5032
5030
5027
5027
5026
5026
5026
5025
5023
5022
5022
5022
5021
5021
5021
5021
5019
5018
5017
5017
5015
5015
5015
5014
5011
5010
5009
5009
5009
5009
5009
5007
5007
5004
5004
5004
5003
5003
5003
5001
5001
5000
4999
4998
4995
4995
4994
4993
4993
4992
4991
4990
4990
4990
4989
4988
4987
4986
4986
4986
4985
4985
4985
4984
4984
4983
4983
4980
4980
4979
4977
4976
4975
4975
4974
4974
4973
4972
4971
4971
4971
4969
4967
4966
4965
4965
4964
4964
4964
4962
4962
4961
4960
4959
4959
4958
4958
4958
4957
4957
4956
4956
4955
4954
4953
4952
4951
4951
4950
4950
4949
4948
4947
4945
4943
4943
4942
4941
4941
4941
4941
4940
4940
4940
4939
4938
4937
4937
4937
4936
4936
4935
4934
4933
4931
4931
4930
4929
4926
4926
4925
4925
4924
4923
4922
4922
4921
4921
4920
4919
4919
4918
4918
4918
4917
4915
4915
4915
4912
4910
4909
4909
4908
4908
4907
4906
4906
4905
4903
4902
4902
4900
4900
4899
4899
4898
4898
4898
4895
4895
4895
4894
4894
4893
4892
4890
4886
4886
4885
4885
4884
4883
4882
4882
4881
4881
4881
4881
4880
4880
4880
4880
4880
4878
4877
4875
4869
4868
4865
4863
4863
4863
4863
4862
4862
4861
4860
4860
4860
4860
4858
4858
4857
4857
4857
4855
4853
4853
4853
4852
4852
4851
4848
4848
4848
4847
4847
4847
4846
4846
4845
4845
4845
4844
4843
4842
4841
4841
4840
4840
4840
4839
4839
4837
4836
4835
4834
4834
4834
4834
4834
4833
4833
4832
4832
4831
4831
4831
4831
4830
4829
4828
4828
4827
4826
4825
4825
4825
4823
4817
4815
4815
4814
4814
4814
4813
4812
4812
4811
4811
4809
4809
4808
4807
4807
4806
4804
4804
4804
4804
4804
4803
4803
4802
4802
4802
4801
4800
4799
4799
4798
4797
4797
4796
4794
4794
4793
4792
4791
4790
4788
4786
4785
4785
4784
4783
4783
4781
4781
4780
4779
4777
4777
4776
4773
4772
4772
4771
4771
4771
4770
4770
4769
4769
4769
4767
4765
4765
4763
4762
4761
4760
4760
4759
4759
4758
4757
4757
4757
4757
4755
4754
4754
4751
4751
4749
4749
4748
4748
4748
4748
4747
4747
4746
4745
4744
4744
4743
4742
4741
4741
4740
4740
4739
4737
4736
4736
4736
4736
4736
4736
4736
4735
4735
4735
4734
4733
4733
4733
4731
4731
4731
4731
4731
4729
4727
4727
4726
4726
4726
4724
4724
4723
4723
4722
4721
4720
4720
4719
4718
4717
4717
4717
4717
4715
4715
4713
4712
4712
4712
4711
4708
4705
4705
4704
4703
4703
4703
4703
4702
4702
4701
4699
4698
4698
4697
4695
4695
4695
4695
4694
4694
4694
4693
4692
4692
4692
4691
4691
4691
4689
4685
4684
4683
4682
4682
4681
4680
4678
4676
4676
4675
4675
4674
4674
4674
4673
4673
4673
4671
4671
4670
4670
4670
4669
4668
4668
4668
4667
4666
4665
4665
4665
4662
4660
4659
4659
4659
4659
4658
4657
4656
4655
4655
4655
4654
4653
4650
4649
4649
4648
4648
4647
4646
4646
4646
4646
4646
4645
4645
4645
4644
4644
4643
4642
4641
4641
4641
4640
4637
4636
4636
4636
4635
4634
4634
4633
4633
4632
4632
4631
4630
4630
4629
4629
4629
4629
4628
4627
4627
4627
4626
4626
4623
4623
4622
4622
4621
4621
4621
4620
4620
4619
4619
4617
4616
4616
4616
4616
4616
4614
4613
4612
4611
4607
4607
4606
4605
4604
4604
4604
4604
4603
4602
4602
4602
4601
4601
4601
4601
4600
4600
4600
4600
4598
4598
4597
4596
4594
4594
4593
4593
4593
4593
4593
4593
4592
4591
4590
4590
4590
4589
4589
4587
4587
4585
4584
4584
4584
4584
4584
4584
4584
4583
4583
4583
4582
4582
4581
4581
4580
4580
4580
4580
4579
4579
4579
4579
4579
4577
4576
4575
4575
4575
4574
4574
4574
4574
4573
4573
4573
4572
4572
4572
4572
4570
4570
4569
4569
4569
4569
4568
4568
4567
4567
4565
4565
4564
4563
4563
4561
4561
4561
4560
4559
4558
4557
4557
4557
4555
4554
4552
4552
4552
4552
4551
4550
4550
4550
4549
4547
4546
4546
4545
4545
4543
4542
4541
4540
4539
4539
4538
4537
4536
4534
4534
4533
4530
4529
4529
4529
4528
4527
4527
4527
4525
4525
4525
4523
4522
4521
4520
4519
4519
4519
4518
4518
4517
4516
4515
4514
4514
4513
4511
4510
4510
4509
4508
4508
4508
4507
4507
4506
4505
4503
4503
4502
4502
4501
4499
4499
4498
4498
4497
4497
4497
4497
4496
4496
4494
4493
4493
4492
4492
4492
4492
4491
4491
4489
4488
4488
4488
4488
4487
4486
4485
4485
4485
4485
4485
4484
4484
4484
4484
4483
4483
4481
4481
4481
4479
4479
4478
4475
4475
4474
4473
4473
4472
4472
4472
4471
4470
4468
4468
4467
4466
4466
4466
4465
4465
4464
4463
4463
4462
4462
4461
4459
4458
4457
4456
4456
4456
4455
4454
4454
4453
4452
4451
4450
4450
4450
4449
4449
4449
4449
4448
4445
4445
4445
4444
4444
4441
4440
4440
4439
4438
4437
4437
4437
4435
4434
4434
4434
4434
4433
4433
4432
4432
4431
4431
4431
4430
4430
4428
4428
4428
4427
4426
4426
4424
4423
4421
4420
4420
4420
4420
4419
4419
4419
4419
4418
4418
4417
4417
4415
4415
4415
4414
4414
4414
4413
4413
4412
4412
4412
4409
4409
4408
4408
4406
4405
4405
4404
4399
4399
4398
4398
4398
4397
4395
4394
4394
4393
4393
4393
4389
4388
4387
4387
4387
4385
4385
4384
4384
4384
4383
4383
4379
4379
4379
4379
4379
4378
4377
4377
4376
4375
4375
4374
4374
4374
4372
4372
4372
4372
4371
4371
4371
4370
4370
4370
4368
4368
4368
4366
4366
4364
4364
4364
4363
4363
4363
4363
4362
4361
4359
4359
4358
4358
4357
4357
4357
4356
4354
4354
4354
4353
4352
4352
4352
4351
4351
4349
4349
4348
4347
4346
4345
4345
4345
4345
4344
4344
4343
4343
4343
4342
4341
4341
4341
4341
4341
4340
4340
4339
4339
4337
4336
4336
4335
4334
4334
4333
4333
4333
4333
4332
4330
4329
4329
4328
4328
4327
4325
4325
4324
4323
4323
4322
4321
4319
4319
4318
4318
4316
4316
4316
4315
4315
4314
4314
4313
4313
4313
4312
4310
4309
4309
4309
4308
4308
4307
4307
4305
4304
4302
4302
4302
4302
4300
4300
4300
4299
4299
4299
4299
4298
4297
4296
4295
4295
4295
4295
4294
4294
4294
4293
4292
4291
4289
4288
4299
4286
4285
4285
4284
4283
4280
4280
4278
4278
4278
4276
4275
4275
4273
4272
4271
4270
4270
4269
4268
4268
4267
4266
4265
4265
4263
4263
4258
4256
4256
4256
4255
4255
4254
4254
4254
4252
4250
4250
4249
4248
4248
4248
4248
4247
4246
4245
4245
4245
4243
4242
4242
4241
4240
4240
4240
4240
4239
4238
4237
4237
4235
4234
4234
4232
4232
4231
4231
4231
4230
4230
4230
4230
4229
4229
4228
4228
4228
4227
4226
4226
4225
4224
4224
4224
4223
4223
4223
4221
4221
4221
4220
4220
4219
4219
4218
4218
4217
4217
4217
4217
4216
4216
4216
4216
4214
4214
4214
4212
4211
4211
4211
4211
4210
4210
4209
4209
4209
4209
4209
4209
4208
4207
4207
4207
4207
4206
4206
4205
4205
4204
4204
4204
4204
4203
4202
4202
4202
4202
4201
4201
4201
4200
4199
4199
4196
4196
4195
4194
4194
4192
4192
4192
4192
4191
4191
4189
4189
4188
4188
4188
4186
4186
4186
4185
4185
4184
4182
4181
4181
4181
4181
4181
4180
4179
4178
4178
4178
4176
4176
4176
4176
4175
4174
4174
4173
4173
4172
4171
4171
4170
4170
4169
4168
4168
4167
4167
4167
4167
4166
4166
4166
4166
4164
4164
4163
4163
4162
4162
4162
4161
4161
4160
4160
4160
4159
4159
4158
4158
4157
4157
4156
4156
4156
4155
4154
4152
4152
4152
4151
4151
4150
4150
4149
4148
4148
4147
4146
4146
4143
4143
4143
4143
4143
4142
4142
4142
4142
4141
4140
4140
4140
4140
4139
4138
4137
4137
4137
4137
4136
4136
4135
4135
4135
4134
4132
4131
4131
4131
4131
4130
4129
4129
4129
4128
4128
4127
4127
4126
4126
4126
4125
4125
4123
4123
4123
4122
4122
4122
4121
4120
4120
4120
4119
4118
4117
4117
4117
4117
4116
4116
4116
4115
4114
4114
4113
4113
4113
4112
4112
4111
4111
4110
4109
4109
4108
4108
4108
4108
4107
4107
4106
4106
4105
4105
4104
4104
4103
4103
4103
4103
4102
4101
4101
4099
4098
4097
4096
4095
4095
4094
4092
4073
4089
4089
4088
4087
4087
4086
4086
4086
4086
4086
4086
4085
4084
4082
4082
4081
4081
4079
4078
4077
4077
4076
4076
4075
4075
4074
4073
4073
4073
4072
4072
4071
4070
4070
4070
4069
4068
4068
4068
4067
4066
4066
4065
4065
4065
4064
4064
4064
4063
4063
4063
4063
4062
4062
4062
4062
4062
4062
4062
4061
4060
4059
4059
4058
4057
4055
4054
4054
4054
4054
4054
4054
4054
4053
4053
4053
4052
4051
4051
4051
4050
4049
4048
4048
4048
4047
4047
4047
4047
4047
4046
4046
4046
4045
4044
4044
4044
4043
4043
4041
4040
4038
4038
4038
4038
4037
4037
4037
4036
4036
4036
4036
4035
4034
4034
4034
4033
4033
4031
4031
4031
4031
4030
4029
4029
4029
4029
4028
4028
4028
4027
4027
4027
4027
4026
4025
4024
4023
4023
4023
4023
4022
4022
4021
4020
4020
4020
4019
4019
4018
4018
4018
4017
4017
4016
4014
4013
4012
4011
4011
4011
4010
4008
4008
4007
4007
4006
4006
4006
4005
4005
4005
4004
4004
4003
4003
4003
4002
4002
4001
4000
4000
3999
3999
3999
3999
3998
3997
3997
3997
3997
3996
3996
3996
3996
3995
3995
3994
3994
3994
3994
3993
3993
3993
3993
3992
3992
3991
3990
3990
3989
3989
3988
3988
3988
3987
3987
3986
3985
3985
3985
3984
3984
3984
3984
3983
3982
3981
3981
3981
3980
3980
3980
3979
3979
3979
3978
3976
3976
3975
3975
3975
3975
3974
3974
3974
3973
3973
3972
3971
3971
3970
3970
3969
3969
3969
3966
3966
3965
3965
3965
3965
3964
3964
3963
3962
3962
3961
3961
3960
3960
3960
3959
3958
3957
3956
3956
3956
3955
3955
3954
3954
3954
3952
3951
3950
3950
3950
3949
3948
3947
3947
3947
3947
3947
3946
3946
3946
3946
3946
3945
3945
3945
3945
3945
3944
3944
3944
3944
3944
3943
3942
3942
3941
3941
3941
3941
3940
3940
3940
3939
3939
3939
3939
3938
3938
3938
3937
3937
3936
3935
3935
3934
3934
3934
3933
3933
3932
3931
3931
3931
3931
3930
3930
3929
3929
3928
3928
3927
3927
3926
3926
3926
3925
3925
3924
3924
3923
3923
3923
3922
3922
3922
3921
3920
3920
3920
3919
3919
3918
3917
3917
3916
3916
3916
3916
3915
3913
3913
3913
3913
3912
3912
3911
3911
3911
3911
3910
3910
3910
3910
3910
3909
3909
3909
3908
3908
3907
3906
3906
3906
3906
3905
3905
3903
3903
3902
3902
3902
3902
3901
3901
3901
3901
3900
3900
3899
3899
3898
3898
3897
3895
3895
3895
3895
3894
3894
3893
3893
3893
3893
3892
3891
3890
3890
3890
3889
3889
3888
3888
3888
3888
3888
3887
3887
3887
3887
3886
3886
3886
3885
3885
3885
3884
3884
3883
3883
3882
3882
3881
3879
3879
3879
3879
3878
3878
3877
3875
3875
3875
3874
3874
3874
3874
3874
3873
3873
3872
3872
3872
3872
3872
3872
3871
3871
3871
3870
3870
3870
3869
3868
3867
3867
3867
3867
3865
3865
3865
3864
3864
3863
3863
3862
3862
3861
3860
3860
3859
3858
3858
3858
3857
3857
3857
3857
3857
3856
3856
3856
3856
3856
3855
3855
3855
3855
3854
3854
3853
3853
3853
3853
3852
3851
3851
3850
3850
3850
3850
3850
3849
3849
3848
3848
3847
3847
3847
3846
3845
3844
3843
3842
3842
3842
3841
3841
3838
3838
3838
3836
3836
3836
3835
3835
3834
3834
3834
3833
3832
3831
3830
3830
3830
3829
3829
3827
3827
3827
3827
3826
3825
3823
3823
3823
3822
3821
3821
3821
3821
3821
3820
3820
3820
3820
3819
3819
3816
3814
3814
3813
3812
3812
3812
3812
3811
3811
3810
3810
3810
3809
3808
3807
3807
3806
3806
3805
3804
3803
3803
3803
3803
3802
3802
3801
3801
3801
3800
3800
3800
3799
3798
3798
3798
3797
3796
3796
3796
3795
3795
3794
3794
3793
3793
3792
3792
3791
3791
3791
3789
3788
3787
3787
3787
3786
3786
3786
3786
3786
3786
3785
3785
3784
3783
3782
3781
3781
3781
3780
3780
3779
3779
3778
3778
3777
3775
3775
3774
3774
3773
3773
3772
3771
3770
3770
3768
3768
3767
3767
3767
3766
3765
3765
3765
3765
3765
3764
3763
3763
3762
3762
3762
3761
3761
3761
3761
3760
3759
3759
3759
3758
3758
3758
3758
3757
3757
3757
3757
3755
3754
3753
3752
3752
3752
3752
3751
3751
3750
3750
3750
3750
3748
3747
3747
3747
3746
3746
3746
3746
3745
3745
3743
3743
3743
3742
3741
3740
3740
3740
3739
3739
3738
3738
3738
3738
3737
3737
3736
3736
3736
3735
3735
3735
3735
3734
3733
3732
3731
3730
3730
3729
3728
3728
3728
3727
3726
3725
3724
3724
3722
3721
3721
3721
3721
3720
3720
3720
3719
3719
3719
3719
3718
3718
3717
3717
3717
3716
3715
3715
3715
3715
3714
3714
3714
3714
3714
3713
3712
3711
3711
3710
3710
3709
3709
3709
3708
3708
3708
3708
3707
3707
3706
3705
3704
3703
3703
3703
3702
3702
3702
3701
3700
3700
3699
3699
3698
3698
3698
3698
3697
3697
3697
3697
3696
3695
3694
3694
3693
3693
3692
3692
3690
3690
3690
3690
3689
3688
3688
3687
3687
3686
3686
3686
3684
3683
3683
3683
3682
3681
3680
3680
3679
3679
3679
3679
3679
3678
3678
3677
3677
3677
3676
3676
3675
3675
3674
3671
3671
3671
3671
3670
3670
3669
3668
3668
3668
3667
3667
3666
3666
3665
3665
3664
3664
3663
3663
3663
3662
3662
3661
3661
3660
3659
3659
3659
3659
3658
3658
3658
3658
3656
3656
3655
3655
3654
3654
3653
3653
3652
3652
3652
3651
3651
3651
3651
3651
3649
3649
3649
3649
3648
3648
3647
3646
3646
3644
3644
3643
3643
3642
3640
3639
3639
3638
3638
3636
3634
3634
3633
3633
3633
3631
3631
3631
3631
3629
3629
3629
3629
3629
3629
3628
3627
3626
3626
3626
3626
3626
3625
3625
3625
3624
3624
3624
3624
3623
3623
3623
3623
3623
3623
3622
3622
3621
3621
3620
3620
3620
3620
3619
3619
3619
3618
3618
3617
3617
3617
3616
3615
3613
3613
3613
3613
3612
3611
3611
3611
3611
3611
3610
3609
3608
3607
3607
3606
3606
3605
3605
3605
3605
3603
3603
3603
3602
3602
3601
3601
3601
3601
3601
3600
3599
3599
3599
3598
3597
3596
3596
3596
3595
3595
3595
3595
3595
3592
3591
3591
3591
3590
3590
3590
3590
3589
3589
3588
3588
3588
3587
3587
3587
3586
3586
3585
3585
3585
3585
3585
3585
3585
3584
3584
3583
3583
3583
3583
3581
3580
3580
3580
3578
3578
3575
3575
3575
3575
3574
3574
3574
3573
3573
3573
3572
3572
3572
3571
3571
3571
3571
3570
3569
3569
3569
3569
3568
3568
3567
3567
3566
3566
3566
3565
3562
3561
3561
3561
3561
3560
3560
3560
3559
3558
3558
3556
3556
3555
3555
3555
3555
3554
3554
3554
3554
3553
3553
3553
3552
3551
3551
3551
3551
3550
3550
3550
3549
3549
3548
3547
3547
3547
3547
3546
3546
3546
3545
3545
3545
3544
3544
3544
3543
3543
3543
3543
3542
3541
3541
3541
3540
3540
3539
3539
3539
3539
3539
3538
3538
3538
3538
3538
3538
3538
3537
3536
3535
3534
3533
3533
3533
3532
3532
3532
3532
3531
3529
3529
3529
3528
3528
3527
3527
3526
3525
3524
3524
3524
3524
3524
3524
3523
3523
3522
3522
3522
3521
3521
3520
3520
3519
3519
3519
3518
3518
3517
3517
3517
3516
3516
3515
3515
3515
3515
3515
3514
3514
3514
3514
3513
3513
3512
3511
3511
3511
3510
3510
3510
3510
3510
3509
3509
3506
3506
3506
3506
3506
3505
3505
3505
3505
3505
3505
3504
3504
3503
3503
3502
3501
3501
3500
3500
3500
3499
3499
3499
3499
3498
3498
3498
3497
3497
3497
3497
3496
3495
3495
3495
3494
3494
3493
3493
3493
3493
3492
3492
3492
3492
3491
3490
3490
3489
3488
3488
3488
3488
3488
3487
3487
3486
3486
3486
3486
3486
3486
3486
3485
3485
3481
3480
3479
3479
3479
3479
3479
3478
3478
3477
3477
3477
3476
3475
3474
3474
3473
3473
3473
3473
3472
3472
3472
3471
3471
3471
3470
3469
3469
3468
3468
3468
3468
3468
3468
3467
3467
3467
3467
3466
3465
3465
3464
3464
3464
3464
3464
3463
3462
3461
3461
3460
3460
3460
3460
3460
3459
3459
3459
3458
3458
3458
3457
3456
3456
3455
3454
3454
3454
3454
3453
3453
3453
3452
3452
3452
3451
3451
3451
3451
3451
3450
3450
3450
3449
3449
3449
3449
3449
3448
3448
3448
3447
3447
3447
3447
3447
3446
3446
3446
3446
3446
3445
3445
3444
3444
3444
3444
3444
3444
3444
3443
3443
3442
3441
3441
3441
3440
3440
3440
3439
3439
3439
3438
3438
3438
3437
3437
3437
3436
3436
3436
3436
3435
3434
3434
3434
3432
3432
3431
3430
3430
3430
3430
3430
3429
3429
3429
3428
3428
3428
3427
3427
3427
3426
3426
3426
3425
3425
3425
3424
3423
3423
3423
3422
3421
3421
3421
3421
3417
3417
3417
3417
3416
3416
3415
3415
3414
3411
3411
3411
3410
3410
3409
3409
3409
3409
3409
3408
3408
3408
3407
3407
3405
3405
3404
3403
3403
3403
3402
3402
3400
3400
3400
3400
3399
3399
3399
3398
3398
3398
3398
3398
3397
3397
3396
3395
3395
3395
3395
3395
3394
3394
3394
3393
3393
3392
3392
3390
3390
3390
3389
3388
3387
3387
3387
3386
3386
3386
3386
3386
3386
3384
3384
3384
3384
3384
3384
3383
3383
3383
3382
3382
3382
3381
3381
3381
3380
3380
3380
3379
3379
3379
3377
3377
3376
3376
3375
3375
3375
3375
3375
3375
3374
3374
3373
3373
3373
3372
3372
3372
3371
3370
3370
3370
3370
3370
3370
3369
3369
3369
3368
3368
3368
3367
3367
3367
3367
3365
3365
3365
3364
3363
3363
3362
3362
3362
3362
3362
3361
3360
3359
3359
3359
3358
3358
3358
3358
3357
3356
3356
3355
3355
3354
3354
3354
3354
3354
3353
3353
3353
3352
3352
3352
3351
3351
3351
3350
3350
3350
3350
3349
3349
3348
3348
3348
3348
3348
3347
3347
3347
3347
3347
3346
3346
3345
3345
3345
3345
3345
3344
3342
3341
3341
3341
3341
3340
3340
3340
3340
3340
3340
3340
3339
3338
3338
3337
3337
3336
3336
3336
3335
3335
3335
3335
3335
3335
3334
3334
3333
3333
3333
3333
3332
3331
3331
3331
3331
3330
3329
3329
3328
3328
3328
3328
3328
3327
3327
3327
3326
3326
3326
3326
3325
3325
3325
3325
3324
3324
3324
3322
3322
3322
3322
3321
3321
3321
3321
3321
3321
3320
3320
3320
3319
3319
3319
3318
3318
3318
3318
3317
3316
3316
3315
3315
3315
3315
3315
3314
3314
3313
3313
3313
3313
3312
3312
3312
3311
3311
3311
3311
3310
3310
3310
3310
3310
3308
3308
3308
3308
3308
3307
3307
3306
3306
3306
3304
3303
3302
3302
3301
3301
3301
3301
3301
3300
3300
3300
3300
3300
3299
3299
3299
3299
3299
3298
3298
3298
3298
3298
3298
3298
3297
3297
3297
3296
3296
3296
3295
3295
3294
3294
3294
3292
3292
3291
3291
3290
3290
3290
3289
3289
3288
3288
3288
3288
3288
3288
3287
3286
3286
3286
3286
3286
3285
3285
3285
3285
3284
3283
3283
3282
3282
3282
3282
3282
3281
3280
3280
3279
3279
3279
3279
3278
3278
3278
3278
3277
3277
3277
3277
3277
3276
3275
3275
3275
3275
3274
3274
3274
3274
3274
3274
3273
3273
3271
3271
3269
3269
3269
3268
3268
3267
3266
3266
3266
3266
3265
3265
3264
3264
3263
3263
3262
3262
3262
3262
3262
3261
3261
3261
3261
3260
3260
3260
3260
3259
3259
3259
3259
3259
3259
3256
3256
3256
3256
3255
3255
3255
3254
3254
3254
3254
3253
3253
3252
3252
3252
3252
3252
3251
3251
3250
3249
3248
3248
3247
3246
3245
3245
3244
3243
3243
3243
3242
3242
3241
3241
3241
3241
3241
3241
3240
3240
3240
3240
3239
3239
3239
3239
3239
3238
3238
3238
3238
3237
3237
3236
3236
3236
3235
3235
3235
3235
3235
3235
3235
3234
3233
3233
3233
3232
3231
3230
3230
3230
3229
3229
3229
3229
3229
3229
3229
3228
3228
3228
3228
3227
3227
3227
3227
3226
3225
3225
3225
3225
3224
3224
3223
3223
3223
3223
3222
3222
3221
3221
3221
3221
3221
3221
3221
3220
3219
3219
3219
3219
3218
3218
3218
3217
3217
3217
3217
3216
3216
3216
3216
3215
3215
3214
3214
3214
3213
3213
3212
3211
3211
3211
3210
3210
3210
3210
3210
3210
3210
3209
3209
3209
3208
3208
3207
3207
3207
3207
3207
3206
3206
3206
3206
3206
3204
3204
3204
3204
3204
3203
3203
3202
3202
3201
3201
3201
3201
3201
3201
3200
3200
3200
3200
3200
3199
3199
3198
3198
3198
3198
3198
3198
3197
3197
3197
3197
3196
3196
3195
3195
3195
3195
3195
3194
3194
3194
3194
3194
3194
3193
3192
3192
3191
3191
3191
3191
3191
3190
3188
3188
3187
3187
3187
3186
3185
3185
3184
3184
3183
3183
3183
3183
3183
3182
3182
3181
3180
3179
3178
3178
3178
3177
3177
3177
3177
3177
3177
3177
3176
3176
3176
3176
3175
3175
3175
3175
3174
3174
3174
3174
3174
3174
3173
3173
3173
3173
3173
3172
3172
3172
3172
3171
3171
3171
3171
3169
3169
3169
3169
3169
3167
3167
3167
3167
3167
3167
3167
3167
3166
3166
3166
3165
3165
3165
3164
3164
3163
3163
3163
3163
3162
3162
3162
3161
3160
3160
3160
3160
3160
3159
3159
3159
3159
3158
3158
3158
3158
3158
3158
3157
3157
3157
3156
3156
3156
3156
3156
3156
3156
3156
3156
3155
3155
3155
3154
3154
3154
3154
3154
3153
3153
3153
3153
3152
3152
3152
3152
3152
3151
3151
3151
3151
3151
3150
3150
3150
3150
3150
3150
3149
3149
3148
3148
3148
3148
3148
3147
3147
3147
3147
3146
3146
3145
3145
3145
3144
3144
3144
3144
3143
3143
3143
3143
3143
3143
3141
3141
3141
3141
3140
3140
3139
3139
3139
3139
3139
3138
3138
3137
3137
3137
3136
3136
3136
3136
3136
3136
3135
3135
3134
3134
3133
3133
3133
3133
3132
3132
3132
3132
3132
3132
3131
3130
3129
3129
3129
3128
3128
3127
3127
3126
3125
3125
3124
3123
3123
3123
3122
3122
3122
3122
3121
3121
3121
3121
3121
3121
3120
3120
3120
3119
3119
3119
3119
3119
3118
3117
3117
3117
3116
3116
3116
3115
3115
3115
3115
3115
3115
3114
3114
3114
3114
3112
3112
3112
3111
3111
3111
3111
3111
3110
3110
3110
3110
3110
3110
3109
3108
3108
3108
3108
3108
3108
3107
3107
3107
3107
3107
3107
3106
3105
3104
3104
3104
3104
3104
3103
3103
3103
3102
3102
3101
3101
3101
3101
3100
3100
3099
3099
3099
3098
3098
3098
3098
3098
3098
3097
3096
3096
3096
3096
3095
3095
3095
3095
3095
3095
3095
3095
3095
3094
3094
3094
3094
3093
3093
3092
3092
3092
3092
3091
3091
3090
3090
3088
3088
3088
3088
3088
3087
3087
3087
3087
3087
3086
3086
3086
3085
3084
3084
3084
3084
3083
3082
3082
3081
3081
3080
3080
3079
3079
3079
3078
3078
3078
3078
3077
3077
3077
3077
3077
3076
3074
3074
3074
3073
3073
3073
3073
3072
3072
3071
3071
3071
3070
3070
3070
3070
3070
3070
3070
3070
3070
3069
3069
3069
3068
3067
3067
3066
3066
3065
3065
3065
3065
3064
3064
3064
3064
3064
3064
3062
3062
3062
3062
3062
3061
3060
3060
3060
3060
3060
3060
3060
3059
3059
3059
3058
3058
3057
3057
3057
3057
3056
3056
3056
3055
3055
3055
3054
3054
3054
3054
3053
3052
3051
3051
3051
3051
3050
3050
3050
3050
3050
3050
3049
3048
3048
3048
3048
3047
3047
3047
3046
3046
3046
3045
3044
3044
3044
3044
3043
3042
3042
3042
3041
3041
3040
3040
3039
3039
3039
3039
3039
3039
3039
3039
3038
3037
3037
3037
3037
3037
3036
3036
3035
3035
3035
3034
3034
3033
3033
3033
3033
3032
3032
3032
3032
3031
3030
3030
3029
3028
3028
3028
3028
3028
3026
3026
3026
3025
3025
3025
3024
3024
3024
3024
3023
3023
3023
3023
3022
3022
3022
3022
3022
3021
3021
3021
3021
3021
3020
3020
3020
3020
3020
3020
3020
3019
3019
3019
3019
3019
3018
3018
3017
3017
3017
3016
3016
3015
3015
3015
3015
3015
3014
3014
3014
3014
3013
3013
3013
3012
3012
3012
3011
3011
3011
3011
3011
3011
3011
3011
3010
3010
3009
3009
3009
3009
3009
3009
3008
3008
3008
3008
3007
3007
3007
3007
3006
3006
3006
3005
3005
3005
3004
3004
3004
3004
3004
3003
3003
3003
3003
3002
3002
3002
3000
3000
3000
