78294
67333
60918
60750
50690
44634
42971
38330
36797
33975
32851
32434
31817
31094
30500
29798
29646
28805
28721
28195
26600
26393
25595
25308
25189
24973
24929
24861
24548
24311
24269
24005
23493
22490
22320
21967
21895
21749
20625
20460
20292
19742
19723
19487
19399
19322
19119
19023
18529
18441
17772
17507
17499
17150
17053
16785
16552
16154
16146
16111
15788
15606
15563
15199
15185
15154
15139
15050
14967
14690
14551
14522
14495
14218
13987
13905
13833
13702
13656
13058
13004
12756
12741
12705
12653
12605
12547
12520
12417
12321
12105
11923
11891
11749
11745
11624
11620
11510
11488
11426
11353
11166
11150
11106
11077
10954
10920
10902
10802
10767
10655
10632
10612
10600
10576
10549
10520
10515
10404
10378
10277
10251
10030
10004
9967
9871
9764
9669
9667
9661
9588
9544
9494
9483
9319
9316
9214
9204
9172
9149
9126
9124
9080
9077
9064
9040
9036
9013
9003
8985
8984
8977
8963
8955
8934
8885
8875
8850
8801
8798
8796
8792
8759
8744
8735
8699
8654
8646
8581
8581
8559
8547
8479
8456
8433
8413
8381
8370
8369
8326
8228
8211
8196
8190
8114
8058
8051
8128
7905
7884
7870
7866
7855
7832
7804
7804
7791
7760
7714
7710
7692
7656
7653
7651
7640
7635
7552
7534
7533
7530
7526
7517
7512
7493
7479
7478
7459
7447
7441
7437
7425
7414
7381
7355
7353
7298
7268
7254
7243
7238
7236
7224
7213
7126
7122
7120
7111
7103
7065
7045
7023
7020
7000
6987
6968
6966
6952
6938
6885
6869
6846
6823
6794
6774
6751
6744
6736
6732
6728
6706
6657
6636
6630
6625
6619
6606
6602
6581
6570
6565
6559
6512
6500
6463
6458
6373
6367
6327
6326
6305
6299
6261
6232
6204
6204
6197
6181
6181
6162
6125
6112
6106
6105
6099
6096
6077
6076
6066
6064
6037
6030
6005
5990
5922
5914
5905
5891
5878
5833
5831
5829
5814
5763
5756
5750
5741
5722
5712
5710
5701
5675
5675
5662
5660
5645
5638
5633
5628
5617
5616
5607
5600
5598
5590
5580
5569
5563
5553
5551
5547
5539
5514
5503
5483
5458
5443
5435
5434
5412
5409
5399
5392
5387
5370
5351
5348
5344
5344
5331
5328
5321
5298
5260
5259
5245
5241
5235
5230
5229
5227
5221
5201
5201
5181
5175
5175
5174
5171
5167
5160
5158
5155
5147
5145
5144
5141
5137
5136
5121
5117
5111
5109
5108
5092
5082
5079
5076
5075
5074
5073
5047
5042
5040
5019
5009
5006
5001
4998
4998
4984
4981
4972
4957
4949
4949
4945
4924
4913
4913
4909
4896
4895
4889
4887
4877
4875
4869
4855
4849
4847
4844
4829
4805
4790
4781
4774
4749
4743
4741
4735
4732
4718
4715
4711
4704
4696
4687
4678
4675
4667
4657
4655
4654
4652
4650
4640
4638
4636
4625
4617
4602
4596
4595
4588
4578
4556
4553
4543
4541
4536
4526
4522
4520
4515
4509
4505
4505
4494
4487
4464
4462
4461
4459
4455
4450
4449
4443
4440
4437
4436
4433
4432
4432
4431
4430
4421
4416
4416
4408
4400
4400
4385
4384
4382
4371
4370
4360
4355
4345
4340
4338
4336
4335
4330
4330
4328
4325
4297
4289
4287
4280
4276
4271
4265
4264
4263
4257
4254
4247
4247
4245
4239
4238
4232
4220
4220
4218
4206
4206
4206
4203
4203
4201
4195
4193
4188
4187
4185
4185
4182
4181
4177
4174
4172
4169
4167
4163
4159
4158
4155
4152
4145
4145
4142
4141
4140
4140
4137
4133
4131
4131
4114
4110
4110
4108
4108
4106
4095
4093
4082
4079
4077
4074
4071
4068
4064
4058
4041
4039
4038
4036
4031
4026
4025
4023
4021
4012
3986
3976
3975
3972
3966
3965
3963
3962
3962
3954
3952
3941
3932
3927
3927
3926
3925
3925
3918
3917
3907
3906
3906
3904
3894
3891
3886
3880
3879
3878
3873
3871
3868
3864
3863
3859
3857
3854
3854
3850
3849
3847
3843
3840
3839
3839
3832
3832
3832
3825
3818
3816
3814
3799
3795
3792
3792
3790
3787
3785
3784
3774
3767
3760
3758
3747
3746
3746
3742
3738
3735
3727
3721
3721
3720
3720
3718
3710
3709
3708
3708
3706
3706
3704
3701
3698
3696
3696
3690
3688
3679
3678
3673
3670
3670
3669
3665
3662
3661
3661
3658
3645
3645
3644
3640
3637
3637
3636
3625
3620
3619
3617
3620
3614
3614
3614
3605
3604
3604
3604
3601
3598
3595
3593
3593
3590
3588
3585
3583
3582
3580
3580
3577
3577
3574
3572
3571
3571
3569
3558
3558
3554
3551
3549
3545
3532
3526
3525
3521
3516
3514
3508
3507
3506
3498
3493
3484
3483
3479
3478
3474
3470
3463
3460
3458
3455
3455
3452
3452
3451
3448
3448
3448
3445
3442
3439
3437
3436
3436
3435
3434
3430
3429
3427
3426
3425
3424
3417
3417
3406
3405
3401
3399
3399
3397
3395
3394
3393
3391
3387
3386
3384
3380
3384
3378
3373
3373
3370
3366
3365
3362
3353
3350
3349
3346
3346
3345
3345
3342
3342
3336
3331
3330
3329
3329
3328
3328
3326
3325
3320
3317
3317
3314
3312
3311
3301
3300
3299
3299
3298
3296
3295
3294
3294
3292
3292
3289
3287
3286
3285
3285
3284
3283
3281
3294
3279
3277
3271
3269
3268
3267
3264
3263
3263
3259
3257
3255
3252
3246
3243
3241
3239
3239
3232
3232
3225
3222
3219
3218
3215
3213
3212
3212
3212
3209
3206
3205
3204
3203
3198
3197
3196
3194
3188
3187
3186
3183
3176
3176
3174
3174
3171
3163
3160
3160
3156
3155
3147
3139
3139
3134
3133
3133
3132
3128
3128
3128
3127
3126
3126
3125
3124
3123
3123
3123
3121
3120
3119
3119
3118
3118
3115
3113
3112
3109
3105
3103
3100
3099
3099
3097
3096
3096
3095
3095
3093
3091
3088
3082
3078
3076
3075
3074
3072
3071
3069
3061
3061
3057
3057
3057
3054
3053
3052
3047
3046
3044
3044
3043
3042
3036
3034
3033
3028
3027
3027
3025
3023
3021
3018
3018
3016
3015
3015
3007
3005
3005
3005
3000
