437727
403309
353788
348570
278137
257613
238523
228998
223258
209272
204645
195385
192605
190165
189054
171733
167667
162315
162167
157518
157339
155889
153935
153790
151299
149629
149022
148868
147452
145845
144128
140984
139992
139890
139768
137188
137150
136936
135857
135202
125933
124390
123693
123017
121841
121007
120162
114599
113875
112772
112161
110467
108490
107456
103601
102498
101265
94160
93850
92326
91417
91318
89856
89193
88922
86829
86686
85593
85243
85198
85182
84833
83517
82471
81765
81645
79942
79376
78704
78120
77861
77014
76906
76451
75324
74870
74713
74613
74406
74275
73846
73519
72887
72387
72314
70992
70945
70464
70455
70402
70121
70065
69820
69772
69509
69362
69329
69200
68984
68389
67922
67151
66951
66845
66825
66814
65525
65519
65386
65279
65108
65104
64499
64471
64365
63917
63304
63248
63155
63067
62692
62300
62133
61902
61360
61181
60446
60236
59809
59691
59645
59462
59092
59062
59014
58960
57926
57848
57556
57551
57076
56814
55965
55261
55235
54064
53764
53715
53645
53113
52837
52512
52487
52256
51797
51417
50963
50858
50811
50727
50720
50672
50619
50461
50399
50364
50324
50228
50173
50127
49994
49501
49411
49325
49203
49109
49089
48874
48814
48658
48534
48176
48127
48110
47920
47903
47685
47515
47484
47125
46844
46723
46625
46623
46511
46419
46076
45941
45735
45631
45238
44907
44715
44683
44595
44560
44372
44337
44316
44137
44047
43923
43840
43705
43658
43510
43381
43376
43270
43239
43237
42738
42465
42275
41726
41717
41615
41511
41498
41466
41108
41030
40872
40707
40679
40433
40424
40358
40290
40276
40201
40155
40142
40076
39656
39565
39544
39487
39439
39319
39260
39061
39027
38970
38892
38792
38746
38506
38473
38405
38191
38154
38107
38029
37990
37946
37927
37631
37612
37510
37483
37467
37423
37295
37167
37154
37111
36956
36949
36839
36781
36778
36774
36576
36505
36480
36458
36426
36167
36124
36088
36079
35974
35840
35832
35816
35742
35692
35604
35555
35406
35396
35337
35273
35260
35249
35238
35163
35099
35042
34888
34884
34858
34785
34763
34748
34698
34691
34535
34416
34407
34318
34295
34114
33988
33969
33883
33817
33814
33724
33716
33695
33584
33487
33427
33304
33272
33226
33226
33213
33131
33036
32964
32951
32911
32882
32748
32638
32466
32455
32453
32437
32428
32317
32296
32287
32232
32219
32187
32123
32109
32103
32039
32019
32008
32004
31906
31881
31845
31793
31783
31762
31751
31729
31413
31412
31315
31292
31278
31242
31185
31169
31119
31114
31103
30995
30961
30948
30938
30921
30886
30882
30833
30755
30719
30658
30578
30527
30463
30391
30374
30374
30265
30224
30205
30189
30173
30023
30006
29905
29893
29849
29846
29747
29736
29642
29593
29587
29569
29528
29510
29499
29401
29362
29362
29353
29341
29330
29304
29298
29297
29289
29256
29252
29170
29168
29129
29116
29106
29103
29055
28996
28926
28908
28889
28876
28871
28859
28795
28777
28764
28712
28670
28646
28639
28557
28508
28456
28431
28383
28361
28329
28292
28289
28276
28210
28159
28136
28134
28115
28106
28074
27908
27881
27829
27798
27726
27701
27687
27674
27639
27614
27574
27566
27517
27506
27477
27420
27398
27328
27327
27325
27304
27147
27079
27047
27017
27017
26857
26827
26779
26679
26678
26663
26654
26596
26572
26563
26557
26538
26518
26456
26419
26372
26356
26354
26333
26305
26238
26214
26198
26168
26108
26096
26010
26003
26002
26000
25988
25965
25955
25954
25932
25887
25883
25787
25775
25754
25736
25712
25676
25665
25662
25655
25620
25619
25578
25557
25504
25473
25449
25415
25390
25362
25358
25338
25292
25285
25264
25229
25213
25200
25198
25190
25167
25115
25097
24983
24981
24976
24914
24776
24767
24759
24732
24729
24729
24696
24692
24691
24685
24684
24642
24632
24582
24580
24571
24552
24551
24518
24457
24449
24437
24414
24407
24396
24394
24390
24387
24377
24344
24321
24320
24308
24264
24245
24242
24272
24236
24221
24194
24181
24125
24114
24110
24096
24066
24015
23996
23989
23979
23960
23932
23927
23893
23872
23879
23862
23853
23838
23826
23813
23808
23760
23690
23667
23640
23635
23573
23526
23522
23496
23496
23480
23460
23411
23398
23384
23342
23319
23265
23258
23253
23227
23217
23214
23204
23179
23173
23160
23151
23130
23108
23089
23047
23049
23041
23037
23036
23002
22938
22921
22904
22899
22896
22885
22883
22881
22859
22848
22821
22817
22795
22785
22767
22767
22757
22754
22746
22693
22638
22619
22597
22587
22586
22583
22583
22563
22561
22525
22522
22480
22431
22411
22407
22330
22292
22233
22218
22206
22169
22142
22122
22090
22034
22029
21951
21936
21907
21852
21845
21843
21837
21836
21831
21812
21812
21785
21746
21744
21741
21693
21693
21670
21642
21640
21636
21626
21598
21568
21503
21499
21491
21440
21415
21421
21407
21390
21376
21351
21344
21331
21304
21298
21296
21283
21277
21242
21236
21213
21305
21181
21164
21161
21150
21112
21109
21108
21101
21075
21065
21062
21011
20985
20975
20950
20941
20919
20875
20864
20856
20749
20719
20714
20713
20696
20669
20659
20650
20645
20639
20613
20589
20578
20557
20542
20531
20521
20506
20471
20470
20459
20454
20390
20363
20357
20323
20299
20285
20245
20227
20223
20202
20189
20179
20169
20160
20155
20151
20149
20145
20136
20105
20101
20098
20073
20061
20052
20002
19989
19977
19976
19971
19961
19926
19903
19895
19891
19891
19880
19858
19855
19842
19837
19829
19801
19799
19785
19772
19768
19765
19758
19744
19726
19726
19698
19688
19681
19677
19651
19628
19596
19592
19587
19585
19555
19552
19529
19476
19458
19434
19430
19424
19390
19371
19359
19327
19317
19312
19305
19301
19276
19250
19234
19226
19205
19199
19197
19188
19181
19165
19164
19163
19127
19116
19114
19112
19101
19056
19055
19049
19039
19027
19015
19015
19007
18996
18969
18954
18935
18930
18928
18927
18922
18897
18892
18875
18870
18867
18867
18830
18817
18801
18800
18783
18777
18770
18748
18747
18739
18722
18722
18711
18661
18634
18609
18591
18580
18575
18567
18549
18543
18539
18512
18510
18475
18463
18453
18444
18431
18417
18383
18378
18374
18359
18341
18324
18322
18283
18277
18264
18256
18243
18237
18233
18253
18217
18176
18156
18148
18147
18129
18119
18113
18102
18093
18066
18066
18066
18050
18043
18033
18006
18006
17988
17959
17955
17879
17872
17861
17853
17848
17836
17816
17773
17739
17729
17726
17726
17707
17706
17677
17676
17659
17647
17632
17605
17588
17560
17553
17542
17524
17516
17515
17499
17484
17458
17452
17447
17440
17434
17413
17408
17366
17360
17357
17343
17336
17321
17318
17312
17291
17285
17275
17257
17259
17247
17244
17238
17238
17234
17226
17205
17202
17181
17163
17162
17134
17120
17098
17053
17053
17053
17046
17033
17006
17004
16986
16983
16970
16966
16958
16958
16953
16923
16895
16864
16842
16803
16797
16797
16790
16782
16780
16779
16770
16769
16754
16736
16732
16705
16700
16689
16685
16630
16607
16600
16564
16539
16535
16516
16487
16475
16472
16472
16446
16433
16432
16428
16421
16414
16376
16363
16313
16311
16294
16294
16271
16265
16257
16238
16238
16232
16227
16225
16181
16176
16153
16135
16132
16121
16105
16073
16050
16045
16044
16037
16026
16019
16015
16010
15989
15988
15986
15986
15982
15981
15972
15969
15961
15943
15942
15934
15929
15911
15911
15893
15888
15886
15873
15877
15862
15858
15855
15849
15844
15824
15819
15808
15807
15796
15790
15790
15746
15735
15730
15718
15708
15690
15677
15672
15665
15658
15654
15653
15646
15634
15626
15624
15619
15609
15596
15586
15584
15583
15575
15568
15541
15537
15526
15507
15488
15477
15475
15472
15446
15438
15411
15409
15386
15376
15369
15360
15359
15334
15310
15305
15304
15301
15295
15268
15267
15261
15235
15226
15221
15220
15217
15212
15207
15194
15191
15190
15175
15171
15143
15095
15084
15081
15080
15079
15074
15064
15056
15055
15052
15046
15042
15037
15033
15014
15001
14994
14978
14967
14955
14955
14941
14912
14897
14879
14869
14867
14866
14862
14858
14853
14848
14822
14790
14779
14776
14771
14767
14754
14753
14750
14745
14719
14714
14708
14700
14699
14696
14670
14651
14645
14631
14617
14612
14611
14609
14598
14586
14582
14580
14566
14559
14553
14540
14539
14536
14516
14498
14484
14483
14479
14478
14473
14471
14461
14462
14457
14457
14452
14451
14448
14447
14422
14415
14400
14392
14387
14383
14382
14380
14370
14362
14354
14347
14317
14308
14301
14293
14285
14285
14275
14269
14263
14235
14228
14219
14226
14197
14146
14146
14142
14129
14109
14108
14096
14079
14076
14074
14073
14052
14050
14045
14043
14042
14028
14025
14021
14011
14008
14003
14001
13988
13979
13976
13968
13966
13955
13953
13949
13944
13941
13920
13908
13907
13900
13896
13895
13891
13870
13861
13859
13858
13857
13854
13852
13850
13845
13842
13834
13829
13828
13826
13819
13816
13815
13811
13807
13804
13804
13803
13803
13800
13797
13762
13758
13755
13745
13739
13739
13736
13735
13721
13710
13707
13706
13700
13683
13683
13676
13675
13672
13672
13669
13668
13650
13643
13642
13637
13636
13635
13629
13629
13617
13605
13602
13589
13588
13577
13575
13569
13569
13564
13561
13556
13555
13543
13526
13525
13521
13515
13508
13494
13492
13483
13477
13464
13461
13445
13441
13424
13423
13422
13418
13408
13381
13377
13366
13362
13352
13337
13333
13330
13312
13299
13296
13292
13284
13268
13261
13260
13237
13236
13235
13234
13232
13232
13228
13224
13200
13197
13189
13185
13180
13176
13168
13167
13166
13165
13161
13156
13152
13145
13144
13138
13137
13135
13132
13130
13130
13116
13107
13104
13092
13089
13082
13080
13075
13072
13066
13065
13049
13039
13037
13033
13033
13019
13016
12990
12989
12985
12985
12979
12978
12971
12964
12958
12957
12954
12944
12937
12935
12931
12917
12907
12903
12891
12891
12890
12881
12867
12864
12862
12852
12850
12847
12844
12843
12843
12832
12827
12818
12815
12798
12792
12779
12779
12753
12752
12736
12723
12720
12719
12705
12687
12686
12680
12675
12671
12666
12662
12657
12640
12621
12620
12619
12616
12609
12609
12598
12597
12594
12594
12592
12568
12558
12538
12534
12527
12518
12516
12497
12495
12493
12483
12469
12451
12438
12437
12426
12415
12403
12396
12390
12388
12387
12387
12369
12367
12366
12366
12351
12349
12348
12334
12332
12328
12323
12320
12301
12301
12294
12288
12277
12270
12255
12253
12243
12241
12238
12235
12226
12223
12222
12221
12218
12212
12200
12196
12190
12188
12176
12175
12174
12166
12144
12144
12143
12142
12138
12135
12104
12097
12091
12086
12083
12082
12072
12060
12058
12056
12049
12042
12040
12036
12035
12034
12032
12024
12020
12019
12017
12014
12010
12010
12008
12008
12006
11998
11997
11997
11995
11995
11993
11992
11992
11991
11986
11990
11980
11977
11965
11960
11957
11953
11936
11931
11930
11930
11927
11926
11920
11915
11905
11884
11875
11871
11869
11866
11863
11863
11858
11850
11850
11839
11829
11826
11824
11814
11808
11802
11802
11796
11784
11779
11776
11774
11768
11767
11764
11756
11755
11741
11741
11735
11724
11771
11717
11692
11681
11675
11673
11667
11661
11659
11657
11655
11653
11650
11644
11642
11639
11635
11625
11619
11618
11615
11611
11603
11603
11592
11580
11554
11554
11547
11547
11545
11542
11539
11533
11531
11521
11518
11506
11503
11502
11501
11491
11490
11486
11477
11475
11474
11469
11463
11455
11450
11439
11430
11421
11420
11416
11407
11406
11406
11405
11405
11403
11402
11399
11394
11394
11391
11388
11383
11375
11364
11361
11356
11352
11350
11345
11336
11331
11331
11324
11324
11314
11303
11302
11300
11295
11294
11291
11289
11281
11274
11270
11270
11268
11268
11264
11263
11262
11260
11257
11248
11246
11242
11240
11228
11227
11226
11217
11211
11201
11198
11198
11196
11195
11194
11189
11188
11181
11177
11174
11170
11165
11165
11160
11159
11158
11156
11152
11140
11134
11132
11131
11127
11127
11121
11116
11110
11110
11104
11129
11100
11097
11095
11095
11087
11081
11068
11062
11061
11055
11048
11040
11038
11035
11030
11021
11019
11011
11009
11009
10997
10988
10986
10984
10979
10975
10973
10972
10967
10955
10951
10949
10947
10946
10951
10942
10941
10941
10937
10934
10930
10928
10926
10922
10921
10915
10913
10912
10910
10907
10904
10904
10904
10897
10892
10886
10884
10874
10867
10863
10858
10855
10854
10853
10844
10840
10834
10824
10815
10801
10798
10797
10779
10778
10766
10754
10753
10753
10752
10744
10740
10739
10738
10734
10727
10726
10723
10716
10714
10713
10704
10701
10695
10729
10700
10687
10686
10685
10683
10680
10678
10673
10664
10663
10663
10659
10658
10657
10657
10656
10654
10649
10648
10643
10643
10641
10639
10639
10619
10613
10611
10611
10605
10599
10597
10585
10579
10578
10576
10569
10551
10549
10548
10546
10542
10535
10535
10528
10525
10524
10519
10518
10514
10510
10510
10510
10507
10506
10503
10503
10501
10497
10484
10481
10467
10457
10470
10455
10453
10451
10445
10444
10434
10433
10436
10431
10429
10427
10416
10412
10407
10406
10394
10391
10389
10387
10384
10378
10372
10370
10352
10340
10336
10335
10333
10332
10329
10325
10325
10319
10319
10313
10310
10307
10304
10300
10300
10298
10294
10293
10292
10290
10289
10286
10283
10281
10278
10273
10271
10267
10261
10259
10254
10252
10247
10246
10237
10236
10234
10232
10230
10226
10226
10223
10223
10218
10210
10210
10208
10204
10201
10193
10186
10176
10170
10169
10169
10168
10165
10157
10154
10146
10143
10141
10139
10138
10130
10129
10126
10121
10115
10115
10115
10114
10103
10100
10098
10097
10093
10085
10081
10078
10077
10077
10076
10073
10072
10071
10061
10056
10055
10055
10054
10050
10039
10037
10036
10036
10034
10033
10033
10033
10014
10009
10009
10009
10007
10007
10007
10006
10003
10002
9996
9995
9994
9994
9993
9989
9988
9981
9981
9981
9971
9969
9962
9961
9960
9956
9954
9954
9953
9952
9952
9952
9950
9948
9948
9937
9935
9932
9931
9930
9925
9914
9912
9904
9902
9901
9895
9894
9894
9884
9881
9876
9876
9872
9872
9760
9863
9862
9856
9852
9852
9850
9844
9843
9805
9838
9838
9829
9826
9826
9825
9823
9822
9822
9819
9818
9816
9809
9807
9805
9805
9805
9801
9800
9800
9795
9794
9791
9788
9787
9782
9776
9775
9764
9761
9755
9753
9745
9740
9740
9726
9723
9723
9722
9722
9719
9717
9716
9738
9714
9701
9697
9695
9693
9690
9684
9681
9678
9675
9672
9669
9662
9661
9661
9660
9660
9650
9642
9642
9640
9634
9634
9632
9631
9624
9624
9619
9618
9610
9609
9606
9604
9602
9601
9600
9597
9587
9585
9584
9584
9579
9578
9578
9577
9577
9576
9574
9572
9569
9562
9561
9555
9553
9552
9551
9551
9542
9541
9536
9534
9531
9527
9530
9521
9521
9516
9515
9514
9514
9513
9508
9493
9493
9492
9488
9485
9485
9483
9483
9482
9481
9474
9472
9471
9469
9467
9466
9465
9463
9463
9463
9456
9452
9451
9448
9448
9444
9442
9441
9440
9434
9426
9425
9418
9418
9412
9406
9403
9400
9397
9395
9393
9389
9386
9385
9385
9384
9382
9381
9381
9381
9376
9371
9371
9364
9364
9361
9359
9352
9352
9350
9342
9339
9337
9336
9331
9330
9327
9322
9321
9320
9320
9318
9314
9314
9314
9360
9312
9308
9307
9307
9302
9295
9294
9288
9288
9287
9279
9276
9276
9274
9268
9261
9261
9259
9254
9252
9251
9251
9251
9250
9249
9248
9247
9247
9244
9243
9241
9235
9235
9235
9229
9224
9219
9218
9209
9208
9201
9201
9197
9191
9181
9177
9172
9170
9168
9167
9167
9164
9158
9155
9153
9153
9151
9151
9148
9146
9145
9144
9144
9143
9141
9135
9135
9135
9134
9134
9133
9132
9130
9126
9119
9115
9115
9112
9111
9106
9103
9098
9096
9089
9088
9086
9080
9079
9079
9076
9076
9075
9075
9070
9065
9062
9059
9059
9057
9055
9054
9037
9036
9035
9022
9015
9014
9014
9013
9012
9015
9007
9005
9005
9001
8997
8996
8995
8994
8990
8987
8985
8983
8982
8981
8980
8976
8974
8970
8968
8967
8966
8966
8966
8962
8962
8953
8952
8948
8948
8943
8943
8942
8938
8936
8925
8923
8921
8921
8920
8919
8913
8908
8908
8907
8906
8904
8904
8899
8898
8898
8893
8888
8887
8878
8876
8873
8864
8860
8851
8843
8843
8837
8835
8831
8826
8818
8818
8809
8801
8798
8795
8794
8790
8784
8784
8782
8781
8779
8774
8768
8764
8760
8755
8754
8752
8751
8750
8748
8745
8745
8744
8733
8732
8731
8731
8730
8724
8724
8723
8718
8716
8714
8713
8713
8712
8707
8707
8705
8698
8690
8690
8690
8689
8689
8688
8686
8686
8679
8678
8676
8671
8671
8670
8669
8668
8663
8659
8654
8653
8653
8650
8650
8650
8645
8645
8642
8636
8636
8635
8628
8627
8625
8624
8622
8620
8618
8617
8617
8616
8615
8610
8610
8609
8608
8606
8605
8602
8600
8600
8599
8597
8591
8590
8588
8587
8587
8581
8579
8579
8578
8571
8570
8568
8567
8567
8567
8566
8563
8563
8563
8554
8549
8548
8543
8541
8537
8535
8535
8526
8524
8523
8521
8515
8509
8508
8506
8505
8501
8498
8498
8496
8493
8491
8490
8490
8489
8484
8483
8481
8477
8472
8469
8462
8461
8454
8454
8447
8447
8442
8437
8435
8431
8430
8429
8428
8428
8426
8422
8419
8417
8410
8409
8407
8406
8406
8404
8403
8400
8398
8392
8386
8381
8381
8379
8377
8377
8376
8372
8365
8365
8363
8357
8355
8353
8345
8344
8343
8342
8340
8339
8338
8338
8338
8337
8336
8334
8328
8326
8326
8321
8317
8316
8308
8306
8305
8304
8303
8303
8298
8298
8292
8292
8291
8288
8285
8283
8281
8280
8280
8276
8276
8273
8270
8283
8269
8267
8263
8261
8259
8258
8255
8254
8254
8247
8244
8243
8242
8240
8236
8236
8234
8231
8227
8226
8226
8221
8218
8218
8211
8205
8204
8203
8202
8201
8201
8196
8192
8191
8188
8188
8186
8186
8181
8178
8178
8177
8176
8172
8172
8171
8167
8163
8163
8162
8160
8159
8158
8157
8153
8152
8148
8146
8146
8142
8139
8134
8134
8133
8132
8129
8127
8126
8122
8121
8120
8119
8117
8113
8113
8111
8107
8098
8097
8091
8091
8091
8090
8088
8085
8083
8083
8078
8074
8072
8067
8065
8062
8060
8059
8057
8056
8053
8048
8046
8045
8045
8044
8038
8037
8033
8033
8032
8029
8025
8020
8013
8011
8005
8003
8003
7999
7997
7997
7992
7990
7987
7987
7987
7985
7984
7983
7983
7980
7976
7976
7975
7975
7968
7963
7959
7956
7956
7955
7954
7952
7952
7948
7946
7945
7944
7943
7942
7941
7935
7931
7921
7918
7917
7916
7915
7915
7914
7914
7910
7909
7909
7908
7907
7907
7903
7901
7900
7891
7889
7889
7886
7884
7883
7877
7875
7870
7867
7867
7867
7865
7864
7862
7861
7860
7860
7858
7857
7854
7852
7852
7849
7849
7847
7862
7845
7845
7845
7844
7844
7843
7842
7839
7839
7838
7838
7834
7832
7830
7836
7827
7826
7825
7822
7818
7817
7814
7813
7811
7810
7809
7808
7808
7806
7806
7803
7802
7801
7799
7799
7797
7793
7791
7789
7789
7789
7788
7787
7783
7779
7778
7778
7769
7769
7766
7765
7764
7763
7763
7759
7757
7750
7749
7745
7745
7745
7741
7741
7738
7736
7735
7731
7730
7730
7730
7727
7726
7725
7723
7723
7722
7719
7718
7713
7713
7710
7708
7703
7700
7700
7700
7700
7699
7698
7698
7697
7691
7691
7688
7687
7686
7686
7675
7666
7663
7660
7658
7655
7654
7654
7653
7653
7653
7652
7647
7645
7645
7645
7643
7642
7641
7640
7639
7634
7633
7632
7632
7632
7628
7627
7627
7626
7626
7623
7620
7619
7619
7616
7616
7616
7615
7615
7614
7613
7613
7612
7612
7610
7610
7606
7605
7603
7603
7603
7601
7599
7597
7596
7596
7593
7592
7591
7588
7586
7585
7584
7582
7582
7577
7571
7570
7567
7566
7565
7564
7564
7564
7563
7561
7560
7560
7559
7559
7557
7557
7555
7553
7552
7551
7549
7548
7545
7543
7542
7540
7539
7537
7532
7532
7526
7524
7521
7521
7520
7520
7519
7519
7519
7518
7516
7515
7514
7514
7513
7512
7512
7512
7511
7511
7509
7508
7508
7508
7506
7504
7500
7500
7500
7499
7499
7498
7495
7495
7495
7494
7493
7492
7491
7489
7487
7486
7485
7485
7484
7483
7483
7480
7476
7475
7474
7473
7472
7468
7468
7467
7466
7464
7462
7458
7454
7454
7453
7451
7447
7445
7443
7439
7439
7436
7435
7434
7428
7428
7426
7426
7426
7426
7425
7423
7423
7421
7416
7415
7412
7411
7411
7408
7405
7404
7403
7402
7401
7400
7400
7400
7397
7396
7395
7393
7392
7392
7390
7389
7388
7388
7385
7379
7377
7384
7375
7373
7372
7368
7367
7366
7360
7358
7357
7356
7355
7355
7354
7353
7352
7349
7345
7342
7341
7340
7339
7338
7337
7334
7333
7333
7333
7328
7327
7327
7327
7327
7322
7321
7317
7313
7311
7310
7309
7308
7304
7302
7302
7298
7296
7292
7290
7289
7288
7287
7287
7287
7284
7281
7280
7279
7278
7274
7273
7273
7271
7270
7270
7269
7266
7265
7260
7258
7257
7257
7254
7247
7245
7244
7244
7244
7242
7241
7238
7237
7234
7232
7232
7232
7230
7229
7229
7229
7227
7223
7223
7220
7220
7219
7219
7215
7213
7212
7210
7209
7208
7204
7203
7201
7200
7200
7199
7194
7193
7191
7189
7189
7188
7187
7183
7179
7178
7177
7175
7191
7172
7172
7172
7167
7167
7164
7163
7162
7162
7157
7156
7155
7155
7152
7149
7147
7146
7142
7139
7138
7137
7137
7136
7135
7134
7134
7161
7133
7133
7131
7131
7130
7129
7128
7127
7127
7125
7125
7124
7126
7121
7120
7120
7118
7116
7115
7114
7112
7110
7109
7101
7099
7099
7098
7096
7090
7089
7086
7086
7083
7083
7082
7078
7077
7074
7072
7068
7068
7066
7065
7063
7062
7062
7062
7060
7060
7055
7055
7054
7053
7053
7049
7045
7044
7044
7044
7042
7041
7040
7034
7032
7031
7029
7027
7027
7027
7027
7026
7025
7023
7022
7021
7013
7012
7010
7010
7009
7006
7006
7002
7008
6999
6998
6998
6997
6995
6992
7009
6987
6985
6982
6982
6982
6981
6980
6978
6975
6975
6973
6971
6970
6969
6968
6967
6966
6966
6963
6961
6959
6957
6957
6955
6954
6952
6949
6945
6944
6943
6942
6941
6941
6940
6935
6932
6930
6930
6927
6927
6926
6926
6925
6921
6921
6921
6921
6920
6920
6916
6914
6914
6902
6900
6900
6899
6899
6897
6896
6892
6891
6891
6890
6888
6886
6883
6880
6877
6876
6875
6875
6875
6874
6874
6872
6871
6865
6864
6864
6863
6862
6861
6860
6860
6859
6858
6856
6852
6852
6848
6847
6846
6842
6842
6841
6837
6836
6835
6834
6832
6831
6831
6830
6830
6829
6828
6827
6822
6819
6818
6817
6814
6813
6810
6810
6810
6808
6807
6806
6805
6802
6800
6799
6798
6795
6792
6792
6792
6790
6790
6790
6789
6788
6788
6786
6786
6785
6781
6781
6780
6780
6779
6779
6778
6777
6776
6776
6775
6774
6773
6768
6768
6768
6768
6767
6766
6765
6765
6762
6761
6761
6761
6759
6759
6759
6758
6758
6758
6758
6756
6753
6752
6752
6751
6751
6749
6748
6745
6742
6742
6740
6740
6736
6735
6734
6734
6734
6731
6731
6730
6728
6727
6724
6720
6719
6717
6715
6715
6714
6713
6712
6709
6705
6704
6700
6695
6694
6692
6690
6689
6686
6686
6686
6683
6683
6682
6680
6679
6678
6677
6677
6674
6673
6671
6671
6668
6667
6666
6665
6665
6662
6660
6657
6656
6653
6653
6652
6651
6651
6650
6648
6646
6643
6643
6642
6641
6640
6639
6638
6638
6637
6637
6633
6627
6625
6623
6622
6622
6621
6621
6620
6618
6617
6613
6611
6610
6609
6607
6606
6605
6605
6605
6605
6605
6604
6602
6601
6598
6597
6596
6595
6592
6591
6591
6591
6590
6589
6589
6588
6587
6585
6585
6582
6582
6580
6577
6577
6577
6575
6574
6573
6573
6572
6571
6571
6568
6567
6566
6565
6562
6561
6558
6558
6557
6555
6555
6553
6552
6546
6546
6544
6540
6539
6539
6539
6538
6537
6536
6536
6527
6527
6527
6523
6522
6521
6521
6520
6520
6520
6519
6519
6518
6517
6514
6513
6512
6511
6511
6509
6508
6506
6503
6502
6501
6501
6500
6499
6496
6494
6493
6493
6493
6492
6492
6490
6488
6486
6481
6480
6480
6478
6476
6476
6473
6473
6465
6465
6464
6463
6459
6458
6457
6456
6454
6450
6448
6447
6445
6444
6443
6442
6439
6439
6436
6436
6436
6435
6433
6432
6431
6430
6430
6429
6427
6426
6426
6421
6421
6420
6419
6419
6418
6417
6417
6415
6413
6411
6410
6407
6407
6407
6406
6403
6401
6400
6399
6399
6393
6392
6391
6391
6391
6389
6389
6389
6388
6386
6385
6385
6385
6382
6382
6382
6382
6381
6381
6380
6375
6374
6373
6372
6370
6370
6369
6368
6367
6366
6365
6365
6364
6363
6362
6362
6362
6357
6356
6355
6354
6354
6353
6353
6352
6351
6349
6349
6348
6346
6346
6345
6343
6342
6341
6340
6338
6337
6336
6335
6334
6334
6334
6334
6334
6333
6331
6331
6326
6324
6323
6323
6320
6320
6314
6313
6312
6312
6312
6312
6312
6309
6306
6306
6305
6304
6302
6302
6301
6298
6298
6297
6294
6293
6293
6292
6292
6291
6290
6288
6287
6287
6286
6284
6283
6281
6281
6281
6280
6279
6279
6278
6278
6277
6277
6276
6274
6272
6271
6271
6270
6270
6270
6266
6265
6265
6263
6263
6262
6262
6260
6257
6256
6255
6255
6253
6253
6251
6250
6249
6245
6243
6243
6241
6240
6239
6238
6236
6235
6234
6233
6230
6229
6228
6225
6224
6224
6224
6224
6222
6222
6222
6222
6221
6221
6221
6219
6219
6219
6217
6216
6215
6215
6215
6210
6207
6206
6206
6205
6205
6204
6203
6203
6202
6201
6199
6201
6198
6197
6197
6197
6195
6195
6192
6189
6188
6183
6181
6180
6177
6177
6175
6175
6175
6173
6172
6170
6170
6169
6165
6165
6165
6164
6163
6162
6162
6161
6160
6158
6157
6157
6155
6154
6153
6153
6152
6151
6150
6149
6149
6147
6147
6146
6146
6145
6145
6144
6143
6143
6141
6139
6138
6136
6135
6134
6133
6131
6129
6129
6129
6126
6126
6125
6125
6124
6123
6123
6123
6123
6123
6120
6118
6117
6115
6112
6111
6111
6110
6104
6102
6102
6102
6102
6101
6100
6099
6098
6097
6097
6095
6095
6095
6093
6093
6092
6090
6090
6087
6087
6086
6084
6084
6083
6082
6080
6080
6078
6076
6076
6074
6073
6072
6072
6070
6068
6064
6062
6062
6062
6062
6061
6058
6057
6055
6055
6054
6054
6053
6053
6053
6053
6050
6050
6050
6049
6049
6049
6046
6046
6045
6043
6042
6042
6041
6040
6039
6038
6037
6036
6036
6036
6035
6033
6032
6030
6029
6028
6022
6021
6021
6021
6020
6020
6020
6019
6018
6017
6017
6017
6017
6013
6012
6010
6009
6008
6008
6006
6006
6005
6005
6000
6000
5999
5999
5999
5998
5998
5998
5996
5996
5994
5994
5994
5993
5992
5991
5989
5989
5989
5987
5984
5984
5983
5983
5982
5982
5982
5981
5981
5980
5980
5979
5976
5976
5975
5973
5973
5972
5971
5969
5969
5969
5967
5967
5965
5965
5964
5963
5962
5960
5960
5959
5959
5955
5954
5953
5952
5950
5949
5947
5946
5946
5945
5945
5943
5941
5940
5939
5939
5939
5938
5937
5937
5936
5936
5936
5935
5935
5934
5933
5932
5932
5931
5928
5928
5927
5926
5925
5925
5921
5919
5918
5918
5916
5914
5912
5912
5912
5911
5911
5910
5910
5909
5908
5908
5908
5908
5907
5907
5907
5906
5906
5906
5905
5905
5905
5905
5904
5904
5904
5904
5901
5901
5901
5900
5900
5899
5898
5898
5897
5897
5893
5885
5882
5882
5882
5880
5880
5878
5878
5878
5878
5877
5877
5876
5874
5873
5873
5872
5872
5871
5871
5870
5869
5868
5868
5868
5867
5866
5864
5864
5864
5864
5864
5864
5863
5863
5862
5862
5860
5859
5858
5857
5856
5854
5852
5851
5851
5851
5848
5848
5847
5846
5845
5844
5843
5841
5839
5836
5836
5833
5833
5832
5832
5831
5828
5828
5828
5827
5827
5826
5826
5826
5824
5822
5820
5820
5819
5818
5818
5817
5816
5815
5815
5813
5811
5811
5809
5808
5808
5807
5807
5803
5803
5803
5803
5801
5801
5801
5801
5800
5799
5798
5798
5797
5796
5796
5796
5795
5793
5793
5792
5792
5789
5788
5788
5786
5785
5784
5784
5782
5781
5780
5778
5776
5776
5775
5775
5773
5773
5773
5770
5769
5768
5767
5767
5766
5765
5764
5764
5764
5763
5760
5759
5757
5755
5755
5754
5753
5753
5752
5750
5749
5749
5748
5748
5747
5746
5745
5745
5744
5742
5741
5741
5738
5737
5736
5735
5735
5734
5734
5732
5731
5730
5730
5729
5729
5729
5727
5727
5726
5726
5726
5722
5720
5720
5718
5717
5715
5714
5713
5713
5712
5710
5710
5709
5709
5708
5707
5706
5705
5705
5704
5704
5702
5702
5700
5700
5699
5699
5698
5697
5694
5694
5693
5692
5692
5692
5691
5690
5688
5688
5687
5684
5683
5683
5682
5681
5679
5677
5676
5675
5675
5609
5670
5670
5670
5670
5669
5669
5669
5669
5668
5667
5666
5665
5665
5665
5664
5662
5662
5662
5662
5662
5661
5661
5661
5659
5658
5657
5657
5656
5655
5653
5652
5652
5651
5651
5650
5649
5649
5648
5647
5647
5647
5645
5640
5637
5637
5636
5634
5634
5633
5632
5632
5631
5628
5628
5627
5621
5620
5618
5616
5616
5614
5613
5613
5613
5612
5611
5611
5610
5609
5606
5605
5605
5604
5604
5603
5602
5602
5601
5601
5599
5597
5597
5597
5597
5596
5595
5593
5592
5592
5591
5590
5589
5588
5587
5587
5585
5584
5583
5583
5583
5583
5583
5583
5583
5581
5580
5579
5578
5576
5575
5575
5574
5573
5572
5570
5570
5569
5569
5569
5568
5568
5568
5567
5567
5566
5564
5564
5561
5561
5560
5559
5557
5556
5555
5554
5552
5551
5550
5550
5548
5548
5547
5547
5547
5544
5544
5544
5544
5543
5542
5539
5537
5536
5535
5533
5529
5528
5527
5525
5525
5525
5524
5523
5523
5523
5519
5518
5517
5517
5516
5516
5516
5515
5515
5513
5513
5512
5511
5511
5509
5509
5508
5508
5507
5506
5504
5503
5501
5500
5499
5498
5496
5495
5494
5493
5493
5493
5492
5490
5490
5489
5488
5486
5486
5485
5484
5374
5483
5482
5482
5481
5481
5479
5479
5478
5481
5477
5477
5477
5476
5473
5469
5468
5468
5468
5467
5467
5467
5467
5467
5466
5464
5463
5462
5462
5462
5461
5460
5460
5459
5458
5456
5455
5455
5454
5454
5453
5452
5452
5451
5450
5450
5447
5447
5446
5445
5445
5444
5443
5443
5442
5439
5439
5438
5437
5436
5434
5434
5433
5485
5431
5431
5429
5427
5426
5426
5426
5424
5424
5424
5423
5423
5423
5422
5420
5419
5419
5418
5418
5417
5417
5415
5415
5414
5411
5411
5409
5409
5409
5409
5409
5407
5406
5405
5405
5405
5404
5404
5401
5400
5399
5398
5398
5397
5397
5395
5395
5395
5391
5390
5389
5386
5386
5385
5385
5384
5383
5382
5379
5379
5377
5376
5376
5374
5374
5373
5371
5371
5371
5370
5370
5370
5370
5368
5367
5367
5366
5366
5366
5366
5363
5361
5359
5358
5356
5355
5354
5354
5354
5353
5353
5352
5352
5352
5351
5350
5349
5349
5349
5347
5345
5345
5345
5344
5344
5343
5343
5342
5349
5339
5339
5338
5338
5337
5335
5334
5333
5332
5332
5331
5331
5330
5327
5327
5325
5324
5322
5321
5320
5319
5319
5317
5317
5316
5315
5314
5313
5312
5312
5311
5310
5310
5307
5307
5304
5303
5303
5302
5301
5300
5300
5299
5299
5299
5299
5296
5295
5295
5294
5293
5291
5288
5288
5287
5286
5284
5284
5284
5282
5281
5281
5280
5279
5278
5278
5276
5275
5275
5275
5274
5274
5273
5272
5272
5272
5271
5270
5269
5267
5266
5265
5265
5264
5262
5260
5259
5258
5258
5259
5256
5256
5256
5255
5254
5253
5253
5253
5252
5250
5250
5249
5247
5246
5245
5245
5244
5243
5242
5241
5241
5240
5237
5236
5236
5236
5234
5234
5234
5234
5233
5232
5231
5230
5230
5230
5229
5229
5229
5228
5227
5227
5227
5226
5226
5225
5225
5224
5224
5222
5219
5219
5218
5217
5217
5217
5216
5215
5214
5214
5214
5214
5213
5211
5211
5211
5210
5209
5209
5207
5205
5204
5203
5203
5203
5201
5201
5201
5201
5198
5198
5198
5197
5196
5196
5195
5195
5194
5194
5194
5193
5193
5193
5193
5192
5191
5190
5190
5188
5188
5187
5187
5186
5186
5185
5184
5184
5183
5181
5180
5179
5178
5177
5177
5177
5176
5174
5173
5170
5167
5167
5166
5165
5165
5164
5163
5163
5163
5162
5162
5162
5160
5160
5158
5158
5158
5158
5158
5156
5156
5155
5154
5154
5152
5152
5151
5149
5149
5154
5145
5145
5144
5143
5143
5142
5141
5140
5140
5140
5140
5140
5139
5137
5136
5136
5136
5136
5135
5134
5133
5132
5132
5130
5130
5129
5129
5127
5127
5126
5124
5123
5120
5119
5118
5118
5117
5116
5116
5115
5115
5115
5113
5112
5112
5109
5109
5109
5108
5108
5108
5107
5107
5105
5104
5103
5102
5102
5102
5102
5102
5101
5100
5100
5099
5099
5099
5099
5099
5098
5097
5096
5096
5095
5094
5093
5092
5092
5092
5092
5092
5090
5089
5089
5089
5089
5088
5086
5086
5080
5079
5078
5077
5073
5072
5072
5070
5069
5069
5069
5067
5066
5064
5064
5064
5064
5063
5063
5063
5061
5059
5059
5058
5057
5054
5054
5054
5054
5052
5051
5051
5050
5050
5050
5049
5048
5048
5048
5047
5047
5047
5047
5047
5045
5044
5044
5044
5043
5043
5042
5039
5038
5038
5037
5037
5037
5036
5036
5035
5035
5032
5031
5031
5029
5029
5029
5028
5028
5028
5027
5026
5026
5024
5023
5023
5022
5022
5019
5019
5019
5018
5017
5017
5016
5015
5014
5021
5014
5013
5012
5010
5008
5008
5007
5006
5006
5006
5005
5004
5004
5003
5000
5000
4997
4997
4996
4995
4994
4994
4993
4993
4992
4989
4989
4989
4989
4988
4987
4986
4986
4985
4985
4985
4985
4984
4984
4983
4982
4981
4981
4980
4980
4979
4978
4978
4978
4977
4976
4976
4975
4974
4973
4972
4971
4969
4968
4967
4967
4967
4966
4966
4964
4969
4963
4962
4962
4962
4961
4961
4961
4960
4960
4959
4959
4958
4957
4956
4953
4953
4952
4952
4952
4952
4952
4950
4950
4950
4950
4948
4948
4946
4946
4946
4945
4945
4945
4945
4944
4944
4944
4943
4942
4941
4941
4939
4939
4939
4938
4936
4936
4935
4935
4934
4931
4941
4931
4931
4929
4927
4926
4925
4923
4923
4922
4920
4919
4919
4919
4919
4918
4924
4917
4917
4917
4916
4915
4914
4913
4912
4912
4912
4911
4911
4910
4910
4909
4908
4907
4907
4906
4905
4905
4903
4903
4901
4901
4901
4900
4899
4897
4897
4896
4894
4893
4893
4893
4892
4892
4891
4888
4888
4887
4887
4887
4885
4885
4885
4884
4884
4883
4883
4882
4882
4882
4881
4879
4879
4878
4878
4878
4876
4874
4874
4874
4873
4871
4871
4869
4869
4867
4866
4865
4865
4864
4864
4864
4864
4863
4863
4863
4863
4862
4860
4860
4860
4860
4860
4860
4858
4858
4857
4856
4855
4854
4853
4852
4850
4850
4849
4847
4847
4847
4846
4846
4846
4844
4843
4843
4842
4842
4841
4841
4840
4839
4839
4838
4837
4837
4836
4836
4836
4834
4834
4832
4830
4830
4830
4829
4828
4828
4828
4827
4825
4825
4825
4825
4824
4824
4824
4823
4821
4821
4820
4820
4818
4818
4817
4820
4815
4815
4814
4813
4812
4812
4811
4809
4808
4807
4805
4805
4805
4802
4802
4800
4800
4799
4799
4798
4798
4795
4795
4795
4794
4794
4794
4794
4793
4793
4792
4792
4792
4792
4792
4791
4790
4790
4789
4789
4788
4788
4787
4785
4785
4783
4783
4782
4780
4780
4780
4780
4779
4778
4778
4778
4777
4776
4773
4773
4772
4772
4771
4770
4770
4770
4770
4768
4767
4767
4767
4764
4764
4764
4763
4762
4762
4761
4761
4760
4760
4759
4758
4757
4757
4756
4756
4754
4753
4752
4751
4751
4750
4749
4749
4748
4748
4747
4746
4746
4745
4744
4744
4744
4744
4743
4743
4743
4743
4743
4741
4741
4740
4740
4740
4739
4739
4738
4738
4738
4737
4737
4736
4735
4734
4733
4733
4732
4731
4729
4729
4729
4729
4729
4728
4728
4727
4726
4726
4725
4725
4725
4724
4724
4724
4723
4723
4723
4722
4722
4721
4721
4721
4720
4720
4720
4720
4719
4718
4716
4716
4716
4715
4715
4715
4714
4714
4714
4713
4713
4713
4713
4712
4712
4711
4710
4710
4710
4710
4709
4709
4709
4709
4708
4708
4707
4706
4706
4704
4703
4701
4701
4700
4700
4699
4699
4699
4698
4696
4696
4692
4692
4692
4691
4691
4691
4689
4688
4686
4686
4685
4685
4685
4684
4684
4683
4683
4682
4681
4679
4679
4678
4677
4677
4677
4677
4676
4674
4674
4674
4673
4673
4673
4673
4672
4671
4670
4670
4669
4669
4669
4668
4668
4668
4667
4666
4666
4666
4665
4664
4664
4664
4664
4664
4662
4662
4662
4661
4660
4657
4657
4657
4657
4657
4656
4655
4655
4654
4653
4653
4652
4651
4650
4650
4650
4650
4649
4649
4656
4648
4648
4648
4647
4647
4647
4646
4646
4646
4645
4644
4643
4643
4641
4641
4640
4640
4640
4639
4639
4639
4639
4637
4634
4633
4632
4632
4631
4631
4630
4629
4629
4628
4648
4627
4627
4626
4626
4625
4624
4621
4620
4618
4618
4618
4617
4617
4616
4614
4613
4612
4612
4612
4612
4612
4611
4610
4609
4609
4607
4607
4607
4606
4605
4605
4605
4604
4604
4603
4600
4600
4600
4600
4599
4599
4598
4598
4598
4597
4596
4595
4594
4594
4594
4592
4592
4591
4590
4590
4590
4589
4589
4589
4588
4587
4587
4587
4586
4586
4586
4585
4585
4583
4582
4582
4580
4580
4579
4579
4579
4579
4579
4579
4578
4578
4577
4576
4576
4576
4576
4576
4575
4574
4574
4573
4571
4571
4571
4570
4570
4569
4569
4568
4568
4567
4567
4566
4565
4565
4565
4573
4564
4562
4562
4562
4561
4561
4560
4560
4559
4557
4557
4556
4556
4555
4554
4554
4553
4552
4552
4552
4551
4551
4550
4550
4549
4549
4548
4548
4548
4548
4558
4545
4545
4544
4544
4543
4543
4542
4542
4542
4541
4541
4539
4538
4538
4538
4538
4536
4535
4534
4534
4533
4533
4531
4531
4531
4531
4531
4531
4531
4530
4530
4530
4530
4529
4529
4527
4526
4526
4526
4525
4525
4524
4523
4522
4522
4522
4521
4521
4520
4519
4519
4518
4518
4517
4517
4516
4516
4514
4514
4514
4514
4513
4513
4513
4512
4512
4512
4511
4511
4510
4509
4508
4507
4507
4507
4507
4507
4506
4505
4505
4505
4505
4505
4503
4503
4502
4502
4501
4501
4500
4500
4500
4499
4497
4496
4496
4495
4494
4494
4494
4493
4490
4490
4490
4488
4488
4488
4488
4487
4487
4487
4487
4486
4486
4486
4486
4485
4485
4485
4485
4484
4484
4485
4482
4482
4481
4481
4481
4480
4479
4478
4477
4476
4476
4476
4475
4473
4473
4473
4473
4472
4470
4470
4469
4469
4468
4466
4466
4466
4465
4464
4464
4464
4463
4463
4461
4461
4461
4460
4460
4459
4458
4457
4457
4456
4455
4455
4454
4454
4454
4453
4451
4451
4450
4450
4450
4449
4449
4448
4447
4446
4446
4445
4445
4444
4444
4443
4443
4442
4441
4441
4440
4437
4436
4436
4434
4431
4431
4431
4429
4429
4428
4428
4428
4427
4427
4427
4427
4427
4426
4426
4426
4425
4425
4425
4425
4423
4422
4422
4422
4421
4421
4420
4420
4420
4417
4417
4416
4415
4415
4414
4414
4413
4413
4413
4412
4411
4411
4411
4409
4409
4408
4407
4407
4405
4405
4404
4404
4403
4403
4402
4402
4401
4400
4399
4398
4398
4397
4397
4396
4395
4395
4395
4395
4394
4394
4394
4394
4393
4391
4390
4390
4390
4389
4389
4389
4388
4388
4385
4385
4385
4385
4385
4384
4384
4382
4382
4382
4381
4380
4380
4379
4379
4378
4377
4377
4376
4376
4375
4375
4375
4375
4374
4374
4372
4372
4371
4371
4370
4370
4369
4367
4366
4366
4366
4366
4366
4366
4366
4365
4364
4363
4364
4362
4362
4362
4361
4361
4359
4359
4358
4358
4356
4356
4356
4355
4354
4353
4353
4353
4351
4348
4348
4347
4347
4346
4346
4346
4346
4346
4346
4345
4344
4344
4344
4344
4344
4343
4343
4343
4343
4343
4342
4342
4342
4340
4340
4339
4339
4339
4338
4338
4335
4335
4335
4334
4334
4333
4333
4332
4332
4332
4331
4331
4331
4330
4329
4328
4328
4328
4328
4327
4327
4327
4327
4326
4325
4325
4323
4322
4321
4320
4320
4318
4317
4317
4316
4314
4313
4312
4311
4311
4311
4311
4310
4310
4309
4309
4309
4308
4307
4307
4306
4306
4306
4305
4305
4305
4304
4303
4303
4302
4302
4301
4301
4301
4301
4300
4299
4299
4297
4297
4297
4297
4296
4296
4295
4294
4294
4294
4293
4293
4293
4293
4293
4293
4292
4292
4292
4292
4291
4291
4290
4290
4289
4289
4287
4286
4286
4284
4284
4284
4283
4283
4282
4281
4281
4278
4278
4277
4277
4276
4275
4274
4272
4271
4270
4269
4269
4268
4267
4266
4266
4265
4264
4264
4263
4263
4262
4262
4262
4261
4261
4261
4261
4260
4259
4259
4259
4258
4257
4256
4256
4256
4256
4256
4255
4255
4254
4254
4254
4253
4253
4253
4252
4252
4252
4252
4251
4250
4249
4249
4248
4248
4248
4248
4247
4246
4246
4245
4244
4244
4243
4243
4242
4242
4240
4240
4240
4239
4239
4238
4238
4237
4237
4236
4236
4236
4235
4234
4234
4233
4232
4232
4232
4232
4232
4232
4231
4231
4231
4230
4230
4230
4229
4228
4228
4227
4227
4227
4226
4226
4226
4226
4225
4225
4225
4225
4224
4224
4224
4223
4223
4223
4222
4222
4222
4222
4221
4221
4219
4218
4217
4217
4216
4215
4215
4214
4214
4213
4213
4213
4213
4213
4212
4211
4210
4209
4207
4207
4207
4205
4203
4203
4203
4203
4202
4202
4202
4202
4201
4200
4200
4199
4199
4198
4196
4196
4195
4195
4194
4193
4193
4193
4190
4189
4188
4188
4187
4187
4187
4187
4187
4187
4187
4186
4186
4186
4185
4185
4184
4184
4184
4183
4183
4182
4182
4181
4180
4180
4180
4179
4179
4178
4177
4176
4174
4174
4174
4173
4173
4173
4173
4178
4171
4171
4170
4170
4170
4169
4169
4169
4169
4169
4168
4168
4168
4168
4168
4168
4168
4167
4167
4166
4166
4165
4164
4164
4164
4164
4162
4162
4162
4161
4161
4161
4160
4160
4160
4160
4160
4159
4158
4158
4157
4157
4156
4156
4155
4155
4155
4154
4153
4152
4151
4151
4151
4150
4149
4149
4149
4148
4148
4148
4148
4147
4147
4146
4144
4144
4143
4143
4142
4142
4142
4141
4140
4140
4140
4140
4139
4139
4139
4137
4137
4136
4136
4136
4135
4135
4134
4134
4133
4133
4131
4131
4130
4130
4128
4128
4127
4127
4127
4127
4127
4127
4126
4126
4126
4126
4125
4125
4124
4124
4123
4123
4123
4123
4123
4122
4122
4121
4121
4121
4119
4119
4119
4118
4118
4118
4118
4117
4116
4116
4115
4115
4113
4112
4111
4110
4108
4107
4107
4107
4106
4106
4105
4104
4104
4103
4102
4101
4100
4100
4100
4099
4099
4099
4099
4097
4097
4096
4095
4095
4095
4095
4095
4093
4090
4088
4088
4088
4087
4087
4087
4087
4085
4085
4084
4084
4084
4084
4084
4084
4083
4083
4083
4083
4081
4081
4081
4084
4080
4080
4079
4078
4078
4078
4078
4077
4077
4075
4075
4075
4075
4074
4073
4073
4073
4073
4072
4072
4072
4072
4070
4070
4069
4068
4067
4067
4067
4066
4065
4065
4065
4065
4065
4064
4064
4063
4062
4061
4060
4060
4059
4059
4058
4058
4057
4057
4057
4057
4056
4055
4054
4054
4052
4052
4052
4051
4051
4051
4051
4051
4050
4050
4049
4049
4047
4047
4047
4047
4047
4047
4046
4046
4046
4046
4045
4044
4044
4043
4042
4042
4041
4041
4041
4040
4040
4040
4040
4039
4039
4039
4038
4038
4036
4036
4035
4034
4034
4033
4033
4032
4032
4032
4032
4032
4032
4032
4031
4029
4029
4028
4027
4027
4027
4026
4026
4026
4025
4025
4024
4024
4024
4024
4023
4023
4023
4022
4022
4022
4022
4022
4022
4021
4021
4021
4020
4019
4019
4018
4018
4017
4017
4016
4015
4015
4015
4014
4013
4015
4012
4012
4011
4011
4011
4010
4009
4008
4007
4006
4006
4006
4006
4005
4005
4005
4005
4004
4004
4004
4003
4002
4002
4002
4001
4001
4001
4000
4037
4000
4000
3999
3998
3998
3998
3998
3997
3997
3997
3996
3995
3995
3995
3995
3994
3994
3993
3993
3993
3993
3992
3991
3991
3991
3990
3990
3990
3989
3988
3987
3985
3985
3985
3984
3983
3983
3983
3982
3982
3982
3981
3981
3981
3981
3980
3980
3980
3980
3980
3979
3979
3979
3979
3978
3978
3977
3977
3977
3975
3975
3974
3974
3974
3973
3973
3973
3972
3972
3972
3972
3972
3971
3971
3971
3971
3970
3969
3969
3968
3968
3968
3967
3966
3966
3965
3964
3963
3963
3963
3962
3959
3959
3958
3957
3957
3956
3956
3956
3956
3955
3955
3955
3955
3954
3954
3953
3953
3952
3952
3952
3951
3950
3950
3950
3949
3949
3949
3948
3947
3947
3947
3947
3947
3947
3946
3946
3946
3945
3945
3945
3945
3945
3945
3944
3944
3944
3943
3943
3943
3942
3942
3942
3942
3941
3941
3941
3940
3940
3940
3939
3939
3938
3938
3938
3937
3937
3936
3936
3936
3935
3934
3934
3934
3933
3933
3932
3932
3931
3931
3930
3930
3929
3928
3928
3928
3927
3927
3926
3925
3925
3925
3925
3925
3924
3922
3922
3922
3922
3922
3921
3921
3921
3921
3921
3920
3920
3920
3919
3919
4013
3918
3917
3917
3917
3916
3916
3915
3915
3914
3913
3913
3913
3912
3911
3981
3910
3910
3910
3910
3910
3909
3909
3909
3909
3909
3909
3909
3908
3908
3908
3907
3907
3906
3906
3906
3905
3905
3905
3905
3904
3904
3902
3902
3901
3901
3900
3899
3899
3899
3899
3899
3899
3898
3898
3897
3897
3896
3896
3895
3894
3894
3893
3892
3892
3891
3891
3890
3890
3889
3889
3888
3888
3887
3886
3886
3902
3884
3884
3884
3883
3883
3882
3882
3882
3881
3881
3880
3880
3879
3878
3878
3878
3877
3876
3876
3875
3875
3875
3875
3874
3874
3874
3873
3872
3872
3872
3871
3871
3871
3870
3870
3869
3869
3869
3868
3868
3868
3867
3867
3867
3867
3867
3867
3867
3865
3865
3865
3864
3864
3863
3863
3862
3862
3860
3860
3860
3860
3859
3859
3858
3858
3857
3857
3856
3856
3856
3856
3855
3855
3855
3855
3855
3852
3852
3851
3851
3851
3849
3849
3848
3847
3847
3847
3847
3846
3845
3845
3845
3845
3845
3844
3841
3840
3840
3840
3839
3839
3839
3838
3838
3837
3837
3837
3837
3837
3836
3836
3835
3835
3834
3834
3834
3834
3833
3832
3832
3832
3831
3830
3830
3830
3830
3829
3829
3829
3829
3829
3828
3828
3828
3828
3828
3827
3827
3827
3826
3826
3825
3825
3824
3822
3822
3822
3822
3821
3821
3820
3820
3818
3818
3818
3818
3818
3818
3816
3816
3816
3815
3815
3828
3814
3814
3814
3814
3813
3813
3813
3813
3813
3813
3812
3812
3811
3811
3810
3810
3810
3808
3808
3808
3808
3808
3807
3807
3806
3806
3806
3805
3805
3804
3804
3804
3803
3803
3803
3800
3800
3799
3798
3798
3798
3797
3796
3796
3796
3795
3795
3795
3794
3794
3793
3793
3792
3792
3792
3792
3791
3791
3791
3791
3790
3790
3790
3790
3796
3789
3788
3788
3788
3788
3788
3787
3786
3786
3785
3785
3785
3785
3785
3785
3784
3784
3784
3783
3783
3783
3782
3781
3781
3781
3781
3780
3779
3779
3779
3779
3779
3778
3778
3777
3777
3776
3776
3775
3775
3774
3774
3774
3773
3773
3773
3772
3771
3771
3771
3770
3770
3769
3769
3769
3768
3767
3767
3767
3767
3766
3765
3765
3765
3764
3764
3764
3763
3763
3763
3762
3761
3761
3760
3759
3758
3758
3758
3758
3757
3756
3755
3755
3754
3754
3754
3752
3752
3752
3750
3750
3749
3749
3749
3748
3747
3746
3746
3746
3746
3746
3745
3745
3745
3745
3744
3744
3744
3744
3744
3743
3743
3743
3743
3743
3742
3742
3742
3742
3741
3741
3741
3740
3740
3740
3739
3739
3738
3738
3738
3738
3737
3737
3737
3737
3737
3736
3735
3734
3733
3733
3733
3732
3732
3732
3732
3732
3732
3732
3731
3731
3731
3730
3730
3729
3729
3728
3728
3727
3727
3727
3726
3726
3725
3725
3725
3724
3723
3723
3723
3722
3721
3721
3721
3720
3720
3720
3720
3719
3719
3719
3719
3719
3718
3717
3716
3716
3715
3715
3714
3714
3714
3714
3713
3713
3713
3713
3712
3712
3712
3711
3710
3710
3710
3710
3710
3709
3709
3709
3708
3708
3708
3707
3707
3707
3707
3706
3706
3705
3705
3705
3705
3704
3703
3703
3703
3703
3702
3701
3699
3698
3698
3698
3698
3698
3697
3697
3697
3696
3696
3696
3696
3696
3695
3695
3695
3694
3694
3694
3693
3693
3693
3693
3693
3693
3693
3692
3692
3692
3691
3691
3691
3690
3690
3690
3689
3689
3689
3689
3688
3688
3688
3688
3688
3687
3687
3687
3687
3686
3693
3686
3686
3686
3686
3686
3686
3685
3685
3685
3685
3685
3685
3684
3684
3684
3683
3683
3683
3683
3682
3681
3681
3680
3680
3679
3679
3678
3678
3678
3678
3678
3677
3676
3676
3675
3675
3675
3674
3673
3673
3672
3672
3671
3670
3669
3668
3668
3668
3668
3667
3667
3667
3667
3666
3665
3665
3665
3664
3664
3664
3664
3663
3663
3663
3663
3663
3662
3662
3660
3660
3660
3660
3658
3658
3657
3657
3657
3657
3657
3671
3656
3655
3663
3653
3653
3653
3653
3653
3653
3653
3652
3652
3652
3650
3650
3649
3648
3648
3648
3648
3648
3647
3647
3647
3647
3647
3646
3646
3646
3646
3646
3646
3645
3645
3644
3644
3643
3643
3643
3643
3643
3652
3642
3642
3642
3640
3639
3639
3639
3638
3636
3636
3636
3635
3635
3634
3634
3634
3633
3633
3633
3632
3632
3630
3630
3630
3628
3628
3627
3627
3626
3625
3625
3625
3623
3623
3622
3622
3621
3621
3620
3620
3620
3620
3620
3619
3619
3619
3619
3619
3618
3618
3617
3617
3617
3617
3617
3617
3617
3616
3616
3616
3616
3616
3615
3615
3615
3615
3615
3614
3614
3614
3613
3613
3612
3612
3612
3611
3610
3610
3610
3610
3609
3609
3609
3610
3608
3608
3608
3608
3607
3607
3607
3606
3606
3606
3604
3604
3604
3604
3604
3604
3603
3603
3603
3602
3602
3602
3601
3601
3601
3601
3600
3600
3600
3600
3599
3599
3599
3599
3599
3597
3597
3597
3596
3596
3596
3596
3596
3596
3595
3595
3594
3594
3594
3594
3594
3594
3594
3593
3593
3593
3592
3592
3592
3591
3591
3591
3591
3590
3590
3590
3590
3589
3589
3589
3588
3588
3588
3588
3587
3649
3586
3586
3585
3585
3584
3584
3584
3584
3584
3584
3583
3583
3583
3582
3582
3581
3581
3581
3581
3580
3580
3579
3579
3578
3578
3577
3576
3576
3575
3575
3575
3579
3575
3575
3574
3574
3573
3573
3572
3572
3572
3572
3572
3582
3570
3569
3569
3568
3568
3568
3568
3567
3567
3565
3565
3565
3565
3564
3564
3564
3563
3562
3562
3561
3560
3558
3557
3557
3557
3556
3556
3556
3556
3555
3555
3555
3555
3555
3554
3554
3553
3553
3551
3551
3551
3550
3550
3550
3550
3550
3549
3549
3549
3548
3548
3548
3548
3546
3546
3545
3545
3545
3544
3544
3544
3544
3544
3544
3544
3543
3543
3543
3543
3543
3543
3541
3541
3541
3541
3540
3540
3540
3540
3540
3540
3540
3539
3539
3539
3539
3538
3538
3538
3537
3537
3538
3536
3536
3536
3535
3535
3534
3534
3534
3534
3533
3533
3533
3533
3533
3533
3532
3532
3532
3531
3531
3531
3530
3529
3529
3529
3528
3528
3528
3527
3527
3527
3527
3526
3526
3526
3526
3526
3525
3525
3524
3524
3523
3523
3523
3523
3522
3521
3521
3520
3520
3520
3520
3519
3518
3518
3518
3518
3521
3518
3517
3517
3517
3517
3516
3516
3516
3516
3516
3515
3515
3515
3515
3515
3514
3514
3514
3513
3513
3513
3513
3512
3512
3512
3512
3511
3511
3511
3510
3510
3510
3510
3509
3509
3509
3509
3508
3508
3508
3508
3506
3506
3506
3506
3505
3504
3504
3504
3504
3504
3504
3503
3503
3503
3502
3502
3502
3502
3502
3501
3501
3501
3500
3500
3500
3499
3499
3499
3498
3498
3498
3498
3497
3497
3497
3496
3496
3496
3495
3473
3495
3494
3494
3494
3494
3494
3493
3493
3493
3493
3492
3492
3490
3490
3489
3489
3488
3488
3488
3488
3487
3487
3486
3486
3485
3485
3504
3485
3484
3484
3484
3484
3484
3484
3484
3483
3483
3483
3483
3483
3482
3482
3482
3482
3481
3481
3480
3480
3480
3480
3480
3480
3480
3479
3478
3478
3477
3476
3476
3476
3476
3475
3475
3474
3473
3473
3472
3472
3472
3472
3471
3471
3470
3470
3470
3469
3469
3469
3469
3472
3468
3467
3467
3466
3465
3465
3465
3465
3464
3464
3464
3464
3464
3463
3462
3462
3462
3462
3461
3461
3461
3461
3460
3460
3459
3459
3458
3458
3457
3457
3457
3457
3457
3456
3456
3456
3456
3455
3455
3455
3454
3454
3454
3453
3453
3453
3451
3451
3451
3451
3451
3450
3450
3449
3449
3449
3448
3448
3448
3448
3447
3447
3447
3446
3446
3446
3445
3445
3445
3445
3445
3445
3444
3444
3444
3444
3444
3444
3444
3444
3443
3443
3443
3442
3441
3441
3441
3440
3439
3439
3438
3438
3437
3437
3437
3437
3437
3436
3436
3436
3436
3436
3435
3435
3434
3434
3434
3434
3433
3432
3431
3430
3430
3430
3430
3429
3429
3429
3429
3429
3428
3428
3428
3428
3427
3427
3426
3426
3426
3426
3425
3425
3425
3425
3425
3424
3424
3423
3423
3423
3423
3423
3421
3421
3421
3420
3420
3420
3419
3419
3418
3417
3417
3416
3416
3415
3415
3415
3415
3415
3415
3415
3414
3414
3414
3413
3413
3412
3412
3412
3411
3411
3411
3411
3410
3410
3410
3410
3410
3410
3409
3409
3409
3409
3408
3408
3407
3406
3406
3405
3405
3405
3405
3404
3404
3404
3403
3403
3403
3403
3402
3402
3401
3401
3399
3399
3399
3398
3398
3397
3396
3396
3396
3396
3395
3395
3395
3395
3395
3395
3394
3394
3394
3394
3393
3393
3393
3393
3393
3393
3392
3392
3392
3392
3391
3391
3391
3391
3390
3390
3390
3390
3389
3389
3389
3389
3389
3388
3388
3388
3388
3387
3387
3387
3387
3387
3386
3386
3386
3385
3385
3385
3385
3385
3385
3384
3384
3384
3383
3383
3383
3382
3382
3382
3381
3381
3381
3380
3380
3379
3379
3378
3378
3378
3377
3377
3377
3376
3376
3376
3376
3376
3376
3376
3375
3375
3375
3375
3374
3373
3373
3372
3372
3372
3372
3371
3371
3371
3371
3371
3371
3370
3370
3369
3369
3369
3368
3303
3368
3367
3367
3367
3366
3366
3366
3366
3365
3364
3364
3364
3364
3364
3364
3364
3364
3363
3363
3363
3362
3362
3361
3361
3361
3360
3360
3360
3360
3360
3359
3359
3358
3358
3358
3358
3358
3358
3358
3357
3357
3357
3357
3357
3357
3356
3356
3356
3355
3355
3355
3355
3355
3355
3354
3353
3353
3353
3353
3352
3352
3351
3351
3350
3350
3350
3349
3349
3349
3349
3349
3348
3348
3347
3347
3347
3347
3347
3346
3346
3346
3345
3345
3345
3345
3344
3344
3344
3344
3343
3343
3343
3342
3342
3341
3341
3340
3340
3340
3340
3339
3339
3339
3338
3338
3338
3338
3338
3338
3337
3337
3337
3337
3335
3335
3335
3335
3334
3334
3333
3332
3332
3332
3331
3331
3331
3331
3331
3331
3330
3330
3330
3330
3329
3329
3329
3328
3328
3328
3328
3327
3327
3327
3327
3326
3326
3326
3325
3325
3324
3324
3324
3324
3324
3324
3323
3322
3322
3322
3322
3321
3321
3321
3320
3320
3320
3319
3319
3319
3319
3318
3318
3318
3318
3318
3317
3317
3317
3316
3316
3316
3316
3316
3315
3314
3314
3314
3314
3313
3313
3313
3312
3312
3312
3311
3311
3310
3309
3309
3309
3309
3309
3308
3308
3307
3307
3306
3305
3305
3305
3305
3305
3304
3303
3303
3302
3302
3302
3302
3302
3301
3301
3300
3300
3299
3299
3299
3298
3298
3298
3298
3298
3298
3298
3297
3297
3297
3297
3297
3297
3296
3296
3296
3296
3296
3295
3295
3295
3295
3294
3294
3294
3293
3293
3292
3291
3291
3291
3290
3290
3290
3290
3290
3290
3290
3289
3289
3289
3289
3289
3289
3289
3288
3287
3286
3286
3286
3286
3286
3285
3285
3285
3285
3285
3284
3284
3284
3284
3283
3283
3282
3282
3282
3282
3282
3281
3281
3281
3281
3281
3280
3279
3279
3279
3279
3278
3278
3277
3277
3277
3277
3276
3276
3276
3276
3275
3275
3275
3275
3275
3274
3274
3274
3273
3273
3273
3273
3272
3272
3272
3272
3272
3271
3271
3271
3270
3270
3270
3270
3270
3270
3269
3268
3268
3267
3267
3267
3266
3266
3266
3265
3265
3265
3264
3263
3263
3263
3263
3262
3262
3262
3261
3261
3261
3261
3261
3260
3260
3260
3260
3259
3259
3259
3258
3258
3258
3258
3258
3257
3257
3257
3256
3256
3256
3255
3255
3254
3254
3254
3254
3253
3253
3253
3252
3252
3252
3251
3251
3251
3250
3250
3250
3250
3250
3250
3250
3249
3249
3248
3248
3248
3248
3248
3248
3248
3246
3246
3246
3245
3244
3244
3244
3244
3243
3243
3243
3243
3243
3242
3242
3241
3241
3241
3241
3239
3239
3239
3238
3238
3238
3237
3236
3236
3236
3235
3235
3235
3235
3234
3234
3234
3233
3233
3233
3233
3233
3233
3232
3232
3230
3230
3230
3230
3230
3230
3229
3229
3229
3228
3228
3228
3228
3227
3227
3226
3226
3226
3226
3226
3225
3225
3225
3225
3224
3224
3224
3224
3224
3224
3224
3223
3223
3223
3223
3223
3222
3222
3222
3222
3222
3221
3221
3221
3221
3220
3220
3220
3220
3219
3218
3218
3218
3217
3217
3216
3216
3216
3216
3215
3215
3215
3214
3214
3214
3214
3214
3214
3213
3212
3212
3212
3212
3211
3211
3210
3210
3210
3210
3210
3209
3208
3208
3207
3206
3206
3206
3204
3203
3202
3201
3200
3200
3200
3200
3199
3199
3199
3199
3199
3198
3198
3197
3197
3197
3197
3197
3196
3196
3196
3196
3196
3195
3195
3194
3194
3194
3194
3194
3194
3193
3193
3192
3192
3192
3191
3191
3191
3191
3190
3190
3190
3189
3189
3188
3188
3188
3188
3187
3187
3186
3186
3186
3185
3185
3184
3184
3183
3183
3182
3182
3182
3182
3182
3182
3182
3181
3181
3181
3181
3180
3180
3180
3179
3179
3179
3178
3178
3178
3177
3177
3176
3176
3175
3175
3174
3174
3174
3173
3173
3173
3173
3172
3170
3170
3170
3169
3169
3169
3169
3168
3168
3168
3168
3167
3166
3166
3166
3166
3166
3166
3165
3165
3165
3165
3165
3165
3164
3164
3164
3163
3162
3162
3161
3161
3161
3160
3159
3159
3159
3159
3158
3158
3157
3157
3157
3157
3156
3156
3156
3156
3156
3156
3155
3155
3155
3155
3155
3155
3155
3155
3154
3154
3154
3153
3153
3153
3153
3153
3153
3152
3152
3152
3151
3151
3151
3151
3150
3150
3150
3150
3150
3150
3149
3149
3149
3149
3149
3149
3148
3148
3148
3147
3147
3147
3147
3146
3146
3146
3146
3145
3144
3144
3144
3144
3143
3143
3143
3142
3142
3142
3142
3142
3141
3141
3141
3141
3141
3141
3141
3141
3141
3140
3140
3140
3139
3139
3139
3139
3138
3138
3138
3138
3138
3138
3137
3137
3137
3137
3136
3136
3136
3136
3136
3136
3135
3134
3134
3134
3134
3133
3133
3133
3132
3132
3132
3132
3132
3132
3131
3131
3131
3131
3130
3130
3130
3130
3130
3130
3129
3129
3129
3129
3129
3129
3129
3129
3127
3127
3126
3126
3126
3126
3126
3126
3126
3126
3126
3125
3124
3124
3124
3124
3124
3123
3123
3123
3122
3122
3121
3121
3121
3120
3120
3120
3120
3120
3120
3119
3119
3119
3118
3118
3117
3116
3116
3116
3116
3115
3115
3115
3115
3115
3114
3114
3114
3114
3113
3112
3112
3112
3112
3111
3111
3111
3111
3111
3111
3111
3111
3111
3110
3110
3110
3110
3110
3110
3110
3109
3109
3109
3109
3109
3109
3109
3109
3109
3109
3108
3107
3107
3107
3107
3106
3106
3106
3106
3106
3106
3106
3105
3105
3105
3105
3104
3104
3104
3104
3103
3103
3103
3103
3103
3103
3102
3102
3102
3101
3101
3101
3101
3101
3101
3100
3100
3100
3099
3099
3099
3099
3099
3098
3098
3098
3097
3097
3097
3097
3097
3096
3096
3095
3095
3095
3095
3095
3095
3093
3093
3092
3092
3092
3092
3092
3091
3091
3091
3091
3091
3091
3091
3091
3090
3090
3090
3090
3090
3090
3089
3088
3088
3088
3088
3087
3087
3086
3086
3086
3085
3085
3085
3085
3085
3085
3084
3084
3084
3084
3084
3083
3085
3083
3083
3083
3082
3082
3082
3082
3081
3081
3081
3081
3080
3080
3080
3079
3079
3079
3079
3078
3078
3078
3078
3077
3077
3077
3077
3077
3077
3077
3076
3076
3076
3076
3076
3076
3076
3076
3075
3075
3075
3075
3074
3074
3074
3074
3074
3074
3074
3074
3073
3073
3073
3072
3072
3072
3072
3072
3072
3071
3071
3071
3071
3071
3071
3070
3070
3070
3070
3070
3070
3070
3069
3069
3069
3069
3069
3068
3068
3068
3068
3068
3068
3067
3067
3067
3067
3066
3066
3066
3065
3065
3065
3065
3065
3064
3064
3064
3063
3063
3063
3062
3062
3062
3062
3061
3061
3061
3061
3061
3061
3061
3060
3060
3059
3059
3059
3059
3059
3059
3058
3057
3057
3057
3056
3056
3056
3055
3055
3055
3055
3054
3054
3054
3054
3053
3053
3053
3053
3053
3052
3052
3052
3052
3051
3050
3050
3050
3049
3049
3049
3049
3049
3049
3049
3049
3048
3048
3048
3048
3047
3047
3046
3046
3046
3046
3046
3045
3045
3045
3044
3044
3044
3044
3044
3043
3043
3043
3042
3042
3042
3042
3042
3041
3041
3041
3040
3040
3040
3040
3039
3039
3039
3039
3039
3039
3038
3037
3037
3037
3037
3037
3037
3036
3036
3036
3036
3036
3036
3035
3035
3035
3035
3035
3034
3034
3034
3034
3034
3034
3034
3033
3033
3033
3033
3032
3032
3032
3032
3031
3031
3031
3031
3030
3030
3029
3029
3029
3029
3028
3028
3028
3028
3028
3027
3027
3027
3027
3027
3026
3026
3026
3025
3025
3025
3025
3024
3024
3024
3024
3024
3023
3023
3023
3023
3022
3022
3022
3021
3021
3021
3020
3020
3020
3019
3019
3019
3018
3018
3018
3018
3018
3018
3018
3017
3016
3016
3016
3016
3016
3015
3015
3015
3015
3015
3015
3014
3013
3013
3013
3013
3012
3012
3012
3012
3012
3012
3012
3012
3011
3011
3011
3010
3010
3010
3009
3009
3009
3009
3008
3008
3008
3008
3008
3008
3007
3007
3007
3007
3007
3007
3007
3006
3006
3006
3006
3005
3005
3005
3005
3005
3004
3004
3004
3003
3003
3003
3003
3002
3002
3002
3001
3001
3001
3001
3001
3001
3001
3000
3000
