587395
563998
534312
379275
366080
357007
340668
331394
322507
309641
302845
301774
297560
287653
272270
268147
264657
260094
258067
254996
254450
251941
236823
236809
235767
216871
211202
209186
200846
197792
197400
192133
187422
184563
184081
181122
178622
178202
174818
171548
165068
164410
164059
163428
163264
158653
155444
154023
152623
151536
147853
144882
143490
141392
140819
140411
139879
139697
137567
135930
134239
131797
128607
125047
123485
123441
122712
122019
121614
120338
119741
119684
118797
117112
116864
116184
116015
115821
113753
112835
111402
110457
110050
109954
108704
108572
106465
105769
104275
103706
103118
101489
100995
99010
98189
97721
97088
96922
96755
96620
95355
95125
94204
92893
91101
90800
90706
90186
89757
88112
88100
87601
87577
87544
85957
85680
85496
85340
84954
84123
83523
83510
80191
79372
78895
78798
78755
78342
77635
77331
77116
76983
76802
76489
74986
74085
73945
73779
72459
72406
72384
72253
72107
71960
71731
71472
70887
70834
70684
70539
70214
70129
69688
69526
69368
69215
69176
68782
68706
68498
67369
67365
67352
67191
67043
66515
66352
65803
65238
65236
64974
64904
64823
64029
63942
63701
63368
63346
63133
62398
62001
61858
61569
61524
60986
60969
60707
59388
59100
58990
58957
58884
58875
58797
58699
58523
58463
58312
57944
57779
57744
57716
57527
57257
57040
56807
56782
56636
56560
56246
56124
56121
55934
55538
55343
55003
54945
54710
54664
54465
54313
54211
54061
53918
53594
53382
53198
53269
53161
52721
52475
52435
52222
52162
52103
52053
51854
51838
51722
51512
51318
50837
50800
50657
50586
50291
50238
50234
50168
50010
49891
49827
49731
49495
49425
49368
49096
48824
48752
48209
48075
47929
47839
47839
47676
47571
47212
46927
46735
46473
46440
46352
46047
45437
45383
45229
45214
45075
45015
44951
44934
44824
44703
44634
44630
44523
44301
44191
44171
43990
43985
43894
43874
43801
43609
43546
43530
43426
43424
43293
43285
43151
43005
42995
42946
42922
42634
42471
42421
42414
42345
42162
42125
42076
41969
41924
41740
41739
41712
41488
41468
41410
41288
41095
40784
40629
40619
40510
40379
40105
40067
40053
40006
39655
39573
39552
39458
39269
39254
39107
38915
38903
38693
38639
38617
38576
38574
38468
38397
38355
38187
38109
38098
37965
37845
37826
37815
37717
37712
37707
37691
37626
37620
37435
37352
37292
37238
37164
37129
37101
36981
36973
36753
36724
36701
36663
36637
36533
36498
36241
36008
35981
35941
35903
35838
35797
35725
35647
35628
35599
35579
35477
35463
35343
35313
35168
35142
35085
35048
35031
35020
34992
34923
34864
34857
34793
34789
34729
34703
34595
34593
34553
34504
34502
34392
34386
34236
34233
34212
34108
34098
34062
34042
33954
33939
33932
33922
33878
33828
33807
33804
33735
33734
33712
33591
33565
33483
33385
33353
33093
33051
32969
32965
32918
32891
32836
32826
32754
32711
32648
32611
32544
32539
32496
32492
32462
32405
32380
32283
32068
32017
31958
31902
31885
31864
31790
31769
31709
31676
31613
31584
31474
31364
31258
31246
31129
31080
31061
31044
30989
30968
30925
30883
30873
30806
30721
30659
30657
30635
30605
30570
30548
30533
30491
30480
30382
30382
30319
30014
29986
29881
29818
29752
29725
29708
29654
29551
29378
29368
29354
29347
29333
29331
29280
29244
29192
29122
29055
29047
29017
28913
28899
28896
28856
28698
28662
28600
28537
28481
28474
28448
28307
28293
28264
28252
28235
28189
28185
28143
28102
28094
27971
27897
27889
27871
27853
27811
27808
27801
27686
27646
27630
27612
27487
27486
27485
27473
27472
27470
27442
27431
27416
27385
27345
27265
27222
27212
27060
27016
26947
26928
26921
26915
26885
26850
26827
26818
26785
26741
26713
26696
26692
26669
26650
26621
26612
26572
26563
26534
26498
26470
26396
26303
26298
26051
25973
25826
25801
25785
25773
25691
25680
25626
25593
25575
25572
25531
25526
25508
25487
25483
25422
25409
25354
25345
25287
25212
25163
25151
25148
25122
25082
24947
24866
24838
24831
24820
24765
24724
24699
24692
24691
24650
24643
24594
24592
24591
24579
24578
24473
24435
24427
24386
24331
24298
24232
24217
24196
24175
24157
24149
24143
24048
24022
24004
24004
23986
23958
23924
23910
23908
23815
23780
23736
23731
23698
23682
23669
23634
23616
23540
23520
23508
23502
23464
23411
23349
23337
23326
23309
23300
23267
23261
23209
23200
23167
23131
23113
23104
23058
23043
23022
23016
22998
22996
22991
22936
22838
22824
22803
22758
22737
22705
22695
22684
22673
22628
22609
22590
22568
22546
22487
22478
22475
22434
22426
22332
22330
22328
22283
22188
22164
22152
22145
22064
22035
22006
21994
21961
21948
21947
21907
21870
21870
21858
21848
21840
21809
21786
21751
21703
21697
21637
21548
21538
21444
21443
21413
21387
21367
21318
21316
21314
21279
21271
21271
21224
21218
21214
21186
21173
21134
21105
21095
21068
21045
21031
21005
21001
20997
20939
20876
20862
20848
20837
20836
20760
20732
20703
20662
20602
20593
20587
20585
20577
20565
20564
20548
20513
20443
20431
20425
20424
20402
20387
20383
20377
20320
20312
20290
20257
20245
20243
20237
20235
20231
20222
20172
20145
20134
20055
20014
19983
19958
19930
19918
19875
19868
19864
19859
19845
19804
19773
19769
19754
19752
19752
19720
19708
19703
19697
19691
19683
19670
19664
19644
19630
19626
19616
19614
19597
19551
19547
19532
19522
19482
19475
19449
19366
19361
19351
19350
19343
19314
19312
19310
19301
19277
19274
19269
19239
19236
19233
19229
19225
19223
19200
19200
19187
19182
19176
19155
19126
19113
19110
19108
19107
19104
19097
19000
18999
18992
18984
18976
18955
18955
18935
18932
18899
18879
18879
18873
18859
18810
18775
18760
18753
18739
18705
18705
18693
18660
18614
18605
18603
18566
18546
18540
18530
18510
18479
18475
18463
18458
18423
18419
18408
18407
18397
18396
18387
18386
18364
18333
18333
18318
18305
18299
18299
18283
18275
18247
18228
18216
18205
18205
18197
18160
18113
18070
18055
18042
18031
17995
17995
17959
17947
17946
17937
17929
17926
17912
17868
17862
17862
17825
17821
17818
17795
17718
17703
17654
17650
17631
17629
17611
17611
17567
17518
17511
17505
17487
17485
17477
17461
17451
17413
17382
17358
17356
17351
17346
17325
17306
17303
17296
17286
17284
17250
17240
17236
17233
17224
17211
17205
17189
17170
17150
17092
17084
17075
17059
17040
17006
17001
16994
16959
16948
16940
16939
16937
16930
16926
16923
16902
16902
16901
16896
16887
16879
16857
16831
16812
16799
16755
16745
16743
16727
16714
16709
16690
16675
16606
16589
16582
16571
16566
16557
16550
16549
16537
16510
16457
16450
16442
16436
16408
16395
16328
16322
16318
16313
16300
16287
16269
16248
16240
16239
16239
16226
16159
16155
16146
16145
16144
16138
16130
16127
16112
16098
16094
16091
16084
16083
16077
16076
16074
16051
16046
16037
16025
16020
16013
16005
15989
15963
15957
15950
15939
15935
15928
15922
15914
15899
15895
15889
15870
15868
15840
15832
15811
15787
15783
15782
15778
15745
15742
15730
15724
15713
15700
15693
15691
15689
15674
15668
15665
15658
15643
15631
15603
15587
15585
15556
15547
15544
15536
15528
15508
15500
15493
15464
15459
15454
15444
15442
15441
15427
15424
15422
15412
15392
15367
15363
15360
15350
15337
15333
15331
15326
15322
15321
15318
15308
15297
15256
15245
15244
15233
15230
15230
15226
15225
15214
15208
15205
15195
15181
15176
15173
15173
15170
15161
15159
15152
15152
15141
15135
15128
15120
15120
15105
15104
15100
15094
15076
15054
15045
15044
15037
15016
15005
15003
14989
14975
14954
14954
14953
14941
14933
14929
14928
14926
14925
14915
14915
14913
14911
14883
14878
14867
14856
14851
14839
14829
14818
14813
14810
14797
14786
14786
14783
14776
14774
14759
14772
14757
14747
14746
14734
14706
14693
14671
14661
14655
14649
14629
14629
14601
14595
14587
14577
14555
14553
14541
14534
14532
14516
14514
14513
14491
14489
14479
14475
14466
14463
14434
14425
14424
14418
14417
14415
14415
14415
14410
14403
14393
14391
14388
14376
14352
14351
14337
14337
14335
14322
14314
14308
14306
14305
14294
14287
14271
14259
14253
14235
14232
14225
14222
14216
14211
14210
14210
14197
14192
14183
14183
14169
14162
14160
14154
14148
14146
14143
14133
14128
14123
14113
14104
14095
14089
14079
14074
14070
14059
14058
14056
14045
14042
14031
14017
14010
14001
13998
13997
13994
13991
13991
13961
13949
13945
13943
13941
13917
13901
13891
13878
13861
13859
13835
13825
13808
13799
13788
13788
13758
13758
13753
13724
13700
13705
13682
13673
13666
13665
13662
13660
13653
13640
13630
13629
13615
13606
13604
13600
13574
13572
13571
13563
13558
13553
13540
13536
13534
13530
13503
13489
13480
13480
13474
13446
13443
13426
13425
13424
13421
13417
13413
13392
13386
13379
13378
13377
13369
13368
13350
13349
13347
13343
13341
13335
13333
13324
13308
13301
13293
13285
13278
13277
13275
13274
13271
13264
13263
13261
13258
13247
13241
13232
13232
13213
13204
13203
13196
13192
13187
13183
13173
13164
13161
13155
13152
13149
13148
13144
13136
13134
13123
13119
13104
13090
13068
13067
13065
13054
13054
13052
13045
13042
13037
13034
13034
13031
13029
13029
13026
13024
13013
13002
12993
12991
12973
12970
12962
12947
12920
12919
12904
12899
12893
12889
12885
12881
12877
12862
12862
12832
12830
12815
12812
12811
12807
12800
12794
12786
12779
12775
12765
12761
12756
12755
12752
12743
12738
12719
12719
12716
12715
12702
12697
12697
12693
12691
12686
12682
12677
12666
12666
12664
12661
12626
12621
12630
12617
12613
12608
12602
12582
12581
12572
12571
12577
12565
12562
12561
12559
12552
12549
12548
12547
12541
12531
12528
12526
12519
12513
12509
12505
12504
12503
12477
12473
12470
12465
12460
12456
12446
12436
12435
12406
12403
12391
12381
12375
12372
12370
12358
12357
12346
12342
12341
12338
12338
12333
12328
12321
12320
12317
12315
12295
12279
12277
12274
12271
12271
12253
12249
12247
12244
12237
12236
12232
12225
12216
12201
12199
12192
12186
12179
12172
12163
12153
12153
12153
12152
12138
12130
12128
12127
12121
12114
12111
12109
12089
12087
12080
12079
12077
12071
12066
12060
12059
12054
12045
12044
12043
12033
12030
12021
12017
12017
12014
11998
11988
11985
11980
11973
11964
11961
11959
11954
11939
11933
11928
11923
11922
11922
11921
11919
11919
11905
11899
11876
11875
11874
11864
11863
11863
11851
11847
11847
11845
11842
11836
11833
11827
11824
11821
11813
11811
11803
11799
11798
11790
11790
11786
11775
11774
11773
11773
11773
11771
11770
11762
11758
11756
11753
11746
11740
11721
11719
11719
11717
11714
11712
11710
11707
11701
11699
11685
11678
11672
11671
11669
11659
11655
11652
11651
11634
11619
11616
11616
11609
11607
11604
11602
11599
11598
11592
11590
11586
11583
11567
11564
11562
11559
11557
11553
11550
11549
11538
11531
11526
11520
11516
11508
11508
11497
11494
11493
11487
11483
11479
11474
11470
11468
11468
11460
11389
11450
11449
11441
11440
11437
11429
11424
11414
11412
11411
11410
11410
11410
11409
11400
11395
11380
11375
11373
11356
11354
11347
11340
11337
11333
11333
11322
11321
11315
11311
11303
11295
11293
11288
11287
11277
11270
11268
11266
11249
11241
11239
11230
11226
11222
11217
11215
11214
11206
11203
11196
11194
11192
11185
11184
11180
11176
11172
11171
11156
11152
11149
11147
11136
11136
11134
11133
11128
11125
11124
11119
11117
11115
11110
11104
11100
11099
11097
11094
11089
11077
11071
11068
11064
11063
11061
11056
11052
11046
11039
11029
11024
11022
11012
11011
11005
11004
11003
10989
10986
10982
10979
10978
10976
10973
10973
10972
10967
10964
10956
10955
10950
10938
10928
10924
10921
10919
10916
10897
10892
10891
10883
10874
10871
10868
10864
10863
10848
10840
10831
10845
10825
10815
10807
10805
10803
10799
10798
10795
10794
10793
10788
10779
10771
10769
10773
10765
10759
10755
10754
10753
10735
10730
10729
10729
10720
10716
10710
10710
10705
10704
10699
10683
10682
10679
10678
10677
10677
10676
10675
10672
10663
10661
10654
10648
10646
10639
10634
10626
10625
10624
10616
10607
10606
10602
10600
10594
10589
10588
10583
10551
10575
10573
10572
10572
10565
10563
10562
10557
10556
10553
10552
10552
10551
10544
10544
10535
10533
10530
10530
10529
10528
10528
10520
10518
10514
10510
10510
10506
10505
10503
10496
10496
10493
10492
10490
10488
10485
10483
10478
10478
10476
10470
10469
10466
10457
10456
10454
10442
10440
10433
10421
10414
10407
10406
10405
10400
10398
10397
10394
10393
10390
10389
10383
10381
10378
10374
10368
10365
10356
10355
10353
10351
10342
10338
10338
10334
10333
10331
10329
10327
10320
10313
10306
10303
10299
10293
10285
10283
10282
10281
10274
10274
10268
10259
10249
10245
10244
10236
10229
10227
10226
10224
10223
10201
10193
10182
10182
10181
10179
10175
10173
10169
10166
10154
10150
10145
10140
10139
10139
10134
10123
10120
10118
10114
10111
10111
10109
10107
10106
10106
10105
10098
10097
10089
10087
10085
10084
10083
10080
10048
10036
10035
10035
10030
10027
10027
10019
10018
10015
10009
10002
9997
9996
9980
9978
9976
9971
9970
9962
9961
9961
9948
9940
9939
9926
9924
9919
9908
9907
9906
9903
9901
9885
9887
9869
9863
9859
9859
9858
9857
9856
9855
9852
9852
9850
9850
9849
9840
9834
9833
9831
9820
9818
9817
9816
9815
9805
9801
9800
9797
9793
9781
9778
9777
9772
9770
9771
9763
9762
9760
9758
9758
9753
9750
9747
9739
9730
9727
9722
9709
9694
9694
9679
9678
9678
9675
9674
9673
9668
9665
9664
9662
9662
9655
9654
9646
9642
9640
9634
9633
9630
9630
9628
9627
9627
9620
9620
9617
9595
9589
9588
9587
9580
9564
9564
9556
9548
9545
9544
9541
9534
9530
9517
9509
9502
9502
9501
9500
9497
9494
9488
9483
9482
9481
9480
9479
9478
9476
9470
9461
9460
9460
9459
9457
9453
9453
9447
9445
9436
9430
9428
9427
9424
9418
9417
9416
9414
9412
9408
9408
9404
9399
9398
9398
9396
9390
9387
9386
9384
9383
9382
9379
9379
9363
9360
9358
9348
9345
9337
9336
9335
9331
9327
9325
9322
9316
9307
9306
9302
9301
9292
9290
9288
9279
9277
9276
9275
9275
9265
9265
9262
9258
9257
9256
9256
9252
9247
9243
9243
9242
9239
9236
9229
9228
9224
9216
9209
9206
9204
9202
9194
9193
9187
9187
9186
9181
9178
9176
9169
9165
9165
9162
9161
9157
9152
9151
9149
9148
9143
9142
9131
9127
9127
9123
9121
9116
9106
9106
9103
9098
9096
9096
9089
9086
9079
9079
9076
9073
9071
9071
9066
9065
9065
9064
9063
9063
9061
9060
9057
9056
9052
9047
9046
9046
9045
9038
9038
9038
9036
9034
9030
9029
9026
9020
9003
8992
8988
8984
8981
8969
8964
8963
8962
8962
8960
8952
8949
8937
8937
8936
8934
8931
8930
8930
8928
8928
8922
8921
8915
8910
8909
8909
8907
8894
8893
8892
8889
8887
8882
8881
8876
8874
8870
8870
8867
8861
8858
8857
8854
8852
8851
8849
8843
8840
8825
8818
8817
8813
8809
8807
8806
8806
8804
8794
8794
8794
8787
8786
8786
8785
8784
8783
8781
8778
8775
8774
8772
8771
8770
8770
8764
8759
8755
8753
8752
8752
8751
8747
8744
8741
8740
8733
8732
8732
8729
8727
8719
8716
8715
8709
8709
8708
8708
8707
8707
8707
8706
8700
8698
8698
8695
8694
8694
8686
8685
8685
8685
8683
8679
8672
8672
8668
8662
8659
8651
8651
8673
8639
8638
8638
8637
8636
8636
8634
8633
8624
8623
8623
8622
8616
8614
8607
8599
8595
8594
8594
8589
8586
8583
8581
8572
8572
8563
8555
8542
8540
8538
8528
8524
8523
8519
8517
8517
8512
8507
8506
8504
8502
8490
8489
8486
8480
8479
8479
8474
8473
8469
8468
8465
8465
8457
8457
8457
8456
8453
8448
8442
8438
8438
8435
8431
8425
8424
8423
8422
8420
8417
8407
8404
8403
8400
8399
8391
8391
8390
8389
8386
8384
8375
8367
8366
8364
8361
8360
8359
8356
8355
8355
8348
8345
8340
8336
8335
8335
8334
8333
8331
8323
8322
8320
8319
8318
8318
8312
8312
8310
8309
8306
8305
8305
8303
8298
8296
8295
8293
8292
8289
8289
8288
8288
8287
8286
8285
8280
8280
8290
8278
8274
8268
8264
8262
8261
8260
8254
8251
8244
8240
8238
8237
8236
8236
8232
8225
8219
8219
8216
8214
8214
8212
8212
8210
8207
8204
8203
8201
8194
8194
8194
8191
8185
8183
8183
8181
8180
8176
8175
8174
8173
8172
8172
8169
8168
8162
8160
8157
8154
8150
8147
8146
8145
8143
8142
8139
8138
8138
8135
8129
8127
8126
8125
8125
8123
8122
8121
8121
8120
8120
8113
8109
8106
8104
8105
8104
8104
8103
8096
8094
8090
8090
8088
8084
8084
8082
8080
8072
8072
8069
8068
8062
8061
8058
8054
8053
8053
8052
8049
8049
8043
8042
8040
8038
8031
8027
8027
8026
8025
8019
8015
8008
8006
8006
7997
7993
7987
7986
7985
7985
7981
7974
7974
7972
7971
7970
7968
7961
7959
7957
7951
7949
7941
7935
7934
7932
7930
7929
7928
7915
7914
7913
7911
7907
7907
7901
7898
7896
7894
7891
7891
7891
7890
7883
7882
7877
7876
7866
7862
7861
7857
7856
7856
7854
7853
7852
7845
7846
7842
7842
7841
7838
7837
7834
7832
7832
7828
7826
7825
7820
7818
7817
7817
7817
7815
7811
7809
7808
7805
7803
7803
7800
7799
7796
7794
7793
7792
7792
7786
7786
7784
7784
7780
7780
7778
7777
7777
7776
7773
7773
7763
7760
7760
7755
7754
7754
7748
7744
7743
7742
7736
7733
7727
7724
7724
7719
7719
7717
7717
7716
7704
7701
7697
7697
7697
7696
7691
7690
7686
7682
7678
7677
7675
7674
7672
7671
7671
7669
7669
7668
7667
7666
7666
7665
7662
7661
7661
7660
7655
7653
7652
7652
7649
7643
7638
7636
7634
7634
7631
7629
7618
7615
7609
7608
7606
7605
7600
7598
7595
7591
7589
7589
7585
7582
7581
7580
7580
7577
7576
7576
7574
7574
7569
7566
7564
7562
7562
7561
7559
7556
7553
7552
7548
7547
7546
7546
7542
7541
7539
7536
7531
7531
7529
7525
7523
7519
7518
7516
7515
7511
7510
7503
7502
7497
7494
7493
7491
7490
7486
7486
7485
7485
7482
7482
7479
7479
7478
7475
7474
7473
7467
7462
7460
7460
7454
7453
7451
7450
7447
7444
7443
7442
7440
7437
7436
7435
7434
7427
7429
7420
7419
7417
7414
7412
7411
7409
7409
7409
7407
7406
7403
7399
7398
7396
7396
7392
7392
7391
7390
7390
7386
7381
7381
7381
7380
7372
7370
7368
7366
7365
7364
7357
7354
7354
7349
7348
7346
7343
7341
7338
7337
7336
7335
7333
7330
7327
7326
7324
7321
7319
7318
7316
7313
7307
7298
7295
7292
7291
7289
7287
7286
7282
7282
7280
7276
7273
7272
7272
7271
7267
7263
7263
7260
7259
7258
7258
7257
7256
7251
7249
7249
7248
7247
7245
7239
7239
7239
7236
7235
7235
7235
7235
7235
7233
7230
7229
7227
7227
7226
7225
7222
7218
7218
7215
7214
7213
7211
7210
7210
7206
7206
7206
7205
7203
7201
7201
7201
7200
7197
7197
7193
7193
7190
7186
7186
7180
7179
7175
7172
7168
7167
7166
7161
7159
7157
7152
7151
7150
7150
7148
7147
7146
7144
7142
7142
7141
7140
7137
7137
7135
7134
7131
7130
7129
7124
7124
7123
7117
7112
7109
7109
7108
7107
7106
7105
7103
7103
7102
7100
7099
7099
7097
7096
7095
7094
7092
7091
7088
7088
7086
7082
7079
7077
7073
7067
7060
7059
7057
7053
7051
7050
7044
7042
7039
7030
7028
7023
7017
7011
7011
7009
7007
7002
7001
6999
6999
6998
6996
6996
6995
6992
6987
6985
6985
6980
6980
6978
6978
6974
6972
6969
6964
6961
6960
6959
6959
6958
6954
6952
6951
6961
6950
6948
6945
6942
6941
6936
6925
6924
6923
6917
6917
6916
6910
6908
6907
6906
6905
6903
6899
6898
6898
6897
6897
6896
6896
6895
6894
6893
6892
6892
6892
6891
6891
6888
6885
6888
6882
6878
6878
6872
6869
6863
6857
6856
6854
6851
6851
6850
6850
6843
6843
6840
6839
6834
6834
6834
6833
6833
6828
6825
6822
6821
6821
6820
6818
6815
6814
6810
6808
6807
6806
6805
6803
6803
6802
6798
6796
6795
6794
6794
6791
6790
6788
6787
6786
6777
6774
6773
6771
6771
6771
6770
6770
6768
6768
6767
6766
6765
6762
6651
6760
6757
6757
6754
6754
6752
6751
6749
6747
6746
6745
6745
6744
6743
6742
6737
6735
6735
6734
6733
6732
6729
6729
6724
6723
6717
6716
6716
6715
6714
6712
6712
6711
6711
6710
6709
6709
6709
6704
6702
6701
6701
6700
6690
6688
6688
6682
6680
6679
6679
6679
6678
6676
6675
6674
6668
6665
6663
6663
6654
6651
6651
6647
6646
6641
6640
6639
6635
6629
6625
6624
6630
6620
6618
6617
6613
6612
6610
6608
6606
6605
6602
6597
6597
6596
6595
6591
6589
6587
6586
6585
6585
6579
6578
6577
6576
6573
6572
6570
6568
6568
6568
6567
6564
6561
6560
6560
6554
6553
6552
6552
6550
6547
6546
6539
6536
6535
6535
6533
6533
6532
6529
6529
6529
6528
6527
6524
6523
6518
6518
6518
6518
6517
6517
6516
6515
6514
6513
6507
6505
6502
6502
6497
6495
6494
6493
6492
6490
6489
6488
6487
6486
6486
6484
6481
6480
6478
6477
6477
6473
6472
6471
6469
6468
6463
6462
6462
6462
6461
6459
6458
6457
6457
6455
6455
6451
6451
6450
6447
6447
6444
6441
6441
6437
6436
6434
6427
6425
6423
6422
6418
6417
6417
6416
6416
6415
6407
6405
6404
6402
6402
6402
6401
6400
6399
6397
6397
6397
6396
6396
6395
6395
6394
6393
6393
6391
6388
6387
6384
6383
6382
6381
6380
6379
6378
6377
6376
6375
6374
6373
6370
6367
6361
6357
6356
6354
6349
6349
6346
6345
6345
6345
6345
6344
6344
6343
6341
6341
6338
6336
6335
6335
6333
6331
6330
6328
6326
6323
6318
6314
6309
6308
6306
6305
6304
6303
6302
6302
6301
6293
6291
6287
6287
6283
6282
6281
6279
6277
6276
6274
6273
6273
6271
6269
6268
6267
6276
6262
6260
6257
6257
6255
6251
6248
6246
6242
6242
6240
6239
6237
6236
6234
6233
6230
6227
6222
6219
6218
6218
6217
6223
6213
6213
6209
6209
6209
6205
6202
6202
6202
6202
6200
6197
6196
6193
6192
6191
6186
6183
6183
6182
6181
6179
6179
6178
6177
6173
6168
6168
6166
6161
6157
6156
6154
6150
6148
6148
6147
6147
6146
6140
6140
6140
6138
6137
6137
6133
6132
6131
6130
6129
6128
6128
6127
6127
6127
6125
6125
6124
6123
6122
6120
6120
6119
6118
6118
6117
6114
6110
6105
6104
6100
6100
6096
6096
6091
6088
6087
6084
6079
6077
6076
6075
6070
6070
6069
6068
6068
6067
6066
6066
6065
6060
6060
6059
6056
6051
6049
6048
6047
6045
6045
6044
6043
6041
6041
6041
6040
6039
6038
6038
6037
6036
6035
6034
6031
6029
6027
6023
6021
6020
6014
6014
6013
6012
6011
6010
6010
6006
6002
6001
6001
5999
5998
5997
5993
5993
5989
5988
5988
5984
5983
5982
5979
5978
5978
5977
5975
5973
5972
5968
5968
5967
5967
5965
5962
5958
5954
5954
5953
5952
5951
5951
5951
5951
5949
5946
5943
5939
5938
5936
5936
5933
5933
5928
5926
5924
5922
5922
5921
5918
5917
5917
5916
5913
5912
5911
5911
5911
5910
5910
5907
5904
5904
5902
5900
5899
5898
5897
5896
5895
5893
5887
5884
5883
5882
5879
5875
5874
5874
5872
5870
5868
5865
5865
5864
5859
5858
5856
5855
5853
5852
5847
5845
5842
5842
5841
5841
5840
5839
5838
5837
5837
5835
5835
5833
5832
5831
5830
5829
5829
5829
5827
5825
5825
5824
5823
5822
5821
5816
5811
5811
5810
5808
5805
5802
5802
5802
5800
5799
5796
5794
5794
5791
5787
5787
5786
5786
5785
5784
5782
5782
5779
5779
5778
5777
5777
5776
5775
5775
5774
5773
5773
5773
5771
5767
5767
5766
5766
5766
5765
5763
5762
5761
5761
5760
5760
5757
5757
5754
5754
5754
5754
5753
5752
5751
5893
5747
5745
5745
5745
5745
5744
5738
5737
5735
5733
5732
5731
5731
5730
5729
5756
5726
5724
5723
5723
5722
5720
5720
5718
5712
5711
5710
5708
5707
5706
5705
5704
5701
5699
5697
5696
5695
5695
5694
5691
5690
5688
5686
5681
5680
5676
5675
5675
5670
5670
5670
5669
5666
5664
5663
5660
5659
5658
5658
5657
5657
5655
5655
5654
5653
5652
5650
5649
5647
5647
5647
5644
5644
5643
5643
5640
5640
5640
5633
5631
5630
5629
5628
5624
5623
5623
5621
5621
5620
5619
5618
5613
5611
5609
5609
5608
5608
5608
5607
5607
5604
5604
5601
5600
5599
5598
5595
5595
5594
5594
5593
5593
5592
5591
5590
5590
5589
5588
5587
5586
5584
5584
5583
5581
5581
5580
5578
5577
5576
5575
5572
5572
5569
5569
5567
5566
5566
5566
5564
5564
5563
5563
5563
5563
5563
5560
5559
5556
5556
5555
5553
5551
5549
5548
5548
5548
5548
5548
5548
5547
5546
5546
5545
5542
5541
5539
5539
5538
5538
5537
5536
5534
5534
5533
5532
5532
5531
5530
5528
5525
5524
5524
5523
5520
5518
5518
5517
5517
5515
5513
5513
5511
5510
5508
5506
5505
5505
5504
5503
5501
5500
5500
5498
5497
5496
5493
5492
5492
5489
5486
5483
5482
5482
5482
5482
5481
5477
5506
5475
5474
5473
5472
5471
5470
5469
5469
5468
5468
5467
5466
5465
5465
5465
5465
5463
5462
5462
5462
5461
5461
5459
5459
5458
5458
5456
5483
5453
5451
5449
5449
5448
5448
5445
5444
5443
5440
5438
5438
5438
5438
5437
5436
5435
5433
5433
5433
5433
5433
5433
5431
5430
5429
5429
5429
5428
5426
5426
5425
5424
5423
5422
5420
5419
5418
5416
5414
5413
5413
5413
5407
5406
5406
5406
5402
5401
5401
5401
5394
5391
5387
5387
5386
5386
5385
5385
5381
5379
5376
5371
5370
5368
5366
5365
5363
5363
5360
5358
5358
5356
5356
5356
5353
5351
5350
5349
5349
5347
5346
5346
5344
5343
5342
5342
5341
5339
5338
5337
5337
5337
5336
5336
5335
5335
5331
5331
5331
5330
5330
5326
5325
5325
5324
5324
5323
5323
5322
5322
5322
5321
5321
5319
5319
5317
5316
5316
5315
5314
5314
5314
5312
5312
5310
5310
5306
5306
5305
5304
5304
5303
5303
5300
5299
5298
5297
5297
5296
5293
5292
5292
5290
5290
5290
5288
5288
5288
5284
5284
5283
5280
5277
5277
5277
5276
5276
5275
5275
5275
5275
5275
5274
5273
5270
5268
5267
5266
5265
5264
5264
5258
5258
5257
5257
5257
5255
5253
5251
5250
5248
5246
5246
5246
5244
5243
5240
5240
5239
5239
5238
5237
5236
5234
5233
5231
5231
5230
5230
5226
5226
5224
5224
5223
5223
5223
5223
5222
5222
5222
5221
5220
5219
5219
5219
5218
5217
5215
5213
5213
5213
5213
5218
5211
5211
5210
5208
5208
5207
5206
5206
5206
5205
5205
5202
5201
5196
5196
5194
5193
5191
5190
5190
5189
5188
5186
5186
5185
5184
5184
5183
5182
5182
5181
5180
5178
5176
5176
5174
5173
5173
5173
5172
5170
5170
5169
5169
5167
5166
5164
5163
5162
5161
5161
5159
5158
5156
5156
5156
5154
5154
5152
5152
5152
5151
5149
5145
5144
5144
5142
5141
5141
5141
5141
5140
5139
5139
5138
5138
5137
5135
5133
5132
5131
5131
5130
5125
5125
5124
5123
5121
5120
5119
5118
5115
5115
5114
5114
5114
5114
5113
5113
5112
5112
5109
5108
5108
5105
5102
5099
5097
5097
5096
5096
5095
5094
5090
5089
5088
5087
5087
5086
5086
5085
5084
5081
5081
5081
5080
5080
5077
5075
5075
5073
5072
5072
5072
5071
5073
5069
5068
5063
5061
5061
5061
5057
5056
5056
5054
5054
5053
5053
5053
5053
5052
5052
5052
5051
5051
5050
5047
5047
5047
5046
5045
5045
5045
5045
5044
5043
5043
5042
5041
5041
5039
5039
5039
5038
5037
5036
5033
5033
5033
5032
5031
5034
5025
5025
5023
5022
5022
5021
5019
5019
5016
5015
5012
5008
5008
5006
5005
5005
5004
5004
5003
5003
5002
5002
5000
4998
4998
4997
4997
4996
4996
4995
4995
4993
4993
4992
4990
4990
4989
4987
4987
4986
4985
4985
4984
4983
4982
4982
4982
4980
4980
4979
4979
4979
4979
4978
4977
4975
4974
4972
4972
4972
4970
4970
4966
4966
4966
4965
4965
4962
4961
4961
4961
4960
4960
4958
4957
4956
4955
4950
4949
4948
4948
4948
4947
4947
4945
4945
4944
4944
4944
4942
4940
4939
4938
4936
4935
4935
4933
4932
4929
4928
4927
4927
4926
4925
4925
4925
4922
4921
4920
4919
4918
4918
4917
4916
4914
4912
4911
4911
4911
4909
4909
4907
4907
4904
4903
4903
4902
4900
4900
4891
4891
4891
4891
4886
4885
4883
4888
4882
4881
4881
4879
4879
4878
4877
4876
4876
4875
4874
4873
4873
4873
4873
4871
4871
4870
4870
4869
4869
4867
4865
4865
4865
4865
4863
4863
4863
4862
4860
4858
4853
4853
4852
4851
4851
4851
4849
4848
4848
4846
4846
4845
4845
4844
4840
4840
4840
4840
4837
4837
4837
4840
4836
4835
4834
4832
4832
4832
4831
4831
4830
4829
4827
4826
4826
4825
4825
4824
4823
4820
4820
4819
4819
4817
4815
4814
4812
4812
4812
4812
4811
4811
4808
4808
4808
4808
4807
4806
4805
4806
4804
4804
4804
4802
4801
4801
4800
4800
4799
4796
4795
4794
4791
4790
4789
4785
4785
4780
4779
4778
4778
4778
4778
4776
4775
4774
4773
4772
4772
4772
4772
4771
4770
4769
4772
4767
4766
4766
4765
4764
4763
4763
4762
4762
4761
4761
4760
4760
4759
4756
4754
4753
4753
4752
4751
4751
4751
4750
4750
4748
4747
4746
4744
4743
4743
4742
4741
4741
4741
4736
4735
4734
4734
4733
4733
4730
4726
4725
4725
4724
4724
4724
4723
4723
4721
4721
4721
4721
4721
4720
4720
4719
4719
4718
4718
4716
4716
4716
4716
4715
4714
4714
4713
4713
4713
4712
4712
4711
4710
4709
4708
4707
4706
4705
4703
4702
4701
4699
4698
4697
4696
4695
4694
4694
4694
4693
4693
4692
4691
4690
4690
4689
4689
4689
4688
4688
4688
4688
4686
4685
4685
4681
4678
4677
4677
4675
4675
4674
4674
4673
4673
4673
4673
4671
4671
4670
4670
4669
4669
4668
4667
4666
4666
4665
4665
4665
4663
4662
4662
4661
4661
4661
4659
4659
4658
4658
4652
4652
4651
4650
4650
4650
4649
4649
4647
4646
4645
4645
4645
4642
4642
4642
4641
4640
4639
4639
4638
4638
4637
4636
4636
4635
4635
4634
4633
4631
4631
4630
4630
4630
4624
4622
4621
4619
4619
4619
4618
4617
4617
4616
4615
4615
4614
4614
4613
4613
4612
4611
4610
4610
4609
4609
4608
4607
4607
4606
4606
4606
4605
4605
4604
4604
4604
4604
4602
4602
4601
4601
4601
4600
4600
4600
4600
4599
4598
4598
4597
4597
4596
4596
4595
4595
4595
4594
4594
4593
4592
4592
4591
4590
4587
4586
4585
4584
4582
4581
4581
4581
4580
4580
4579
4579
4578
4578
4578
4577
4576
4575
4572
4571
4570
4569
4568
4565
4564
4564
4564
4562
4560
4559
4559
4558
4557
4556
4555
4555
4552
4549
4548
4546
4546
4546
4545
4545
4545
4544
4543
4543
4541
4540
4539
4538
4537
4536
4536
4535
4534
4533
4533
4533
4531
4530
4530
4529
4528
4525
4525
4525
4524
4524
4523
4523
4523
4522
4521
4521
4520
4520
4519
4518
4517
4517
4515
4514
4513
4513
4512
4512
4512
4512
4510
4508
4504
4504
4503
4501
4500
4500
4499
4498
4498
4497
4496
4495
4494
4493
4492
4492
4491
4491
4490
4490
4490
4486
4484
4484
4484
4483
4483
4482
4482
4480
4479
4479
4477
4477
4475
4475
4474
4474
4472
4472
4472
4472
4472
4470
4469
4469
4469
4468
4467
4467
4467
4466
4463
4462
4462
4460
4459
4459
4456
4456
4455
4455
4454
4453
4453
4452
4452
4451
4445
4443
4443
4442
4442
4440
4440
4440
4439
4438
4438
4435
4435
4434
4434
4432
4431
4429
4428
4427
4426
4423
4422
4422
4422
4422
4421
4421
4420
4420
4418
4417
4417
4416
4416
4413
4413
4411
4411
4411
4410
4406
4406
4406
4406
4402
4400
4400
4400
4398
4397
4396
4391
4390
4390
4390
4389
4389
4388
4387
4387
4386
4386
4385
4385
4384
4384
4383
4383
4383
4382
4382
4381
4376
4375
4373
4373
4372
4372
4372
4372
4372
4371
4370
4369
4369
4367
4365
4365
4363
4361
4361
4360
4359
4359
4358
4357
4357
4357
4357
4357
4357
4356
4355
4353
4350
4347
4347
4347
4342
4342
4340
4340
4339
4339
4338
4338
4337
4337
4337
4337
4335
4335
4333
4330
4329
4328
4327
4327
4326
4326
4325
4325
4325
4323
4321
4320
4320
4318
4317
4317
4316
4316
4314
4314
4312
4311
4310
4309
4309
4309
4308
4306
4306
4306
4305
4304
4304
4303
4303
4300
4300
4300
4299
4299
4298
4296
4295
4295
4293
4292
4292
4291
4291
4289
4288
4288
4288
4288
4287
4285
4285
4285
4283
4282
4280
4280
4279
4278
4278
4278
4278
4274
4274
4273
4273
4272
4272
4269
4269
4269
4269
4268
4268
4268
4267
4267
4266
4266
4265
4265
4264
4263
4263
4262
4260
4259
4258
4256
4255
4254
4254
4253
4252
4251
4250
4249
4249
4249
4249
4248
4248
4247
4246
4245
4245
4244
4242
4241
4241
4240
4240
4239
4239
4238
4238
4238
4236
4236
4235
4235
4234
4234
4234
4234
4234
4233
4233
4232
4232
4231
4231
4230
4230
4229
4229
4229
4228
4228
4227
4226
4225
4221
4219
4219
4216
4216
4215
4214
4214
4212
4211
4210
4209
4209
4208
4207
4207
4206
4205
4205
4205
4204
4204
4204
4202
4202
4201
4201
4200
4200
4198
4196
4196
4195
4195
4194
4193
4191
4190
4189
4189
4187
4187
4186
4186
4186
4184
4184
4183
4183
4183
4182
4181
4181
4181
4179
4179
4178
4176
4175
4173
4173
4173
4172
4171
4170
4170
4169
4169
4167
4167
4166
4166
4165
4165
4161
4161
4161
4160
4158
4158
4157
4157
4157
4156
4156
4156
4155
4154
4154
4153
4153
4152
4152
4152
4151
4151
4150
4149
4149
4149
4148
4147
4147
4147
4145
4145
4145
4144
4143
4143
4143
4142
4141
4141
4140
4140
4140
4140
4139
4139
4139
4139
4137
4137
4136
4136
4135
4135
4133
4131
4131
4130
4129
4129
4128
4128
4128
4127
4125
4125
4124
4124
4122
4122
4120
4118
4118
4117
4117
4117
4116
4116
4114
4113
4113
4111
4111
4111
4111
4110
4110
4110
4109
4109
4108
4108
4107
4107
4105
4105
4104
4103
4103
4102
4101
4101
4100
4099
4098
4098
4097
4093
4093
4093
4092
4091
4091
4090
4089
4089
4088
4087
4094
4086
4086
4086
4086
4086
4085
4085
4084
4084
4084
4083
4083
4081
4080
4078
4077
4077
4076
4075
4075
4074
4073
4071
4070
4066
4066
4066
4065
4065
4064
4064
4063
4062
4062
4062
4062
4061
4060
4059
4058
4058
4058
4058
4058
4058
4058
4056
4055
4055
4054
4053
4052
4052
4052
4052
4051
4051
4051
4051
4049
4049
4048
4048
4048
4047
4046
4046
4046
4045
4043
4042
4040
4040
4039
4039
4038
4036
4034
4033
4033
4033
4033
4032
4032
4031
4031
4029
4029
4028
4027
4026
4026
4025
4025
4025
4024
4023
4023
4023
4021
4021
4021
4021
4020
4020
4018
4018
4017
4017
4016
4016
4014
4013
4011
4010
4010
4009
4008
4008
4008
4007
4007
4006
4006
4006
4005
4004
4004
4004
4004
4003
4003
4002
4002
4002
4002
4001
4000
3999
3998
3997
3997
3994
3993
3993
3992
3992
3992
3990
3990
3989
3989
3988
3987
3986
3986
3986
3985
3983
3982
3982
3982
3981
3979
3979
3978
3978
3978
3977
3976
3975
3974
3973
3973
3973
3972
3972
3972
3970
3969
3968
3967
3967
3965
3965
3964
3963
3962
3961
3961
3960
3960
3960
3960
3959
3959
3958
3957
3957
3956
3955
3954
3954
3953
3953
3952
3952
3951
3950
3947
3947
3946
3946
3945
3944
3943
3941
3941
3940
3940
3940
3940
3939
3939
3939
3937
3937
3937
3937
3936
3936
3935
3934
3932
3932
3929
3928
3928
3927
3927
3926
3926
3926
3924
3923
3923
3923
3918
3917
3916
3916
3915
3915
3914
3914
3914
3914
3913
3912
3911
3911
3911
3911
3910
3910
3909
3908
3908
3908
3907
3907
3906
3906
3905
3905
3904
3903
3902
3902
3901
3901
3900
3899
3899
3898
3898
3898
3897
3897
3896
3896
3895
3895
3894
3894
3894
3893
3893
3892
3892
3892
3892
3892
3890
3890
3890
3889
3888
3888
3887
3887
3887
3886
3885
3883
3883
3881
3873
3880
3880
3879
3879
3876
3876
3875
3874
3872
3872
3871
3871
3870
3870
3869
3869
3869
3869
3869
3868
3868
3866
3866
3866
3865
3864
3864
3864
3864
3863
3863
3863
3861
3860
3859
3859
3858
3858
3857
3883
3857
3857
3857
3857
3856
3856
3851
3851
3851
3849
3847
3847
3847
3846
3844
3843
3843
3843
3842
3841
3841
3841
3840
3840
3840
3838
3838
3838
3838
3837
3837
3837
3836
3836
3836
3836
3835
3834
3834
3834
3834
3833
3832
3832
3832
3832
3831
3831
3831
3831
3830
3830
3830
3828
3831
3828
3826
3826
3826
3825
3824
3824
3823
3822
3822
3822
3822
3821
3820
3820
3818
3817
3817
3817
3817
3817
3816
3816
3815
3815
3814
3814
3814
3812
3812
3810
3810
3810
3810
3809
3809
3808
3808
3807
3806
3806
3806
3805
3805
3805
3805
3804
3804
3804
3803
3803
3803
3801
3801
3800
3800
3800
3800
3799
3799
3799
3797
3797
3796
3795
3794
3793
3793
3792
3792
3791
3791
3789
3789
3787
3786
3785
3785
3785
3784
3782
3782
3781
3781
3780
3780
3779
3779
3778
3776
3774
3774
3774
3774
3773
3773
3772
3772
3771
3770
3770
3769
3769
3767
3767
3766
3765
3762
3761
3761
3761
3761
3759
3748
3756
3756
3755
3755
3755
3754
3754
3753
3752
3752
3752
3751
3751
3750
3749
3749
3746
3746
3745
3744
3744
3743
3743
3742
3742
3740
3740
3740
3740
3739
3737
3736
3735
3735
3734
3733
3733
3732
3732
3732
3731
3731
3731
3730
3730
3730
3729
3729
3727
3727
3726
3726
3725
3724
3724
3724
3724
3724
3724
3724
3724
3723
3723
3723
3723
3723
3722
3720
3720
3720
3719
3719
3719
3718
3718
3717
3717
3716
3715
3714
3713
3711
3711
3710
3709
3709
3709
3708
3707
3707
3707
3706
3706
3705
3705
3704
3704
3703
3702
3700
3700
3699
3698
3697
3697
3696
3696
3695
3695
3695
3694
3693
3693
3692
3692
3691
3691
3691
3691
3690
3689
3689
3688
3687
3687
3687
3687
3687
3686
3686
3686
3686
3684
3684
3684
3683
3683
3682
3681
3681
3681
3681
3680
3679
3678
3678
3678
3678
3678
3677
3676
3675
3675
3674
3673
3673
3672
3672
3671
3671
3670
3670
3670
3669
3669
3668
3667
3666
3665
3664
3663
3662
3662
3662
3660
3660
3660
3660
3658
3658
3658
3657
3657
3656
3655
3655
3652
3652
3652
3651
3650
3650
3649
3648
3647
3645
3645
3644
3644
3644
3643
3642
3642
3641
3641
3640
3640
3640
3639
3638
3638
3633
3633
3633
3633
3632
3631
3631
3630
3630
3630
3630
3629
3628
3626
3626
3626
3625
3624
3624
3624
3623
3623
3622
3622
3622
3621
3621
3620
3618
3618
3618
3618
3617
3615
3615
3615
3615
3615
3615
3615
3614
3614
3614
3613
3613
3613
3613
3612
3612
3611
3611
3610
3610
3610
3610
3609
3609
3609
3608
3608
3608
3607
3607
3606
3606
3605
3605
3605
3605
3604
3604
3604
3604
3604
3602
3601
3601
3601
3600
3600
3600
3599
3598
3598
3597
3597
3596
3595
3595
3594
3593
3591
3591
3591
3591
3590
3589
3589
3588
3588
3587
3587
3587
3586
3586
3586
3586
3586
3585
3585
3585
3585
3584
3584
3584
3583
3583
3583
3581
3581
3580
3579
3577
3577
3577
3576
3576
3575
3573
3571
3570
3569
3566
3564
3563
3563
3563
3563
3562
3560
3559
3559
3559
3558
3558
3556
3555
3554
3554
3554
3554
3553
3552
3552
3548
3547
3547
3547
3546
3546
3546
3546
3545
3545
3543
3543
3543
3542
3540
3539
3539
3539
3538
3537
3536
3536
3536
3536
3534
3534
3533
3533
3532
3532
3531
3530
3530
3530
3529
3528
3528
3528
3527
3527
3527
3527
3527
3526
3526
3525
3525
3523
3523
3523
3523
3523
3522
3522
3522
3522
3522
3521
3520
3519
3519
3518
3518
3517
3517
3516
3515
3514
3514
3513
3512
3512
3511
3511
3511
3511
3510
3510
3510
3508
3507
3507
3507
3507
3507
3506
3506
3506
3506
3506
3505
3505
3503
3502
3502
3501
3501
3499
3499
3499
3499
3498
3498
3498
3497
3497
3496
3496
3496
3495
3495
3495
3494
3494
3493
3493
3492
3492
3491
3491
3491
3491
3490
3490
3490
3490
3490
3489
3487
3487
3486
3486
3485
3485
3485
3485
3484
3484
3484
3484
3484
3483
3483
3483
3482
3482
3482
3482
3482
3481
3481
3481
3480
3480
3479
3478
3478
3477
3476
3476
3476
3475
3475
3474
3474
3474
3473
3473
3473
3470
3469
3469
3469
3469
3467
3467
3466
3466
3465
3465
3463
3463
3463
3462
3461
3461
3460
3460
3460
3459
3459
3458
3458
3458
3457
3457
3457
3457
3457
3457
3455
3455
3455
3455
3453
3452
3452
3452
3452
3452
3452
3451
3451
3451
3450
3450
3450
3449
3448
3448
3448
3448
3446
3446
3446
3446
3445
3444
3443
3443
3443
3442
3442
3441
3441
3439
3438
3438
3436
3436
3435
3435
3435
3435
3434
3434
3434
3433
3432
3431
3430
3429
3429
3429
3429
3428
3428
3426
3426
3426
3425
3425
3424
3424
3424
3424
3424
3423
3423
3422
3421
3421
3421
3421
3432
3420
3420
3420
3420
3418
3418
3418
3417
3416
3416
3416
3415
3414
3413
3412
3412
3411
3410
3409
3409
3408
3408
3407
3405
3405
3405
3405
3405
3404
3404
3403
3403
3403
3402
3401
3401
3401
3401
3401
3401
3400
3400
3400
3399
3399
3399
3398
3397
3397
3397
3397
3396
3395
3395
3394
3405
3394
3394
3394
3394
3393
3392
3392
3392
3392
3391
3391
3390
3389
3388
3388
3388
3388
3388
3388
3387
3387
3387
3387
3387
3386
3386
3386
3385
3385
3384
3384
3384
3384
3384
3384
3383
3383
3383
3383
3383
3382
3382
3382
3381
3379
3379
3377
3377
3377
3375
3375
3374
3374
3374
3373
3373
3372
3372
3371
3371
3370
3370
3370
3369
3369
3369
3369
3369
3368
3368
3368
3368
3367
3366
3365
3365
3364
3363
3363
3362
3362
3362
3361
3359
3359
3358
3357
3357
3357
3356
3355
3354
3354
3353
3353
3352
3352
3352
3351
3351
3351
3350
3350
3348
3348
3347
3346
3345
3345
3344
3344
3343
3343
3343
3343
3342
3341
3341
3341
3340
3339
3339
3339
3339
3339
3337
3336
3336
3334
3333
3332
3332
3331
3330
3330
3330
3329
3329
3329
3328
3327
3326
3326
3326
3325
3325
3324
3323
3323
3323
3323
3322
3322
3322
3321
3321
3320
3320
3319
3319
3318
3318
3318
3318
3317
3316
3316
3316
3315
3315
3315
3314
3314
3313
3311
3311
3311
3311
3310
3310
3310
3309
3309
3308
3308
3308
3306
3305
3305
3304
3304
3304
3304
3303
3303
3303
3303
3303
3302
3301
3301
3301
3300
3300
3300
3299
3299
3298
3298
3297
3297
3297
3297
3296
3295
3295
3295
3294
3294
3293
3292
3292
3291
3291
3290
3290
3290
3289
3289
3288
3287
3286
3285
3284
3284
3283
3283
3282
3282
3282
3282
3282
3279
3279
3279
3278
3278
3277
3277
3277
3277
3276
3276
3276
3274
3274
3274
3274
3273
3273
3272
3271
3271
3270
3270
3270
3269
3268
3268
3268
3267
3266
3265
3264
3263
3263
3262
3261
3260
3260
3259
3261
3259
3259
3258
3258
3257
3256
3256
3254
3254
3253
3252
3252
3251
3251
3250
3250
3250
3250
3250
3250
3250
3249
3249
3249
3249
3248
3247
3246
3246
3246
3246
3245
3243
3243
3242
3242
3241
3240
3240
3239
3239
3238
3238
3237
3237
3236
3236
3236
3234
3233
3233
3233
3232
3231
3231
3231
3231
3230
3230
3230
3230
3230
3229
3229
3229
3228
3228
3228
3228
3226
3226
3225
3224
3224
3224
3224
3223
3223
3222
3221
3220
3220
3220
3219
3219
3219
3219
3218
3217
3217
3214
3214
3214
3213
3213
3213
3213
3212
3212
3211
3210
3208
3208
3208
3208
3208
3207
3205
3203
3202
3202
3202
3202
3202
3200
3200
3200
3199
3199
3198
3198
3197
3197
3197
3197
3196
3196
3195
3194
3193
3193
3192
3192
3191
3191
3191
3191
3191
3191
3190
3190
3189
3189
3188
3188
3188
3187
3187
3186
3186
3185
3184
3184
3184
3184
3184
3183
3182
3182
3181
3181
3181
3181
3180
3179
3179
3179
3178
3178
3177
3177
3177
3177
3176
3176
3176
3175
3175
3174
3174
3174
3174
3173
3172
3172
3171
3170
3170
3169
3168
3168
3168
3168
3168
3168
3167
3167
3167
3166
3166
3166
3166
3165
3165
3165
3165
3165
3164
3164
3162
3162
3162
3162
3161
3161
3160
3159
3159
3158
3157
3157
3157
3157
3156
3156
3156
3155
3155
3155
3155
3155
3155
3155
3154
3154
3154
3153
3153
3153
3153
3152
3152
3151
3151
3151
3150
3150
3149
3149
3149
3149
3149
3149
3148
3148
3147
3147
3146
3146
3145
3145
3145
3144
3144
3143
3143
3142
3142
3141
3140
3139
3139
3139
3139
3138
3137
3137
3137
3135
3134
3133
3132
3131
3131
3131
3131
3130
3130
3130
3129
3129
3128
3128
3128
3128
3127
3134
3126
3125
3125
3125
3125
3125
3125
3124
3123
3123
3122
3122
3122
3121
3120
3120
3120
3119
3119
3118
3117
3117
3117
3116
3116
3116
3116
3116
3114
3114
3114
3113
3113
3112
3112
3112
3111
3111
3111
3110
3110
3110
3110
3109
3109
3109
3108
3108
3107
3107
3106
3105
3105
3104
3104
3103
3103
3103
3102
3102
3101
3101
3101
3099
3099
3098
3098
3098
3097
3097
3097
3097
3095
3095
3095
3095
3094
3094
3093
3093
3093
3092
3092
3092
3091
3091
3090
3089
3089
3089
3088
3088
3088
3088
3088
3087
3087
3087
3086
3086
3086
3086
3085
3085
3084
3086
3084
3083
3083
3082
3082
3081
3081
3081
3080
3080
3079
3078
3078
3077
3077
3077
3076
3076
3076
3076
3075
3075
3075
3075
3074
3074
3074
3074
3073
3073
3073
3072
3072
3070
3070
3069
3069
3069
3069
3069
3069
3067
3067
3066
3065
3065
3065
3065
3064
3064
3063
3063
3062
3061
3061
3061
3061
3060
3060
3058
3058
3058
3058
3057
3056
3056
3055
3055
3054
3053
3053
3053
3053
3053
3052
3052
3052
3051
3051
3050
3049
3049
3049
3049
3047
3047
3047
3047
3045
3044
3044
3044
3043
3043
3042
3042
3041
3041
3040
3040
3039
3039
3039
3039
3038
3038
3038
3038
3038
3037
3037
3037
3036
3035
3035
3033
3032
3032
3032
3032
3032
3032
3031
3031
3031
3031
3030
3030
3030
3028
3028
3028
3028
3027
3026
3026
3026
3026
3026
3026
3025
3024
3024
3024
3024
3024
3024
3023
3023
3023
3023
3023
3022
3021
3021
3021
3021
3020
3020
3019
3019
3019
3018
3018
3017
3017
3017
3016
3016
3016
3016
3016
3016
3014
3013
3013
3013
3012
3012
3012
3011
3010
3009
3009
3008
3008
3008
3008
3007
3007
3007
3007
3006
3006
3006
3006
3005
3005
3005
3004
3004
3003
3002
3002
3002
3001
3001
3000
3000
3000
3000
3000
