189314
114314
103202
103048
98580
88023
74630
66367
62561
59958
59719
57954
57143
54535
48387
45767
44887
42097
40176
38932
38560
37907
37463
34681
34546
34304
34189
33353
30756
29953
29769
29567
29530
29439
28716
28004
27550
27466
27234
27106
26651
26494
26247
26161
25936
25639
25287
24476
24305
23967
23166
23123
22963
22732
22512
22118
22075
21879
21540
21019
21019
21016
20867
20665
20474
20237
19485
19393
19152
18995
18906
18486
18210
18010
17980
17526
17363
17334
17236
16969
16805
16563
16493
16294
16286
16263
16068
15986
15926
15761
15469
15295
15267
15048
14983
14920
14666
14605
14541
14509
14422
14290
14278
14099
14085
13989
13965
13894
13831
13684
13460
13428
13412
13397
13207
13131
12829
12788
12767
12588
12572
12340
12325
12315
12215
12205
12156
12106
12062
12052
12034
12028
12000
11981
11978
11874
11869
11770
11744
11739
11738
11671
11535
11433
11375
11257
11245
11233
11188
11168
11151
11132
11107
11062
11048
11034
11030
11014
10975
10938
10923
10884
10870
10867
10843
10796
10691
10684
10678
10620
10615
10576
10521
10502
10456
10423
10360
10324
10293
10259
10220
10184
10177
10151
10150
10147
10123
10120
10110
10089
10071
10064
10043
10027
10001
9949
9930
9919
9884
9843
9838
9813
9772
9771
9758
9732
9729
9633
9599
9597
9490
9466
9449
9393
9382
9376
9368
9367
9357
9333
9330
9288
9221
9216
9140
9132
9108
9045
9042
9029
8996
8981
8911
8866
8860
8840
8813
8779
8752
8749
8744
8735
8725
8710
8705
8671
8650
8597
8472
8444
8364
8332
8218
8189
8175
8166
8161
8159
8134
8067
8036
7985
7967
7963
7930
7907
7875
7862
7808
7776
7764
7729
7724
7714
7692
7674
7652
7641
7629
7626
7613
7601
7563
7547
7543
7532
7525
7485
7475
7466
7460
7453
7441
7439
7413
7390
7353
7351
7347
7347
7339
7319
7299
7281
7272
7249
7231
7194
7184
7172
7170
7167
7161
7129
7109
7077
7059
7056
7028
7026
6999
6999
6995
6994
6972
6971
6940
6933
6928
6907
6904
6897
6879
6877
6869
6849
6848
6831
6807
6803
6792
6742
6739
6704
6691
6690
6660
6651
6645
6644
6636
6630
6625
6590
6573
6572
6568
6558
6555
6463
6455
6450
6436
6430
6388
6385
6381
6362
6358
6331
6327
6324
6316
6307
6298
6291
6288
6283
6282
6276
6271
6271
6260
6249
6236
6228
6220
6199
6196
6178
6175
6166
6125
6120
6114
6095
6086
6065
6060
6059
6055
6052
6051
6045
6044
6037
6036
6029
6026
6019
6000
5996
5993
5966
5946
5909
5903
5888
5881
5864
5854
5852
5844
5839
5793
5781
5756
5744
5739
5726
5726
5721
5705
5699
5679
5678
5663
5660
5657
5641
5633
5629
5624
5583
5576
5566
5564
5543
5541
5539
5538
5537
5536
5535
5532
5511
5510
5489
5468
5465
5453
5448
5442
5440
5437
5434
5400
5390
5390
5386
5367
5366
5361
5357
5356
5355
5341
5319
5319
5305
5303
5298
5297
5293
5293
5277
5273
5268
5259
5257
5256
5249
5246
5234
5225
5209
5207
5205
5197
5195
5189
5179
5166
5163
5153
5137
5128
5112
5101
5095
5094
5091
5090
5073
5071
5067
5064
5052
5033
5024
5022
5018
5007
5005
5003
5001
4990
4989
4987
4981
4979
4976
4968
4965
4962
4950
4938
4931
4925
4925
4915
4915
4908
4903
4899
4885
4884
4872
4862
4861
4852
4842
4839
4833
4831
4830
4830
4820
4818
4811
4797
4795
4794
4793
4785
4768
4748
4738
4735
4719
4719
4717
4706
4690
4688
4678
4669
4652
4645
4643
4638
4636
4632
4624
4624
4610
4601
4601
4592
4591
4591
4589
4588
4588
4587
4584
4584
4582
4580
4578
4577
4565
4561
4558
4557
4542
4540
4538
4538
4538
4528
4528
4528
4522
4505
4505
4482
4480
4473
4469
4463
4461
4437
4428
4428
4426
4413
4410
4407
4404
4401
4399
4392
4389
4380
4366
4363
4356
4354
4353
4344
4341
4339
4333
4332
4326
4325
4324
4320
4313
4312
4309
4308
4308
4300
4293
4292
4288
4286
4286
4280
4280
4278
4267
4265
4263
4259
4255
4254
4251
4233
4232
4228
4226
4221
4221
4211
4200
4196
4191
4191
4184
4183
4173
4172
4166
4162
4155
4154
4149
4143
4139
4139
4135
4134
4122
4113
4108
4107
4103
4101
4099
4096
4093
4084
4083
4082
4081
4072
4071
4061
4058
4057
4049
4047
4042
4037
4037
4032
4031
4029
4025
4025
4023
4022
4022
4002
4002
3993
3993
3990
3981
3980
3975
3974
3972
3971
3970
3967
3961
3960
3960
3950
3950
3949
3949
3945
3945
3940
3934
3922
3921
3921
3919
3908
3907
3905
3902
3902
3895
3887
3877
3870
3869
3862
3862
3856
3853
3853
3851
3848
3844
3844
3840
3840
3837
3831
3827
3827
3823
3822
3822
3818
3817
3814
3813
3805
3804
3801
3799
3796
3782
3780
3778
3776
3771
3768
3764
3764
3762
3758
3754
3750
3740
3739
3738
3738
3737
3736
3736
3728
3719
3718
3717
3715
3711
3709
3707
3697
3695
3694
3694
3692
3690
3688
3686
3681
3681
3680
3676
3676
3672
3671
3671
3665
3658
3657
3657
3657
3654
3652
3644
3644
3642
3625
3619
3618
3617
3614
3614
3610
3603
3600
3599
3599
3596
3594
3592
3588
3575
3573
3571
3570
3566
3565
3557
3554
3550
3549
3547
3544
3535
3535
3531
3531
3527
3524
3522
3516
3502
3501
3500
3499
3499
3484
3483
3482
3479
3476
3474
3474
3473
3471
3468
3464
3450
3450
3449
3448
3442
3442
3442
3441
3440
3436
3430
3423
3412
3410
3410
3409
3406
3404
3403
3401
3397
3394
3379
3378
3378
3374
3369
3369
3368
3365
3365
3363
3363
3362
3357
3356
3337
3335
3327
3326
3320
3317
3299
3295
3292
3287
3286
3279
3278
3278
3274
3269
3259
3256
3249
3248
3247
3247
3246
3246
3244
3244
3244
3239
3234
3230
3230
3230
3229
3216
3212
3211
3210
3207
3207
3205
3203
3200
3198
3198
3195
3194
3192
3190
3190
3189
3183
3182
3181
3178
3178
3174
3173
3172
3171
3170
3170
3169
3168
3168
3167
3164
3162
3160
3160
3152
3152
3150
3148
3142
3137
3135
3130
3128
3127
3119
3119
3117
3111
3111
3109
3107
3105
3104
3101
3097
3095
3095
3094
3092
3085
3084
3082
3082
3082
3081
3080
3079
3079
3077
3074
3071
3070
3067
3065
3064
3063
3062
3061
3060
3059
3059
3058
3058
3057
3057
3055
3055
3054
3054
3052
3045
3051
3038
3034
3033
3030
3030
3028
3028
3027
3027
3026
3026
3026
3019
3010
3004
3004
3002
3000
3000
