333342
268322
246227
237709
201607
165960
150300
149387
148585
147189
135678
131143
122940
119905
119348
119015
118457
117979
116651
116644
114229
113383
113311
110483
109629
109423
109387
109105
108776
106924
99562
98875
97984
93702
93290
93152
90624
90082
87246
85262
84629
84547
83026
80691
79549
79199
78387
78297
76841
76388
74534
73470
72668
72501
72064
71317
70002
69350
67594
66860
66508
66420
66296
65290
65252
65064
64942
64465
64057
63594
61604
61531
61307
61241
60824
60637
60591
60560
60205
59951
59807
59217
59193
59077
58722
57902
57842
57509
57415
57380
56889
56022
55865
55631
55627
55036
54991
54571
53955
53870
53053
52887
52863
52268
52109
51977
51765
51665
51571
51408
51307
51204
50873
50451
50259
50256
50208
50165
50031
49879
49708
49687
49380
49282
49223
49204
49180
49170
48788
48755
48607
48607
48579
48272
47352
47173
47154
47111
47018
46993
46974
46938
46773
46666
46320
46228
46180
46126
45903
45858
45664
45610
45368
45328
45078
44839
44786
44752
44491
44376
44164
44122
44026
43676
43417
43411
43068
42986
42662
42479
42478
42323
42248
42236
42193
42163
41305
41246
41148
40794
40446
40250
40204
39961
39894
39869
39844
39770
39742
39636
39474
39460
39450
39233
38728
38671
38481
38149
38069
37713
37455
37391
37298
37171
37070
36872
36836
36711
36610
36511
36430
36334
36107
36097
36001
35800
35790
35622
35495
35412
35287
35190
35003
34953
34944
34901
34786
34714
34679
34637
34545
34445
34413
34351
34331
34223
34222
34205
34054
34020
33916
33869
33850
33848
33759
33664
33545
33308
33297
33274
33265
33221
33162
33152
33090
32772
32718
32503
32458
32324
32167
32116
32088
32004
31996
31835
31806
31785
31774
31768
31656
31623
31616
31517
31471
31258
31117
31092
31033
30809
30686
30672
30656
30656
30635
30612
30604
30564
30563
30540
30217
30172
30137
30094
30035
30013
29896
29863
29751
29643
29592
29521
29477
29429
29397
29335
29331
29309
29309
29304
29299
29275
29272
29240
29046
28999
28995
28870
28850
28823
28806
28734
28625
28570
28558
28543
28506
28303
28225
28118
28109
28084
28066
27985
27961
27898
27893
27822
27690
27644
27641
27630
27503
27480
27416
27365
27344
27258
27173
27171
27109
27082
27039
27010
26970
26899
26874
26832
26732
26729
26720
26673
26670
26648
26645
26619
26595
26516
26472
26461
26437
26426
26412
26361
26290
26264
26193
26122
26120
25964
25924
25917
25912
25874
25855
25824
25762
25725
25709
25658
25657
25635
25552
25512
25420
25353
25351
25338
25328
25296
25284
25283
25272
25186
25160
25075
24993
24972
24876
24783
24765
24739
24681
24676
24666
24631
24619
24594
24562
24435
24422
24383
24331
24327
24319
24316
24270
24245
24244
24158
24157
24137
24128
24119
24114
24087
24045
24026
24010
23964
23901
23721
23692
23674
23672
23660
23660
23595
23443
23441
23431
23399
23396
23329
23240
23234
23198
23151
23129
23071
23025
22995
22982
22918
22915
22904
22880
22860
22837
22824
22788
22766
22762
22757
22756
22707
22693
22675
22665
22639
22591
22579
22567
22511
22411
22399
22399
22372
22360
22345
22319
22309
22308
22281
22253
22243
22243
22173
22171
22164
22163
22136
22133
22085
22038
22010
21975
21911
21898
21876
21873
21865
21850
21832
21752
21730
21658
21647
21518
21516
21511
21496
21492
21485
21431
21408
21333
21266
21260
21215
21158
21142
21073
21066
21063
21062
21049
20981
20973
20967
20910
20877
20869
20857
20841
20841
20828
20805
20694
20666
20643
20594
20591
20581
20531
20506
20475
20456
20435
20390
20365
20361
20330
20315
20302
20300
20279
20266
20238
20231
20178
20152
20143
20111
20095
20089
20080
20062
20044
20015
19998
19980
19972
19969
19931
19927
19911
19894
19884
19871
19854
19853
19840
19807
19781
19771
19744
19737
19660
19635
19617
19597
19575
19570
19569
19530
19522
19492
19463
19457
19422
19406
19332
19308
19307
19270
19250
19245
19234
19223
19209
19145
19141
19139
19122
19112
19108
19084
19064
19029
19023
19005
19001
18994
18992
18980
18974
18971
18965
18895
18891
18887
18879
18839
18821
18812
18807
18779
18756
18706
18697
18695
18691
18663
18623
18616
18596
18574
18568
18543
18542
18538
18509
18493
18437
18435
18426
18407
18386
18385
18384
18349
18340
18300
18293
18284
18281
18280
18278
18274
18254
18237
18231
18228
18194
18149
18149
18148
18132
18127
18119
18109
18108
18104
18060
18050
18053
18033
17936
17931
17906
17903
17890
17874
17872
17871
17844
17843
17841
17832
17817
17811
17798
17786
17784
17781
17762
17744
17731
17725
17704
17673
17634
17581
17577
17569
17556
17516
17516
17500
17447
17435
17426
17419
17419
17395
17356
17349
17347
17342
17312
17296
17294
17266
17230
17229
17194
17165
17147
17138
17137
17133
17117
17116
17073
17068
17058
17049
17045
17023
17020
17018
16990
16965
16961
16949
16931
16929
16919
16915
16902
16901
16851
16823
16809
16802
16781
16779
16774
16759
16741
16736
16730
16729
16726
16685
16678
16674
16664
16627
16610
16594
16589
16587
16570
16562
16560
16559
16547
16546
16542
16541
16537
16528
16522
16510
16489
16463
16462
16458
16447
16427
16420
16402
16399
16392
16385
16361
16361
16354
16351
16349
16347
16346
16344
16342
16290
16268
16255
16252
16234
16203
16191
16186
16185
16172
16166
16161
16142
16142
16139
16116
16099
16089
16087
16042
16020
16013
16001
15993
15974
15938
15933
15867
15854
15842
15835
15811
15789
15782
15782
15763
15757
15745
15739
15724
15721
15718
15684
15638
15627
15618
15539
15531
15525
15525
15511
15502
15474
15467
15456
15454
15452
15447
15431
15423
15398
15388
15380
15375
15369
15366
15352
15330
15320
15318
15317
15313
15310
15306
15271
15246
15235
15232
15221
15219
15218
15213
15171
15147
15142
15133
15123
15116
15112
15107
15105
15100
15071
15041
15037
15023
14992
14972
14968
14964
14955
14951
14946
14927
14919
14914
14900
14893
14892
14892
14892
14855
14849
14825
14825
14813
14808
14783
14767
14764
14758
14752
14750
14739
14731
14728
14717
14697
14693
14686
14677
14669
14666
14664
14660
14654
14653
14644
14637
14615
14613
14607
14577
14569
14563
14553
14535
14534
14533
14523
14523
14513
14500
14493
14491
14479
14477
14468
14463
14451
14446
14444
14417
14401
14389
14388
14387
14374
14373
14371
14321
14314
14309
14294
14281
14279
14275
14261
14258
14251
14247
14236
14228
14220
14219
14219
14199
14191
14166
14154
14145
14141
14135
14105
14102
14091
14085
14082
14068
14068
14062
14010
14003
13984
13981
13981
13978
13975
13974
13963
13959
13948
13939
13933
13924
13920
13919
13909
13884
13870
13865
13864
13856
13844
13844
13841
13823
13806
13802
13800
13790
13785
13781
13769
13767
13766
13755
13749
13746
13732
13729
13720
13718
13716
13712
13709
13704
13693
13682
13675
13657
13655
13616
13588
13587
13571
13569
13545
13541
13540
13531
13467
13463
13457
13443
13442
13422
13405
13401
13398
13390
13383
13376
13372
13372
13356
13356
13331
13330
13329
13320
13288
13286
13285
13279
13269
13268
13266
13263
13255
13246
13244
13244
13239
13237
13218
13216
13192
13189
13179
13141
13137
13119
13111
13109
13081
13069
13055
13046
13045
13035
13024
13014
13002
12998
12998
12985
12983
12981
12953
12953
12928
12926
12925
12921
12921
12908
12896
12894
12893
12861
12849
12847
12835
12808
12796
12794
12786
12782
12771
12759
12758
12748
12745
12740
12740
12723
12712
12707
12701
12696
12681
12678
12667
12659
12654
12652
12652
12637
12634
12630
12627
12615
12614
12612
12609
12600
12598
12594
12586
12581
12576
12575
12574
12573
12571
12564
12554
12537
12534
12525
12521
12510
12497
12495
12495
12476
12475
12470
12460
12449
12438
12437
12420
12408
12406
12405
12402
12391
12389
12356
12353
12346
12337
12319
12318
12298
12297
12297
12292
12288
12286
12268
12263
12256
12254
12251
12246
12234
12233
12226
12218
12217
12211
12180
12180
12175
12171
12164
12164
12156
12154
12145
12141
12141
12140
12138
12136
12125
12121
12120
12114
12111
12105
12103
12101
12098
12093
12091
12083
12079
12069
12066
12062
12055
12053
12042
12028
12003
11993
11992
11991
11987
11967
11951
11949
11934
11931
11911
11905
11898
11894
11893
11891
11887
11885
11877
11863
11858
11857
11850
11842
11840
11838
11830
11821
11817
11816
11815
11787
11783
11778
11775
11773
11748
11744
11738
11735
11717
11708
11701
11687
11686
11686
11684
11678
11677
11668
11666
11664
11660
11654
11651
11650
11649
11649
11644
11633
11629
11621
11615
11611
11609
11605
11604
11595
11595
11575
11573
11573
11572
11568
11563
11532
11528
11528
11508
11507
11506
11503
11499
11497
11488
11466
11461
11459
11459
11458
11453
11451
11449
11442
11439
11426
11419
11411
11408
11404
11376
11368
11367
11355
11345
11340
11340
11334
11323
11311
11307
11304
11302
11299
11298
11288
11281
11280
11275
11265
11250
11248
11241
11235
11233
11232
11220
11218
11215
11210
11210
11209
11201
11199
11197
11194
11178
11177
11176
11160
11159
11156
11146
11141
11133
11120
11117
11115
11115
11112
11111
11105
11101
11094
11082
11078
11064
11060
11060
11056
11051
11046
11026
11024
11024
11022
11021
11017
11016
11016
11013
11007
11005
11002
10999
10997
10994
10993
10986
10977
10969
10969
10959
10942
10936
10932
10926
10923
10919
10909
10897
10895
10891
10882
10881
10870
10870
10860
10841
10837
10818
10807
10807
10802
10797
10792
10791
10790
10787
10785
10785
10783
10773
10767
10757
10756
10751
10747
10736
10729
10728
10728
10725
10722
10716
10716
10716
10710
10705
10701
10700
10699
10698
10692
10690
10683
10680
10680
10675
10671
10671
10665
10633
10626
10624
10612
10609
10608
10607
10602
10599
10597
10595
10594
10587
10583
10581
10580
10579
10577
10571
10562
10546
10545
10541
10538
10535
10527
10519
10514
10506
10504
10503
10503
10503
10498
10495
10486
10485
10482
10481
10474
10473
10473
10473
10469
10464
10450
10441
10439
10436
10425
10424
10418
10417
10416
10399
10396
10395
10385
10381
10373
10371
10365
10364
10364
10364
10361
10349
10340
10339
10333
10328
10327
10326
10293
10286
10272
10270
10268
10267
10266
10266
10251
10243
10240
10240
10239
10232
10231
10231
10229
10226
10222
10219
10209
10207
10207
10200
10192
10187
10185
10185
10180
10178
10173
10172
10172
10164
10148
10146
10143
10139
10136
10134
10125
10124
10119
10108
10105
10100
10098
10096
10090
10089
10087
10080
10080
10074
10066
10066
10063
10053
10050
10044
10043
10029
10025
10022
10019
10017
10017
10014
10012
10008
10001
9996
9991
9986
9984
9983
9981
9979
9977
9973
9973
9971
9969
9969
9960
9960
9959
9956
9952
9950
9940
9939
9937
9914
9914
9913
9903
9901
9900
9898
9887
9885
9883
9877
9872
9871
9869
9866
9866
9863
9860
9849
9844
9838
9837
9834
9832
9829
9829
9817
9815
9806
9805
9805
9800
9796
9786
9781
9768
9766
9764
9742
9737
9737
9736
9735
9729
9722
9713
9712
9712
9706
9706
9696
9688
9678
9671
9671
9665
9665
9661
9655
9649
9644
9641
9639
9639
9638
9629
9627
9621
9618
9614
9613
9611
9610
9603
9602
9601
9601
9600
9596
9592
9584
9580
9578
9567
9566
9565
9563
9555
9553
9547
9546
9545
9542
9540
9525
9517
9516
9514
9502
9493
9489
9488
9487
9486
9475
9470
9463
9454
9453
9450
9449
9449
9446
9431
9426
9420
9415
9407
9401
9386
9382
9381
9364
9361
9360
9357
9354
9352
9352
9348
9340
9340
9339
9336
9332
9330
9327
9327
9327
9323
9319
9318
9318
9317
9317
9315
9311
9310
9310
9309
9297
9294
9287
9286
9284
9278
9269
9264
9262
9260
9259
9253
9252
9243
9238
9233
9231
9228
9228
9228
9227
9227
9225
9223
9218
9218
9216
9215
9215
9214
9207
9204
9200
9200
9196
9194
9193
9192
9183
9183
9170
9169
9168
9157
9139
9137
9134
9130
9126
9124
9124
9121
9121
9120
9113
9112
9108
9105
9099
9096
9095
9093
9092
9092
9085
9085
9083
9081
9078
9077
9077
9075
9074
9072
9071
9071
9068
9064
9063
9057
9055
9049
9045
9044
9043
9040
9037
9033
9018
9015
9013
9012
9001
8995
8990
8989
8989
8987
8986
8985
8983
8979
8977
8974
8969
8968
8967
8966
8963
8957
8955
8947
8945
8944
8940
8939
8935
8933
8933
8932
8932
8930
8923
8902
8899
8897
8894
8891
8890
8888
8888
8885
8882
8880
8877
8860
8850
8849
8846
8845
8843
8842
8833
8829
8822
8820
8820
8815
8811
8806
8802
8799
8794
8790
8786
8786
8783
8782
8778
8777
8776
8767
8766
8764
8761
8760
8757
8755
8755
8753
8752
8752
8747
8741
8740
8739
8729
8728
8727
8726
8723
8718
8709
8704
8695
8690
8686
8685
8684
8668
8662
8661
8659
8649
8648
8646
8645
8643
8631
8623
8618
8615
8614
8607
8607
8605
8605
8589
8588
8579
8578
8572
8569
8564
8557
8556
8555
8545
8542
8538
8535
8529
8526
8526
8524
8522
8519
8515
8514
8514
8513
8511
8509
8503
8501
8490
8488
8488
8484
8484
8484
8483
8483
8478
8476
8476
8473
8465
8460
8459
8455
8455
8452
8452
8448
8448
8439
8435
8435
8431
8425
8424
8423
8423
8419
8418
8417
8416
8414
8411
8407
8399
8390
8389
8387
8385
8378
8378
8376
8375
8373
8373
8371
8370
8369
8369
8369
8365
8364
8362
8361
8357
8356
8356
8355
8353
8352
8344
8343
8340
8336
8333
8331
8328
8327
8327
8323
8321
8321
8310
8309
8299
8294
8294
8293
8290
8287
8284
8274
8273
8272
8267
8256
8253
8252
8251
8246
8244
8243
8243
8243
8241
8233
8232
8231
8230
8229
8228
8228
8228
8228
8220
8218
8210
8207
8204
8202
8198
8196
8192
8191
8190
8190
8187
8186
8184
8182
8179
8176
8175
8173
8173
8171
8170
8167
8167
8163
8161
8160
8160
8159
8155
8151
8148
8147
8140
8140
8139
8138
8134
8130
8125
8124
8119
8117
8116
8114
8112
8111
8102
8099
8099
8098
8091
8083
8081
8081
8079
8076
8073
8072
8069
8069
8068
8067
8065
8051
8046
8043
8041
8040
8040
8036
8034
8032
8024
8023
8022
8021
8017
8017
8015
8015
8009
8007
8006
8006
8000
7997
7996
7996
7992
7988
7987
7987
7983
7980
7977
7977
7974
7974
7966
7964
7961
7959
7953
7949
7947
7947
7946
7943
7931
7927
7925
7925
7918
7916
7906
7901
7899
7896
7893
7891
7888
7888
7888
7887
7882
7881
7881
7880
7879
7877
7877
7876
7872
7868
7866
7865
7857
7855
7855
7849
7847
7841
7840
7825
7824
7824
7822
7820
7819
7814
7814
7810
7807
7801
7800
7796
7795
7789
7781
7778
7774
7774
7771
7770
7768
7768
7763
7762
7761
7761
7759
7759
7752
7751
7750
7749
7748
7747
7746
7743
7743
7743
7740
7740
7733
7730
7729
7727
7727
7721
7716
7709
7707
7706
7706
7705
7705
7704
7704
7703
7702
7701
7700
7699
7698
7694
7694
7693
7687
7686
7681
7679
7675
7675
7672
7669
7669
7668
7663
7662
7647
7647
7647
7644
7640
7634
7633
7633
7633
7627
7624
7622
7621
7619
7613
7611
7608
7606
7606
7603
7600
7591
7587
7586
7584
7581
7579
7576
7574
7564
7558
7557
7556
7556
7556
7554
7553
7549
7546
7544
7543
7541
7535
7532
7532
7529
7526
7522
7521
7520
7520
7520
7518
7515
7511
7510
7510
7510
7509
7498
7497
7496
7475
7495
7493
7492
7492
7490
7484
7481
7477
7476
7476
7474
7470
7469
7469
7467
7467
7464
7459
7458
7457
7456
7456
7454
7453
7452
7448
7448
7443
7443
7441
7439
7437
7436
7433
7431
7428
7427
7422
7419
7418
7418
7414
7412
7408
7408
7404
7404
7401
7399
7398
7397
7394
7390
7388
7384
7383
7381
7379
7375
7373
7372
7372
7372
7370
7369
7368
7362
7358
7357
7355
7354
7352
7349
7348
7347
7342
7341
7340
7340
7339
7337
7334
7333
7332
7327
7327
7326
7318
7317
7315
7313
7313
7313
7309
7307
7306
7305
7304
7300
7297
7295
7293
7287
7285
7284
7283
7283
7279
7279
7279
7276
7275
7271
7270
7269
7268
7267
7266
7264
7260
7256
7255
7250
7248
7247
7245
7244
7244
7241
7237
7236
7235
7235
7234
7233
7228
7224
7224
7222
7221
7219
7217
7216
7212
7210
7209
7209
7208
7207
7203
7197
7196
7194
7192
7191
7188
7187
7180
7179
7179
7178
7172
7170
7168
7164
7164
7163
7162
7156
7150
7146
7145
7144
7144
7142
7139
7135
7135
7135
7130
7125
7124
7121
7121
7120
7115
7114
7113
7109
7108
7107
7104
7100
7099
7099
7094
7094
7093
7093
7092
7090
7088
7087
7084
7080
7080
7078
7077
7076
7076
7074
7074
7073
7073
7073
7071
7070
7069
7065
7062
7059
7059
7058
7057
7053
7051
7045
7042
7042
7042
7036
7036
7033
7033
7033
7030
7030
7029
7026
7026
7025
7022
7019
7015
7013
7013
7012
7011
7009
7002
7001
6995
6995
6994
6990
6986
6986
6982
6981
6977
6976
6974
6974
6969
6968
6967
6964
6964
6956
6956
6953
6953
6952
6952
6950
6946
6944
6943
6943
6942
6940
6939
6938
6936
6934
6933
6931
6930
6929
6928
6926
6925
6924
6922
6922
6921
6919
6918
6915
6911
6907
6907
6907
6906
6903
6898
6898
6897
6897
6894
6892
6892
6891
6891
6888
6888
6887
6887
6883
6883
6883
6883
6883
6882
6882
6882
6879
6878
6875
6872
6869
6868
6867
6867
6867
6866
6864
6863
6862
6862
6862
6860
6857
6854
6853
6852
6849
6845
6845
6843
6843
6839
6838
6838
6837
6834
6832
6830
6830
6828
6826
6825
6824
6821
6814
6813
6811
6809
6809
6808
6808
6808
6806
6806
6801
6800
6800
6799
6796
6793
6792
6792
6791
6789
6788
6786
6786
6786
6781
6779
6777
6775
6774
6773
6766
6765
6764
6763
6762
6761
6759
6758
6758
6752
6751
6751
6750
6747
6747
6746
6745
6743
6742
6742
6741
6740
6738
6737
6736
6734
6733
6731
6728
6728
6721
6719
6719
6719
6718
6717
6715
6713
6710
6708
6707
6705
6703
6700
6698
6697
6696
6695
6693
6693
6689
6682
6681
6680
6679
6679
6677
6674
6672
6672
6672
6669
6666
6665
6664
6664
6663
6663
6658
6653
6651
6650
6649
6644
6638
6636
6633
6633
6633
6632
6632
6631
6631
6628
6626
6626
6624
6623
6618
6618
6616
6616
6615
6614
6612
6612
6608
6608
6606
6606
6601
6600
6599
6598
6598
6594
6593
6592
6590
6589
6589
6585
6579
6576
6575
6573
6572
6567
6565
6564
6562
6562
6562
6561
6557
6554
6554
6554
6552
6551
6550
6548
6547
6546
6544
6543
6543
6542
6538
6538
6537
6537
6536
6535
6531
6528
6528
6527
6526
6523
6523
6523
6522
6520
6518
6514
6514
6513
6513
6512
6510
6507
6506
6505
6504
6504
6503
6502
6492
6491
6491
6491
6490
6487
6487
6486
6485
6485
6485
6483
6481
6479
6478
6476
6476
6475
6474
6471
6470
6465
6463
6462
6458
6458
6457
6457
6457
6455
6455
6453
6452
6447
6447
6445
6442
6441
6438
6435
6434
6434
6432
6431
6428
6428
6424
6423
6423
6422
6422
6416
6416
6414
6414
6413
6412
6410
6410
6409
6407
6407
6403
6402
6395
6395
6394
6394
6393
6393
6393
6392
6392
6391
6389
6387
6386
6382
6382
6381
6380
6380
6379
6378
6378
6377
6373
6373
6372
6369
6369
6369
6367
6366
6365
6362
6361
6360
6359
6356
6353
6350
6349
6345
6342
6342
6341
6341
6339
6339
6339
6335
6334
6334
6333
6332
6332
6329
6327
6325
6323
6322
6322
6321
6319
6318
6318
6315
6315
6313
6313
6313
6312
6311
6309
6307
6306
6306
6305
6305
6304
6304
6304
6304
6301
6296
6294
6291
6284
6283
6280
6280
6279
6278
6278
6276
6274
6273
6272
6270
6264
6257
6253
6252
6244
6241
6241
6241
6241
6240
6234
6232
6230
6230
6229
6229
6228
6226
6226
6225
6223
6219
6216
6216
6214
6209
6209
6207
6206
6204
6202
6200
6199
6199
6198
6196
6195
6193
6189
6189
6186
6186
6185
6184
6183
6180
6178
6178
6178
6178
6178
6177
6177
6170
6168
6168
6167
6165
6164
6163
6161
6161
6160
6159
6159
6159
6156
6154
6152
6149
6145
6145
6144
6144
6144
6141
6141
6136
6135
6130
6129
6129
6129
6128
6125
6125
6122
6121
6120
6116
6116
6114
6114
6112
6112
6111
6108
6108
6108
6107
6107
6107
6103
6103
6099
6098
6096
6096
6095
6093
6093
6092
6092
6089
6089
6088
6087
6087
6086
6084
6079
6079
6076
6075
6073
6072
6072
6067
6065
6063
6062
6062
6061
6061
6056
6056
6056
6056
6055
6053
6053
6050
6050
6049
6046
6045
6044
6044
6044
6043
6041
6041
6041
6039
6038
6036
6036
6036
6035
6033
6029
6029
6028
6025
6024
6024
6024
6024
6024
6021
6021
6021
6015
6015
6014
6014
6013
6012
6011
6010
6009
6008
6005
6005
6005
6003
6002
6001
6000
5997
5997
5995
5993
5992
5989
5988
5984
5983
5978
5978
5975
5975
5973
5971
5971
5970
5966
5966
5966
5962
5961
5958
5957
5955
5954
5953
5953
5953
5952
5952
5951
5950
5948
5945
5945
5942
5941
5936
5936
5933
5930
5927
5926
5925
5925
5924
5924
5924
5922
5922
5922
5921
5920
5919
5919
5916
5916
5915
5914
5912
5910
5910
5910
5906
5905
5904
5903
5901
5901
5900
5899
5897
5895
5894
5894
5893
5890
5890
5887
5887
5882
5881
5880
5879
5878
5876
5874
5873
5873
5872
5872
5867
5866
5865
5863
5862
5862
5862
5861
5860
5858
5857
5856
5854
5854
5854
5854
5850
5849
5848
5846
5844
5844
5840
5836
5835
5835
5834
5834
5834
5830
5829
5828
5827
5823
5822
5821
5820
5820
5820
5820
5820
5816
5813
5812
5811
5810
5809
5807
5806
5804
5802
5801
5795
5793
5792
5792
5791
5790
5789
5787
5785
5785
5782
5779
5779
5778
5776
5775
5775
5773
5771
5769
5768
5768
5766
5766
5764
5762
5761
5760
5760
5759
5759
5759
5757
5757
5757
5753
5752
5751
5749
5748
5747
5746
5743
5743
5743
5742
5738
5737
5737
5735
5727
5723
5723
5722
5721
5721
5721
5720
5716
5714
5712
5712
5712
5711
5711
5710
5708
5706
5705
5704
5704
5704
5702
5702
5699
5699
5697
5695
5695
5692
5692
5691
5691
5690
5688
5688
5687
5687
5686
5684
5682
5682
5681
5679
5677
5675
5674
5674
5674
5672
5671
5670
5670
5670
5668
5667
5667
5665
5663
5662
5662
5660
5659
5657
5655
5654
5654
5653
5653
5653
5653
5652
5651
5647
5647
5640
5639
5638
5637
5637
5635
5634
5633
5630
5629
5626
5624
5621
5620
5620
5614
5613
5612
5610
5608
5608
5607
5607
5607
5607
5605
5602
5602
5601
5600
5599
5596
5596
5590
5590
5590
5589
5588
5584
5580
5580
5580
5578
5578
5577
5576
5573
5573
5572
5572
5572
5571
5570
5569
5567
5567
5564
5564
5564
5558
5555
5553
5553
5552
5550
5549
5545
5545
5545
5544
5544
5544
5542
5541
5540
5540
5540
5540
5538
5537
5535
5534
5533
5532
5531
5530
5530
5529
5529
5528
5527
5526
5525
5525
5523
5522
5522
5520
5520
5518
5518
5517
5516
5516
5516
5515
5512
5511
5510
5508
5508
5508
5508
5507
5506
5506
5505
5503
5503
5498
5498
5498
5497
5497
5497
5497
5496
5496
5495
5495
5494
5494
5492
5488
5488
5487
5481
5480
5479
5476
5476
5473
5473
5472
5471
5471
5467
5466
5465
5465
5464
5464
5463
5462
5462
5459
5459
5456
5456
5456
5455
5454
5454
5453
5452
5452
5450
5449
5448
5448
5448
5447
5444
5443
5443
5441
5441
5440
5436
5436
5433
5430
5429
5429
5429
5428
5426
5426
5426
5425
5423
5423
5420
5419
5419
5418
5418
5417
5416
5415
5413
5412
5412
5409
5407
5407
5403
5400
5397
5396
5396
5396
5395
5394
5392
5392
5392
5391
5390
5389
5388
5383
5383
5382
5382
5381
5379
5378
5377
5376
5375
5375
5372
5372
5372
5371
5370
5369
5368
5365
5364
5363
5361
5360
5359
5359
5357
5356
5354
5354
5354
5353
5352
5350
5350
5348
5347
5346
5346
5345
5343
5341
5341
5339
5338
5338
5338
5335
5334
5334
5333
5333
5330
5330
5328
5328
5327
5326
5325
5324
5324
5323
5320
5320
5320
5320
5319
5319
5316
5316
5314
5314
5313
5313
5311
5308
5308
5305
5305
5303
5303
5303
5302
5301
5301
5300
5300
5300
5297
5293
5292
5291
5288
5288
5286
5285
5283
5283
5282
5279
5279
5279
5278
5277
5276
5276
5275
5273
5273
5272
5271
5268
5268
5267
5267
5267
5265
5265
5265
5264
5262
5260
5259
5259
5259
5258
5258
5255
5252
5251
5250
5250
5248
5248
5247
5247
5246
5246
5245
5242
5241
5240
5238
5237
5233
5230
5230
5230
5227
5227
5224
5223
5222
5222
5222
5221
5221
5221
5219
5219
5219
5216
5216
5216
5215
5214
5214
5214
5213
5212
5211
5210
5210
5209
5208
5208
5208
5207
5206
5206
5206
5205
5204
5202
5201
5201
5201
5199
5198
5197
5196
5196
5196
5195
5195
5194
5194
5194
5193
5192
5192
5191
5190
5189
5189
5189
5188
5188
5185
5184
5183
5182
5182
5181
5179
5178
5178
5177
5176
5175
5175
5171
5169
5166
5166
5165
5163
5163
5162
5161
5159
5159
5158
5158
5157
5156
5152
5152
5152
5150
5149
5148
5147
5145
5144
5143
5142
5142
5142
5141
5141
5139
5138
5138
5137
5137
5136
5135
5135
5134
5134
5134
5129
5127
5127
5125
5125
5125
5124
5124
5124
5123
5123
5121
5121
5121
5121
5119
5115
5114
5114
5112
5111
5110
5110
5110
5109
5106
5104
5102
5102
5098
5094
5094
5092
5091
5090
5087
5082
5082
5079
5075
5075
5075
5071
5070
5070
5068
5068
5067
5067
5066
5066
5065
5063
5061
5059
5056
5056
5055
5055
5055
5052
5052
5051
5047
5047
5046
5046
5046
5044
5044
5043
5042
5041
5040
5036
5036
5035
5034
5033
5033
5032
5031
5031
5030
5030
5029
5029
5027
5027
5026
5026
5026
5026
5025
5024
5022
5022
5021
5021
5020
5020
5019
5019
5018
5017
5017
5017
5017
5014
5011
5009
5009
5009
5009
5007
5006
5006
5005
5005
5004
5002
5001
5001
5000
4999
4999
4999
4998
4998
4997
4996
4996
4996
4995
4994
4994
4994
4993
4987
4987
4986
4985
4984
4981
4980
4979
4979
4978
4978
4976
4975
4974
4972
4972
4972
4972
4970
4968
4968
4968
4967
4966
4964
4963
4962
4961
4961
4960
4959
4959
4957
4957
4955
4955
4952
4951
4951
4950
4950
4949
4949
4949
4949
4947
4947
4947
4947
4947
4946
4945
4945
4944
4944
4942
4941
4941
4940
4939
4939
4939
4937
4937
4937
4937
4935
4935
4933
4933
4933
4932
4930
4929
4928
4928
4928
4927
4926
4926
4925
4924
4922
4922
4921
4920
4919
4918
4915
4914
4911
4911
4910
4910
4909
4909
4909
4908
4908
4907
4907
4904
4903
4902
4899
4899
4898
4898
4897
4896
4896
4894
4894
4893
4892
4891
4889
4888
4888
4888
4887
4887
4885
4884
4882
4882
4881
4880
4880
4879
4878
4877
4875
4875
4875
4874
4874
4874
4873
4873
4872
4871
4871
4871
4870
4869
4868
4866
4864
4864
4864
4863
4861
4861
4858
4857
4857
4853
4851
4851
4850
4850
4849
4849
4848
4848
4847
4846
4846
4846
4846
4845
4842
4841
4841
4841
4840
4840
4838
4838
4838
4838
4835
4835
4834
4833
4833
4833
4831
4831
4829
4829
4828
4827
4825
4824
4824
4823
4823
4821
4820
4819
4819
4818
4817
4813
4812
4811
4810
4809
4809
4807
4807
4807
4806
4805
4804
4804
4803
4801
4801
4800
4799
4798
4797
4795
4795
4793
4792
4791
4787
4787
4786
4786
4784
4783
4782
4782
4781
4779
4778
4778
4778
4777
4777
4776
4776
4774
4774
4771
4771
4770
4770
4769
4767
4766
4766
4765
4765
4761
4761
4760
4760
4759
4759
4759
4758
4758
4757
4753
4752
4751
4751
4751
4750
4749
4746
4745
4742
4742
4741
4741
4740
4740
4740
4736
4735
4734
4733
4733
4733
4732
4730
4729
4728
4728
4727
4727
4726
4725
4723
4718
4717
4717
4715
4714
4714
4713
4710
4710
4709
4709
4709
4709
4708
4708
4707
4707
4706
4705
4704
4703
4703
4701
4700
4700
4698
4697
4697
4697
4696
4694
4694
4693
4691
4689
4689
4688
4688
4688
4687
4687
4686
4685
4684
4684
4683
4682
4680
4679
4679
4677
4676
4675
4675
4675
4674
4673
4672
4671
4670
4669
4668
4667
4664
4661
4658
4657
4656
4655
4654
4652
4652
4652
4650
4649
4648
4648
4647
4647
4647
4647
4646
4645
4645
4645
4644
4640
4639
4639
4639
4638
4638
4637
4636
4635
4635
4635
4634
4634
4633
4631
4631
4630
4628
4628
4628
4628
4626
4626
4626
4624
4622
4621
4620
4619
4618
4613
4610
4609
4609
4608
4607
4607
4604
4604
4602
4602
4602
4601
4601
4599
4598
4598
4597
4596
4595
4595
4595
4592
4592
4590
4589
4589
4589
4588
4588
4588
4587
4587
4582
4581
4580
4579
4578
4578
4577
4577
4576
4575
4574
4573
4573
4573
4572
4570
4570
4569
4569
4568
4565
4564
4564
4561
4561
4560
4559
4559
4559
4558
4558
4558
4557
4556
4553
4553
4552
4551
4551
4549
4549
4548
4548
4548
4547
4547
4546
4545
4543
4543
4543
4542
4542
4541
4541
4539
4538
4537
4536
4536
4533
4529
4529
4529
4528
4525
4524
4523
4523
4521
4520
4520
4520
4516
4514
4514
4513
4512
4511
4507
4507
4506
4506
4503
4502
4501
4498
4498
4495
4493
4493
4492
4492
4490
4488
4488
4488
4487
4484
4482
4482
4480
4480
4480
4477
4474
4474
4473
4473
4472
4471
4471
4470
4470
4469
4469
4469
4468
4468
4467
4467
4465
4465
4464
4464
4464
4463
4462
4462
4461
4461
4461
4461
4460
4456
4456
4453
4452
4452
4450
4448
4448
4446
4444
4444
4444
4442
4442
4442
4437
4437
4437
4437
4433
4431
4431
4431
4430
4429
4429
4429
4428
4428
4427
4427
4426
4426
4426
4424
4423
4423
4422
4421
4420
4419
4418
4417
4415
4414
4411
4410
4408
4408
4408
4405
4404
4403
4402
4399
4398
4398
4398
4396
4396
4396
4396
4396
4396
4395
4395
4394
4394
4390
4390
4390
4389
4388
4387
4387
4386
4385
4385
4385
4385
4385
4383
4383
4383
4383
4382
4382
4379
4379
4377
4377
4376
4375
4374
4374
4373
4373
4373
4372
4371
4368
4367
4367
4364
4363
4363
4363
4359
4359
4357
4356
4355
4355
4354
4354
4353
4352
4352
4352
4352
4349
4348
4348
4347
4346
4346
4345
4344
4344
4340
4339
4339
4336
4336
4335
4335
4334
4333
4333
4332
4332
4329
4328
4328
4328
4327
4325
4322
4322
4321
4320
4320
4320
4318
4318
4317
4317
4317
4316
4315
4311
4309
4309
4309
4308
4307
4307
4307
4306
4305
4304
4302
4302
4302
4302
4302
4299
4299
4299
4298
4294
4293
4293
4292
4292
4291
4291
4289
4289
4287
4286
4284
4284
4283
4282
4282
4281
4280
4280
4278
4277
4276
4275
4274
4271
4270
4269
4267
4266
4266
4265
4265
4265
4264
4264
4263
4262
4262
4262
4262
4262
4262
4261
4261
4261
4260
4260
4260
4260
4258
4258
4257
4257
4257
4257
4255
4254
4253
4252
4252
4251
4249
4249
4247
4246
4246
4245
4244
4244
4242
4241
4240
4240
4239
4239
4239
4238
4238
4237
4237
4236
4236
4234
4234
4234
4232
4230
4229
4229
4229
4227
4227
4226
4226
4225
4225
4224
4222
4220
4220
4219
4219
4218
4218
4217
4216
4216
4216
4215
4214
4214
4214
4213
4212
4211
4210
4210
4210
4209
4209
4208
4208
4207
4207
4207
4207
4207
4204
4203
4202
4201
4201
4201
4198
4198
4197
4197
4197
4196
4196
4196
4195
4194
4193
4192
4190
4188
4188
4187
4185
4184
4184
4183
4183
4182
4182
4180
4180
4179
4179
4177
4177
4175
4174
4174
4174
4173
4171
4171
4170
4170
4169
4168
4167
4167
4166
4166
4165
4165
4165
4164
4164
4164
4163
4162
4161
4160
4160
4160
4157
4156
4156
4156
4156
4156
4155
4154
4154
4153
4153
4153
4152
4151
4150
4150
4149
4149
4147
4147
4146
4146
4145
4145
4145
4144
4143
4143
4140
4140
4138
4138
4137
4137
4137
4136
4135
4135
4133
4133
4132
4132
4132
4131
4131
4131
4130
4130
4129
4128
4127
4127
4126
4126
4125
4125
4124
4122
4122
4122
4122
4121
4121
4120
4119
4119
4117
4117
4117
4116
4114
4114
4114
4114
4113
4113
4113
4112
4112
4111
4111
4110
4109
4109
4109
4108
4108
4107
4107
4105
4104
4103
4101
4100
4100
4099
4099
4099
4098
4098
4097
4097
4096
4095
4094
4094
4094
4093
4092
4092
4091
4091
4090
4090
4089
4089
4088
4088
4087
4086
4085
4085
4085
4085
4084
4083
4083
4082
4082
4082
4080
4079
4077
4075
4075
4075
4074
4073
4073
4073
4072
4072
4071
4071
4071
4070
4069
4069
4069
4069
4068
4068
4068
4068
4068
4068
4068
4067
4067
4067
4066
4064
4064
4064
4063
4062
4061
4061
4058
4058
4058
4058
4058
4057
4057
4056
4055
4053
4052
4051
4050
4049
4048
4048
4045
4044
4044
4044
4043
4042
4041
4041
4038
4038
4038
4038
4037
4037
4037
4037
4036
4036
4035
4034
4034
4034
4034
4033
4032
4032
4031
4030
4030
4029
4028
4028
4028
4026
4026
4024
4023
4023
4022
4022
4022
4021
4019
4019
4018
4018
4017
4017
4017
4016
4015
4014
4014
4014
4013
4013
4012
4012
4012
4010
4010
4010
4009
4008
4008
4007
4005
4005
4005
4004
4003
4002
4002
4002
4001
3996
3996
3996
3996
3995
3995
3995
3995
3995
3994
3994
3994
3993
3993
3992
3992
3991
3990
3989
3989
3988
3988
3988
3985
3982
3982
3982
3982
3981
3981
3980
3980
3979
3978
3978
3977
3977
3977
3977
3977
3976
3976
3976
3975
3975
3974
3973
3972
3971
3970
3970
3969
3969
3967
3966
3964
3963
3962
3962
3962
3962
3962
3961
3960
3960
3959
3959
3958
3958
3957
3956
3955
3955
3950
3950
3950
3949
3949
3947
3947
3945
3945
3945
3945
3945
3944
3944
3943
3943
3942
3942
3941
3941
3939
3938
3936
3936
3936
3935
3935
3934
3934
3934
3934
3932
3932
3932
3931
3930
3930
3929
3928
3928
3924
3924
3923
3922
3922
3921
3921
3920
3920
3919
3918
3918
3917
3917
3916
3916
3915
3915
3913
3913
3913
3913
3912
3910
3910
3909
3907
3906
3906
3905
3905
3905
3904
3904
3903
3903
3903
3902
3902
3900
3899
3898
3897
3897
3897
3897
3896
3896
3896
3896
3895
3895
3895
3895
3894
3894
3892
3891
3890
3889
3888
3888
3887
3887
3887
3887
3886
3886
3886
3885
3885
3885
3884
3882
3882
3882
3882
3881
3881
3878
3877
3877
3877
3876
3876
3875
3874
3874
3874
3873
3873
3873
3872
3872
3871
3871
3871
3871
3870
3870
3869
3869
3868
3867
3866
3866
3865
3864
3864
3864
3863
3863
3858
3858
3857
3857
3857
3857
3856
3855
3854
3854
3852
3852
3852
3850
3850
3850
3850
3849
3849
3849
3847
3846
3845
3845
3845
3844
3844
3844
3843
3843
3841
3841
3841
3840
3838
3837
3837
3836
3836
3836
3835
3835
3834
3834
3833
3833
3833
3832
3832
3832
3832
3831
3831
3831
3831
3831
3831
3830
3830
3829
3829
3829
3829
3828
3828
3828
3827
3827
3826
3826
3826
3825
3824
3824
3823
3823
3823
3822
3821
3821
3821
3821
3820
3820
3817
3816
3815
3813
3813
3812
3812
3811
3811
3810
3810
3810
3808
3808
3807
3807
3806
3806
3805
3805
3803
3803
3802
3802
3801
3801
3801
3801
3801
3800
3797
3797
3796
3795
3795
3795
3794
3794
3793
3793
3792
3792
3791
3791
3790
3790
3789
3789
3788
3788
3787
3784
3784
3783
3782
3782
3782
3779
3779
3779
3778
3776
3775
3774
3773
3773
3773
3772
3772
3771
3771
3770
3769
3768
3767
3767
3767
3766
3766
3765
3765
3764
3763
3763
3762
3762
3761
3761
3760
3760
3760
3758
3757
3757
3757
3757
3756
3756
3756
3755
3754
3753
3752
3752
3752
3750
3750
3749
3747
3746
3745
3744
3744
3744
3742
3741
3740
3740
3739
3739
3739
3738
3738
3737
3737
3737
3736
3736
3736
3735
3735
3734
3733
3733
3733
3731
3731
3731
3730
3730
3727
3727
3727
3726
3726
3726
3725
3725
3725
3725
3725
3725
3725
3724
3724
3723
3723
3723
3723
3720
3720
3720
3720
3720
3719
3719
3719
3718
3718
3718
3717
3717
3717
3716
3716
3715
3715
3714
3714
3713
3713
3713
3712
3711
3711
3710
3710
3709
3709
3709
3708
3707
3707
3707
3707
3706
3706
3706
3705
3704
3704
3702
3701
3701
3700
3700
3700
3698
3698
3698
3697
3695
3694
3693
3691
3691
3691
3690
3689
3689
3688
3688
3688
3687
3687
3685
3685
3684
3684
3682
3681
3681
3681
3681
3680
3680
3680
3679
3679
3679
3678
3678
3678
3677
3677
3675
3675
3673
3672
3671
3671
3670
3670
3669
3667
3667
3666
3666
3665
3665
3665
3665
3665
3664
3664
3663
3662
3662
3662
3661
3661
3660
3660
3659
3659
3658
3657
3655
3655
3654
3653
3653
3653
3652
3651
3651
3650
3649
3649
3649
3649
3649
3648
3648
3648
3647
3647
3645
3645
3644
3644
3644
3643
3643
3643
3643
3643
3643
3642
3642
3642
3642
3641
3641
3641
3641
3641
3640
3638
3638
3638
3638
3636
3636
3636
3636
3635
3633
3632
3632
3631
3630
3630
3630
3630
3630
3629
3629
3629
3629
3629
3629
3628
3627
3627
3627
3626
3626
3624
3624
3624
3624
3623
3623
3623
3623
3622
3622
3621
3621
3621
3620
3620
3619
3618
3618
3618
3618
3617
3617
3617
3617
3617
3615
3615
3614
3614
3614
3613
3612
3612
3612
3611
3611
3611
3609
3609
3608
3608
3607
3607
3607
3605
3605
3602
3602
3601
3601
3600
3600
3600
3599
3599
3599
3599
3598
3598
3597
3596
3595
3595
3595
3595
3595
3594
3594
3593
3592
3592
3592
3592
3592
3592
3591
3591
3591
3591
3590
3589
3589
3589
3589
3588
3588
3587
3585
3585
3584
3584
3582
3582
3581
3581
3581
3581
3581
3580
3580
3579
3578
3577
3577
3576
3575
3575
3573
3573
3573
3573
3571
3569
3569
3568
3568
3567
3566
3565
3565
3565
3565
3564
3564
3563
3562
3562
3561
3561
3561
3560
3560
3558
3558
3558
3557
3556
3556
3555
3554
3554
3554
3554
3554
3553
3552
3552
3552
3551
3551
3551
3551
3550
3550
3550
3550
3549
3549
3549
3548
3547
3547
3546
3546
3546
3545
3545
3545
3543
3543
3543
3542
3542
3542
3541
3541
3541
3540
3540
3540
3539
3539
3539
3538
3538
3537
3537
3535
3534
3534
3533
3533
3531
3531
3531
3531
3529
3529
3528
3528
3527
3527
3526
3526
3525
3524
3521
3521
3520
3519
3519
3518
3518
3518
3518
3517
3517
3515
3515
3515
3515
3515
3514
3514
3514
3513
3513
3513
3512
3510
3509
3508
3508
3507
3507
3507
3506
3505
3505
3505
3505
3503
3503
3502
3502
3501
3501
3500
3500
3500
3499
3497
3496
3496
3496
3495
3495
3495
3494
3494
3493
3490
3490
3490
3490
3489
3488
3488
3488
3487
3486
3486
3485
3485
3485
3485
3485
3484
3484
3483
3483
3483
3483
3482
3481
3481
3481
3479
3478
3478
3477
3477
3476
3476
3475
3474
3474
3474
3474
3474
3474
3473
3472
3471
3471
3471
3470
3469
3468
3468
3468
3468
3467
3467
3467
3467
3467
3466
3465
3465
3464
3464
3462
3462
3462
3461
3461
3461
3460
3459
3458
3458
3458
3458
3457
3457
3457
3457
3456
3456
3454
3453
3453
3452
3452
3451
3451
3451
3451
3451
3450
3450
3449
3449
3449
3449
3449
3448
3448
3448
3448
3447
3446
3445
3445
3443
3443
3442
3441
3441
3441
3440
3440
3440
3440
3438
3437
3436
3436
3436
3435
3435
3434
3432
3432
3432
3432
3431
3431
3430
3430
3430
3430
3426
3425
3425
3424
3424
3423
3423
3423
3422
3422
3422
3422
3422
3422
3421
3421
3421
3420
3420
3420
3420
3417
3417
3416
3415
3415
3415
3414
3414
3413
3411
3411
3411
3411
3410
3410
3410
3409
3409
3409
3409
3408
3408
3407
3407
3407
3406
3406
3406
3406
3405
3405
3404
3404
3403
3403
3403
3401
3400
3400
3399
3399
3399
3399
3398
3397
3396
3396
3396
3395
3395
3393
3393
3392
3392
3392
3391
3391
3390
3390
3389
3388
3387
3387
3387
3386
3384
3384
3384
3384
3383
3382
3381
3381
3380
3379
3379
3378
3378
3378
3377
3377
3376
3376
3376
3373
3373
3373
3372
3371
3371
3371
3371
3371
3370
3370
3370
3370
3367
3367
3365
3364
3364
3364
3364
3364
3362
3361
3361
3361
3361
3360
3359
3358
3356
3356
3356
3356
3356
3355
3355
3355
3354
3354
3353
3352
3352
3351
3351
3351
3350
3350
3350
3349
3349
3349
3348
3348
3348
3348
3348
3348
3347
3347
3347
3345
3345
3345
3345
3344
3344
3344
3343
3343
3342
3341
3340
3340
3340
3338
3336
3336
3335
3335
3334
3334
3334
3333
3332
3332
3331
3331
3331
3331
3331
3330
3329
3329
3329
3329
3328
3328
3328
3328
3327
3327
3326
3326
3325
3324
3324
3323
3323
3320
3320
3320
3319
3318
3318
3317
3317
3316
3316
3316
3315
3315
3315
3315
3315
3314
3314
3313
3312
3312
3312
3311
3310
3310
3309
3308
3308
3308
3306
3305
3304
3304
3303
3303
3303
3303
3302
3301
3301
3301
3301
3301
3301
3300
3300
3300
3299
3299
3299
3299
3299
3298
3298
3298
3298
3297
3297
3296
3296
3296
3295
3294
3294
3294
3293
3293
3292
3292
3292
3291
3290
3290
3289
3289
3289
3288
3288
3288
3288
3288
3288
3288
3287
3287
3287
3287
3286
3286
3286
3285
3284
3283
3283
3282
3282
3281
3280
3280
3280
3280
3280
3280
3279
3279
3278
3278
3277
3277
3277
3276
3276
3276
3276
3275
3275
3275
3274
3274
3273
3273
3273
3273
3273
3272
3270
3269
3269
3269
3268
3268
3268
3267
3267
3267
3267
3265
3265
3265
3264
3264
3264
3264
3263
3262
3261
3261
3261
3260
3260
3260
3260
3260
3260
3259
3259
3259
3259
3258
3258
3257
3257
3257
3256
3256
3256
3256
3255
3255
3255
3255
3254
3254
3254
3253
3253
3252
3251
3251
3251
3251
3251
3250
3250
3250
3249
3248
3248
3248
3247
3247
3247
3246
3245
3244
3244
3243
3242
3242
3242
3241
3241
3241
3241
3240
3240
3240
3239
3239
3237
3237
3237
3237
3237
3236
3236
3236
3236
3235
3234
3234
3233
3233
3233
3232
3231
3230
3230
3230
3229
3229
3228
3228
3228
3228
3228
3228
3228
3227
3227
3226
3225
3225
3225
3225
3225
3225
3224
3224
3224
3224
3223
3223
3223
3222
3222
3221
3221
3220
3220
3220
3219
3219
3219
3219
3219
3218
3218
3217
3217
3216
3216
3214
3214
3214
3214
3213
3213
3213
3213
3211
3211
3210
3210
3210
3209
3209
3208
3207
3206
3205
3205
3204
3203
3203
3202
3202
3201
3201
3200
3199
3198
3198
3197
3197
3195
3194
3193
3192
3192
3192
3192
3191
3191
3191
3191
3190
3190
3190
3189
3189
3189
3189
3188
3188
3188
3187
3186
3185
3184
3183
3183
3183
3182
3182
3181
3181
3180
3179
3179
3178
3178
3178
3178
3177
3177
3176
3176
3175
3175
3175
3175
3175
3173
3173
3173
3173
3172
3172
3172
3171
3171
3171
3170
3170
3170
3169
3168
3168
3168
3167
3166
3166
3166
3165
3163
3162
3162
3162
3161
3161
3161
3160
3160
3160
3160
3159
3159
3159
3158
3158
3157
3157
3156
3156
3155
3154
3153
3153
3153
3152
3152
3152
3151
3150
3150
3150
3148
3148
3147
3146
3145
3145
3145
3144
3144
3143
3143
3143
3142
3141
3140
3139
3138
3138
3138
3137
3137
3137
3137
3137
3136
3136
3135
3135
3134
3133
3133
3133
3133
3132
3131
3130
3130
3129
3129
3128
3128
3128
3128
3127
3127
3126
3126
3125
3125
3123
3122
3122
3121
3121
3120
3120
3120
3120
3120
3119
3119
3118
3118
3118
3118
3118
3117
3117
3116
3115
3115
3115
3115
3113
3113
3112
3111
3111
3111
3110
3110
3110
3109
3108
3108
3108
3106
3106
3106
3106
3106
3104
3103
3103
3103
3102
3102
3102
3102
3101
3101
3100
3100
3099
3099
3099
3099
3098
3098
3097
3097
3097
3097
3097
3096
3096
3096
3096
3095
3095
3095
3093
3092
3092
3091
3091
3091
3091
3091
3090
3090
3090
3090
3090
3089
3089
3089
3089
3088
3088
3088
3088
3088
3088
3087
3087
3086
3086
3086
3086
3086
3085
3085
3085
3085
3084
3084
3083
3083
3083
3083
3082
3082
3081
3081
3081
3081
3080
3079
3078
3078
3078
3078
3078
3077
3076
3076
3076
3076
3075
3075
3074
3074
3074
3073
3073
3072
3072
3072
3071
3070
3069
3069
3069
3068
3068
3068
3068
3068
3068
3068
3068
3067
3067
3067
3067
3066
3065
3065
3065
3063
3063
3063
3062
3062
3061
3061
3059
3059
3059
3059
3058
3058
3058
3058
3058
3057
3057
3056
3056
3056
3056
3055
3055
3055
3055
3053
3052
3052
3052
3051
3051
3051
3050
3050
3050
3050
3050
3049
3048
3048
3048
3048
3047
3047
3047
3046
3046
3045
3044
3044
3043
3043
3043
3043
3042
3042
3042
3041
3041
3041
3041
3040
3040
3040
3039
3038
3038
3038
3038
3038
3038
3038
3038
3038
3037
3036
3036
3036
3035
3035
3035
3034
3034
3033
3033
3033
3033
3032
3032
3031
3031
3031
3030
3030
3030
3030
3030
3028
3027
3027
3027
3027
3026
3026
3025
3025
3025
3024
3023
3023
3023
3023
3023
3022
3022
3021
3021
3021
3020
3020
3019
3019
3018
3018
3018
3018
3017
3017
3016
3016
3015
3015
3015
3014
3014
3014
3013
3013
3012
3012
3011
3010
3009
3009
3008
3007
3007
3007
3006
3006
3005
3004
3004
3003
3003
3003
3002
3000
3000
