112596
108673
107475
101976
94596
83690
83106
80210
74693
68083
66759
66132
64369
63979
63942
63695
62895
60846
59319
59165
58386
57116
56141
55143
54254
54109
53905
53026
52960
52214
51238
50890
50888
50638
50614
50499
49859
49393
47505
46365
45785
45511
45414
45162
44859
43721
43394
43316
43144
42850
42605
42408
42186
42114
41301
41051
40922
40689
40679
40535
40422
40339
40338
40142
40140
40036
39749
39716
39623
39557
39546
39492
39443
39374
39351
39277
39248
39241
39238
39180
39177
38959
38813
38795
38744
38105
37716
37630
37284
37090
37005
36676
36262
36129
35768
35537
35490
35446
35062
35031
34893
34717
34652
34577
34384
34379
34248
34149
34138
34054
33540
33500
33339
33006
32800
32598
32559
32487
32375
32301
32256
32134
32074
31634
31547
31331
31074
31009
30968
30916
30783
30523
30334
30070
30019
29809
29737
29649
29531
29518
29342
29278
28760
28439
28407
28376
28359
28216
28186
28113
28013
28012
27950
27897
27532
27461
27379
27375
27371
27262
27180
27104
27102
27027
26993
26841
26751
26702
26655
26653
26593
26578
26503
26278
26191
26151
26103
25953
25910
25823
25764
25709
25634
25604
25547
25515
25514
25483
25382
25189
25108
25102
25052
24982
24974
24934
24878
24828
24820
24393
24378
24320
24309
24280
24253
24059
24015
23957
23951
23906
23842
23748
23492
23421
23404
23352
23233
23127
23107
22938
22910
22908
22901
22858
22850
22798
22784
22695
22676
22647
22603
22590
22557
22557
22544
22544
22494
22414
22267
22214
22161
22152
22075
21974
21968
21951
21710
21692
21626
21625
21553
21508
21442
21405
21361
21352
21255
21199
21160
21145
21123
20843
20840
20811
20792
20752
20741
20686
20668
20621
20599
20585
20534
20533
20531
20449
20434
20415
20399
20350
20320
20283
20268
20202
20193
20163
20057
19970
19959
19951
19894
19892
19877
19814
19626
19597
19542
19469
19466
19464
19426
19404
19380
19361
19348
19298
19260
19244
19180
19163
19124
19116
19047
19035
19022
19013
19005
18963
18850
18787
18768
18745
18704
18694
18661
18636
18610
18597
18579
18570
18554
18542
18495
18467
18464
18367
18341
18296
18288
18285
18279
18249
18245
18227
18212
18205
18188
18165
18141
18135
18135
18134
18110
18016
17964
17960
17914
17914
17876
17783
17763
17750
17734
17727
17724
17710
17523
17457
17455
17420
17407
17397
17394
17350
17309
17188
17160
17111
17096
17027
17006
16988
16971
16965
16935
16932
16925
16924
16914
16899
16890
16859
16853
16850
16780
16752
16712
16691
16667
16658
16600
16597
16597
16584
16562
16498
16468
16465
16465
16455
16450
16447
16444
16438
16429
16379
16366
16353
16339
16337
16301
16295
16280
16256
16212
16195
16094
16065
16034
16026
16017
16014
16011
15974
15825
15884
15872
15855
15848
15845
15828
15821
15804
15730
15728
15727
15726
15723
15676
15648
15660
15632
15617
15602
15596
15584
15556
15550
15531
15516
15496
15435
15427
15391
15384
15383
15365
15350
15345
15324
15311
15304
15303
15278
15254
15249
15215
15213
15179
15172
15164
15160
15158
15147
15111
15107
15100
15095
15087
15074
15055
15020
14994
14964
14919
14913
14904
14889
14887
14879
14851
14840
14838
14819
14781
14776
14758
14725
14708
14697
14682
14677
14673
14661
14643
14640
14607
14596
14581
14500
14497
14492
14488
14471
14459
14436
14430
14417
14392
14384
14377
14373
14354
14328
14324
14322
14316
14299
14292
14270
14256
14251
14246
14196
14184
14180
14169
14167
14162
14093
14079
14079
14059
14057
14039
14029
13993
13968
13958
13935
13933
13927
13899
13893
13873
13870
13864
13862
13838
13837
13827
13809
13791
13749
13745
13722
13710
13695
13685
13679
13691
13669
13669
13648
13646
13645
13638
13633
13629
13616
13612
13608
13602
13581
13567
13548
13542
13540
13537
13508
13504
13474
13471
13469
13451
13442
13406
13401
13389
13368
13363
13341
13325
13324
13287
13274
13274
13271
13259
13248
13238
13228
13210
13203
13183
13175
13174
13150
13149
13144
13128
13123
13093
13074
13066
13046
13036
13026
13021
13020
13019
13014
12999
12991
12985
12941
12935
12932
12930
12929
12906
12895
12851
12839
12807
12806
12789
12777
12772
12762
12741
12730
12711
12701
12697
12686
12685
12676
12650
12643
12643
12634
12630
12618
12616
12611
12588
12581
12563
12550
12547
12536
12534
12519
12469
12457
12453
12451
12448
12445
12429
12411
12410
12407
12404
12385
12380
12376
12367
12356
12339
12325
12324
12321
12325
12318
12285
12279
12254
12253
12248
12228
12219
12213
12164
12152
12143
12136
12134
12124
12123
12097
12096
12108
12081
12073
12070
12065
12060
12058
12047
12044
12016
12015
11996
11987
11965
11951
11931
11919
11902
11899
11891
11867
11864
11859
11816
11782
11780
11764
11758
11749
11737
11715
11712
11708
11693
11692
11673
11671
11670
11654
11651
11650
11643
11637
11622
11618
11613
11605
11592
11584
11578
11522
11502
11491
11491
11490
11487
11485
11483
11481
11467
11425
11414
11404
11404
11392
11383
11379
11379
11374
11373
11363
11362
11356
11353
11345
11345
11342
11330
11323
11320
11309
11303
11301
11301
11296
11284
11280
11247
11244
11242
11238
11232
11231
11211
11204
11192
11185
11174
11173
11170
11154
11148
11137
11135
11124
11104
11096
11095
11078
11068
11066
11065
11059
11049
11047
11041
11038
11036
11034
11022
11020
11018
11037
11016
11015
11015
11011
11009
10987
10983
10983
10974
10969
10944
10944
10936
10934
10915
10913
10910
10906
10898
10896
10890
10880
10880
10861
10859
10830
10824
10817
10809
10806
10767
10765
10763
10753
10751
10729
10725
10722
10704
10701
10701
10700
10674
10674
10668
10668
10642
10636
10634
10631
10625
10621
10617
10616
10596
10592
10582
10570
10569
10565
10563
10550
10548
10541
10540
10524
10511
10505
10500
10500
10481
10479
10455
10453
10452
10449
10446
10435
10432
10416
10409
10398
10378
10376
10376
10364
10364
10354
10351
10343
10343
10338
10336
10332
10327
10327
10326
10314
10295
10295
10285
10266
10256
10249
10232
10225
10208
10207
10185
10185
10171
10147
10145
10133
10128
10121
10120
10110
10106
10104
10104
10083
10081
10069
10068
10050
10026
9998
9998
9978
9978
9975
9961
9958
9956
9952
9948
9946
9945
9936
9933
9928
9928
9926
9912
9909
9903
9902
9898
9894
9893
9893
9892
9891
9878
9874
9869
9861
9859
9854
9853
9820
9819
9812
9811
9806
9800
9799
9797
9797
9780
9775
9771
9767
9762
9757
9739
9733
9729
9720
9711
9704
9700
9690
9688
9686
9684
9679
9667
9661
9661
9655
9648
9648
9640
9638
9625
9616
9615
9613
9600
9591
9590
9589
9589
9585
9584
9583
9576
9571
9569
9560
9549
9544
9520
9516
9510
9497
9496
9485
9483
9466
9454
9451
9451
9449
9449
9445
9436
9428
9424
9422
9422
9420
9415
9411
9406
9404
9403
9400
9394
9391
9389
9384
9377
9371
9354
9353
9335
9331
9323
9318
9316
9313
9300
9293
9285
9280
9279
9260
9257
9244
9243
9243
9224
9186
9185
9175
9161
9153
9148
9146
9144
9127
9125
9123
9121
9117
9110
9102
9101
9097
9092
9092
9091
9088
9088
9085
9082
9064
9063
9056
9055
9051
9051
9051
9042
9036
9028
9025
9019
9019
9013
9009
9005
9000
8998
8995
8994
8990
8985
8977
8955
8952
8945
8943
8941
8941
8939
8934
8929
8928
8920
8918
8907
8895
8895
8898
8882
8880
8866
8859
8847
8834
8835
8828
8825
8822
8821
8817
8811
8807
8789
8787
8783
8779
8774
8769
8765
8759
8756
8754
8734
8729
8725
8720
8717
8713
8705
8691
8689
8688
8688
8688
8680
8679
8679
8673
8673
8668
8664
8664
8659
8649
8645
8641
8639
8630
8623
8621
8612
8600
8592
8589
8580
8578
8577
8572
8561
8555
8571
8547
8536
8535
8526
8521
8519
8505
8493
8490
8488
8488
8486
8486
8480
8477
8471
8469
8464
8460
8457
8457
8452
8450
8449
8447
8445
8444
8444
8434
8427
8411
8401
8398
8386
8379
8373
8371
8370
8367
8366
8355
8352
8351
8348
8344
8342
8330
8324
8322
8319
8315
8310
8303
8294
8292
8290
8287
8286
8284
8283
8282
8273
8267
8265
8265
8253
8249
8237
8233
8231
8200
8201
8199
8199
8192
8189
8187
8173
8173
8172
8170
8166
8164
8163
8162
8157
8154
8154
8152
8146
8146
8145
8139
8125
8123
8123
8120
8115
8110
8107
8107
8103
8087
8086
8079
8078
8065
8062
8053
8052
8049
8049
8048
8040
8036
8035
8028
8028
8025
8025
8024
8021
8018
8009
8007
8003
8003
8002
8000
7998
7993
7990
7988
7982
7973
7970
7968
7964
7991
7961
7956
7950
7945
7945
7942
7940
7937
7933
7932
7931
7930
7930
7929
7924
7915
7899
7892
7877
7871
7866
7862
7861
7860
7859
7849
7843
7843
7836
7832
7822
7822
7818
7817
7810
7794
7790
7788
7787
7786
7789
7784
7782
7778
7775
7773
7772
7772
7769
7768
7763
7761
7760
7757
7750
7743
7741
7739
7737
7732
7724
7716
7741
7714
7712
7711
7704
7704
7699
7694
7693
7691
7689
7678
7672
7669
7662
7656
7652
7648
7646
7640
7640
7633
7633
7631
7630
7607
7606
7604
7586
7574
7572
7568
7563
7557
7554
7550
7549
7547
7545
7545
7537
7535
7527
7527
7517
7516
7515
7511
7510
7509
7507
7504
7501
7497
7494
7493
7492
7487
7486
7478
7475
7475
7474
7471
7464
7464
7459
7459
7453
7449
7447
7446
7444
7443
7438
7437
7432
7432
7427
7444
7421
7418
7416
7409
7407
7398
7396
7396
7379
7376
7370
7370
7367
7363
7359
7357
7354
7354
7352
7347
7344
7341
7340
7339
7336
7329
7328
7319
7318
7318
7316
7312
7310
7303
7296
7290
7286
7282
7263
7260
7258
7255
7253
7252
7251
7251
7250
7247
7246
7246
7244
7243
7240
7236
7233
7231
7224
7223
7223
7222
7220
7216
7215
7211
7209
7202
7200
7195
7184
7180
7179
7171
7168
7164
7151
7150
7146
7141
7138
7135
7130
7128
7124
7122
7119
7117
7117
7109
7108
7097
7097
7091
7085
7081
7080
7078
7076
7074
7070
7064
7062
7061
7060
7057
7055
7054
7049
7046
7044
7042
7042
7041
7041
7041
7040
7035
7029
7025
7024
7022
7020
7019
7018
7011
7011
7005
7005
7002
7001
6995
6994
6997
6983
7008
6976
6985
6970
6969
6968
6959
6955
6955
6954
6953
6946
6943
6962
6938
6933
6930
6928
6925
6918
6918
6915
6910
6908
6906
6904
6893
6893
6888
6888
6883
6877
6874
6869
6869
6869
6868
6860
6860
6854
6852
6834
6828
6827
6825
6825
6813
6813
6812
6812
6806
6801
6786
6784
6782
6777
6771
6769
6768
6765
6765
6765
6764
6759
6758
6757
6757
6754
6750
6748
6743
6736
6736
6736
6734
6732
6724
6720
6715
6714
6711
6704
6704
6695
6693
6689
6688
6682
6681
6679
6679
6676
6678
6675
6672
6671
6669
6664
6660
6656
6656
6654
6649
6646
6645
6644
6643
6642
6642
6640
6638
6635
6635
6633
6631
6630
6624
6620
6615
6613
6606
6604
6599
6598
6597
6597
6595
6586
6586
6583
6578
6578
6577
6570
6568
6563
6562
6561
6553
6553
6551
6549
6549
6544
6544
6541
6541
6541
6540
6539
6538
6529
6527
6527
6522
6520
6519
6516
6516
6515
6515
6515
6514
6514
6513
6512
6511
6511
6510
6509
6507
6507
6502
6499
6498
6497
6493
6489
6484
6482
6478
6477
6474
6470
6469
6468
6464
6458
6458
6457
6457
6453
6446
6444
6440
6440
6425
6423
6423
6419
6418
6414
6412
6409
6407
6402
6400
6400
6390
6390
6389
6418
6383
6383
6382
6380
6379
6366
6362
6358
6354
6352
6351
6346
6344
6339
6339
6332
6328
6327
6326
6326
6315
6313
6312
6302
6295
6295
6295
6293
6286
6284
6281
6275
6275
6273
6272
6269
6266
6266
6265
6261
6258
6254
6242
6239
6234
6231
6230
6230
6228
6227
6225
6224
6221
6217
6215
6210
6210
6209
6201
6198
6191
6183
6177
6176
6174
6173
6172
6170
6169
6160
6160
6160
6157
6156
6155
6155
6154
6153
6151
6146
6146
6146
6144
6140
6139
6136
6133
6133
6129
6121
6120
6116
6115
6114
6113
6111
6104
6104
6101
6093
6089
6097
6088
6082
6078
6073
6070
6069
6069
6066
6065
6064
6063
6062
6060
6059
6058
6053
6053
6052
6049
6048
6046
6042
6041
6041
6034
6026
6025
6024
6024
6019
6018
6017
6016
6013
6013
6013
6012
6004
6000
5999
5997
5996
5992
5982
5980
5979
5964
5977
5974
5973
5971
5971
5966
5962
5961
5958
5956
5952
5951
5948
5946
5946
5941
5940
5938
5938
5937
5936
6004
5934
5933
5929
5924
5917
5913
5910
5909
5909
5908
5904
5902
5901
5900
5898
5897
5897
5890
5890
5887
5880
5879
5878
5876
5875
5873
5868
5867
5865
5865
5863
5863
5861
5856
5852
5846
5845
5841
5841
5839
5838
5836
5836
5836
5833
5832
5824
5824
5822
5818
5818
5817
5811
5809
5805
5802
5801
5798
5797
5797
5793
5791
5789
5788
5784
5783
5781
5780
5780
5777
5777
5771
5769
5766
5766
5762
5758
5756
5755
5752
5752
5750
5750
5748
5747
5744
5742
5742
5741
5738
5742
5737
5737
5737
5734
5733
5730
5726
5726
5724
5722
5718
5706
5706
5700
5692
5691
5689
5686
5680
5676
5675
5673
5672
5672
5670
5667
5665
5660
5657
5656
5653
5649
5647
5644
5642
5641
5637
5628
5625
5622
5621
5620
5620
5616
5613
5613
5611
5610
5606
5603
5603
5602
5601
5597
5595
5593
5588
5585
5585
5585
5582
5582
5581
5577
5575
5575
5573
5569
5568
5567
5566
5559
5554
5553
5553
5551
5551
5548
5547
5546
5545
5545
5544
5542
5540
5539
5539
5538
5536
5535
5534
5524
5522
5522
5518
5517
5517
5515
5514
5513
5507
5506
5503
5502
5501
5501
5498
5498
5495
5495
5492
5490
5486
5485
5485
5482
5482
5481
5479
5475
5474
5473
5473
5472
5471
5469
5468
5467
5466
5465
5463
5459
5459
5458
5447
5444
5442
5441
5441
5426
5424
5418
5418
5418
5412
5411
5411
5411
5411
5408
5407
5405
5403
5403
5402
5400
5400
5399
5399
5398
5397
5396
5394
5394
5393
5392
5392
5390
5389
5380
5379
5377
5377
5376
5376
5372
5369
5368
5368
5365
5363
5360
5358
5358
5350
5340
5339
5337
5333
5331
5331
5330
5330
5330
5325
5323
5322
5321
5319
5317
5315
5315
5314
5312
5310
5309
5308
5308
5306
5302
5301
5301
5299
5298
5297
5297
5297
5296
5295
5291
5291
5290
5289
5289
5288
5286
5285
5285
5279
5279
5277
5275
5274
5265
5265
5261
5258
5254
5250
5247
5247
5246
5243
5240
5240
5239
5238
5238
5237
5236
5236
5234
5233
5233
5233
5232
5232
5227
5226
5224
5223
5222
5216
5215
5213
5211
5210
5208
5205
5201
5200
5200
5195
5193
5197
5191
5189
5189
5188
5185
5184
5183
5180
5179
5176
5176
5176
5172
5180
5168
5167
5166
5163
5163
5163
5161
5160
5159
5157
5151
5151
5151
5150
5145
5145
5141
5140
5139
5137
5136
5135
5135
5135
5132
5132
5131
5129
5128
5127
5127
5127
5127
5126
5122
5115
5115
5108
5108
5103
5099
5096
5094
5092
5092
5091
5090
5090
5089
5088
5087
5086
5086
5085
5083
5080
5078
5076
5074
5072
5071
5068
5066
5064
5063
5061
5061
5060
5060
5059
5058
5057
5057
5056
5055
5054
5053
5053
5051
5047
5047
5044
5044
5043
5042
5042
5042
5041
5041
5039
5037
5036
5036
5034
5033
5033
5028
5027
5027
5025
5024
5021
5020
5017
5012
5012
5011
5011
5009
5009
5009
5009
5008
5006
5005
5003
5002
4999
4999
4998
4996
4994
4993
4993
4991
4990
4986
4983
4983
4981
4979
4979
4978
4969
4969
4967
4967
4967
4967
4966
4964
4962
4960
4959
5151
4957
4956
4955
4954
4953
4951
4949
4947
4947
4946
4944
4943
4941
4939
4938
4936
4935
4933
4932
4930
4929
4928
4929
4925
4925
4921
4919
4916
4914
4910
4909
4908
4907
4906
4904
4903
4902
4900
4900
4893
4892
4890
4889
4888
4887
4886
4884
4874
4872
4870
4867
4867
4857
4857
4856
4855
4854
4851
4850
4850
4848
4847
4846
4845
4845
4844
4842
4842
4841
4839
4838
4836
4835
4833
4832
4829
4826
4825
4822
4822
4819
4819
4818
4815
4814
4811
4809
4805
4805
4804
4803
4801
4801
4800
4799
4798
4798
4797
4797
4795
4794
4794
4794
4789
4789
4788
4787
4787
4786
4785
4782
4782
4782
4781
4780
4778
4777
4777
4776
4775
4774
4774
4786
4770
4769
4767
4767
4763
4759
4758
4758
4757
4755
4755
4753
4746
4745
4745
4744
4743
4736
4734
4734
4732
4731
4730
4729
4728
4728
4726
4725
4721
4717
4717
4733
4717
4717
4717
4716
4716
4715
4713
4712
4711
4709
4709
4708
4708
4708
4706
4705
4703
4701
4701
4703
4700
4698
4698
4697
4694
4694
4693
4692
4697
4685
4684
4683
4683
4679
4679
4678
4675
4673
4671
4671
4670
4670
4668
4668
4667
4666
4665
4664
4662
4661
4659
4657
4656
4656
4655
4653
4653
4652
4650
4648
4645
4644
4643
4643
4640
4639
4639
4638
4637
4635
4633
4630
4630
4629
4629
4629
4627
4627
4626
4625
4624
4619
4618
4618
4618
4624
4617
4617
4616
4616
4614
4611
4609
4608
4607
4607
4607
4605
4605
4605
4603
4601
4599
4599
4599
4597
4596
4595
4593
4592
4590
4590
4589
4589
4586
4585
4584
4584
4583
4581
4579
4578
4578
4577
4576
4575
4574
4574
4573
4572
4571
4570
4563
4563
4560
4557
4555
4555
4549
4548
4547
4547
4546
4543
4542
4542
4541
4541
4540
4540
4540
4539
4539
4537
4537
4535
4535
4534
4531
4529
4528
4527
4527
4526
4525
4525
4523
4521
4520
4519
4513
4512
4511
4510
4509
4509
4508
4508
4508
4506
4506
4504
4504
4503
4502
4501
4501
4500
4499
4499
4496
4496
4494
4493
4491
4490
4489
4489
4489
4489
4488
4488
4487
4486
4486
4485
4483
4480
4480
4478
4477
4474
4474
4473
4472
4471
4469
4469
4468
4467
4466
4465
4465
4464
4464
4461
4461
4460
4459
4456
4454
4451
4449
4448
4446
4445
4444
4443
4441
4441
4441
4440
4439
4438
4438
4436
4436
4436
4435
4433
4430
4427
4425
4425
4425
4424
4424
4424
4423
4423
4423
4423
4419
4419
4418
4417
4415
4415
4414
4413
4413
4412
4411
4410
4408
4408
4407
4407
4407
4404
4403
4403
4402
4402
4399
4399
4398
4396
4395
4394
4393
4393
4393
4392
4390
4388
4386
4386
4384
4384
4384
4383
4382
4382
4382
4380
4379
4377
4375
4374
4374
4374
4372
4372
4371
4366
4365
4363
4362
4361
4359
4359
4358
4357
4356
4355
4353
4352
4348
4347
4347
4346
4345
4347
4342
4338
4336
4335
4334
4334
4334
4334
4334
4331
4328
4328
4327
4326
4325
4325
4325
4324
4324
4323
4322
4322
4319
4319
4318
4316
4316
4315
4313
4312
4310
4308
4308
4307
4302
4302
4301
4300
4297
4295
4293
4293
4292
4292
4292
4291
4288
4288
4287
4286
4285
4284
4283
4283
4281
4281
4279
4279
4278
4275
4273
4273
4272
4270
4269
4266
4265
4261
4261
4261
4261
4261
4260
4259
4258
4258
4257
4256
4255
4255
4254
4252
4251
4250
4250
4249
4249
4247
4246
4242
4241
4238
4237
4237
4237
4236
4235
4235
4230
4230
4229
4229
4229
4228
4224
4223
4223
4223
4222
4221
4221
4220
4220
4220
4216
4216
4214
4212
4211
4211
4212
4210
4210
4209
4209
4208
4208
4202
4201
4200
4200
4198
4196
4196
4196
4194
4194
4193
4191
4190
4188
4187
4185
4185
4184
4206
4183
4183
4183
4180
4179
4179
4177
4176
4172
4171
4171
4171
4168
4168
4166
4166
4165
4165
4163
4163
4163
4160
4160
4158
4157
4157
4155
4155
4155
4154
4152
4152
4150
4150
4149
4148
4147
4147
4146
4146
4145
4144
4142
4141
4140
4140
4138
4137
4137
4135
4134
4132
4131
4131
4130
4130
4130
4127
4122
4119
4118
4118
4117
4116
4115
4115
4113
4112
4112
4111
4107
4106
4106
4105
4104
4104
4103
4101
4100
4100
4099
4097
4096
4094
4093
4092
4092
4091
4090
4090
4090
4090
4089
4089
4087
4086
4085
4085
4085
4083
4081
4081
4079
4078
4077
4077
4072
4071
4071
4071
4070
4068
4067
4066
4065
4064
4064
4064
4064
4063
4061
4061
4061
4060
4059
4058
4058
4058
4058
4058
4057
4057
4056
4078
4055
4054
4054
4053
4050
4051
4046
4046
4046
4045
4045
4044
4042
4041
4040
4039
4038
4037
4036
4033
4033
4033
4032
4032
4032
4032
4031
4031
4030
4043
4029
4029
4028
4024
4024
4024
4023
4023
4021
4021
4021
4020
4020
4019
4019
4017
4016
4015
4015
4015
4013
4013
4012
4011
4010
4009
4009
4009
4009
4008
4007
4006
4005
4004
4004
4003
4002
4001
4001
4000
4000
3997
3995
3994
3994
3994
3991
3991
3990
3989
3989
3986
3985
3985
3984
3980
3980
3979
3979
3978
3977
3976
3975
3974
3973
3972
3969
3969
3968
3967
3964
3964
3964
3962
3962
3962
3960
3958
3958
3955
3955
3954
3953
3952
3952
3950
3949
3948
3948
3946
3945
3942
3942
3941
3941
3937
3935
3935
3934
3934
3932
3931
3929
3928
3928
3928
3928
3927
3927
3925
3925
3924
3924
3923
3922
3921
3919
3919
3919
3918
3918
3917
3917
3913
3913
3912
3910
3910
3909
3909
3909
3908
3905
3904
3902
3902
3902
3901
3900
3900
3898
3898
3897
3896
3896
3894
3894
3893
3893
3892
3892
3892
3892
3891
3889
3888
3887
3886
3886
3885
3885
3885
3884
3883
3883
3883
3881
3881
3881
3880
3879
3879
3878
3877
3877
3876
3876
3874
3874
3873
3871
3869
3868
3868
3867
3867
3867
3867
3864
3864
3863
3861
3861
3860
3860
3860
3859
3859
3858
3858
3858
3857
3857
3856
3855
3855
3855
3854
3853
3852
3852
3851
3851
3850
3850
3849
3848
3848
3847
3845
3845
3845
3845
3843
3842
3841
3840
3840
3839
3836
3835
3834
3834
3834
3833
3833
3833
3832
3831
3831
3830
3829
3838
3828
3825
3824
3822
3817
3817
3815
3815
3815
3814
3813
3813
3813
3811
3811
3811
3811
3809
3809
3808
3808
3808
3807
3807
3806
3805
3805
3804
3804
3803
3803
3803
3802
3800
3797
3797
3795
3794
3794
3793
3793
3792
3791
3791
3788
3787
3786
3789
3785
3784
3783
3783
3782
3780
3777
3777
3776
3776
3776
3776
3775
3774
3774
3771
3772
3769
3767
3765
3762
3762
3762
3762
3761
3760
3760
3760
3759
3758
3757
3757
3757
3756
3756
3756
3756
3754
3752
3752
3752
3751
3751
3750
3750
3748
3748
3747
3745
3744
3742
3742
3741
3740
3740
3740
3739
3738
3736
3736
3736
3735
3735
3735
3734
3734
3734
3734
3733
3733
3732
3732
3732
3731
3731
3731
3730
3730
3730
3729
3729
3729
3728
3728
3726
3726
3726
3726
3725
3724
3723
3722
3722
3722
3720
3719
3718
3718
3717
3717
3716
3715
3714
3714
3713
3713
3713
3712
3710
3710
3709
3707
3706
3706
3705
3705
3704
3703
3703
3702
3701
3701
3700
3699
3698
3698
3696
3691
3691
3690
3690
3688
3686
3685
3684
3684
3683
3682
3681
3681
3680
3680
3679
3678
3678
3678
3677
3676
3674
3674
3673
3672
3671
3671
3670
3669
3668
3668
3667
3667
3666
3666
3665
3665
3665
3664
3663
3663
3663
3663
3661
3660
3658
3658
3655
3654
3654
3654
3653
3653
3652
3651
3651
3650
3649
3649
3648
3648
3647
3647
3647
3645
3643
3642
3641
3637
3636
3635
3634
3634
3633
3633
3632
3632
3632
3631
3630
3630
3630
3626
3626
3625
3625
3625
3623
3623
3622
3622
3622
3621
3620
3620
3620
3620
3619
3619
3618
3618
3618
3617
3617
3615
3615
3615
3613
3613
3612
3612
3612
3610
3610
3610
3609
3609
3609
3609
3608
3607
3607
3607
3606
3606
3606
3606
3603
3602
3600
3600
3600
3599
3599
3597
3596
3596
3595
3595
3594
3594
3594
3591
3591
3590
3589
3589
3589
3588
3588
3587
3586
3586
3585
3585
3584
3584
3584
3583
3582
3580
3578
3578
3576
3575
3575
3575
3575
3574
3573
3571
3571
3571
3571
3570
3569
3569
3569
3568
3567
3567
3567
3567
3565
3565
3565
3564
3564
3563
3563
3563
3563
3562
3560
3560
3559
3559
3558
3577
3557
3557
3556
3555
3555
3555
3555
3555
3553
3553
3552
3552
3552
3551
3551
3551
3551
3550
3549
3548
3546
3545
3544
3544
3543
3543
3542
3542
3541
3541
3540
3540
3539
3539
3536
3535
3535
3534
3534
3534
3531
3530
3529
3529
3529
3528
3528
3527
3527
3527
3527
3525
3525
3524
3524
3523
3523
3522
3522
3521
3520
3520
3520
3520
3519
3519
3519
3519
3518
3518
3516
3515
3515
3515
3514
3514
3514
3513
3513
3512
3512
3512
3511
3510
3509
3509
3508
3552
3508
3508
3507
3505
3505
3502
3499
3499
3499
3498
3498
3497
3496
3496
3496
3496
3496
3495
3493
3492
3492
3492
3490
3490
3489
3488
3488
3488
3487
3487
3487
3486
3486
3485
3484
3484
3484
3484
3483
3483
3483
3482
3480
3480
3479
3479
3478
3477
3477
3476
3475
3475
3474
3474
3473
3472
3472
3471
3469
3469
3469
3469
3468
3468
3467
3467
3467
3465
3465
3465
3464
3464
3462
3462
3460
3460
3460
3459
3459
3458
3458
3458
3457
3457
3454
3454
3453
3452
3452
3451
3450
3449
3449
3449
3449
3449
3446
3446
3444
3444
3444
3443
3443
3442
3442
3441
3441
3441
3438
3438
3438
3437
3436
3436
3435
3434
3434
3433
3432
3432
3432
3431
3430
3429
3428
3427
3426
3425
3425
3424
3423
3423
3422
3422
3422
3421
3421
3420
3420
3419
3418
3418
3418
3418
3417
3417
3415
3415
3414
3414
3413
3413
3412
3412
3412
3411
3411
3410
3410
3409
3409
3408
3407
3405
3405
3405
3404
3404
3403
3401
3400
3400
3399
3398
3398
3397
3395
3394
3392
3390
3389
3389
3388
3387
3386
3386
3385
3384
3383
3383
3383
3382
3382
3381
3380
3379
3379
3378
3377
3377
3376
3375
3375
3375
3375
3374
3374
3374
3374
3373
3373
3373
3373
3372
3371
3370
3369
3368
3368
3368
3368
3367
3366
3364
3364
3363
3363
3362
3362
3361
3360
3360
3359
3358
3358
3357
3357
3356
3355
3354
3354
3354
3353
3353
3353
3353
3352
3352
3351
3351
3351
3350
3349
3349
3349
3346
3346
3345
3346
3343
3343
3340
3340
3338
3337
3336
3335
3334
3333
3332
3332
3332
3332
3332
3331
3331
3331
3331
3331
3330
3330
3329
3329
3328
3328
3328
3326
3326
3326
3324
3324
3323
3323
3323
3323
3319
3319
3319
3319
3318
3318
3317
3317
3317
3317
3316
3316
3316
3316
3315
3315
3314
3314
3312
3311
3310
3310
3310
3308
3308
3304
3304
3303
3193
3303
3302
3302
3301
3301
3300
3299
3299
3298
3298
3298
3298
3297
3296
3296
3296
3296
3294
3293
3293
3293
3293
3292
3291
3290
3289
3289
3288
3287
3287
3287
3284
3283
3283
3283
3282
3281
3281
3280
3279
3278
3278
3277
3277
3276
3276
3276
3274
3274
3274
3274
3273
3273
3273
3272
3272
3272
3272
3271
3270
3270
3269
3269
3268
3268
3267
3267
3266
3264
3264
3264
3263
3262
3262
3261
3261
3261
3261
3260
3259
3258
3256
3256
3256
3256
3256
3253
3252
3251
3251
3250
3250
3250
3249
3249
3248
3248
3248
3247
3247
3247
3246
3246
3246
3246
3245
3245
3244
3244
3243
3243
3242
3242
3241
3241
3241
3241
3239
3239
3238
3237
3237
3237
3237
3236
3235
3234
3234
3234
3233
3232
3232
3231
3230
3230
3229
3229
3228
3227
3227
3226
3225
3224
3224
3223
3223
3225
3221
3220
3220
3219
3218
3218
3218
3218
3217
3215
3215
3214
3212
3210
3210
3209
3209
3207
3207
3206
3206
3205
3204
3203
3203
3203
3202
3202
3201
3201
3201
3198
3198
3197
3196
3195
3194
3194
3194
3193
3192
3192
3192
3191
3205
3188
3187
3186
3190
3185
3185
3185
3185
3185
3184
3183
3182
3182
3181
3181
3181
3181
3180
3180
3179
3179
3179
3178
3178
3178
3178
3178
3177
3177
3176
3176
3175
3174
3173
3172
3172
3172
3170
3169
3168
3167
3166
3165
3167
3165
3165
3164
3164
3164
3163
3163
3163
3162
3162
3161
3160
3160
3160
3158
3156
3156
3156
3154
3154
3154
3154
3154
3153
3152
3151
3151
3151
3150
3150
3149
3149
3148
3147
3146
3145
3145
3144
3144
3144
3144
3143
3143
3143
3142
3142
3142
3142
3142
3142
3141
3141
3140
3140
3139
3138
3138
3138
3138
3136
3136
3134
3133
3133
3132
3132
3131
3131
3131
3131
3130
3130
3129
3129
3128
3128
3127
3127
3125
3124
3124
3124
3124
3123
3122
3122
3122
3121
3121
3121
3120
3119
3119
3119
3118
3118
3117
3116
3116
3116
3116
3115
3115
3115
3115
3113
3113
3113
3112
3112
3112
3111
3111
3126
3111
3109
3108
3108
3108
3108
3108
3106
3105
3105
3104
3104
3104
3104
3103
3102
3102
3102
3102
3101
3100
3100
3100
3100
3098
3098
3098
3097
3096
3096
3096
3095
3095
3095
3095
3094
3093
3093
3092
3092
3092
3092
3092
3091
3091
3091
3090
3089
3089
3089
3089
3089
3088
3087
3086
3085
3085
3083
3082
3082
3081
3081
3081
3081
3081
3080
3079
3079
3079
3079
3078
3078
3077
3077
3076
3076
3075
3075
3073
3073
3072
3072
3072
3072
3071
3071
3071
3070
3070
3069
3068
3068
3068
3067
3067
3066
3066
3065
3065
3064
3064
3062
3062
3060
3060
3060
3058
3058
3058
3057
3057
3057
3057
3056
3056
3055
3055
3054
3054
3053
3053
3053
3052
3052
3052
3052
3051
3051
3050
3050
3050
3050
3049
3048
3048
3047
3047
3047
3045
3045
3045
3045
3044
3044
3043
3043
3042
3042
3041
3041
3040
3040
3039
3039
3038
3038
3038
3038
3036
3035
3035
3034
3034
3034
3033
3033
3031
3030
3030
3030
3030
3029
3029
3028
3027
3026
3025
3025
3025
3024
3023
3023
3023
3021
3021
3021
3020
3019
3019
3018
3018
3018
3017
3017
3016
3015
3015
3015
3014
3014
3014
3014
3014
3013
3013
3012
3011
3011
3011
3011
3010
3009
3009
3009
3008
3007
3007
3006
3006
3005
3005
3005
3004
3004
3004
3003
3001
3001
3001
3000
3000
3000
3008
