247060
213132
204568
195431
195133
187490
150213
106214
104719
103850
103030
101807
99935
99702
95325
91244
90881
87001
83111
77341
77018
76897
75695
72879
71644
70006
69200
68948
67525
66525
65586
65487
65068
62971
60070
58118
58020
57428
55354
54270
52064
51302
49498
49447
48821
48734
48333
47148
47052
46159
44872
44680
44099
43883
43354
43181
43106
42522
42113
41700
41533
41473
41084
40709
40232
40210
39773
39190
38894
38853
38716
38540
38092
37749
37567
37453
37102
36594
35886
35840
35611
35334
35184
33755
33745
33704
32563
32096
31493
31487
31259
30710
30481
30074
30036
29843
28781
28757
28641
28409
28399
28371
28362
28225
28129
27472
27464
27372
27014
26979
26827
26747
26652
26541
26414
25826
25100
24813
24711
24440
24313
24238
23934
23805
23706
23458
23310
23165
22811
22592
22203
22053
21917
21880
21861
21748
21076
20620
20538
20427
20393
20345
19958
19783
19721
19715
19715
19407
19147
19037
18964
18923
18611
18528
18526
18496
18364
18239
18204
17913
17857
17778
17625
17269
17134
17054
16914
16895
16708
16643
16284
16149
16125
16121
15913
15882
15789
15720
15535
15455
15407
15400
15308
15291
15202
15143
15109
15088
15038
15002
14853
14841
14750
14683
14668
14659
14413
14352
14350
14159
14121
14098
14071
13920
13878
13770
13665
13621
13494
13446
13432
13415
13379
13298
12969
12878
12782
12765
12743
12632
12559
12537
12533
12392
12448
12407
12325
12286
12278
12263
12149
12086
12006
11960
11888
11826
11754
11698
11692
11636
11599
11574
11517
11511
11432
11431
11287
11275
11231
11121
11114
11103
11097
11037
10973
10926
10845
10496
10399
10295
10283
10280
10276
10270
10198
10169
10125
10041
9993
9885
9869
9849
9844
9843
9785
9762
9759
9682
9657
9616
9578
9568
9539
9437
9426
9423
9421
9376
9353
9231
9230
9187
9163
9163
9129
9043
9011
9010
8993
8974
8938
8902
8841
8751
8750
8717
8703
8695
8677
8642
8633
8557
8550
8542
8532
8511
8496
8472
8471
8464
8459
8442
8403
8358
8341
8329
8279
8229
8226
8226
8209
8116
8077
8067
8058
8044
8018
7952
7909
7909
7902
7876
7856
7848
7840
7821
7805
7797
7793
7748
7746
7738
7705
7685
7680
7661
7652
7642
7564
7534
7522
7497
7467
7440
7324
7320
7305
7293
7251
7246
7216
7210
7206
7200
7177
7174
7151
7130
7100
7088
7052
7049
7007
6966
6948
6937
6918
6909
6872
6791
6780
6708
6701
6696
6682
6681
6638
6610
6599
6572
6534
6516
6504
6493
6460
6364
6320
6305
6291
6284
6271
6239
6219
6192
6188
6170
6144
6078
6055
6028
6023
6005
5997
5994
5983
5965
5944
5935
5932
5919
5896
5874
5856
5856
5845
5831
5824
5822
5806
5806
5798
5759
5738
5728
5726
5713
5712
5697
5690
5689
5684
5673
5647
5638
5634
5624
5609
5602
5554
5512
5493
5493
5485
5467
5461
5438
5433
5432
5409
5394
5386
5382
5373
5369
5369
5359
5350
5338
5327
5326
5322
5321
5321
5318
5289
5288
5286
5256
5255
5244
5243
5236
5213
5205
5194
5173
5172
5125
5120
5113
5111
5103
5084
5076
5060
5056
5050
5047
5044
5030
5022
5019
5017
5008
4999
4989
4979
4952
4932
4930
4928
4917
4911
4906
4906
4894
4864
4855
4853
4836
4826
4824
4807
4804
4801
4788
4786
4783
4775
4771
4771
4761
4757
4757
4757
4755
4742
4736
4728
4723
4718
4717
4716
4709
4687
4667
4662
4658
4657
4644
4639
4635
4618
4612
4609
4594
4592
4587
4584
4576
4561
4552
4547
4532
4532
4529
4523
4519
4519
4518
4508
4501
4494
4485
4484
4462
4458
4449
4448
4443
4439
4438
4434
4433
4427
4423
4420
4404
4398
4397
4392
4391
4380
4379
4373
4348
4334
4333
4326
4319
4311
4306
4298
4296
4281
4276
4271
4260
4251
4240
4227
4220
4219
4215
4209
4205
4202
4196
4194
4186
4181
4181
4180
4174
4174
4168
4156
4156
4142
4136
4135
4113
4108
4090
4085
4076
4058
4054
4052
4052
4048
4041
4040
4040
4038
4023
4017
4012
4004
3998
3997
3996
3991
3990
3982
3978
3964
3962
3960
3959
3953
3952
3948
3946
3945
3944
3937
3936
3927
3925
3925
3924
3922
3921
3907
3907
3899
3898
3894
3894
3891
3890
3889
3885
3884
3875
3871
3871
3869
3866
3862
3857
3855
3854
3851
3849
3847
3842
3841
3839
3838
3838
3834
3828
3825
3825
3820
3816
3814
3811
3807
3806
3806
3801
3799
3795
3794
3793
3788
3785
3785
3775
3775
3766
3763
3751
3746
3742
3742
3741
3740
3740
3739
3733
3730
3725
3722
3702
3693
3691
3691
3678
3677
3675
3660
3655
3655
3648
3633
3632
3625
3623
3615
3611
3607
3606
3597
3588
3587
3582
3581
3580
3578
3578
3577
3576
3575
3574
3572
3570
3567
3567
3559
3558
3558
3550
3545
3545
3544
3543
3542
3542
3541
3540
3533
3523
3523
3521
3521
3521
3512
3508
3506
3505
3493
3491
3488
3484
3481
3480
3479
3475
3475
3474
3474
3472
3462
3461
3459
3457
3442
3442
3440
3430
3430
3429
3428
3424
3420
3420
3420
3419
3418
3413
3412
3411
3399
3395
3388
3384
3376
3374
3374
3373
3372
3371
3369
3364
3364
3364
3358
3352
3347
3345
3344
3342
3339
3336
3334
3332
3331
3322
3318
3317
3314
3312
3311
3307
3301
3300
3299
3299
3299
3295
3295
3289
3287
3285
3282
3279
3276
3272
3266
3263
3251
3250
3247
3247
3247
3242
3241
3235
3235
3235
3235
3233
3230
3229
3224
3217
3215
3214
3214
3210
3208
3205
3204
3202
3200
3199
3196
3195
3193
3193
3191
3189
3187
3186
3184
3183
3180
3178
3173
3168
3167
3163
3160
3155
3155
3154
3147
3146
3145
3145
3144
3142
3133
3128
3127
3127
3125
3121
3121
3115
3110
3108
3107
3105
3105
3101
3099
3099
3097
3095
3092
3091
3091
3085
3085
3084
3077
3068
3066
3063
3063
3060
3057
3055
3055
3054
3052
3050
3049
3046
3045
3040
3039
3037
3036
3035
3033
3032
3031
3030
3029
3027
3026
3023
3021
3019
3019
3015
3013
3011
3010
3010
3006
3005
3002
3001
