480506
473847
360097
296696
294847
272621
269177
247903
220067
214236
210040
203455
202533
194713
189066
178295
170475
169276
165064
163671
157004
156254
152627
145080
137078
136914
135785
133612
133158
132599
130601
129905
123739
123476
121824
121722
119373
119289
116636
113605
111411
111061
109361
109116
108003
105976
105341
103675
102772
102253
101869
100915
100267
94637
93920
93123
92067
90092
88924
88004
87974
87453
87252
87241
86797
86170
85765
85348
85259
84847
84472
84321
83415
83051
82365
82033
82014
81721
81672
80915
80099
79372
79057
78917
78873
78743
77428
77000
76295
74312
73914
72987
72940
72026
71184
71174
70788
70631
70372
70100
68803
68021
67420
67169
66588
66410
65611
64946
64539
63249
62535
62126
61771
61575
61493
61266
61236
60234
60205
60135
59910
59327
58674
58664
58286
57879
57717
57492
57490
57251
57246
57170
57146
56978
56878
56332
55945
55569
55552
55387
55259
54820
54661
54231
54149
54054
53953
53779
53494
53301
53017
52821
52820
52161
52003
51499
51476
51015
50974
50969
50798
50775
50682
50556
50469
50243
50132
50080
49671
49583
49545
49314
48984
48943
48474
48405
48327
48259
48231
48230
47976
47617
47571
47178
46624
46605
46517
45716
45264
45240
44622
44153
43693
43612
43405
43388
43275
43218
43198
43106
43065
42934
42915
42160
42139
41954
41915
41894
41767
41732
41684
41567
41446
41210
41022
41018
40990
40796
40482
40282
40268
40227
40189
40079
40041
39842
39650
39450
39290
39158
39075
39068
39003
38947
38754
38750
38618
38555
38554
38329
38303
38277
38249
38248
38173
38156
38035
37956
37874
37830
37781
37779
37777
37729
37585
37183
37103
37073
36975
36959
36891
36873
36755
36520
36436
36404
36371
36096
35825
35672
35619
35583
35510
35461
35407
35352
35331
35205
35020
34922
34887
34163
34013
33868
33853
33798
33708
33706
33648
33603
33561
33436
33414
33309
33224
33187
33150
33047
32834
32624
32563
32485
32463
32458
32431
32353
32314
32302
32265
32103
31878
31780
31741
31595
31591
31542
31533
31449
31315
31290
31283
31266
31048
31008
30866
30814
30678
30675
30568
30535
30318
30309
30297
30239
30199
30195
30083
30008
29817
29743
29666
29626
29622
29621
29615
29599
29558
29531
29470
29399
29367
29241
29195
29101
29040
28985
28951
28932
28908
28803
28790
28759
28711
28701
28532
28485
28459
28457
28425
28288
28275
28249
28234
28158
28065
28015
27885
27812
27699
27695
27687
27669
27664
27515
27452
27437
27348
27259
27129
27079
26965
26884
26723
26509
26485
26447
26344
26279
26179
26170
26127
26086
26058
26057
26006
25979
25929
25924
25920
25901
25818
25765
25744
25724
25652
25647
25635
25598
25554
25478
25433
25356
25327
25323
25319
25308
25299
25267
25244
25236
25167
25043
24976
24970
24947
24884
24858
24756
24725
24721
24707
24558
24557
24512
24490
24437
24390
24204
24159
24147
24133
24131
24121
24091
24088
24084
24053
24014
24002
23781
23618
23585
23485
23463
23358
23278
23272
23192
23185
23174
23093
23031
22952
22917
22857
22812
22803
22771
22761
22674
22592
22590
22562
22534
22459
22437
22422
22392
22369
22293
22286
22262
22258
22246
22205
22109
22101
21996
21991
21967
21777
21702
21700
21682
21668
21661
21593
21592
21543
21527
21416
21372
21349
21316
21191
21170
21156
21153
21057
20992
20984
20947
20919
20897
20893
20864
20769
20736
20733
20698
20405
20382
20372
20314
20308
20304
20266
20262
20219
20211
20169
20099
20075
20002
19994
19920
19916
19899
19886
19783
19745
19676
19657
19655
19654
19651
19639
19600
19596
19591
19461
19432
19420
19408
19402
19382
19368
19357
19351
19337
19291
19263
19227
19223
19220
19168
19123
19109
19066
19039
19031
19012
19012
18993
18983
18948
18917
18868
18827
18820
18818
18818
18770
18765
18763
18740
18739
18716
18700
18621
18560
18512
18501
18449
18403
18394
18377
18366
18350
18350
18221
18220
18188
18169
18125
18097
18093
18082
18061
18059
18056
18056
17997
17876
17822
17821
17812
17785
17764
17749
17719
17711
17705
17704
17681
17680
17667
17662
17588
17562
17557
17551
17544
17534
17529
17515
17501
17471
17389
17381
17365
17306
17302
17293
17281
17276
17251
17226
17221
17214
17203
17188
17181
17180
17152
17151
17136
17106
17106
17090
17057
17043
17037
17013
17004
16981
16976
16913
16903
16871
16843
16827
16822
16820
16803
16801
16776
16771
16762
16760
16756
16741
16738
16735
16721
16715
16708
16706
16695
16647
16643
16636
16623
16617
16611
16602
16578
16569
16564
16563
16554
16548
16523
16519
16499
16491
16470
16459
16436
16431
16420
16415
16410
16398
16386
16340
16330
16319
16266
16265
16261
16222
16206
16197
16190
16179
16160
16150
16146
16144
16137
16115
16106
16094
16069
16008
16002
15994
15991
15966
15944
15855
15851
15841
15839
15823
15808
15787
15773
15769
15766
15744
15732
15725
15721
15716
15715
15706
15677
15666
15627
15617
15615
15594
15587
15567
15562
15545
15486
15486
15469
15455
15433
15432
15419
15416
15407
15370
15368
15361
15341
15336
15320
15305
15277
15263
15262
15260
15239
15233
15211
15205
15155
15150
15128
15125
15108
15105
15077
15067
15054
15034
15026
15011
14982
14975
14934
14907
14904
14902
14853
14847
14806
14792
14791
14778
14764
14736
14710
14698
14663
14646
14641
14632
14622
14618
14606
14594
14587
14580
14575
14534
14504
14485
14485
14446
14419
14413
14408
14395
14385
14322
14308
14305
14285
14261
14224
14218
14200
14189
14175
14166
14162
14159
14155
14120
14120
14103
14101
14100
14087
14049
13996
13969
13945
13943
13923
13916
13894
13884
13879
13867
13831
13822
13755
13725
13712
13708
13701
13676
13674
13673
13669
13667
13640
13619
13605
13596
13582
13580
13575
13558
13558
13532
13489
13469
13443
13438
13403
13401
13377
13368
13354
13338
13335
13312
13302
13296
13290
13281
13262
13261
13258
13251
13249
13226
13213
13204
13201
13190
13185
13182
13173
13170
13164
13158
13150
13149
13147
13146
13142
13132
13131
13127
13115
13112
13089
13087
13074
13069
13063
13062
13031
13014
13014
13005
13001
12970
12967
12963
12960
12914
12901
12898
12896
12891
12890
12888
12869
12867
12864
12856
12851
12829
12826
12801
12792
12792
12784
12768
12755
12752
12748
12722
12722
12708
12708
12704
12679
12671
12664
12632
12621
12619
12605
12591
12584
12549
12547
12547
12538
12523
12520
12505
12484
12465
12451
12450
12449
12440
12418
12408
12408
12406
12397
12394
12394
12393
12391
12382
12378
12366
12359
12353
12345
12344
12339
12336
12319
12309
12293
12292
12267
12264
12261
12248
12245
12241
12233
12226
12225
12217
12202
12188
12185
12176
12163
12154
12137
12131
12126
12107
12104
12103
12103
12093
12073
12056
12054
12041
12043
11990
11985
11983
11951
11940
11934
11893
11869
11858
11825
11818
11816
11802
11797
11791
11787
11784
11773
11767
11764
11757
11748
11730
11716
11709
11696
11682
11672
11661
11660
11644
11634
11627
11627
11622
11597
11587
11586
11583
11579
11569
11567
11563
11562
11562
11559
11557
11556
11553
11524
11522
11500
11485
11465
11459
11450
11441
11435
11432
11431
11428
11427
11420
11352
11351
11344
11340
11340
11339
11337
11336
11336
11334
11331
11329
11317
11298
11290
11283
11281
11276
11269
11268
11268
11259
11244
11240
11229
11215
11209
11200
11198
11198
11196
11170
11164
11163
11153
11141
11137
11135
11132
11130
11121
11119
11113
11102
11102
11090
11088
11088
11088
11083
11050
11038
11031
11023
11020
11007
11001
10985
10982
10965
10965
10952
10949
10937
10930
10929
10929
10916
10915
10913
10902
10900
10891
10891
10882
10881
10881
10880
10878
10877
10871
10869
10856
10848
10845
10828
10827
10817
10813
10812
10805
10791
10787
10767
10767
10766
10762
10743
10730
10720
10710
10698
10698
10695
10684
10678
10669
10668
10665
10664
10656
10654
10635
10633
10631
10629
10626
10609
10607
10600
10599
10580
10578
10575
10573
10573
10571
10570
10568
10556
10544
10541
10538
10536
10533
10522
10505
10498
10496
10493
10473
10461
10458
10456
10455
10454
10453
10448
10446
10429
10425
10424
10400
10396
10391
10389
10386
10384
10384
10379
10365
10357
10354
10353
10348
10335
10333
10326
10326
10317
10315
10300
10297
10289
10281
10280
10279
10277
10276
10273
10268
10268
10261
10261
10258
10236
10235
10234
10205
10205
10204
10202
10198
10197
10194
10190
10190
10188
10177
10170
10168
10166
10159
10158
10153
10133
10126
10120
10112
10103
10102
10100
10090
10078
10076
10074
10053
10051
10043
10034
10024
10023
10020
10016
9999
9994
9979
9978
9971
9965
9955
9939
9937
9937
9937
9929
9928
9926
9921
9919
9915
9906
9905
9902
9892
9892
9885
9874
9873
9868
9859
9858
9853
9849
9812
9808
9803
9792
9790
9790
9787
9785
9761
9756
9754
9745
9736
9732
9708
9704
9700
9698
9694
9684
9684
9667
9652
9648
9640
9638
9630
9625
9624
9616
9613
9612
9607
9605
9602
9590
9589
9589
9575
9571
9568
9568
9567
9555
9537
9535
9532
9528
9523
9521
9518
9518
9515
9512
9509
9493
9491
9488
9487
9479
9477
9458
9452
9432
9430
9426
9424
9419
9410
9408
9405
9403
9378
9373
9368
9365
9364
9360
9350
9347
9344
9343
9342
9342
9340
9336
9335
9330
9329
9326
9326
9322
9319
9312
9306
9300
9297
9293
9286
9281
9277
9272
9268
9262
9258
9255
9248
9248
9248
9245
9241
9228
9222
9218
9200
9199
9191
9185
9183
9179
9178
9176
9169
9168
9167
9165
9163
9143
9134
9124
9118
9111
9108
9105
9103
9103
9101
9100
9097
9092
9088
9087
9082
9079
9067
9066
9061
9060
9051
9047
9047
9040
9033
9033
9030
9029
9023
9023
9017
9014
9012
9011
9003
8989
8987
8987
8985
8984
8982
8981
8978
8977
8976
8975
8973
8972
8969
8968
8967
8966
8961
8960
8958
8957
8956
8955
8954
8952
8948
8942
8940
8931
8928
8926
8924
8921
8916
8914
8906
8906
8891
8890
8888
8883
8878
8878
8877
8876
8872
8863
8859
8848
8846
8841
8835
8835
8835
8829
8826
8825
8825
8825
8824
8813
8807
8807
8803
8778
8778
8775
8773
8772
8772
8771
8763
8759
8757
8756
8754
8753
8746
8744
8742
8741
8741
8739
8737
8733
8731
8726
8725
8724
8723
8722
8719
8713
8700
8698
8697
8693
8691
8690
8689
8684
8674
8666
8666
8661
8659
8658
8652
8637
8636
8635
8633
8633
8627
8624
8619
8618
8617
8613
8610
8600
8598
8598
8594
8593
8587
8585
8585
8575
8568
8568
8555
8550
8546
8544
8543
8542
8541
8538
8523
8522
8517
8514
8510
8509
8507
8493
8486
8485
8485
8484
8478
8476
8473
8469
8466
8448
8445
8445
8445
8443
8440
8438
8436
8432
8431
8423
8417
8412
8410
8410
8409
8405
8398
8390
8388
8387
8382
8380
8380
8380
8375
8371
8367
8364
8364
8352
8352
8348
8347
8339
8339
8333
8323
8321
8315
8302
8299
8276
8268
8264
8264
8258
8240
8240
8237
8235
8232
8231
8230
8229
8229
8227
8220
8219
8215
8212
8211
8209
8207
8200
8199
8198
8196
8194
8188
8186
8183
8179
8177
8177
8176
8175
8169
8162
8160
8157
8154
8150
8145
8143
8140
8132
8128
8118
8116
8115
8114
8112
8111
8095
8088
8087
8087
8087
8086
8079
8073
8073
8071
8069
8054
8047
8043
8042
8038
8035
8035
8030
8029
8029
8023
8021
8013
8007
8006
8006
7996
7996
7995
7994
7994
7992
7988
7985
7985
7982
7982
7871
7977
7977
7975
7972
7970
7959
7958
7957
7946
7946
7944
7943
7938
7937
7933
7921
7912
7907
7905
7902
7889
7887
7878
7877
7873
7869
7865
7864
7862
7861
7858
7856
7853
7852
7846
7845
7844
7842
7842
7840
7838
7834
7831
7829
7823
7822
7820
7814
7810
7810
7810
7801
7799
7799
7795
7787
7787
7786
7785
7777
7772
7771
7771
7771
7766
7765
7764
7764
7757
7751
7743
7741
7740
7740
7735
7732
7729
7725
7722
7721
7714
7713
7708
7701
7698
7695
7680
7680
7679
7676
7675
7673
7668
7663
7662
7661
7659
7657
7655
7654
7654
7644
7643
7643
7642
7641
7630
7629
7624
7616
7616
7613
7612
7611
7607
7603
7597
7597
7596
7596
7594
7594
7592
7586
7585
7582
7581
7580
7578
7577
7576
7574
7574
7572
7557
7554
7554
7554
7561
7551
7551
7545
7544
7542
7540
7538
7538
7537
7536
7525
7514
7510
7509
7508
7506
7506
7503
7502
7499
7498
7494
7494
7490
7490
7486
7486
7484
7483
7482
7482
7474
7473
7469
7464
7461
7459
7458
7458
7455
7454
7453
7449
7446
7445
7445
7444
7443
7435
7428
7427
7422
7422
7421
7415
7409
7405
7397
7394
7393
7393
7389
7389
7385
7372
7368
7368
7364
7361
7358
7356
7355
7353
7353
7352
7346
7344
7339
7334
7333
7332
7329
7329
7328
7326
7325
7323
7318
7315
7315
7314
7313
7312
7312
7308
7302
7297
7297
7294
7293
7283
7282
7282
7280
7274
7272
7265
7263
7259
7258
7257
7255
7253
7253
7252
7249
7249
7248
7246
7240
7239
7238
7238
7238
7237
7235
7229
7227
7223
7223
7219
7218
7217
7215
7213
7210
7208
7204
7202
7197
7194
7193
7191
7191
7191
7189
7185
7183
7182
7181
7180
7180
7177
7177
7175
7175
7174
7173
7171
7163
7161
7155
7155
7153
7147
7143
7134
7132
7130
7129
7128
7124
7124
7123
7118
7115
7112
7109
7109
7108
7102
7101
7101
7095
7092
7092
7088
7087
7086
7085
7084
7083
7082
7081
7081
7076
7075
7070
7069
7067
7067
7065
7059
7052
7051
7048
7047
7046
7045
7042
7040
7034
7031
7029
7028
7023
7019
7014
7013
7012
7010
7005
7003
7002
6998
6997
6997
6992
6990
6989
6984
6983
6982
6980
6979
6970
6966
6966
6965
6964
6963
6956
6953
6948
6947
6946
6941
6940
6935
6933
6932
6931
6930
6926
6923
6922
6921
6921
6915
6915
6913
6912
6910
6902
6895
6892
6885
6885
6876
6871
6871
6867
6863
6863
6860
6860
6860
6852
6849
6840
6840
6839
6838
6837
6835
6834
6834
6826
6824
6823
6821
6821
6819
6818
6811
6809
6808
6807
6806
6801
6797
6797
6796
6795
6791
6787
6784
6782
6782
6782
6777
6774
6769
6768
6766
6764
6757
6756
6756
6753
6751
6750
6747
6746
6735
6732
6731
6730
6724
6721
6717
6710
6710
6707
6704
6704
6702
6702
6697
6696
6696
6696
6695
6695
6692
6692
6690
6686
6685
6683
6682
6680
6680
6678
6675
6675
6673
6672
6672
6671
6666
6664
6661
6661
6660
6660
6658
6656
6655
6654
6646
6644
6642
6640
6636
6630
6623
6622
6621
6620
6616
6615
6614
6612
6610
6609
6608
6607
6606
6600
6593
6592
6591
6590
6588
6586
6584
6582
6582
6577
6577
6577
6575
6572
6571
6568
6561
6557
6556
6556
6551
6550
6548
6544
6543
6541
6539
6537
6534
6533
6531
6530
6522
6522
6517
6516
6513
6512
6510
6509
6508
6508
6507
6505
6503
6503
6501
6500
6500
6499
6499
6499
6498
6491
6491
6489
6486
6485
6483
6483
6479
6479
6479
6477
6470
6469
6468
6468
6466
6466
6465
6463
6463
6460
6460
6459
6456
6455
6453
6450
6446
6446
6444
6444
6443
6442
6441
6438
6438
6437
6435
6434
6433
6436
6430
6429
6427
6426
6420
6418
6417
6413
6413
6411
6408
6408
6408
6408
6406
6405
6405
6403
6403
6403
6400
6397
6397
6396
6392
6391
6388
6387
6386
6386
6381
6381
6378
6376
6373
6371
6371
6371
6369
6368
6368
6366
6359
6358
6358
6357
6356
6353
6352
6351
6350
6348
6346
6343
6342
6341
6341
6337
6336
6336
6334
6334
6333
6332
6332
6328
6328
6328
6322
6321
6321
6319
6319
6318
6318
6317
6316
6315
6313
6310
6310
6310
6310
6306
6195
6304
6304
6303
6302
6301
6300
6297
6297
6296
6294
6288
6288
6287
6287
6285
6281
6279
6278
6277
6277
6277
6273
6272
6269
6267
6265
6264
6264
6263
6262
6262
6258
6258
6255
6253
6239
6236
6234
6230
6229
6229
6225
6224
6224
6223
6223
6223
6221
6220
6218
6214
6213
6213
6211
6209
6207
6204
6202
6198
6196
6196
6195
6193
6190
6189
6185
6184
6183
6182
6177
6174
6174
6173
6171
6171
6170
6169
6168
6165
6162
6160
6159
6159
6158
6157
6156
6155
6154
6153
6150
6147
6146
6146
6143
6142
6141
6139
6138
6138
6138
6137
6136
6135
6135
6134
6134
6130
6129
6126
6126
6122
6122
6121
6119
6116
6115
6114
6112
6112
6110
6109
6105
6102
6102
6100
6098
6097
6095
6094
6093
6092
6092
6090
6088
6086
6085
6085
6081
6081
6080
6078
6073
6073
6071
6071
6070
6069
6068
6066
6065
6062
6062
6061
6060
6059
6058
6058
6057
6056
6053
6052
6052
6052
6048
6048
6044
6042
6037
6036
6036
6035
6035
6035
6034
6030
6030
6028
6023
6022
6022
6019
6015
6012
6011
6010
6007
6002
6001
6001
5999
5999
5997
5997
5997
5995
5994
5992
5988
5988
5987
5986
5985
5984
5984
5982
5982
5978
5975
5974
5972
5972
5971
5971
5970
5970
5966
5964
5963
5963
5960
5960
5959
5959
5958
5957
5955
5954
5953
5945
5944
5943
5941
5934
5932
5931
5930
5929
5927
5924
5923
5922
5921
5920
5920
5917
5917
5914
5911
5906
5904
5903
5903
5900
5899
5898
5896
5894
5893
5890
5890
5889
5887
5884
5879
5877
5875
5873
5872
5872
5870
5870
5870
5868
5865
5864
5864
5863
5863
5862
5857
5854
5850
5848
5847
5846
5845
5844
5843
5842
5842
5841
5840
5840
5839
5839
5837
5835
5833
5833
5832
5831
5831
5828
5828
5821
5820
5819
5817
5816
5815
5814
5812
5809
5809
5808
5804
5804
5803
5802
5802
5800
5797
5797
5797
5796
5796
5794
5793
5790
5788
5788
5787
5787
5784
5784
5783
5782
5782
5780
5779
5777
5776
5771
5769
5768
5767
5766
5764
5764
5764
5763
5763
5760
5760
5757
5756
5756
5755
5754
5752
5750
5748
5745
5741
5741
5741
5740
5734
5733
5733
5732
5732
5728
5727
5726
5725
5724
5723
5720
5719
5716
5715
5713
5712
5711
5710
5709
5709
5708
5706
5704
5703
5703
5703
5700
5700
5699
5696
5695
5694
5691
5690
5688
5687
5683
5682
5682
5681
5680
5679
5677
5677
5675
5673
5672
5671
5670
5665
5664
5663
5663
5661
5660
5659
5658
5655
5651
5651
5649
5647
5647
5643
5642
5642
5641
5640
5640
5639
5638
5637
5636
5636
5635
5634
5634
5634
5631
5631
5627
5626
5626
5625
5624
5622
5621
5620
5620
5617
5614
5613
5610
5609
5607
5606
5604
5601
5601
5600
5598
5598
5595
5595
5595
5594
5593
5593
5592
5592
5592
5586
5586
5585
5583
5582
5578
5577
5577
5576
5573
5572
5571
5569
5567
5566
5563
5561
5560
5557
5555
5554
5553
5551
5551
5550
5550
5549
5549
5548
5546
5541
5539
5539
5539
5538
5538
5538
5538
5535
5535
5529
5529
5529
5529
5526
5524
5524
5523
5520
5519
5518
5517
5516
5513
5513
5511
5510
5509
5509
5509
5508
5507
5507
5507
5394
5502
5494
5493
5492
5490
5490
5489
5488
5487
5485
5482
5482
5481
5480
5480
5480
5475
5475
5474
5474
5472
5471
5469
5466
5464
5464
5463
5462
5462
5461
5458
5457
5456
5455
5455
5455
5453
5453
5452
5452
5451
5449
5447
5446
5445
5445
5443
5442
5442
5442
5442
5440
5438
5438
5435
5433
5432
5430
5429
5428
5426
5425
5423
5423
5423
5422
5421
5416
5414
5409
5407
5407
5406
5405
5404
5404
5403
5403
5402
5402
5397
5396
5396
5393
5393
5391
5391
5388
5387
5387
5386
5386
5385
5385
5385
5382
5381
5381
5379
5379
5377
5377
5377
5377
5374
5371
5371
5371
5370
5368
5368
5367
5367
5367
5363
5362
5359
5358
5357
5355
5355
5354
5353
5353
5349
5349
5348
5345
5345
5345
5341
5337
5337
5334
5331
5331
5331
5329
5328
5323
5322
5320
5317
5317
5316
5314
5314
5312
5312
5308
5305
5303
5303
5301
5300
5300
5300
5300
5300
5298
5296
5296
5295
5293
5293
5290
5289
5287
5286
5286
5285
5284
5284
5284
5281
5281
5279
5278
5276
5276
5275
5275
5274
5274
5270
5269
5267
5267
5266
5265
5263
5260
5260
5259
5256
5254
5254
5253
5252
5251
5250
5249
5248
5247
5247
5246
5246
5245
5244
5244
5241
5241
5238
5237
5236
5231
5231
5230
5229
5229
5228
5224
5223
5221
5221
5219
5218
5217
5214
5214
5213
5212
5210
5210
5208
5207
5207
5207
5205
5205
5205
5204
5204
5203
5203
5202
5201
5199
5198
5197
5197
5197
5196
5195
5190
5190
5189
5189
5188
5188
5187
5187
5186
5184
5182
5181
5179
5179
5179
5179
5177
5176
5175
5174
5173
5172
5169
5169
5166
5166
5164
5164
5163
5159
5159
5158
5157
5156
5156
5156
5154
5152
5150
5149
5149
5147
5147
5146
5144
5142
5140
5139
5138
5137
5137
5136
5136
5132
5128
5126
5126
5125
5124
5123
5123
5121
5121
5119
5119
5116
5116
5114
5114
5112
5110
5110
5110
5110
5110
5109
5108
5107
5103
5103
5101
5101
5099
5098
5097
5097
5094
5094
5093
5088
5088
5088
5086
5086
5084
5084
5084
5081
5080
5079
5079
5079
5079
5079
5077
5077
5077
5076
5076
5072
5071
5070
5068
5067
5065
5062
5062
5061
5060
5059
5059
5059
5058
5058
5057
5057
5057
5056
5056
5054
5054
5051
5051
5050
5047
5045
5044
5044
5044
5041
5041
5040
5039
5042
5037
5035
5034
5032
5032
5029
5028
5027
5026
5023
5019
5019
5019
5019
5018
5017
5015
5015
5015
5012
5012
5012
5009
5008
5006
5006
5006
5005
5004
5004
5003
5002
5002
5000
5000
4998
4997
4996
4995
4995
4995
4994
4994
4993
4993
4990
4990
4990
4990
4990
4987
4987
4986
4986
4984
4982
4982
4982
4981
4981
4981
4980
4980
4979
4979
4979
4978
4975
4975
4973
4971
4969
4969
4968
4966
4965
4965
4965
4964
4963
4963
4963
4962
4962
4961
4960
4960
4960
4960
4958
4958
4955
4950
4949
4948
4947
4947
4944
4944
4941
4941
4940
4935
4932
4932
4928
4928
4927
4925
4925
4924
4924
4921
4920
4920
4919
4919
4917
4917
4916
4915
4913
4911
4910
4907
4906
4906
4901
4900
4899
4898
4897
4897
4896
4895
4894
4893
4891
4890
4888
4886
4886
4886
4886
4885
4884
4883
4882
4881
4880
4878
4878
4877
4874
4873
4871
4870
4869
4868
4868
4865
4863
4862
4859
4857
4855
4855
4854
4854
4853
4853
4849
4849
4848
4845
4844
4843
4843
4842
4841
4841
4840
4840
4839
4839
4838
4836
4836
4834
4832
4832
4832
4831
4831
4831
4831
4830
4828
4827
4827
4826
4825
4824
4823
4822
4821
4820
4820
4820
4816
4814
4814
4813
4813
4812
4811
4811
4810
4807
4807
4805
4805
4805
4804
4803
4803
4801
4800
4799
4799
4798
4798
4797
4797
4796
4796
4794
4793
4792
4790
4790
4789
4788
4785
4785
4784
4783
4783
4781
4781
4781
4780
4778
4778
4777
4774
4773
4773
4772
4771
4769
4769
4768
4767
4763
4763
4762
4762
4762
4761
4761
4761
4760
4760
4758
4758
4756
4756
4755
4755
4754
4753
4752
4752
4751
4750
4749
4748
4748
4746
4746
4746
4746
4745
4745
4744
4743
4743
4743
4741
4741
4739
4738
4738
4737
4737
4736
4736
4735
4734
4734
4733
4733
4732
4732
4732
4726
4726
4721
4721
4721
4720
4718
4718
4718
4718
4717
4716
4716
4715
4714
4714
4714
4713
4713
4713
4712
4710
4710
4709
4708
4708
4705
4704
4703
4703
4703
4702
4702
4701
4696
4695
4694
4693
4692
4691
4690
4690
4689
4689
4688
4687
4686
4683
4683
4683
4681
4681
4680
4680
4680
4680
4680
4679
4679
4677
4675
4674
4674
4674
4673
4671
4670
4670
4669
4668
4667
4667
4666
4666
4664
4663
4659
4658
4657
4656
4655
4651
4651
4651
4651
4650
4649
4648
4647
4644
4642
4642
4642
4638
4638
4635
4632
4631
4630
4629
4628
4627
4627
4625
4624
4624
4624
4623
4621
4617
4616
4616
4613
4612
4612
4611
4611
4610
4610
4608
4608
4605
4605
4605
4604
4603
4603
4602
4602
4601
4600
4598
4598
4597
4597
4596
4596
4596
4596
4595
4594
4593
4593
4592
4591
4590
4589
4588
4586
4585
4585
4584
4583
4582
4581
4580
4579
4579
4579
4578
4575
4575
4575
4574
4574
4574
4573
4572
4570
4569
4568
4565
4564
4563
4563
4562
4561
4560
4559
4558
4557
4557
4557
4557
4556
4556
4556
4554
4554
4552
4551
4549
4549
4546
4545
4543
4542
4540
4540
4538
4537
4537
4536
4536
4534
4533
4532
4531
4530
4530
4530
4529
4529
4528
4527
4527
4526
4526
4525
4524
4523
4523
4522
4520
4519
4515
4513
4512
4511
4509
4509
4509
4507
4507
4506
4505
4505
4504
4504
4503
4503
4503
4503
4502
4502
4500
4498
4498
4497
4496
4495
4495
4493
4491
4491
4491
4489
4489
4489
4488
4486
4485
4482
4482
4478
4477
4477
4476
4474
4474
4474
4470
4468
4467
4465
4464
4462
4462
4461
4461
4460
4460
4459
4458
4458
4457
4456
4456
4456
4456
4455
4454
4454
4454
4452
4451
4450
4449
4449
4449
4449
4449
4447
4446
4446
4446
4445
4444
4444
4443
4441
4440
4439
4438
4438
4437
4436
4436
4435
4433
4432
4430
4430
4429
4429
4428
4428
4427
4427
4427
4426
4425
4425
4425
4424
4423
4423
4418
4417
4416
4415
4415
4414
4413
4409
4409
4406
4406
4406
4404
4402
4402
4401
4400
4398
4398
4398
4397
4396
4394
4394
4393
4392
4392
4391
4391
4389
4388
4387
4387
4387
4386
4386
4385
4384
4384
4383
4383
4382
4381
4381
4380
4377
4376
4375
4374
4372
4372
4371
4370
4366
4365
4365
4364
4362
4362
4361
4361
4359
4358
4358
4358
4358
4361
4356
4356
4356
4356
4355
4355
4354
4354
4354
4354
4353
4353
4351
4351
4350
4349
4349
4348
4347
4346
4345
4345
4345
4343
4342
4342
4340
4338
4337
4337
4335
4335
4335
4334
4334
4331
4331
4331
4330
4329
4329
4327
4327
4326
4323
4323
4322
4321
4320
4320
4319
4319
4319
4318
4318
4317
4316
4316
4315
4314
4311
4311
4311
4311
4309
4308
4306
4305
4304
4304
4303
4303
4302
4302
4300
4297
4297
4297
4295
4295
4293
4292
4292
4292
4292
4291
4291
4291
4290
4289
4289
4289
4288
4288
4287
4287
4285
4285
4284
4284
4283
4281
4281
4281
4280
4280
4280
4279
4277
4275
4275
4272
4272
4271
4270
4269
4268
4268
4267
4267
4267
4266
4266
4264
4264
4264
4263
4262
4262
4259
4259
4258
4258
4257
4257
4256
4256
4256
4256
4255
4255
4255
4254
4254
4254
4254
4253
4253
4252
4252
4251
4251
4251
4250
4249
4248
4247
4246
4246
4245
4244
4238
4238
4236
4236
4235
4235
4235
4233
4231
4230
4229
4229
4226
4225
4224
4224
4223
4221
4221
4221
4220
4219
4218
4218
4217
4216
4215
4214
4213
4213
4213
4208
4208
4207
4206
4205
4204
4204
4202
4201
4200
4199
4198
4198
4198
4193
4193
4192
4192
4191
4191
4191
4190
4189
4189
4186
4185
4184
4183
4182
4179
4179
4178
4178
4177
4176
4176
4176
4174
4173
4172
4172
4172
4171
4170
4169
4169
4168
4168
4168
4167
4166
4166
4165
4164
4164
4163
4162
4162
4162
4160
4159
4159
4157
4157
4156
4156
4155
4154
4154
4153
4153
4153
4153
4151
4149
4148
4147
4147
4146
4145
4145
4145
4145
4144
4144
4143
4142
4141
4139
4139
4138
4138
4137
4136
4136
4135
4133
4132
4132
4130
4130
4129
4128
4127
4126
4125
4125
4124
4123
4121
4121
4120
4120
4120
4120
4119
4118
4118
4116
4115
4115
4114
4111
4111
4110
4110
4110
4110
4109
4109
4109
4107
4106
4106
4106
4106
4106
4105
4104
4103
4101
4100
4100
4099
4098
4098
4097
4097
4097
4096
4096
4095
4095
4094
4092
4092
4091
4090
4089
4089
4088
4088
4087
4087
4087
4086
4085
4084
4084
4083
4082
4082
4081
4081
4079
4078
4077
4075
4075
4075
4075
4075
4072
4072
4072
4070
4069
4068
4068
4067
4066
4066
4066
4065
4065
4065
4063
4062
4062
4060
4060
4057
4057
4056
4055
4055
4054
4053
4053
4052
4052
4052
4052
4052
4049
4048
4047
4045
4044
4044
4043
4043
4042
4041
4041
4037
4037
4037
4037
4036
4036
4035
4034
4033
4033
4033
4033
4032
4029
4029
4029
4027
4027
4026
4025
4024
4022
4021
4020
4018
4017
4017
4017
4016
4016
4015
4015
4014
4012
4012
4009
4009
4009
4009
4009
4008
4007
4006
4003
4003
4003
4003
4003
4002
4001
4001
4000
4000
4000
4000
4000
3999
3999
3999
3998
3997
3997
3997
3996
3995
3995
3994
3994
3991
3991
3989
3988
3988
3988
3988
3987
3986
3984
3983
3983
3982
3981
3981
3980
3980
3978
3978
3977
3977
3977
3976
3976
3975
3975
3974
3973
3972
3971
3970
3969
3968
3967
3967
3967
3965
3965
3963
3962
3960
3960
3960
3960
3959
3959
3958
3958
3957
3956
3956
3955
3955
3954
3954
3954
3954
3952
3952
3952
3951
3951
3951
3951
3950
3950
3950
3949
3948
3948
3948
3947
3947
3946
3946
3946
3946
4016
3945
3944
3944
3943
3942
3942
3941
3941
3940
3940
3939
3939
3938
3938
3938
3937
3934
3934
3933
3933
3933
3933
3932
3930
3929
3929
3929
3928
3928
3928
3928
3927
3925
3921
3921
3921
3920
3920
3919
3919
3918
3917
3916
3915
3912
3912
3911
3911
3911
3910
3910
3910
3910
3909
3908
3906
3905
3905
3905
3903
3903
3902
3902
3901
3900
3900
3899
3898
3896
3896
3896
3896
3896
3896
3895
3895
3893
3893
3893
3893
3892
3892
3892
3891
3889
3889
3886
3883
3883
3882
3882
3881
3881
3881
3880
3880
3879
3879
3879
3877
3877
3877
3876
3876
3876
3875
3875
3874
3874
3873
3872
3871
3871
3870
3868
3868
3868
3866
3866
3865
3865
3864
3864
3863
3863
3863
3862
3862
3862
3861
3861
3861
3859
3859
3857
3857
3855
3855
3853
3852
3851
3851
3850
3850
3850
3850
3849
3849
3849
3847
3847
3847
3847
3845
3845
3845
3844
3843
3843
3843
3842
3842
3841
3841
3839
3838
3838
3838
3836
3835
3835
3835
3834
3834
3833
3832
3832
3832
3832
3830
3830
3829
3829
3827
3827
3827
3826
3826
3826
3826
3826
3825
3822
3822
3822
3820
3819
3819
3819
3819
3818
3818
3818
3817
3816
3816
3816
3816
3815
3815
3815
3814
3813
3813
3812
3812
3811
3811
3811
3809
3809
3808
3807
3806
3806
3805
3805
3804
3802
3802
3802
3801
3801
3800
3800
3800
3799
3799
3798
3797
3796
3795
3794
3794
3793
3793
3793
3792
3792
3791
3786
3785
3784
3784
3783
3783
3783
3782
3782
3780
3780
3780
3779
3779
3778
3778
3778
3777
3777
3777
3776
3773
3771
3771
3770
3769
3769
3769
3768
3766
3766
3765
3764
3763
3762
3762
3762
3761
3759
3758
3758
3757
3756
3754
3754
3754
3751
3750
3749
3748
3747
3747
3746
3746
3745
3745
3744
3742
3742
3741
3740
3740
3738
3738
3738
3737
3737
3736
3736
3735
3735
3735
3735
3734
3734
3734
3733
3733
3732
3732
3732
3732
3731
3731
3731
3731
3731
3729
3729
3724
3724
3724
3724
3724
3724
3722
3722
3721
3720
3719
3719
3719
3717
3717
3716
3716
3715
3715
3715
3714
3713
3713
3712
3712
3712
3711
3711
3709
3709
3709
3709
3708
3707
3707
3707
3707
3706
3706
3706
3706
3706
3705
3704
3704
3701
3701
3701
3701
3700
3700
3700
3700
3700
3699
3697
3697
3696
3696
3695
3695
3694
3694
3693
3693
3693
3692
3690
3690
3689
3688
3688
3687
3687
3687
3686
3685
3684
3683
3683
3682
3681
3681
3680
3680
3679
3679
3679
3678
3678
3677
3677
3677
3677
3676
3673
3671
3670
3670
3670
3669
3669
3667
3667
3666
3666
3665
3664
3663
3662
3662
3662
3660
3660
3659
3659
3659
3657
3657
3657
3656
3655
3655
3655
3654
3654
3654
3653
3653
3653
3653
3652
3651
3651
3650
3650
3650
3650
3650
3650
3649
3649
3648
3648
3648
3648
3648
3648
3648
3646
3646
3646
3646
3645
3643
3643
3642
3642
3641
3641
3641
3640
3640
3639
3639
3638
3638
3638
3637
3635
3635
3634
3634
3633
3632
3632
3631
3631
3630
3630
3629
3629
3628
3628
3627
3626
3626
3626
3626
3625
3625
3624
3623
3622
3622
3621
3620
3620
3620
3618
3618
3617
3615
3615
3615
3614
3613
3613
3613
3613
3612
3612
3612
3611
3610
3610
3609
3608
3608
3608
3607
3607
3606
3606
3605
3604
3604
3604
3604
3602
3602
3601
3601
3601
3600
3599
3599
3599
3597
3596
3596
3596
3595
3595
3595
3594
3594
3594
3594
3594
3594
3594
3592
3592
3591
3590
3589
3589
3589
3588
3588
3586
3586
3586
3586
3586
3586
3585
3585
3585
3584
3583
3583
3583
3582
3582
3581
3580
3580
3580
3579
3579
3579
3579
3579
3578
3578
3577
3577
3576
3575
3574
3574
3574
3574
3573
3569
3569
3569
3569
3568
3568
3567
3566
3566
3564
3563
3563
3562
3562
3562
3562
3562
3562
3560
3560
3557
3557
3557
3556
3556
3555
3555
3555
3554
3554
3552
3552
3551
3551
3551
3550
3550
3549
3548
3547
3547
3547
3546
3546
3546
3546
3544
3544
3543
3542
3542
3541
3541
3540
3539
3539
3539
3539
3539
3539
3539
3538
3538
3537
3536
3535
3534
3534
3533
3533
3533
3532
3532
3532
3532
3531
3531
3531
3531
3529
3529
3528
3528
3527
3527
3526
3526
3521
3520
3520
3520
3519
3518
3516
3516
3515
3514
3513
3511
3511
3511
3511
3511
3511
3508
3508
3508
3507
3507
3507
3507
3507
3506
3506
3505
3505
3504
3504
3504
3504
3503
3503
3503
3502
3502
3502
3502
3502
3501
3501
3500
3500
3500
3500
3499
3499
3499
3499
3498
3496
3496
3495
3495
3495
3494
3492
3491
3491
3491
3490
3490
3489
3489
3489
3488
3488
3487
3487
3486
3486
3486
3484
3484
3483
3483
3481
3481
3480
3479
3478
3478
3477
3477
3476
3474
3474
3474
3474
3473
3473
3473
3472
3472
3472
3471
3471
3470
3469
3469
3469
3469
3467
3466
3465
3464
3463
3463
3463
3463
3463
3462
3461
3461
3457
3456
3456
3454
3453
3453
3450
3450
3450
3450
3449
3449
3449
3448
3448
3448
3447
3446
3446
3445
3444
3444
3443
3443
3442
3442
3442
3440
3440
3439
3439
3439
3439
3438
3438
3438
3437
3437
3437
3436
3435
3435
3434
3434
3433
3433
3432
3430
3430
3430
3430
3430
3430
3429
3428
3428
3428
3427
3427
3426
3426
3425
3425
3425
3424
3423
3423
3422
3422
3422
3421
3421
3421
3421
3420
3419
3419
3419
3417
3416
3416
3415
3415
3414
3412
3411
3411
3410
3410
3410
3410
3409
3409
3408
3408
3408
3407
3407
3405
3405
3405
3405
3405
3404
3404
3403
3403
3403
3401
3401
3401
3401
3400
3400
3400
3399
3399
3399
3398
3398
3397
3397
3397
3396
3395
3395
3395
3394
3393
3393
3392
3392
3390
3390
3390
3390
3389
3388
3388
3387
3387
3386
3385
3385
3385
3383
3383
3383
3383
3382
3382
3382
3380
3377
3380
3380
3379
3379
3379
3379
3378
3377
3376
3375
3375
3374
3374
3374
3373
3370
3370
3369
3369
3369
3369
3368
3367
3367
3366
3365
3365
3364
3364
3364
3364
3364
3362
3361
3361
3361
3361
3361
3360
3360
3360
3360
3359
3359
3359
3359
3358
3358
3356
3355
3354
3352
3352
3351
3351
3350
3350
3350
3350
3350
3349
3349
3348
3347
3347
3346
3346
3345
3345
3345
3344
3344
3344
3344
3343
3343
3343
3343
3343
3343
3342
3342
3342
3341
3341
3340
3339
3338
3338
3338
3338
3336
3336
3336
3336
3336
3335
3335
3335
3335
3335
3334
3334
3334
3334
3333
3332
3332
3331
3330
3330
3329
3329
3328
3327
3326
3325
3325
3324
3324
3324
3323
3323
3323
3322
3321
3321
3320
3320
3320
3319
3319
3319
3318
3318
3318
3317
3317
3316
3316
3316
3315
3315
3315
3315
3315
3314
3313
3313
3312
3312
3312
3311
3311
3311
3311
3310
3309
3309
3308
3308
3308
3308
3307
3306
3305
3305
3304
3304
3302
3302
3302
3301
3301
3301
3300
3299
3299
3299
3297
3297
3296
3295
3295
3295
3294
3294
3294
3294
3293
3293
3292
3291
3291
3291
3290
3289
3289
3288
3288
3288
3287
3287
3286
3286
3286
3285
3285
3285
3284
3284
3282
3281
3278
3278
3277
3277
3277
3275
3275
3275
3274
3273
3272
3271
3271
3270
3270
3270
3269
3269
3268
3268
3268
3268
3268
3268
3267
3267
3267
3267
3267
3266
3266
3266
3265
3264
3264
3262
3262
3262
3261
3261
3261
3261
3259
3259
3259
3259
3258
3258
3258
3257
3256
3256
3255
3255
3255
3249
3249
3248
3248
3248
3248
3248
3248
3246
3246
3246
3245
3244
3243
3242
3242
3241
3240
3240
3239
3239
3238
3238
3237
3237
3237
3235
3235
3235
3234
3234
3233
3232
3232
3231
3230
3230
3230
3229
3229
3229
3228
3228
3228
3227
3226
3226
3223
3223
3223
3222
3222
3221
3221
3221
3221
3221
3221
3220
3220
3218
3218
3218
3218
3217
3217
3217
3217
3216
3216
3215
3215
3215
3214
3214
3214
3213
3213
3213
3213
3212
3211
3211
3211
3210
3210
3209
3209
3207
3207
3206
3206
3206
3205
3204
3204
3203
3203
3203
3202
3202
3201
3200
3200
3200
3199
3199
3199
3198
3197
3196
3196
3196
3196
3196
3195
3195
3194
3193
3193
3193
3192
3192
3192
3191
3191
3191
3190
3190
3189
3188
3188
3187
3187
3187
3187
3187
3186
3186
3184
3183
3183
3183
3183
3183
3183
3183
3182
3182
3181
3181
3181
3181
3180
3180
3180
3179
3178
3178
3178
3177
3177
3177
3176
3176
3175
3174
3174
3173
3173
3173
3172
3171
3171
3171
3170
3170
3170
3169
3168
3168
3167
3167
3167
3166
3165
3165
3165
3164
3164
3164
3164
3164
3164
3163
3162
3162
3162
3160
3160
3160
3160
3159
3159
3159
3159
3158
3156
3156
3156
3156
3156
3156
3155
3154
3154
3154
3152
3152
3152
3152
3151
3149
3149
3149
3149
3148
3148
3147
3146
3146
3145
3145
3145
3145
3145
3145
3145
3144
3144
3144
3144
3142
3142
3142
3141
3141
3140
3140
3140
3138
3138
3136
3136
3136
3135
3135
3135
3134
3134
3133
3133
3133
3132
3132
3131
3131
3130
3129
3129
3129
3129
3129
3128
3128
3128
3128
3127
3127
3127
3127
3126
3125
3125
3124
3124
3123
3123
3122
3121
3120
3120
3120
3120
3119
3119
3119
3117
3117
3117
3117
3116
3116
3116
3116
3116
3115
3115
3115
3115
3114
3114
3114
3114
3114
3114
3113
3113
3113
3112
3112
3111
3111
3111
3110
3110
3110
3110
3110
3110
3109
3109
3109
3109
3108
3108
3107
3107
3107
3106
3105
3105
3105
3105
3105
3104
3104
3102
3102
3102
3101
3101
3100
3100
3100
3100
3100
3100
3100
3099
3099
3099
3099
3098
3098
3097
3097
3096
3096
3095
3095
3095
3095
3094
3094
3094
3093
3093
3093
3093
3093
3091
3091
3090
3090
3089
3089
3089
3089
3089
3089
3088
3087
3087
3085
3085
3084
3082
3081
3081
3081
3079
3079
3079
3078
3078
3078
3077
3076
3076
3075
3074
3074
3074
3074
3074
3073
3072
3071
3071
3071
3070
3070
3070
3070
3069
3069
3069
3069
3068
3068
3068
3066
3066
3066
3066
3064
3064
3063
3063
3063
3062
3061
3061
3060
3060
3060
3060
3060
3059
3059
3058
3057
3057
3056
3055
3053
3052
3052
3052
3051
3051
3051
3051
3051
3049
3047
3047
3047
3046
3046
3046
3045
3045
3044
3044
3044
3043
3042
3042
3041
3041
3040
3040
3040
3040
3038
3038
3038
3038
3038
3037
3036
3036
3035
3035
3035
3035
3035
3034
3034
3034
3034
3033
3032
3032
3031
3030
3030
3030
3030
3030
3030
3029
3029
3029
3029
3028
3028
3028
3028
3027
3027
3027
3027
3027
3026
3026
3026
3025
3025
3025
3025
3025
3025
3025
3025
3024
3024
3023
3023
3023
3022
3022
3022
3022
3022
3022
3021
3021
3021
3021
3021
3020
3019
3019
3019
3018
3018
3018
3017
3017
3017
3017
3016
3016
3016
3016
3015
3015
3015
3014
3013
3013
3012
3012
3012
3011
3011
3009
3009
3009
3009
3009
3008
3008
3008
3008
3007
3006
3006
3006
3005
3005
3005
3004
3004
3003
3003
3003
3003
3002
3002
3002
3002
3001
3001
3001
3001
3001
3001
3001
