600288
561645
413222
404582
388714
315954
314122
303963
295179
267773
252396
245002
239108
236554
226527
215649
215137
211232
210061
208445
197507
193170
187884
185269
183474
182820
179433
174410
173551
170770
168299
167501
165531
162009
161116
161085
160323
159337
155512
153825
153164
146753
145354
141969
141566
140270
139938
139118
136908
136095
132617
131816
129637
128907
127774
127634
126061
125953
124871
124612
120861
120852
120051
119922
119744
117386
114763
113814
113634
112525
111600
111543
111164
111144
110212
106242
105046
104333
103165
103081
102564
102386
102329
102126
101995
101537
101032
100748
100101
98943
98924
97616
97096
96208
96006
94982
93821
93545
92843
92530
91976
91506
91326
91228
91102
90336
90272
89177
88184
88039
88013
87408
86680
86521
86390
86001
85219
84644
83872
83632
83623
83419
83294
82908
82887
82500
81947
80800
79543
78756
78582
78420
78065
77492
77356
76497
76057
74952
74641
74510
74425
74076
73930
73349
73166
72489
72050
72040
71417
70934
70447
70197
70091
69995
69879
69664
69296
69104
68881
68608
68249
68225
68219
67959
67658
67211
67180
66927
66823
66580
66219
65846
65811
65768
65753
65599
65554
65539
65498
65210
65172
64641
64402
63268
63162
63041
62825
62683
62657
62297
61518
61051
60800
60777
60442
60207
60053
60050
60019
59996
59912
59908
59718
59603
59466
59327
59178
59029
58766
58665
58324
58292
58205
58047
58045
58020
57843
57328
57287
57186
56957
56954
56722
56565
56502
56458
56431
56411
56326
56301
56002
55836
55779
55606
55575
55564
55510
55478
55281
55261
55188
55133
55009
54917
54807
54755
54266
54051
53921
53772
53371
53247
52852
52754
52667
52622
52561
52457
52254
52166
52078
52030
51909
51746
51576
51571
51498
51061
50732
50660
50390
50324
50076
49732
49448
49367
49360
49046
48972
48850
48746
48680
48496
48024
48015
47760
47571
47533
47513
47507
47462
47333
47299
46781
46665
46382
46080
45889
45763
45748
45621
45362
45285
45068
44910
44794
44686
44358
44240
44233
44006
43954
43874
43760
43739
43732
43724
43693
43579
43464
43395
43210
43086
43059
43013
42971
42951
42906
42871
42745
42631
42503
42499
42495
42416
42406
42182
42111
42079
41963
41920
41819
41810
41773
41676
41584
41557
41437
41402
41347
41332
41310
41192
41029
40996
40883
40753
40659
40465
40405
40308
40275
40135
40132
40085
40023
39937
39875
39855
39833
39788
39753
39492
39394
39385
39382
39297
39274
39255
39208
39029
39025
39018
38987
38932
38846
38805
38760
38754
38676
38581
38432
38345
38256
38183
38110
38019
37920
37762
37735
37603
37549
37501
37387
37325
37282
37242
37234
37220
37103
36992
36930
36890
36665
36525
36514
36510
36478
36416
36288
36261
36149
36131
36047
36032
36000
35975
35906
35882
35872
35825
35811
35781
35764
35759
35759
35729
35662
35581
35529
35400
35361
35285
35235
35215
35154
35090
35025
34931
34767
34692
34658
34564
34502
34467
34411
34360
34271
34184
34156
34080
33942
33915
33912
33906
33718
33641
33616
33574
33405
33365
33279
33201
33182
33058
33041
33021
32972
32952
32904
32867
32865
32843
32821
32816
32758
32691
32672
32666
32614
32555
32543
32537
32465
32460
32412
32407
32380
32230
32136
32108
32103
32037
31962
31743
31679
31653
31648
31507
31469
31462
31445
31395
31383
31323
31305
31283
31278
31191
31170
31159
30978
30883
30855
30832
30810
30778
30765
30733
30687
30683
30674
30648
30589
30586
30555
30456
30451
30420
30388
30299
30284
30235
30194
30154
30105
30079
30068
29957
29955
29917
29902
29840
29729
29622
29573
29554
29533
29484
29475
29454
29361
29357
29347
29272
29207
29166
29135
29112
29045
29044
29014
28985
28952
28912
28864
28847
28834
28807
28805
28721
28694
28640
28616
28601
28574
28564
28555
28541
28478
28414
28352
28321
28312
28259
28242
28187
28173
28165
28140
28129
28126
28068
28033
27994
27985
27879
27871
27863
27846
27834
27812
27791
27752
27699
27686
27680
27630
27615
27610
27608
27603
27557
27526
27449
27438
27425
27424
27411
27402
27396
27379
27319
27312
27263
27220
27167
27121
27113
27084
27024
27000
26908
26865
26804
26803
26781
26780
26780
26762
26748
26695
26691
26677
26664
26647
26609
26593
26524
26461
26435
26431
26382
26358
26356
26342
26291
26268
26237
26235
26200
26158
26153
26112
26111
26085
26050
26040
26037
26013
25974
25892
25891
25874
25810
25801
25784
25782
25771
25766
25755
25682
25642
25623
25610
25550
25541
25518
25508
25449
25429
25306
25282
25273
25272
25231
25213
25208
25190
25152
25150
25084
25056
24986
24972
24910
24880
24866
24845
24842
24804
24786
24736
24653
24638
24630
24614
24613
24608
24601
24584
24573
24535
24452
24447
24384
24347
24325
24268
24260
24226
24223
24204
24172
24151
24126
24101
24086
24042
24018
24012
24004
23934
23899
23870
23836
23805
23792
23788
23753
23749
23747
23717
23674
23638
23633
23586
23579
23577
23558
23441
23412
23408
23391
23390
23386
23380
23339
23323
23300
23299
23203
23188
23182
23163
23135
23124
23115
23111
23084
23080
23068
23063
23044
23038
23033
23023
23000
22996
22986
22940
22868
22834
22817
22773
22697
22687
22683
22633
22625
22611
22586
22583
22580
22557
22470
22466
22464
22451
22449
22437
22408
22402
22372
22358
22338
22327
22319
22312
22311
22301
22281
22262
22250
22226
22226
22208
22206
22184
22163
22113
22107
22095
22048
21987
21908
21906
21855
21842
21801
21738
21727
21711
21702
21680
21655
21648
21608
21579
21562
21523
21523
21480
21469
21456
21420
21389
21355
21349
21338
21324
21272
21269
21258
21250
21242
21225
21212
21208
21200
21195
21184
21173
21158
21119
21118
21112
21111
21110
21109
21036
20990
20985
20954
20939
20937
20892
20886
20882
20880
20862
20857
20849
20846
20827
20755
20750
20738
20734
20719
20716
20704
20681
20674
20662
20656
20648
20631
20617
20608
20590
20573
20554
20544
20543
20529
20488
20483
20461
20444
20419
20413
20404
20395
20365
20363
20352
20328
20315
20303
20282
20280
20249
20231
20227
20207
20204
20203
20184
20177
20169
20168
20164
20145
20142
20136
20128
20117
20067
20047
20004
19992
19974
19956
19943
19924
19902
19846
19810
19795
19774
19770
19695
19684
19681
19640
19626
19622
19611
19583
19573
19557
19554
19548
19531
19524
19492
19469
19466
19460
19439
19403
19392
19384
19372
19362
19321
19319
19292
19287
19282
19255
19239
19205
19202
19159
19148
19115
19106
19096
19096
19048
19046
19029
19023
19014
19006
19005
18990
18979
18944
18936
18929
18916
18899
18874
18868
18840
18816
18813
18804
18796
18784
18764
18752
18747
18744
18744
18742
18736
18724
18723
18708
18703
18694
18691
18669
18584
18570
18537
18513
18501
18501
18491
18454
18445
18445
18417
18416
18405
18393
18381
18358
18343
18342
18328
18324
18287
18279
18273
18258
18250
18247
18241
18215
18207
18196
18195
18192
18185
18117
18109
18106
18092
18083
18083
18057
18048
18041
18037
18030
18003
17995
17991
17963
17959
17944
17942
17938
17925
17923
17919
17915
17912
17840
17833
17826
17814
17808
17786
17785
17777
17773
17766
17725
17695
17697
17665
17649
17640
17602
17588
17572
17565
17551
17536
17515
17496
17480
17463
17460
17457
17456
17453
17449
17422
17408
17406
17385
17378
17365
17348
17342
17325
17324
17292
17285
17282
17267
17260
17235
17227
17216
17210
17201
17198
17193
17170
17169
17159
17131
17097
17083
17074
17077
17069
17068
17035
17028
17026
17021
17016
17014
17013
17005
17000
16988
16966
16948
16927
16918
16909
16902
16899
16898
16897
16892
16866
16861
16846
16843
16763
16761
16750
16744
16720
16709
16695
16693
16676
16674
16661
16652
16651
16605
16603
16593
16579
16568
16567
16551
16544
16522
16519
16503
16484
16476
16454
16451
16437
16428
16426
16422
16395
16394
16385
16374
16371
16352
16343
16338
16324
16319
16317
16314
16312
16293
16290
16285
16265
16258
16248
16247
16244
16234
16224
16214
16195
16193
16193
16136
16133
16129
16124
16115
16114
16102
16087
16063
16053
16041
16038
16032
16013
16010
15996
15992
15971
15969
15960
15955
15955
15925
15920
15918
15912
15912
15907
15905
15904
15847
15847
15840
15811
15811
15789
15779
15770
15753
15731
15725
15695
15691
15681
15672
15670
15669
15631
15631
15629
15622
15619
15614
15608
15588
15578
15577
15571
15568
15541
15530
15525
15499
15499
15491
15482
15473
15461
15424
15420
15418
15414
15410
15407
15401
15400
15372
15364
15359
15355
15353
15345
15345
15343
15337
15333
15333
15315
15302
15289
15289
15270
15249
15247
15234
15232
15230
15230
15229
15224
15220
15220
15211
15210
15208
15186
15181
15162
15120
15120
15118
15112
15104
15080
15053
15045
15031
14984
14984
14975
14968
14942
14938
14934
14922
14918
14915
14910
14902
14895
14895
14882
14874
14871
14871
14865
14853
14840
14836
14825
14823
14820
14811
14810
14797
14790
14774
14767
14765
14759
14750
14744
14738
14731
14730
14725
14724
14714
14714
14709
14694
14684
14682
14662
14652
14641
14592
14587
14582
14576
14565
14555
14548
14533
14474
14468
14455
14454
14450
14431
14411
14410
14397
14392
14388
14373
14366
14350
14345
14334
14332
14330
14313
14310
14309
14303
14298
14284
14283
14283
14269
14266
14261
14261
14253
14248
14242
14239
14233
14231
14220
14210
14210
14201
14199
14198
14181
14168
14136
14112
14078
14076
14071
14047
14034
14029
14028
14020
14013
13979
13977
13963
13936
13932
13931
13918
13910
13907
13882
13878
13869
13980
13853
13848
13847
13840
13833
13833
13825
13824
13822
13816
13813
13803
13794
13789
13781
13779
13776
13775
13769
13766
13765
13765
13759
13756
13749
13748
13745
13744
13722
13721
13697
13687
13685
13683
13676
13665
13660
13643
13642
13635
13611
13607
13605
13602
13598
13582
13579
13560
13560
13553
13543
13543
13514
13529
13527
13516
13504
13497
13494
13488
13479
13470
13444
13433
13427
13413
13400
13391
13382
13374
13368
13363
13344
13333
13328
13325
13319
13303
13302
13291
13276
13275
13271
13251
13246
13240
13231
13226
13223
13213
13208
13203
13200
13198
13193
13192
13191
13186
13177
13175
13172
13170
13158
13154
13149
13147
13142
13143
13128
13117
13106
13092
13092
13091
13091
13090
13084
13084
13082
13075
13071
13066
13064
13037
13028
13026
13026
13014
13012
12985
12971
12962
12949
12938
12931
12931
12929
12926
12924
12920
12913
12896
12895
12891
12877
12877
12874
12872
12863
12856
12843
12833
12805
12800
12795
12789
12787
12786
12786
12773
12770
12768
12765
12752
12749
12748
12747
12741
12735
12732
12731
12722
12716
12716
12710
12707
12704
12692
12690
12687
12684
12683
12678
12675
12672
12672
12662
12661
12650
12649
12640
12635
12629
12624
12623
12618
12617
12613
12605
12602
12594
12593
12592
12585
12584
12572
12567
12564
12563
12547
12539
12531
12529
12509
12504
12503
12497
12496
12492
12480
12471
12465
12465
12463
12459
12458
12454
12451
12446
12433
12430
12430
12426
12415
12400
12397
12396
12393
12390
12365
12358
12354
12354
12345
12344
12342
12337
12333
12327
12309
12307
12303
12297
12294
12291
12277
12271
12266
12266
12256
12254
12252
12242
12240
12238
12238
12233
12220
12216
12199
12199
12185
12171
12167
12161
12154
12153
12151
12151
12144
12116
12115
12111
12106
12096
12093
12084
12083
12082
12076
12075
12059
12047
12045
12034
12029
12029
12019
12010
12005
11981
11976
11974
11973
11965
11959
11955
11955
11953
11949
11948
11940
11939
11939
11929
11926
11923
11918
11914
11910
11908
11901
11897
11892
11882
11878
11868
11863
11859
11855
11828
11820
11820
11818
11813
11804
11792
11788
11784
11784
11780
11770
11761
11756
11742
11741
11740
11735
11708
11702
11691
11677
11675
11669
11667
11664
11833
11655
11649
11646
11645
11643
11637
11630
11630
11629
11623
11601
11601
11599
11597
11571
11569
11558
11552
11552
11546
11536
11521
11513
11509
11506
11502
11501
11499
11498
11497
11493
11492
11489
11488
11480
11462
11457
11454
11452
11449
11449
11448
11435
11431
11422
11417
11416
11406
11395
11394
11384
11383
11378
11365
11359
11353
11352
11335
11335
11334
11333
11331
11329
11329
11327
11320
11317
11302
11292
11290
11276
11275
11273
11268
11268
11265
11263
11260
11258
11257
11251
11251
11250
11244
11244
11222
11213
11208
11201
11197
11196
11186
11182
11182
11179
11174
11166
11142
11141
11140
11139
11136
11127
11121
11121
11118
11111
11108
11102
11098
11095
11086
11084
11083
11071
11071
11066
11065
11059
11057
11057
11052
11048
11046
11045
11044
11044
11040
11037
11029
11027
11019
11018
11015
11002
10999
10996
10996
10996
10992
10993
10987
10972
10965
10952
10939
10938
10934
10917
10916
10914
10911
10911
10910
10909
10902
10898
10896
10895
10894
10880
10879
10879
10875
10874
10869
10866
10866
10863
10840
10825
10820
10817
10816
10799
10798
10794
10793
10791
10789
10784
10781
10778
10770
10768
10756
10755
10754
10750
10749
10738
10732
10717
10711
10710
10709
10701
10699
10689
10688
10688
10686
10683
10681
10678
10672
10667
10666
10666
10665
10645
10637
10630
10628
10623
10619
10618
10615
10613
10613
10606
10604
10601
10597
10595
10582
10582
10579
10578
10574
10569
10560
10556
10554
10549
10538
10536
10529
10529
10524
10523
10519
10516
10515
10514
10511
10510
10509
10508
10504
10504
10503
10496
10493
10493
10491
10491
10481
10478
10477
10469
10467
10466
10465
10451
10448
10448
10444
10444
10440
10439
10439
10434
10433
10430
10428
10425
10407
10406
10405
10405
10400
10400
10400
10399
10396
10392
10390
10385
10385
10378
10376
10372
10367
10367
10351
10347
10346
10338
10336
10332
10322
10322
10320
10318
10312
10312
10306
10305
10304
10304
10298
10294
10292
10291
10289
10289
10284
10284
10279
10276
10269
10265
10253
10243
10242
10241
10241
10240
10233
10233
10230
10230
10223
10222
10222
10220
10217
10212
10209
10207
10204
10203
10202
10195
10190
10186
10186
10185
10181
10181
10181
10178
10172
10171
10168
10161
10159
10158
10158
10157
10156
10148
10143
10134
10119
10116
10116
10115
10107
10106
10095
10089
10088
10086
10084
10075
10073
10072
10071
10070
10069
10061
10061
10055
10050
10045
10039
10036
10021
10019
10019
10011
10003
9995
9993
9991
9984
9984
9981
9980
9980
9979
9977
9976
9974
9970
9970
9966
9959
9959
9957
9954
9949
9947
9938
9935
9935
9935
9933
9931
9926
9918
9916
9910
9909
9904
9903
9902
9901
9899
9899
9897
9894
9893
9886
9884
9878
9875
9865
9864
9860
9845
9840
9836
9835
9827
9826
9822
9798
9816
9810
9807
9800
9798
9797
9796
9794
9794
9792
9784
9782
9774
9767
9766
9761
9754
9753
9753
9749
9740
9739
9736
9735
9733
9732
9731
9729
9726
9722
9716
9711
9706
9704
9697
9692
9684
9678
9673
9671
9666
9664
9663
9659
9658
9654
9647
9642
9640
9639
9633
9632
9631
9630
9630
9621
9619
9611
9597
9596
9582
9582
9576
9573
9565
9564
9564
9558
9557
9555
9554
9552
9549
9538
9536
9535
9533
9524
9519
9517
9517
9513
9510
9506
9497
9496
9495
9495
9494
9492
9491
9491
9490
9487
9486
9482
9478
9475
9474
9473
9473
9472
9472
9471
9470
9469
9468
9461
9460
9460
9457
9453
9453
9451
9447
9447
9445
9442
9441
9438
9432
9430
9430
9430
9426
9422
9414
9407
9406
9403
9397
9397
9397
9385
9382
9382
9379
9379
9376
9375
9370
9363
9355
9345
9335
9329
9326
9326
9320
9320
9319
9318
9317
9315
9313
9310
9309
9308
9306
9305
9302
9301
9300
9297
9296
9294
9293
9292
9291
9289
9283
9283
9276
9262
9259
9247
9245
9245
9245
9243
9235
9233
9223
9216
9205
9203
9203
9203
9193
9192
9192
9188
9185
9184
9182
9179
9176
9175
9167
9164
9158
9153
9153
9148
9142
9131
9131
9128
9125
9119
9118
9117
9111
9104
9104
9102
9098
9096
9095
9086
9085
9083
9081
9079
9078
9068
9065
9064
9063
9059
9057
9055
9054
9053
9052
9046
9045
9044
9040
9040
9038
9035
9035
9033
9028
9024
9022
9015
9008
9008
9004
8999
8987
8986
8985
8980
8980
8979
8976
8973
8971
8966
8964
8963
8963
8962
8961
8953
8952
8951
8948
8946
8946
8943
8942
8941
8941
8937
8936
8934
8933
8930
8928
8927
8926
8926
8922
8920
8916
8915
8898
8895
8892
8886
8881
8880
8876
8871
8860
8860
8851
8851
8841
8837
8835
8834
8833
8833
8827
8827
8827
8827
8821
8818
8816
8814
8810
8810
8807
8802
8798
8797
8789
8788
8787
8786
8781
8780
8777
8775
8775
8774
8769
8769
8768
8766
8759
8758
8758
8757
8753
8742
8742
8741
8731
8727
8726
8725
8719
8717
8713
8704
8697
8691
8690
8690
8687
8686
8684
8683
8681
8677
8676
8675
8673
8668
8664
8662
8659
8659
8656
8654
8654
8654
8653
8653
8653
8652
8648
8647
8647
8643
8643
8637
8637
8637
8635
8633
8633
8632
8630
8626
8622
8621
8616
8614
8612
8610
8607
8607
8606
8606
8600
8598
8591
8591
8590
8590
8587
8587
8587
8583
8578
8578
8578
8575
8573
8572
8570
8570
8561
8560
8560
8554
8554
8553
8552
8552
8550
8545
8545
8542
8540
8538
8527
8527
8527
8526
8524
8523
8523
8520
8520
8517
8516
8515
8512
8510
8510
8509
8505
8498
8496
8495
8493
8484
8483
8481
8477
8474
8471
8468
8466
8465
8465
8460
8454
8453
8452
8450
8448
8446
8446
8446
8445
8445
8445
8441
8439
8439
8438
8438
8437
8436
8431
8429
8426
8424
8421
8420
8416
8413
8413
8410
8409
8407
8405
8401
8400
8400
8392
8391
8388
8382
8378
8376
8376
8373
8372
8371
8368
8368
8367
8365
8358
8354
8352
8352
8351
8348
8346
8345
8343
8342
8342
8339
8338
8338
8331
8330
8326
8325
8324
8322
8322
8321
8314
8306
8305
8305
8295
8291
8290
8289
8287
8284
8280
8273
8272
8271
8266
8265
8264
8259
8258
8256
8256
8251
8243
8243
8241
8238
8236
8236
8233
8232
8232
8231
8230
8226
8223
8218
8217
8210
8207
8203
8200
8198
8196
8194
8194
8191
8187
8184
8182
8180
8180
8179
8179
8173
8172
8169
8166
8163
8160
8158
8150
8147
8145
8144
8139
8136
8134
8133
8131
8129
8126
8126
8126
8124
8115
8114
8111
8106
8103
8103
8103
8103
8102
8102
8100
8095
8089
8089
8087
8083
8077
8064
8064
8062
8058
8056
8054
8054
8051
8049
8045
8043
8042
8041
8040
8040
8035
8025
8019
8017
8017
8016
8013
8012
8008
8008
7999
8000
7996
7995
7993
7991
7984
7976
7974
7973
7965
7964
7964
7963
7963
7961
7960
7957
7953
7953
7953
7946
7930
7930
7928
7926
7926
7921
7921
7919
7919
7919
7917
7912
7910
7906
7903
7902
7900
7894
7892
7887
7887
7885
7878
7877
7877
7869
7866
7863
7867
7855
7853
7852
7851
7850
7850
7837
7837
7835
7834
7833
7832
7831
7830
7830
7828
7828
7828
7828
7824
7824
7824
7820
7815
7814
7813
7810
7810
7802
7801
7797
7794
7791
7790
7794
7786
7784
7779
7776
7776
7776
7775
7775
7774
7772
7771
7768
7768
7765
7765
7762
7760
7759
7758
7756
7754
7752
7750
7744
7742
7739
7738
7738
7736
7735
7734
7734
7729
7727
7726
7724
7718
7718
7703
7702
7702
7701
7697
7696
7695
7692
7692
7691
7683
7682
7682
7682
7679
7678
7674
7673
7668
7667
7658
7656
7654
7654
7654
7653
7652
7650
7648
7648
7647
7642
7641
7640
7636
7636
7635
7633
7633
7632
7630
7628
7627
7625
7620
7617
7616
7615
7615
7613
7609
7608
7608
7606
7602
7594
7592
7578
7576
7576
7565
7561
7560
7557
7556
7556
7556
7554
7553
7553
7550
7549
7548
7545
7542
7539
7537
7536
7531
7522
7521
7519
7518
7515
7514
7513
7509
7508
7507
7503
7502
7500
7498
7496
7496
7491
7489
7488
7488
7487
7487
7486
7486
7483
7482
7479
7478
7477
7476
7475
7474
7473
7471
7469
7467
7463
7462
7461
7460
7449
7448
7446
7442
7440
7437
7436
7437
7434
7431
7431
7431
7430
7428
7427
7427
7421
7421
7421
7421
7416
7412
7412
7411
7411
7408
7407
7407
7405
7404
7403
7401
7400
7399
7398
7394
7389
7388
7387
7385
7381
7380
7379
7378
7377
7373
7368
7368
7366
7366
7364
7363
7362
7359
7357
7357
7356
7349
7349
7348
7345
7340
7338
7331
7330
7330
7328
7325
7325
7320
7320
7318
7317
7316
7315
7315
7313
7312
7312
7311
7310
7309
7308
7307
7302
7299
7298
7296
7296
7294
7287
7286
7283
7280
7276
7275
7274
7273
7267
7265
7263
7263
7261
7260
7256
7254
7254
7251
7248
7244
7242
7242
7240
7240
7239
7236
7231
7229
7226
7225
7225
7222
7221
7212
7211
7210
7209
7209
7207
7204
7203
7201
7199
7198
7195
7194
7194
7189
7188
7188
7188
7186
7184
7184
7182
7179
7172
7171
7169
7164
7163
7162
7160
7158
7153
7152
7148
7148
7147
7146
7144
7144
7143
7142
7141
7138
7138
7135
7133
7133
7132
7131
7131
7129
7128
7128
7013
7121
7119
7118
7117
7116
7112
7110
7108
7104
7102
7101
7100
7098
7097
7095
7091
7089
7089
7086
7085
7085
7085
7085
7082
7078
7075
7072
7072
7071
7069
7068
7066
7064
7061
7058
7058
7057
7056
7054
7054
7053
7053
7048
7046
7043
7043
7043
7040
7038
7038
7037
7036
7035
7034
7031
7031
7027
7023
7022
7022
7022
7021
7018
7015
7015
7014
7010
7010
7008
7002
7001
7000
6996
6996
6992
6991
6994
6991
6989
6989
6988
6985
6985
6985
6982
6978
6973
6973
6972
6971
6966
6965
6964
6963
6962
6960
6959
6958
6956
6952
6952
6951
6949
6948
6947
6946
6946
6945
6940
6938
6936
6936
6936
6935
6935
6934
6933
6928
6927
6925
6925
6922
6921
6921
6921
6915
6915
6913
6908
6902
6902
6901
6898
6895
6895
6894
6892
6890
6889
6886
6884
6883
6879
6878
6877
6874
6872
6867
6867
6862
6860
6860
6860
6857
6857
6852
6851
6851
6851
6849
6846
6846
6839
6839
6839
6838
6837
6836
6836
6835
6834
6834
6833
6831
6829
6826
6826
6825
6825
6824
6824
6822
6822
6821
6819
6812
6811
6810
6808
6806
6806
6806
6806
6803
6799
6796
6792
6789
6789
6786
6783
6783
6781
6780
6780
6780
6779
6779
6776
6776
6775
6773
6770
6770
6769
6768
6763
6760
6760
6771
6753
6752
6741
6739
6737
6736
6735
6735
6734
6731
6728
6726
6726
6723
6721
6718
6717
6716
6709
6707
6705
6705
6704
6702
6700
6699
6697
6696
6695
6693
6690
6688
6687
6684
6683
6682
6682
6681
6677
6675
6674
6669
6669
6668
6665
6663
6662
6662
6659
6658
6658
6655
6652
6652
6650
6650
6647
6644
6642
6645
6641
6639
6638
6637
6637
6635
6635
6635
6635
6640
6632
6630
6627
6625
6624
6624
6621
6619
6616
6609
6603
6601
6601
6599
6599
6599
6598
6598
6598
6597
6597
6596
6596
6595
6593
6591
6589
6587
6587
6586
6585
6583
6582
6580
6578
6578
6577
6576
6576
6575
6572
6571
6568
6568
6568
6565
6564
6562
6562
6562
6561
6555
6555
6551
6550
6548
6544
6544
6544
6542
6542
6541
6538
6538
6537
6537
6536
6533
6532
6532
6529
6528
6527
6526
6515
6514
6512
6511
6510
6508
6506
6504
6503
6502
6500
6500
6500
6499
6498
6495
6491
6490
6490
6490
6489
6486
6484
6484
6484
6483
6480
6477
6476
6472
6471
6471
6470
6468
6466
6466
6464
6457
6455
6455
6454
6452
6451
6478
6450
6446
6446
6444
6444
6443
6442
6440
6439
6437
6433
6431
6430
6429
6428
6432
6426
6422
6422
6421
6420
6415
6415
6415
6414
6414
6414
6413
6406
6406
6405
6404
6419
6402
6402
6402
6401
6401
6399
6396
6402
6391
6390
6390
6389
6388
6387
6385
6384
6383
6382
6380
6378
6377
6377
6373
6371
6367
6366
6363
6363
6362
6362
6361
6359
6354
6353
6352
6352
6355
6350
6348
6348
6347
6346
6345
6344
6343
6342
6342
6341
6338
6335
6332
6332
6330
6329
6329
6319
6316
6314
6310
6308
6306
6306
6306
6306
6308
6304
6303
6302
6300
6299
6298
6297
6295
6293
6306
6291
6287
6286
6286
6285
6285
6284
6284
6283
6282
6281
6280
6280
6279
6276
6275
6275
6274
6274
6271
6270
6269
6268
6264
6264
6263
6261
6261
6260
6260
6258
6256
6256
6254
6254
6253
6252
6252
6250
6250
6250
6249
6248
6246
6246
6246
6243
6243
6237
6237
6233
6232
6226
6226
6225
6224
6221
6221
6221
6220
6220
6216
6215
6214
6213
6210
6210
6209
6209
6206
6204
6203
6202
6201
6200
6195
6194
6189
6187
6187
6187
6186
6183
6182
6182
6182
6180
6180
6179
6177
6175
6175
6173
6172
6171
6171
6171
6170
6168
6167
6167
6167
6162
6157
6157
6156
6156
6153
6152
6151
6150
6149
6148
6145
6145
6143
6141
6140
6139
6139
6137
6136
6134
6133
6133
6129
6128
6128
6126
6126
6122
6122
6121
6118
6115
6112
6112
6110
6110
6109
6107
6106
6106
6106
6105
6105
6104
6104
6103
6101
6100
6099
6099
6099
6096
6096
6090
6090
6090
6090
6088
6081
6080
6078
6077
6077
6076
6075
6075
6073
6073
6072
6071
6068
6067
6067
6066
6065
6063
6060
6058
6057
6057
6055
6054
6054
6052
6051
6049
6048
6048
6048
6045
6044
6043
6040
6040
6035
6035
6035
6032
6031
6031
6030
6030
6030
6029
6028
6027
6027
6027
6025
6025
6024
6023
6022
6022
6021
6020
6018
6016
6014
6013
6011
6009
6006
6005
6003
6000
5995
5992
5992
5992
5990
5989
5988
5987
5986
5984
5979
5976
5976
5974
5972
5984
5969
5968
5964
5964
5961
5961
5959
5956
5955
5953
5951
5951
5949
5948
5948
5947
5946
5945
5945
5942
5937
5937
5937
5933
5933
5933
5932
5931
5929
5926
5922
5918
5917
5917
5913
5908
5908
5908
5908
5906
5905
5903
5902
5901
5900
5898
5898
5897
5896
5895
5894
5894
5893
5892
5892
5892
5890
5890
5890
5889
5889
5888
5887
5886
5886
5884
5884
5880
5874
5874
5874
5873
5872
5871
5871
5868
5868
5867
5866
5865
5864
5863
5863
5862
5859
5858
5858
5856
5856
5854
5849
5848
5848
5846
5838
5837
5837
5836
5835
5835
5834
5829
5827
5824
5823
5822
5821
5821
5818
5818
5817
5817
5815
5814
5814
5814
5812
5811
5811
5810
5809
5807
5807
5806
5805
5804
5804
5803
5803
5802
5800
5797
5796
5796
5796
5794
5794
5793
5793
5793
5793
5793
5791
5790
5788
5788
5796
5786
5786
5786
5783
5783
5783
5782
5781
5780
5780
5779
5777
5776
5776
5776
5775
5774
5773
5773
5773
5772
5772
5771
5771
5768
5766
5766
5764
5763
5762
5759
5758
5756
5755
5754
5753
5753
5753
5750
5744
5744
5743
5738
5737
5736
5735
5734
5733
5733
5732
5730
5727
5727
5724
5723
5723
5723
5722
5722
5720
5720
5720
5718
5715
5713
5711
5709
5709
5709
5709
5708
5707
5706
5705
5704
5704
5702
5702
5700
5696
5694
5692
5691
5688
5688
5687
5685
5684
5684
5683
5683
5680
5680
5678
5677
5677
5675
5675
5674
5671
5671
5668
5668
5665
5664
5663
5661
5660
5660
5657
5657
5656
5656
5654
5654
5653
5652
5652
5651
5650
5649
5649
5649
5649
5649
5648
5647
5650
5646
5642
5640
5639
5638
5637
5637
5635
5634
5633
5633
5633
5632
5631
5628
5627
5627
5625
5624
5623
5621
5621
5620
5617
5616
5615
5614
5613
5612
5610
5607
5607
5605
5604
5603
5602
5601
5599
5599
5598
5596
5595
5594
5593
5593
5592
5592
5590
5588
5588
5587
5587
5586
5586
5585
5584
5583
5577
5582
5582
5580
5578
5577
5577
5576
5576
5576
5575
5575
5572
5569
5569
5568
5568
5568
5567
5565
5562
5559
5557
5557
5555
5552
5552
5551
5551
5550
5549
5548
5547
5545
5544
5542
5541
5540
5540
5538
5537
5536
5531
5528
5528
5526
5525
5525
5524
5523
5523
5520
5519
5518
5517
5515
5514
5514
5510
5509
5509
5506
5506
5504
5502
5501
5501
5499
5498
5498
5498
5496
5495
5493
5491
5491
5489
5489
5486
5486
5486
5485
5483
5480
5479
5479
5479
5476
5476
5473
5471
5469
5469
5469
5469
5469
5469
5468
5468
5466
5466
5465
5461
5459
5458
5458
5458
5455
5455
5455
5454
5453
5453
5452
5452
5448
5448
5446
5446
5446
5443
5441
5439
5439
5438
5436
5434
5434
5433
5430
5429
5425
5425
5423
5421
5421
5420
5419
5419
5416
5415
5415
5415
5414
5414
5413
5412
5410
5407
5406
5406
5405
5404
5403
5402
5402
5402
5401
5399
5398
5398
5397
5397
5396
5396
5395
5394
5393
5392
5392
5391
5390
5390
5397
5385
5385
5385
5383
5380
5379
5378
5378
5378
5377
5377
5376
5375
5375
5374
5374
5374
5373
5373
5373
5372
5371
5368
5366
5365
5365
5364
5363
5361
5359
5358
5357
5357
5357
5356
5354
5353
5353
5353
5352
5352
5351
5350
5349
5349
5346
5345
5343
5342
5340
5340
5337
5337
5336
5335
5335
5334
5333
5331
5330
5327
5327
5325
5324
5324
5324
5323
5323
5321
5320
5317
5315
5314
5314
5312
5312
5312
5312
5311
5310
5308
5306
5306
5306
5304
5307
5302
5302
5301
5299
5298
5297
5297
5296
5296
5296
5295
5293
5293
5293
5292
5291
5291
5290
5289
5289
5288
5287
5285
5284
5284
5309
5283
5283
5282
5282
5281
5280
5279
5277
5276
5275
5274
5273
5273
5272
5271
5270
5269
5268
5268
5267
5264
5264
5263
5262
5261
5261
5261
5261
5260
5257
5257
5257
5256
5256
5252
5251
5251
5251
5250
5250
5249
5249
5248
5248
5248
5247
5246
5244
5244
5240
5239
5239
5238
5266
5237
5236
5234
5234
5232
5231
5231
5231
5230
5230
5229
5227
5227
5224
5223
5222
5221
5220
5219
5209
5217
5217
5217
5216
5216
5216
5215
5215
5215
5215
5211
5209
5208
5207
5206
5206
5204
5203
5203
5202
5202
5201
5200
5200
5200
5199
5196
5196
5195
5194
5192
5192
5208
5191
5190
5189
5188
5187
5187
5185
5184
5184
5183
5182
5181
5180
5180
5179
5179
5179
5178
5177
5177
5177
5177
5177
5176
5176
5175
5173
5173
5172
5171
5171
5171
5170
5169
5169
5169
5195
5166
5165
5164
5164
5163
5163
5162
5162
5162
5161
5161
5158
5158
5157
5154
5151
5151
5150
5150
5149
5148
5146
5146
5146
5145
5145
5144
5144
5142
5140
5139
5139
5139
5137
5137
5136
5136
5135
5135
5134
5133
5133
5130
5129
5129
5129
5129
5128
5127
5126
5124
5124
5121
5120
5120
5119
5119
5119
5118
5118
5117
5117
5117
5115
5115
5113
5112
5112
5110
5110
5110
5144
5108
5108
5107
5105
5103
5102
5101
5100
5100
5098
5097
5096
5096
5094
5093
5093
5092
5092
5091
5091
5091
5091
5090
5089
5089
5088
5088
5085
5082
5082
5081
5080
5080
5080
5080
5079
5077
5077
5072
5072
5071
5071
5070
5070
5069
5069
5068
5067
5066
5066
5065
5064
5063
5062
5062
5062
5060
5060
5060
5057
5057
5055
5055
5053
5050
5047
5047
5046
5046
5044
5043
5042
5042
5041
5040
5040
5040
5039
5055
5038
5037
5037
5036
5036
5036
5036
5035
5034
5033
5032
5031
5030
5030
5030
5029
5029
5029
5027
5026
5026
5023
5022
5022
5016
5015
5014
5014
5014
5013
5013
5011
5009
5008
5008
5008
5008
5005
5005
5005
5003
5002
5002
5002
5001
5000
4999
4998
4998
4997
4995
4995
4994
4993
4992
4992
4991
4991
4990
4990
4989
4988
4986
4985
4985
4981
4979
4979
4978
4977
4976
4976
4975
4975
4974
4973
4972
4972
4970
4969
4968
4968
4967
4967
4965
4964
4962
4961
4961
4960
4960
4959
4958
4957
4954
4953
4953
4953
4953
4950
4950
4947
4946
4944
4944
4942
4942
4941
4941
4940
4940
4939
4939
4939
4939
4939
4938
4937
4937
4937
4936
4935
4935
4934
4934
4934
4933
4932
4932
4931
4929
4929
4929
4928
4927
4926
4926
4925
4925
4924
4924
4923
4923
4922
4922
4921
4920
4919
4919
4919
4917
4913
4911
4910
4909
4908
4908
4908
4908
4907
4906
4906
4905
4902
4902
4901
4901
4901
4900
4900
4899
4899
4898
4896
4895
4895
4894
4894
4893
4892
4891
4891
4891
4888
4888
4888
4886
4886
4885
4885
4883
4880
4879
4879
4879
4878
4878
4877
4876
4875
4875
4875
4875
4873
4872
4872
4871
4871
4869
4869
4868
4868
4871
4866
4866
4866
4866
4862
4861
4861
4861
4861
4861
4860
4858
4858
4858
4856
4856
4855
4855
4855
4854
4853
4853
4852
4849
4847
4847
4847
4846
4844
4844
4843
4842
4842
4841
4840
4839
4839
4838
4838
4836
4835
4833
4833
4832
4830
4830
4830
4830
4829
4829
4828
4827
4827
4827
4827
4827
4826
4825
4825
4825
4824
4823
4822
4822
4841
4821
4821
4820
4818
4818
4818
4817
4817
4817
4817
4816
4816
4815
4815
4815
4814
4814
4812
4812
4807
4807
4807
4805
4804
4804
4803
4802
4801
4800
4800
4800
4799
4798
4797
4797
4797
4795
4795
4791
4791
4790
4790
4789
4788
4787
4787
4785
4785
4785
4783
4783
4781
4781
4781
4780
4780
4779
4779
4779
4778
4777
4775
4775
4774
4774
4774
4772
4772
4772
4770
4769
4769
4769
4769
4768
4768
4764
4764
4761
4760
4759
4759
4757
4756
4756
4755
4753
4751
4751
4751
4750
4750
4749
4749
4748
4747
4747
4746
4745
4745
4744
4742
4741
4741
4741
4740
4739
4739
4736
4736
4735
4734
4734
4733
4733
4733
4733
4730
4730
4730
4730
4729
4728
4728
4727
4726
4726
4722
4722
4721
4720
4719
4718
4718
4718
4717
4717
4716
4716
4715
4715
4713
4713
4712
4712
4712
4709
4709
4706
4703
4703
4703
4702
4702
4701
4701
4700
4700
4697
4697
4697
4696
4695
4694
4694
4693
4693
4692
4692
4690
4688
4687
4687
4686
4685
4684
4684
4683
4682
4682
4681
4680
4680
4679
4678
4677
4676
4676
4675
4674
4673
4672
4672
4672
4670
4669
4668
4667
4666
4666
4665
4665
4665
4665
4664
4663
4663
4663
4662
4662
4661
4660
4660
4660
4657
4656
4656
4656
4655
4654
4654
4653
4653
4650
4649
4647
4647
4647
4647
4646
4646
4646
4645
4644
4643
4643
4642
4642
4641
4641
4640
4639
4638
4638
4638
4638
4637
4637
4635
4634
4634
4634
4633
4633
4633
4632
4632
4632
4632
4631
4629
4629
4628
4628
4627
4626
4625
4625
4624
4624
4624
4624
4623
4623
4621
4621
4621
4620
4620
4620
4620
4620
4618
4618
4618
4617
4615
4615
4612
4612
4611
4610
4610
4609
4609
4609
4607
4606
4604
4602
4602
4601
4601
4600
4600
4598
4598
4597
4597
4596
4596
4595
4595
4594
4594
4594
4593
4592
4591
4591
4590
4590
4589
4587
4587
4587
4586
4586
4585
4585
4584
4582
4581
4581
4580
4579
4578
4578
4577
4576
4576
4576
4575
4575
4573
4570
4570
4569
4569
4569
4568
4566
4566
4565
4565
4564
4564
4563
4562
4562
4561
4561
4560
4560
4559
4559
4559
4558
4557
4557
4557
4557
4556
4556
4555
4554
4553
4553
4552
4551
4548
4548
4547
4547
4547
4547
4546
4546
4544
4543
4543
4542
4542
4541
4541
4541
4541
4540
4540
4539
4538
4538
4537
4535
4535
4534
4534
4533
4532
4531
4530
4530
4529
4529
4528
4528
4528
4532
4526
4526
4523
4522
4522
4521
4521
4520
4519
4518
4516
4515
4515
4515
4515
4514
4513
4512
4512
4512
4512
4512
4510
4510
4509
4509
4507
4507
4506
4506
4506
4505
4505
4504
4503
4500
4500
4497
4497
4497
4496
4496
4495
4495
4495
4495
4492
4491
4490
4490
4489
4488
4487
4486
4486
4483
4483
4483
4482
4482
4481
4481
4479
4479
4479
4479
4478
4478
4477
4477
4473
4473
4472
4472
4472
4472
4471
4471
4470
4469
4469
4468
4467
4467
4464
4463
4463
4463
4462
4460
4460
4459
4459
4459
4459
4458
4458
4458
4458
4458
4456
4456
4455
4455
4454
4454
4454
4453
4453
4452
4450
4449
4449
4449
4448
4448
4446
4446
4446
4446
4445
4444
4442
4440
4439
4439
4438
4438
4437
4437
4435
4435
4435
4434
4433
4433
4433
4432
4432
4432
4430
4429
4428
4428
4427
4427
4427
4427
4427
4426
4425
4425
4424
4424
4423
4421
4421
4420
4419
4419
4417
4417
4415
4414
4414
4414
4411
4410
4409
4409
4409
4408
4407
4406
4406
4405
4404
4403
4403
4403
4402
4402
4400
4400
4399
4398
4398
4397
4397
4396
4396
4393
4393
4390
4389
4388
4387
4387
4386
4386
4386
4385
4384
4384
4383
4383
4383
4382
4381
4380
4379
4379
4378
4378
4378
4378
4378
4377
4377
4376
4375
4375
4375
4374
4371
4371
4370
4370
4369
4369
4368
4367
4374
4367
4366
4366
4366
4366
4365
4365
4365
4365
4364
4364
4363
4363
4363
4362
4362
4361
4360
4360
4360
4360
4359
4359
4359
4358
4357
4357
4355
4354
4353
4352
4351
4351
4351
4349
4349
4348
4348
4347
4347
4347
4347
4346
4346
4346
4345
4345
4344
4344
4343
4342
4342
4341
4339
4339
4338
4338
4337
4336
4336
4336
4336
4335
4335
4335
4334
4334
4332
4332
4331
4331
4330
4329
4327
4325
4322
4321
4321
4320
4319
4319
4318
4318
4318
4317
4316
4316
4316
4314
4313
4313
4313
4312
4311
4311
4311
4310
4309
4308
4308
4304
4304
4304
4304
4302
4302
4302
4301
4301
4301
4301
4298
4297
4297
4296
4296
4295
4294
4293
4291
4289
4289
4288
4287
4287
4286
4286
4285
4285
4285
4284
4284
4283
4282
4282
4282
4282
4282
4282
4281
4281
4280
4280
4286
4280
4279
4279
4279
4279
4278
4277
4277
4277
4277
4276
4276
4275
4275
4275
4273
4273
4273
4272
4272
4271
4271
4271
4271
4271
4270
4269
4268
4265
4263
4263
4263
4263
4262
4262
4262
4262
4262
4261
4259
4257
4256
4255
4255
4255
4254
4254
4253
4253
4253
4253
4253
4252
4252
4251
4251
4250
4250
4248
4246
4246
4246
4246
4245
4245
4244
4244
4244
4244
4244
4244
4243
4243
4243
4242
4242
4241
4241
4241
4241
4241
4240
4238
4236
4236
4236
4236
4236
4236
4235
4233
4233
4232
4231
4230
4230
4230
4229
4228
4228
4227
4226
4226
4226
4226
4224
4224
4224
4223
4222
4222
4221
4221
4220
4220
4220
4219
4218
4217
4215
4214
4214
4213
4213
4213
4212
4212
4212
4211
4211
4210
4209
4209
4209
4208
4208
4208
4208
4207
4206
4204
4204
4203
4203
4201
4201
4200
4198
4198
4198
4197
4197
4196
4196
4195
4195
4195
4195
4194
4193
4193
4193
4193
4193
4192
4192
4192
4191
4189
4187
4186
4186
4186
4186
4185
4185
4184
4184
4184
4183
4183
4182
4182
4182
4182
4181
4181
4181
4181
4181
4180
4179
4179
4178
4178
4177
4176
4176
4175
4174
4173
4173
4173
4172
4172
4172
4171
4171
4171
4170
4170
4168
4168
4168
4167
4167
4167
4165
4165
4164
4164
4163
4163
4163
4163
4163
4161
4161
4160
4160
4159
4157
4157
4156
4156
4155
4155
4155
4155
4151
4149
4149
4149
4149
4149
4147
4146
4145
4145
4145
4145
4143
4142
4142
4142
4141
4141
4141
4141
4141
4140
4140
4139
4139
4139
4139
4138
4137
4137
4136
4136
4136
4136
4135
4134
4133
4132
4132
4132
4132
4132
4131
4131
4131
4131
4131
4131
4130
4130
4129
4129
4128
4128
4128
4126
4126
4125
4124
4124
4124
4124
4124
4123
4123
4123
4122
4122
4122
4121
4121
4120
4119
4119
4119
4119
4118
4118
4118
4117
4116
4116
4116
4116
4115
4115
4114
4114
4114
4114
4113
4112
4112
4112
4111
4110
4110
4110
4109
4109
4108
4108
4108
4107
4100
4100
4100
4099
4099
4098
4097
4097
4097
4097
4096
4096
4095
4095
4094
4093
4093
4093
4091
4091
4091
4091
4090
4090
4090
4089
4088
4088
4087
4087
4086
4085
4084
4084
4084
4084
4084
4082
4082
4082
4080
4080
4078
4077
4077
4076
4075
4075
4075
4075
4075
4074
4074
4074
4074
4072
4071
4071
4071
4069
4069
4069
4068
4067
4067
4067
4067
4066
4065
4064
4063
4063
4063
4062
4062
4061
4060
4060
4059
4059
4059
4058
4058
4058
4057
4056
4056
4055
4055
4055
4055
4055
4054
4054
4053
4050
4050
4050
4049
4047
4047
4046
4046
4046
4045
4045
4044
4043
4043
4043
4042
4042
4041
4041
4041
4040
4040
4038
4038
4038
4036
4035
4035
4034
4034
4034
4036
4031
4029
4029
4029
4027
4026
4026
4026
4025
4025
4024
4023
4023
4022
4024
4020
4020
4020
4019
3975
4019
4018
4017
4017
4017
4016
4016
4015
4015
4015
4015
4014
4014
4014
4014
4013
4013
4013
4012
4012
4012
4012
4012
4012
4012
4011
4011
4011
4011
4010
4009
4009
4008
4007
4005
4004
4004
4004
4003
4002
4002
4002
4002
4002
4002
4001
4001
4001
4001
4000
4000
4000
3999
3997
3996
3996
3995
3995
3995
3995
3994
3994
3994
3993
3993
3993
3991
3991
3991
3991
3991
3990
3990
3989
3988
3987
3987
3987
3986
3986
3986
3986
3985
3984
3984
3983
3983
3983
3983
3982
3982
3982
3982
3981
3980
3979
3979
3978
3978
3978
3978
3977
3976
3976
3976
3976
3975
3975
3975
3975
3974
3974
3973
3973
3972
3971
3971
3971
3971
3970
3970
3970
3968
3968
3968
3967
3967
3967
3967
3966
3966
3965
3965
3965
3965
3964
3964
3964
3963
3961
3961
3960
3959
3959
3958
3958
3958
3958
3958
3958
3956
3955
3955
3954
3954
3953
3953
3953
3953
3953
3952
3952
3952
3951
3951
3950
3950
3950
3950
3949
3948
3948
3948
3948
3948
3947
3947
3947
3947
3946
3945
3944
3943
3943
3942
3942
3942
3942
3942
3942
3941
3941
3940
3940
3940
3939
3939
3939
3939
3938
3938
3938
3937
3936
3936
3936
3936
3935
3935
3935
3934
3934
3934
3934
3933
3932
3932
3931
3930
3929
3929
3928
3928
3928
3928
3927
3926
3926
3925
3925
3924
3924
3924
3923
3923
3923
3922
3922
3922
3922
3922
3922
3921
3921
3920
3920
3919
3919
3919
3919
3918
3918
3918
3917
3917
3916
3915
3915
3915
3915
3913
3912
3912
3910
3908
3908
3908
3907
3907
3906
3906
3905
3905
3905
3904
3904
3904
3903
3903
3902
3902
3902
3945
3902
3902
3901
3901
3901
3901
3900
3900
3899
3899
3899
3898
3898
3894
3894
3894
3893
3893
3893
3893
3892
3891
3891
3891
3891
3891
3890
3890
3889
3889
3889
3887
3887
3886
3886
3886
3885
3885
3885
3884
3883
3883
3882
3882
3881
3881
3880
3880
3880
3880
3879
3878
3877
3876
3876
3876
3875
3875
3874
3874
3874
3873
3873
3872
3872
3871
3871
3870
3869
3869
3869
3869
3868
3866
3866
3865
3864
3864
3863
3863
3863
3862
3861
3861
3861
3861
3859
3859
3858
3858
3858
3857
3857
3856
3856
3855
3854
3853
3853
3853
3852
3852
3851
3851
3850
3850
3849
3849
3849
3847
3847
3845
3845
3844
3843
3842
3842
3842
3841
3840
3840
3838
3838
3838
3837
3836
3836
3835
3835
3835
3835
3835
3835
3834
3833
3833
3832
3831
3831
3829
3827
3827
3827
3827
3827
3826
3826
3826
3825
3824
3824
3823
3823
3822
3822
3822
3821
3821
3820
3819
3819
3818
3817
3815
3815
3815
3815
3815
3814
3814
3814
3813
3811
3811
3811
3811
3810
3810
3810
3809
3808
3807
3806
3805
3805
3805
3804
3804
3804
3803
3803
3803
3803
3802
3801
3801
3800
3800
3799
3799
3874
3798
3798
3797
3797
3797
3796
3796
3795
3795
3793
3793
3793
3791
3791
3790
3790
3790
3789
3789
3788
3788
3788
3788
3787
3787
3787
3787
3786
3786
3785
3785
3783
3783
3783
3783
3781
3781
3780
3780
3780
3779
3778
3777
3777
3777
3777
3777
3776
3776
3775
3775
3774
3773
3773
3772
3772
3772
3772
3771
3771
3770
3770
3770
3770
3770
3769
3769
3769
3768
3768
3767
3767
3766
3764
3763
3763
3761
3761
3760
3760
3759
3758
3757
3757
3757
3757
3757
3756
3756
3755
3755
3755
3755
3753
3753
3753
3753
3753
3752
3752
3752
3750
3750
3749
3749
3748
3747
3747
3746
3746
3746
3745
3744
3744
3743
3743
3742
3742
3741
3740
3740
3740
3740
3739
3739
3739
3738
3738
3738
3737
3737
3736
3736
3736
3736
3736
3735
3734
3733
3733
3733
3732
3732
3732
3731
3731
3730
3730
3730
3729
3729
3729
3728
3728
3728
3728
3727
3727
3727
3726
3726
3725
3724
3724
3724
3724
3723
3723
3722
3722
3722
3721
3721
3721
3720
3720
3719
3719
3719
3718
3718
3717
3717
3716
3715
3715
3715
3714
3714
3712
3711
3711
3710
3710
3709
3709
3709
3708
3708
3707
3707
3707
3706
3706
3706
3706
3705
3705
3704
3704
3704
3703
3702
3702
3702
3702
3701
3701
3700
3699
3699
3699
3699
3698
3697
3697
3697
3697
3696
3716
3695
3695
3695
3693
3693
3691
3691
3689
3689
3689
3689
3688
3688
3687
3686
3685
3685
3685
3683
3683
3683
3683
3682
3682
3682
3682
3682
3681
3681
3681
3681
3681
3681
3680
3680
3679
3679
3679
3679
3678
3678
3678
3678
3678
3677
3677
3676
3675
3675
3674
3674
3674
3673
3673
3672
3671
3671
3670
3670
3670
3670
3669
3668
3668
3668
3668
3667
3666
3666
3666
3665
3665
3665
3665
3664
3663
3663
3663
3662
3662
3662
3661
3661
3660
3660
3660
3660
3660
3660
3660
3659
3659
3658
3658
3658
3658
3657
3656
3655
3655
3655
3654
3654
3654
3654
3652
3652
3652
3652
3652
3651
3651
3651
3651
3650
3649
3649
3649
3648
3648
3648
3648
3647
3647
3647
3646
3646
3645
3644
3644
3644
3644
3644
3643
3642
3642
3640
3640
3639
3639
3638
3637
3637
3637
3637
3636
3636
3636
3636
3636
3636
3636
3636
3635
3634
3634
3633
3633
3633
3633
3632
3631
3631
3631
3630
3630
3630
3630
3630
3629
3629
3628
3628
3627
3627
3627
3626
3612
3625
3624
3624
3624
3623
3623
3623
3622
3621
3621
3620
3618
3618
3617
3617
3616
3616
3616
3615
3615
3615
3615
3613
3612
3611
3610
3610
3609
3609
3609
3608
3608
3608
3607
3607
3607
3607
3607
3606
3604
3604
3603
3603
3603
3603
3601
3601
3599
3598
3598
3598
3596
3596
3596
3595
3595
3595
3595
3593
3592
3592
3591
3591
3603
3591
3591
3590
3590
3589
3589
3589
3589
3589
3589
3588
3588
3587
3587
3587
3586
3585
3585
3585
3584
3584
3584
3583
3582
3581
3581
3580
3580
3579
3579
3579
3579
3579
3578
3578
3578
3577
3577
3577
3577
3576
3576
3574
3574
3573
3573
3573
3572
3572
3572
3571
3571
3571
3571
3571
3570
3570
3569
3569
3569
3569
3569
3568
3567
3567
3567
3566
3565
3564
3564
3564
3564
3563
3562
3562
3561
3560
3560
3560
3560
3559
3559
3557
3557
3557
3556
3556
3555
3554
3554
3554
3553
3552
3551
3551
3551
3550
3549
3549
3549
3549
3548
3547
3546
3546
3546
3543
3543
3543
3543
3543
3542
3542
3542
3542
3542
3540
3540
3540
3540
3539
3539
3539
3537
3536
3536
3535
3535
3534
3534
3534
3534
3534
3534
3534
3534
3533
3532
3532
3531
3531
3531
3531
3530
3529
3529
3529
3529
3528
3528
3528
3527
3527
3527
3526
3526
3525
3525
3524
3524
3524
3523
3523
3522
3522
3521
3521
3521
3521
3520
3520
3520
3519
3519
3518
3518
3518
3518
3517
3517
3517
3517
3517
3516
3516
3516
3516
3516
3515
3515
3515
3514
3513
3513
3513
3512
3512
3512
3511
3510
3510
3510
3510
3509
3509
3509
3508
3508
3508
3508
3506
3506
3506
3505
3505
3505
3504
3504
3503
3503
3503
3503
3503
3503
3503
3502
3502
3501
3500
3500
3498
3497
3497
3497
3496
3511
3495
3499
3493
3492
3492
3492
3492
3491
3491
3491
3490
3490
3490
3489
3489
3489
3489
3488
3488
3488
3488
3488
3487
3487
3487
3487
3486
3486
3485
3485
3485
3485
3484
3484
3484
3484
3484
3483
3483
3482
3481
3481
3480
3480
3480
3479
3479
3479
3477
3476
3476
3476
3476
3474
3474
3474
3474
3473
3470
3470
3470
3470
3469
3468
3468
3467
3466
3465
3465
3464
3463
3463
3463
3463
3462
3462
3462
3462
3461
3461
3460
3460
3460
3460
3460
3459
3459
3458
3458
3457
3457
3457
3457
3456
3456
3456
3456
3454
3453
3452
3451
3451
3451
3450
3449
3447
3447
3447
3447
3447
3446
3446
3446
3445
3445
3445
3445
3445
3444
3443
3443
3442
3442
3442
3442
3441
3440
3440
3440
3440
3439
3439
3439
3438
3438
3437
3437
3437
3436
3436
3435
3435
3435
3434
3434
3434
3434
3432
3432
3432
3432
3432
3432
3430
3430
3429
3429
3429
3428
3428
3428
3428
3427
3427
3427
3427
3426
3425
3425
3425
3425
3425
3424
3423
3313
3423
3423
3422
3422
3422
3422
3421
3421
3421
3421
3427
3420
3420
3420
3420
3419
3419
3419
3419
3418
3418
3417
3417
3416
3416
3416
3415
3415
3415
3414
3414
3414
3414
3414
3413
3413
3412
3412
3412
3412
3411
3410
3410
3410
3410
3409
3408
3408
3407
3407
3407
3406
3406
3404
3403
3403
3402
3402
3402
3402
3402
3401
3401
3401
3399
3398
3398
3397
3397
3396
3396
3396
3396
3395
3395
3394
3394
3394
3393
3393
3392
3392
3392
3391
3391
3391
3390
3390
3389
3389
3389
3389
3388
3388
3388
3387
3387
3387
3387
3386
3386
3386
3385
3385
3385
3385
3384
3384
3386
3382
3382
3382
3381
3381
3381
3381
3381
3381
3380
3380
3380
3380
3380
3379
3379
3379
3379
3377
3377
3377
3376
3376
3375
3375
3375
3375
3375
3374
3374
3373
3373
3373
3373
3372
3372
3372
3371
3371
3370
3370
3370
3370
3370
3369
3369
3369
3369
3368
3367
3367
3367
3367
3367
3367
3367
3366
3365
3365
3364
3364
3364
3364
3363
3363
3363
3363
3362
3362
3365
3361
3361
3361
3361
3361
3360
3360
3359
3359
3359
3358
3358
3358
3358
3358
3357
3357
3357
3357
3357
3355
3355
3355
3355
3353
3353
3353
3352
3351
3351
3350
3350
3350
3350
3349
3348
3348
3348
3348
3348
3347
3347
3347
3346
3346
3346
3346
3346
3345
3345
3345
3345
3344
3344
3344
3344
3344
3343
3343
3343
3343
3342
3377
3342
3341
3341
3341
3340
3340
3340
3340
3340
3340
3340
3340
3339
3339
3339
3339
3338
3337
3337
3336
3335
3335
3335
3335
3343
3334
3334
3334
3333
3333
3333
3333
3333
3332
3332
3332
3332
3331
3331
3331
3330
3330
3329
3329
3329
3329
3329
3328
3328
3328
3328
3327
3327
3327
3327
3327
3326
3325
3324
3324
3324
3324
3323
3323
3323
3323
3322
3322
3322
3322
3321
3320
3320
3320
3319
3318
3318
3318
3318
3317
3317
3317
3317
3317
3316
3316
3316
3315
3315
3314
3314
3313
3313
3313
3313
3312
3311
3310
3309
3308
3307
3307
3307
3306
3306
3306
3306
3306
3305
3305
3305
3305
3304
3304
3304
3304
3303
3303
3303
3303
3302
3302
3301
3301
3301
3300
3300
3299
3298
3298
3298
3298
3297
3297
3297
3296
3296
3296
3295
3294
3293
3293
3293
3292
3292
3292
3292
3291
3291
3291
3291
3291
3291
3291
3291
3291
3291
3290
3290
3290
3289
3288
3288
3288
3288
3288
3288
3287
3287
3287
3287
3286
3286
3286
3286
3286
3286
3285
3285
3285
3284
3284
3284
3283
3283
3283
3283
3282
3282
3281
3281
3281
3281
3280
3280
3280
3279
3279
3279
3279
3278
3278
3278
3278
3278
3277
3277
3277
3277
3277
3276
3276
3276
3276
3276
3276
3274
3274
3273
3273
3273
3273
3273
3273
3273
3272
3272
3272
3272
3271
3271
3270
3270
3270
3269
3269
3269
3269
3268
3268
3267
3267
3267
3266
3265
3265
3265
3263
3263
3262
3262
3262
3262
3262
3262
3262
3262
3260
3260
3259
3259
3259
3259
3259
3258
3258
3258
3258
3257
3257
3257
3257
3257
3257
3260
3256
3256
3255
3255
3255
3255
3255
3255
3255
3254
3254
3254
3253
3253
3253
3253
3253
3252
3252
3252
3252
3252
3251
3250
3250
3250
3250
3249
3249
3249
3249
3249
3248
3248
3248
3248
3248
3247
3247
3246
3254
3245
3245
3245
3245
3245
3245
3245
3244
3244
3244
3244
3243
3242
3241
3241
3240
3240
3240
3240
3240
3239
3239
3239
3238
3238
3238
3237
3237
3237
3236
3236
3236
3235
3234
3234
3234
3234
3234
3234
3233
3233
3233
3233
3233
3232
3232
3232
3232
3231
3231
3231
3230
3230
3230
3230
3230
3230
3229
3229
3229
3229
3228
3228
3228
3228
3228
3228
3228
3228
3227
3227
3227
3227
3227
3226
3225
3225
3225
3224
3224
3223
3223
3223
3222
3222
3222
3222
3222
3222
3222
3221
3221
3220
3220
3220
3220
3219
3219
3219
3219
3219
3219
3218
3218
3218
3217
3217
3217
3216
3214
3214
3214
3214
3213
3213
3213
3213
3213
3212
3211
3211
3210
3209
3209
3208
3208
3208
3208
3208
3208
3206
3206
3206
3206
3204
3204
3203
3203
3203
3203
3202
3202
3202
3202
3201
3201
3201
3201
3201
3201
3200
3200
3200
3200
3199
3198
3198
3198
3198
3198
3197
3197
3197
3196
3196
3215
3195
3194
3194
3194
3193
3193
3193
3192
3192
3192
3191
3191
3191
3190
3190
3190
3189
3189
3189
3189
3189
3189
3189
3188
3188
3188
3188
3187
3187
3186
3186
3186
3185
3185
3185
3185
3185
3185
3185
3184
3184
3184
3184
3183
3182
3182
3182
3182
3182
3181
3181
3181
3181
3180
3180
3180
3180
3178
3178
3177
3177
3177
3177
3176
3176
3176
3175
3175
3175
3175
3175
3174
3174
3174
3173
3173
3173
3172
3172
3172
3172
3171
3171
3171
3171
3171
3171
3170
3170
3169
3168
3168
3168
3168
3168
3167
3167
3167
3167
3167
3166
3166
3166
3166
3166
3165
3165
3165
3165
3165
3164
3164
3164
3164
3164
3163
3162
3162
3162
3161
3161
3161
3161
3161
3161
3161
3160
3160
3160
3160
3159
3158
3158
3158
3156
3156
3155
3154
3154
3154
3154
3154
3154
3154
3153
3153
3153
3153
3152
3152
3151
3151
3150
3149
3149
3149
3149
3148
3148
3148
3148
3147
3146
3146
3146
3145
3145
3145
3145
3144
3144
3144
3144
3143
3142
3142
3142
3141
3141
3141
3140
3140
3140
3139
3139
3139
3139
3138
3138
3138
3137
3137
3137
3136
3136
3135
3135
3134
3134
3134
3133
3133
3132
3131
3131
3131
3131
3131
3131
3130
3130
3130
3130
3130
3129
3129
3129
3128
3128
3128
3128
3127
3127
3126
3126
3126
3126
3126
3125
3125
3125
3125
3125
3124
3124
3124
3123
3123
3123
3122
3122
3121
3121
3121
3120
3120
3120
3120
3120
3120
3119
3118
3118
3118
3119
3117
3117
3117
3116
3116
3116
3115
3115
3115
3115
3115
3114
3114
3114
3114
3114
3113
3113
3113
3112
3112
3112
3112
3111
3111
3111
3110
3109
3109
3109
3109
3109
3109
3109
3109
3108
3108
3108
3107
3107
3107
3106
3106
3106
3106
3105
3105
3104
3104
3103
3102
3102
3102
3102
3102
3101
3101
3101
3101
3100
3100
3100
3100
3100
3099
3099
3099
3099
3098
3098
3098
3098
3098
3097
3097
3097
3096
3096
3096
3096
3096
3096
3096
3095
3095
3095
3094
3093
3093
3093
3093
3092
3092
3091
3091
3090
3090
3089
3089
3088
3088
3088
3088
3088
3087
3086
3087
3086
3086
3085
3084
3084
3084
3084
3083
3083
3083
3083
3082
3082
3082
3082
3081
3081
3081
3080
3080
3080
3078
3078
3078
3078
3078
3078
3078
3078
3077
3077
3077
3077
3077
3077
3076
3076
3076
3076
3076
3075
3075
3075
3075
3075
3075
3075
3075
3074
3074
3074
3073
3072
3072
3071
3071
3071
3070
3070
3070
3070
3070
3070
3069
3069
3068
3067
3067
3067
3067
3067
3067
3065
3064
3064
3064
3064
3063
3063
3063
3063
3063
3062
3062
3062
3062
3061
3061
3060
3060
3060
3059
3059
3059
3059
3059
3058
3057
3057
3056
3056
3055
3055
3055
3055
3054
3054
3054
3054
3054
3054
3053
3053
3052
3052
3052
3052
3051
3050
3050
3049
3049
3049
3048
3048
3047
3047
3047
3047
3047
3046
3046
3045
3045
3045
3044
3044
3044
3043
3046
3043
3043
3042
3042
3041
3041
3041
3040
3040
3040
3040
3039
3039
3039
3039
3038
3038
3038
3038
3038
3037
3037
3037
3037
3036
3036
3036
3035
3035
3034
3034
3033
3033
3033
3033
3033
3033
3032
3032
3032
3032
3032
3031
3031
3030
3030
3030
3030
3029
3029
3030
3029
3029
3029
3028
3028
3028
3028
3027
3027
3027
3026
3025
3025
3025
3025
3024
3024
3023
3023
3022
3022
3022
3021
3020
3020
3020
3019
3019
3019
3019
3018
3018
3018
3017
3017
3017
3016
3016
3016
3016
3015
3015
3015
3015
3014
3014
3014
3014
3014
3014
3014
3014
3014
3013
3013
3013
3013
3013
3012
3012
3011
3011
3020
3011
3011
3011
3011
3011
3011
3010
3010
3010
3009
3009
3009
3009
3008
3008
3008
3007
3006
3006
3006
3005
3005
3005
3005
3004
3004
3004
3004
3004
3003
3002
3002
3002
3001
3001
3000
