228149
216033
174459
166644
154573
148489
135662
126004
124078
120685
120049
118099
114433
106724
96277
96047
95594
95000
92077
92051
90731
89924
86625
84594
79070
78491
78007
77952
77378
76699
76107
74383
73991
72630
72412
71975
71933
70543
66952
66337
65936
65154
64998
64882
64219
63973
63355
63021
62659
61492
61043
60925
60166
60006
59669
59423
58459
58439
58215
57583
57303
57210
56877
56481
55884
54565
54559
53624
53368
53207
53120
52902
52243
52197
51763
51606
51440
50948
50275
50180
50075
49869
49577
49558
49482
49422
49218
49047
48646
48638
48599
48560
48492
48180
48100
47874
47341
47284
47235
47110
46966
46471
46363
46225
46204
46132
45982
45735
45237
44920
44891
44755
44662
44328
43891
43822
43788
43763
43748
43484
43462
43422
43383
43364
43324
43234
43031
43019
42992
42935
42822
42637
42238
42208
42187
42056
42044
41967
41794
41765
41057
40982
40676
40521
40472
40345
40265
39923
39897
39825
39618
39545
39340
39281
39210
38887
38618
38358
38163
37995
37923
37900
37712
37624
37616
37329
37086
36956
36795
36692
36641
36578
36477
36378
36289
36090
36050
35981
35926
35889
35825
35811
35744
35744
35645
35545
35489
35229
35179
35097
35048
35009
34986
34904
34901
34895
34889
34763
34750
34705
34362
34228
34173
34171
34033
33933
33738
33717
33678
33620
33588
33555
33476
33461
33351
33306
33239
33137
33122
32998
32970
32912
32819
32629
32611
32566
32560
32439
32347
32234
32101
31915
31886
31870
31840
31779
31602
31594
31522
31509
31490
31438
31342
31339
31271
31178
31081
30956
30899
30759
30690
30637
30625
30506
30475
30382
30305
30285
30282
30133
30088
30083
29960
29930
29738
29656
29609
29549
29393
29312
29291
29265
29264
29210
29167
29148
29127
29012
28927
28891
28763
28747
28651
28490
28434
28369
28313
28295
28263
28255
28218
28155
28143
28141
28103
27951
27857
27794
27783
27716
27677
27626
27612
27604
27600
27521
27517
27512
27473
27416
27339
27217
27196
27140
27066
27058
27007
26944
26923
26889
26868
26823
26778
26769
26739
26645
26630
26627
26514
26495
26423
26418
26377
26371
26266
26163
26130
26119
26018
25990
25969
25949
25926
25844
25821
25813
25813
25801
25784
25763
25731
25638
25587
25346
25332
25241
25217
25192
25143
25072
25062
25058
25034
24961
24955
24949
24943
24914
24897
24865
24850
24798
24702
24605
24595
24437
24402
24399
24388
24350
24214
24211
24186
24162
24150
24034
23955
23937
23897
23895
23864
23785
23749
23738
23722
23696
23646
23618
23582
23564
23555
23501
23406
23381
23372
23342
23328
23263
23199
23156
23043
23028
22953
22907
22904
22895
22892
22872
22843
22803
22801
22796
22716
22695
22640
22592
22572
22553
22438
22374
22256
22246
22246
22194
22155
22070
21991
21983
21974
21895
21861
21778
21696
21684
21682
21636
21625
21624
21514
21476
21426
21416
21381
21344
21333
21329
21263
21253
21235
21228
21176
21172
21150
21110
21089
21089
21023
20991
20964
20958
20943
20919
20897
20872
20863
20863
20859
20854
20830
20760
20733
20730
20719
20655
20657
20640
20619
20554
20544
20506
20485
20482
20442
20435
20421
20412
20410
20399
20394
20362
20292
20217
20208
20113
20051
19970
19970
19966
19960
19957
19877
19854
19852
19848
19841
19837
19826
19818
19786
19781
19780
19715
19702
19663
19657
19606
19597
19586
19578
19556
19527
19518
19484
19483
19478
19451
19402
19373
19348
19347
19327
19305
19295
19278
19273
19232
19224
19190
19185
19157
19070
19039
19010
19000
18993
18937
18916
18890
18885
18862
18809
18806
18802
18776
18750
18739
18726
18721
18702
18633
18609
18604
18562
18538
18535
18531
18527
18440
18438
18432
18424
18415
18409
18400
18397
18382
18374
18333
18333
18304
18299
18297
18278
18258
18234
18219
18183
18177
18159
18141
18123
18054
18049
18047
18022
18015
18001
17988
17986
17985
17959
17955
17934
17906
17902
17890
17883
17868
17845
17821
17809
17805
17676
17642
17630
17604
17559
17547
17508
17499
17497
17475
17415
17395
17371
17321
17314
17291
17230
17204
17203
17203
17195
17174
17172
17147
17138
17131
17116
17108
17097
17097
17074
17048
16981
16975
16972
16955
16955
16950
16946
16902
16882
16854
16852
16848
16836
16827
16824
16810
16794
16780
16767
16760
16751
16741
16730
16726
16723
16680
16671
16669
16632
16623
16621
16593
16545
16536
16513
16483
16463
16460
16448
16431
16407
16393
16379
16376
16353
16335
16328
16323
16314
16310
16305
16303
16280
16227
16212
16205
16190
16185
16182
16175
16168
16166
16161
16149
16114
16105
16104
16098
16078
16074
16068
16064
16043
16029
16015
16011
15997
15996
15981
15971
15947
15937
15911
15910
15906
15899
15895
15887
15882
15882
15875
15873
15870
15869
15855
15851
15810
15803
15782
15767
15740
15716
15716
15710
15702
15691
15681
15673
15650
15649
15644
15634
15626
15615
15610
15606
15595
15594
15583
15579
15561
15527
15522
15496
15476
15466
15454
15447
15421
15418
15411
15381
15375
15367
15358
15323
15297
15293
15292
15288
15266
15262
15256
15253
15237
15226
15189
15183
15171
15169
15162
15154
15153
15146
15142
15136
15112
15105
15094
15058
15024
15015
15015
15010
14991
14989
14972
14959
14915
14913
14887
14884
14881
14869
14845
14834
14819
14818
14803
14788
14777
14759
14757
14743
14735
14727
14721
14714
14708
14690
14680
14660
14656
14655
14647
14646
14644
14637
14620
14620
14615
14589
14571
14568
14568
14566
14550
14547
14536
14529
14523
14518
14511
14504
14490
14468
14456
14443
14436
14416
14411
14391
14363
14362
14360
14342
14337
14331
14325
14308
14305
14295
14276
14272
14264
14263
14248
14247
14237
14227
14223
14222
14215
14202
14182
14178
14170
14151
14150
14138
14134
14128
14091
14087
14080
14059
14059
14053
14052
14045
14041
14036
14024
14016
14013
14005
14004
13991
13987
13976
13970
13960
13960
13954
13938
13877
13868
13833
13829
13829
13805
13802
13793
13780
13779
13762
13723
13703
13696
13675
13672
13656
13655
13650
13615
13597
13594
13573
13573
13569
13565
13562
13560
13558
13554
13543
13535
13505
13457
13447
13445
13445
13442
13438
13433
13430
13427
13419
13404
13401
13400
13377
13352
13336
13329
13326
13326
13315
13312
13308
13297
13289
13286
13284
13276
13270
13263
13254
13250
13223
13211
13199
13182
13167
13164
13155
13149
13138
13125
13100
13095
13090
13085
13083
13046
13044
13036
13020
13017
12982
12958
12949
12938
12932
12931
12892
12891
12884
12881
12879
12873
12869
12860
12851
12840
12830
12828
12821
12815
12812
12791
12789
12773
12759
12757
12757
12756
12751
12743
12714
12708
12691
12691
12678
12668
12649
12646
12640
12638
12633
12629
12605
12598
12597
12592
12588
12572
12572
12544
12538
12535
12529
12527
12525
12508
12498
12496
12492
12488
12486
12463
12449
12449
12448
12441
12434
12431
12420
12417
12407
12400
12394
12386
12376
12367
12362
12362
12355
12340
12339
12331
12328
12310
12283
12282
12278
12277
12270
12267
12265
12258
12252
12247
12245
12237
12208
12206
12201
12192
12171
12154
12143
12140
12137
12105
12103
12092
12081
12081
12074
12069
12065
12056
12050
12049
12048
12045
12041
12030
12029
12024
12024
12010
12008
12001
11992
11976
11962
11957
11951
11950
11942
11940
11927
11918
11917
11913
11912
11897
11892
11892
11887
11880
11871
11868
11851
11849
11847
11845
11832
11829
11828
11828
11823
11815
11792
11791
11784
11773
11768
11760
11759
11753
11749
11736
11720
11718
11709
11708
11705
11703
11694
11689
11688
11683
11674
11666
11644
11643
11639
11637
11635
11614
11612
11607
11602
11596
11592
11581
11571
11570
11569
11560
11560
11557
11557
11550
11548
11544
11539
11533
11528
11514
11504
11501
11499
11498
11498
11496
11493
11488
11471
11452
11439
11435
11430
11424
11424
11415
11407
11403
11395
11385
11385
11384
11378
11372
11369
11359
11357
11353
11345
11339
11339
11322
11322
11318
11313
11308
11301
11295
11294
11272
11269
11269
11260
11252
11250
11240
11231
11229
11229
11227
11221
11216
11214
11171
11166
11165
11159
11156
11153
11147
11140
11131
11121
11115
11114
11098
11093
11085
11078
11074
11073
11069
11068
11060
11059
11057
11056
11051
11044
11039
11022
11020
11018
11013
11002
10969
10961
10953
10952
10936
10921
10901
10897
10893
10890
10874
10873
10867
10867
10867
10857
10857
10855
10853
10853
10851
10847
10846
10836
10836
10819
10818
10810
10806
10806
10805
10804
10793
10783
10780
10762
10759
10757
10752
10740
10739
10732
10731
10727
10725
10723
10722
10721
10716
10714
10709
10707
10704
10690
10686
10681
10679
10676
10673
10671
10668
10667
10667
10663
10656
10655
10651
10649
10642
10641
10639
10639
10635
10634
10634
10631
10621
10618
10610
10610
10607
10604
10603
10597
10596
10591
10584
10577
10576
10571
10571
10571
10570
10568
10556
10549
10546
10544
10540
10532
10519
10516
10508
10505
10501
10501
10501
10500
10484
10476
10476
10468
10463
10458
10438
10421
10418
10414
10394
10391
10380
10378
10377
10375
10372
10357
10354
10346
10341
10334
10321
10319
10312
10305
10302
10280
10277
10265
10262
10258
10239
10235
10224
10215
10206
10198
10190
10189
10187
10187
10187
10185
10184
10178
10172
10165
10153
10150
10118
10116
10116
10114
10102
10095
10084
10084
10081
10081
10081
10076
10075
10075
10071
10069
10067
10066
10066
10058
10056
10051
10046
10045
10042
10042
10032
10029
10028
10025
10025
10022
10019
10011
10010
10009
10005
9989
9979
9978
9977
9976
9964
9958
9946
9945
9939
9936
9929
9925
9913
9912
9912
9908
9894
9884
9883
9879
9841
9838
9835
9834
9825
9820
9816
9810
9806
9805
9800
9784
9773
9758
9756
9755
9745
9741
9736
9729
9723
9719
9715
9711
9706
9702
9701
9689
9688
9684
9674
9672
9666
9659
9658
9651
9649
9649
9649
9649
9645
9645
9633
9631
9627
9625
9618
9616
9615
9600
9598
9593
9590
9584
9576
9569
9557
9552
9547
9535
9533
9531
9529
9527
9520
9509
9507
9506
9498
9497
9496
9490
9488
9487
9479
9476
9476
9473
9468
9464
9459
9458
9455
9454
9451
9450
9447
9447
9442
9441
9435
9434
9433
9431
9429
9428
9424
9415
9409
9406
9403
9401
9392
9391
9389
9380
9379
9377
9368
9366
9363
9361
9360
9357
9345
9328
9328
9327
9326
9321
9320
9316
9306
9300
9286
9285
9282
9281
9278
9275
9271
9268
9261
9246
9241
9241
9228
9226
9225
9224
9224
9224
9223
9223
9211
9210
9209
9196
9195
9185
9177
9175
9172
9171
9170
9162
9152
9147
9145
9143
9135
9134
9131
9124
9124
9115
9114
9114
9108
9106
9106
9103
9099
9082
9078
9076
9067
9066
9066
9065
9064
9060
9053
9047
9044
9043
9034
9034
9031
9022
9020
9019
9017
9017
9013
9004
8998
8996
8985
8984
8984
8983
8982
8979
8978
8976
8975
8972
8972
8957
8955
8955
8954
8953
8946
8945
8941
8940
8939
8932
8930
8913
8912
8909
8908
8907
8906
8901
8898
8893
8891
8890
8888
8883
8881
8880
8876
8872
8868
8863
8860
8854
8848
8847
8842
8840
8839
8839
8829
8825
8825
8820
8816
8816
8815
8814
8809
8806
8804
8803
8801
8799
8798
8796
8795
8794
8792
8790
8782
8781
8770
8759
8752
8751
8747
8733
8731
8730
8728
8726
8725
8725
8722
8718
8718
8717
8717
8716
8708
8707
8706
8706
8703
8702
8698
8687
8687
8682
8679
8676
8672
8669
8663
8661
8660
8651
8651
8648
8647
8645
8643
8639
8621
8619
8616
8610
8598
8594
8593
8591
8591
8588
8579
8579
8573
8572
8570
8569
8567
8565
8559
8559
8558
8552
8551
8550
8548
8547
8545
8544
8541
8530
8529
8528
8517
8514
8513
8512
8509
8508
8505
8505
8504
8502
8498
8497
8495
8494
8490
8485
8483
8478
8475
8473
8472
8462
8458
8455
8453
8442
8441
8435
8435
8429
8426
8422
8419
8409
8408
8405
8401
8397
8392
8391
8387
8383
8380
8380
8379
8379
8378
8376
8375
8373
8362
8357
8354
8348
8343
8340
8334
8330
8329
8327
8327
8325
8322
8321
8316
8316
8315
8311
8308
8307
8300
8300
8297
8294
8286
8286
8284
8282
8272
8272
8268
8266
8259
8256
8254
8252
8252
8249
8248
8246
8246
8243
8241
8238
8235
8234
8233
8231
8219
8216
8212
8208
8207
8207
8200
8200
8199
8198
8196
8193
8189
8182
8181
8175
8160
8157
8155
8155
8151
8151
8145
8143
8142
8139
8137
8135
8133
8130
8127
8127
8122
8122
8121
8120
8119
8119
8111
8110
8106
8106
8103
8094
8090
8089
8087
8086
8086
8085
8084
8081
8080
8078
8076
8075
8073
8071
8070
8067
8061
8059
8048
8045
8043
8042
8039
8033
8032
8030
8027
8027
8027
8024
8024
8023
8022
8016
8014
8013
8007
8006
8006
8005
7995
7994
7991
7990
7990
7989
7989
7989
7986
7985
7985
7983
7981
7980
7979
7975
7972
7971
7971
7968
7967
7962
7960
7958
7955
7955
7947
7947
7945
7939
7939
7938
7937
7936
7929
7926
7925
7924
7921
7920
7920
7917
7913
7912
7910
7907
7907
7906
7905
7902
7896
7893
7888
7887
7887
7884
7881
7880
7877
7874
7874
7872
7871
7866
7866
7864
7864
7863
7863
7862
7853
7853
7852
7850
7850
7844
7842
7835
7834
7832
7832
7824
7822
7811
7810
7807
7807
7806
7803
7795
7790
7789
7789
7785
7784
7784
7782
7782
7781
7775
7774
7773
7769
7768
7765
7765
7765
7764
7762
7762
7761
7753
7753
7752
7751
7748
7743
7740
7738
7736
7731
7730
7730
7724
7724
7724
7722
7718
7717
7714
7713
7709
7706
7705
7699
7694
7691
7689
7689
7681
7678
7678
7677
7674
7673
7671
7669
7666
7665
7665
7649
7647
7647
7645
7640
7640
7639
7636
7634
7633
7629
7629
7628
7628
7627
7627
7627
7626
7622
7618
7617
7616
7614
7611
7608
7607
7603
7602
7598
7596
7595
7592
7591
7588
7586
7579
7576
7576
7574
7574
7574
7572
7572
7572
7571
7571
7569
7565
7560
7560
7559
7558
7558
7556
7553
7552
7551
7550
7548
7548
7546
7543
7540
7537
7533
7532
7529
7529
7525
7521
7519
7517
7516
7516
7514
7513
7513
7512
7510
7506
7504
7503
7501
7499
7498
7497
7492
7491
7484
7480
7475
7472
7472
7471
7471
7469
7468
7468
7463
7462
7460
7460
7457
7455
7453
7453
7451
7450
7449
7448
7448
7446
7438
7433
7430
7430
7429
7428
7426
7423
7422
7420
7413
7410
7408
7405
7404
7402
7399
7389
7384
7382
7379
7377
7376
7375
7375
7375
7371
7369
7362
7359
7359
7359
7355
7353
7353
7350
7350
7350
7347
7347
7346
7345
7343
7342
7341
7338
7338
7337
7336
7334
7333
7331
7325
7324
7322
7319
7317
7312
7306
7303
7302
7300
7297
7297
7294
7293
7289
7281
7279
7278
7278
7275
7271
7271
7268
7267
7266
7265
7263
7258
7251
7251
7249
7248
7248
7246
7237
7236
7236
7235
7232
7230
7229
7229
7227
7227
7224
7223
7219
7219
7213
7208
7205
7204
7202
7202
7201
7200
7200
7198
7197
7197
7196
7196
7194
7189
7183
7178
7178
7177
7176
7174
7173
7171
7169
7169
7168
7168
7167
7162
7161
7161
7160
7154
7154
7152
7150
7150
7149
7145
7144
7143
7140
7140
7139
7139
7136
7136
7135
7134
7134
7132
7130
7128
7127
7123
7121
7118
7117
7116
7116
7113
7107
7106
7105
7104
7101
7101
7101
7099
7095
7093
7093
7092
7091
7091
7091
7090
7089
7089
7084
7083
7082
7082
7082
7081
7080
7077
7074
7073
7070
7070
7069
7065
7063
7063
7056
7050
7043
7042
7042
7038
7035
7033
7031
7029
7028
7028
7026
7026
7026
7016
7016
7016
7015
7010
7007
7005
7004
7003
7002
6990
6983
6981
6981
6981
6979
6977
6974
6970
6970
6969
6968
6965
6965
6963
6962
6957
6952
6948
6947
6946
6945
6944
6941
6940
6939
6936
6932
6930
6925
6924
6922
6919
6918
6916
6914
6914
6911
6910
6905
6905
6902
6900
6894
6893
6891
6889
6887
6886
6886
6886
6885
6884
6880
6879
6878
6877
6877
6876
6873
6872
6867
6862
6862
6861
6861
6861
6860
6856
6853
6848
6848
6846
6846
6840
6839
6837
6836
6834
6832
6830
6829
6828
6824
6823
6821
6821
6820
6813
6813
6812
6811
6809
6808
6807
6803
6802
6801
6800
6799
6799
6794
6794
6794
6788
6788
6787
6786
6784
6779
6778
6778
6777
6774
6772
6767
6765
6765
6765
6764
6763
6761
6759
6758
6758
6757
6757
6757
6752
6749
6748
6746
6739
6737
6736
6733
6733
6729
6728
6727
6727
6726
6726
6725
6721
6717
6716
6716
6714
6714
6713
6709
6708
6703
6699
6699
6691
6689
6688
6687
6687
6685
6685
6683
6681
6678
6675
6674
6674
6672
6670
6666
6665
6664
6663
6663
6660
6659
6655
6655
6655
6654
6651
6650
6647
6645
6644
6642
6640
6640
6637
6629
6628
6627
6627
6625
6625
6619
6618
6614
6612
6610
6607
6605
6605
6602
6599
6597
6594
6586
6585
6584
6583
6582
6581
6579
6578
6576
6575
6574
6572
6571
6565
6565
6564
6563
6563
6559
6556
6549
6549
6548
6548
6547
6546
6546
6546
6546
6545
6544
6544
6542
6542
6541
6539
6535
6534
6532
6531
6531
6530
6527
6524
6523
6523
6523
6522
6521
6520
6519
6518
6518
6518
6514
6513
6511
6507
6506
6504
6499
6498
6498
6498
6495
6494
6494
6493
6493
6493
6491
6489
6486
6480
6478
6478
6474
6472
6472
6469
6467
6460
6460
6451
6450
6450
6450
6449
6449
6448
6447
6447
6444
6443
6440
6439
6437
6437
6436
6434
6432
6431
6430
6429
6429
6428
6427
6426
6426
6425
6421
6420
6419
6419
6418
6418
6417
6415
6415
6414
6414
6406
6404
6403
6399
6399
6398
6397
6388
6388
6387
6386
6384
6383
6382
6382
6381
6378
6378
6377
6377
6376
6376
6376
6374
6374
6374
6373
6372
6369
6369
6366
6364
6364
6360
6359
6358
6355
6354
6354
6352
6352
6351
6348
6347
6347
6346
6345
6339
6339
6338
6337
6334
6327
6325
6322
6322
6319
6317
6316
6314
6314
6314
6313
6311
6310
6309
6309
6305
6304
6304
6302
6300
6300
6300
6299
6298
6298
6297
6296
6295
6293
6292
6290
6288
6287
6285
6281
6280
6280
6280
6277
6276
6276
6271
6271
6271
6271
6270
6260
6257
6256
6255
6251
6251
6251
6251
6250
6250
6240
6240
6239
6239
6236
6235
6234
6231
6230
6226
6224
6224
6218
6217
6211
6210
6206
6217
6204
6203
6200
6197
6197
6196
6194
6194
6192
6192
6191
6191
6187
6187
6186
6185
6183
6181
6178
6175
6175
6171
6170
6170
6169
6166
6165
6163
6163
6161
6159
6156
6154
6153
6148
6145
6144
6142
6141
6139
6138
6137
6137
6137
6136
6136
6134
6132
6124
6119
6117
6115
6114
6114
6114
6113
6111
6108
6108
6107
6107
6101
6100
6100
6099
6099
6097
6097
6097
6095
6095
6093
6091
6090
6088
6087
6086
6086
6083
6083
6080
6079
6077
6077
6075
6069
6067
6066
6066
6065
6063
6063
6063
6061
6060
6060
6058
6053
6052
6049
6049
6047
6046
6043
6042
6042
6041
6040
6037
6036
6035
6035
6030
6029
6029
6029
6028
6026
6025
6021
6020
6019
6018
6018
6018
6018
6017
6015
6012
6010
6008
6008
6008
6008
6008
6006
6003
6003
6002
6001
6001
6001
6000
5999
5999
5997
5995
5993
5992
5992
5990
5990
5990
5989
5989
5988
5988
5988
5987
5985
5984
5983
5981
5979
5976
5973
5973
5972
5969
5968
5968
5968
5965
5962
5960
5960
5959
5954
5954
5952
5951
5950
5949
5945
5944
5943
5943
5942
5942
5941
5941
5940
5939
5938
5937
5937
5937
5936
5935
5934
5933
5933
5933
5930
5929
5928
5927
5926
5923
5923
5922
5922
5922
5922
5921
5920
5920
5919
5918
5916
5915
5912
5910
5910
5907
5906
5903
5900
5900
5899
5898
5897
5895
5894
5893
5892
5890
5889
5888
5888
5887
5887
5886
5886
5885
5884
5884
5879
5879
5877
5766
5876
5875
5874
5873
5869
5867
5867
5867
5863
5861
5861
5861
5859
5855
5853
5852
5849
5848
5846
5845
5845
5844
5843
5843
5842
5841
5839
5836
5836
5833
5831
5829
5828
5828
5828
5827
5826
5825
5825
5822
5822
5820
5820
5819
5818
5813
5813
5812
5812
5809
5809
5808
5807
5806
5805
5805
5804
5804
5803
5802
5802
5802
5801
5799
5799
5797
5796
5795
5795
5792
5792
5792
5787
5787
5784
5784
5783
5780
5780
5780
5779
5779
5778
5778
5777
5776
5776
5776
5774
5771
5770
5769
5769
5769
5768
5767
5766
5765
5765
5757
5755
5754
5744
5744
5743
5743
5741
5740
5740
5739
5738
5737
5733
5731
5728
5726
5725
5723
5723
5723
5721
5721
5720
5719
5718
5688
5718
5716
5715
5715
5715
5715
5712
5711
5708
5707
5707
5706
5706
5704
5701
5700
5700
5699
5697
5697
5696
5693
5693
5693
5691
5690
5688
5686
5685
5684
5682
5682
5680
5680
5678
5678
5677
5676
5673
5673
5673
5672
5671
5669
5669
5668
5668
5668
5668
5667
5667
5667
5665
5664
5663
5662
5660
5660
5659
5659
5659
5659
5658
5657
5657
5656
5656
5655
5655
5654
5650
5647
5646
5645
5645
5644
5642
5642
5642
5641
5641
5640
5639
5639
5639
5638
5637
5635
5634
5632
5632
5632
5631
5630
5630
5628
5626
5626
5624
5624
5623
5623
5623
5619
5619
5618
5616
5614
5612
5608
5606
5605
5604
5602
5602
5602
5601
5598
5597
5597
5595
5595
5594
5594
5593
5592
5592
5590
5589
5589
5588
5587
5585
5583
5582
5582
5581
5581
5581
5580
5576
5574
5573
5573
5568
5567
5565
5565
5564
5563
5562
5561
5560
5559
5555
5552
5551
5551
5551
5550
5550
5548
5547
5547
5541
5540
5540
5539
5539
5538
5537
5536
5535
5535
5534
5533
5533
5532
5532
5531
5529
5528
5528
5528
5528
5524
5523
5522
5522
5522
5520
5519
5519
5517
5517
5516
5516
5516
5515
5514
5514
5514
5514
5514
5514
5512
5511
5511
5510
5509
5509
5509
5509
5508
5507
5505
5505
5504
5504
5504
5503
5502
5501
5501
5497
5497
5496
5494
5494
5492
5492
5489
5488
5487
5487
5486
5484
5484
5484
5483
5482
5480
5479
5478
5478
5476
5474
5474
5473
5473
5472
5471
5470
5466
5465
5464
5463
5463
5460
5459
5458
5458
5458
5457
5456
5455
5454
5452
5452
5450
5450
5449
5449
5449
5448
5446
5446
5445
5444
5443
5442
5442
5442
5441
5439
5438
5430
5430
5428
5427
5426
5425
5423
5423
5422
5422
5421
5419
5416
5415
5413
5412
5412
5411
5408
5407
5404
5403
5402
5401
5401
5400
5400
5399
5398
5397
5397
5397
5396
5395
5392
5392
5390
5389
5386
5384
5384
5383
5383
5382
5381
5380
5378
5377
5376
5373
5373
5372
5371
5366
5365
5364
5362
5361
5358
5357
5354
5353
5353
5352
5348
5348
5348
5346
5345
5345
5345
5343
5343
5343
5342
5341
5340
5340
5340
5337
5337
5336
5335
5334
5333
5328
5327
5325
5324
5324
5323
5320
5320
5319
5318
5316
5316
5315
5314
5313
5312
5311
5311
5310
5310
5308
5307
5304
5303
5303
5302
5302
5301
5301
5300
5297
5297
5296
5294
5293
5293
5293
5292
5292
5292
5292
5291
5290
5290
5290
5289
5288
5288
5288
5288
5286
5283
5283
5283
5281
5280
5279
5276
5275
5275
5275
5274
5274
5273
5272
5272
5271
5271
5271
5270
5270
5269
5269
5269
5267
5265
5263
5263
5262
5262
5260
5260
5259
5259
5258
5256
5256
5256
5255
5251
5250
5247
5245
5245
5244
5243
5243
5243
5242
5242
5241
5240
5240
5239
5239
5237
5237
5235
5235
5233
5232
5232
5231
5230
5230
5229
5229
5229
5228
5227
5226
5226
5226
5225
5224
5224
5224
5224
5223
5222
5222
5220
5220
5219
5218
5217
5216
5215
5213
5213
5213
5212
5211
5210
5209
5208
5208
5207
5207
5205
5201
5201
5201
5200
5200
5198
5198
5196
5196
5196
5196
5195
5193
5193
5192
5190
5189
5188
5187
5187
5187
5187
5186
5186
5184
5184
5182
5181
5180
5180
5179
5178
5178
5178
5177
5175
5175
5172
5171
5169
5169
5168
5166
5166
5162
5161
5161
5159
5157
5157
5156
5155
5154
5151
5151
5149
5149
5148
5146
5146
5145
5144
5143
5143
5142
5142
5141
5140
5140
5139
5138
5137
5137
5137
5135
5134
5134
5132
5131
5131
5130
5130
5130
5129
5127
5125
5125
5124
5123
5123
5123
5123
5121
5115
5114
5114
5113
5112
5111
5111
5110
5110
5110
5110
5110
5109
5108
5106
5106
5106
5104
5104
5101
5099
5097
5097
5097
5096
5093
5093
5093
5093
5092
5091
5091
5091
5090
5089
5087
5087
5087
5086
5085
5084
5083
5083
5081
5081
5079
5078
5077
5076
5075
5073
5073
5073
5072
5071
5070
5067
5065
5064
5064
5062
5061
5061
5061
5058
5057
5056
5056
5055
5053
5052
5051
5050
5050
5047
5046
5045
5044
5044
5044
5044
5041
5040
5039
5039
5037
5036
5036
5035
5035
5034
5034
5033
5032
5032
5031
5031
5030
5029
5029
5028
5027
5027
5025
5024
5024
5024
5023
5023
5021
5021
5020
5019
5018
5018
5017
5017
5015
5014
5014
5013
5012
5008
5007
5006
5002
5000
5000
4996
4995
4995
4994
4991
4990
4989
4989
4988
4988
4986
4986
4985
4984
4982
4982
4980
4979
4977
4976
4975
4975
4975
4974
4972
4972
4970
4969
4967
4966
4966
4965
4965
4963
4962
4962
4961
4959
4958
4956
4955
4954
4952
4949
4946
4943
4943
4942
4940
4940
4940
4939
4937
4937
4936
4936
4935
4935
4934
4933
4932
4931
4929
4927
4926
4926
4925
4925
4924
4923
4922
4922
4921
4919
4918
4918
4917
4917
4917
4916
4916
4916
4915
4914
4913
4912
4910
4910
4909
4909
4909
4907
4907
4906
4903
4902
4901
4897
4897
4896
4895
4895
4892
4890
4890
4886
4886
4885
4883
4882
4879
4878
4877
4876
4875
4874
4874
4872
4872
4871
4871
4870
4869
4869
4869
4868
4867
4866
4866
4864
4864
4862
4859
4858
4858
4855
4854
4854
4854
4854
4853
4852
4851
4851
4851
4850
4849
4847
4847
4845
4845
4844
4844
4844
4843
4843
4842
4842
4841
4840
4838
4838
4837
4836
4836
4834
4832
4831
4830
4830
4830
4830
4829
4829
4828
4827
4827
4826
4821
4821
4821
4820
4820
4819
4818
4817
4817
4814
4814
4814
4814
4813
4813
4811
4810
4810
4809
4808
4807
4806
4806
4805
4805
4804
4803
4803
4800
4798
4798
4797
4795
4795
4792
4790
4789
4788
4787
4785
4785
4785
4783
4782
4782
4782
4782
4781
4781
4780
4779
4779
4778
4777
4777
4776
4776
4776
4775
4774
4774
4773
4772
4771
4771
4769
4769
4769
4767
4766
4766
4764
4763
4762
4761
4758
4756
4756
4756
4754
4754
4752
4752
4751
4750
4750
4749
4749
4748
4748
4747
4746
4746
4745
4745
4745
4744
4744
4744
4743
4742
4741
4740
4740
4737
4736
4736
4734
4732
4731
4731
4731
4731
4730
4729
4729
4728
4728
4728
4727
4726
4726
4725
4724
4723
4723
4723
4723
4723
4722
4722
4722
4721
4719
4719
4718
4718
4718
4717
4716
4715
4714
4713
4711
4710
4710
4710
4710
4709
4709
4708
4707
4707
4707
4707
4705
4705
4703
4703
4702
4701
4701
4699
4698
4698
4697
4696
4693
4693
4692
4692
4690
4690
4688
4687
4687
4686
4686
4686
4686
4684
4683
4683
4683
4681
4678
4678
4678
4678
4678
4678
4678
4678
4675
4675
4675
4674
4673
4673
4672
4672
4671
4671
4671
4670
4670
4670
4666
4664
4663
4662
4659
4658
4657
4655
4654
4653
4653
4653
4652
4651
4651
4650
4650
4648
4648
4648
4647
4644
4644
4643
4643
4643
4642
4642
4641
4641
4640
4639
4638
4635
4635
4635
4635
4634
4633
4633
4630
4628
4627
4626
4626
4625
4625
4624
4623
4622
4620
4620
4620
4620
4618
4618
4617
4617
4617
4611
4611
4611
4610
4610
4610
4610
4609
4606
4606
4606
4604
4604
4604
4603
4602
4601
4600
4599
4599
4598
4597
4597
4596
4596
4596
4594
4594
4594
4593
4593
4592
4592
4591
4590
4589
4589
4589
4589
4589
4588
4588
4588
4587
4587
4586
4586
4585
4585
4584
4583
4581
4581
4580
4579
4579
4578
4575
4575
4575
4574
4572
4572
4571
4570
4569
4568
4568
4567
4567
4565
4564
4562
4562
4562
4562
4562
4560
4560
4558
4558
4558
4557
4557
4556
4556
4553
4552
4552
4551
4549
4548
4548
4547
4547
4547
4547
4546
4546
4546
4545
4545
4545
4544
4544
4543
4542
4541
4541
4540
4540
4539
4538
4537
4536
4535
4535
4535
4534
4534
4533
4533
4533
4532
4531
4530
4529
4528
4528
4528
4527
4526
4526
4526
4525
4524
4522
4522
4522
4521
4521
4519
4518
4517
4517
4512
4509
4506
4505
4502
4501
4501
4499
4498
4495
4494
4494
4494
4494
4492
4492
4492
4492
4491
4489
4488
4487
4486
4486
4485
4484
4484
4482
4480
4480
4478
4477
4477
4476
4475
4474
4473
4473
4473
4472
4471
4471
4470
4469
4469
4466
4466
4466
4465
4464
4463
4463
4462
4462
4461
4460
4460
4460
4459
4455
4455
4454
4452
4452
4452
4452
4451
4451
4450
4450
4449
4449
4447
4446
4446
4445
4444
4443
4442
4442
4440
4440
4439
4438
4438
4438
4437
4436
4435
4434
4434
4433
4431
4431
4430
4428
4427
4427
4426
4426
4426
4425
4424
4424
4423
4423
4422
4421
4421
4420
4420
4419
4418
4417
4417
4416
4416
4416
4415
4415
4413
4413
4413
4413
4413
4412
4412
4411
4411
4407
4406
4404
4404
4404
4404
4403
4403
4403
4402
4402
4402
4398
4398
4398
4398
4397
4393
4393
4393
4393
4392
4391
4389
4389
4388
4388
4388
4387
4385
4384
4384
4384
4383
4383
4382
4381
4380
4380
4380
4379
4379
4379
4379
4378
4377
4376
4376
4374
4373
4372
4372
4371
4371
4370
4370
4370
4369
4369
4368
4368
4368
4368
4368
4367
4367
4367
4367
4366
4365
4364
4363
4363
4363
4363
4363
4362
4362
4362
4361
4360
4358
4357
4357
4357
4356
4356
4356
4355
4355
4354
4354
4354
4354
4353
4352
4352
4352
4351
4350
4350
4350
4348
4348
4347
4347
4346
4344
4343
4342
4342
4342
4342
4342
4341
4341
4341
4341
4339
4339
4339
4337
4337
4337
4336
4334
4334
4334
4333
4333
4331
4331
4331
4331
4331
4330
4329
4329
4329
4328
4328
4328
4328
4327
4327
4326
4326
4325
4324
4322
4322
4322
4321
4320
4320
4320
4319
4318
4318
4317
4317
4316
4316
4315
4314
4314
4313
4312
4312
4312
4311
4311
4310
4309
4307
4306
4306
4306
4304
4304
4303
4301
4301
4301
4300
4300
4298
4298
4296
4296
4295
4294
4294
4293
4292
4289
4289
4289
4287
4286
4285
4283
4281
4279
4279
4279
4278
4277
4277
4276
4274
4274
4273
4273
4272
4271
4270
4270
4269
4268
4267
4267
4266
4266
4265
4265
4264
4263
4263
4263
4262
4260
4260
4260
4258
4257
4257
4256
4255
4255
4255
4255
4255
4253
4253
4252
4251
4250
4249
4248
4248
4247
4247
4246
4246
4246
4245
4245
4245
4243
4242
4242
4241
4241
4240
4238
4238
4238
4237
4236
4236
4236
4235
4234
4234
4234
4233
4232
4232
4231
4231
4231
4230
4229
4229
4228
4227
4227
4226
4226
4225
4224
4224
4224
4223
4223
4222
4222
4221
4221
4219
4218
4218
4217
4217
4216
4216
4216
4215
4213
4213
4212
4212
4212
4211
4211
4210
4210
4210
4209
4209
4208
4207
4207
4207
4207
4207
4207
4206
4206
4205
4204
4202
4201
4201
4201
4200
4200
4199
4199
4198
4197
4197
4195
4195
4195
4195
4194
4194
4194
4193
4192
4191
4191
4191
4190
4190
4190
4189
4189
4189
4188
4188
4188
4187
4187
4186
4186
4186
4184
4183
4181
4181
4181
4180
4179
4178
4175
4175
4174
4174
4172
4172
4172
4171
4169
4169
4169
4169
4169
4167
4167
4167
4166
4166
4166
4166
4165
4165
4164
4164
4162
4162
4162
4160
4159
4158
4158
4158
4158
4155
4155
4155
4153
4152
4152
4150
4149
4149
4149
4148
4147
4147
4147
4146
4146
4145
4144
4144
4144
4143
4143
4142
4142
4141
4141
4140
4140
4139
4139
4138
4138
4138
4137
4137
4135
4135
4134
4133
4132
4132
4131
4131
4131
4130
4130
4129
4129
4129
4129
4129
4129
4127
4127
4126
4125
4123
4123
4123
4123
4122
4121
4120
4119
4118
4117
4117
4116
4116
4114
4113
4113
4112
4111
4111
4110
4110
4109
4109
4109
4109
4108
4108
4108
4108
4108
4107
4107
4107
4107
4106
4105
4105
4105
4105
4104
4103
4103
4102
4101
4100
4100
4099
4098
4098
4097
4096
4095
4094
4093
4093
4091
4091
4091
4089
4087
4087
4086
4085
4085
4085
4083
4083
4082
4082
4082
4081
4081
4080
4080
4080
4080
4079
4078
4078
4076
4076
4075
4074
4074
4073
4072
4071
4071
4070
4070
4069
4069
4069
4068
4067
4067
4067
4066
4066
4066
4064
4064
4062
4060
4060
4060
4060
4059
4059
4058
4058
4056
4056
4056
4056
4054
4054
4054
4053
4052
4052
4051
4050
4050
4050
4049
4049
4047
4046
4046
4045
4045
4044
4044
4044
4044
4044
4043
4042
4042
4041
4041
4040
4039
4038
4037
4037
4037
4035
4034
4034
4034
4033
4033
4033
4033
4032
4031
4031
4031
4029
4029
4028
4027
4025
4025
4025
4025
4025
4025
4025
4024
4023
4023
4022
4021
4021
4021
4020
4020
4020
4019
4019
4019
4018
4017
4016
4016
4016
4015
4014
4014
4014
4014
4012
4012
4011
4011
4011
4010
4010
4009
4009
4009
4008
4008
4008
4008
4008
4008
4007
4007
4007
4007
4007
4006
4006
4006
4006
4004
4003
4003
4002
4002
4001
4000
4000
3999
3998
3998
3996
3995
3995
3994
3993
3993
3993
3992
3992
3992
3990
3990
3989
3989
3989
3987
3987
3987
3986
3985
3985
3984
3984
3983
3983
3983
3983
3982
3981
3980
3980
3979
3979
3979
3978
3977
3977
3976
3976
3975
3974
3972
3971
3967
3967
3967
3966
3966
3966
3965
3964
3963
3962
3962
3962
3962
3961
3961
3960
3960
3959
3958
3958
3956
3956
3956
3955
3954
3953
3952
3951
3951
3950
3949
3949
3949
3949
3949
3947
3946
3946
3946
3946
3944
3943
3943
3942
3941
3940
3939
3937
3937
3937
3936
3936
3935
3935
3934
3934
3934
3933
3931
3931
3930
3927
3927
3927
3927
3927
3926
3926
3925
3925
3925
3924
3924
3923
3922
3920
3920
3920
3920
3919
3919
3919
3918
3917
3916
3915
3915
3915
3915
3914
3914
3913
3913
3912
3912
3911
3911
3911
3911
3911
3911
3910
3910
3908
3908
3907
3907
3906
3906
3905
3905
3905
3905
3905
3904
3904
3904
3904
3902
3901
3901
3900
3899
3899
3897
3897
3896
3895
3895
3895
3894
3894
3894
3893
3893
3893
3892
3892
3891
3891
3891
3891
3890
3890
3890
3889
3888
3888
3887
3887
3886
3886
3885
3885
3885
3885
3884
3884
3884
3883
3883
3882
3882
3882
3882
3881
3880
3880
3880
3880
3879
3878
3878
3877
3876
3876
3876
3876
3874
3874
3873
3873
3873
3873
3872
3872
3871
3871
3871
3871
3871
3869
3868
3868
3868
3867
3867
3867
3866
3866
3866
3866
3865
3864
3863
3863
3862
3860
3860
3859
3859
3858
3857
3856
3855
3855
3854
3854
3854
3853
3853
3853
3853
3851
3851
3851
3851
3850
3976
3849
3849
3848
3847
3846
3846
3846
3846
3845
3845
3845
3845
3842
3842
3841
3840
3840
3838
3838
3837
3836
3835
3835
3835
3835
3835
3834
3834
3833
3831
3831
3830
3830
3830
3829
3828
3827
3827
3827
3827
3826
3826
3826
3826
3825
3825
3824
3824
3823
3822
3822
3821
3821
3820
3820
3820
3820
3819
3819
3818
3818
3816
3816
3816
3815
3815
3815
3815
3814
3814
3813
3812
3812
3812
3812
3812
3812
3812
3811
3811
3811
3810
3810
3809
3809
3809
3809
3809
3808
3808
3808
3808
3807
3807
3807
3806
3805
3804
3804
3804
3804
3803
3802
3801
3801
3800
3800
3799
3798
3798
3798
3796
3795
3795
3794
3794
3794
3793
3793
3792
3792
3792
3791
3790
3789
3788
3788
3788
3787
3786
3786
3785
3785
3785
3785
3784
3784
3783
3783
3783
3782
3780
3780
3779
3779
3779
3778
3778
3778
3778
3777
3776
3775
3774
3774
3773
3773
3773
3772
3771
3771
3771
3771
3770
3770
3769
3769
3769
3768
3768
3768
3768
3767
3767
3766
3765
3764
3764
3764
3763
3763
3762
3761
3761
3760
3760
3760
3759
3759
3758
3758
3758
3757
3757
3756
3756
3755
3755
3755
3754
3754
3754
3754
3754
3753
3753
3752
3752
3752
3751
3751
3750
3749
3749
3749
3749
3749
3749
3748
3747
3747
3746
3746
3744
3743
3743
3741
3741
3739
3739
3738
3738
3738
3737
3737
3736
3736
3736
3736
3735
3735
3735
3734
3734
3734
3734
3734
3733
3733
3731
3731
3730
3729
3729
3729
3729
3729
3729
3729
3729
3728
3727
3727
3727
3726
3726
3725
3725
3724
3724
3723
3723
3722
3722
3721
3721
3720
3719
3719
3719
3719
3718
3718
3718
3718
3718
3718
3717
3717
3716
3715
3715
3714
3714
3713
3713
3711
3710
3710
3709
3709
3709
3709
3708
3708
3707
3707
3707
3707
3706
3706
3706
3706
3705
3705
3705
3705
3705
3705
3704
3704
3704
3704
3703
3703
3703
3703
3703
3703
3702
3702
3701
3701
3701
3700
3700
3699
3698
3697
3697
3696
3695
3694
3694
3694
3693
3692
3692
3692
3691
3691
3691
3690
3689
3689
3688
3688
3687
3687
3687
3686
3686
3685
3685
3685
3685
3685
3685
3684
3684
3684
3684
3683
3683
3681
3681
3681
3680
3680
3679
3679
3679
3679
3679
3678
3677
3677
3676
3676
3675
3675
3675
3674
3674
3673
3673
3673
3672
3672
3671
3670
3670
3669
3669
3669
3669
3669
3668
3667
3666
3665
3664
3663
3663
3662
3662
3662
3662
3662
3661
3661
3661
3660
3660
3659
3658
3657
3657
3656
3656
3656
3656
3654
3653
3653
3653
3653
3653
3653
3652
3652
3652
3650
3649
3649
3649
3648
3648
3647
3647
3647
3645
3645
3645
3645
3644
3643
3641
3640
3640
3640
3640
3640
3640
3640
3639
3639
3638
3638
3638
3638
3638
3638
3637
3637
3637
3637
3636
3635
3635
3635
3635
3635
3635
3634
3633
3633
3633
3632
3632
3632
3632
3632
3631
3631
3630
3630
3630
3629
3626
3626
3624
3623
3623
3622
3622
3619
3619
3617
3616
3616
3616
3616
3616
3615
3615
3614
3614
3614
3613
3613
3613
3613
3613
3613
3612
3612
3612
3612
3611
3610
3609
3608
3608
3608
3608
3608
3607
3607
3607
3605
3605
3604
3604
3604
3604
3603
3603
3603
3603
3601
3601
3600
3599
3599
3598
3598
3597
3597
3596
3596
3596
3596
3595
3595
3595
3594
3594
3594
3593
3593
3592
3590
3590
3590
3590
3589
3589
3589
3588
3588
3587
3586
3586
3586
3586
3585
3585
3584
3583
3583
3583
3583
3582
3580
3579
3579
3579
3579
3579
3578
3578
3577
3577
3576
3576
3576
3576
3576
3574
3574
3573
3573
3572
3572
3572
3572
3572
3572
3571
3571
3571
3570
3570
3569
3569
3568
3568
3568
3568
3567
3567
3566
3566
3565
3565
3564
3564
3564
3563
3563
3563
3563
3563
3562
3562
3561
3560
3560
3559
3559
3559
3558
3558
3557
3557
3556
3556
3556
3555
3555
3554
3554
3553
3553
3553
3552
3552
3552
3551
3551
3551
3550
3550
3549
3549
3549
3549
3549
3548
3548
3548
3548
3547
3546
3546
3545
3545
3545
3545
3544
3544
3543
3543
3543
3543
3541
3541
3541
3541
3540
3540
3540
3539
3539
3539
3539
3539
3539
3538
3538
3538
3537
3537
3537
3537
3537
3536
3536
3535
3535
3535
3534
3534
3534
3533
3533
3533
3532
3532
3531
3530
3529
3529
3529
3528
3528
3528
3527
3527
3527
3526
3526
3526
3526
3525
3524
3524
3524
3524
3524
3523
3523
3523
3523
3523
3522
3521
3521
3521
3519
3519
3518
3518
3518
3518
3517
3516
3516
3515
3515
3514
3514
3513
3513
3513
3512
3511
3510
3509
3508
3508
3507
3507
3507
3507
3506
3506
3505
3505
3504
3504
3503
3503
3503
3502
3500
3500
3499
3498
3498
3498
3497
3497
3495
3495
3494
3493
3492
3492
3492
3492
3492
3491
3491
3491
3490
3490
3490
3490
3490
3489
3488
3488
3487
3487
3487
3487
3486
3485
3485
3484
3483
3483
3483
3482
3482
3482
3482
3482
3481
3481
3481
3480
3479
3479
3479
3478
3477
3477
3477
3476
3476
3476
3476
3475
3475
3475
3474
3474
3473
3472
3471
3471
3471
3471
3471
3470
3470
3470
3470
3469
3469
3469
3469
3469
3468
3468
3468
3467
3466
3466
3466
3466
3465
3465
3465
3465
3463
3463
3463
3463
3463
3463
3462
3462
3462
3461
3461
3460
3459
3459
3459
3458
3458
3458
3458
3457
3457
3457
3457
3456
3456
3456
3455
3455
3455
3455
3455
3455
3454
3454
3454
3454
3453
3453
3453
3453
3452
3451
3451
3451
3450
3449
3449
3448
3447
3447
3447
3447
3446
3446
3446
3445
3444
3444
3443
3443
3442
3441
3441
3441
3441
3441
3441
3441
3440
3440
3440
3439
3439
3438
3438
3438
3438
3437
3437
3437
3437
3437
3437
3436
3436
3436
3436
3435
3434
3433
3433
3433
3433
3432
3432
3431
3430
3429
3429
3429
3429
3428
3427
3426
3426
3425
3425
3425
3425
3424
3423
3423
3423
3423
3423
3422
3422
3422
3422
3422
3421
3421
3421
3421
3420
3420
3420
3420
3420
3419
3419
3419
3419
3418
3418
3417
3416
3415
3415
3415
3415
3414
3414
3414
3414
3414
3414
3413
3413
3413
3413
3413
3412
3411
3411
3410
3408
3406
3405
3405
3404
3403
3403
3403
3402
3401
3400
3400
3400
3400
3399
3399
3399
3399
3398
3398
3396
3396
3395
3394
3394
3393
3392
3392
3391
3391
3390
3390
3390
3390
3389
3388
3388
3387
3387
3387
3387
3387
3387
3386
3386
3386
3386
3386
3385
3385
3385
3385
3385
3384
3384
3384
3383
3383
3383
3383
3383
3382
3382
3382
3381
3381
3380
3380
3380
3380
3378
3378
3378
3378
3378
3378
3378
3376
3375
3375
3375
3374
3374
3374
3374
3373
3373
3373
3372
3372
3372
3371
3371
3371
3371
3371
3370
3370
3370
3369
3369
3369
3369
3368
3366
3366
3365
3365
3364
3364
3363
3363
3363
3363
3362
3362
3361
3361
3361
3360
3360
3360
3360
3360
3359
3359
3359
3359
3359
3359
3359
3359
3358
3358
3357
3357
3357
3357
3356
3356
3356
3355
3355
3354
3354
3353
3353
3352
3352
3352
3352
3352
3351
3351
3350
3350
3350
3349
3349
3349
3348
3348
3348
3347
3346
3346
3345
3345
3344
3344
3344
3344
3343
3343
3342
3342
3342
3341
3341
3341
3341
3340
3340
3339
3339
3339
3339
3338
3337
3337
3337
3336
3336
3336
3336
3335
3335
3335
3334
3334
3334
3333
3333
3333
3331
3331
3331
3330
3329
3329
3329
3329
3329
3328
3328
3328
3328
3327
3326
3325
3325
3324
3324
3323
3323
3323
3323
3323
3321
3321
3321
3321
3321
3320
3319
3318
3318
3317
3317
3317
3315
3315
3315
3315
3315
3314
3314
3314
3314
3313
3312
3311
3311
3310
3310
3309
3308
3308
3307
3307
3306
3306
3306
3305
3304
3304
3303
3303
3302
3302
3301
3301
3301
3301
3301
3301
3301
3300
3300
3299
3299
3298
3298
3297
3296
3296
3296
3295
3295
3295
3295
3294
3294
3294
3294
3293
3293
3293
3292
3292
3292
3292
3291
3291
3290
3290
3290
3287
3287
3286
3286
3286
3286
3286
3284
3284
3284
3283
3283
3282
3282
3282
3281
3281
3281
3281
3281
3279
3279
3278
3278
3278
3278
3278
3278
3277
3277
3276
3276
3275
3275
3275
3274
3273
3273
3273
3272
3272
3272
3272
3271
3271
3271
3271
3271
3271
3270
3270
3269
3269
3269
3268
3268
3268
3267
3267
3267
3267
3266
3266
3266
3266
3266
3266
3265
3265
3265
3264
3264
3263
3263
3263
3263
3262
3262
3262
3261
3261
3260
3260
3260
3259
3259
3258
3258
3258
3258
3257
3256
3256
3256
3256
3256
3255
3254
3254
3254
3253
3252
3252
3251
3251
3251
3250
3250
3250
3249
3249
3249
3249
3249
3248
3248
3248
3248
3247
3247
3247
3246
3246
3246
3245
3244
3241
3241
3241
3241
3240
3240
3239
3239
3238
3238
3238
3237
3237
3237
3236
3236
3235
3234
3234
3234
3234
3233
3233
3233
3233
3233
3232
3232
3231
3231
3231
3231
3230
3230
3230
3229
3229
3228
3227
3227
3227
3225
3225
3224
3224
3224
3224
3223
3223
3223
3223
3222
3222
3221
3220
3220
3219
3219
3219
3219
3219
3218
3218
3218
3217
3217
3217
3217
3217
3216
3216
3216
3215
3215
3215
3215
3214
3214
3214
3213
3213
3213
3212
3212
3212
3212
3212
3212
3211
3211
3210
3210
3210
3210
3210
3209
3209
3209
3209
3208
3208
3208
3207
3206
3205
3205
3205
3204
3204
3204
3203
3203
3203
3202
3202
3202
3202
3201
3200
3200
3200
3199
3199
3199
3198
3198
3198
3197
3197
3196
3196
3196
3196
3195
3195
3195
3194
3194
3194
3193
3193
3193
3192
3192
3192
3191
3190
3190
3189
3189
3189
3189
3188
3188
3188
3187
3187
3186
3186
3185
3185
3185
3185
3184
3184
3183
3182
3182
3181
3181
3181
3181
3181
3180
3180
3179
3179
3178
3178
3178
3177
3177
3177
3177
3176
3176
3176
3176
3176
3175
3175
3175
3175
3175
3175
3175
3173
3173
3173
3171
3171
3171
3171
3171
3171
3170
3170
3169
3168
3168
3167
3167
3167
3167
3166
3166
3165
3165
3165
3163
3163
3163
3163
3162
3162
3162
3162
3162
3162
3161
3161
3160
3160
3160
3159
3158
3158
3158
3158
3158
3157
3157
3157
3157
3155
3155
3155
3155
3154
3154
3153
3153
3153
3152
3152
3152
3152
3152
3152
3151
3151
3151
3151
3151
3150
3150
3150
3150
3150
3150
3149
3149
3148
3148
3148
3146
3146
3145
3145
3145
3145
3145
3144
3144
3144
3144
3144
3144
3144
3143
3143
3142
3142
3142
3142
3141
3140
3140
3140
3140
3139
3139
3138
3137
3137
3137
3137
3135
3135
3135
3135
3134
3134
3133
3133
3133
3132
3132
3131
3131
3131
3130
3130
3130
3129
3129
3128
3127
3127
3126
3126
3126
3125
3125
3125
3125
3124
3124
3124
3124
3124
3124
3124
3123
3122
3122
3122
3122
3121
3120
3119
3119
3119
3118
3118
3118
3118
3117
3117
3116
3116
3116
3115
3114
3114
3113
3113
3113
3113
3112
3112
3112
3112
3111
3111
3111
3111
3110
3110
3110
3110
3110
3110
3110
3109
3109
3109
3109
3109
3109
3109
3108
3108
3108
3108
3108
3107
3107
3107
3107
3106
3106
3106
3106
3105
3105
3105
3104
3104
3103
3103
3102
3101
3101
3100
3099
3099
3098
3098
3098
3097
3097
3096
3096
3096
3096
3096
3096
3095
3095
3095
3095
3095
3095
3095
3094
3094
3093
3093
3093
3092
3092
3092
3092
3091
3091
3090
3089
3088
3088
3088
3088
3087
3087
3087
3087
3086
3086
3086
3085
3085
3085
3085
3083
3083
3083
3081
3081
3080
3080
3080
3080
3080
3079
3079
3079
3078
3078
3078
3077
3077
3076
3076
3076
3076
3076
3076
3076
3076
3074
3074
3074
3073
3071
3071
3071
3070
3069
3069
3069
3069
3069
3068
3068
3068
3068
3068
3067
3067
3067
3067
3067
3067
3066
3066
3065
3065
3065
3064
3064
3064
3064
3063
3063
3062
3062
3062
3061
3061
3061
3061
3060
3060
3060
3060
3059
3059
3059
3059
3059
3059
3058
3058
3058
3057
3057
3056
3056
3056
3055
3055
3055
3055
3055
3054
3054
3054
3054
3054
3053
3053
3053
3052
3052
3052
3051
3051
3051
3051
3051
3051
3051
3050
3050
3050
3050
3049
3049
3049
3049
3049
3049
3049
3049
3048
3048
3048
3048
3048
3048
3046
3046
3046
3046
3046
3046
3046
3046
3046
3046
3046
3045
3045
3045
3045
3044
3044
3044
3044
3044
3043
3043
3043
3042
3042
3041
3041
3040
3040
3040
3040
3040
3039
3038
3038
3038
3038
3037
3037
3037
3037
3037
3037
3037
3036
3036
3036
3036
3036
3035
3035
3035
3034
3034
3033
3033
3032
3032
3032
3031
3030
3030
3030
3030
3029
3029
3028
3028
3028
3028
3028
3027
3027
3027
3027
3027
3027
3026
3026
3026
3026
3025
3025
3024
3024
3024
3024
3024
3023
3023
3023
3023
3023
3023
3022
3021
3021
3021
3021
3021
3021
3020
3020
3019
3019
3019
3019
3019
3019
3018
3018
3018
3018
3018
3018
3018
3017
3017
3017
3017
3017
3017
3015
3015
3014
3014
3014
3014
3014
3014
3013
3013
3012
3012
3012
3012
3012
3012
3011
3011
3011
3011
3011
3010
3010
3009
3009
3009
3008
3008
3008
3008
3008
3008
3007
3007
3007
3007
3006
3006
3006
3006
3005
3005
3005
3005
3004
3004
3004
3004
3004
3004
3004
3004
3003
3003
3003
3003
3002
3002
3001
3001
3001
3000
3000
