287754
281295
237594
218146
191177
167919
158483
155688
150335
150265
148243
147608
144104
140875
140414
137262
137132
136957
135780
134471
131964
131056
130479
129642
128913
127197
122814
121004
119381
118442
118424
117794
117318
116820
115908
115790
115761
115606
112568
111648
111455
110434
110067
108547
107879
107025
106967
106386
104133
103665
102817
101033
100354
100209
100137
99326
98985
98939
95448
95237
94782
94089
93913
93599
92699
91334
87848
87815
87389
85074
84767
84089
82818
82787
82736
82558
82015
82015
80901
80604
79967
79543
77762
77729
77712
77652
77419
77387
76742
76164
75811
75786
75059
74737
74190
73546
73537
73086
72892
72813
71423
71142
70248
70107
69615
69548
68686
68477
68232
68224
67550
66860
66719
66336
65872
65645
65244
64995
64890
64723
64718
64598
64084
63773
63490
63142
63019
62997
62698
62298
62287
61755
61473
61052
60803
60311
59940
59381
59133
58983
58826
58817
58638
58439
58402
58000
57726
57645
57484
56975
56879
56437
55725
55689
55578
55546
55241
55127
55102
54633
53899
53837
53639
53513
53117
52978
52681
52473
51961
51732
51700
51646
51294
50983
50897
50521
50325
49953
49912
49877
49743
49552
49404
49045
49020
48770
48207
48042
47731
47592
47519
47418
47060
46923
46755
46578
46350
46269
46175
45772
45730
45504
45427
45390
45357
45072
44790
44595
44562
44560
44508
44483
44463
44365
44149
43973
43845
43758
43674
43423
43392
43356
43316
43025
42922
42226
42201
42105
42070
41788
41727
41709
41684
41337
41023
40937
40789
40255
40190
40126
40098
39933
39842
39756
39354
38967
38904
38864
38732
38673
38658
38643
38160
37876
37867
37632
37592
37526
37484
37413
37284
37134
37100
37097
37095
36982
36846
36737
36554
36528
36292
36259
36226
36176
36134
36071
35829
35766
35647
35554
35542
35541
35532
35393
35364
35341
35319
35278
35254
35162
35149
35132
35053
34954
34925
34901
34890
34788
34737
34723
34648
34594
34566
34533
34502
34486
34437
34396
34341
34337
34095
34078
34033
33968
33928
33848
33794
33697
33664
33616
33560
33482
33365
33356
33254
33120
33110
33092
33086
33057
33024
32750
32599
32313
32292
32203
32106
31984
31969
31878
31748
31534
31520
31378
31335
31289
31280
31080
31079
30958
30915
30743
30670
30476
30188
29978
29835
29785
29719
29587
29559
29430
29396
29344
29253
29163
29144
29107
28945
28912
28893
28865
28822
28695
28644
28561
28502
28490
28449
28442
28379
28332
28322
28289
28247
28151
28126
28108
28087
28064
28042
28000
27966
27949
27887
27832
27764
27569
27565
27556
27528
27459
27358
27307
27303
27268
27258
27244
27231
27225
27113
27077
27074
26953
26905
26822
26809
26773
26739
26619
26612
26599
26633
26588
26569
26545
26526
26447
26445
26440
26362
26334
26317
26239
26219
26200
26196
26154
26127
26124
25976
25968
25962
25825
25746
25726
25594
25513
25471
25458
25457
25374
25259
25212
25185
25177
25039
25034
24938
24799
24786
24608
24608
24598
24594
24529
24435
24421
24391
24376
24313
24286
24219
24207
24202
24194
24185
24163
24148
24146
24145
24099
24077
23909
23890
23882
23870
23823
23803
23792
23789
23774
23757
23739
23737
23742
23730
23715
23607
23592
23522
23474
23437
23401
23339
23281
23227
23223
23212
23204
23170
23159
23137
23074
23063
23058
23032
23017
22985
22980
22941
22936
22916
22914
22906
22847
22842
22814
22753
22712
22695
22639
22535
22490
22481
22469
22439
22427
22401
22367
22301
22276
22228
22188
22174
22133
22129
22118
22069
22022
22008
22006
21976
21939
21933
21859
21846
21822
21814
21803
21777
21772
21728
21693
21548
21501
21483
21463
21462
21433
21417
21360
21348
21345
21337
21307
21206
21188
21180
21152
21108
21104
21087
21056
21041
21035
21030
21022
20997
20962
20876
20870
20867
20719
20705
20700
20676
20648
20638
20592
20556
20532
20521
20474
20466
20449
20424
20388
20348
20334
20329
20323
20253
20232
20212
20201
20142
20067
20018
20017
19993
19975
19954
19944
19938
19921
19908
19886
19878
19843
19835
19829
19815
19788
19772
19767
19730
19663
19661
19593
19574
19508
19498
19497
19493
19491
19432
19416
19414
19402
19401
19397
19290
19289
19270
19250
19240
19183
19179
19143
19138
19084
19072
19060
19056
19045
19029
19022
18995
18978
18963
18938
18898
18866
18862
18854
18739
18722
18712
18663
18648
18637
18621
18620
18605
18562
18517
18496
18483
18475
18472
18445
18433
18415
18397
18384
18376
18352
18309
18300
18293
18211
18194
18151
18145
18098
18089
18081
18079
18059
18057
18055
18044
18036
18036
18036
18017
18012
17986
17979
17929
17909
17907
17904
17893
17887
17885
17878
17861
17834
17830
17796
17795
17783
17771
17767
17760
17718
17679
17673
17650
17643
17635
17621
17590
17568
17558
17557
17534
17528
17510
17520
17502
17485
17473
17446
17441
17411
17408
17394
17374
17365
17353
17345
17338
17334
17312
17289
17286
17268
17237
17237
17200
17175
17150
17148
17127
17115
17082
17068
17059
17048
17039
17025
16992
16982
16976
16969
16961
16902
16869
16862
16851
16822
16813
16790
16785
16773
16737
16696
16693
16689
16679
16653
16652
16612
16575
16562
16552
16550
16539
16532
16530
16516
16496
16494
16444
16441
16440
16422
16412
16391
16386
16384
16368
16359
16341
16326
16312
16263
16234
16232
16231
16206
16205
16188
16187
16183
16164
16115
16105
16101
16099
16084
16059
16030
16026
16011
16010
15994
15986
15985
15980
15973
15969
15933
15932
15930
15911
15901
15894
15887
15872
15861
15844
15842
15829
15829
15811
15810
15801
15793
15792
15789
15771
15767
15714
15702
15691
15653
15649
15628
15610
15609
15602
15599
15588
15564
15555
15554
15548
15534
15528
15524
15497
15495
15487
15470
15469
15468
15463
15444
15437
15436
15419
15415
15410
15402
15380
15379
15375
15375
15364
15360
15348
15344
15315
15311
15310
15308
15300
15298
15296
15287
15275
15275
15255
15255
15228
15212
15207
15199
15185
15178
15176
15174
15162
15150
15142
15141
15131
15121
15121
15101
15097
15086
15082
15076
15064
15048
15046
15036
15021
15006
15005
14984
14978
14936
14927
14908
14903
14877
14870
14832
14821
14797
14790
14784
14774
14767
14767
14765
14765
14752
14738
14737
14724
14712
14691
14673
14672
14653
14651
14650
14644
14645
14634
14617
14616
14603
14601
14600
14590
14584
14575
14574
14570
14564
14551
14501
14495
14490
14454
14444
14424
14416
14411
14406
14398
14374
14354
14350
14344
14338
14291
14288
14265
14247
14230
14226
14223
14213
14196
14190
14179
14168
14159
14143
14136
14133
14114
14112
14098
14098
14092
14079
14078
14066
14063
14058
14049
14046
14040
14005
13980
13973
13945
13945
13936
13933
13931
13897
13889
13888
13873
13863
13853
13842
13835
13829
13823
13822
13815
13800
13778
13770
13757
13733
13726
13701
13698
13668
13658
13653
13652
13651
13649
13644
13643
13635
13634
13595
13587
13587
13581
13541
13538
13537
13498
13455
13436
13427
13427
13422
13421
13390
13385
13364
13321
13314
13300
13289
13282
13247
13241
13225
13207
13180
13139
13138
13137
13127
13120
13110
13106
13094
13089
13075
13069
13055
13052
13037
13034
13031
13023
13020
13019
12993
12982
12976
12975
12966
12964
12948
12947
12933
12933
12923
12912
12909
12909
12891
12881
12880
12872
12835
12830
12829
12805
12786
12784
12781
12778
12778
12766
12742
12739
12732
12724
12713
12711
12703
12695
12690
12682
12677
12676
12666
12646
12637
12626
12623
12615
12591
12572
12570
12560
12559
12557
12553
12552
12549
12544
12531
12521
12511
12507
12505
12504
12490
12486
12480
12479
12472
12471
12470
12447
12442
12431
12404
12394
12392
12389
12349
12343
12339
12333
12329
12317
12315
12310
12306
12302
12296
12289
12278
12277
12260
12259
12257
12235
12199
12192
12186
12172
12168
12168
12154
12139
12131
12118
12117
12108
12108
12090
12077
12036
12028
12026
11998
11996
11995
11993
11983
11981
11978
11968
11962
11956
11955
11946
11943
11938
11937
11937
11928
11920
11902
11876
11872
11861
11845
11846
11841
11825
11813
11812
11810
11797
11790
11781
11778
11773
11764
11760
11760
11749
11747
11725
11724
11722
11718
11713
11707
11707
11706
11689
11685
11678
11663
11652
11649
11644
11642
11634
11631
11627
11617
11615
11614
11601
11581
11577
11576
11560
11553
11549
11547
11547
11536
11533
11532
11527
11527
11526
11502
11481
11477
11474
11447
11441
11428
11424
11421
11411
11403
11388
11388
11386
11371
11365
11350
11341
11338
11337
11331
11327
11307
11303
11297
11293
11291
11289
11284
11278
11270
11270
11266
11261
11251
11247
11242
11234
11226
11211
11205
11203
11191
11190
11193
11187
11183
11181
11176
11171
11166
11166
11151
11141
11138
11137
11131
11129
11118
11117
11085
11074
11068
11060
11060
11045
11038
11030
11022
11013
11009
10942
10980
10975
10974
10973
10969
10955
10954
10946
10935
10932
10927
10925
10922
10916
10915
10910
10905
10904
10902
10901
10894
10893
10892
10886
10886
10882
10879
10875
10866
10863
10861
10856
10851
10850
10846
10826
10814
10810
10808
10805
10792
10791
10786
10782
10770
10761
10758
10753
10750
10745
10744
10739
10734
10734
10724
10718
10757
10716
10703
10694
10669
10661
10659
10658
10649
10649
10646
10645
10645
10642
10641
10632
10631
10628
10621
10607
10599
10595
10580
10573
10572
10571
10570
10568
10563
10561
10553
10548
10539
10532
10530
10521
10511
10511
10506
10496
10493
10492
10489
10488
10487
10483
10472
10460
10457
10454
10441
10439
10434
10418
10416
10415
10405
10395
10395
10390
10379
10376
10365
10358
10353
10340
10338
10328
10328
10324
10318
10314
10310
10302
10302
10300
10296
10296
10294
10286
10278
10273
10272
10268
10260
10253
10245
10242
10242
10241
10329
10233
10232
10227
10234
10223
10221
10214
10199
10190
10189
10186
10183
10166
10161
10154
10143
10143
10135
10133
10129
10126
10126
10122
10113
10112
10108
10107
10107
10107
10106
10103
10102
10097
10096
10085
10084
10081
10076
10064
10062
10055
10054
10047
10039
10039
10032
10015
10011
9989
9985
9984
9979
9978
9977
9977
9975
9973
9963
9958
9953
9951
9950
9948
9942
9939
9932
9924
9922
9922
9917
9914
9908
9901
9922
9896
9889
9871
9861
9860
9849
9846
9841
9840
9832
9831
9829
9827
9816
9805
9792
9775
9756
9755
9751
9750
9758
9746
9739
9737
9734
9733
9732
9728
9726
9725
9724
9723
9716
9714
9696
9696
9690
9687
9678
9661
9656
9653
9647
9637
9622
9617
9608
9607
9603
9597
9590
9579
9570
9563
9563
9558
9558
9554
9552
9547
9543
9540
9529
9526
9522
9518
9514
9506
9506
9500
9496
9490
9475
9474
9474
9472
9470
9460
9458
9457
9455
9450
9444
9442
9431
9424
9423
9402
9397
9395
9394
9394
9388
9384
9380
9368
9359
9358
9356
9345
9339
9336
9334
9333
9333
9328
9324
9323
9323
9321
9321
9317
9303
9298
9294
9294
9292
9291
9280
9280
9277
9274
9269
9266
9265
9261
9259
9279
9259
9241
9241
9235
9235
9227
9227
9213
9211
9206
9202
9200
9195
9183
9178
9170
9168
9155
9152
9147
9143
9139
9128
9127
9127
9125
9117
9106
9105
9101
9094
9092
9092
9089
9087
9085
9082
9074
9069
9049
9045
9044
9043
9040
9031
9027
9021
9019
9018
9014
9010
8993
8991
8971
8964
8960
8958
8957
8954
8950
8949
8943
8941
8938
8935
8933
8923
8922
8922
8917
8913
8898
8897
8893
8893
8876
8873
8865
8865
8865
8857
8854
8841
8841
8840
8839
8831
8824
8821
8820
8816
8814
8812
8801
8800
8796
8787
8787
8783
8782
8775
8775
8774
8773
8770
8768
8767
8765
8762
8757
8756
8744
8740
8739
8738
8733
8726
8725
8724
8718
8715
8712
8709
8708
8707
8706
8705
8703
8696
8696
8695
8692
8691
8697
8680
8675
8675
8671
8667
8661
8659
8659
8650
8649
8638
8634
8633
8624
8621
8619
8619
8616
8615
8614
8613
8613
8606
8605
8599
8597
8590
8590
8589
8584
8569
8568
8559
8559
8556
8555
8548
8546
8545
8544
8544
8543
8537
8536
8534
8530
8515
8515
8510
8503
8494
8492
8489
8488
8488
8481
8478
8478
8476
8475
8478
8471
8471
8469
8469
8457
8455
8449
8446
8443
8439
8437
8437
8436
8435
8434
8433
8433
8429
8426
8423
8423
8421
8420
8405
8405
8399
8395
8391
8385
8384
8383
8382
8380
8377
8375
8373
8372
8366
8361
8361
8358
8355
8347
8347
8345
8344
8329
8328
8325
8322
8300
8300
8291
8287
8286
8284
8284
8284
8282
8280
8277
8277
8268
8266
8263
8257
8253
8248
8247
8241
8232
8228
8226
8216
8208
8207
8201
8198
8195
8191
8189
8188
8187
8186
8183
8178
8178
8177
8166
8162
8160
8158
8152
8152
8151
8150
8148
8147
8143
8142
8141
8138
8129
8128
8119
8117
8113
8110
8106
8105
8101
8097
8095
8095
8087
8079
8078
8077
8073
8072
8071
8070
8070
8070
8064
8063
8063
8053
8051
8049
8049
8045
8045
8043
8037
8035
8034
8012
8008
8002
7999
7986
7984
7983
7973
7968
7962
7962
7960
7960
7960
7958
7950
7946
7940
7937
7935
7931
7929
7924
7918
7911
7910
7903
7899
7899
7898
7894
7890
7889
7886
7883
7884
7881
7879
7879
7876
7871
7864
7860
7858
7857
7878
7855
7852
7852
7850
7848
7845
7844
7844
7842
7833
7826
7818
7818
7813
7808
7803
7801
7798
7797
7776
7775
7771
7769
7767
7762
7762
7761
7758
7754
7753
7748
7739
7727
7725
7725
7717
7711
7704
7700
7699
7689
7685
7684
7683
7681
7680
7679
7671
7671
7671
7670
7669
7662
7662
7651
7643
7643
7642
7641
7635
7634
7630
7630
7626
7619
7617
7613
7612
7610
7608
7607
7605
7603
7602
7602
7600
7598
7589
7589
7587
7584
7579
7576
7582
7573
7572
7567
7562
7558
7554
7547
7542
7540
7540
7537
7531
7530
7512
7505
7500
7498
7497
7496
7493
7489
7488
7484
7478
7474
7473
7469
7468
7466
7464
7452
7448
7447
7441
7435
7431
7430
7429
7429
7424
7423
7419
7413
7411
7410
7401
7398
7397
7396
7390
7385
7384
7376
7376
7375
7372
7372
7369
7368
7367
7358
7353
7348
7346
7342
7340
7340
7337
7335
7334
7333
7329
7328
7326
7319
7322
7306
7303
7302
7300
7296
7294
7291
7288
7287
7286
7283
7282
7272
7267
7267
7266
7263
7258
7257
7255
7248
7245
7240
7238
7235
7233
7227
7226
7209
7201
7195
7194
7187
7184
7181
7176
7175
7164
7160
7160
7160
7159
7158
7154
7145
7143
7143
7139
7125
7124
7123
7123
7122
7116
7116
7113
7111
7109
7104
7102
7096
7094
7093
7095
7085
7084
7083
7079
7078
7072
7072
7070
7069
7068
7066
7061
7055
7052
7048
7037
7037
7033
7029
7028
7025
7017
7016
7015
7013
7010
7009
7006
7006
7003
7000
6998
6995
6995
6993
6983
6981
6980
6980
6979
6976
6973
6971
6970
6970
6969
6965
6963
6961
6959
6957
6957
6956
6952
6917
6941
6940
6927
6924
6922
6921
6920
6917
6913
6910
6907
6906
6905
6905
6903
6902
6901
6900
6899
6898
6896
6890
6890
6889
6885
6882
6878
6874
6864
6862
6861
6859
6859
6859
6857
6856
6855
6846
6844
6844
6843
6842
6840
6839
6835
6829
6819
6818
6815
6813
6813
6808
6808
6808
6807
6807
6805
6802
6800
6795
6795
6792
6791
6788
6787
6786
6784
6780
6764
6762
6761
6651
6753
6747
6747
6746
6742
6739
6734
6734
6732
6732
6730
6729
6721
6718
6717
6712
6710
6707
6702
6700
6699
6694
6692
6690
6685
6684
6677
6673
6669
6667
6664
6660
6653
6646
6645
6645
6644
6642
6642
6638
6635
6636
6630
6629
6626
6618
6616
6607
6605
6599
6596
6588
6586
6585
6584
6583
6581
6578
6575
6575
6575
6570
6569
6565
6560
6559
6556
6555
6554
6552
6550
6550
6548
6537
6536
6536
6533
6531
6528
6528
6526
6522
6521
6519
6519
6516
6516
6515
6514
6514
6513
6512
6512
6512
6505
6502
6502
6501
6499
6496
6494
6493
6489
6486
6481
6481
6480
6480
6478
6477
6475
6474
6470
6469
6468
6462
6461
6460
6460
6459
6456
6455
6452
6451
6446
6445
6444
6442
6438
6438
6433
6433
6430
6430
6428
6425
6423
6422
6419
6419
6418
6417
6408
6406
6403
6401
6400
6399
6398
6396
6395
6393
6390
6390
6386
6383
6382
6381
6381
6380
6380
6379
6377
6376
6371
6367
6366
6364
6359
6353
6353
6352
6351
6349
6346
6344
6343
6338
6335
6332
6329
6326
6323
6323
6320
6318
6317
6314
6311
6311
6308
6307
6305
6305
6301
6301
6299
6297
6294
6293
6293
6293
6292
6292
6290
6289
6285
6283
6278
6278
6278
6272
6270
6270
6269
6268
6268
6262
6255
6251
6243
6243
6242
6237
6237
6236
6234
6234
6232
6231
6226
6225
6221
6221
6217
6216
6216
6216
6214
6212
6207
6206
6205
6202
6201
6200
6200
6198
6193
6188
6186
6185
6185
6184
6183
6183
6181
6179
6177
6172
6169
6167
6166
6165
6165
6164
6164
6163
6162
6162
6160
6157
6157
6155
6153
6152
6150
6150
6148
6147
6147
6145
6141
6139
6134
6131
6124
6120
6119
6119
6117
6112
6108
6105
6103
6102
6100
6100
6099
6099
6096
6094
6089
6088
6087
6084
6083
6083
6080
6078
6075
6072
6070
6070
6069
6068
6068
6067
6067
6065
6065
6065
6064
6062
6062
6061
6058
6056
6054
6048
6042
6041
6040
6039
6038
6038
6037
6036
6034
6034
6031
6031
6026
6025
6024
6022
6022
6020
6020
6016
6015
6015
6013
6010
6010
6008
6007
6005
6004
6003
6002
6002
6002
5998
5996
5996
5995
5992
5992
5990
5990
5981
5981
5978
5975
5975
5964
5962
5960
5954
5953
5952
5950
5947
5946
5945
5954
5943
5935
5934
5931
5930
5927
5927
5926
5923
5920
5920
5919
5917
5916
5915
5915
5914
5909
5908
5907
5906
5904
5903
5900
5898
5896
5896
5894
5891
5891
5891
5890
5888
5887
5886
5883
5883
5882
5881
5880
5879
5878
5876
5875
5875
5874
5874
5872
5870
5870
5870
5868
5867
5866
5864
5864
5862
5859
5858
5857
5857
5854
5854
5854
5853
5851
5850
5848
5847
5846
5844
5843
5841
5832
5830
5828
5823
5823
5822
5820
5817
5816
5816
5815
5808
5807
5806
5806
5804
5801
5801
5798
5796
5795
5793
5792
5790
5788
5788
5786
5783
5780
5768
5763
5760
5756
5754
5754
5750
5746
5743
5776
5740
5739
5739
5732
5731
5727
5727
5723
5715
5713
5713
5709
5707
5702
5702
5701
5700
5698
5698
5696
5696
5693
5692
5691
5690
5688
5687
5685
5681
5678
5676
5675
5674
5674
5673
5670
5668
5667
5665
5664
5664
5663
5663
5662
5662
5661
5658
5658
5657
5656
5655
5655
5655
5653
5651
5642
5641
5641
5637
5635
5634
5633
5628
5625
5624
5619
5619
5618
5618
5616
5616
5615
5611
5609
5608
5607
5605
5601
5598
5595
5594
5593
5591
5590
5590
5588
5588
5587
5586
5586
5579
5577
5577
5576
5575
5575
5572
5568
5567
5566
5566
5566
5561
5557
5556
5549
5522
5548
5546
5545
5544
5542
5541
5538
5537
5537
5536
5534
5531
5530
5527
5527
5526
5526
5526
5524
5524
5521
5520
5520
5518
5517
5517
5514
5512
5511
5511
5511
5509
5507
5506
5505
5502
5500
5499
5499
5499
5498
5498
5494
5494
5491
5491
5491
5489
5485
5483
5480
5477
5476
5518
5475
5472
5470
5469
5467
5467
5467
5465
5461
5459
5458
5456
5455
5452
5451
5451
5448
5447
5446
5445
5445
5444
5464
5443
5443
5441
5440
5439
5436
5436
5436
5436
5433
5433
5433
5436
5431
5431
5426
5425
5423
5421
5421
5421
5419
5418
5418
5417
5412
5408
5406
5406
5404
5403
5398
5395
5394
5392
5388
5384
5384
5381
5380
5380
5379
5378
5378
5378
5377
5382
5373
5371
5368
5367
5367
5365
5365
5364
5363
5360
5359
5359
5358
5357
5354
5353
5353
5349
5349
5348
5347
5347
5345
5344
5345
5343
5343
5341
5339
5337
5336
5335
5331
5331
5329
5328
5325
5324
5323
5323
5322
5321
5318
5321
5312
5312
5310
5308
5308
5301
5297
5297
5296
5295
5294
5293
5291
5290
5290
5287
5284
5281
5281
5279
5279
5277
5277
5272
5270
5270
5268
5267
5266
5266
5265
5265
5265
5263
5260
5259
5259
5258
5254
5254
5250
5246
5243
5243
5240
5238
5237
5236
5236
5235
5234
5234
5233
5233
5233
5233
5231
5230
5229
5221
5214
5213
5210
5209
5208
5208
5207
5206
5206
5203
5202
5201
5201
5201
5201
5200
5200
5198
5198
5196
5192
5190
5189
5189
5186
5184
5183
5182
5182
5181
5178
5177
5174
5168
5167
5166
5164
5164
5163
5162
5161
5161
5160
5158
5157
5157
5156
5156
5154
5154
5154
5153
5153
5149
5147
5145
5145
5143
5142
5141
5136
5135
5133
5132
5129
5128
5127
5121
5120
5120
5117
5115
5113
5111
5101
5101
5100
5100
5099
5099
5097
5095
5094
5090
5089
5087
5085
5083
5081
5081
5078
5077
5074
5073
5072
5072
5069
5069
5069
5068
5068
5067
5066
5066
5066
5065
5065
5064
5064
5063
5061
5059
5058
5058
5057
5057
5056
5056
5054
5053
5053
5052
5051
5049
5047
5046
5044
5044
5043
5042
5042
5040
5039
5037
5034
5032
5031
5031
5029
5028
5026
5024
5023
5021
5021
5021
5020
5017
5016
5015
5012
5004
5004
5003
5002
5002
5002
5001
5000
4999
4998
4998
4997
4997
4994
4993
4992
4992
4990
4990
4984
4983
4982
4980
4978
4975
4975
4974
4974
4973
4973
4971
4971
4971
4970
4969
4969
4967
4967
4965
4963
4960
4959
4958
4958
4958
4954
4952
4952
4952
4951
4949
4947
4947
4947
4952
4945
4944
4944
4938
4938
4937
4935
4935
4933
4933
4933
4932
4930
4929
4927
4927
4925
4924
4924
4922
4922
4919
4918
4931
4918
4916
4913
4913
4913
4912
4910
4909
4909
4906
4904
4903
4903
4903
4902
4901
4901
4900
4900
4898
4897
4897
4894
4894
4893
4893
4893
4891
4891
4891
4890
4889
4887
4886
4884
4882
4881
4881
4880
4880
4876
4874
4874
4873
4869
4866
4863
4862
4859
4859
4858
4858
4855
4855
4853
4849
4848
4842
4841
4839
4837
4835
4834
4833
4832
4827
4827
4826
4826
4816
4813
4811
4811
4810
4810
4808
4807
4804
4801
4800
4800
4800
4798
4797
4796
4795
4792
4792
4792
4788
4787
4782
4778
4777
4777
4776
4774
4770
4769
4768
4766
4765
4764
4764
4763
4763
4756
4755
4755
4752
4752
4751
4749
4749
4747
4745
4744
4744
4743
4743
4743
4742
4741
4738
4733
4729
4727
4727
4726
4726
4726
4725
4724
4724
4724
4723
4721
4721
4721
4720
4719
4719
4719
4718
4717
4716
4716
4715
4715
4714
4713
4713
4710
4709
4709
4709
4708
4706
4701
4697
4697
4696
4695
4691
4690
4690
4689
4686
4686
4685
4685
4684
4683
4678
4678
4678
4677
4672
4671
4670
4670
4669
4664
4664
4662
4661
4657
4655
4654
4653
4652
4651
4649
4649
4647
4644
4644
4644
4643
4641
4640
4639
4639
4638
4638
4637
4637
4634
4634
4631
4629
4629
4629
4628
4628
4602
4616
4615
4614
4614
4614
4612
4612
4612
4612
4611
4610
4609
4606
4605
4604
4601
4600
4599
4597
4597
4596
4595
4595
4594
4593
4591
4588
4584
4583
4581
4580
4580
4579
4579
4578
4576
4575
4569
4569
4563
4563
4559
4559
4557
4557
4553
4553
4550
4549
4549
4549
4548
4547
4546
4544
4544
4543
4542
4541
4540
4538
4537
4536
4536
4535
4535
4535
4534
4533
4532
4532
4531
4530
4530
4528
4528
4528
4527
4523
4523
4522
4522
4521
4521
4519
4518
4518
4518
4517
4517
4513
4512
4510
4509
4508
4507
4505
4503
4503
4501
4500
4498
4495
4495
4494
4494
4494
4493
4492
4491
4491
4490
4490
4489
4488
4487
4486
4485
4485
4482
4482
4481
4480
4479
4478
4475
4474
4474
4474
4474
4473
4472
4469
4469
4467
4467
4465
4463
4463
4463
4462
4460
4459
4458
4457
4456
4453
4452
4451
4448
4448
4448
4448
4447
4447
4445
4444
4443
4443
4442
4441
4440
4440
4439
4437
4437
4435
4434
4432
4432
4431
4431
4431
4428
4428
4428
4428
4427
4424
4423
4423
4423
4422
4421
4420
4413
4413
4409
4409
4408
4407
4407
4403
4403
4400
4397
4394
4394
4394
4392
4392
4391
4388
4388
4387
4387
4387
4387
4384
4384
4383
4380
4379
4377
4376
4375
4370
4370
4370
4369
4368
4361
4359
4359
4358
4353
4350
4350
4344
4344
4343
4342
4339
4338
4337
4337
4334
4334
4332
4330
4330
4329
4328
4326
4323
4323
4323
4322
4321
4321
4321
4319
4318
4317
4317
4313
4312
4312
4310
4309
4309
4307
4304
4300
4297
4297
4295
4295
4294
4290
4290
4289
4286
4285
4285
4284
4297
4282
4282
4281
4281
4280
4279
4277
4276
4276
4276
4275
4272
4271
4270
4269
4158
4266
4266
4264
4263
4261
4260
4259
4258
4258
4257
4257
4256
4253
4253
4251
4249
4247
4247
4245
4245
4244
4243
4241
4240
4240
4239
4234
4234
4233
4233
4231
4229
4229
4228
4228
4227
4227
4224
4224
4223
4223
4222
4219
4219
4218
4217
4217
4217
4216
4216
4214
4213
4210
4207
4207
4206
4205
4205
4204
4204
4203
4203
4202
4202
4202
4201
4201
4200
4199
4198
4197
4197
4197
4193
4193
4146
4192
4190
4189
4189
4189
4188
4188
4188
4187
4186
4185
4183
4183
4183
4181
4180
4178
4176
4176
4175
4175
4174
4174
4173
4171
4171
4168
4167
4165
4162
4162
4162
4161
4159
4159
4159
4157
4156
4154
4153
4153
4152
4151
4151
4149
4145
4144
4144
4141
4139
4138
4136
4136
4135
4134
4134
4133
4133
4131
4130
4130
4128
4127
4127
4126
4126
4125
4124
4123
4122
4122
4120
4119
4119
4117
4116
4114
4113
4112
4112
4111
4109
4108
4107
4107
4106
4106
4103
4103
4102
4102
4101
4100
4098
4098
4098
4096
4095
4068
4094
4094
4094
4094
4092
4092
4091
4091
4091
4090
4090
4089
4089
4089
4088
4087
4086
4086
4086
4084
4083
4083
4082
4080
4080
4079
4079
4078
4078
4077
4077
4077
4075
4074
4073
4073
4073
4073
4072
4072
4070
4070
4070
4069
4069
4069
4068
4068
4066
4063
4063
4062
4062
4062
4061
4060
4059
4059
4057
4056
4056
4056
4055
4055
4051
4051
4048
4047
4046
4044
4044
4042
4042
4042
4041
4041
4039
4037
4036
4033
4033
4032
4031
4030
4030
4029
4029
4029
4027
4027
4026
4026
4024
4024
4023
4023
4020
4020
4018
4018
4018
4017
4017
4016
4015
4015
4015
4015
4015
4014
4013
4010
4010
4010
4009
4007
4007
4006
4006
4003
4003
4002
4002
4000
4000
3999
3998
3996
3995
3994
3993
3993
3993
3992
3991
3991
3999
3989
3988
3987
3987
3986
3985
3984
3983
3982
3982
3981
3978
3978
3978
3978
3977
3977
3976
3975
3973
3973
3972
3976
3971
3971
3970
3969
3969
3968
3968
3967
3856
3965
3965
3961
3961
3961
3960
3960
3960
3959
3959
3959
3956
3956
3953
3952
3950
3949
3949
3948
3947
3947
3946
3956
3941
3941
3941
3940
3939
3937
3935
3935
3935
3932
3931
3929
3929
3929
3928
3928
3926
3926
3925
3924
3923
3922
3922
3922
3921
3920
3922
3915
3915
3915
3914
3913
3913
3912
3911
3907
3906
3906
3905
3904
3904
3901
3900
3898
3898
3897
3896
3896
3895
3894
3893
3893
3892
3891
3890
3890
3889
3888
3888
3887
3887
3886
3886
3885
3884
3884
3883
3880
3880
3877
3877
3876
3876
3875
3874
3874
3874
3873
3873
3873
3872
3872
3871
3871
3871
3870
3870
3869
3868
3867
3867
3867
3866
3866
3863
3863
3863
3863
3863
3862
3862
3862
3862
3861
3861
3860
3858
3857
3857
3856
3856
3856
3855
3855
3855
3851
3850
3850
3850
3852
3849
3848
3846
3846
3845
3844
3843
3842
3839
3839
3837
3837
3836
3836
3830
3829
3828
3828
3828
3825
3825
3824
3824
3824
3822
3821
3819
3819
3818
3818
3818
3817
3813
3812
3812
3811
3811
3810
3810
3809
3808
3806
3806
3805
3804
3804
3803
3801
3800
3800
3799
3798
3797
3795
3795
3794
3793
3791
3790
3788
3787
3787
3786
3785
3784
3784
3784
3782
3781
3779
3778
3777
3777
3777
3776
3776
3776
3777
3774
3774
3772
3771
3771
3771
3770
3770
3769
3773
3768
3768
3768
3768
3766
3764
3764
3764
3764
3763
3763
3763
3763
3761
3761
3761
3761
3761
3760
3759
3759
3759
3759
3757
3757
3757
3755
3754
3752
3758
3751
3750
3747
3746
3743
3742
3739
3738
3738
3737
3736
3735
3733
3733
3732
3729
3729
3727
3727
3726
3725
3725
3725
3724
3724
3723
3722
3719
3719
3716
3715
3715
3715
3714
3714
3714
3713
3709
3709
3708
3708
3707
3706
3705
3705
3704
3702
3699
3699
3698
3697
3697
3696
3696
3694
3694
3693
3693
3693
3691
3690
3689
3689
3688
3688
3686
3686
3686
3684
3683
3683
3682
3682
3681
3681
3681
3680
3679
3678
3677
3676
3676
3675
3673
3673
3673
3671
3671
3669
3669
3668
3667
3665
3664
3664
3663
3663
3663
3663
3662
3662
3661
3661
3660
3660
3659
3658
3657
3657
3657
3656
3652
3652
3652
3652
3648
3647
3646
3645
3644
3640
3638
3638
3635
3635
3635
3634
3634
3632
3631
3629
3629
3629
3628
3628
3626
3626
3625
3625
3625
3623
3622
3622
3621
3621
3621
3621
3620
3618
3617
3617
3617
3616
3615
3614
3614
3613
3613
3613
3613
3612
3612
3611
3608
3606
3606
3606
3606
3606
3605
3604
3603
3603
3603
3602
3602
3601
3601
3601
3600
3600
3600
3600
3600
3599
3597
3597
3596
3596
3595
3594
3592
3592
3592
3591
3590
3588
3588
3586
3586
3586
3586
3585
3584
3582
3582
3581
3581
3580
3579
3579
3579
3578
3577
3577
3594
3574
3573
3570
3570
3577
3570
3569
3569
3568
3568
3567
3567
3565
3565
3564
3564
3564
3564
3563
3562
3562
3560
3560
3560
3559
3557
3557
3556
3554
3554
3553
3553
3553
3551
3551
3550
3549
3549
3549
3548
3547
3546
3546
3545
3544
3544
3543
3542
3541
3539
3537
3537
3537
3536
3535
3534
3531
3530
3526
3525
3524
3524
3523
3522
3522
3522
3521
3521
3520
3518
3518
3517
3516
3516
3516
3515
3514
3513
3511
3511
3510
3509
3507
3504
3503
3503
3506
3502
3501
3500
3499
3499
3498
3498
3498
3496
3496
3495
3495
3493
3492
3490
3490
3489
3489
3489
3488
3488
3485
3484
3484
3484
3483
3483
3483
3482
3482
3481
3477
3476
3475
3474
3472
3472
3471
3470
3470
3469
3469
3468
3468
3467
3467
3466
3466
3463
3463
3463
3462
3461
3461
3459
3459
3458
3457
3457
3456
3455
3455
3454
3454
3453
3453
3452
3451
3451
3451
3451
3450
3450
3449
3448
3448
3448
3447
3447
3447
3446
3446
3445
3445
3443
3443
3442
3440
3440
3439
3439
3438
3437
3437
3437
3437
3435
3434
3434
3434
3433
3432
3431
3431
3431
3430
3430
3430
3430
3430
3429
3429
3429
3427
3427
3427
3427
3426
3425
3425
3425
3423
3423
3423
3421
3421
3421
3421
3421
3421
3420
3419
3419
3419
3419
3418
3417
3417
3417
3417
3416
3416
3415
3415
3413
3413
3411
3410
3410
3410
3409
3409
3408
3408
3407
3406
3406
3419
3401
3400
3400
3398
3398
3397
3397
3397
3396
3395
3395
3394
3394
3392
3392
3391
3391
3390
3390
3389
3388
3387
3386
3385
3385
3385
3384
3384
3383
3382
3382
3382
3382
3380
3380
3379
3379
3378
3375
3375
3374
3374
3374
3374
3372
3372
3372
3371
3371
3371
3370
3370
3368
3365
3364
3363
3363
3363
3362
3361
3361
3360
3360
3359
3358
3357
3357
3357
3354
3353
3353
3353
3404
3352
3351
3351
3351
3351
3350
3348
3348
3348
3347
3346
3346
3345
3345
3344
3344
3344
3342
3341
3341
3340
3340
3339
3338
3338
3338
3337
3336
3336
3336
3336
3336
3335
3332
3332
3331
3331
3331
3331
3331
3329
3327
3326
3326
3325
3324
3322
3321
3321
3321
3319
3319
3319
3318
3318
3317
3315
3315
3313
3312
3311
3311
3311
3311
3309
3308
3308
3307
3306
3305
3305
3305
3305
3304
3304
3304
3303
3302
3301
3301
3301
3300
3300
3300
3300
3300
3300
3299
3298
3298
3297
3297
3296
3296
3296
3295
3294
3293
3292
3292
3292
3291
3291
3290
3290
3289
3289
3288
3287
3285
3283
3281
3281
3281
3281
3281
3280
3279
3278
3276
3276
3276
3275
3274
3273
3272
3272
3269
3269
3268
3267
3266
3266
3266
3266
3264
3262
3262
3262
3259
3258
3258
3258
3258
3256
3256
3255
3255
3254
3254
3253
3251
3251
3251
3250
3250
3249
3249
3248
3247
3247
3247
3247
3245
3244
3243
3242
3242
3241
3241
3239
3239
3238
3237
3237
3236
3236
3235
3234
3234
3233
3233
3232
3231
3231
3231
3230
3228
3228
3226
3226
3224
3224
3223
3223
3222
3222
3222
3220
3219
3218
3218
3218
3215
3215
3215
3214
3213
3213
3211
3211
3210
3210
3210
3209
3209
3208
3208
3207
3206
3206
3206
3205
3205
3205
3205
3205
3205
3205
3204
3204
3203
3203
3202
3202
3202
3201
3201
3205
3201
3201
3199
3199
3199
3198
3198
3198
3197
3197
3197
3196
3195
3195
3194
3193
3193
3192
3191
3191
3191
3190
3188
3187
3186
3186
3185
3184
3183
3183
3183
3182
3182
3181
3181
3181
3181
3180
3179
3179
3176
3176
3175
3174
3174
3173
3173
3172
3172
3170
3170
3169
3169
3168
3168
3167
3167
3167
3167
3166
3166
3165
3165
3165
3165
3164
3162
3162
3161
3160
3160
3160
3159
3159
3157
3156
3156
3156
3156
3156
3155
3153
3153
3153
3152
3152
3152
3152
3152
3151
3150
3149
3149
3148
3148
3147
3147
3146
3146
3146
3145
3167
3144
3144
3143
3142
3142
3139
3137
3181
3135
3135
3133
3132
3131
3131
3130
3129
3128
3128
3127
3127
3127
3126
3125
3125
3125
3124
3124
3124
3124
3123
3123
3122
3122
3121
3121
3119
3119
3118
3117
3117
3116
3115
3115
3115
3114
3113
3111
3111
3111
3111
3111
3108
3107
3107
3106
3106
3105
3104
3104
3104
3103
3103
3103
3103
3102
3102
3102
3102
3102
3101
3101
3100
3100
3100
3099
3099
3099
3099
3098
3095
3095
3094
3094
3093
3093
3093
3092
3091
3091
3091
3091
3090
3090
3089
3089
3089
3088
3087
3086
3086
3086
3085
3085
3085
3084
3083
3083
3083
3083
3082
3081
3079
3078
3078
3078
3077
3077
3077
3077
3076
3075
3075
3074
3073
3073
3073
3072
3071
3071
3071
3070
3070
3070
3069
3069
3068
3068
3068
3067
3067
3067
3067
3067
3066
3066
3066
3066
3065
3065
3064
3064
3064
3064
3064
3063
3063
3063
3063
3062
3062
3062
3062
3062
3061
3061
3061
3060
3059
3059
3058
3058
3057
3056
3056
3055
3055
3055
3054
3054
3054
3053
3052
3051
3050
3050
3050
3050
3049
3049
3048
3048
3048
3047
3047
3047
3046
3046
3045
3044
3044
3044
3043
3043
3041
3040
3040
3040
3040
3039
3039
3038
3038
3037
3036
3036
3034
3034
3033
3032
3032
3031
3029
3029
3029
3028
3027
3027
3027
3026
3022
3022
3021
3021
3020
3020
3018
3018
3017
3017
3017
3017
3016
3015
3015
3015
3014
3014
3014
3013
3013
3012
3012
3011
3011
3011
3010
3009
3009
3009
3008
3007
3007
3006
3006
3005
3004
3003
3003
3000
3000
