317320
296925
287748
245389
193183
146502
137813
136705
131095
91916
68886
65428
64587
63975
58530
54342
52709
51807
51700
49580
44287
43106
42481
39669
39531
38254
35433
35115
34161
33014
30473
29797
27749
26772
26583
26344
25473
25225
24622
24442
23952
23700
23347
23346
23172
23113
22979
22788
22709
22637
22157
21964
21785
21657
21370
21324
21322
20510
20077
19879
19691
19611
19522
19506
19456
19390
19386
19324
19248
18939
18906
18700
18680
18611
18580
18267
18261
18251
18231
18222
17961
17796
17659
17347
17134
17028
16860
16832
16754
16514
16282
16206
16167
16162
16148
16133
16089
16023
15932
15852
15635
15163
15047
14855
14808
14622
14574
14481
14464
14390
14352
14310
14262
14132
14077
13893
13814
13674
13521
13380
13251
13042
13012
12977
12883
12735
12730
12697
12691
12507
12529
12522
12513
12437
12304
12300
12244
12233
12096
12064
11844
11818
11741
11626
11611
11585
11546
11496
11353
11324
11294
11282
11229
11194
11134
11117
11113
11105
11018
10982
10852
10824
10814
10795
10756
10753
10731
10724
10616
10614
10575
10565
10537
10514
10477
10471
10455
10394
10385
10374
10342
10328
10323
10260
10124
10101
10047
10036
9997
9985
9964
9918
9891
9859
9785
9773
9757
9750
9743
9741
9734
9706
9697
9679
9671
9629
9605
9504
9475
9470
9459
9453
9434
9430
9421
9419
9390
9353
9271
9249
9239
9215
9207
9190
9176
9153
9149
9104
9041
9032
8995
8992
8968
8959
8949
8919
8849
8835
8833
8813
8780
8776
8771
8757
8733
8688
8668
8641
8638
8633
8608
8597
8546
8545
8544
8517
8475
8474
8456
8456
8455
8452
8450
8445
8435
8414
8390
8387
8360
8320
8313
8303
8287
8277
8260
8249
8232
8220
8187
8173
8159
8157
8148
8117
8106
8089
8088
8078
8074
8065
8037
8021
8007
7983
7975
7969
7966
7964
7931
7929
7921
7909
7890
7875
7859
7856
7848
7834
7809
7806
7798
7787
7769
7763
7756
7755
7746
7737
7737
7736
7724
7718
7716
7715
7689
7689
7684
7668
7651
7640
7604
7604
7552
7549
7522
7508
7508
7489
7482
7477
7409
7405
7378
7374
7352
7345
7331
7319
7319
7312
7301
7282
7280
7249
7246
7244
7240
7189
7184
7175
7172
7157
7154
7131
7122
7118
7109
7107
7083
7083
7081
7078
7060
7055
6998
6996
6995
6974
6972
6952
6951
6948
6947
6922
6915
6907
6905
6895
6894
6884
6853
6843
6828
6796
6781
6778
6775
6760
6758
6746
6737
6716
6705
6693
6692
6677
6642
6640
6600
6594
6567
6562
6562
6559
6557
6553
6551
6545
6527
6507
6498
6479
6462
6461
6461
6454
6454
6453
6444
6443
6436
6423
6423
6409
6402
6397
6381
6378
6369
6360
6354
6349
6346
6341
6329
6324
6318
6291
6292
6285
6285
6279
6270
6237
6232
6215
6206
6198
6155
6152
6134
6128
6118
6118
6117
6110
6106
6097
6089
6085
6077
6070
6069
6058
6046
6043
6036
6030
6013
6006
6005
5986
5968
5966
5964
5962
5955
5918
5913
5912
5907
5897
5887
5882
5879
5872
5858
5851
5840
5831
5815
5812
5766
5750
5745
5743
5739
5720
5720
5716
5711
5704
5700
5700
5696
5690
5684
5684
5683
5676
5672
5667
5665
5665
5660
5647
5618
5618
5618
5603
5596
5593
5582
5578
5576
5570
5559
5551
5543
5540
5531
5524
5513
5512
5511
5505
5500
5479
5469
5469
5467
5452
5448
5446
5442
5437
5433
5416
5397
5397
5395
5389
5386
5378
5371
5366
5366
5361
5360
5356
5355
5348
5342
5329
5306
5304
5289
5277
5266
5266
5264
5258
5253
5240
5237
5234
5210
5205
5203
5202
5200
5200
5195
5193
5187
5175
5173
5173
5172
5161
5154
5151
5145
5141
5138
5136
5132
5127
5123
5121
5115
5114
5112
5111
5106
5105
5104
5092
5091
5091
5090
5090
5083
5077
5077
5070
5053
5051
5048
5046
5024
5013
5008
5007
5003
4997
4992
4986
4981
4977
4974
4973
4966
4962
4957
4955
4950
4943
4941
4898
4874
4873
4870
4865
4863
4848
4842
4841
4836
4823
4822
4819
4818
4818
4817
4811
4799
4795
4791
4789
4781
4765
4754
4754
4741
4733
4726
4722
4721
4720
4720
4718
4706
4697
4691
4689
4689
4687
4685
4681
4672
4670
4660
4658
4653
4652
4651
4645
4642
4634
4633
4632
4630
4626
4621
4612
4612
4612
4604
4591
4585
4581
4578
4570
4564
4560
4559
4556
4549
4539
4531
4529
4520
4519
4517
4513
4513
4512
4508
4507
4503
4500
4494
4490
4487
4486
4484
4483
4478
4477
4476
4466
4457
4456
4449
4442
4439
4438
4433
4423
4422
4419
4418
4417
4416
4416
4410
4407
4404
4404
4402
4397
4391
4388
4385
4380
4377
4377
4376
4376
4375
4374
4374
4368
4356
4346
4346
4343
4343
4325
4321
4314
4310
4308
4307
4289
4287
4284
4282
4282
4280
4274
4272
4271
4264
4263
4257
4252
4251
4249
4246
4245
4243
4243
4234
4233
4226
4224
4212
4211
4208
4202
4194
4184
4184
4181
4178
4176
4175
4175
4168
4168
4163
4158
4157
4156
4155
4154
4153
4145
4141
4141
4140
4140
4139
4137
4127
4124
4124
4123
4113
4106
4102
4096
4094
4093
4093
4083
4081
4080
4080
4079
4078
4077
4076
4070
4069
4063
4061
4060
4059
4058
4050
4047
4045
4044
4042
4040
4031
4030
4029
4027
4025
4015
4014
4012
4012
4010
4007
4001
4000
3995
3995
3994
3990
3990
3989
3988
3979
3975
3969
3963
3960
3957
3954
3952
3949
3945
3944
3943
3942
3945
3937
3935
3928
3927
3927
3923
3917
3916
3916
3910
3904
3903
3892
3892
3885
3882
3880
3878
3876
3876
3875
3871
3870
3869
3868
3868
3867
3861
3861
3857
3854
3853
3853
3852
3851
3850
3850
3843
3842
3842
3839
3839
3836
3835
3833
3832
3831
3830
3828
3824
3821
3821
3819
3812
3812
3803
3801
3799
3797
3796
3796
3790
3785
3784
3783
3782
3781
3780
3780
3777
3775
3773
3772
3759
3754
3754
3751
3750
3749
3747
3746
3743
3743
3742
3738
3738
3733
3732
3727
3724
3724
3721
3720
3719
3715
3710
3709
3707
3706
3705
3699
3697
3686
3685
3682
3681
3676
3676
3673
3670
3669
3667
3666
3665
3664
3659
3657
3653
3652
3651
3650
3650
3646
3646
3644
3642
3638
3637
3631
3630
3627
3625
3622
3622
3618
3615
3614
3612
3612
3611
3611
3605
3603
3602
3602
3593
3593
3586
3586
3576
3575
3573
3571
3568
3567
3566
3566
3563
3563
3561
3560
3555
3554
3554
3554
3554
3546
3544
3542
3540
3538
3533
3532
3531
3529
3527
3522
3521
3520
3520
3515
3511
3509
3507
3506
3504
3501
3500
3496
3496
3496
3494
3493
3493
3487
3487
3487
3487
3485
3483
3482
3481
3479
3477
3477
3475
3472
3472
3471
3471
3470
3464
3463
3463
3462
3461
3460
3457
3451
3442
3437
3436
3432
3432
3431
3431
3430
3430
3429
3427
3426
3426
3422
3421
3419
3419
3418
3418
3418
3417
3414
3409
3409
3408
3407
3406
3405
3405
3404
3402
3402
3401
3399
3399
3399
3398
3394
3394
3392
3391
3389
3385
3382
3373
3372
3369
3363
3363
3363
3361
3358
3355
3354
3350
3349
3348
3346
3345
3343
3341
3337
3337
3334
3333
3331
3328
3323
3322
3319
3315
3315
3313
3309
3308
3307
3306
3305
3303
3301
3299
3295
3293
3292
3292
3290
3287
3285
3281
3281
3276
3275
3275
3272
3271
3270
3268
3266
3264
3261
3260
3254
3254
3254
3250
3245
3238
3237
3235
3235
3232
3231
3228
3227
3224
3223
3221
3219
3219
3215
3214
3211
3211
3209
3208
3206
3205
3202
3202
3200
3199
3199
3195
3193
3190
3183
3180
3179
3178
3173
3172
3171
3168
3159
3158
3158
3158
3158
3158
3152
3152
3151
3151
3151
3148
3147
3146
3146
3146
3145
3144
3142
3142
3140
3146
3138
3137
3136
3135
3135
3135
3134
3133
3129
3124
3124
3123
3120
3117
3114
3114
3110
3110
3105
3104
3101
3099
3097
3095
3094
3089
3088
3084
3081
3079
3077
3074
3073
3069
3068
3068
3067
3066
3064
3063
3063
3059
3055
3053
3052
3052
3052
3049
3048
3047
3047
3045
3045
3044
3043
3043
3041
3041
3040
3036
3029
3028
3026
3026
3026
3026
3023
3022
3020
3009
3009
3007
3005
3004
3002
3002
3000
