79115
66651
47746
43206
41143
38802
36601
36496
35468
35387
34559
34252
27147
26269
26135
25732
25490
23445
22331
22090
22049
21882
21239
21228
20938
20657
20465
20280
20103
19937
19475
19428
19191
19072
18964
18825
18416
18169
17896
17281
16984
16966
16682
16568
16178
15854
15679
15380
14994
14968
14820
14765
14530
14249
14220
14176
14167
14153
14010
13946
13930
13748
13693
13617
13607
13553
13547
13484
13483
13475
13369
13344
13305
13229
13112
13076
12990
12889
12766
12728
12669
12378
12354
12343
12340
12295
12192
12166
12057
11868
11824
11745
11696
11693
11683
11660
11656
11533
11463
11315
11302
11068
10985
10962
10935
10776
10753
10735
10673
10670
10656
10575
10575
10561
10551
10536
10405
10383
10370
10362
10340
10295
10234
10187
10140
10103
10101
10049
9933
9864
9855
9813
9801
9731
9634
9557
9422
9358
9347
9318
9317
9275
9257
9252
9240
9147
9093
9076
9000
8959
8936
8928
8845
8841
8841
8837
8813
8743
8725
8692
8692
8665
8581
8526
8512
8509
8485
8469
8434
8396
8382
8376
8365
8351
8347
8323
8303
8230
8229
8204
8163
8163
8141
8124
8120
8040
8020
7964
7956
7953
7952
7943
7941
7932
7909
7897
7873
7871
7826
7802
7798
7797
7769
7630
7618
7602
7594
7584
7538
7524
7491
7482
7471
7463
7451
7447
7434
7400
7397
7379
7373
7371
7358
7351
7343
7335
7317
7284
7278
7261
7249
7221
7220
7209
7201
7198
7189
7186
7173
7111
7108
7100
7071
7038
7026
7015
7007
6978
6961
6957
6937
6932
6916
6914
6903
6887
6883
6867
6842
6839
6824
6819
6808
6793
6749
6723
6717
6714
6707
6702
6671
6665
6664
6657
6647
6635
6628
6625
6612
6607
6606
6588
6579
6567
6525
6522
6512
6502
6501
6499
6488
6485
6480
6476
6470
6463
6458
6457
6449
6440
6437
6430
6402
6401
6387
6356
6355
6329
6312
6306
6304
6296
6291
6288
6261
6258
6248
6235
6211
6208
6207
6200
6187
6181
6200
6170
6146
6144
6135
6124
6116
6110
6081
6076
6072
6071
6065
6065
6062
6061
6045
6043
6043
6013
6006
5996
5994
5991
5970
5923
5904
5898
5894
5878
5877
5873
5871
5850
5848
5833
5818
5811
5785
5766
5748
5743
5738
5736
5728
5725
5718
5716
5712
5703
5708
5697
5696
5695
5688
5675
5673
5668
5666
5656
5649
5643
5598
5592
5587
5587
5583
5567
5563
5546
5531
5527
5527
5516
5514
5480
5476
5472
5466
5464
5460
5443
5437
5432
5410
5400
5385
5381
5380
5379
5379
5375
5357
5348
5347
5343
5341
5317
5316
5305
5302
5293
5292
5289
5284
5283
5279
5279
5278
5273
5268
5263
5252
5235
5232
5231
5228
5226
5221
5218
5216
5214
5211
5189
5180
5177
5176
5173
5168
5167
5165
5157
5154
5136
5147
5131
5129
5128
5126
5122
5114
5097
5094
5089
5087
5079
5077
5077
5076
5073
5073
5073
5065
5064
5060
5053
5053
5044
5028
5027
5026
5008
5004
5003
4999
4998
4993
4989
4987
4983
4981
4975
4958
4951
4946
4939
4923
4919
4915
4912
4911
4902
4879
4874
4870
4867
4860
4855
4854
4851
4848
4847
4845
4842
4839
4829
4828
4827
4826
4812
4808
4807
4804
4800
4797
4794
4784
4776
4748
4747
4747
4743
4739
4732
4731
4722
4718
4717
4717
4707
4700
4692
4692
4692
4690
4688
4682
4670
4666
4666
4662
4659
4655
4653
4651
4643
4636
4630
4627
4624
4624
4618
4615
4608
4606
4600
4591
4590
4580
4568
4566
4563
4558
4552
4552
4547
4536
4531
4523
4521
4517
4513
4510
4508
4507
4503
4502
4496
4490
4487
4483
4482
4478
4477
4476
4475
4462
4461
4460
4453
4448
4447
4446
4446
4446
4446
4445
4443
4442
4442
4431
4431
4424
4423
4421
4420
4416
4412
4406
4403
4399
4398
4398
4398
4392
4390
4385
4384
4382
4382
4381
4377
4374
4364
4360
4340
4338
4337
4335
4333
4322
4319
4313
4309
4308
4300
4298
4297
4292
4289
4287
4285
4279
4270
4259
4250
4249
4246
4246
4235
4228
4225
4223
4223
4220
4206
4198
4197
4196
4196
4193
4189
4184
4181
4176
4171
4170
4169
4165
4155
4155
4153
4150
4147
4144
4143
4142
4136
4131
4130
4129
4123
4145
4113
4106
4103
4101
4094
4093
4092
4092
4076
4072
4060
4058
4055
4051
4051
4051
4049
4047
4045
4045
4042
4040
4026
4024
4020
4020
4019
4017
4016
4015
4014
4011
4010
4009
4008
4001
3999
3998
3992
3989
3989
3987
3986
3974
3972
3971
3971
3968
3966
3966
3965
3962
3946
3945
3942
3934
3933
3928
3917
3916
3912
3912
3904
3902
3902
3901
3899
3896
3896
3894
3892
3885
3885
3880
3876
3873
3871
3870
3869
3864
3860
3860
3858
3855
3842
3836
3834
3834
3832
3830
3829
3828
3823
3823
3817
3816
3816
3812
3812
3811
3811
3807
3805
3796
3792
3790
3787
3785
3769
3784
3781
3780
3779
3779
3776
3774
3774
3772
3768
3767
3765
3764
3760
3757
3755
3753
3753
3749
3749
3744
3744
3743
3741
3740
3740
3739
3739
3737
3734
3727
3726
3725
3716
3711
3705
3704
3702
3701
3695
3687
3681
3680
3677
3672
3671
3668
3658
3657
3654
3652
3650
3639
3632
3628
3627
3626
3624
3622
3618
3614
3613
3610
3609
3608
3606
3603
3602
3599
3596
3595
3588
3587
3584
3581
3580
3573
3571
3565
3559
3555
3555
3552
3550
3549
3547
3542
3540
3538
3531
3528
3526
3525
3522
3520
3518
3513
3509
3508
3506
3506
3503
3501
3498
3491
3488
3488
3487
3485
3481
3479
3477
3465
3464
3463
3461
3456
3452
3450
3448
3447
3434
3431
3428
3426
3419
3417
3414
3413
3411
3406
3406
3404
3403
3402
3399
3397
3397
3396
3396
3395
3394
3394
3391
3388
3387
3386
3383
3382
3382
3382
3378
3378
3377
3377
3377
3375
3374
3370
3367
3367
3365
3363
3363
3362
3357
3357
3357
3356
3354
3351
3350
3342
3342
3337
3337
3337
3334
3333
3332
3330
3329
3328
3327
3321
3319
3319
3317
3316
3316
3314
3313
3307
3307
3303
3294
3291
3289
3288
3283
3282
3280
3280
3274
3272
3272
3270
3270
3270
3267
3265
3264
3263
3263
3262
3261
3260
3259
3257
3252
3248
3247
3241
3240
3239
3238
3236
3236
3234
3230
3228
3227
3225
3222
3222
3221
3221
3219
3218
3216
3215
3212
3210
3208
3207
3205
3201
3199
3196
3195
3194
3192
3189
3189
3188
3188
3187
3184
3183
3183
3183
3181
3180
3180
3180
3176
3176
3176
3175
3170
3168
3165
3163
3162
3162
3160
3157
3157
3156
3154
3150
3147
3147
3146
3144
3143
3140
3137
3136
3135
3133
3129
3129
3128
3125
3123
3122
3121
3119
3119
3117
3116
3101
3101
3100
3097
3097
3096
3095
3095
3094
3093
3092
3091
3089
3089
3088
3088
3088
3088
3088
3083
3083
3080
3080
3080
3076
3072
3071
3070
3070
3068
3067
3066
3065
3065
3062
3059
3059
3058
3058
3057
3054
3052
3050
3049
3044
3042
3041
3037
3036
3034
3033
3033
3030
3029
3029
3026
3026
3024
3022
3021
3021
3019
3018
3018
3018
3018
3013
3013
3013
3013
3012
3010
3007
3006
3005
3004
3004
3003
3003
3003
3002
3001
3000
3000
