90234
74627
74019
61864
47268
42362
41750
40542
39760
39670
37468
37452
37408
37106
35928
35688
35614
33015
31481
31259
31009
30391
30318
30275
30187
30173
29491
29315
28992
28846
28442
28250
27538
27464
26385
26264
26092
25435
25397
25229
25102
24652
24318
23483
23370
23330
23287
22622
22356
22293
22243
22188
22118
21799
21364
21137
20968
20370
20336
20187
20119
19899
19868
19738
19561
19542
19328
19095
18967
18948
18860
18743
18707
18519
18185
18149
18063
18055
17856
17824
17781
17646
17454
17437
17406
17366
17348
17296
17287
17241
17216
17192
17149
17099
17091
17036
16998
16892
16865
16740
16627
16581
16452
16436
16427
16404
16393
16373
16302
16269
16218
16209
16154
16095
15932
15900
15851
15850
15847
15807
15785
15756
15753
15613
15583
15543
15541
15458
15387
15352
15332
15318
15307
15286
15189
15185
15168
15163
15100
15097
15095
15048
14923
14875
14814
14780
14708
14589
14463
14436
14306
14305
14252
14215
14195
14179
14155
14074
14054
14024
14015
14008
14006
13976
13969
13967
13925
13888
13804
13781
13732
13723
13720
13715
13675
13667
13656
13654
13645
13643
13526
13513
13488
13479
13465
13434
13381
13370
13344
13288
13257
13246
13193
13187
13177
13138
13110
13108
13074
13038
13028
13025
13011
12961
12951
12919
12897
12848
12845
12845
12843
12833
12820
12814
12806
12803
12761
12744
12717
12696
12663
12582
12519
12508
12506
12502
12452
12430
12428
12427
12425
12420
12403
12357
12357
12363
12329
12305
12276
12270
12196
12159
12120
12119
12102
12072
12063
12043
12041
12025
11987
11964
11943
11923
11898
11862
11861
11841
11793
11788
11788
11757
11754
11711
11696
11691
11688
11684
11589
11584
11580
11575
11573
11563
11558
11551
11549
11548
11529
11520
11519
11517
11497
11496
11488
11482
11479
11445
11445
11441
11431
11428
11416
11407
11401
11338
11332
11320
11296
11240
11231
11219
11219
11189
11181
11180
11156
11152
11135
11089
11082
11031
11027
11014
10987
10986
10971
10968
10964
10958
10955
10943
10920
10910
10856
10852
10827
10794
10769
10766
10747
10745
10724
10711
10691
10687
10675
10673
10666
10662
10617
10608
10602
10590
10582
10577
10570
10560
10556
10538
10529
10507
10489
10479
10474
10473
10459
10442
10429
10421
10407
10391
10375
10375
10367
10363
10356
10349
10316
10314
10230
10219
10209
10187
10178
10149
10078
10062
10032
10024
10018
10011
10007
9977
9972
9971
9964
9963
9962
9944
9937
9929
9914
9897
9887
9883
9872
9864
9861
9854
9845
9842
9836
9828
9828
9827
9794
9775
9770
9769
9741
9733
9729
9716
9711
9710
9704
9697
9686
9664
9661
9658
9644
9619
9615
9614
9607
9598
9582
9533
9529
9518
9512
9499
9493
9412
9412
9398
9397
9393
9378
9371
9339
9336
9335
9328
9324
9270
9269
9254
9233
9226
9219
9194
9178
9175
9156
9143
9143
9130
9116
9113
9057
9020
9014
9007
8974
8973
8968
8967
8966
8942
8933
8931
8927
8925
8905
8904
8896
8892
8890
8887
8881
8868
8865
8853
8845
8844
8843
8842
8839
8837
8835
8835
8819
8792
8792
8767
8757
8747
8742
8733
8727
8717
8715
8697
8685
8684
8661
8661
8660
8658
8657
8632
8627
8616
8607
8594
8586
8583
8576
8553
8542
8540
8539
8530
8519
8512
8509
8506
8495
8490
8478
8476
8472
8453
8443
8441
8435
8433
8431
8428
8425
8425
8415
8409
8405
8397
8394
8374
8372
8366
8366
8356
8356
8353
8324
8315
8313
8309
8308
8298
8295
8286
8276
8275
8270
8266
8249
8243
8239
8232
8228
8218
8210
8207
8204
8192
8190
8181
8174
8149
8147
8147
8140
8140
8134
8130
8128
8126
8120
8116
8114
8113
8111
8109
8105
8089
8088
8085
8085
8077
8073
8070
8067
8056
8043
8042
8037
8025
8025
8022
8021
8019
8017
8016
8006
7999
7996
7994
7985
7979
7971
7960
7957
7949
7945
7939
7936
7934
7933
7930
7915
7912
7912
7908
7906
7904
7902
7898
7882
7878
7876
7872
7869
7869
7855
7844
7839
7835
7833
7825
7823
7821
7817
7808
7783
7768
7763
7741
7736
7732
7716
7711
7701
7698
7692
7688
7687
7686
7672
7667
7666
7664
7650
7647
7645
7641
7636
7632
7631
7627
7625
7615
7611
7609
7607
7603
7601
7598
7581
7576
7572
7567
7560
7560
7549
7548
7547
7546
7541
7534
7533
7533
7526
7517
7515
7503
7499
7493
7488
7485
7482
7478
7472
7468
7467
7464
7464
7458
7453
7451
7445
7441
7436
7432
7431
7429
7426
7425
7417
7415
7412
7410
7404
7403
7401
7398
7395
7390
7381
7379
7378
7374
7367
7365
7354
7341
7336
7332
7325
7318
7315
7312
7312
7307
7303
7300
7298
7294
7292
7286
7280
7277
7277
7276
7270
7263
7254
7253
7251
7247
7241
7234
7229
7229
7228
7217
7206
7203
7203
7202
7201
7200
7198
7197
7197
7178
7175
7164
7164
7162
7154
7149
7145
7133
7118
7114
7108
7105
7102
7099
7095
7093
7092
7092
7082
7081
7078
7075
7070
7070
7067
7066
7063
7060
7055
7049
7039
7038
7034
7030
7022
7014
7014
7011
7010
7005
7003
6995
6986
6984
6976
6973
6972
6964
6962
6955
6953
6953
6952
6951
6949
6947
6945
6945
6940
6931
6930
6923
6914
6906
6906
6905
6903
6902
6901
6892
6891
6889
6885
6884
6880
6872
6866
6865
6865
6862
6857
6854
6844
6843
6841
6836
6834
6833
6832
6828
6821
6806
6798
6789
6786
6783
6764
6762
6651
6756
6748
6748
6743
6739
6738
6736
6730
6730
6730
6728
6715
6714
6703
6692
6687
6680
6680
6668
6668
6667
6660
6659
6655
6646
6644
6644
6643
6642
6640
6630
6625
6623
6621
6619
6618
6615
6613
6608
6607
6605
6604
6604
6602
6598
6598
6597
6594
6591
6590
6579
6574
6570
6566
6553
6552
6544
6543
6539
6539
6537
6534
6530
6528
6525
6524
6519
6518
6513
6512
6511
6509
6509
6508
6499
6497
6496
6493
6484
6484
6476
6473
6472
6463
6459
6455
6454
6454
6448
6442
6438
6438
6437
6436
6428
6418
6417
6402
6378
6374
6374
6373
6372
6365
6363
6362
6361
6355
6353
6347
6342
6341
6336
6335
6332
6329
6328
6323
6320
6319
6319
6312
6286
6286
6284
6282
6280
6278
6277
6273
6270
6265
6264
6260
6259
6258
6256
6250
6248
6246
6239
6236
6235
6233
6228
6227
6224
6206
6203
6202
6202
6189
6189
6188
6188
6183
6183
6182
6179
6175
6169
6162
6161
6157
6156
6153
6150
6145
6141
6139
6138
6135
6133
6133
6132
6130
6124
6120
6120
6115
6099
6098
6091
6089
6086
6077
6063
6062
6062
6061
6060
6060
6059
6059
6057
6056
6050
6046
6041
6037
6035
6034
6034
6031
6028
6018
6013
6012
6011
6006
6001
5999
5998
5998
5996
5996
5992
5992
5990
5981
5978
5977
5972
5971
5966
5961
5953
5951
5947
5936
5933
5930
5924
5913
5912
5912
5910
5910
5909
5906
5906
5904
5900
5899
5896
5894
5889
5888
5888
5881
5879
5873
5873
5869
5868
5867
5864
5862
5855
5844
5843
5843
5833
5829
5829
5825
5825
5824
5823
5819
5818
5817
5816
5816
5811
5806
5804
5802
5797
5786
5780
5773
5773
5773
5771
5768
5762
5760
5758
5749
5749
5747
5744
5736
5730
5730
5728
5725
5725
5720
5719
5719
5714
5707
5706
5706
5698
5695
5690
5687
5687
5685
5684
5675
5675
5675
5672
5671
5667
5666
5665
5662
5661
5661
5660
5653
5651
5650
5649
5646
5645
5641
5637
5636
5634
5634
5634
5633
5629
5625
5624
5616
5614
5613
5604
5600
5599
5599
5598
5598
5593
5590
5588
5585
5582
5581
5581
5580
5576
5574
5574
5573
5572
5568
5567
5567
5564
5560
5559
5558
5553
5550
5547
5546
5544
5542
5539
5535
5534
5529
5529
5528
5528
5523
5523
5519
5516
5515
5512
5511
5509
5508
5501
5501
5498
5497
5497
5488
5487
5484
5483
5482
5481
5480
5479
5477
5475
5472
5470
5469
5465
5464
5461
5461
5460
5459
5456
5456
5451
5451
5446
5443
5440
5437
5433
5428
5426
5424
5418
5416
5413
5404
5401
5399
5396
5394
5394
5388
5387
5384
5382
5375
5373
5371
5370
5367
5365
5364
5360
5356
5356
5352
5351
5349
5345
5343
5342
5339
5338
5336
5335
5329
5319
5318
5317
5315
5315
5310
5308
5308
5304
5304
5301
5290
5288
5284
5279
5279
5276
5273
5270
5268
5266
5248
5242
5241
5235
5231
5224
5222
5222
5219
5215
5210
5203
5203
5203
5202
5198
5198
5197
5193
5180
5179
5179
5179
5177
5171
5165
5165
5155
5154
5154
5148
5148
5147
5146
5145
5143
5142
5142
5142
5139
5137
5136
5131
5129
5127
5124
5123
5114
5112
5102
5098
5095
5094
5092
5091
5089
5045
5085
5083
5081
5079
5075
5073
5073
5072
5069
5067
5065
5063
5062
5062
5060
5060
5054
5052
5051
5051
5049
5048
5047
5047
5041
5037
5037
5035
5031
5030
5029
5028
5025
5013
5012
5012
5009
5008
5008
5007
5006
5006
5004
5003
5002
4997
4996
4994
4991
4987
4980
4978
4977
4975
4974
4971
4970
4967
4966
4963
4958
4957
4956
4955
4955
4952
4951
4948
4947
4945
4944
4944
4943
4937
4935
4934
4934
4933
4931
4930
4929
4925
4924
4923
4922
4922
4920
4920
4916
4916
4915
4915
4913
4910
4908
4908
4905
4903
4899
4891
4891
4891
4888
4888
4884
4884
4876
4875
4873
4872
4869
4869
4864
4861
4861
4859
4858
4858
4848
4845
4841
4838
4833
4830
4830
4826
4826
4820
4819
4818
4818
4817
4817
4816
4811
4803
4800
4798
4797
4794
4794
4789
4784
4784
4783
4781
4778
4770
4767
4763
4763
4761
4757
4757
4755
4753
4753
4753
4750
4748
4745
4741
4740
4739
4738
4737
4735
4733
4732
4731
4731
4729
4727
4724
4716
4711
4710
4709
4709
4709
4706
4706
4704
4703
4702
4700
4700
4697
4694
4692
4690
4686
4686
4684
4684
4678
4677
4672
4672
4672
4671
4670
4670
4669
4668
4666
4665
4663
4663
4663
4662
4661
4660
4658
4657
4656
4653
4651
4648
4647
4647
4642
4641
4640
4639
4639
4638
4637
4637
4636
4636
4634
4633
4628
4625
4625
4624
4623
4621
4617
4614
4614
4611
4609
4607
4605
4605
4604
4603
4602
4602
4601
4601
4598
4597
4596
4595
4594
4591
4588
4588
4587
4587
4587
4585
4582
4578
4578
4575
4574
4573
4570
4569
4566
4565
4559
4559
4555
4555
4553
4547
4547
4547
4547
4546
4545
4537
4535
4535
4534
4532
4531
4530
4530
4529
4528
4518
4518
4516
4513
4513
4510
4509
4508
4508
4508
4508
4506
4506
4506
4504
4501
4498
4498
4497
4497
4491
4490
4489
4487
4484
4482
4477
4477
4476
4471
4467
4465
4463
4462
4460
4460
4460
4459
4458
4457
4455
4455
4455
4454
4449
4449
4442
4438
4438
4436
4433
4429
4427
4423
4423
4423
4423
4420
4420
4415
4415
4415
4415
4414
4414
4412
4412
4410
4410
4407
4406
4403
4403
4400
4400
4399
4395
4394
4392
4391
4390
4388
4388
4386
4385
4380
4380
4379
4375
4375
4374
4373
4372
4372
4371
4371
4371
4370
4368
4367
4367
4365
4363
4363
4361
4359
4358
4356
4354
4353
4350
4349
4349
4348
4348
4343
4341
4339
4338
4338
4334
4334
4334
4330
4329
4327
4325
4319
4316
4316
4312
4310
4309
4308
4308
4308
4308
4307
4307
4306
4305
4304
4303
4302
4301
4300
4298
4296
4293
4293
4293
4292
4289
4287
4283
4281
4278
4276
4273
4270
4270
4266
4264
4263
4263
4262
4261
4259
4259
4256
4256
4255
4255
4254
4254
4250
4249
4249
4249
4249
4247
4246
4239
4236
4234
4234
4234
4233
4229
4229
4227
4224
4219
4217
4217
4216
4216
4215
4211
4211
4203
4201
4198
4196
4194
4190
4187
4187
4187
4185
4185
4183
4183
4183
4182
4180
4179
4179
4176
4175
4173
4173
4171
4169
4167
4167
4166
4163
4163
4156
4156
4156
4155
4154
4152
4151
4150
4149
4148
4145
4143
4142
4137
4137
4136
4135
4135
4133
4131
4130
4128
4124
4124
4124
4122
4122
4121
4120
4118
4118
4118
4115
4114
4113
4110
4110
4110
4110
4109
4109
4103
4103
4102
4101
4101
4100
4096
4092
4090
4085
4085
4084
4084
4081
4080
4079
4077
4076
4076
4076
4075
4074
4122
4073
4071
4071
4071
4070
4069
4068
4068
4065
4064
4063
4063
4060
4059
4058
4058
4055
4050
4050
4047
4046
4042
4040
4035
4035
4033
4033
4031
4028
4025
4024
4023
4021
4021
4020
4018
4015
4014
4010
4009
4009
4009
4008
4004
4003
4003
3994
3991
3991
3991
3991
3986
3985
3985
3984
3980
3979
3977
3977
3977
3976
3973
3971
3971
3969
3968
3968
3965
3964
3962
3961
3959
3959
3958
3958
3955
3954
3954
3951
3950
3949
3946
3946
3944
3944
3942
3941
3941
3939
3939
3938
3935
3935
3934
3933
3933
3932
3931
3929
3929
3928
3928
3927
3926
3924
3923
3921
3919
3919
3915
3915
3913
3912
3910
3910
3909
3906
3905
3905
3904
3903
3902
3901
3900
3900
3897
3897
3896
3893
3893
3892
3892
3890
3890
3889
3889
3887
3882
3882
3880
3879
3879
3878
3877
3875
3872
3871
3869
3866
3866
3866
3865
3863
3861
3860
3857
3855
3855
3855
3854
3852
3851
3851
3849
3849
3848
3845
3844
3844
3843
3841
3840
3840
3837
3836
3835
3834
3833
3831
3831
3830
3829
3826
3826
3824
3824
3823
3823
3822
3821
3817
3817
3817
3816
3818
3812
3808
3807
3804
3801
3800
3797
3797
3796
3795
3794
3793
3792
3791
3791
3785
3784
3784
3783
3782
3781
3780
3780
3780
3779
3779
3778
3777
3775
3772
3772
3772
3771
3769
3764
3763
3761
3761
3758
3756
3755
3754
3752
3750
3750
3749
3749
3749
3749
3748
3748
3747
3746
3746
3744
3742
3742
3740
3740
3737
3737
3736
3734
3734
3734
3732
3731
3731
3727
3726
3726
3725
3725
3724
3721
3720
3720
3719
3719
3716
3715
3715
3714
3713
3713
3713
3712
3711
3710
3710
3710
3710
3709
3708
3707
3706
3705
3705
3704
3700
3698
3696
3694
3694
3693
3693
3692
3692
3692
3689
3689
3688
3688
3687
3687
3686
3684
3682
3679
3679
3678
3676
3676
3676
3675
3675
3675
3674
3674
3674
3673
3673
3673
3672
3672
3671
3671
3670
3669
3668
3663
3663
3661
3661
3659
3659
3658
3658
3657
3657
3656
3653
3650
3645
3645
3645
3642
3642
3642
3642
3641
3640
3639
3638
3637
3637
3636
3635
3634
3632
3630
3625
3623
3621
3621
3621
3618
3617
3617
3617
3617
3616
3616
3614
3614
3613
3612
3611
3607
3606
3606
3602
3601
3600
3600
3599
3599
3598
3597
3596
3596
3596
3595
3595
3593
3592
3592
3591
3586
3585
3583
3580
3579
3578
3577
3574
3573
3572
3571
3570
3570
3568
3566
3565
3563
3562
3562
3562
3559
3557
3556
3556
3556
3554
3552
3552
3551
3551
3552
3550
3549
3548
3548
3548
3545
3544
3544
3544
3542
3542
3541
3539
3538
3538
3537
3532
3532
3530
3530
3528
3527
3526
3525
3523
3523
3522
3519
3519
3514
3514
3513
3513
3512
3510
3507
3506
3505
3505
3504
3504
3504
3504
3503
3503
3502
3499
3496
3495
3494
3494
3493
3491
3490
3488
3487
3487
3486
3485
3485
3485
3484
3483
3482
3481
3480
3480
3479
3479
3478
3477
3476
3476
3476
3476
3476
3475
3473
3473
3472
3471
3470
3470
3467
3466
3466
3463
3463
3462
3461
3460
3460
3459
3458
3457
3455
3454
3454
3454
3453
3450
3450
3449
3443
3442
3442
3440
3440
3439
3438
3437
3436
3436
3436
3436
3435
3433
3433
3431
3430
3428
3428
3428
3427
3425
3425
3423
3423
3423
3422
3420
3420
3418
3417
3417
3416
3414
3413
3413
3412
3411
3410
3409
3408
3407
3406
3405
3405
3405
3404
3403
3403
3403
3401
3401
3401
3400
3400
3397
3396
3396
3395
3394
3393
3393
3392
3392
3389
3384
3384
3383
3383
3383
3381
3380
3377
3374
3374
3373
3371
3371
3370
3370
3368
3367
3365
3364
3363
3360
3359
3358
3357
3356
3356
3355
3354
3354
3353
3353
3350
3348
3347
3346
3346
3346
3346
3344
3344
3344
3343
3342
3342
3341
3340
3340
3340
3339
3339
3339
3338
3337
3336
3335
3334
3334
3333
3331
3331
3331
3331
3329
3329
3328
3324
3323
3323
3322
3322
3319
3318
3317
3317
3316
3316
3315
3315
3315
3313
3313
3308
3307
3307
3306
3306
3305
3303
3302
3302
3301
3300
3300
3299
3299
3298
3298
3297
3296
3296
3296
3295
3295
3294
3290
3290
3290
3290
3290
3290
3289
3288
3288
3285
3282
3280
3279
3279
3277
3276
3274
3274
3273
3273
3273
3272
3272
3271
3268
3267
3267
3266
3266
3266
3265
3265
3265
3263
3262
3259
3258
3257
3256
3256
3254
3254
3254
3251
3251
3250
3250
3249
3249
3249
3246
3246
3245
3244
3244
3244
3243
3242
3241
3240
3239
3239
3239
3239
3237
3234
3234
3234
3233
3229
3227
3226
3224
3220
3220
3218
3216
3216
3214
3213
3213
3212
3211
3211
3210
3208
3208
3208
3207
3204
3204
3203
3203
3201
3198
3198
3198
3197
3196
3196
3196
3195
3194
3194
3193
3193
3193
3192
3190
3189
3189
3189
3188
3188
3188
3187
3185
3185
3184
3184
3183
3183
3182
3179
3178
3178
3178
3177
3176
3174
3174
3172
3170
3168
3167
3166
3165
3165
3164
3163
3162
3161
3160
3159
3158
3158
3157
3156
3156
3153
3152
3152
3151
3149
3148
3147
3147
3145
3144
3143
3141
3140
3139
3139
3138
3137
3137
3135
3133
3133
3133
3132
3132
3132
3131
3130
3130
3129
3129
3129
3127
3126
3125
3125
3124
3124
3123
3123
3123
3121
3118
3118
3117
3117
3115
3115
3114
3112
3112
3110
3108
3108
3107
3107
3105
3105
3104
3102
3102
3102
3101
3098
3098
3097
3095
3095
3095
3094
3092
3091
3091
3090
3089
3089
3088
3088
3085
3085
3085
3083
3083
3083
3082
3082
3082
3081
3080
3079
3078
3078
3077
3077
3075
3072
3071
3070
3070
3070
3069
3069
3069
3069
3068
3067
3066
3066
3065
3065
3064
3064
3064
3063
3063
3063
3062
3059
3059
3058
3058
3055
3054
3054
3054
3053
3053
3051
3050
3050
3050
3050
3049
3049
3048
3048
3048
3047
3047
3047
3045
3043
3042
3041
3037
3037
3034
3033
3032
3030
3029
3029
3027
3027
3026
3025
3023
3022
3022
3021
3020
3019
3018
3017
3016
3015
3015
3014
3013
3010
3009
3008
3008
3006
3005
3005
3004
3004
3003
3003
3002
