907261
756953
392724
331394
298469
279613
259827
226077
211606
191813
191764
150893
147472
136040
127840
117636
114048
111991
101230
100486
99924
94497
94492
94100
92578
90661
90004
89814
89685
87471
86642
84475
81865
73235
72848
72463
71772
71606
70976
69476
69271
65860
65766
64240
64061
60259
60252
59640
59493
58898
57274
54792
54715
54423
52260
52153
51936
50643
50109
50102
50075
49049
48421
48130
47974
47592
46444
46249
45953
45514
43744
42932
42368
41315
41083
40938
40831
40562
40483
40219
40034
39989
39638
39610
39167
38616
38312
38268
36589
36446
36283
36270
36237
35887
35294
35204
34450
33751
33051
32792
32774
32304
32207
31761
31733
31409
31130
30711
30516
29606
29404
29397
28979
28634
27559
27546
27542
27493
27483
26904
26646
26258
25897
25815
25520
25109
24788
24654
24419
24116
24074
23901
23885
23716
23693
23379
23317
23268
23079
22944
22858
22839
22763
22342
22142
22097
22084
22073
22070
21971
21817
21766
21720
21564
21485
21455
20892
20520
20506
20146
20128
20103
19847
19527
19234
19223
18849
18637
18628
18610
18342
18269
18257
18249
18097
18088
18084
18041
17923
17913
17867
17854
17725
17651
17572
17325
17224
17198
17113
17089
17032
16978
16897
16843
16752
16733
16700
16698
16665
16662
16614
16590
16524
16474
16402
16400
16232
16223
16196
16196
16146
16110
16028
16017
15990
15926
15902
15856
15855
15694
15640
15568
15567
15563
15390
15159
15140
15030
15023
14981
14928
14831
14737
14704
14676
14613
14547
14495
14477
14408
14392
14372
14296
14187
14186
14094
14033
13989
13731
13717
13710
13705
13664
13642
13546
13497
13442
13435
13391
13373
13324
13314
13273
13168
13157
13128
13077
13046
12943
12909
12906
12883
12871
12861
12740
12648
12546
12447
12442
12432
12427
12368
12291
12247
12224
12219
12186
12162
12162
12139
12136
12135
12092
12057
12019
11969
11948
11760
11652
11646
11639
11635
11615
11610
11566
11557
11530
11503
11486
11484
11440
11440
11436
11424
11405
11389
11376
11369
11342
11318
11281
11224
11157
11136
11042
11003
10966
10938
10891
10863
10847
10843
10825
10801
10798
10783
10635
10588
10570
10516
10513
10484
10426
10425
10422
10419
10412
10368
10360
10322
10319
10260
10256
10237
10217
10198
10088
10078
10072
10013
9990
9985
9976
9954
9934
9916
9887
9885
9864
9832
9827
9782
9733
9714
9666
9659
9625
9531
9514
9495
9460
9403
9397
9366
9361
9327
9300
9274
9246
9244
9241
9236
9233
9191
9183
9140
9136
9121
9113
9095
9069
9055
9047
9046
9013
8984
8952
8910
8889
8883
8875
8869
8855
8834
8824
8799
8765
8761
8756
8756
8755
8748
8738
8692
8679
8669
8654
8642
8626
8625
8624
8611
8558
8542
8537
8535
8489
8484
8482
8468
8465
8462
8461
8422
8418
8403
8403
8397
8314
8277
8203
8202
8145
8104
8100
8086
8067
8048
8035
8029
8021
8008
7916
7904
7863
7827
7813
7811
7810
7787
7709
7696
7690
7641
7619
7613
7575
7531
7522
7480
7464
7463
7462
7460
7406
7406
7401
7375
7338
7309
7275
7260
7220
7181
7177
7136
7135
7130
7103
7101
7093
7059
7049
7041
7027
7023
7048
7014
6993
6971
6969
6957
6941
6939
6877
6874
6867
6802
6786
6784
6747
6718
6707
6686
6675
6664
6649
6614
6600
6563
6557
6550
6549
6545
6528
6506
6496
6414
6408
6407
6381
6374
6354
6340
6338
6324
6316
6296
6285
6280
6272
6267
6252
6237
6237
6222
6216
6205
6215
6191
6180
6164
6173
6168
6165
6165
6164
6142
6140
6136
6126
6120
6118
6111
6107
6105
6095
6094
6090
6077
6061
6060
6059
6052
6017
5987
5975
5974
5968
5946
5929
5922
5917
5896
5880
5877
5873
5870
5858
5842
5827
5824
5805
5803
5800
5780
5777
5777
5768
5758
5752
5707
5705
5696
5693
5675
5673
5673
5665
5661
5659
5642
5621
5618
5613
5612
5611
5599
5599
5598
5584
5565
5551
5531
5529
5526
5523
5513
5507
5502
5493
5486
5374
5464
5458
5433
5430
5430
5428
5412
5385
5382
5372
5372
5370
5350
5348
5336
5327
5320
5318
5315
5314
5313
5313
5312
5311
5309
5305
5297
5286
5267
5263
5258
5236
5234
5233
5230
5230
5226
5220
5219
5216
5216
5206
5169
5159
5157
5145
5143
5142
5133
5122
5105
5091
5085
5082
5079
5073
5061
5058
5048
5030
5014
5013
4998
4988
4985
4985
4972
4953
4952
4945
4936
4931
4922
4916
4907
4901
4900
4893
4884
4868
4864
4863
4861
4859
4855
4854
4844
4837
4826
4815
4812
4809
4808
4806
4800
4789
4776
4774
4771
4770
4769
4755
4744
4731
4725
4717
4699
4697
4694
4691
4691
4678
4678
4664
4662
4627
4621
4595
4586
4585
4582
4575
4563
4559
4557
4527
4513
4507
4492
4490
4480
4478
4478
4474
4472
4460
4457
4455
4454
4453
4452
4446
4440
4438
4434
4430
4427
4414
4393
4387
4385
4381
4376
4376
4372
4367
4366
4363
4363
4360
4354
4336
4332
4327
4326
4310
4299
4297
4296
4267
4261
4247
4246
4242
4241
4234
4229
4224
4223
4219
4212
4208
4207
4203
4199
4197
4193
4191
4186
4176
4176
4165
4163
4154
4152
4150
4148
4145
4142
4137
4129
4129
4128
4122
4122
4112
4108
4100
4099
4092
4088
4082
4080
4066
4062
4061
4058
4057
4056
4053
4035
4029
4023
4020
4016
4011
4009
3998
3997
3992
3986
3977
3977
3976
3975
3969
3966
3957
3923
3922
3922
3920
3918
3915
3913
3912
3908
3906
3903
3900
3897
3890
3885
3885
3881
3876
3874
3871
3871
3864
3862
3858
3856
3855
3847
3847
3835
3830
3823
3800
3798
3793
3790
3790
3785
3784
3783
3774
3769
3757
3756
3748
3747
3740
3739
3732
3726
3722
3706
3704
3702
3702
3700
3690
3684
3672
3662
3659
3658
3655
3647
3645
3643
3638
3629
3619
3617
3614
3613
3594
3586
3581
3578
3566
3559
3558
3557
3556
3551
3550
3548
3545
3542
3539
3535
3532
3529
3529
3525
3520
3513
3510
3501
3500
3498
3497
3492
3492
3491
3486
3483
3483
3474
3472
3472
3471
3470
3461
3455
3453
3448
3444
3440
3439
3436
3434
3424
3421
3404
3402
3400
3392
3382
3381
3381
3375
3370
3369
3367
3361
3361
3358
3357
3348
3336
3333
3332
3327
3326
3326
3324
3320
3317
3316
3310
3309
3301
3295
3283
3283
3275
3274
3272
3270
3269
3263
3261
3260
3259
3258
3259
3257
3251
3242
3235
3233
3231
3207
3206
3197
3194
3190
3179
3175
3175
3159
3143
3141
3137
3131
3129
3129
3127
3125
3123
3121
3120
3116
3115
3112
3101
3099
3098
3095
3093
3090
3089
3088
3086
3083
3082
3076
3074
3072
3063
3054
3050
3048
3047
3043
3036
3028
3027
3026
3025
3024
3019
3018
3018
3018
3010
3009
3007
3002
