506876
422335
403951
330295
318937
312504
309447
307920
299689
289641
249113
245752
245735
226658
223542
223168
220104
213822
212696
205458
196827
194581
188226
186973
185173
184393
181403
175789
172577
169167
167058
164148
161339
159346
155960
153915
153281
150499
146538
144878
140460
140316
136436
134548
134191
133289
133017
132526
131733
127088
126063
121806
121320
121272
120458
120400
117874
117262
116029
114411
114334
114019
114003
112888
109895
109609
108687
107574
107571
107363
107226
106615
106518
106486
104368
104157
104117
103993
103568
101992
101977
101213
100474
100144
99647
98050
97097
96722
95475
94653
94250
93998
93933
93148
91833
91556
90391
88798
88189
87545
87412
87238
86710
85904
85535
84917
83981
83764
83681
83495
82956
80987
80955
80592
80391
80274
80215
79729
79446
79193
78119
78023
77710
76215
75807
74454
74414
73841
73419
72782
72781
72757
72131
71802
71634
71509
71222
71160
70782
70344
70058
70004
69935
69897
69096
69071
68568
68524
68486
68085
67980
67643
67375
67026
66879
66680
66281
65925
65771
65665
65317
65193
65163
65130
65046
64780
64209
64152
64109
63749
63711
63021
63039
62880
62556
62361
62137
62064
61679
61653
61331
61056
60627
60133
59994
59602
59308
58990
58904
58597
58500
58364
57898
57765
57541
57404
56467
56277
56232
55845
55677
55365
54577
54281
53563
53140
53012
52995
52949
52925
52874
52344
52108
52031
52012
51843
51827
51744
51462
51458
51424
51193
50940
50725
50584
50531
50490
50372
50209
50207
50199
49995
49974
49944
49931
49891
49886
49835
49681
49628
49613
49567
49528
49326
48948
48940
48871
48206
48101
47990
47964
47864
47651
47628
47394
47354
47225
47070
46686
46190
46165
45791
45577
45163
45034
44988
44895
44762
44748
44748
44435
44297
44122
44061
43952
43891
43466
43439
43224
43123
43104
43074
43030
42871
42727
42691
42590
42562
42529
42482
42449
42435
42386
42347
42132
42057
41811
41766
41705
41687
41633
41533
41268
41023
40993
40848
40790
40639
40411
40337
40066
40061
39925
39823
39795
39675
39623
39344
38991
38966
38923
38846
38749
38707
38654
38614
38597
38511
38320
38303
38219
38084
38068
37897
37896
37882
37817
37675
37617
37262
37260
37256
37212
37047
36854
36847
36809
36357
36290
36285
36209
36154
36054
35644
35292
35245
35091
35031
35021
34890
34859
34847
34765
34560
34553
34529
34495
34493
34283
34222
34207
34163
34142
34085
34036
33997
33809
33744
33711
33595
33541
33530
33439
33418
33382
33196
33073
32968
32801
32761
32508
32070
32046
31919
31768
31762
31679
31629
31587
31501
31469
31418
31360
31353
31157
31056
30980
30903
30899
30892
30742
30666
30503
30430
30394
30323
30320
30145
30050
29834
29799
29740
29676
29655
29644
29526
29335
29268
29200
29070
29017
28975
28593
28535
28465
28453
28396
28298
28293
28281
28162
28047
27962
27885
27832
27786
27780
27778
27764
27711
27706
27675
27515
27469
27417
27290
27289
27104
27086
27046
26994
26958
26807
26760
26759
26543
26495
26476
26430
26411
26370
26277
26266
26225
26218
25891
25859
25841
25781
25768
25627
25603
25558
25543
25519
25477
25458
25401
25389
25378
25191
25169
25078
25068
25030
24980
24881
24778
24761
24687
24640
24631
24559
24529
24483
24310
24284
24103
24095
24051
24037
23977
23820
23787
23761
23727
23637
23635
23616
23486
23407
23385
23312
23305
23281
23251
23193
23126
23106
23048
22980
22942
22930
22919
22859
22781
22624
22538
22442
22388
22222
22198
22148
22134
21933
21909
21897
21880
21858
21784
21674
21655
21634
21578
21433
21408
21401
21325
21280
21263
21193
21060
20979
20886
20856
20781
20751
20708
20707
20691
20644
20560
20525
20438
20387
20344
20328
20312
20176
20172
20170
20089
20023
20009
19881
19874
19848
19804
19804
19756
19722
19657
19647
19575
19552
19533
19518
19467
19391
19377
19291
19236
19227
19185
19149
19144
19100
19098
19066
19055
19044
19006
18982
18944
18909
18890
18783
18773
18745
18738
18636
18633
18610
18597
18477
18464
18463
18419
18350
18305
18237
18221
18166
18132
18116
18062
18062
18051
18028
18010
18010
17996
17987
17983
17931
17908
17901
17879
17829
17813
17784
17775
17730
17730
17655
17645
17617
17607
17517
17455
17448
17429
17425
17393
17338
17321
17299
17265
17116
17106
17000
16992
16913
16900
16778
16750
16692
16664
16661
16652
16618
16616
16568
16536
16485
16472
16432
16333
16272
16253
16244
16246
16159
16064
16022
16013
15979
15978
15938
15908
15893
15868
15868
15863
15860
15845
15736
15701
15649
15626
15611
15588
15569
15558
15505
15442
15436
15360
15292
15275
15272
15271
15224
15215
15212
15207
15179
15168
15127
15085
15081
15061
15057
15035
15032
15010
14970
14959
14927
14917
14896
14855
14839
14808
14751
14725
14718
14716
14713
14684
14642
14619
14617
14616
14615
14609
14556
14540
14511
14391
14324
14317
14306
14302
14295
14281
14277
14251
14246
14241
14215
14209
14201
14199
14191
14174
14080
14074
14049
14034
14008
14001
13990
13985
13970
13945
13885
13855
13854
13846
13845
13833
13805
13790
13762
13762
13730
13706
13687
13665
13661
13646
13641
13625
13488
13472
13463
13374
13331
13330
13329
13328
13325
13323
13325
13316
13278
13274
13244
13238
13228
13228
13227
13210
13199
13186
13179
13140
13131
13115
13106
13009
12989
12987
12970
12958
12914
12891
12868
12842
12818
12807
12784
12756
12711
12707
12690
12668
12665
12636
12609
12604
12603
12600
12577
12577
12569
12556
12545
12522
12514
12480
12469
12434
12425
12413
12407
12396
12370
12370
12363
12361
12328
12315
12308
12284
12274
12250
12233
12216
12185
12185
12171
12165
12159
12143
12107
12089
12056
12060
12041
12025
12023
12006
11987
11984
11978
11965
11960
11941
11920
11907
11900
11869
11857
11852
11840
11833
11809
11796
11770
11758
11748
11728
11719
11705
11703
11657
11656
11647
11636
11636
11622
11604
11586
11585
11567
11566
11506
11506
11501
11499
11498
11491
11489
11488
11476
11471
11465
11442
11432
11351
11347
11339
11325
11301
11284
11282
11274
11273
11270
11266
11228
11213
11208
11201
11197
11195
11185
11154
11145
11137
11116
11094
11091
11087
11063
11043
11037
11029
10991
10979
10974
10883
10882
10872
10867
10859
10854
10816
10791
10789
10782
10771
10769
10764
10745
10738
10721
10706
10694
10672
10669
10652
10607
10565
10554
10544
10540
10529
10402
10512
10511
10508
10489
10482
10482
10457
10456
10446
10439
10426
10401
10400
10389
10378
10374
10353
10350
10336
10328
10321
10309
10298
10247
10238
10223
10222
10212
10207
10207
10204
10184
10181
10167
10142
10135
10114
10101
10092
10090
10087
10082
10026
9984
9973
9967
9965
9943
9941
9936
9932
9923
9906
9904
9887
9885
9882
9882
9877
9875
9874
9873
9871
9869
9862
9845
9835
9835
9830
9805
9782
9759
9743
9731
9719
9706
9701
9697
9696
9678
9665
9643
9628
9618
9614
9607
9603
9595
9593
9588
9582
9571
9565
9560
9550
9546
9546
9526
9511
9509
9501
9494
9466
9463
9446
9442
9441
9436
9326
9318
9315
9315
9315
9281
9268
9263
9257
9250
9240
9220
9218
9218
9203
9199
9197
9188
9179
9157
9135
9126
9112
9095
9090
9064
9063
9059
9057
9055
9051
9049
9046
9044
9029
9012
8991
8969
8949
8943
8942
8912
8912
8910
8901
8891
8873
8810
8803
8792
8789
8789
8789
8778
8768
8767
8762
8759
8757
8723
8720
8718
8716
8710
8701
8698
8694
8684
8676
8667
8665
8663
8648
8640
8630
8630
8628
8627
8621
8620
8612
8610
8596
8595
8594
8579
8576
8563
8561
8549
8546
8543
8532
8516
8512
8503
8503
8502
8489
8480
8462
8457
8449
8440
8429
8429
8422
8412
8405
8402
8393
8383
8377
8372
8367
8342
8337
8314
8309
8295
8293
8283
8282
8272
8268
8264
8263
8254
8253
8252
8250
8239
8235
8224
8213
8206
8181
8180
8178
8167
8160
8157
8155
8150
8143
8141
8139
8138
8143
8136
8119
8098
8094
8094
8082
8079
8059
8051
8047
8047
8043
8009
8004
8000
7995
7990
7983
7949
7941
7939
7939
7939
7933
7912
7912
7905
7902
7900
7900
7887
7877
7877
7874
7867
7867
7865
7858
7856
7836
7834
7825
7821
7815
7797
7792
7770
7769
7758
7756
7754
7753
7747
7745
7743
7741
7737
7736
7736
7729
7725
7728
7716
7689
7682
7682
7677
7664
7664
7660
7646
7631
7631
7631
7630
7616
7616
7610
7608
7595
7591
7584
7564
7558
7558
7547
7546
7512
7499
7498
7480
7473
7468
7464
7454
7450
7432
7431
7429
7429
7428
7423
7414
7411
7404
7391
7385
7384
7375
7355
7339
7338
7330
7329
7325
7323
7308
7304
7292
7287
7285
7283
7244
7226
7226
7225
7206
7206
7206
7197
7192
7189
7185
7184
7173
7171
7170
7165
7161
7160
7158
7158
7152
7136
7133
7132
7127
7126
7126
7123
7121
7121
7108
7102
7072
7056
7044
7040
7038
7030
7024
7017
7016
7015
7014
7012
7011
7003
6997
6982
6981
6976
6973
6963
6952
6951
6950
6937
6933
6922
6914
6910
6893
6889
6887
6885
6885
6881
6879
6879
6878
6878
6876
6873
6873
6872
6868
6864
6857
6841
6840
6834
6832
6830
6796
6794
6791
6779
6778
6777
6774
6772
6772
6765
6760
6758
6747
6737
6739
6736
6728
6722
6721
6718
6717
6717
6685
6680
6678
6674
6674
6671
6648
6648
6634
6631
6631
6629
6626
6626
6619
6619
6612
6602
6592
6591
6585
6585
6580
6573
6566
6564
6562
6562
6552
6548
6547
6540
6539
6527
6525
6521
6505
6503
6502
6501
6495
6493
6493
6492
6490
6482
6473
6470
6466
6459
6458
6456
6435
6434
6423
6411
6411
6407
6394
6392
6389
6377
6372
6361
6359
6356
6352
6352
6348
6346
6343
6339
6338
6334
6329
6318
6316
6316
6315
6303
6300
6296
6294
6291
6288
6281
6269
6260
6259
6252
6247
6246
6245
6244
6235
6229
6225
6224
6211
6193
6183
6183
6182
6170
6164
6157
6150
6149
6145
6142
6129
6125
6125
6125
6124
6123
6121
6121
6116
6114
6103
6098
6095
6094
6083
6083
6082
6076
6075
6074
6072
6065
6062
6055
6049
6048
6047
6043
6042
6040
6037
6034
6034
6029
6021
6013
6013
6003
6000
5999
5995
5993
5986
5986
5985
5982
5977
5971
5968
5963
5960
5955
5934
5934
5933
5928
5924
5924
5913
5907
5898
5894
5891
5878
5877
5876
5869
5856
5856
5856
5851
5846
5843
5839
5832
5827
5818
5818
5815
5815
5798
5797
5795
5792
5791
5788
5788
5786
5779
5778
5777
5776
5775
5765
5764
5764
5762
5760
5759
5749
5747
5743
5741
5740
5736
5734
5725
5725
5722
5721
5721
5715
5713
5713
5706
5705
5703
5697
5696
5693
5692
5666
5661
5658
5655
5654
5654
5650
5649
5649
5647
5647
5643
5641
5640
5640
5636
5631
5630
5626
5623
5618
5612
5611
5596
5592
5592
5586
5584
5582
5581
5579
5578
5572
5565
5555
5546
5545
5544
5543
5542
5540
5539
5537
5532
5532
5528
5528
5524
5523
5522
5520
5520
5520
5518
5517
5506
5502
5501
5491
5486
5482
5481
5477
5471
5470
5469
5461
5454
5454
5454
5453
5451
5448
5448
5443
5439
5436
5435
5429
5424
5421
5421
5419
5418
5416
5412
5411
5405
5402
5402
5397
5396
5390
5390
5387
5378
5377
5374
5370
5364
5358
5356
5354
5353
5349
5346
5340
5340
5338
5321
5320
5312
5308
5303
5302
5302
5298
5296
5295
5291
5291
5291
5290
5289
5287
5286
5282
5281
5281
5280
5273
5265
5263
5258
5258
5257
5253
5251
5250
5246
5240
5236
5230
5228
5227
5226
5225
5222
5220
5217
5217
5215
5212
5211
5207
5205
5201
5201
5201
5197
5197
5197
5197
5195
5193
5189
5187
5186
5181
5179
5176
5174
5172
5160
5152
5151
5144
5141
5139
5138
5137
5134
5129
5127
5124
5124
5123
5120
5119
5118
5117
5114
5107
5105
5102
5102
5100
5097
5096
5089
5086
5083
5071
5067
5058
5057
5057
5057
5054
5054
5053
5048
5044
5042
5041
5040
5040
5034
5033
5021
5016
5007
5006
5006
5006
5005
5000
4993
4990
4988
4986
4976
4970
4968
4967
4967
4962
4961
4959
4953
4952
4952
4951
4950
4950
4950
4948
4947
4946
4945
4940
4938
4935
4934
4931
4928
4927
4927
4925
4925
4922
4919
4917
4913
4912
4911
4907
4906
4905
4904
4903
4897
4897
4895
4895
4895
4891
4885
4885
4865
4860
4859
4859
4857
4852
4851
4849
4846
4843
4838
4835
4830
4830
4829
4829
4828
4826
4824
4815
4813
4795
4792
4788
4787
4784
4779
4778
4778
4770
4769
4767
4766
4766
4766
4766
4765
4763
4762
4762
4759
4758
4750
4748
4747
4745
4745
4742
4738
4736
4735
4734
4724
4722
4716
4715
4715
4713
4711
4710
4710
4707
4705
4703
4702
4702
4701
4700
4698
4698
4697
4696
4696
4696
4693
4692
4692
4691
4689
4688
4688
4687
4685
4681
4679
4678
4675
4673
4672
4669
4663
4661
4659
4654
4649
4647
4646
4644
4641
4637
4626
4624
4624
4620
4619
4617
4616
4615
4610
4607
4605
4604
4601
4600
4598
4596
4595
4592
4591
4591
4590
4589
4585
4576
4572
4570
4568
4565
4562
4561
4560
4559
4553
4550
4550
4549
4547
4547
4547
4546
4542
4541
4539
4535
4531
4527
4527
4525
4523
4523
4522
4522
4517
4502
4494
4493
4489
4484
4473
4471
4471
4470
4470
4464
4459
4458
4452
4452
4448
4448
4446
4443
4437
4435
4435
4434
4428
4426
4424
4424
4422
4422
4420
4419
4418
4417
4417
4414
4413
4410
4407
4405
4405
4401
4393
4392
4390
4389
4388
4387
4385
4385
4382
4381
4379
4378
4377
4377
4376
4370
4369
4364
4363
4362
4362
4359
4355
4353
4351
4348
4347
4347
4346
4343
4343
4341
4341
4336
4336
4334
4327
4322
4322
4321
4321
4320
4319
4318
4317
4317
4317
4316
4316
4315
4315
4315
4311
4311
4310
4309
4306
4306
4303
4301
4301
4300
4298
4297
4297
4294
4293
4292
4291
4290
4289
4287
4284
4274
4272
4269
4267
4265
4264
4261
4260
4260
4253
4252
4252
4249
4249
4247
4242
4242
4240
4239
4239
4236
4234
4234
4232
4231
4231
4227
4227
4224
4224
4220
4220
4219
4217
4216
4214
4213
4211
4206
4204
4203
4203
4202
4201
4200
4196
4195
4195
4194
4188
4188
4188
4187
4187
4186
4186
4181
4181
4174
4172
4171
4170
4165
4159
4152
4152
4151
4148
4147
4139
4137
4134
4133
4133
4131
4130
4128
4128
4127
4125
4125
4122
4122
4122
4121
4121
4115
4111
4111
4110
4103
4101
4100
4097
4097
4093
4087
4087
4086
4083
4082
4082
4079
4077
4073
4072
4072
4069
4068
4068
4068
4067
4064
4062
4060
4060
4058
4058
4054
4053
4049
4048
4043
4041
4040
4039
4035
4035
4031
4027
4027
4026
4025
4018
4016
4012
4010
4009
4009
4006
4004
4002
4002
3999
3999
3998
3997
3997
3997
3997
3997
3996
3996
3995
3994
3994
3993
3992
3991
3990
3984
3979
3976
3976
3975
3972
3972
3971
3967
3965
3964
3964
3963
3961
3956
3956
3955
3952
3952
3951
3948
3948
3946
3945
3942
3942
3942
3940
3938
3938
3933
3932
3924
3922
3921
3917
3920
3915
3915
3913
3913
3909
3904
3904
3903
3903
3903
3902
3900
3897
3896
3895
3893
3891
3890
3889
3888
3887
3886
3886
3884
3882
3881
3881
3880
3877
3877
3877
3874
3873
3873
3871
3871
3871
3870
3870
3867
3866
3864
3863
3863
3859
3859
3857
3856
3849
3847
3845
3845
3841
3840
3833
3833
3832
3829
3828
3828
3827
3820
3819
3818
3816
3816
3814
3814
3814
3810
3805
3800
3800
3799
3797
3795
3794
3794
3793
3788
3787
3787
3786
3785
3782
3780
3779
3779
3778
3777
3776
3775
3774
3772
3767
3764
3764
3763
3763
3762
3761
3760
3759
3755
3747
3747
3747
3744
3744
3744
3743
3741
3741
3740
3739
3739
3737
3735
3734
3733
3733
3729
3729
3728
3728
3727
3727
3725
3725
3724
3724
3723
3722
3722
3721
3720
3720
3720
3720
3719
3717
3717
3716
3715
3714
3713
3712
3709
3708
3706
3706
3704
3704
3700
3699
3697
3697
3696
3696
3693
3692
3691
3690
3687
3686
3681
3681
3680
3680
3678
3676
3676
3675
3678
3675
3675
3674
3673
3673
3671
3671
3669
3668
3668
3667
3667
3665
3664
3659
3656
3655
3653
3653
3653
3652
3651
3651
3651
3650
3648
3647
3647
3645
3642
3642
3641
3638
3637
3637
3637
3637
3636
3636
3635
3635
3634
3633
3632
3632
3631
3631
3630
3628
3628
3624
3622
3621
3621
3617
3615
3614
3613
3613
3611
3610
3610
3609
3609
3608
3608
3607
3598
3596
3593
3593
3591
3589
3588
3588
3587
3587
3584
3582
3581
3579
3579
3579
3577
3576
3575
3574
3574
3572
3571
3570
3569
3566
3564
3564
3563
3563
3562
3562
3560
3559
3556
3555
3553
3552
3552
3549
3548
3548
3547
3546
3545
3544
3544
3544
3544
3542
3541
3539
3539
3538
3537
3536
3535
3535
3534
3533
3533
3533
3531
3531
3528
3528
3524
3524
3519
3519
3518
3516
3515
3513
3512
3511
3511
3509
3507
3506
3504
3503
3502
3501
3500
3500
3499
3499
3499
3498
3498
3498
3497
3497
3495
3495
3495
3494
3492
3492
3492
3490
3489
3488
3487
3487
3486
3486
3484
3484
3484
3483
3481
3480
3479
3478
3477
3476
3476
3473
3473
3471
3470
3469
3467
3466
3464
3463
3462
3462
3460
3459
3458
3457
3457
3454
3454
3454
3454
3453
3453
3451
3449
3448
3447
3447
3445
3444
3444
3443
3442
3442
3442
3440
3440
3439
3439
3439
3439
3438
3437
3432
3432
3431
3428
3428
3428
3427
3427
3427
3425
3424
3424
3423
3420
3419
3418
3418
3417
3417
3416
3416
3416
3408
3408
3405
3404
3404
3403
3403
3403
3402
3402
3401
3401
3399
3398
3397
3395
3394
3393
3393
3392
3391
3390
3389
3388
3388
3387
3387
3385
3385
3384
3384
3381
3381
3381
3380
3379
3379
3377
3376
3375
3375
3374
3374
3373
3372
3372
3371
3370
3369
3368
3368
3367
3367
3367
3366
3365
3364
3361
3360
3360
3359
3359
3359
3358
3358
3356
3356
3355
3355
3350
3349
3348
3348
3345
3344
3344
3344
3342
3340
3339
3338
3336
3335
3335
3335
3334
3333
3332
3331
3329
3328
3327
3327
3326
3326
3322
3322
3322
3319
3319
3319
3318
3317
3315
3314
3314
3312
3311
3310
3308
3302
3301
3300
3298
3297
3297
3296
3293
3293
3293
3292
3287
3286
3286
3286
3286
3285
3285
3285
3284
3284
3283
3283
3282
3281
3280
3280
3279
3279
3279
3278
3278
3277
3276
3275
3273
3273
3271
3271
3270
3270
3270
3270
3269
3269
3269
3267
3267
3266
3266
3266
3265
3265
3265
3264
3263
3263
3263
3262
3260
3260
3259
3259
3259
3259
3257
3255
3253
3252
3252
3252
3252
3251
3247
3245
3245
3244
3244
3244
3243
3243
3239
3237
3236
3236
3235
3235
3233
3233
3232
3232
3232
3231
3231
3230
3229
3229
3229
3227
3226
3226
3222
3221
3220
3218
3216
3213
3213
3212
3212
3210
3207
3207
3207
3206
3206
3204
3203
3201
3200
3200
3200
3199
3197
3197
3196
3195
3195
3195
3194
3191
3189
3186
3186
3184
3184
3184
3182
3181
3180
3178
3177
3176
3176
3175
3175
3174
3173
3172
3172
3169
3168
3168
3170
3163
3162
3162
3161
3159
3159
3158
3156
3156
3156
3155
3160
3154
3154
3152
3152
3151
3150
3147
3145
3145
3143
3142
3140
3140
3140
3139
3136
3136
3135
3135
3135
3133
3133
3132
3131
3129
3128
3127
3127
3125
3125
3122
3122
3122
3122
3122
3118
3115
3114
3114
3111
3111
3110
3109
3108
3108
3107
3107
3106
3105
3102
3099
3095
3094
3094
3092
3092
3092
3090
3087
3081
3080
3078
3078
3077
3077
3077
3076
3076
3076
3075
3075
3074
3072
3072
3072
3071
3070
3070
3069
3069
3068
3068
3067
3067
3066
3066
3065
3065
3064
3064
3064
3063
3063
3062
3061
3060
3060
3059
3058
3057
3056
3056
3055
3052
3050
3050
3050
3049
3049
3048
3047
3046
3045
3040
3038
3038
3037
3037
3037
3036
3036
3035
3035
3034
3034
3034
3034
3032
3032
3031
3030
3028
3028
3027
3026
3024
3024
3024
3023
3023
3020
3019
3017
3016
3016
3014
3014
3009
3009
3008
3007
3006
3006
3005
3004
3004
3004
3003
3003
3003
3003
3003
3002
3001
3001
3001
3001
