222243
194486
160079
145997
124585
120326
116956
109257
103527
102522
101406
97719
94650
93026
88088
82364
81036
77445
76320
75920
73233
72964
70769
70668
70563
68136
67985
65540
64579
64269
63327
63207
61729
61290
60635
59984
59946
58771
58030
57968
57605
56604
55680
55264
54700
54567
54405
51635
51623
51518
51267
51013
50840
50111
49282
49212
49107
48150
48088
47819
46877
46626
46185
45941
45386
45069
44521
44205
43996
43832
43787
43338
43220
42794
42529
42000
41946
41888
41584
41488
41261
40962
40497
39879
39855
39714
39640
39434
39334
39245
39025
38999
38737
38635
37929
37918
37884
37436
37376
37331
37243
37194
36942
36701
36260
36229
36223
36197
36147
36112
35947
35899
35898
35728
35004
34519
34488
34297
34186
33895
33652
33601
33457
33302
33279
33203
33024
33002
32969
32630
32578
32456
32275
32210
32125
32029
31915
31830
31823
31804
31777
31709
31694
31570
31296
31264
31181
31166
31157
31041
30938
30860
30831
30791
30695
30563
30470
30414
30346
30324
30263
30185
30054
29974
29401
29306
29213
29105
29010
28931
28917
28700
28121
28119
27963
27906
27876
27818
27738
27704
27694
27693
27446
27434
27281
27026
26962
26898
26838
26779
26767
26624
26582
26566
26555
26503
26446
26444
26400
26382
26311
26271
26266
26147
26089
25991
25931
25918
25889
25777
25771
25765
25587
25459
25379
25313
25186
25075
25025
24927
24884
24708
24598
24507
24450
24362
24307
24247
24231
24078
23968
23781
23665
23592
23578
23574
23530
23453
23350
23275
23249
23248
23129
23055
23034
23026
22967
22942
22894
22847
22632
22628
22577
22455
22447
22368
22301
22300
22272
22217
22161
22129
22068
22046
22033
22016
21826
21800
21794
21774
21768
21711
21683
21661
21657
21629
21558
21552
21429
21400
21397
21382
21378
21338
21329
21316
21230
21186
20988
20942
20918
20879
20815
20734
20724
20697
20672
20624
20554
20516
20492
20472
20446
20375
20375
20367
20365
20351
20318
20308
20272
20241
20222
20203
20181
20145
20126
20095
20068
20052
19992
19980
19858
19835
19818
19795
19787
19766
19742
19721
19687
19648
19620
19610
19579
19529
19490
19480
19442
19422
19401
19389
19271
19248
19245
19242
19245
19192
19176
19144
19144
19086
19066
19057
19023
19011
19002
18948
18946
18858
18781
18770
18766
18765
18653
18644
18576
18506
18500
18490
18439
18439
18437
18418
18407
18404
18369
18344
18341
18324
18318
18292
18262
18258
18254
18245
18195
18120
18118
18019
17910
17876
17851
17848
17823
17794
17775
17694
17666
17666
17613
17547
17528
17521
17518
17501
17444
17430
17417
17410
17378
17364
17343
17329
17322
17265
17265
17234
17205
17167
17160
17156
17145
17123
17086
17064
17045
17026
17008
16999
16961
16952
16932
16894
16882
16851
16805
16799
16789
16771
16751
16718
16699
16698
16694
16690
16633
16628
16575
16551
16495
16429
16423
16392
16367
16356
16351
16334
16316
16307
16277
16249
16235
16192
16186
16178
16172
16122
16085
16070
16012
16006
15949
15900
15895
15872
15862
15837
15786
15698
15689
15684
15670
15657
15649
15639
15605
15599
15512
15437
15421
15418
15403
15402
15386
15373
15353
15325
15286
15282
15275
15266
15263
15248
15217
15189
15145
15136
15116
15102
15098
15054
15048
14974
14956
14953
14948
14913
14911
14899
14880
14863
14853
14851
14834
14797
14783
14772
14729
14725
14654
14627
14604
14601
14600
14558
14532
14525
14517
14494
14489
14477
14471
14464
14451
14444
14442
14440
14430
14404
14395
14354
14339
14336
14329
14303
14299
14289
14285
14281
14247
14231
14218
14183
14152
14140
14140
14135
14107
14097
14088
14085
14069
14059
14012
14011
14009
14006
14001
13996
13983
13968
13961
13960
13939
13932
13912
13876
13865
13844
13800
13783
13775
13761
13738
13710
13704
13701
13696
13657
13649
13643
13627
13610
13601
13567
13546
13533
13520
13489
13483
13473
13453
13444
13437
13434
13420
13404
13396
13374
13365
13335
13320
13305
13300
13292
13285
13279
13276
13269
13247
13245
13216
13213
13180
13177
13172
13172
13168
13146
13135
13132
13129
13119
13116
13113
13102
13075
13075
13064
13059
13051
13044
13039
13031
13023
13012
12988
12967
12947
12938
12922
12919
12916
12903
12887
12883
12872
12864
12863
12862
12856
12848
12827
12795
12792
12786
12752
12734
12733
12722
12716
12712
12697
12689
12683
12679
12677
12663
12659
12642
12634
12618
12614
12603
12600
12596
12582
12576
12539
12504
12494
12481
12460
12451
12448
12416
12398
12381
12381
12346
12338
12325
12323
12316
12314
12294
12290
12278
12260
12234
12224
12221
12218
12191
12191
12185
12183
12180
12160
12152
12116
12103
12093
12089
12073
12062
12048
12023
12020
12011
12003
11992
11977
11957
11929
11921
11918
11907
11877
11873
11864
11854
11854
11854
11853
11842
11842
11840
11811
11800
11800
11790
11797
11788
11782
11774
11768
11765
11752
11748
11740
11735
11715
11709
11705
11704
11691
11690
11689
11682
11662
11656
11647
11642
11633
11629
11627
11615
11612
11610
11590
11589
11588
11573
11568
11552
11537
11535
11530
11499
11495
11542
11488
11482
11451
11449
11440
11426
11422
11404
11387
11359
11356
11351
11348
11330
11319
11317
11296
11284
11281
11271
11268
11265
11258
11258
11255
11250
11244
11243
11236
11221
11200
11200
11195
11195
11189
11185
11182
11162
11147
11144
11139
11115
11112
11111
11104
11098
11081
11076
11070
11068
11061
11058
11051
11031
11029
11002
10995
10987
10977
10974
10942
10930
10921
10914
10908
10907
10907
10906
10888
10882
10879
10878
10871
10871
10851
10842
10826
10814
10814
10810
10799
10791
10778
10768
10757
10741
10726
10724
10718
10717
10707
10695
10683
10674
10671
10669
10664
10664
10662
10655
10645
10643
10639
10637
10619
10611
10607
10604
10603
10603
10600
10599
10592
10587
10585
10554
10553
10540
10537
10535
10520
10518
10511
10511
10507
10503
10501
10498
10498
10494
10478
10471
10452
10439
10428
10395
10392
10379
10374
10370
10362
10359
10356
10344
10336
10332
10332
10331
10328
10326
10322
10317
10307
10296
10290
10281
10268
10267
10264
10258
10249
10231
10227
10223
10212
10211
10211
10203
10200
10183
10182
10171
10165
10134
10134
10132
10122
10122
10122
10110
10107
10082
10061
10060
10059
10059
10044
10042
10035
10029
10026
10024
10022
10013
10009
9998
9996
9985
9984
9977
9976
9971
9969
9969
9967
9965
9963
9956
9954
9947
9946
9935
9930
9918
9908
9898
9887
9879
9871
9871
9862
9861
9849
9840
9821
9818
9817
9811
9800
9798
9790
9782
9775
9771
9766
9764
9764
9757
9757
9755
9749
9747
9742
9742
9732
9726
9725
9709
9707
9704
9675
9663
9662
9659
9656
9649
9645
9635
9618
9616
9578
9555
9553
9550
9543
9536
9535
9528
9523
9522
9521
9518
9501
9491
9488
9483
9466
9440
9439
9408
9407
9406
9400
9397
9393
9391
9385
9375
9365
9353
9353
9349
9348
9330
9318
9311
9311
9310
9309
9301
9300
9295
9293
9288
9287
9264
9260
9254
9254
9251
9250
9239
9236
9235
9234
9233
9232
9225
9225
9224
9207
9193
9189
9183
9182
9180
9178
9169
9167
9164
9157
9153
9160
9141
9121
9121
9120
9116
9115
9107
9104
9088
9087
9078
9075
9072
9066
9063
9060
9057
9056
9050
9040
9030
9028
9026
9013
9012
9008
9003
9003
8994
8992
8984
8979
8963
8963
8960
8957
8949
8947
8920
8943
8940
8937
8927
8917
8913
8912
8899
8894
8884
8870
8862
8859
8858
8852
8852
8848
8844
8843
8832
8830
8830
8830
8829
8824
8816
8814
8814
8807
8799
8792
8792
8786
8782
8782
8774
8755
8749
8743
8742
8739
8738
8737
8737
8735
8719
8714
8713
8706
8703
8700
8692
8684
8683
8680
8677
8671
8662
8662
8660
8656
8655
8648
8643
8642
8639
8635
8634
8633
8633
8625
8625
8619
8606
8602
8599
8598
8583
8580
8576
8575
8574
8573
8570
8533
8561
8560
8555
8549
8541
8540
8539
8533
8522
8522
8518
8516
8512
8509
8498
8497
8495
8495
8493
8479
8472
8457
8456
8455
8455
8452
8451
8450
8449
8448
8443
8443
8437
8437
8434
8430
8429
8426
8415
8414
8409
8406
8406
8404
8402
8398
8396
8394
8393
8393
8390
8389
8389
8387
8386
8386
8383
8373
8373
8372
8370
8369
8364
8359
8357
8339
8333
8326
8326
8324
8317
8313
8305
8298
8297
8297
8295
8293
8277
8274
8273
8263
8251
8248
8240
8238
8234
8229
8221
8214
8207
8205
8201
8200
8195
8192
8190
8188
8188
8187
8181
8180
8178
8177
8175
8169
8160
8160
8159
8157
8155
8148
8145
8143
8137
8136
8133
8131
8127
8114
8103
8101
8100
8097
8090
8076
8071
8070
8067
8065
8061
8056
8055
8051
8049
8048
8045
8033
8031
8027
8026
8021
8015
8013
8012
8011
7989
7971
7965
7963
7960
7955
7950
7946
7945
7942
7937
7934
7925
7920
7919
7917
7915
7915
7911
7909
7908
7904
7904
7901
7897
7890
7889
7886
7883
7882
7882
7881
7876
7876
7876
7870
7866
7865
7864
7861
7858
7858
7854
7852
7845
7840
7827
7825
7824
7816
7808
7807
7799
7798
7795
7794
7790
7788
7777
7777
7758
7751
7748
7744
7731
7730
7730
7723
7721
7720
7716
7705
7701
7692
7690
7688
7688
7677
7672
7670
7666
7664
7663
7662
7662
7660
7659
7658
7652
7651
7649
7643
7643
7642
7648
7640
7637
7636
7635
7629
7622
7620
7620
7618
7612
7608
7606
7601
7595
7593
7588
7588
7587
7583
7580
7576
7576
7574
7563
7561
7557
7557
7553
7552
7552
7547
7541
7538
7537
7537
7532
7531
7530
7529
7528
7527
7523
7520
7518
7517
7516
7515
7515
7506
7505
7501
7495
7493
7489
7489
7486
7484
7481
7480
7480
7478
7476
7476
7469
7465
7464
7458
7455
7451
7449
7448
7446
7445
7442
7437
7426
7425
7425
7421
7419
7415
7408
7396
7393
7387
7379
7379
7378
7374
7371
7364
7362
7360
7359
7356
7354
7351
7350
7348
7348
7344
7341
7341
7338
7334
7333
7328
7326
7319
7313
7312
7309
7306
7305
7304
7287
7285
7276
7276
7274
7273
7273
7272
7271
7271
7270
7268
7267
7265
7262
7260
7258
7258
7246
7244
7244
7241
7239
7227
7227
7208
7208
7205
7205
7205
7203
7197
7191
7189
7189
7188
7183
7181
7181
7176
7175
7174
7173
7173
7170
7168
7161
7160
7155
7152
7151
7142
7139
7138
7138
7133
7130
7125
7119
7118
7115
7113
7109
7104
7101
7097
7095
7091
7091
7090
7089
7088
7083
7081
7080
7079
7079
7072
7070
7065
7065
7064
7064
7061
7054
7051
7051
7042
7041
7041
7031
7028
7027
7027
7026
7019
7019
7014
7010
7009
7007
7006
7004
6999
6994
6993
6988
6987
6982
6980
6974
6970
6970
6970
6967
6966
6959
6959
6958
6958
6958
6954
6953
6953
6946
6945
6943
6943
6936
6934
6930
6930
6911
6908
6904
6902
6900
6898
6893
6883
6881
6880
6875
6872
6871
6870
6868
6863
6863
6859
6858
6857
6856
6854
6847
6843
6840
6838
6836
6835
6833
6832
6830
6830
6829
6827
6824
6819
6814
6813
6811
6810
6805
6802
6795
6792
6791
6786
6779
6778
6767
6766
6766
6763
6762
6761
6651
6761
6761
6759
6759
6758
6755
6755
6755
6754
6752
6746
6743
6742
6741
6740
6738
6728
6728
6727
6715
6709
6707
6703
6702
6696
6693
6690
6689
6688
6685
6683
6682
6682
6681
6680
6680
6679
6678
6673
6671
6671
6669
6665
6660
6660
6658
6657
6656
6653
6653
6652
6651
6650
6649
6646
6646
6645
6643
6640
6639
6637
6632
6630
6630
6629
6627
6627
6626
6621
6618
6614
6610
6608
6607
6605
6605
6605
6605
6603
6602
6595
6588
6587
6585
6584
6578
6577
6577
6571
6568
6568
6566
6557
6552
6551
6551
6548
6548
6541
6541
6540
6539
6532
6532
6527
6524
6519
6518
6517
6517
6515
6510
6508
6506
6503
6502
6494
6492
6490
6485
6485
6484
6483
6481
6477
6477
6470
6463
6462
6460
6459
6458
6455
6448
6437
6434
6432
6431
6431
6431
6431
6428
6425
6423
6421
6420
6420
6418
6416
6416
6415
6413
6411
6410
6408
6406
6399
6397
6403
6391
6388
6386
6386
6386
6383
6381
6377
6377
6374
6374
6369
6367
6367
6366
6364
6363
6356
6348
6346
6343
6341
6340
6339
6339
6338
6334
6333
6333
6332
6331
6330
6330
6329
6323
6321
6318
6317
6314
6310
6303
6289
6288
6287
6286
6283
6280
6280
6275
6275
6275
6273
6272
6270
6265
6264
6257
6254
6248
6247
6246
6246
6242
6238
6237
6236
6236
6235
6235
6230
6225
6221
6220
6218
6214
6213
6210
6209
6207
6196
6195
6189
6188
6187
6186
6185
6183
6183
6177
6175
6173
6169
6169
6167
6166
6164
6163
6162
6160
6157
6157
6157
6155
6154
6151
6149
6147
6139
6136
6136
6136
6132
6132
6124
6123
6119
6114
6111
6110
6107
6101
6099
6096
6096
6094
6094
6093
6089
6086
6086
6080
6077
6077
6075
6071
6068
6066
6061
6059
6057
6055
6052
6049
6048
6046
6042
6038
6036
6034
6034
6031
6031
6030
6030
6030
6029
6027
6024
6023
6021
6019
6018
6015
6013
6012
6006
6001
5998
5994
5992
5987
5986
5986
5985
5983
5983
5978
5978
5970
5969
5959
5955
5953
5953
5947
5940
5939
5934
5931
5925
5924
5923
5922
5920
5920
5919
5917
5913
5912
5911
5909
5907
5906
5905
5904
5899
5895
5890
5886
5884
5882
5880
5878
5877
5877
5872
5869
5868
5868
5867
5866
5866
5864
5863
5863
5860
5858
5895
5856
5855
5853
5842
5841
5840
5840
5836
5836
5835
5833
5832
5830
5829
5827
5822
5821
5821
5821
5818
5817
5816
5815
5815
5814
5810
5809
5807
5806
5803
5801
5799
5797
5797
5797
5794
5794
5793
5793
5789
5786
5784
5784
5784
5783
5781
5780
5779
5776
5775
5773
5772
5770
5766
5764
5763
5761
5760
5757
5754
5753
5752
5751
5749
5748
5746
5744
5742
5742
5742
5741
5732
5732
5731
5728
5728
5727
5726
5724
5721
5720
5719
5719
5717
5715
5714
5714
5712
5707
5706
5706
5702
5699
5698
5697
5695
5695
5695
5692
5689
5685
5684
5684
5683
5681
5677
5675
5673
5671
5670
5669
5669
5669
5666
5665
5664
5664
5662
5661
5661
5657
5656
5656
5654
5654
5652
5648
5644
5644
5644
5643
5641
5637
5635
5630
5629
5629
5628
5628
5627
5623
5622
5621
5619
5619
5616
5608
5607
5600
5596
5596
5588
5582
5581
5581
5581
5580
5579
5578
5578
5578
5576
5575
5572
5571
5570
5568
5567
5566
5566
5563
5562
5561
5558
5556
5555
5554
5554
5553
5552
5552
5549
5549
5547
5547
5543
5543
5542
5541
5535
5534
5530
5528
5526
5525
5524
5518
5515
5513
5513
5512
5508
5507
5506
5504
5501
5498
5497
5495
5492
5490
5488
5487
5486
5480
5478
5476
5476
5475
5471
5471
5467
5467
5465
5465
5464
5464
5462
5461
5455
5453
5452
5450
5449
5447
5443
5441
5440
5438
5437
5436
5436
5434
5429
5428
5428
5427
5424
5423
5421
5421
5421
5414
5414
5410
5409
5404
5401
5401
5400
5399
5398
5401
5396
5393
5392
5388
5387
5386
5385
5385
5383
5381
5379
5378
5377
5377
5375
5373
5363
5367
5361
5354
5352
5351
5349
5348
5346
5346
5344
5343
5342
5337
5336
5332
5331
5330
5330
5330
5328
5325
5321
5319
5316
5315
5310
5308
5301
5299
5298
5296
5295
5294
5293
5292
5290
5288
5287
5287
5285
5285
5285
5283
5282
5282
5282
5281
5278
5278
5276
5270
5268
5267
5266
5265
5264
5262
5259
5258
5255
5254
5253
5250
5250
5245
5244
5242
5240
5240
5239
5237
5235
5235
5233
5231
5230
5229
5228
5226
5225
5224
5223
5221
5218
5216
5215
5215
5212
5211
5211
5211
5211
5210
5208
5207
5207
5203
5201
5200
5199
5199
5198
5198
5197
5197
5196
5195
5194
5193
5191
5189
5186
5185
5184
5183
5180
5179
5177
5177
5176
5175
5173
5171
5168
5166
5166
5164
5163
5157
5156
5155
5153
5152
5151
5151
5150
5150
5150
5149
5149
5145
5145
5144
5143
5143
5143
5142
5141
5139
5138
5138
5133
5132
5130
5130
5129
5127
5127
5126
5123
5123
5118
5116
5113
5113
5112
5110
5107
5105
5104
5099
5098
5097
5097
5096
5096
5094
5094
5092
5091
5090
5089
5086
5084
5084
5078
5078
5075
5075
5074
5074
5073
5072
5071
5071
5070
5069
5067
5061
5061
5061
5057
5057
5055
5053
5052
5050
5049
5047
5046
5046
5043
5042
5042
5037
5035
5034
5033
5032
5030
5030
5029
5028
5027
5024
5022
5022
5021
5020
5020
5018
5018
5016
5016
5014
5012
5012
5010
5006
5004
5003
5003
5002
4999
4996
4996
4995
4995
4994
4993
4993
4990
4989
4989
4987
4986
4985
4983
4981
4981
4980
4977
4977
4974
4974
4971
4970
4969
4969
4967
4966
4961
4951
4958
4958
4957
4957
4957
4954
4954
4953
4952
4950
4949
4948
4947
4945
4944
4944
4944
4943
4943
4941
4941
4939
4934
4934
4933
4933
4929
4929
4928
4928
4925
4925
4925
4924
4924
4922
4922
4921
4919
4918
4918
4917
4916
4915
4913
4912
4911
4909
4909
4909
4907
4905
4903
4898
4897
4896
4895
4895
4891
4891
4891
4889
4886
4885
4885
4884
4882
4880
4876
4874
4872
4871
4871
4868
4868
4868
4866
4865
4865
4864
4864
4860
4858
4858
4858
4857
4855
4853
4852
4847
4846
4842
4841
4841
4837
4836
4835
4834
4834
4833
4833
4833
4829
4827
4826
4826
4825
4825
4820
4819
4816
4814
4814
4813
4812
4812
4810
4802
4802
4801
4800
4800
4797
4797
4796
4796
4796
4795
4794
4794
4793
4793
4793
4790
4786
4783
4781
4781
4778
4778
4778
4777
4772
4771
4770
4769
4766
4764
4764
4760
4758
4757
4757
4756
4754
4752
4751
4750
4750
4749
4745
4744
4740
4738
4738
4737
4734
4732
4732
4731
4731
4729
4728
4726
4722
4720
4718
4717
4716
4715
4715
4715
4714
4713
4709
4708
4707
4706
4706
4705
4703
4703
4700
4698
4697
4696
4691
4691
4690
4689
4687
4683
4680
4677
4676
4676
4675
4674
4674
4674
4674
4673
4673
4673
4671
4669
4669
4667
4665
4664
4661
4660
4660
4660
4658
4658
4658
4654
4653
4652
4651
4650
4649
4648
4648
4646
4646
4644
4643
4642
4641
4640
4638
4638
4637
4636
4633
4631
4629
4629
4627
4627
4626
4624
4622
4622
4616
4616
4616
4613
4611
4611
4611
4610
4608
4606
4605
4601
4599
4599
4598
4596
4596
4595
4591
4590
4590
4589
4588
4587
4586
4586
4585
4584
4583
4583
4583
4582
4581
4580
4579
4579
4578
4577
4576
4576
4574
4572
4572
4571
4570
4568
4566
4565
4565
4564
4563
4560
4560
4559
4559
4557
4557
4556
4555
4553
4552
4549
4547
4546
4546
4546
4545
4545
4544
4543
4543
4541
4541
4540
4539
4539
4536
4534
4533
4532
4532
4530
4530
4529
4528
4528
4526
4524
4524
4523
4522
4520
4520
4519
4519
4518
4517
4517
4517
4516
4513
4512
4512
4511
4511
4510
4509
4509
4508
4506
4506
4505
4501
4495
4495
4494
4493
4492
4490
4490
4490
4484
4483
4481
4480
4479
4478
4477
4475
4475
4475
4474
4473
4472
4472
4472
4470
4470
4469
4468
4466
4465
4463
4463
4462
4461
4459
4458
4456
4456
4456
4455
4455
4452
4452
4451
4450
4450
4448
4446
4446
4445
4443
4443
4443
4442
4442
4441
4437
4436
4436
4434
4433
4432
4431
4431
4431
4430
4425
4424
4421
4418
4418
4418
4418
4416
4415
4414
4414
4414
4412
4412
4409
4408
4408
4407
4406
4403
4403
4401
4401
4401
4400
4399
4399
4398
4398
4398
4397
4396
4395
4393
4393
4392
4392
4392
4391
4391
4391
4388
4388
4386
4386
4386
4385
4379
4379
4378
4377
4376
4375
4375
4374
4371
4371
4370
4369
4369
4367
4366
4360
4359
4357
4357
4356
4355
4355
4355
4354
4353
4350
4350
4348
4348
4345
4344
4344
4343
4342
4340
4336
4335
4334
4334
4332
4331
4330
4329
4329
4328
4328
4328
4325
4325
4325
4324
4323
4323
4322
4321
4321
4321
4321
4319
4318
4317
4316
4316
4316
4316
4315
4313
4312
4311
4311
4310
4309
4309
4308
4307
4307
4306
4306
4305
4304
4300
4299
4298
4296
4296
4287
4286
4285
4284
4281
4281
4280
4277
4276
4272
4268
4267
4267
4263
4261
4260
4259
4257
4257
4256
4254
4253
4253
4251
4250
4250
4248
4246
4245
4245
4244
4244
4244
4244
4243
4243
4243
4241
4237
4237
4236
4232
4230
4229
4229
4224
4224
4223
4222
4222
4222
4222
4221
4221
4221
4221
4217
4216
4216
4216
4215
4215
4215
4213
4211
4211
4210
4209
4207
4207
4206
4204
4202
4202
4201
4200
4198
4197
4196
4196
4195
4195
4194
4194
4194
4194
4194
4193
4192
4191
4190
4189
4188
4187
4187
4187
4186
4186
4185
4183
4181
4181
4181
4180
4179
4179
4179
4178
4177
4175
4174
4173
4173
4172
4171
4170
4169
4168
4168
4168
4167
4165
4165
4162
4160
4157
4156
4156
4156
4150
4149
4143
4142
4142
4142
4141
4139
4139
4139
4137
4137
4135
4135
4134
4134
4134
4134
4133
4133
4133
4132
4132
4131
4130
4130
4130
4129
4129
4128
4127
4126
4125
4125
4124
4123
4121
4120
4119
4119
4118
4116
4116
4116
4116
4115
4115
4111
4111
4111
4111
4111
4110
4107
4107
4107
4106
4140
4105
4105
4105
4104
4103
4102
4101
4101
4100
4098
4097
4095
4094
4094
4094
4094
4093
4090
4090
4089
4087
4086
4085
4082
4082
4080
4080
4079
4079
4078
4076
4076
4075
4075
4074
4074
4074
4073
4073
4073
4071
4071
4069
4068
4068
4067
4067
4066
4066
4064
4063
4063
4062
4062
4061
4061
4059
4059
4058
4055
4055
4054
4054
4054
4054
4053
4052
4052
4049
4049
4049
4046
4045
4043
4042
4042
4041
4039
4037
4037
4037
4036
4036
4030
4029
4029
4025
4023
4022
4019
4016
4015
4015
4013
4012
4012
4012
4012
4008
4008
4007
4007
4005
4005
4004
4003
4002
4002
4002
4001
4001
4000
3999
3997
3995
3994
3993
3992
3992
3992
3989
3989
3988
3988
3987
3987
3985
3984
3984
3984
3983
3983
3982
3982
3978
3977
3977
3976
3972
3971
3971
3971
3971
3970
3970
3967
3967
3966
3965
3965
3964
3963
3961
3960
3960
3959
3959
3958
3957
3956
3955
3955
3955
3954
3954
3953
3953
3952
3950
3950
3949
3949
3946
3945
3945
3945
3944
3944
3943
3943
3943
3942
3941
3941
3939
3938
3938
3937
3936
3936
3936
3934
3932
3932
3932
3931
3929
3927
3927
3926
3926
3924
3924
3923
3922
3922
3920
3919
3919
3918
3918
3917
3916
3915
3914
3914
3913
3913
3913
3913
3912
3911
3911
3911
3910
3910
3909
3906
3902
3902
3901
3901
3900
3895
3895
3894
3893
3893
3893
3891
3890
3889
3888
3888
3888
3887
3886
3885
3885
3885
3884
3884
3882
3882
3882
3881
3880
3879
3878
3878
3878
3877
3876
3875
3874
3874
3873
3873
3872
3868
3867
3867
3866
3866
3865
3865
3864
3864
3864
3864
3863
3863
3861
3860
3858
3858
3856
3855
3855
3853
3852
3850
3848
3847
3847
3847
3846
3846
3844
3843
3842
3839
3839
3837
3836
3836
3836
3835
3835
3834
3834
3833
3833
3831
3830
3829
3829
3828
3827
3827
3826
3825
3824
3821
3821
3819
3818
3817
3816
3815
3815
3815
3814
3810
3810
3810
3809
3809
3808
3807
3805
3804
3804
3803
3803
3801
3801
3800
3799
3798
3798
3798
3798
3797
3795
3795
3795
3793
3792
3792
3791
3791
3791
3791
3791
3790
3789
3788
3788
3786
3786
3785
3784
3784
3781
3780
3780
3780
3780
3778
3778
3775
3772
3772
3772
3772
3771
3770
3770
3769
3769
3769
3768
3768
3767
3767
3766
3766
3766
3765
3763
3762
3762
3762
3761
3760
3760
3759
3757
3756
3755
3755
3753
3748
3748
3748
3748
3748
3747
3747
3746
3746
3745
3745
3745
3743
3743
3742
3742
3741
3741
3739
3737
3737
3735
3735
3733
3733
3732
3731
3731
3730
3729
3729
3729
3729
3728
3728
3728
3726
3725
3723
3723
3722
3721
3721
3720
3720
3719
3718
3718
3717
3716
3715
3715
3712
3712
3711
3710
3710
3709
3709
3708
3707
3706
3705
3705
3703
3703
3702
3702
3699
3699
3699
3698
3696
3696
3694
3693
3692
3691
3691
3690
3689
3689
3689
3687
3687
3686
3686
3685
3684
3682
3681
3681
3680
3680
3679
3679
3678
3678
3678
3678
3677
3675
3675
3674
3674
3672
3672
3672
3671
3671
3671
3671
3668
3667
3666
3666
3664
3663
3663
3662
3661
3661
3660
3660
3660
3660
3660
3658
3655
3654
3653
3652
3652
3652
3652
3651
3647
3647
3645
3644
3642
3642
3642
3641
3641
3640
3640
3639
3639
3639
3638
3637
3637
3636
3635
3635
3635
3635
3634
3633
3633
3632
3630
3630
3630
3629
3629
3628
3628
3628
3625
3624
3622
3622
3620
3618
3618
3617
3617
3616
3614
3613
3612
3612
3612
3610
3606
3604
3600
3599
3597
3597
3596
3596
3596
3596
3596
3595
3594
3594
3593
3592
3589
3589
3588
3587
3587
3586
3585
3585
3584
3584
3584
3584
3584
3584
3583
3582
3582
3582
3581
3581
3580
3579
3579
3576
3576
3576
3575
3574
3574
3571
3571
3570
3569
3569
3569
3568
3566
3566
3565
3564
3564
3563
3563
3562
3562
3560
3559
3559
3558
3557
3557
3556
3554
3553
3553
3551
3551
3548
3548
3547
3547
3547
3547
3546
3546
3546
3544
3543
3543
3543
3542
3542
3541
3541
3541
3541
3540
3539
3538
3538
3537
3536
3535
3535
3534
3534
3534
3531
3530
3529
3525
3524
3523
3523
3521
3521
3521
3520
3520
3520
3519
3519
3519
3518
3518
3518
3517
3517
3516
3516
3516
3515
3515
3513
3513
3513
3512
3511
3510
3510
3510
3510
3509
3508
3508
3508
3508
3506
3506
3506
3505
3505
3504
3504
3504
3503
3502
3502
3501
3501
3499
3498
3498
3498
3497
3496
3496
3495
3495
3495
3494
3493
3493
3492
3490
3490
3489
3487
3487
3487
3486
3486
3486
3484
3483
3483
3480
3480
3478
3478
3477
3476
3475
3475
3475
3474
3474
3474
3473
3472
3471
3471
3471
3470
3469
3467
3466
3465
3465
3465
3465
3465
3464
3463
3463
3462
3462
3461
3461
3461
3461
3460
3460
3458
3458
3458
3457
3455
3455
3454
3454
3453
3453
3453
3452
3450
3450
3450
3449
3448
3447
3447
3446
3446
3445
3444
3443
3441
3441
3440
3440
3439
3438
3437
3437
3437
3437
3436
3436
3436
3436
3435
3435
3434
3434
3432
3432
3429
3428
3428
3428
3428
3427
3427
3427
3426
3426
3426
3425
3425
3424
3422
3421
3420
3419
3419
3419
3418
3418
3415
3411
3411
3410
3410
3410
3409
3406
3405
3404
3404
3403
3401
3401
3400
3399
3398
3397
3396
3396
3395
3394
3392
3391
3391
3391
3390
3389
3388
3386
3385
3385
3385
3385
3385
3385
3385
3385
3384
3384
3384
3382
3382
3382
3381
3381
3379
3378
3377
3377
3375
3374
3374
3373
3372
3371
3369
3369
3369
3368
3368
3368
3368
3366
3365
3365
3364
3363
3363
3361
3361
3360
3360
3359
3359
3359
3358
3357
3357
3357
3356
3356
3354
3353
3352
3352
3352
3352
3351
3348
3347
3347
3345
3344
3344
3344
3343
3343
3340
3339
3339
3339
3338
3337
3336
3336
3336
3335
3335
3334
3334
3334
3333
3332
3332
3331
3331
3330
3330
3329
3327
3327
3326
3325
3325
3323
3320
3319
3319
3319
3318
3318
3317
3317
3317
3317
3316
3315
3315
3314
3313
3312
3312
3311
3311
3311
3310
3310
3309
3309
3306
3305
3305
3305
3305
3304
3304
3304
3304
3302
3302
3301
3301
3300
3300
3300
3299
3299
3299
3296
3295
3295
3294
3294
3294
3294
3294
3293
3293
3292
3290
3289
3288
3288
3286
3286
3286
3284
3284
3284
3283
3283
3283
3283
3283
3283
3283
3283
3282
3282
3281
3281
3279
3278
3278
3278
3278
3278
3277
3276
3275
3274
3274
3272
3272
3272
3272
3271
3270
3270
3270
3270
3268
3266
3266
3265
3263
3263
3263
3262
3261
3261
3260
3260
3260
3260
3259
3257
3257
3257
3256
3256
3255
3254
3252
3251
3255
3251
3250
3250
3249
3249
3249
3249
3248
3247
3247
3247
3247
3246
3246
3246
3245
3244
3243
3243
3243
3243
3243
3240
3239
3239
3238
3238
3237
3237
3236
3236
3236
3235
3234
3234
3234
3233
3233
3233
3232
3232
3232
3232
3231
3231
3229
3229
3228
3228
3226
3225
3225
3223
3223
3222
3222
3222
3222
3222
3222
3221
3221
3220
3219
3219
3219
3219
3218
3218
3218
3217
3216
3216
3215
3215
3214
3214
3213
3213
3213
3212
3212
3211
3210
3210
3210
3210
3210
3209
3209
3209
3208
3208
3208
3207
3206
3206
3206
3205
3205
3205
3204
3204
3204
3204
3203
3203
3203
3202
3202
3202
3202
3202
3200
3199
3199
3197
3197
3196
3196
3195
3195
3194
3193
3192
3191
3190
3189
3188
3188
3188
3187
3187
3187
3186
3186
3185
3185
3182
3182
3181
3180
3180
3179
3179
3179
3179
3178
3177
3176
3176
3176
3175
3174
3174
3174
3174
3174
3173
3173
3172
3172
3172
3172
3172
3172
3171
3170
3170
3170
3169
3169
3167
3166
3166
3166
3165
3165
3165
3164
3164
3163
3163
3162
3162
3162
3162
3162
3162
3161
3160
3160
3159
3159
3159
3159
3158
3157
3155
3155
3154
3154
3151
3150
3150
3149
3149
3149
3149
3148
3148
3154
3146
3145
3145
3144
3143
3143
3142
3141
3140
3140
3137
3137
3136
3136
3135
3135
3133
3133
3132
3132
3132
3132
3131
3131
3131
3130
3130
3129
3129
3128
3128
3128
3127
3127
3127
3125
3124
3123
3123
3123
3123
3123
3122
3122
3121
3121
3121
3121
3121
3120
3120
3120
3119
3119
3119
3119
3118
3118
3115
3113
3112
3112
3111
3109
3108
3108
3107
3107
3107
3107
3106
3105
3105
3105
3105
3105
3104
3104
3104
3104
3104
3101
3100
3100
3099
3098
3098
3097
3097
3096
3095
3095
3095
3094
3094
3092
3092
3091
3090
3090
3088
3087
3086
3085
3085
3085
3085
3085
3084
3084
3083
3083
3082
3082
3081
3081
3081
3081
3080
3079
3078
3077
3076
3076
3076
3075
3075
3074
3074
3073
3073
3073
3073
3072
3071
3070
3070
3070
3068
3068
3068
3067
3067
3067
3065
3065
3064
3064
3063
3063
3063
3063
3062
3061
3060
3060
3060
3058
3058
3057
3056
3056
3055
3055
3055
3055
3055
3054
3053
3052
3052
3050
3050
3050
3049
3049
3049
3048
3048
3048
3047
3047
3055
3046
3045
3045
3045
3045
3045
3045
3045
3045
3044
3044
3044
3044
3043
3043
3043
3042
3042
3041
3041
3040
3040
3039
3039
3038
3038
3038
3037
3036
3036
3035
3035
3035
3035
3034
3034
3033
3033
3032
3032
3031
3031
3031
3029
3029
3028
3027
3030
3027
3026
3024
3023
3022
3021
3021
3021
3021
3020
3020
3019
3019
3018
3018
3018
3016
3016
3016
3020
3014
3013
3013
3012
3011
3011
3011
3011
3010
3010
3009
3008
3008
3006
3005
3004
3004
3003
3003
3002
3002
3001
3000
