871196
578930
450419
445914
437947
352549
331539
320099
298431
297320
296373
288923
287362
286722
274597
273784
272883
271471
269792
266281
263473
261991
254273
249106
248388
247305
245297
244988
244719
243838
241927
238972
229199
227611
222968
221144
220823
211632
211080
209601
209556
203927
200863
199480
199354
199071
198192
198060
197631
196321
194398
185019
184750
183051
182228
181999
180745
179801
179327
179065
177140
174643
174526
171848
170577
169798
168815
167739
167145
166666
165621
165496
162832
161863
158766
156940
156586
155555
154189
154024
153667
153361
153087
152413
152342
152012
151222
151133
150816
150129
148564
147802
147223
146893
146871
146785
146621
146374
144864
144324
142964
139590
137286
136757
135450
135247
134245
134037
133235
132871
132856
132607
132470
132434
131002
130781
130542
129820
129753
129478
126636
126375
126322
125745
125377
125358
125265
125093
123410
123182
123106
122967
121348
120786
120419
119984
119479
118611
117991
117647
117607
117550
116915
116755
115948
115596
115569
115378
115331
115292
115211
114737
114628
114561
113961
113482
112786
112715
112088
111955
111633
110437
109819
109372
109116
108890
108337
107899
107796
107659
107494
106815
105777
105345
105222
104975
104887
104727
104496
104289
103999
103843
103527
103201
103181
103143
102226
102181
101869
101726
101213
101144
101036
100266
100173
99769
99701
99469
98697
98278
98216
98215
97636
96729
96680
96462
96407
96311
96209
96103
96080
96004
95969
95595
95305
95264
95041
94337
94307
94222
94039
93187
93087
92932
92702
92470
92272
92087
92036
91906
91828
90211
90153
89782
89779
89695
89679
89314
89247
89181
89099
88277
87776
87620
87471
87309
87096
87094
87080
87002
87000
86993
86432
86408
86292
86080
85948
85941
85853
85839
85821
85011
84974
84770
84646
84646
84591
84568
84404
84389
84349
84321
84121
84065
83986
83896
83788
82842
82811
82753
82502
82465
82130
81573
81545
81536
81464
81370
81224
81073
81073
81066
80773
80644
80634
80558
80373
80315
79934
79795
79642
79604
79456
79344
79318
79163
79071
78985
78870
78675
78481
78279
78193
78047
77933
77897
77740
77653
77564
77448
77415
77089
77034
76938
76936
76546
76072
76017
75905
75736
75727
75546
75515
75346
74895
74685
74584
74527
74404
74355
74246
74012
73918
73881
73872
73649
73582
73415
73373
73342
73318
73177
73040
72786
72613
72443
72129
71706
71681
71614
71537
71515
71311
71258
71190
71186
71091
71055
71047
71013
70961
70882
70849
70721
70557
70385
70322
70217
70010
69806
69571
69518
69393
69025
68701
68543
68422
68264
68022
67919
67858
67799
67748
67711
67599
67470
67370
67149
67065
67025
66695
66593
66384
66364
66351
66264
66226
65990
65732
65684
65622
65569
65533
65511
65492
65304
65299
65260
65259
65210
65189
65040
65027
65006
64973
64857
64652
64622
64374
64155
64130
64099
64020
63941
63877
63753
63665
63622
63417
63028
62819
62763
62568
62473
62406
62395
62277
62042
61657
61632
61604
61408
60970
60915
60833
60782
60729
60652
60375
60358
60328
60291
60218
60206
60081
59729
59711
59677
59674
59665
59585
59566
59490
59366
59291
59013
58998
58972
58857
58849
58828
58822
58794
58629
58483
58404
58380
58285
58273
58248
58155
58103
58094
58088
58059
57702
57681
57633
57587
57541
57506
57290
57049
56929
56905
56798
56749
56669
56662
56617
56517
56508
56506
56495
56375
56145
56183
56108
56050
55916
55781
55745
55725
55653
55628
55622
55579
55516
55373
55364
55244
55231
55217
55185
55073
55033
54945
54840
54762
54761
54697
54676
54666
54527
54370
54361
54081
54062
54003
53994
53886
53707
53707
53582
53473
53383
53322
53304
53188
53116
53075
52967
52946
52755
52719
52590
52502
52498
52483
52462
52352
52257
52211
52094
52044
51904
51887
51881
51860
51836
51704
51652
51582
51452
51393
51358
51345
51261
51115
51053
51037
50941
50818
50770
50741
50724
50645
50606
50523
50460
50435
50392
50388
50351
50304
50277
50070
50054
50051
50007
49979
49897
49833
49742
49698
49633
49626
49578
49572
49485
49477
49430
49254
49239
49186
49147
48865
48855
48741
48728
48718
48717
48696
48658
48633
48547
48409
48349
48328
48320
48306
48189
48157
48054
48045
48039
47983
47951
47935
47932
47928
47892
47811
47727
47715
47626
47583
47520
47475
47448
47365
47300
47272
47247
47214
47176
47044
47004
46934
46928
46804
46791
46790
46763
46732
46722
46706
46637
46367
46334
46318
46252
46225
46177
46140
46063
45995
45992
45989
45960
45941
45903
45898
45876
45859
45839
45727
45721
45636
45634
45567
45516
45407
45393
45354
45318
45312
45239
45225
45047
44911
44901
44885
44843
44813
44812
44667
44526
44515
44428
44386
44343
44267
44234
44102
44024
43990
43908
43900
43861
43758
43733
43696
43682
43595
43579
43565
43544
43209
43124
43059
43008
42885
42823
42802
42779
42724
42689
42689
42566
42562
42560
42531
42489
42454
42399
42352
42346
42334
42326
42292
42273
42269
42257
42224
42186
42119
42118
41842
41781
41710
41684
41675
41659
41623
41623
41593
41590
41564
41553
41537
41538
41518
41466
41448
41420
41371
41339
41292
41262
41228
41213
41209
41208
41156
41107
41103
41073
41057
40984
40953
40950
40917
40868
40853
40828
40789
40704
40699
40690
40677
40672
40661
40590
40557
40547
40545
40498
40469
40458
40444
40405
40350
40315
40304
40268
40125
40109
40106
40098
40068
40017
40007
40002
39985
39976
39968
39955
39937
39937
39856
39771
39739
39721
39717
39698
39640
39611
39604
39541
39381
39367
39314
39301
39206
39141
39130
39094
39090
39081
39055
39048
39047
39038
38985
38892
38890
38858
38805
38781
38768
38652
38585
38561
38535
38518
38470
38418
38402
38306
38304
38266
38255
38245
38226
38222
38217
38213
38193
38186
38181
38166
38101
38094
37990
37946
37906
37898
37890
37773
37675
37659
37608
37582
37528
37494
37462
37426
37413
37405
37402
37393
37369
37342
37269
37243
37184
37121
37103
37047
37032
36979
36969
36906
36889
36863
36859
36845
36827
36788
36772
36768
36744
36723
36689
36677
36632
36627
36622
36614
36586
36572
36537
36530
36499
36475
36449
36438
36391
36386
36385
36383
36378
36301
36265
36258
36240
36239
36204
36196
36168
36147
36135
36065
36039
36031
35975
35883
35862
35856
35755
35739
35699
35691
35683
35623
35591
35574
35569
35476
35473
35433
35373
35353
35347
35347
35321
35313
35301
35264
35252
35252
35249
35237
35202
35188
35157
35098
35088
35050
35046
35043
35028
35011
34990
34980
34974
34966
34945
34842
34833
34812
34771
34756
34692
34676
34674
34588
34532
34523
34508
34487
34484
34456
34429
34424
34419
34381
34277
34190
34189
34188
34166
34131
34069
34051
34016
33971
33970
33956
33909
33892
33835
33813
33779
33739
33722
33714
33706
33699
33693
33693
33629
33622
33514
33488
33468
33398
33394
33393
33392
33380
33378
33352
33345
33309
33229
33222
33206
33199
33163
33100
33097
33035
33019
33009
32993
32978
32964
32937
32936
32893
32888
32819
32793
32747
32693
32673
32638
32632
32542
32533
32528
32503
32502
32484
32459
32439
32411
32395
32391
32389
32374
32367
32324
32318
32310
32293
32278
32255
32240
32206
32197
32183
32179
32165
32155
32100
32074
32065
32056
32048
32026
31981
31949
31943
31919
31915
31898
31893
31872
31802
31794
31775
31696
31652
31650
31606
31595
31556
31556
31556
31543
31515
31512
31500
31484
31451
31437
31436
31364
31339
31318
31266
31225
31224
31196
31186
31179
31141
31127
31088
31083
31043
31033
31007
30961
30899
30897
30865
30861
30841
30833
30833
30808
30758
30741
30740
30726
30717
30696
30695
30673
30655
30616
30568
30565
30513
30504
30484
30466
30455
30415
30374
30352
30345
30329
30317
30287
30282
30274
30271
30259
30232
30151
30146
30144
30116
30115
30097
30030
29969
29928
29905
29844
29837
29743
29740
29737
29724
29705
29698
29691
29686
29682
29635
29633
29614
29605
29579
29576
29571
29554
29534
29481
29464
29450
29433
29427
29390
29389
29361
29351
29336
29336
29305
29303
29302
29293
29265
29256
29232
29175
29157
29107
29089
29082
29084
28990
28973
28964
28931
28915
28853
28852
28850
28814
28813
28737
28682
28661
28644
28639
28613
28606
28588
28586
28572
28502
28483
28472
28465
28464
28449
28427
28399
28386
28346
28302
28301
28300
28284
28274
28252
28248
28218
28216
28211
28176
28152
28148
28136
28122
28086
28085
28067
28064
28046
28012
27973
27968
27929
27925
27925
27914
27912
27883
27881
27879
27890
27820
27792
27787
27786
27774
27744
27744
27725
27680
27643
27639
27616
27614
27601
27562
27549
27543
27528
27527
27526
27509
27462
27431
27395
27344
27338
27331
27312
27280
27293
27273
27234
27194
27164
27141
27137
27134
27045
27045
27042
27040
27057
26975
26966
26910
26847
26828
26819
26796
26777
26746
26733
26722
26711
26708
26691
26682
26680
26655
26616
26586
26585
26584
26578
26565
26559
26541
26499
26487
26447
26446
26432
26388
26332
26317
26317
26308
26301
26298
26260
26222
26209
26197
26196
26186
26184
26180
26159
26156
26155
26146
26141
26134
26123
26107
26099
26073
26068
26065
26057
26054
26053
26033
26033
26030
26014
26013
26008
26005
25990
25990
25961
25947
25938
25931
25900
25890
25887
25880
25879
25875
25851
25851
25851
25832
25817
25851
25805
25796
25775
25763
25756
25748
25748
25742
25708
25706
25688
25662
25641
25630
25628
25606
25594
25533
25510
25500
25475
25406
25390
25378
25350
25344
25338
25324
25303
25290
25287
25273
25269
25268
25243
25228
25217
25209
25158
25147
25135
25129
25098
25052
25049
25041
25011
24997
24993
24973
24968
24886
24874
24858
24850
24838
24827
24820
24811
24810
24758
24734
24686
24672
24659
24650
24638
24617
24569
24564
24548
24537
24530
24529
24511
24496
24490
24481
24447
24438
24433
24404
24402
24373
24276
24252
24248
24229
24218
24209
24182
24106
24053
24050
24049
24048
24045
23999
23971
23969
23959
23917
23912
23911
23900
23896
23874
23867
23862
23852
23833
23781
23723
23686
23671
23670
23665
23660
23651
23633
23625
23582
23575
23548
23543
23516
23511
23510
23499
23497
23482
23476
23475
23459
23458
23445
23444
23436
23428
23371
23345
23337
23293
23270
23247
23231
23197
23204
23175
23175
23161
23141
23122
23115
23098
23078
23071
23059
23050
23017
23009
22991
22976
22970
22965
22952
22948
22929
22926
22920
22905
22893
22887
22883
22882
22872
22870
22867
22857
22847
22834
22822
22814
22776
22753
22726
22694
22690
22645
22676
22619
22618
22601
22589
22577
22503
22486
22485
22449
22430
22426
22367
22364
22348
22342
22292
22259
22221
22218
22199
22193
22178
22166
22110
22102
22094
22065
22059
22038
22031
22017
22003
21995
21972
21965
21946
21942
21951
21938
21937
21933
21922
21920
21919
21898
21877
21869
21853
21847
21849
21826
21826
21822
21814
21801
21799
21786
21779
21740
21740
21733
21706
21705
21680
21676
21665
21641
21635
21632
21628
21569
21553
21536
21534
21527
21512
21508
21496
21492
21491
21488
21435
21428
21413
21395
21382
21373
21366
21359
21355
21339
21327
21296
21254
21234
21208
21207
21225
21196
21187
21166
21164
21159
21124
21114
21112
21082
21076
21066
21050
21050
21040
21033
21033
21010
21006
21023
20986
20984
20955
20946
20924
20902
20901
20911
20865
20847
20847
20819
20810
20797
20796
20756
20744
20705
20703
20699
20670
20667
20641
20623
20622
20613
20613
20591
20579
20573
20551
20539
20533
20515
20513
20526
20483
20476
20459
20404
20355
20346
20335
20314
20290
20290
20286
20279
20272
20270
20260
20259
20226
20215
20214
20209
20187
20185
20179
20173
20142
20142
20121
20121
20120
20119
20101
20095
20084
20081
20044
20038
20029
20016
20009
20003
19977
19959
19953
19934
19924
19923
19922
19916
19913
19903
19901
19890
19886
19880
19877
19871
19870
19823
19912
19850
19836
19836
19834
19834
19827
19824
19818
19800
19799
19782
19768
19764
19759
19749
19745
19729
19714
19712
19706
19688
19684
19680
19675
19670
19665
19662
19648
19643
19619
19574
19543
19535
19527
19476
19472
19466
19449
19449
19438
19423
19411
19395
19384
19375
19351
19351
19350
19347
19340
19334
19321
19302
19288
19277
19274
19267
19258
19256
19221
19215
19199
19179
19170
19154
19153
19144
19144
19128
19123
19111
19107
19092
19080
19067
19055
19041
19035
19026
19016
19008
18989
18988
18978
18942
18938
18898
18897
18887
18882
18879
18858
18852
18847
18841
18833
18832
18814
18792
18780
18775
18763
18757
18734
18731
18726
18722
18706
18704
18703
18700
18687
18681
18650
18650
18649
18627
18621
18611
18558
18552
18546
18543
18523
18518
18510
18503
18498
18498
18506
18495
18494
18473
18465
18464
18460
18446
18437
18436
18433
18431
18427
18406
18387
18359
18347
18325
18321
18318
18318
18314
18311
18309
18308
18293
18277
18270
18265
18250
18247
18221
18220
18196
18200
18185
18182
18173
18157
18146
18143
18134
18132
18114
18090
18064
18062
18061
18058
18051
18044
17998
17996
17994
17955
17951
17946
17924
17896
17879
17877
17870
17852
17835
17836
17810
17780
17750
17727
17712
17679
17664
17660
17656
17656
17648
17625
17609
17601
17599
17571
17561
17538
17535
17532
17524
17524
17512
17512
17504
17490
17484
17472
17446
17443
17424
17422
17387
17385
17380
17376
17376
17374
17346
17330
17323
17315
17312
17287
17275
17262
17259
17251
17241
17234
17223
17195
17187
17177
17170
17162
17151
17146
17132
17123
17117
17115
17102
17101
17087
17083
17074
17074
17073
17069
17059
17057
17044
17024
17022
17022
17009
16992
16988
16990
16976
16970
16931
16921
16917
16916
16915
16912
16909
16908
16901
16877
16874
16867
16861
16856
16848
16843
16832
16832
16818
16806
16803
16802
16797
16792
16789
16770
16758
16757
16753
16749
16743
16736
16725
16722
16722
16667
16663
16658
16646
16636
16625
16617
16617
16614
16612
16609
16608
16606
16594
16589
16584
16583
16572
16572
16571
16570
16564
16546
16532
16530
16506
16498
16482
16475
16460
16459
16439
16438
16434
16431
16423
16419
16395
16393
16389
16378
16358
16357
16350
16348
16347
16346
16343
16333
16319
16304
16301
16284
16279
16277
16272
16268
16268
16256
16253
16229
16227
16222
16220
16205
16186
16185
16170
16165
16161
16158
16151
16150
16146
16135
16134
16134
16121
16109
16106
16104
16102
16095
16085
16084
16083
16082
16078
16072
16069
16067
16067
16057
16056
16053
16038
16028
16022
16019
16005
16004
16003
15990
15984
15981
15981
15945
15937
15928
15925
15910
15903
15898
15895
15891
15878
15873
15869
15850
15848
15841
15834
15819
15819
15812
15811
15808
15770
15765
15764
15752
15732
15723
15708
15689
15687
15686
15675
15657
15651
15685
15638
15637
15634
15632
15626
15611
15609
15606
15599
15597
15596
15593
15587
15580
15580
15580
15579
15573
15527
15512
15495
15470
15468
15456
15446
15439
15430
15409
15392
15378
15364
15362
15362
15350
15349
15321
15316
15308
15304
15281
15266
15265
15258
15228
15202
15200
15154
15141
15138
15129
15123
15121
15085
15081
15054
15053
15039
15027
15025
15019
15013
15011
15001
14999
14993
14982
14979
15004
14963
14961
14960
14949
14946
14936
14931
14922
14919
14914
14896
14892
14869
14864
14866
14847
14840
14840
14828
14808
14806
14804
14801
14800
14786
14783
14778
14769
14769
14769
14769
14763
14762
14760
14757
14751
14741
14734
14729
14718
14712
14701
14684
14675
14671
14668
14664
14642
14638
14633
14618
14613
14605
14590
14586
14557
14529
14528
14501
14501
14498
14497
14495
14492
14473
14472
14454
14452
14447
14447
14438
14437
14403
14402
14396
14394
14383
14382
14378
14373
14372
14368
14356
14333
14332
14328
14324
14322
14311
14310
14304
14296
14288
14283
14280
14275
14265
14260
14260
14253
14252
14253
14244
14241
14238
14232
14216
14216
14204
14199
14193
14186
14185
14177
14176
14167
14164
14163
14152
14148
14148
14142
14130
14122
14107
14099
14088
14086
14081
14075
14069
14061
14056
14055
14045
14032
14029
14025
14018
14015
14013
14009
13994
13992
13988
13984
13981
13977
13975
13972
13969
13964
13961
13957
13948
13945
13939
13928
13908
13903
13893
13887
13876
13853
13852
13850
13834
13822
13819
13814
13810
13807
13799
13794
13790
13790
13786
13783
13781
13781
13773
13762
13760
13747
13744
13736
13732
13726
13725
13724
13714
13713
13713
13701
13697
13697
13695
13681
13681
13677
13676
13669
13661
13659
13656
13656
13654
13643
13629
13618
13613
13613
13608
13602
13598
13594
13587
13584
13575
13570
13569
13568
13561
13557
13547
13516
13509
13498
13497
13484
13478
13477
13473
13472
13471
13468
13465
13463
13451
13447
13442
13440
13438
13437
13428
13421
13417
13403
13403
13392
13392
13387
13385
13377
13377
13366
13360
13356
13356
13353
13353
13346
13345
13343
13342
13340
13333
13316
13316
13313
13298
13272
13264
13259
13241
13229
13213
13211
13200
13195
13184
13180
13179
13176
13175
13158
13152
13152
13137
13136
13134
13129
13128
13128
13118
13116
13114
13106
13105
13096
13083
13074
13073
13069
13059
13052
13049
13038
13032
13030
13026
13031
13023
13017
13013
13002
12993
12992
12987
12976
12959
12935
12923
12922
12913
12910
12903
12902
12907
12891
12886
12883
12881
12879
12874
12863
12862
12857
12857
12853
12833
12826
12821
12820
12816
12815
12815
12802
12771
12770
12762
12758
12752
12752
12743
12742
12725
12716
12710
12697
12694
12676
12671
12657
12639
12629
12615
12614
12612
12605
12605
12600
12590
12588
12580
12561
12559
12551
12546
12541
12540
12529
12526
12505
12495
12490
12488
12486
12472
12470
12427
12426
12424
12419
12417
12414
12408
12403
12401
12400
12392
12381
12370
12362
12359
12358
12354
12346
12344
12339
12337
12336
12334
12326
12313
12308
12302
12294
12311
12285
12276
12270
12269
12258
12245
12242
12222
12222
12203
12194
12191
12190
12187
12187
12179
12152
12150
12146
12144
12143
12142
12138
12133
12132
12127
12120
12116
12116
12109
12107
12106
12106
12102
12102
12101
12097
12097
12091
12088
12088
12076
12074
12068
12062
12055
12045
12041
12041
12034
12034
12034
12031
12021
12020
12013
12006
11998
11994
11992
11989
11987
11975
11973
11959
11984
11955
11952
11952
11948
11934
11930
11924
11905
11886
11878
11876
11876
11875
11871
11863
11858
11842
11833
11827
11826
11824
11821
11820
11820
11816
11806
11802
11801
11793
11792
11786
11781
11780
11767
11756
11751
11751
11745
11737
11728
11726
11720
11719
11719
11707
11706
11700
11698
11687
11684
11678
11669
11660
11656
11654
11653
11652
11647
11629
11628
11624
11620
11616
11614
11610
11607
11606
11601
11601
11583
11579
11577
11577
11576
11571
11569
11568
11545
11540
11540
11540
11552
11539
11529
11510
11509
11504
11501
11496
11494
11484
11483
11483
11481
11479
11475
11472
11469
11458
11452
11449
11449
11448
11448
11443
11441
11439
11439
11438
11432
11427
11427
11423
11420
11414
11409
11407
11401
11398
11397
11392
11390
11390
11389
11389
11387
11385
11379
11374
11365
11361
11360
11348
11331
11330
11327
11316
11314
11313
11311
11291
11285
11282
11276
11272
11252
11248
11244
11246
11244
11244
11228
11223
11221
11195
11193
11191
11189
11187
11187
11178
11165
11164
11161
11159
11153
11161
11145
11144
11138
11137
11134
11133
11129
11125
11120
11120
11111
11110
11105
11105
11104
11101
11100
11099
11099
11099
11096
11093
11087
11084
11083
11073
11073
11072
11068
11066
11064
11064
11057
11056
11053
11049
11048
11047
11046
11046
11046
11035
11033
11031
11025
11016
11014
11006
10997
10995
10992
10984
10972
10971
10971
10969
10966
10961
10956
10953
10953
10942
10942
10939
10935
10933
10927
10927
10922
10923
10920
10920
10920
10916
10916
10906
10898
10866
10866
10864
10861
10848
10847
10852
10845
10838
10834
10833
10822
10814
10811
10809
10806
10804
10802
10802
10796
10783
10778
10775
10772
10771
10767
10761
10760
10753
10751
10750
10747
10742
10739
10721
10717
10712
10710
10705
10703
10699
10699
10694
10693
10692
10688
10686
10676
10674
10653
10652
10649
10645
10644
10639
10625
10620
10615
10612
10599
10592
10588
10587
10587
10581
10581
10575
10572
10565
10563
10546
10546
10544
10540
10538
10522
10520
10514
10513
10510
10509
10503
10500
10496
10494
10492
10491
10480
10480
10476
10475
10474
10471
10470
10468
10465
10461
10455
10453
10431
10427
10424
10422
10422
10411
10411
10409
10405
10404
10404
10401
10393
10392
10378
10377
10377
10374
10369
10369
10369
10364
10364
10360
10360
10358
10357
10362
10348
10342
10334
10334
10333
10332
10331
10329
10329
10318
10313
10313
10309
10308
10292
10292
10291
10290
10281
10279
10276
10273
10270
10258
10255
10255
10250
10248
10238
10237
10233
10220
10214
10210
10206
10180
10168
10168
10167
10164
10160
10160
10159
10155
10145
10145
10144
10143
10143
10129
10125
10124
10116
10115
10106
10103
10096
10093
10081
10081
10080
10075
10074
10067
10063
10062
10059
10058
10054
10048
10048
10047
10043
10039
10037
10036
10035
10030
10027
10023
10022
10014
10006
10003
10003
10001
9991
9980
9979
9979
9978
9966
9961
9958
9949
9946
9943
9942
9942
9933
9931
9931
9930
9925
9922
9918
9917
9914
9912
9911
9907
9895
9894
9894
9892
9891
9888
9886
9882
9879
9874
9869
9868
9867
9865
9863
9863
9861
9859
9857
9855
9853
9852
9849
9835
9832
9830
9830
9830
9829
9825
9823
9822
9821
9820
9824
9816
9815
9815
9803
9800
9794
9790
9789
9787
9779
9778
9773
9771
9768
9762
9761
9757
9749
9749
9746
9744
9741
9729
9727
9719
9716
9698
9697
9696
9694
9688
9689
9682
9681
9669
9667
9666
9662
9659
9656
9656
9655
9655
9647
9645
9643
9646
9632
9632
9620
9617
9611
9604
9602
9598
9596
9594
9593
9590
9588
9585
9581
9581
9577
9576
9575
9575
9566
9565
9558
9556
9545
9540
9540
9534
9531
9530
9527
9520
9519
9517
9514
9514
9511
9510
9506
9506
9504
9497
9493
9492
9491
9491
9490
9490
9488
9478
9477
9470
9465
9465
9464
9462
9456
9452
9444
9435
9423
9420
9415
9411
9411
9409
9401
9400
9400
9399
9397
9392
9391
9389
9387
9382
9381
9380
9379
9378
9376
9376
9376
9375
9375
9362
9350
9349
9345
9343
9340
9340
9339
9337
9323
9317
9310
9306
9303
9297
9292
9291
9289
9289
9286
9285
9285
9284
9279
9269
9263
9262
9261
9260
9259
9258
9255
9251
9249
9249
9246
9245
9239
9227
9226
9219
9216
9209
9206
9205
9202
9202
9195
9194
9193
9188
9184
9182
9180
9177
9173
9173
9170
9168
9166
9171
9163
9157
9156
9151
9142
9142
9139
9137
9129
9128
9125
9119
9110
9104
9103
9096
9093
9087
9086
9083
9082
9082
9071
9065
9064
9064
9061
9060
9056
9056
9053
9052
9051
9045
9045
9039
9035
9032
9032
9031
9028
9027
9027
9026
9016
9015
9020
9003
8995
8994
8992
8979
8978
8976
8973
8972
8965
8964
8962
8957
8956
8955
8954
8952
8943
8943
8936
8935
8934
8932
8929
8923
8922
8921
8910
8910
8909
8907
8903
8900
8896
8894
8887
8886
8880
8878
8873
8869
8864
8863
8861
8858
8857
8854
8854
8853
8853
8846
8845
8844
8840
8838
8836
8835
8834
8833
8829
8825
8820
8819
8818
8817
8817
8816
8816
8815
8812
8808
8803
8802
8798
8797
8789
8786
8779
8774
8774
8773
8771
8769
8768
8767
8766
8766
8762
8759
8750
8750
8746
8746
8745
8744
8742
8741
8739
8737
8735
8735
8734
8722
8713
8704
8700
8697
8696
8689
8686
8683
8677
8669
8669
8668
8665
8663
8659
8656
8655
8654
8651
8649
8644
8643
8640
8634
8632
8627
8623
8623
8619
8626
8616
8608
8605
8604
8604
8601
8597
8596
8595
8594
8592
8590
8588
8588
8586
8585
8614
8576
8575
8573
8566
8562
8553
8547
8546
8543
8540
8539
8537
8533
8527
8527
8526
8524
8520
8517
8513
8504
8487
8484
8481
8479
8478
8476
8480
8471
8464
8462
8454
8453
8443
8438
8433
8428
8425
8424
8413
8407
8406
8402
8401
8400
8400
8410
8399
8391
8390
8388
8374
8370
8369
8369
8360
8358
8352
8347
8345
8345
8336
8334
8334
8334
8333
8333
8332
8327
8327
8324
8322
8322
8319
8318
8316
8315
8328
8313
8311
8310
8305
8304
8303
8298
8297
8295
8282
8281
8280
8275
8274
8273
8266
8265
8263
8258
8258
8258
8256
8255
8253
8239
8238
8238
8237
8234
8232
8231
8230
8229
8227
8224
8224
8221
8220
8218
8212
8211
8208
8198
8189
8185
8182
8179
8176
8174
8172
8172
8164
8163
8163
8162
8162
8161
8160
8158
8157
8156
8156
8156
8154
8149
8139
8139
8139
8135
8134
8128
8128
8127
8125
8122
8119
8118
8117
8116
8113
8113
8113
8111
8110
8102
8100
8099
8098
8095
8095
8093
8093
8091
8089
8088
8084
8084
8082
8074
8073
8071
8071
8070
8068
8068
8091
8066
8064
8064
8063
8059
8057
8055
8054
8039
8035
8035
8032
8086
8025
8020
8018
8017
8014
8013
8013
8012
8011
8009
8005
8005
8004
8001
8001
8000
7999
7990
7985
7985
7974
7973
7970
7969
7966
7963
7963
7962
7961
7959
7958
7955
7952
7945
7941
7920
7914
7912
7910
7789
7897
7896
7894
7893
7891
7891
7880
7877
7856
7856
7854
7852
7848
7846
7842
7842
7823
7823
7821
7821
7821
7817
7816
7813
7813
7810
7802
7798
7794
7790
7787
7781
7777
7777
7776
7770
7769
7768
7761
7760
7755
7753
7749
7746
7741
7740
7740
7739
7737
7731
7730
7727
7725
7723
7723
7712
7712
7711
7710
7710
7709
7702
7694
7685
7682
7681
7680
7677
7676
7676
7670
7670
7669
7669
7666
7664
7663
7662
7661
7661
7657
7652
7651
7651
7649
7646
7642
7635
7630
7630
7629
7629
7626
7626
7626
7625
7624
7624
7624
7622
7621
7621
7619
7618
7618
7617
7615
7615
7607
7607
7601
7596
7591
7585
7584
7580
7580
7606
7579
7578
7576
7572
7569
7569
7567
7567
7560
7560
7549
7547
7544
7543
7542
7540
7538
7538
7541
7536
7535
7535
7533
7532
7531
7530
7529
7526
7526
7524
7523
7522
7521
7520
7517
7508
7507
7499
7498
7497
7491
7487
7485
7483
7483
7480
7478
7476
7475
7465
7465
7464
7462
7461
7451
7450
7450
7450
7444
7441
7435
7428
7427
7423
7421
7418
7417
7414
7413
7413
7412
7412
7411
7410
7408
7407
7405
7404
7403
7400
7399
7397
7396
7394
7394
7387
7387
7386
7386
7380
7379
7375
7374
7371
7370
7368
7367
7366
7364
7364
7363
7359
7359
7359
7357
7350
7350
7341
7334
7333
7332
7330
7326
7322
7321
7317
7309
7304
7294
7288
7286
7282
7277
7276
7274
7273
7273
7268
7268
7265
7257
7255
7250
7249
7248
7246
7244
7244
7243
7243
7242
7238
7237
7235
7233
7224
7212
7210
7210
7209
7203
7200
7199
7193
7189
7187
7185
7185
7180
7172
7170
7168
7166
7165
7165
7165
7162
7161
7161
7160
7160
7156
7147
7142
7141
7140
7140
7138
7138
7138
7136
7136
7069
7149
7130
7130
7130
7127
7126
7125
7124
7122
7120
7117
7112
7107
7107
7105
7102
7101
7101
7093
7092
7091
7091
7091
7090
7085
7078
7076
7076
7076
7095
7074
7073
7062
7061
7058
7063
7052
7052
7049
7048
7044
7041
7040
7039
7035
7037
7030
7028
7026
7024
7018
7017
7017
7016
7013
7013
7011
7010
7009
7008
7004
7004
7001
7000
7000
6995
6993
6992
6990
6988
6979
6978
6978
6976
6976
6970
6968
6966
6966
6963
6963
6960
6959
6959
6954
6953
6953
6950
6942
6941
6940
6939
6937
6937
6936
6934
6934
6933
6932
6931
6968
6929
6928
6928
6926
6918
6916
6915
6914
6911
6908
6905
6901
6899
6897
6896
6894
6893
6891
6891
6889
6885
6885
6885
6883
6880
6880
6875
6870
6870
6866
6863
6863
6857
6855
6847
6846
6841
6841
6839
6839
6837
6834
6829
6829
6816
6814
6812
6801
6799
6793
6792
6791
6787
6786
6783
6778
6777
6775
6774
6773
6773
6771
6767
6765
6764
6760
6759
6758
6757
6756
6755
6754
6753
6750
6750
6748
6747
6744
6742
6741
6741
6736
6735
6734
6732
6730
6726
6725
6723
6721
6719
6715
6715
6713
6712
6705
6703
6702
6699
6698
6693
6693
6692
6692
6690
6687
6686
6681
6679
6676
6676
6674
6673
6673
6673
6672
6672
6672
6668
6668
6667
6666
6664
6657
6656
6656
6653
6650
6647
6647
6642
6641
6640
6636
6635
6634
6632
6631
6630
6626
6624
6622
6617
6616
6615
6613
6612
6611
6610
6609
6648
6602
6600
6599
6597
6594
6594
6591
6591
6590
6589
6586
6575
6560
6570
6569
6568
6566
6557
6556
6556
6556
6554
6546
6545
6541
6541
6538
6534
6531
6529
6525
6523
6522
6521
6520
6518
6518
6513
6513
6510
6509
6506
6505
6504
6502
6497
6493
6490
6488
6487
6486
6485
6479
6479
6473
6470
6467
6466
6466
6462
6459
6446
6446
6446
6444
6443
6440
6440
6435
6434
6433
6426
6426
6425
6425
6423
6422
6421
6421
6420
6418
6416
6414
6414
6405
6404
6404
6403
6399
6399
6397
6395
6390
6388
6387
6383
6381
6380
6380
6378
6377
6377
6376
6374
6373
6372
6369
6367
6366
6364
6363
6360
6359
6355
6355
6354
6352
6351
6351
6350
6361
6349
6346
6354
6343
6342
6340
6340
6335
6333
6332
6326
6321
6320
6315
6314
6314
6314
6314
6307
6306
6304
6303
6303
6302
6301
6300
6298
6297
6295
6294
6286
6286
6281
6279
6278
6278
6276
6274
6271
6271
6269
6268
6267
6266
6264
6264
6262
6261
6258
6256
6256
6254
6253
6252
6251
6245
6243
6242
6240
6239
6237
6236
6234
6233
6232
6232
6228
6228
6227
6227
6226
6220
6217
6216
6214
6212
6211
6210
6210
6208
6208
6206
6204
6204
6201
6201
6200
6200
6199
6198
6194
6192
6187
6184
6184
6183
6178
6177
6176
6174
6168
6168
6163
6163
6163
6163
6162
6160
6157
6156
6146
6145
6145
6143
6140
6139
6139
6137
6135
6135
6129
6126
6123
6121
6118
6117
6115
6114
6113
6113
6113
6110
6116
6104
6103
6103
6102
6100
6121
6096
6095
6093
6090
6089
6089
6088
6087
6083
6080
6077
6074
6073
6069
6067
6066
6065
6061
6059
6056
6051
6051
6047
6045
6044
6043
6042
6042
6040
6040
6039
6037
6034
6033
6032
6032
6030
6027
6026
6025
6023
6023
6024
6021
6019
6019
6018
6016
6014
6008
6004
6003
5993
5992
5991
5989
5987
5986
5985
5983
5976
5975
5974
5973
5972
5972
5971
5968
5968
5967
5964
5963
5961
5960
5960
5957
5957
5957
5957
5954
5952
5951
5950
5948
5948
5947
5947
5943
5943
5940
5940
5939
5934
5930
5923
5923
5923
5923
5921
5919
5918
5917
5916
5915
5911
5911
5910
5908
5907
5903
5902
5902
5898
5898
5892
5890
5889
5888
5884
5882
5878
5878
5876
5873
5872
5871
5868
5864
5861
5856
5855
5853
5852
5852
5851
5848
5848
5847
5847
5842
5840
5838
5834
5833
5832
5830
5828
5826
5826
5826
5824
5822
5822
5822
5820
5819
5816
5816
5816
5816
5815
5811
5811
5810
5809
5809
5808
5808
5808
5805
5799
5797
5794
5794
5794
5793
5788
5787
5785
5746
5780
5776
5776
5776
5775
5771
5770
5767
5765
5762
5761
5761
5761
5758
5756
5755
5750
5748
5745
5745
5744
5744
5743
5741
5741
5741
5740
5740
5737
5737
5736
5736
5733
5732
5731
5730
5727
5723
5723
5721
5720
5719
5700
5716
5716
5715
5713
5713
5713
5713
5711
5709
5709
5709
5706
5705
5708
5703
5701
5698
5697
5695
5693
5692
5691
5691
5685
5685
5685
5684
5682
5681
5681
5681
5679
5678
5678
5678
5677
5674
5674
5674
5673
5669
5668
5667
5665
5664
5664
5663
5661
5660
5660
5658
5658
5658
5656
5654
5654
5652
5651
5648
5647
5644
5643
5640
5639
5639
5638
5634
5634
5634
5633
5630
5629
5625
5619
5617
5616
5616
5615
5615
5613
5612
5611
5609
5608
5606
5605
5604
5603
5601
5601
5596
5592
5591
5589
5587
5587
5585
5584
5579
5577
5573
5572
5571
5569
5568
5568
5569
5563
5561
5561
5557
5556
5555
5563
5553
5549
5547
5546
5544
5541
5535
5534
5532
5529
5529
5528
5527
5523
5521
5520
5518
5518
5514
5513
5513
5511
5509
5509
5509
5509
5504
5504
5503
5503
5500
5497
5496
5493
5492
5491
5490
5490
5488
5488
5487
5487
5487
5486
5486
5485
5482
5481
5480
5480
5478
5477
5477
5476
5476
5475
5473
5475
5472
5471
5470
5467
5467
5465
5461
5460
5458
5457
5456
5454
5454
5452
5450
5450
5450
5449
5449
5448
5445
5443
5443
5439
5438
5437
5437
5436
5435
5434
5434
5432
5432
5432
5426
5423
5423
5423
5419
5416
5414
5413
5411
5407
5405
5404
5404
5404
5403
5403
5403
5407
5396
5395
5395
5393
5391
5390
5389
5385
5385
5380
5376
5376
5375
5375
5375
5372
5372
5371
5371
5367
5367
5366
5365
5365
5364
5363
5361
5358
5357
5353
5349
5346
5342
5341
5339
5339
5338
5335
5335
5334
5333
5332
5330
5328
5324
5324
5323
5321
5320
5320
5317
5315
5312
5305
5303
5302
5297
5296
5295
5294
5294
5292
5292
5292
5291
5291
5290
5287
5287
5285
5284
5283
5283
5282
5281
5278
5277
5267
5267
5264
5263
5263
5263
5261
5256
5255
5255
5254
5253
5252
5251
5248
5246
5243
5240
5240
5238
5127
5237
5236
5236
5234
5233
5233
5233
5232
5231
5231
5230
5230
5230
5230
5229
5229
5228
5227
5227
5225
5222
5222
5221
5216
5214
5213
5212
5212
5210
5209
5203
5199
5199
5198
5197
5195
5192
5192
5191
5191
5190
5189
5188
5187
5187
5186
5184
5181
5180
5180
5177
5175
5173
5172
5171
5171
5170
5168
5166
5165
5163
5162
5162
5158
5158
5158
5157
5157
5156
5155
5153
5153
5152
5151
5149
5148
5147
5146
5145
5143
5142
5142
5141
5140
5137
5137
5137
5136
5135
5135
5135
5135
5135
5132
5131
5128
5125
5125
5124
5123
5122
5120
5118
5118
5114
5113
5112
5112
5109
5107
5107
5107
5107
5105
5105
5103
5102
5101
5096
5095
5091
5089
5087
5087
5086
5086
5084
5082
5081
5080
5078
5077
5074
5068
5067
5063
5063
5061
5060
5060
5060
5059
5057
5057
5057
5055
5045
5045
5044
5042
5042
5042
5042
5042
5041
5041
5040
5040
5039
5038
5038
5034
5034
5033
5032
5031
5030
5029
5029
5028
5027
5023
5023
5021
5021
5019
5014
5013
5013
5012
5012
5010
5006
5004
5003
5001
5000
5000
4999
4998
4996
4995
4994
4993
4993
4993
4992
4990
4989
4989
4987
4987
4987
4987
4985
4982
4981
4978
4978
4976
4976
4974
4973
4973
4971
4968
4968
4966
4965
4962
4960
4960
4960
4959
4958
4952
4951
4950
4949
4948
4947
4947
4947
4946
4946
4946
4946
4945
4942
4942
4942
4940
4939
4938
4937
4934
4933
4933
4932
4930
4924
4923
4918
4917
4916
4914
4910
4909
4909
4907
4904
4904
4903
4901
4901
4900
4898
4898
4898
4895
4894
4893
4890
4889
4888
4886
4886
4885
4884
4883
4883
4881
4880
4880
4878
4878
4881
4875
4873
4872
4871
4867
4867
4866
4866
4865
4862
4859
4855
4855
4854
4854
4852
4852
4851
4850
4850
4848
4848
4846
4843
4842
4840
4839
4837
4834
4833
4832
4831
4831
4830
4830
4826
4825
4824
4823
4822
4819
4818
4816
4814
4813
4811
4809
4808
4808
4807
4807
4804
4804
4803
4803
4802
4802
4801
4798
4798
4796
4796
4806
4792
4792
4792
4792
4790
4790
4790
4790
4788
4788
4788
4787
4787
4787
4786
4784
4784
4783
4782
4780
4779
4774
4772
4771
4770
4765
4765
4765
4764
4760
4760
4759
4759
4758
4758
4758
4756
4755
4754
4754
4754
4750
4748
4747
4747
4746
4744
4744
4743
4742
4740
4739
4738
4736
4734
4734
4732
4731
4731
4730
4728
4728
4727
4726
4719
4717
4717
4716
4716
4716
4713
4712
4711
4709
4707
4706
4705
4702
4701
4700
4699
4699
4698
4698
4698
4697
4696
4695
4693
4693
4692
4691
4691
4689
4687
4687
4687
4682
4682
4682
4681
4681
4680
4678
4677
4676
4675
4674
4668
4666
4665
4663
4663
4662
4661
4661
4660
4660
4660
4659
4658
4658
4658
4657
4655
4653
4651
4650
4650
4650
4650
4649
4647
4647
4646
4645
4645
4644
4642
4641
4640
4639
4638
4637
4637
4636
4635
4635
4634
4634
4633
4630
4630
4626
4626
4625
4624
4623
4622
4619
4619
4619
4619
4618
4617
4615
4615
4615
4613
4610
4609
4607
4607
4607
4605
4602
4602
4601
4600
4598
4596
4596
4595
4592
4588
4586
4586
4583
4583
4582
4581
4581
4581
4580
4579
4577
4576
4573
4571
4571
4569
4568
4567
4567
4566
4566
4574
4565
4562
4561
4561
4561
4559
4559
4559
4557
4556
4555
4555
4555
4554
4553
4442
4551
4551
4550
4555
4549
4549
4549
4549
4548
4547
4547
4547
4547
4547
4546
4546
4545
4545
4542
4542
4540
4539
4537
4537
4534
4533
4531
4529
4529
4528
4528
4526
4526
4524
4523
4522
4522
4522
4521
4521
4518
4517
4516
4516
4515
4513
4513
4512
4512
4512
4511
4511
4510
4508
4507
4506
4501
4500
4500
4500
4498
4497
4496
4496
4494
4493
4492
4490
4489
4487
4487
4486
4486
4486
4486
4483
4481
4500
4476
4476
4475
4474
4472
4471
4471
4471
4471
4471
4471
4470
4470
4470
4470
4466
4466
4466
4464
4462
4462
4461
4461
4461
4460
4458
4458
4458
4458
4457
4454
4454
4454
4453
4452
4451
4450
4450
4450
4448
4448
4448
4448
4446
4446
4445
4442
4442
4441
4440
4438
4437
4436
4435
4435
4434
4432
4432
4430
4430
4430
4429
4428
4428
4427
4427
4426
4425
4425
4425
4424
4422
4421
4421
4420
4419
4415
4413
4413
4412
4412
4412
4416
4410
4409
4409
4408
4407
4406
4406
4405
4404
4403
4403
4402
4402
4401
4400
4399
4397
4394
4394
4393
4392
4391
4390
4390
4390
4390
4388
4387
4387
4386
4386
4385
4385
4385
4384
4383
4382
4380
4380
4379
4379
4377
4376
4376
4374
4373
4373
4373
4371
4370
4370
4368
4367
4366
4365
4365
4362
4362
4362
4359
4358
4358
4357
4357
4357
4356
4354
4354
4351
4349
4349
4348
4346
4346
4345
4344
4343
4343
4343
4342
4341
4341
4341
4340
4339
4338
4337
4336
4335
4333
4332
4331
4331
4330
4330
4330
4329
4327
4327
4328
4327
4325
4323
4317
4317
4317
4316
4316
4316
4315
4314
4314
4313
4313
4312
4312
4312
4312
4311
4311
4310
4310
4308
4308
4308
4308
4306
4305
4304
4304
4302
4316
4302
4301
4300
4300
4299
4298
4297
4296
4295
4295
4295
4294
4293
4291
4291
4291
4289
4288
4287
4285
4284
4284
4278
4278
4277
4277
4275
4274
4273
4272
4271
4271
4270
4270
4269
4269
4263
4262
4262
4262
4261
4258
4257
4256
4256
4255
4253
4253
4252
4251
4250
4249
4248
4248
4248
4248
4247
4246
4245
4245
4245
4244
4242
4240
4240
4240
4239
4238
4238
4237
4236
4235
4233
4233
4232
4232
4232
4231
4230
4230
4229
4229
4229
4228
4228
4227
4227
4226
4226
4225
4224
4224
4223
4223
4223
4222
4222
4221
4221
4220
4219
4218
4218
4217
4217
4216
4216
4215
4215
4215
4215
4214
4213
4212
4212
4212
4211
4211
4210
4209
4207
4205
4204
4203
4203
4202
4201
4200
4199
4199
4198
4198
4197
4195
4195
4195
4193
4192
4192
4191
4190
4189
4189
4188
4186
4186
4185
4182
4181
4180
4179
4178
4176
4176
4185
4173
4173
4173
4172
4171
4171
4170
4170
4169
4168
4167
4166
4166
4164
4164
4162
4157
4157
4155
4155
4155
4155
4155
4154
4154
4151
4150
4148
4147
4146
4144
4144
4143
4141
4141
4141
4140
4138
4138
4138
4138
4136
4136
4135
4134
4134
4132
4131
4131
4131
4131
4131
4131
4129
4129
4127
4126
4124
4124
4122
4122
4120
4119
4117
4116
4116
4115
4114
4114
4112
4111
4109
4108
4108
4107
4105
4103
4101
4101
4098
4098
4097
4097
4097
4095
4095
4094
4094
4093
4091
4090
4090
4090
4090
4089
4089
4088
4087
4086
4086
4085
4084
4083
4082
4080
4080
4079
4079
4078
4078
4078
4077
4075
4075
4075
4074
4072
4072
4070
4098
4069
4068
4068
4067
4066
4065
4064
4064
4063
4061
4060
4059
4059
4058
4057
4057
4057
4056
4056
4056
4055
4055
4053
4053
4053
4052
4050
4049
4049
4048
4048
4048
4048
4048
4047
4047
4044
4044
4044
4043
4041
4039
4038
4038
4037
4034
4033
4032
4041
4031
4030
4030
4030
4029
4029
4028
4027
4027
4030
4024
4024
4024
4024
4023
4023
4023
4021
4019
4016
4015
4015
4012
4010
4008
4006
4006
4006
4004
4001
4000
3999
3998
3997
3997
3996
3994
3994
3993
3993
3993
3991
3990
3989
3989
3989
3988
3987
3987
3987
3987
3986
3986
3986
3984
3984
3983
3983
3983
3982
3985
3981
3980
3980
3979
3979
3976
3975
3975
3974
3974
3974
3973
3972
3972
3972
3972
3972
3970
3970
3970
3967
3966
3965
3964
3964
3963
3962
3962
3962
3961
3959
3958
3957
3957
3955
3955
3955
3954
3953
3952
3951
3951
3951
3950
3949
3948
3947
3946
3945
3942
3942
3941
3941
3940
3940
3940
3940
3940
3940
3939
3939
3943
3937
3937
3935
3934
3934
3933
3933
3932
3930
3930
3929
3929
3928
3928
3927
3926
3926
3925
3924
3924
3923
3923
3922
3922
3921
3921
3920
3920
3919
3919
3918
3917
3917
3917
3917
3915
3915
3915
3915
3929
3912
3911
3910
4002
3908
3908
3907
3907
3905
3905
3905
3905
3903
3903
3903
3903
3902
3902
3900
3898
3894
3893
3896
3892
3892
3892
3892
3889
3889
3889
3888
3888
3888
3886
3886
3885
3885
3885
3883
3882
3882
3881
3875
3875
3874
3871
3869
3868
3868
3867
3867
3866
3866
3866
3865
3865
3865
3864
3864
3861
3860
3860
3859
3858
3857
3856
3855
3855
3855
3855
3853
3853
3853
3852
3852
3851
3851
3850
3850
3848
3848
3848
3846
3846
3845
3844
3841
3838
3838
3838
3838
3837
3836
3834
3833
3832
3832
3831
3830
3829
3828
3827
3827
3827
3827
3825
3825
3825
3824
3824
3823
3823
3823
3827
3820
3820
3819
3818
3818
3816
3816
3815
3815
3815
3813
3813
3813
3813
3811
3811
3810
3810
3810
3807
3806
3806
3806
3805
3805
3804
3804
3804
3803
3802
3801
3801
3799
3797
3797
3795
3793
3792
3791
3791
3791
3790
3789
3789
3788
3788
3793
3785
3785
3784
3782
3782
3781
3781
3779
3778
3777
3775
3774
3773
3773
3772
3772
3772
3771
3771
3771
3770
3768
3765
3764
3764
3764
3763
3762
3762
3761
3761
3760
3760
3759
3759
3759
3758
3758
3757
3756
3756
3756
3755
3754
3749
3748
3748
3748
3747
3745
3744
3744
3742
3742
3741
3741
3741
3740
3739
3737
3736
3736
3734
3730
3729
3728
3728
3727
3727
3725
3725
3724
3724
3722
3721
3721
3720
3720
3720
3720
3718
3718
3717
3716
3712
3711
3711
3711
3719
3710
3708
3707
3707
3706
3705
3705
3703
3703
3703
3702
3702
3701
3700
3700
3700
3699
3699
3699
3698
3697
3696
3696
3695
3694
3694
3694
3692
3691
3689
3689
3689
3686
3685
3683
3681
3681
3681
3681
3681
3680
3680
3679
3679
3679
3678
3677
3677
3676
3676
3676
3675
3673
3672
3671
3671
3669
3668
3668
3667
3666
3665
3663
3663
3663
3659
3659
3659
3659
3658
3657
3656
3655
3655
3655
3654
3653
3653
3653
3652
3651
3650
3650
3647
3647
3663
3646
3646
3645
3645
3644
3644
3643
3642
3640
3639
3639
3638
3636
3635
3634
3633
3633
3632
3632
3632
3630
3630
3630
3629
3629
3629
3628
3627
3626
3626
3626
3626
3625
3624
3624
3624
3623
3623
3623
3621
3621
3621
3620
3620
3619
3619
3618
3617
3616
3615
3614
3613
3613
3612
3611
3611
3611
3611
3611
3611
3610
3610
3610
3609
3609
3608
3607
3606
3606
3603
3603
3602
3601
3600
3600
3600
3599
3599
3598
3597
3596
3596
3596
3596
3596
3594
3594
3593
3592
3592
3592
3590
3590
3589
3589
3589
3589
3588
3587
3586
3586
3585
3585
3585
3585
3584
3584
3584
3584
3584
3583
3583
3583
3582
3581
3581
3581
3580
3580
3579
3579
3579
3579
3579
3578
3578
3577
3577
3576
3576
3576
3575
3574
3573
3573
3572
3571
3571
3571
3571
3571
3571
3570
3570
3569
3569
3569
3568
3568
3568
3568
3566
3566
3565
3564
3564
3564
3563
3563
3563
3562
3561
3558
3556
3555
3555
3554
3554
3553
3552
3552
3550
3550
3557
3549
3549
3549
3548
3548
3548
3548
3548
3547
3547
3547
3545
3544
3544
3543
3542
3540
3540
3539
3539
3539
3538
3538
3538
3537
3537
3535
3534
3534
3533
3532
3532
3531
3531
3530
3529
3527
3527
3526
3526
3525
3525
3524
3524
3524
3521
3521
3520
3520
3520
3519
3518
3517
3517
3517
3516
3516
3514
3514
3514
3512
3512
3512
3510
3510
3509
3509
3507
3507
3507
3506
3506
3505
3503
3502
3502
3502
3501
3501
3500
3499
3499
3498
3498
3498
3498
3497
3497
3496
3495
3494
3494
3493
3493
3493
3493
3493
3492
3492
3491
3490
3490
3489
3488
3487
3487
3487
3486
3485
3485
3485
3485
3484
3484
3484
3483
3482
3479
3479
3479
3478
3477
3477
3476
3476
3476
3475
3474
3474
3474
3473
3473
3473
3472
3471
3470
3470
3470
3470
3469
3468
3468
3468
3467
3467
3467
3466
3465
3465
3464
3463
3462
3461
3461
3460
3459
3459
3459
3458
3458
3457
3456
3455
3455
3453
3453
3453
3453
3452
3451
3449
3454
3448
3447
3446
3445
3445
3445
3445
3444
3445
3442
3442
3441
3440
3440
3440
3439
3436
3435
3434
3434
3431
3431
3431
3431
3430
3430
3428
3428
3428
3427
3427
3426
3426
3425
3424
3422
3422
3424
3421
3419
3419
3419
3418
3418
3418
3418
3417
3417
3416
3416
3415
3414
3414
3414
3413
3411
3411
3411
3407
3405
3404
3402
3399
3399
3399
3399
3399
3398
3396
3396
3396
3395
3395
3395
3394
3393
3392
3389
3389
3389
3389
3389
3388
3386
3428
3385
3384
3383
3382
3382
3381
3380
3380
3380
3379
3379
3373
3373
3372
3371
3371
3371
3370
3366
3365
3365
3365
3364
3364
3364
3363
3363
3362
3361
3359
3359
3359
3359
3358
3358
3358
3358
3355
3355
3355
3354
3354
3354
3353
3352
3351
3350
3350
3350
3349
3349
3349
3349
3348
3348
3348
3347
3347
3346
3346
3345
3344
3344
3343
3343
3342
3342
3342
3342
3341
3340
3340
3340
3339
3339
3338
3337
3337
3335
3334
3333
3333
3332
3332
3332
3332
3332
3331
3330
3330
3330
3329
3328
3327
3327
3326
3325
3323
3322
3322
3321
3319
3319
3319
3317
3316
3316
3315
3315
3205
3314
3314
3313
3313
3312
3311
3309
3308
3308
3308
3308
3308
3307
3307
3307
3307
3307
3307
3306
3306
3306
3303
3302
3301
3300
3298
3298
3296
3294
3293
3293
3293
3292
3292
3292
3290
3290
3290
3290
3289
3288
3287
3285
3284
3283
3282
3281
3281
3281
3281
3281
3280
3280
3279
3279
3278
3278
3277
3277
3276
3276
3275
3274
3274
3273
3273
3273
3272
3272
3272
3272
3271
3270
3270
3270
3270
3269
3268
3266
3266
3266
3264
3264
3264
3263
3262
3261
3260
3259
3257
3256
3255
3254
3254
3253
3253
3252
3249
3249
3249
3248
3246
3245
3244
3244
3244
3243
3243
3241
3241
3240
3240
3240
3239
3239
3238
3238
3238
3238
3237
3236
3236
3236
3235
3234
3234
3234
3234
3234
3233
3232
3231
3231
3230
3230
3230
3229
3228
3228
3228
3228
3228
3227
3227
3225
3225
3225
3224
3224
3223
3223
3221
3221
3220
3220
3219
3219
3218
3218
3218
3217
3217
3217
3216
3216
3214
3214
3213
3213
3213
3212
3212
3211
3211
3210
3210
3209
3209
3208
3208
3205
3205
3204
3204
3204
3203
3203
3203
3203
3202
3202
3202
3201
3200
3206
3199
3199
3197
3197
3197
3197
3196
3195
3195
3193
3192
3192
3191
3191
3191
3191
3191
3190
3190
3190
3189
3189
3188
3188
3188
3188
3186
3186
3186
3184
3184
3184
3181
3181
3188
3180
3180
3180
3180
3179
3179
3179
3179
3179
3178
3178
3177
3177
3177
3176
3174
3174
3173
3173
3172
3171
3171
3171
3170
3170
3170
3169
3169
3169
3169
3168
3167
3167
3165
3164
3164
3164
3163
3163
3162
3162
3162
3161
3161
3160
3160
3160
3160
3159
3158
3158
3157
3157
3156
3156
3155
3155
3154
3154
3153
3153
3153
3153
3152
3152
3152
3151
3150
3150
3150
3150
3149
3149
3149
3149
3148
3148
3147
3147
3146
3146
3146
3146
3145
3145
3145
3144
3144
3171
3144
3143
3142
3141
3141
3141
3139
3139
3138
3138
3138
3138
3138
3137
3136
3136
3135
3135
3135
3135
3134
3134
3133
3132
3131
3131
3131
3131
3130
3130
3130
3129
3129
3128
3128
3128
3128
3127
3127
3127
3127
3127
3127
3126
3126
3126
3125
3125
3124
3124
3124
3124
3123
3122
3138
3121
3120
3120
3119
3119
3119
3118
3117
3117
3116
3116
3115
3115
3114
3113
3113
3113
3112
3112
3112
3112
3112
3110
3109
3109
3109
3108
3108
3107
3106
3106
3106
3106
3104
3104
3104
3104
3102
3102
3102
3101
3100
3100
3100
3100
3099
3098
3098
3098
3098
3098
3097
3097
3096
3095
3095
3095
3094
3094
3090
3089
3089
3089
3088
3088
3088
3087
3087
3087
3086
3086
3085
3085
3085
3085
3083
3083
3083
3082
3082
3082
3081
3081
3081
3080
3080
3079
3079
3078
3078
3077
3077
3076
3076
3075
3075
3074
3074
3073
3073
3073
3072
3072
3072
3071
3071
3071
3070
3069
3068
3068
3067
3067
3066
3065
3064
3063
3063
3062
3061
3061
3061
3060
3060
3060
3060
3060
3060
3059
3059
3059
3059
3058
3058
3058
3058
3057
3056
3056
3056
3055
3055
3054
3054
3053
3053
3053
3053
3052
3051
3051
3065
3049
3049
3049
3049
3048
3047
3047
3045
3045
3045
3045
3045
3044
3043
3043
3043
3042
3041
3041
3037
3037
3036
3035
3035
3035
3035
3033
3033
3033
3033
3033
3031
3031
3031
3030
3029
3029
3028
3028
3027
3027
3026
3026
3026
3025
3024
3024
3024
3024
3021
3021
3021
3020
3019
3019
3018
3018
3017
3017
3017
3017
3017
3017
3016
3015
3015
3015
3015
3015
3015
3013
3012
3012
3012
3012
3012
3011
3010
3010
3010
3009
3009
3009
3008
3008
3008
3008
3008
3007
3007
3004
3004
3004
3004
3004
3004
3003
3003
3003
3003
3003
3002
3002
3001
3000
3000
