653100
495258
451378
398075
323725
319298
306477
288487
231177
223308
218822
211867
157393
150916
145540
140357
124566
122899
122534
120102
109791
105598
101831
99228
94771
89105
88306
87659
80865
80078
77831
75980
73497
71006
70174
69119
68770
68605
68461
67006
65663
65424
63357
62577
59274
58853
58786
58636
58315
57911
57635
56181
55233
53492
53436
52671
52495
51809
51385
50495
50100
49490
49373
48257
47447
46857
46357
46066
45505
44930
44676
44394
44326
44165
43811
42821
42352
42093
41509
41494
41341
41285
41252
41243
41064
41014
40758
40740
40487
39920
39790
39683
38919
38809
38524
38398
38326
38316
38159
38117
37901
37881
37427
36662
36596
36326
36034
35530
35321
34608
34526
34197
33814
33776
33574
32903
32698
32680
32597
32559
31521
31361
31235
31201
31141
30850
30801
30767
30226
29883
29494
29398
29367
29357
28954
28580
28555
28524
28336
27616
27615
27587
27535
27393
27302
27214
26680
26613
26402
26374
26331
26044
26002
25968
25642
25639
25494
25109
24813
24524
24075
24013
24001
23945
23921
23619
23603
23496
23459
23334
23132
23104
23062
23003
22831
22533
22347
22234
21936
21893
21862
21812
21801
21726
21668
21614
21542
21396
21134
21114
21058
20990
20909
20861
20846
20825
20723
20719
20691
20678
20674
20665
20636
20624
20415
20283
20133
20104
19994
19923
19867
19849
19611
19420
19297
19241
19159
19058
18970
18922
18882
18865
18826
18772
18718
18673
18658
18641
18627
18592
18446
18444
18435
18424
18400
18273
18262
18207
18107
18100
18092
18077
18021
18013
17953
17935
17915
17885
17794
17777
17747
17680
17630
17611
17548
17548
17488
17463
17438
17437
17404
17402
17388
17382
17310
17269
17197
17065
17051
17005
16976
16936
16811
16785
16769
16698
16660
16569
16548
16531
16481
16456
16435
16375
16262
16246
16137
16040
16016
15988
15985
15971
15928
15911
15906
15875
15856
15736
15696
15627
15600
15591
15525
15518
15432
15329
15271
15174
15162
15138
15080
14981
14965
14952
14926
14916
14910
14894
14877
14772
14683
14650
14642
14593
14579
14560
14543
14454
14442
14428
14419
14337
14313
14288
14219
14182
14159
14105
14105
14060
14025
14024
13963
13898
13843
13808
13780
13756
13712
13693
13654
13643
13632
13565
13488
13475
13456
13418
13417
13398
13395
13368
13292
13278
13270
13231
13230
13199
13194
13154
13149
13120
13116
13113
13110
13084
13070
13055
13053
13031
12969
12929
12916
12888
12882
12867
12861
12839
12823
12800
12793
12782
12781
12746
12736
12727
12652
12639
12628
12626
12611
12605
12571
12527
12510
12478
12446
12435
12396
12314
12307
12251
12249
12249
12219
12210
12135
12124
12109
12104
12021
11978
11971
11952
11935
11911
11820
11809
11792
11774
11759
11758
11756
11664
11663
11651
11644
11613
11597
11585
11580
11539
11505
11504
11448
11447
11436
11415
11387
11355
11350
11342
11338
11312
11302
11289
11276
11248
11238
11170
11153
11148
11109
11014
11012
10991
10966
10943
10917
10911
10904
10789
10787
10777
10752
10747
10709
10705
10690
10688
10645
10642
10627
10624
10616
10574
10557
10525
10513
10503
10491
10476
10472
10444
10435
10412
10392
10392
10391
10384
10374
10366
10328
10309
10304
10288
10267
10266
10265
10265
10251
10235
10213
10204
10202
10177
10173
10137
10133
10133
10129
10125
10117
10091
10083
10071
10061
10060
10048
10032
9994
9977
9973
9951
9940
9904
9903
9880
9877
9841
9820
9814
9813
9796
9771
9767
9761
9757
9720
9705
9690
9688
9665
9660
9658
9648
9644
9642
9635
9611
9611
9610
9603
9602
9586
9583
9568
9564
9555
9552
9547
9490
9490
9479
9479
9440
9439
9439
9405
9361
9333
9333
9331
9329
9326
9326
9310
9310
9297
9271
9269
9250
9238
9230
9225
9219
9208
9206
9198
9196
9179
9174
9151
9137
9089
9071
9047
9022
9021
9020
9017
8993
8985
8969
8954
8924
8912
8909
8902
8895
8885
8853
8842
8817
8812
8805
8795
8794
8790
8788
8788
8786
8773
8766
8764
8762
8762
8754
8730
8723
8715
8712
8706
8695
8691
8681
8679
8657
8655
8653
8634
8609
8609
8604
8591
8590
8568
8561
8561
8547
8531
8530
8525
8517
8513
8501
8501
8488
8481
8466
8438
8424
8415
8412
8408
8401
8394
8386
8375
8351
8347
8346
8346
8336
8333
8317
8309
8291
8291
8283
8240
8239
8235
8222
8198
8196
8175
8170
8151
8131
8129
8126
8117
8113
8111
8101
8098
8094
8043
8042
8015
8010
8006
7996
7990
7989
7972
7968
7952
7934
7901
7898
7895
7881
7875
7868
7866
7866
7849
7848
7839
7827
7825
7823
7798
7795
7787
7771
7765
7763
7753
7746
7745
7744
7734
7711
7702
7701
7698
7693
7669
7662
7662
7656
7654
7627
7609
7605
7596
7576
7573
7571
7569
7563
7543
7539
7534
7532
7518
7508
7504
7459
7451
7447
7439
7437
7433
7424
7416
7415
7406
7406
7402
7398
7397
7393
7355
7375
7369
7357
7356
7341
7341
7309
7300
7294
7291
7286
7285
7279
7276
7268
7268
7265
7242
7240
7239
7237
7211
7210
7209
7194
7190
7182
7180
7172
7171
7164
7154
7148
7143
7134
7132
7126
7109
7109
7099
7088
7083
7071
7062
7053
7049
7044
7043
7035
7028
7022
7022
7021
7008
7001
6993
6976
6956
6953
6965
6947
6942
6939
6933
6929
6923
6906
6903
6889
6876
6871
6865
6865
6856
6850
6835
6825
6825
6804
6805
6773
6773
6771
6769
6768
6761
6759
6755
6751
6750
6746
6729
6712
6709
6701
6682
6675
6661
6654
6635
6627
6617
6610
6610
6586
6582
6578
6574
6573
6570
6565
6560
6537
6532
6523
6519
6505
6493
6489
6485
6454
6452
6451
6441
6440
6437
6432
6427
6425
6418
6398
6398
6392
6388
6388
6370
6341
6337
6333
6326
6317
6305
6300
6294
6292
6266
6263
6257
6248
6241
6237
6230
6225
6225
6219
6196
6196
6191
6178
6176
6175
6170
6163
6149
6138
6128
6119
6117
6108
6107
6106
6093
6090
6076
6072
6068
6067
6064
6063
6063
6061
6041
6023
6020
6013
6011
6009
6005
6000
5995
5995
5992
5985
5981
5977
5973
5969
5962
5962
5960
5956
5956
5945
5943
5937
5933
5912
5912
5898
5886
5868
5863
5858
5851
5843
5839
5829
5821
5805
5804
5785
5773
5765
5762
5760
5749
5743
5726
5722
5721
5711
5710
5708
5708
5708
5707
5707
5692
5687
5685
5679
5677
5671
5671
5670
5670
5666
5656
5653
5644
5633
5630
5616
5612
5611
5609
5595
5585
5584
5564
5562
5558
5556
5552
5551
5547
5539
5539
5539
5532
5527
5523
5520
5514
5513
5513
5512
5509
5507
5504
5503
5498
5491
5490
5490
5489
5488
5485
5484
5476
5467
5466
5460
5456
5453
5452
5432
5430
5429
5425
5423
5411
5409
5399
5399
5392
5382
5382
5374
5360
5344
5342
5341
5340
5338
5336
5335
5334
5314
5312
5309
5305
5303
5297
5296
5293
5287
5284
5281
5278
5277
5266
5265
5253
5249
5243
5237
5234
5231
5224
5220
5216
5208
5207
5200
5194
5192
5187
5182
5180
5168
5155
5152
5152
5147
5145
5141
5127
5125
5121
5113
5109
5109
5108
5104
5099
5095
5095
5095
5094
5093
5089
5086
5082
5076
5060
5056
5049
5040
5040
5027
5026
5017
5006
5004
4995
4994
4985
4979
4975
4964
4961
4950
4949
4947
4945
4945
4943
4932
4932
4932
4931
4926
4925
4917
4910
4909
4902
4901
4897
4891
4891
4891
4889
4889
4877
4873
4872
4871
4866
4859
4851
4849
4849
4845
4840
4831
4831
4828
4824
4823
4820
4812
4807
4798
4793
4786
4766
4763
4763
4760
4750
4746
4742
4739
4733
4733
4732
4730
4711
4705
4701
4697
4692
4687
4681
4680
4680
4678
4677
4674
4671
4669
4668
4662
4653
4650
4649
4642
4636
4633
4626
4609
4608
4607
4607
4597
4585
4579
4576
4573
4569
4563
4555
4553
4551
4550
4547
4545
4543
4543
4543
4537
4537
4534
4530
4529
4527
4527
4523
4522
4515
4510
4508
4501
4500
4498
4492
4481
4481
4480
4478
4473
4471
4460
4449
4446
4445
4444
4443
4439
4433
4415
4412
4409
4405
4404
4400
4397
4390
4388
4383
4382
4379
4376
4372
4371
4369
4368
4365
4364
4364
4361
4356
4354
4348
4347
4341
4341
4334
4333
4332
4331
4331
4323
4321
4312
4307
4303
4300
4300
4297
4295
4294
4293
4291
4285
4279
4276
4275
4274
4273
4267
4264
4260
4256
4253
4253
4251
4248
4248
4244
4229
4227
4218
4216
4214
4207
4203
4200
4190
4189
4183
4183
4178
4177
4176
4175
4174
4173
4172
4171
4166
4164
4164
4162
4159
4156
4154
4152
4145
4145
4144
4141
4137
4134
4129
4128
4125
4120
4116
4114
4112
4109
4108
4106
4103
4103
4099
4099
4096
4092
4089
4085
4084
3974
4080
4078
4067
4062
4058
4053
4053
4045
4039
4038
4034
4034
4026
4026
4024
4020
4019
4015
4013
4009
4005
4005
4004
3999
3998
3997
3995
3993
3993
3990
3980
3978
3968
3964
3958
3953
3951
3944
3944
3940
3935
3928
3918
3914
3912
3911
3910
3904
3902
3899
3897
3894
3891
3890
3889
3885
3885
3881
3874
3873
3870
3861
3858
3857
3851
3843
3842
3841
3841
3839
3832
3832
3832
3832
3829
3818
3817
3815
3814
3813
3810
3808
3808
3805
3796
3795
3795
3788
3786
3785
3783
3782
3779
3778
3776
3760
3759
3758
3756
3754
3752
3750
3749
3748
3744
3743
3737
3733
3732
3730
3728
3724
3724
3721
3711
3706
3703
3699
3697
3697
3696
3694
3689
3688
3688
3687
3682
3681
3680
3680
3673
3672
3672
3671
3667
3660
3659
3659
3655
3654
3654
3653
3652
3652
3652
3651
3650
3643
3643
3642
3638
3633
3630
3628
3627
3625
3618
3617
3611
3611
3609
3602
3601
3598
3598
3594
3594
3593
3591
3586
3581
3578
3577
3576
3575
3571
3571
3569
3568
3567
3565
3563
3561
3559
3559
3559
3546
3544
3543
3541
3540
3538
3535
3529
3527
3526
3526
3523
3521
3519
3518
3516
3513
3510
3509
3508
3507
3503
3502
3502
3501
3499
3498
3497
3483
3477
3475
3473
3471
3466
3466
3465
3458
3457
3453
3452
3451
3450
3448
3445
3444
3441
3440
3436
3434
3434
3434
3434
3432
3431
3430
3430
3428
3426
3424
3424
3424
3418
3415
3413
3412
3412
3411
3406
3403
3400
3400
3398
3398
3398
3397
3396
3393
3390
3389
3388
3388
3388
3385
3383
3381
3380
3378
3374
3372
3370
3367
3366
3365
3365
3363
3362
3360
3359
3359
3356
3356
3353
3350
3349
3349
3347
3346
3345
3343
3342
3339
3335
3333
3328
3325
3320
3320
3319
3316
3316
3314
3312
3311
3310
3309
3308
3307
3306
3304
3302
3300
3296
3295
3294
3293
3293
3292
3290
3289
3287
3287
3284
3281
3280
3271
3263
3257
3248
3237
3236
3236
3235
3233
3230
3227
3223
3220
3218
3217
3216
3214
3213
3211
3209
3209
3208
3207
3206
3206
3203
3201
3200
3199
3196
3194
3194
3193
3192
3187
3186
3186
3185
3185
3183
3182
3179
3179
3179
3178
3176
3175
3174
3171
3171
3170
3166
3165
3163
3158
3157
3155
3151
3148
3147
3145
3142
3142
3142
3141
3140
3139
3137
3132
3131
3131
3131
3126
3126
3122
3122
3122
3121
3119
3118
3117
3114
3114
3112
3112
3110
3108
3107
3102
3100
3095
3094
3093
3088
3087
3085
3084
3081
3081
3078
3075
3074
3074
3072
3071
3069
3061
3058
3058
3052
3046
3046
3041
3041
3041
3040
3038
3036
3033
3033
3031
3031
3029
3028
3025
3025
3025
3024
3023
3020
3018
3015
3015
3008
3005
3005
3001
3038
