74727
46091
38438
34121
29673
29318
27297
26107
26012
23264
22933
22910
22339
22143
21008
19595
17780
17680
17335
16532
16133
16104
15892
15785
15483
14745
14419
14188
13926
13784
13578
13468
13320
13298
12773
12762
12617
12492
12445
12207
11962
11832
11759
11578
11527
11458
11181
11134
11099
10956
10684
10518
10505
10169
10073
10064
10018
9878
9779
9769
9615
9525
9510
9472
9462
9304
9295
9176
9144
9123
9084
9065
8953
8951
8950
8946
8677
8673
8663
8564
8529
8495
8433
8426
8392
8377
8330
8278
8272
8188
8098
8097
8074
8024
8013
7931
7908
7833
7783
7782
7767
7759
7743
7718
7679
7630
7489
7480
7427
7410
7402
7402
7318
7259
7235
7222
7204
7201
7182
7176
7146
7124
7105
7103
7085
7083
7057
7030
6994
6989
6955
6854
6810
6794
6769
6739
6736
6731
6694
6691
6690
6690
6668
6667
6597
6597
6580
6545
6460
6444
6434
6414
6394
6385
6353
6331
6328
6254
6241
6239
6210
6183
6177
6175
6137
6119
6100
6097
6094
6076
6066
6010
5995
5909
5901
5900
5895
5885
5880
5876
5865
5848
5819
5797
5790
5780
5780
5774
5762
5735
5726
5694
5689
5683
5661
5647
5608
5509
5474
5462
5454
5449
5443
5405
5399
5377
5376
5365
5349
5337
5336
5331
5305
5304
5304
5296
5267
5265
5228
5221
5193
5157
5153
5153
5112
5107
5100
5089
5089
5086
5061
5044
5044
5024
5020
5001
4985
4966
4959
4927
4914
4906
4866
4841
4835
4819
4807
4793
4793
4775
4765
4764
4764
4756
4755
4736
4723
4713
4710
4668
4650
4641
4638
4636
4624
4615
4614
4608
4605
4579
4560
4533
4531
4527
4521
4510
4499
4492
4490
4484
4481
4474
4472
4461
4439
4431
4427
4401
4395
4391
4386
4376
4371
4333
4319
4309
4309
4299
4290
4272
4269
4247
4239
4236
4224
4223
4216
4197
4196
4169
4154
4129
4129
4128
4126
4124
4114
4094
4089
4081
4046
4040
4037
4037
4025
4021
4011
4008
4004
3996
3994
3992
3987
3979
3973
3971
3970
3966
3955
3951
3945
3939
3935
3923
3916
3892
3885
3884
3875
3868
3853
3850
3847
3846
3846
3841
3835
3821
3818
3815
3804
3802
3797
3797
3794
3788
3784
3782
3780
3777
3772
3771
3766
3764
3763
3754
3745
3743
3737
3732
3732
3725
3720
3716
3708
3689
3684
3648
3629
3620
3595
3581
3580
3574
3572
3565
3565
3554
3546
3545
3537
3533
3531
3528
3517
3515
3514
3509
3500
3499
3489
3477
3475
3473
3471
3471
3455
3455
3452
3443
3438
3423
3420
3418
3417
3404
3397
3387
3379
3377
3366
3358
3345
3343
3342
3339
3337
3333
3329
3325
3322
3316
3311
3308
3304
3297
3291
3286
3284
3282
3282
3274
3274
3262
3256
3249
3248
3233
3232
3226
3224
3219
3218
3217
3216
3205
3202
3198
3197
3194
3191
3179
3177
3173
3160
3151
3151
3144
3129
3123
3123
3121
3121
3120
3112
3096
3096
3093
3090
3087
3082
3081
3076
3074
3071
3071
3070
3060
3059
3059
3056
3055
3053
3049
3049
3046
3036
3029
3026
3023
3022
3018
3017
3016
3014
3004
