417050
335527
182490
170600
167438
151392
150813
138232
129042
125220
122136
110489
102236
101435
100771
97970
89833
77296
74166
69011
67403
65503
58611
56731
52600
50642
49693
49301
46740
46295
45867
45575
41678
40909
40430
39467
37924
37860
37799
37517
37495
37192
35792
35653
35541
35433
35186
35055
34523
33993
33773
33767
33704
33380
32982
32955
32730
32414
30971
30911
29420
29393
29372
29086
28663
27692
27063
26805
26791
26299
25907
25862
25164
25086
25010
24994
24986
24767
24695
24634
24627
24480
24208
24123
23958
22840
22614
22493
22188
21985
21796
21730
21697
21636
21073
20949
20840
20568
20555
20299
20220
20110
19785
19780
19746
19632
19532
19322
19123
19108
19030
18947
18815
18813
18709
18230
17941
17931
17926
17832
17720
17710
17481
17441
17417
17287
17221
16884
16871
16842
16820
16813
16771
16752
16665
16470
16347
16179
16179
16077
15912
15831
15800
15610
15589
15573
15527
15486
15430
15412
15372
15356
15288
15171
15039
15037
14922
14909
14850
14803
14800
14779
14756
14698
14612
14439
14424
14400
14383
14346
14296
14184
14175
14174
14061
14049
14030
14017
13999
13844
13825
13807
13760
13748
13700
13663
13657
13629
13617
13547
13517
13446
13365
13314
13282
13263
13236
13204
13086
13009
12938
12812
12745
12703
12589
12580
12555
12529
12489
12377
12293
12254
12191
12128
12068
12049
11975
11947
11921
11913
11899
11895
11842
11719
11698
11660
11545
11472
11400
11297
11278
11274
11243
11241
11143
10994
10972
10929
10843
10629
10596
10556
10551
10535
10470
10451
10449
10402
10277
10173
10125
10110
10025
9995
9972
9961
9920
9788
9716
9704
9694
9689
9644
9543
9486
9458
9451
9430
9377
9375
9292
9278
9269
9268
9239
9149
9130
9079
9051
9041
9034
8984
8970
8945
8936
8910
8876
8876
8860
8836
8778
8752
8744
8623
8601
8598
8590
8548
8546
8541
8501
8467
8451
8418
8404
8383
8372
8371
8359
8358
8352
8244
8191
8183
8180
8178
8168
8138
8123
8102
8093
8051
8046
8044
7999
7933
7930
7924
7918
7900
7890
7880
7880
7877
7868
7827
7818
7799
7775
7711
7655
7650
7638
7638
7629
7624
7605
7600
7597
7594
7589
7556
7534
7495
7459
7442
7439
7427
7418
7409
7388
7382
7345
7341
7339
7331
7301
7299
7287
7284
7278
7252
7246
7238
7211
7197
7185
7168
7146
7138
7138
7104
7100
7100
7088
7077
7043
7013
7010
7003
6999
6985
6957
6920
6862
6852
6852
6848
6847
6843
6843
6841
6834
6831
6830
6812
6807
6804
6788
6761
6753
6747
6745
6741
6734
6733
6726
6722
6721
6709
6653
6648
6647
6634
6613
6609
6604
6604
6598
6594
6574
6565
6552
6530
6521
6500
6483
6440
6438
6438
6432
6421
6419
6402
6400
6400
6364
6363
6355
6343
6326
6320
6319
6304
6280
6265
6258
6246
6241
6236
6233
6224
6217
6203
6202
6195
6190
6161
6159
6148
6129
6126
6108
6106
6081
6067
6063
6059
6047
6022
6020
6012
5962
5959
5945
5937
5931
5929
5910
5904
5903
5897
5893
5891
5884
5868
5862
5852
5849
5848
5841
5818
5798
5790
5768
5761
5761
5753
5750
5747
5744
5733
5727
5719
5704
5685
5684
5673
5655
5653
5645
5644
5632
5610
5604
5582
5578
5576
5573
5560
5550
5544
5537
5528
5502
5501
5494
5491
5472
5456
5455
5455
5453
5451
5447
5445
5427
5422
5413
5412
5411
5394
5381
5379
5359
5345
5345
5344
5342
5341
5341
5333
5322
5319
5308
5296
5287
5275
5261
5255
5254
5247
5244
5235
5223
5217
5215
5212
5210
5188
5181
5139
5128
5127
5118
5110
5108
5104
5100
5097
5069
5067
5051
5050
5046
5037
5034
5029
5025
5025
5006
4973
4971
4962
4959
4927
4926
4922
4922
4920
4919
4912
4898
4883
4883
4877
4867
4861
4849
4833
4815
4810
4803
4799
4790
4776
4754
4754
4750
4749
4742
4737
4728
4723
4723
4722
4720
4716
4714
4695
4681
4669
4663
4648
4647
4635
4628
4622
4615
4609
4605
4600
4594
4587
4583
4570
4563
4560
4557
4543
4534
4533
4516
4505
4505
4503
4502
4497
4497
4494
4493
4491
4478
4477
4469
4455
4454
4453
4451
4442
4440
4429
4417
4409
4408
4402
4401
4396
4394
4390
4376
4373
4370
4367
4366
4364
4358
4358
4354
4344
4336
4336
4333
4313
4303
4301
4300
4295
4295
4294
4288
4287
4282
4277
4272
4269
4267
4259
4259
4243
4241
4241
4239
4239
4238
4237
4236
4235
4235
4229
4225
4218
4212
4205
4204
4204
4197
4170
4163
4162
4158
4154
4153
4133
4131
4130
4128
4116
4116
4113
4107
4096
4093
4090
4086
4079
4062
4056
4048
4043
4034
4033
4032
4018
4010
3998
3997
3992
3989
3989
3987
3981
3979
3974
3973
3963
3959
3958
3952
3950
3945
3940
3936
3932
3931
3928
3924
3919
3907
3905
3901
3899
3898
3897
3887
3882
3882
3880
3878
3872
3865
3864
3863
3863
3862
3859
3848
3839
3837
3836
3833
3831
3830
3827
3826
3826
3823
3817
3810
3808
3807
3806
3797
3793
3793
3788
3786
3777
3774
3769
3766
3752
3749
3747
3744
3742
3736
3732
3711
3702
3694
3693
3690
3686
3684
3683
3680
3672
3662
3659
3657
3656
3656
3655
3643
3641
3641
3637
3634
3628
3620
3618
3616
3616
3612
3611
3608
3603
3597
3590
3587
3585
3581
3579
3578
3578
3577
3569
3565
3563
3560
3556
3554
3554
3552
3548
3546
3540
3538
3537
3534
3530
3526
3519
3499
3499
3498
3494
3494
3484
3479
3471
3469
3467
3463
3463
3451
3440
3440
3435
3429
3428
3424
3421
3420
3419
3419
3416
3413
3408
3406
3404
3404
3398
3395
3390
3386
3386
3381
3378
3375
3366
3362
3357
3355
3346
3344
3341
3337
3329
3329
3316
3305
3299
3299
3298
3295
3295
3287
3284
3281
3280
3279
3276
3275
3269
3254
3254
3251
3249
3240
3236
3233
3224
3211
3211
3209
3208
3205
3198
3193
3181
3171
3168
3161
3158
3145
3143
3142
3140
3140
3139
3136
3124
3122
3122
3121
3116
3113
3105
3104
3097
3096
3096
3094
3091
3087
3085
3085
3083
3081
3080
3071
3068
3065
3064
3061
3057
3048
3047
3035
3033
3031
3023
3020
3014
3011
3010
3007
3005
3003
3001
