54645
48291
46055
44660
40408
40267
39754
38492
38058
35778
34701
33953
32975
32546
32466
31285
31047
30285
30211
30046
29858
28752
28455
27999
27985
27966
27903
27868
27836
27638
27143
27127
26986
26835
26758
26322
25864
25181
25051
25045
24980
24470
24093
24053
24039
23995
23731
23708
23635
23308
23262
23212
23127
22769
22680
22497
22452
22368
22294
22167
21887
21753
21541
21532
21319
21125
21110
20859
20730
20451
20087
19942
19900
19826
19812
19639
19389
19300
19279
19238
19223
19185
19070
18980
18664
18625
18451
18446
18437
18410
18165
17823
17704
17643
17603
17548
17458
17450
17203
17189
17170
16937
16894
16783
16710
16588
16532
16531
16458
16424
16397
16331
16295
16274
16219
16125
16117
16007
15875
15784
15706
15618
15603
15546
15459
15440
15434
15361
15360
15334
15302
15193
15073
15055
15054
14915
14760
14714
14709
14694
14651
14515
14489
14472
14398
14260
14227
14151
14101
14076
14067
14062
13975
13950
13911
13906
13855
13849
13809
13743
13717
13628
13435
13345
13339
13318
13285
13218
13124
12997
12984
12980
12977
12971
12960
12900
12872
12813
12791
12732
12719
12654
12641
12554
12501
12461
12228
12226
12199
12137
12113
12107
12017
12005
12000
11985
11893
11848
11846
11782
11765
11744
11729
11600
11538
11534
11502
11476
11452
11384
11332
11231
11147
11139
11131
11082
11078
11062
11024
11005
11005
10994
10986
10980
10952
10913
10839
10820
10795
10787
10778
10683
10637
10566
10522
10504
10473
10467
10434
10405
10297
10288
10286
10202
10191
10145
10094
10056
9952
9808
9794
9683
9653
9632
9605
9496
9445
9431
9414
9408
9400
9392
9388
9382
9346
9310
9300
9267
9241
9091
9087
9077
9013
8997
8982
8966
8942
8936
8872
8867
8845
8705
8699
8699
8694
8675
8632
8612
8561
8554
8522
8508
8495
8491
8486
8450
8410
8396
8360
8346
8315
8287
8284
8280
8272
8269
8269
8261
8241
8224
8209
8161
8136
8112
8082
8053
8030
8022
7954
7951
7940
7898
7892
7887
7877
7858
7799
7795
7778
7767
7744
7726
7694
7691
7687
7670
7668
7663
7636
7631
7603
7591
7558
7542
7514
7507
7503
7493
7486
7470
7469
7468
7466
7450
7446
7441
7441
7434
7401
7389
7371
7335
7290
7269
7266
7265
7264
7243
7238
7223
7210
7192
7181
7171
7162
7156
7156
7149
7146
7142
7120
7080
7080
7074
7056
7055
7051
7036
7013
7008
7002
6986
6954
6952
6945
6929
6920
6891
6889
6887
6886
6874
6863
6854
6828
6822
6815
6804
6804
6796
6780
6771
6763
6737
6735
6718
6691
6673
6669
6668
6647
6616
6603
6602
6595
6578
6569
6563
6556
6525
6490
6472
6471
6456
6426
6412
6387
6370
6358
6353
6340
6318
6304
6298
6281
6280
6258
6252
6238
6226
6218
6203
6189
6188
6178
6172
6154
6143
6138
6137
6132
6130
6105
6095
6095
6094
6094
6089
6075
6066
6065
6039
6035
6024
6023
6006
5966
5954
5949
5927
5909
5881
5877
5871
5868
5866
5805
5794
5783
5777
5767
5757
5757
5756
5744
5739
5739
5739
5739
5731
5730
5723
5719
5710
5700
5671
5631
5612
5608
5607
5605
5604
5602
5599
5590
5585
5566
5565
5565
5535
5528
5528
5527
5511
5510
5508
5507
5504
5486
5484
5474
5466
5461
5406
5382
5377
5374
5368
5364
5350
5342
5340
5329
5328
5313
5290
5280
5270
5269
5257
5229
5212
5206
5200
5194
5183
5178
5169
5165
5161
5149
5130
5112
5100
5096
5081
5069
5065
5031
5023
5021
5006
4989
4984
4979
4964
4955
4953
4950
4944
4935
4926
4925
4904
4874
4874
4867
4861
4856
4855
4846
4844
4841
4820
4803
4798
4796
4790
4787
4783
4783
4776
4774
4768
4754
4825
4736
4725
4724
4712
4711
4700
4698
4681
4673
4672
4669
4668
4641
4641
4640
4640
4625
4589
4580
4575
4570
4569
4557
4556
4556
4547
4540
4533
4520
4517
4511
4488
4484
4478
4471
4471
4466
4456
4498
4454
4446
4445
4433
4431
4429
4428
4417
4416
4401
4395
4382
4379
4369
4368
4368
4365
4354
4338
4337
4331
4315
4309
4289
4285
4277
4257
4254
4253
4252
4242
4240
4232
4230
4221
4206
4202
4201
4193
4184
4183
4181
4180
4179
4169
4169
4167
4147
4145
4142
4142
4142
4118
4117
4098
4092
4074
4058
4055
4054
4038
4024
4022
4014
4005
4004
3999
3998
3985
3980
3973
3967
3959
3959
3954
3941
3930
3922
3913
3909
3904
3894
3893
3886
3880
3878
3868
3861
3845
3844
3840
3830
3825
3825
3823
3808
3808
3799
3791
3784
3780
3779
3777
3775
3773
3765
3762
3762
3757
3754
3753
3749
3744
3738
3737
3734
3731
3713
3708
3708
3707
3703
3698
3682
3680
3679
3677
3675
3673
3673
3673
3669
3664
3655
3648
3632
3630
3629
3625
3606
3603
3601
3593
3592
3582
3579
3573
3569
3544
3543
3536
3536
3533
3532
3523
3522
3500
3499
3497
3496
3487
3484
3482
3479
3462
3460
3459
3457
3443
3432
3427
3426
3425
3412
3407
3401
3396
3395
3395
3394
3393
3393
3390
3370
3361
3354
3353
3353
3353
3349
3348
3340
3338
3311
3311
3307
3302
3296
3288
3288
3287
3284
3282
3279
3275
3275
3272
3270
3256
3243
3235
3231
3217
3212
3208
3207
3206
3205
3205
3205
3204
3198
3186
3186
3185
3180
3176
3175
3169
3165
3163
3161
3137
3128
3125
3124
3124
3123
3121
3111
3110
3107
3106
3100
3097
3095
3083
3066
3058
3056
3047
3045
3044
3034
3034
3032
3021
3014
3011
3011
3009
3007
3004
3003
