204613
201601
189920
189904
172137
171158
150949
149749
147080
146685
142313
136115
131484
125675
124145
119397
117249
114533
113158
107915
107870
107038
102924
102391
100603
99348
98251
97573
91416
88232
88185
86621
85356
84226
82475
82035
81832
81705
79293
79272
77932
76841
76829
76487
75559
75432
75351
75135
73071
72546
72336
72060
71515
71477
71176
69483
67649
66019
65943
65664
65495
64446
63817
63270
62064
61640
61422
59916
58796
58099
57995
57327
57060
56219
55710
55086
53845
53742
53447
53309
53263
53190
52660
52129
52032
51353
51253
50817
49698
49367
49167
49165
48688
48241
48233
48032
47722
47593
47582
47414
47343
47283
47165
46845
46759
46328
46272
46063
45918
45905
45487
45431
45411
45220
45098
45055
44612
44561
44472
44143
43637
43344
43112
42983
42913
42441
42435
42403
42355
42219
42098
42080
41575
41419
41378
41338
41208
41096
40987
40829
40828
40661
40601
40544
40369
39996
39980
39866
39858
39808
39458
39378
39352
39239
38972
38877
38671
38661
38565
38479
38062
37625
37557
37542
37464
37450
37389
37155
37124
37013
36972
36872
36713
36265
36156
36143
36100
36055
36010
36000
35734
35442
35328
35308
35262
34897
34833
34132
34110
34003
33830
33803
33749
33714
33639
33446
33212
33191
33092
32981
32889
32741
32727
32692
32609
32516
32447
32362
32348
32174
32068
31873
31870
31749
31732
31695
31502
31501
31426
31390
31350
31313
31259
31255
31115
31069
30989
30965
30819
30442
30370
30356
30310
30304
30194
30175
30075
30033
29698
29640
29626
29607
29561
29471
29457
29406
29308
29222
28857
28816
28803
28762
28721
28324
28258
28208
28090
28049
28002
27861
27851
27731
27731
27721
27711
27661
27659
27321
27241
27231
27162
27145
27097
27078
27011
26927
26925
26739
26692
26652
26546
26519
26464
26414
26388
26313
26281
26249
26237
26225
26174
26159
26137
26086
26026
25995
25988
25985
25880
25810
25810
25659
25576
25531
25417
25374
25374
25290
25237
25111
25111
25012
24947
24936
24849
24836
24745
24628
24571
24542
24455
24347
24263
24262
24221
24008
23969
23967
23938
23884
23858
23804
23791
23693
23622
23616
23599
23541
23361
23304
23270
23031
23022
23014
22994
22978
22956
22946
22877
22840
22733
22572
22463
22452
22430
22423
22344
22268
22248
22240
22196
22122
22103
22095
22007
21949
21913
21886
21770
21753
21750
21660
21608
21552
21519
21518
21487
21484
21477
21475
21431
21399
21308
21269
21254
21188
21137
21070
20987
20987
20944
20919
20841
20835
20736
20730
20708
20695
20676
20591
20590
20564
20434
20259
20227
20170
20162
20161
20109
20101
20096
20039
19860
19857
19835
19804
19804
19792
19659
19645
19628
19555
19545
19538
19498
19348
19311
19290
19278
19267
19175
19159
19143
19116
19070
19067
19056
19054
19032
19002
18915
18908
18799
18786
18716
18655
18647
18630
18627
18620
18545
18441
18437
18403
18397
18328
18321
18306
18301
18298
18172
18155
18153
18150
18115
18048
17998
17963
17958
17940
17795
17710
17625
17611
17595
17567
17517
17475
17437
17433
17421
17394
17380
17349
17335
17305
17267
17254
17209
17206
17198
17194
17194
17190
17176
17136
17127
17095
17059
17039
17018
17016
16976
16926
16840
16800
16762
16699
16652
16621
16607
16599
16582
16559
16464
16451
16433
16433
16416
16402
16368
16364
16358
16355
16307
16307
16305
16241
16232
16159
16118
16115
16108
16081
16035
16032
16024
16011
16009
15989
15980
15973
15940
15938
15936
15872
15843
15831
15798
15748
15709
15707
15690
15653
15632
15611
15602
15575
15559
15483
15455
15431
15417
15406
15399
15377
15372
15360
15354
15347
15311
15305
15294
15274
15252
15217
15210
15196
15115
15097
15085
15081
15074
15067
15038
15025
15000
14863
14849
14848
14830
14827
14823
14765
14752
14736
14718
14671
14640
14601
14600
14590
14564
14477
14460
14412
14394
14391
14378
14341
14339
14339
14314
14282
14270
14263
14241
14221
14198
14191
14170
14164
14140
14138
14115
14094
14039
14001
14001
13921
13915
13910
13868
13838
13831
13811
13805
13799
13784
13730
13723
13654
13641
13624
13612
13602
13600
13583
13544
13538
13510
13493
13485
13426
13417
13408
13385
13344
13291
13263
13256
13241
13179
13178
13121
13117
13050
13040
13036
13015
13014
13014
12994
12981
12961
12936
12935
12925
12920
12918
12914
12904
12903
12900
12828
12826
12814
12769
12759
12759
12751
12748
12727
12723
12721
12685
12680
12609
12583
12578
12552
12478
12454
12447
12396
12396
12392
12379
12355
12354
12344
12313
12295
12186
12179
12164
12157
12147
12121
12119
12061
12058
12031
12022
12013
11996
11996
11995
11986
11969
11951
11950
11948
11928
11907
11883
11858
11844
11842
11830
11806
11801
11774
11764
11762
11739
11721
11720
11717
11715
11714
11712
11658
11638
11638
11638
11637
11635
11629
11623
11597
11588
11566
11532
11529
11516
11497
11495
11480
11479
11474
11471
11469
11460
11452
11438
11437
11429
11417
11403
11399
11393
11380
11352
11326
11292
11289
11278
11211
11203
11183
11164
11160
11156
11131
11125
11103
11082
11080
11068
11042
11041
11026
11009
11008
11005
10995
10991
10987
10979
10976
10964
10951
10943
10942
10929
10899
10879
10869
10869
10859
10856
10844
10843
10839
10839
10832
10808
10806
10803
10790
10784
10772
10771
10759
10752
10749
10744
10729
10728
10727
10717
10689
10686
10686
10677
10673
10671
10665
10653
10646
10646
10645
10643
10636
10612
10594
10589
10560
10556
10545
10539
10524
10520
10511
10507
10505
10504
10503
10502
10498
10483
10478
10469
10461
10458
10457
10446
10429
10427
10424
10419
10405
10393
10380
10374
10373
10368
10356
10349
10331
10325
10324
10315
10314
10301
10295
10293
10278
10272
10257
10255
10237
10231
10227
10214
10213
10197
10188
10185
10170
10167
10152
10146
10137
10133
10121
10114
10106
10092
10086
10080
10079
10078
10064
10055
10051
10043
10036
10036
10033
10030
10009
10008
10002
10001
9996
9992
9990
9988
9978
9970
9959
9944
9933
9912
9912
9909
9904
9897
9868
9863
9862
9859
9856
9851
9851
9846
9843
9840
9824
9823
9811
9805
9797
9791
9786
9770
9767
9765
9739
9719
9702
9691
9684
9684
9677
9654
9649
9644
9625
9592
9587
9585
9580
9578
9563
9560
9553
9536
9527
9524
9521
9513
9510
9509
9499
9462
9459
9457
9457
9457
9446
9443
9438
9427
9427
9418
9405
9390
9384
9384
9381
9379
9368
9360
9357
9354
9350
9348
9343
9340
9328
9318
9310
9288
9279
9279
9272
9261
9258
9250
9227
9226
9226
9225
9202
9191
9190
9180
9171
9153
9137
9131
9123
9117
9108
9108
9104
9100
9087
9082
9074
9045
9044
9044
9041
9040
9037
9032
9031
9028
9015
8996
8993
8991
8990
8989
8988
8985
8975
8958
8953
8950
8947
8943
8941
8937
8936
8936
8935
8930
8921
8917
8916
8915
8910
8905
8901
8894
8894
8885
8878
8871
8870
8864
8839
8831
8818
8816
8803
8788
8788
8786
8783
8779
8777
8770
8731
8730
8723
8716
8712
8709
8697
8690
8688
8683
8683
8681
8656
8650
8649
8647
8640
8639
8635
8635
8623
8619
8616
8615
8611
8611
8611
8590
8578
8574
8568
8565
8549
8548
8544
8538
8536
8530
8525
8525
8525
8517
8502
8501
8498
8498
8488
8486
8484
8473
8472
8468
8456
8446
8439
8430
8429
8429
8423
8421
8420
8414
8413
8401
8398
8397
8396
8392
8389
8388
8384
8381
8377
8377
8375
8375
8360
8355
8351
8350
8350
8347
8342
8340
8336
8319
8310
8309
8299
8298
8295
8295
8294
8280
8277
8275
8274
8273
8266
8265
8251
8220
8215
8197
8190
8187
8179
8152
8146
8142
8133
8129
8127
8126
8115
8112
8100
8095
8093
8093
8089
8082
8055
8049
8040
8035
8034
8031
8031
8023
8019
8018
8012
8010
8004
8003
7980
7977
7974
7967
7967
7957
7946
7945
7943
7943
7926
7925
7918
7917
7913
7902
7900
7891
7882
7879
7856
7849
7847
7842
7824
7812
7802
7794
7792
7791
7783
7767
7765
7760
7751
7749
7745
7745
7742
7740
7738
7736
7732
7730
7725
7725
7722
7720
7716
7716
7714
7704
7700
7700
7699
7694
7687
7680
7669
7665
7655
7653
7652
7652
7647
7642
7641
7639
7638
7636
7635
7635
7628
7619
7613
7607
7602
7589
7580
7579
7578
7576
7574
7572
7567
7566
7562
7549
7544
7543
7538
7537
7529
7527
7522
7517
7509
7507
7502
7500
7486
7481
7472
7467
7467
7465
7460
7453
7452
7443
7432
7430
7421
7421
7417
7417
7415
7402
7395
7390
7383
7380
7373
7373
7368
7360
7355
7345
7345
7344
7341
7341
7330
7322
7319
7317
7314
7312
7301
7291
7287
7286
7274
7265
7256
7256
7248
7247
7240
7240
7231
7229
7226
7225
7221
7216
7216
7209
7201
7198
7197
7196
7194
7184
7184
7181
7168
7160
7160
7159
7156
7152
7146
7138
7137
7133
7130
7129
7121
7119
7112
7105
7102
7095
7084
7077
7077
7065
7063
7060
7054
7051
7047
7035
7029
7023
7021
7019
7012
6997
6982
6982
6978
6976
6974
6969
6969
6967
6964
6955
6954
6949
6946
6943
6943
6943
6941
6934
6933
6928
6926
6919
6917
6913
6913
6913
6907
6906
6899
6895
6894
6894
6893
6892
6885
6884
6882
6877
6875
6874
6870
6870
6868
6850
6846
6843
6838
6838
6838
6834
6829
6827
6821
6817
6816
6815
6809
6808
6806
6806
6801
6796
6789
6789
6788
6787
6783
6782
6775
6774
6771
6770
6651
6752
6749
6744
6736
6734
6727
6721
6719
6718
6697
6694
6693
6689
6687
6675
6674
6673
6670
6668
6665
6659
6646
6641
6641
6640
6632
6631
6630
6629
6627
6627
6624
6616
6615
6613
6606
6604
6604
6595
6595
6594
6591
6587
6580
6579
6577
6576
6574
6572
6571
6569
6568
6564
6564
6560
6559
6549
6547
6544
6537
6536
6535
6531
6526
6525
6523
6520
6518
6512
6494
6493
6493
6492
6487
6485
6481
6481
6481
6472
6468
6466
6466
6465
6465
6461
6458
6441
6440
6437
6433
6425
6418
6417
6417
6417
6414
6413
6411
6406
6404
6393
6386
6384
6384
6383
6370
6368
6368
6365
6363
6362
6356
6351
6350
6350
6348
6344
6343
6342
6342
6335
6334
6330
6329
6324
6320
6317
6312
6311
6310
6306
6305
6301
6297
6283
6281
6281
6279
6278
6276
6276
6275
6275
6273
6269
6268
6268
6264
6257
6246
6245
6244
6234
6231
6228
6227
6226
6221
6221
6220
6215
6215
6215
6214
6213
6208
6207
6204
6202
6201
6200
6199
6199
6193
6191
6182
6182
6178
6175
6170
6169
6169
6168
6167
6164
6163
6162
6160
6160
6157
6155
6152
6148
6148
6142
6140
6139
6133
6130
6130
6127
6123
6119
6118
6117
6117
6111
6111
6108
6107
6106
6105
6102
6101
6098
6092
6090
6079
6073
6071
6070
6070
6063
6062
6057
6055
6051
6049
6048
6047
6047
6047
6046
6045
6041
6040
6039
6029
6029
6024
6023
6018
6015
6013
6012
6005
6003
5999
5996
5996
5994
5992
5991
5984
5983
5973
5972
5972
5971
5971
5968
5960
5956
5948
5947
5947
5942
5942
5941
5939
5936
5935
5931
5920
5919
5915
5915
5909
5907
5906
5906
5906
5903
5902
5898
5896
5893
5893
5892
5886
5885
5880
5877
5877
5876
5868
5865
5864
5861
5859
5855
5854
5850
5848
5848
5847
5846
5846
5845
5842
5842
5840
5838
5826
5823
5823
5822
5822
5821
5816
5811
5809
5804
5804
5803
5802
5802
5801
5796
5795
5793
5786
5786
5778
5778
5778
5766
5766
5766
5763
5763
5761
5761
5759
5758
5758
5750
5748
5745
5744
5744
5737
5733
5733
5733
5732
5731
5729
5728
5723
5722
5722
5711
5709
5708
5705
5704
5703
5703
5703
5700
5700
5699
5698
5697
5696
5694
5693
5690
5684
5683
5680
5676
5675
5669
5667
5659
5657
5657
5657
5656
5655
5652
5652
5638
5637
5637
5637
5635
5633
5631
5630
5623
5619
5618
5617
5612
5612
5611
5610
5609
5606
5597
5596
5595
5595
5594
5590
5588
5588
5585
5585
5584
5583
5582
5579
5577
5577
5574
5573
5572
5571
5566
5565
5561
5556
5555
5553
5550
5550
5539
5535
5534
5531
5528
5523
5523
5522
5520
5518
5515
5513
5512
5511
5510
5508
5507
5505
5505
5501
5497
5494
5491
5490
5489
5486
5485
5484
5484
5482
5481
5481
5478
5477
5476
5475
5475
5474
5472
5466
5466
5463
5461
5461
5460
5459
5459
5458
5458
5457
5457
5450
5449
5448
5446
5443
5439
5436
5436
5434
5433
5433
5429
5424
5418
5417
5414
5412
5412
5411
5409
5408
5405
5401
5401
5399
5398
5397
5397
5397
5395
5393
5391
5386
5385
5385
5382
5379
5375
5375
5373
5372
5371
5367
5363
5362
5362
5359
5357
5355
5354
5353
5350
5347
5346
5343
5342
5339
5335
5334
5333
5332
5330
5328
5327
5326
5325
5318
5315
5314
5311
5308
5308
5305
5305
5302
5295
5295
5294
5293
5289
5287
5280
5279
5276
5275
5270
5269
5269
5266
5265
5262
5259
5259
5257
5255
5253
5252
5248
5246
5246
5243
5236
5231
5229
5229
5227
5227
5226
5224
5223
5223
5221
5219
5218
5217
5215
5215
5214
5212
5211
5211
5201
5197
5195
5190
5184
5182
5181
5181
5180
5178
5172
5168
5168
5163
5162
5161
5161
5158
5158
5156
5156
5149
5148
5148
5145
5144
5141
5140
5140
5134
5132
5130
5130
5128
5126
5123
5120
5119
5114
5112
5111
5107
5103
5102
5101
5099
5097
5097
5093
5093
5093
5092
5091
5089
5088
5087
5085
5085
5081
5080
5080
5079
5078
5076
5074
5074
5073
5073
5072
5070
5070
5069
5068
5068
5066
5064
5059
5057
5052
5052
5046
5042
5042
5042
5040
5040
5039
5037
5035
5035
5035
5032
5032
5028
5027
5026
5025
5025
5022
5021
5020
5019
5016
5014
5014
5012
5008
5006
5006
5005
5004
5001
5000
5000
4999
4998
4997
4987
4986
4986
4986
4985
4984
4981
4980
4979
4977
4975
4970
4970
4970
4970
4968
4966
4963
4963
4960
4958
4957
4950
4947
4945
4941
4940
4935
4934
4929
4929
4927
4927
4926
4925
4924
4924
4923
4922
4920
4919
4918
4915
4913
4912
4911
4910
4907
4907
4904
4903
4899
4898
4897
4896
4895
4893
4892
4890
4884
4882
4877
4877
4871
4871
4870
4869
4868
4868
4864
4857
4856
4842
4838
4838
4836
4833
4830
4828
4828
4828
4826
4825
4825
4823
4822
4821
4818
4816
4815
4814
4813
4812
4809
4808
4805
4802
4799
4798
4797
4797
4796
4795
4791
4785
4782
4782
4780
4778
4773
4771
4771
4769
4767
4767
4766
4766
4765
4765
4765
4762
4761
4761
4759
4757
4753
4752
4748
4748
4747
4742
4739
4738
4735
4735
4734
4733
4733
4728
4728
4725
4725
4724
4724
4724
4722
4717
4712
4708
4706
4705
4701
4701
4698
4697
4693
4693
4693
4692
4692
4692
4689
4688
4688
4684
4684
4683
4681
4681
4677
4677
4677
4676
4674
4673
4669
4666
4665
4664
4664
4664
4664
4660
4659
4656
4655
4655
4653
4652
4651
4651
4648
4647
4647
4647
4647
4646
4645
4641
4638
4638
4637
4637
4636
4634
4633
4631
4627
4627
4627
4626
4625
4625
4625
4621
4616
4612
4611
4609
4608
4605
4603
4602
4602
4601
4601
4598
4596
4595
4590
4587
4585
4579
4578
4576
4574
4573
4573
4573
4572
4572
4572
4571
4571
4570
4569
4568
4564
4564
4560
4560
4559
4549
4548
4541
4539
4538
4537
4536
4535
4532
4528
4526
4526
4524
4523
4521
4520
4518
4516
4514
4512
4511
4509
4509
4507
4504
4501
4499
4497
4496
4496
4489
4489
4488
4488
4486
4482
4480
4478
4477
4476
4475
4475
4474
4474
4473
4472
4471
4471
4470
4470
4468
4464
4463
4462
4461
4460
4460
4455
4455
4452
4451
4450
4450
4449
4449
4442
4440
4438
4438
4436
4435
4433
4432
4430
4429
4429
4427
4427
4426
4425
4424
4422
4419
4418
4418
4417
4417
4415
4415
4414
4414
4407
4403
4401
4400
4400
4400
4399
4397
4397
4395
4395
4394
4393
4387
4386
4386
4382
4381
4381
4381
4379
4376
4374
4374
4370
4369
4368
4367
4366
4365
4364
4364
4364
4362
4361
4361
4360
4360
4359
4357
4357
4355
4355
4354
4349
4349
4345
4344
4344
4344
4342
4341
4340
4338
4336
4335
4332
4329
4328
4328
4328
4326
4325
4322
4322
4322
4321
4321
4320
4320
4320
4319
4318
4317
4317
4315
4314
4314
4313
4304
4304
4298
4298
4297
4294
4292
4291
4291
4289
4288
4287
4287
4286
4284
4284
4283
4280
4280
4278
4277
4275
4274
4269
4267
4266
4266
4264
4264
4262
4260
4260
4258
4258
4258
4258
4257
4257
4254
4254
4254
4253
4253
4250
4246
4246
4246
4244
4244
4243
4242
4239
4234
4234
4233
4233
4233
4231
4230
4230
4230
4229
4227
4227
4226
4223
4220
4218
4217
4216
4214
4213
4211
4209
4204
4202
4202
4201
4199
4197
4197
4197
4196
4192
4190
4190
4188
4186
4186
4184
4180
4179
4179
4177
4176
4174
4171
4170
4168
4168
4168
4167
4165
4164
4163
4162
4161
4161
4160
4157
4156
4155
4152
4152
4151
4150
4150
4149
4148
4145
4145
4143
4143
4141
4139
4136
4136
4135
4134
4132
4132
4132
4131
4131
4129
4127
4126
4126
4125
4123
4123
4122
4121
4121
4120
4118
4118
4116
4116
4114
4113
4112
4112
4112
4111
4110
4110
4109
4105
4104
4104
4104
4102
4101
4101
4101
4101
4100
4099
4097
4097
4096
4096
4095
4093
4091
4091
4089
4088
4085
4084
4082
4082
4082
4080
4078
4078
4075
4075
4075
4074
4074
4073
4073
4071
4067
4066
4065
4065
4065
4063
4061
4060
4056
4051
4048
4047
4045
4045
4042
4041
4040
4040
4038
4038
4035
4033
4033
4032
4032
4032
4031
4030
4029
4027
4024
4024
4022
4022
4019
4019
4019
4019
4018
4018
4013
4011
4008
4006
4005
4005
4005
4004
4004
4004
4002
4002
4002
4001
4001
4000
4000
4000
3995
3995
3994
3994
3994
3993
3992
3992
3989
3988
3986
3986
3984
3978
3977
3975
3975
3974
3973
3973
3970
3969
3969
3969
3968
3965
3963
3962
3959
3954
3950
3950
3950
3947
3947
3947
3943
3942
3942
3941
3941
3940
3940
3937
3937
3935
3933
3933
3927
3923
3923
3923
3922
3922
3921
3920
3920
3919
3919
3918
3918
3918
3918
3918
3916
3916
3914
3914
3912
3912
3912
3912
3911
3908
3903
3902
3901
3899
3897
3897
3897
3897
3896
3896
3896
3893
3889
3889
3889
3888
3886
3886
3885
3884
3883
3883
3882
3879
3878
3877
3874
3873
3873
3872
3872
3871
3871
3871
3870
3867
3867
3864
3863
3862
3859
3859
3857
3856
3852
3851
3850
3850
3848
3847
3847
3846
3845
3844
3843
3843
3842
3840
3839
3838
3837
3837
3837
3836
3835
3835
3835
3833
3832
3830
3829
3828
3827
3826
3826
3823
3822
3822
3821
3821
3820
3819
3819
3818
3815
3813
3813
3811
3810
3810
3809
3808
3808
3807
3807
3807
3806
3805
3805
3803
3801
3800
3800
3799
3799
3798
3797
3796
3794
3793
3792
3791
3790
3788
3784
3781
3780
3780
3779
3779
3779
3777
3774
3774
3773
3773
3773
3772
3771
3768
3766
3766
3764
3764
3763
3762
3761
3760
3760
3760
3759
3759
3757
3757
3756
3755
3754
3754
3754
3753
3751
3751
3751
3748
3747
3747
3746
3745
3745
3745
3743
3738
3738
3738
3737
3736
3736
3732
3730
3730
3730
3729
3729
3729
3729
3728
3727
3725
3724
3720
3719
3719
3719
3718
3717
3716
3716
3713
3713
3713
3711
3710
3709
3708
3707
3705
3705
3703
3700
3700
3698
3697
3697
3696
3692
3690
3689
3689
3688
3686
3686
3685
3682
3680
3677
3677
3677
3675
3674
3670
3670
3670
3669
3669
3668
3668
3667
3667
3666
3666
3666
3665
3663
3663
3660
3660
3659
3658
3658
3657
3657
3656
3656
3655
3655
3653
3652
3651
3651
3651
3649
3649
3647
3647
3645
3644
3644
3643
3642
3642
3642
3641
3641
3640
3639
3639
3637
3637
3636
3635
3635
3634
3634
3633
3633
3632
3631
3630
3630
3630
3629
3629
3628
3627
3627
3626
3626
3626
3624
3622
3622
3621
3619
3619
3618
3617
3617
3616
3616
3615
3614
3612
3612
3611
3611
3610
3610
3610
3609
3609
3609
3609
3608
3607
3607
3606
3604
3603
3602
3601
3601
3600
3600
3599
3598
3597
3597
3595
3594
3593
3592
3591
3591
3591
3588
3587
3587
3587
3586
3586
3586
3584
3583
3583
3582
3580
3579
3578
3578
3578
3576
3576
3575
3574
3570
3570
3568
3568
3568
3568
3568
3567
3566
3566
3565
3564
3564
3564
3563
3563
3562
3560
3560
3557
3556
3555
3554
3554
3553
3553
3552
3551
3551
3548
3548
3548
3548
3547
3547
3547
3546
3546
3546
3545
3543
3543
3542
3541
3541
3541
3541
3539
3539
3538
3538
3537
3536
3535
3535
3534
3534
3533
3533
3533
3532
3530
3530
3529
3529
3528
3527
3527
3527
3526
3526
3525
3525
3524
3523
3523
3522
3521
3521
3520
3520
3520
3520
3519
3518
3518
3518
3516
3516
3516
3516
3515
3514
3514
3514
3514
3512
3512
3512
3510
3506
3504
3504
3503
3503
3501
3500
3499
3496
3496
3495
3494
3491
3490
3489
3489
3489
3488
3487
3486
3484
3484
3483
3483
3482
3482
3481
3480
3479
3476
3476
3476
3475
3472
3471
3471
3469
3468
3467
3465
3465
3464
3463
3463
3463
3463
3460
3460
3460
3459
3458
3458
3457
3455
3454
3452
3452
3451
3450
3450
3449
3449
3448
3448
3446
3446
3444
3443
3441
3441
3441
3439
3439
3439
3439
3438
3438
3436
3435
3435
3435
3434
3432
3431
3430
3429
3429
3428
3425
3423
3423
3423
3423
3422
3419
3419
3418
3418
3417
3416
3414
3414
3414
3414
3413
3413
3413
3409
3408
3407
3407
3406
3406
3405
3404
3404
3402
3401
3399
3399
3399
3399
3399
3397
3395
3395
3394
3394
3392
3392
3390
3390
3390
3389
3389
3388
3385
3383
3382
3382
3381
3380
3380
3377
3376
3374
3373
3373
3373
3371
3371
3369
3369
3369
3368
3368
3368
3368
3367
3367
3366
3365
3365
3363
3362
3361
3360
3360
3360
3360
3357
3356
3352
3351
3351
3350
3349
3349
3348
3347
3344
3344
3344
3342
3341
3341
3340
3337
3337
3337
3337
3335
3335
3332
3330
3330
3330
3330
3329
3328
3327
3326
3325
3325
3325
3323
3323
3323
3322
3322
3322
3320
3319
3319
3318
3318
3318
3318
3317
3316
3315
3314
3313
3312
3311
3307
3306
3305
3305
3304
3303
3303
3302
3302
3300
3300
3299
3299
3298
3296
3296
3296
3295
3294
3293
3292
3291
3290
3289
3287
3286
3286
3286
3283
3282
3282
3282
3279
3278
3277
3277
3277
3276
3275
3275
3274
3273
3271
3271
3270
3270
3269
3269
3268
3267
3267
3267
3266
3266
3265
3265
3264
3263
3263
3262
3260
3260
3258
3258
3258
3257
3257
3257
3256
3255
3254
3254
3253
3252
3251
3251
3251
3250
3250
3245
3245
3244
3244
3243
3242
3241
3240
3240
3238
3237
3236
3235
3235
3234
3233
3232
3231
3228
3228
3227
3226
3226
3224
3222
3221
3220
3220
3218
3217
3217
3216
3216
3214
3213
3212
3211
3211
3210
3210
3206
3206
3205
3205
3204
3203
3203
3202
3201
3201
3200
3199
3199
3199
3197
3197
3197
3197
3197
3196
3196
3193
3193
3193
3191
3189
3189
3189
3189
3189
3189
3188
3188
3187
3187
3184
3184
3183
3183
3183
3182
3181
3180
3179
3178
3177
3174
3170
3169
3169
3168
3168
3167
3167
3167
3166
3166
3166
3166
3165
3165
3165
3163
3162
3161
3160
3160
3160
3159
3159
3158
3157
3156
3156
3155
3153
3153
3152
3151
3151
3150
3149
3148
3148
3147
3146
3145
3145
3144
3144
3144
3143
3141
3141
3141
3140
3139
3139
3138
3138
3137
3134
3133
3133
3133
3133
3131
3131
3129
3129
3129
3129
3128
3128
3128
3128
3127
3127
3127
3124
3124
3123
3123
3123
3120
3119
3119
3119
3118
3118
3118
3117
3116
3115
3115
3114
3113
3113
3113
3112
3112
3111
3111
3111
3110
3110
3110
3110
3108
3108
3107
3107
3106
3105
3105
3104
3103
3103
3103
3103
3100
3100
3100
3100
3099
3098
3097
3097
3097
3097
3096
3095
3094
3091
3091
3091
3090
3090
3089
3089
3088
3086
3086
3086
3085
3083
3082
3082
3082
3082
3081
3080
3080
3078
3077
3077
3076
3076
3076
3075
3075
3073
3072
3072
3071
3070
3070
3067
3067
3067
3066
3065
3065
3064
3064
3062
3062
3062
3061
3060
3060
3060
3058
3058
3057
3057
3054
3053
3053
3052
3052
3052
3051
3051
3050
3050
3049
3048
3048
3048
3048
3045
3045
3044
3043
3043
3042
3042
3041
3041
3040
3039
3039
3038
3038
3037
3036
3033
3033
3033
3032
3031
3030
3030
3030
3029
3029
3028
3028
3027
3026
3026
3025
3025
3025
3025
3021
3018
3016
3016
3015
3014
3013
3013
3012
3011
3009
3007
3007
3007
3006
3005
3005
3005
3005
3005
3003
3002
3001
3000
3000
