480514
450441
264611
260045
235418
190128
171797
171662
169701
162002
148579
147904
147552
147402
142109
139027
137273
137183
131428
122586
121601
120702
120132
116622
115621
112261
110247
109898
109443
108307
107513
106959
105919
105138
102918
102628
101410
100513
99788
99489
98525
97814
97311
96850
94777
94649
94077
91696
90490
88631
87953
87732
86761
84998
84344
83230
82315
81771
81127
81094
81087
80915
80865
79690
79674
79057
78505
78260
78112
77289
76563
76476
76069
75861
75743
75543
74505
74240
74107
73587
73056
72398
72041
71566
71192
70514
70345
69711
69589
69560
69081
67928
67800
67736
66781
66468
65786
63967
63724
63684
63338
63126
62973
62864
62525
62415
62355
62151
61903
61833
61821
61494
61349
61219
60923
60695
60465
60256
60065
59982
59927
59864
59763
59692
59690
59119
59028
58878
58672
58304
58302
58158
57723
57407
57195
57008
56996
56989
56973
56780
56559
56504
55608
55351
55205
55107
55087
55073
55005
54730
54539
54358
54176
54064
53787
53688
53527
52999
52985
52822
52762
52516
52406
52379
52326
52304
52023
51904
51434
51347
51315
50910
50709
50584
50525
50522
50480
50239
50234
50186
50165
50000
49983
49827
49753
49576
49422
49382
49370
49241
49220
49191
48980
48915
48706
48523
48470
48327
48326
48272
47887
47808
47769
47545
47498
47407
47308
47152
47131
47083
47053
46960
46867
46770
46763
46754
46699
46671
46654
46611
46471
46319
46287
46270
45917
45717
45436
45419
45358
45318
45142
45018
45010
44928
44849
44664
44525
44514
44497
44484
44428
44392
44382
44352
44276
44254
44122
44117
43999
43959
43701
43669
43618
43443
43416
43402
43363
43314
43201
43123
43006
42927
42879
42876
42798
42708
42613
42464
42425
42333
42291
42210
42087
42077
42054
41939
41845
41825
41730
41684
41662
41660
41631
41602
41577
41515
41345
41345
41209
41133
41055
40988
40876
40757
40558
40447
40442
40415
40340
40327
40239
40169
40162
40006
39948
39936
39646
39636
39631
39579
39469
39451
39450
39428
39362
39353
39158
39150
39140
39000
38754
38753
38599
38571
38469
38460
38448
38395
38382
38368
38197
38192
38102
37945
37931
37867
37836
37637
37444
37435
37421
37399
37337
37304
37267
37261
37198
37142
37110
37093
37085
37008
36815
36780
36754
36753
36725
36705
36674
36624
36581
36549
36547
36483
36463
36438
36336
36325
36296
36286
36249
36217
36168
36137
36072
36023
35966
35858
35846
35782
35773
35756
35696
35609
35524
35517
35286
35284
35264
35262
35229
35215
35199
35114
35094
35056
34969
34957
34919
34887
34815
34745
34725
34571
34568
34546
34392
34368
34290
34211
34138
34108
34105
34033
34011
34001
33896
33829
33818
33800
33539
33518
33497
33490
33424
33407
33386
33325
33319
33248
33235
33219
33159
33140
33055
33043
33037
33010
32999
32946
32920
32892
32784
32779
32744
32693
32590
32590
32558
32519
32506
32502
32472
32454
32430
32375
32351
32304
32298
32268
32188
32154
32126
32101
32065
32054
32044
32043
32009
31930
31920
31915
31868
31858
31817
31784
31777
31750
31701
31631
31624
31613
31574
31563
31414
31350
31313
31237
31214
31213
31169
31118
31079
30998
30979
30959
30913
30870
30764
30746
30742
30728
30720
30685
30644
30627
30618
30562
30532
30510
30497
30477
30408
30342
30325
30248
30226
30219
30166
30140
30113
30083
30072
29965
29776
29730
29714
29696
29665
29640
29550
29537
29519
29505
29500
29463
29405
29397
29385
29375
29351
29344
29290
29264
29240
29164
29153
29139
29124
29117
29083
29083
29048
29009
28997
28924
28866
28832
28814
28787
28728
28691
28547
28505
28519
28518
28499
28494
28493
28485
28470
28456
28401
28397
28394
28327
28319
28192
28184
28173
28163
28148
28136
28086
28084
28067
28023
28018
28006
27975
27971
27940
27902
27862
27859
27856
27823
27821
27816
27764
27747
27744
27735
27703
27677
27675
27631
27618
27610
27609
27598
27574
27561
27557
27525
27483
27455
27435
27429
27387
27375
27375
27373
27371
27332
27298
27295
27284
27251
27227
27179
27119
27099
27096
27084
27061
27075
27070
27070
27065
27063
27033
27012
26976
26940
26929
26923
26892
26890
26890
26838
26824
26801
26779
26756
26733
26730
26705
26698
26694
26668
26593
26589
26543
26539
26513
26481
26452
26441
26392
26391
26378
26371
26367
26360
26349
26313
26231
26178
26177
26166
26097
26065
26030
26021
26011
25983
25950
25939
25917
25891
25875
25803
25786
25777
25765
25764
25757
25692
25679
25612
25606
25517
25501
25432
25415
25400
25382
25354
25326
25278
25241
25221
25220
25183
25182
25164
25161
25147
25095
25093
25093
25078
25041
25021
24993
24968
24889
24885
24873
24853
24832
24818
24805
24800
24768
24750
24732
24682
24674
24674
24648
24606
24605
24563
24545
24540
24486
24468
24444
24421
24419
24367
24347
24281
24257
24214
24206
24168
24095
24085
24076
24070
24061
24024
24006
23978
23901
23888
23883
23863
23838
23829
23724
23723
23700
23695
23693
23658
23643
23563
23543
23522
23514
23479
23435
23412
23403
23381
23380
23353
23342
23307
23306
23274
23267
23242
23232
23216
23188
23186
23185
23178
23176
23175
23174
23172
23150
23138
23124
23124
23112
23087
23072
23058
23055
23042
23040
23022
22915
22915
22886
22874
22865
22798
22794
22793
22783
22711
22698
22695
22668
22637
22628
22557
22548
22547
22459
22423
22399
22386
22376
22367
22364
22362
22353
22292
22281
22252
22248
22240
22224
22183
22175
22172
22166
22158
22095
22087
22066
22055
22050
22036
22005
21991
21985
21979
21932
21896
21894
21867
21865
21826
21818
21786
21763
21739
21716
21699
21678
21667
21653
21636
21631
21619
21605
21597
21584
21545
21504
21492
21446
21426
21397
21373
21363
21327
21313
21309
21268
21264
21247
21239
21228
21228
21226
21214
21213
21208
21162
21130
21124
21120
21114
21113
21110
21090
21054
21046
21027
20995
20925
20903
20896
20856
20856
20879
20798
20795
20761
20729
20723
20713
20687
20685
20667
20659
20646
20636
20628
20611
20610
20572
20571
20570
20553
20547
20545
20542
20538
20534
20530
20504
20498
20486
20474
20474
20471
20453
20452
20417
20406
20405
20383
20382
20349
20345
20343
20299
20277
20268
20220
20212
20210
20205
20194
20187
20172
20104
20096
20087
20043
20003
19991
19920
19913
19894
19889
19884
19876
19861
19836
19811
19807
19802
19796
19781
19777
19773
19753
19751
19747
19747
19722
19669
19657
19655
19643
19635
19621
19592
19577
19564
19551
19547
19541
19521
19479
19467
19446
19427
19374
19363
19355
19340
19339
19295
19264
19254
19246
19198
19187
19176
19187
19150
19148
19138
19120
19093
19087
19085
19076
19070
19048
19046
19019
19006
19004
18996
18992
18988
18981
18980
18966
18963
18948
18936
18872
18862
18859
18856
18819
18811
18808
18807
18801
18800
18800
18797
18796
18785
18751
18749
18738
18713
18688
18687
18683
18650
18623
18600
18589
18586
18548
18529
18527
18520
18512
18498
18495
18478
18471
18470
18454
18442
18431
18426
18402
18399
18386
18379
18360
18358
18357
18339
18335
18323
18298
18278
18270
18258
18257
18257
18229
18221
18221
18209
18209
18200
18184
18168
18144
18131
18119
18091
18078
18059
18055
18053
18039
18012
18003
18001
17993
17982
17958
17955
17945
17923
17921
17911
17901
17890
17885
17884
17873
17863
17858
17844
17829
17826
17806
17791
17778
17771
17770
17741
17733
17709
17709
17709
17675
17635
17629
17621
17603
17597
17593
17565
17564
17557
17546
17546
17536
17530
17526
17517
17512
17485
17459
17451
17439
17438
17432
17411
17407
17404
17398
17285
17382
17376
17364
17356
17351
17348
17331
17322
17310
17308
17306
17290
17288
17282
17264
17262
17250
17247
17239
17236
17227
17217
17216
17214
17207
17187
17182
17156
17148
17117
17089
17066
17058
17053
17038
17030
17021
17019
17019
16996
16994
16987
16985
16975
16962
16943
16930
16913
16906
16894
16890
16888
16886
16872
16860
16855
16826
16819
16802
16792
16779
16778
16771
16748
16742
16732
16716
16709
16693
16683
16681
16670
16668
16647
16637
16619
16619
16608
16602
16600
16591
16571
16562
16550
16546
16537
16532
16497
16481
16469
16444
16439
16429
16416
16401
16396
16396
16372
16359
16347
16337
16333
16333
16308
16305
16300
16300
16270
16263
16254
16240
16239
16238
16227
16225
16210
16203
16189
16153
16122
16083
16117
16113
16079
16068
16041
16022
16019
16010
16005
16000
15998
15990
15979
15978
15975
15960
15954
15953
15942
15938
15938
15922
15918
15912
15900
15899
15890
15876
15872
15867
15856
15846
15841
15835
15829
15812
15799
15769
15754
15754
15751
15750
15734
15732
15720
15719
15713
15712
15707
15698
15669
15661
15653
15609
15577
15566
15560
15555
15532
15509
15499
15498
15483
15482
15482
15474
15473
15461
15450
15447
15443
15428
15411
15406
15384
15384
15367
15366
15363
15362
15359
15346
15344
15342
15338
15313
15310
15297
15296
15296
15264
15257
15256
15256
15251
15247
15230
15227
15222
15204
15195
15193
15190
15162
15156
15129
15118
15115
15111
15093
15092
15085
15083
15079
15075
15071
15062
15061
15038
15031
15031
15021
15015
15013
15010
15006
15003
15000
14967
14959
14943
14940
14927
14919
14908
14899
14891
14890
14880
14874
14850
14839
14824
14823
14822
14815
14813
14798
14793
14789
14791
14787
14785
14758
14756
14754
14709
14698
14697
14696
14684
14678
14662
14657
14652
14632
14626
14625
14617
14601
14596
14592
14589
14587
14581
14566
14541
14533
14527
14519
14513
14504
14504
14485
14478
14469
14460
14431
14389
14387
14384
14376
14364
14349
14346
14346
14345
14344
14333
14327
14324
14320
14316
14316
14315
14306
14305
14295
14291
14286
14271
14270
14268
14260
14254
14233
14227
14226
14226
14225
14215
14209
14199
14180
14176
14173
14167
14152
14150
14138
14135
14129
14119
14119
14117
14097
14093
14066
14047
14030
14027
14020
14016
14010
14006
13999
13993
13991
13988
13983
13980
13975
13969
13947
13945
13934
13925
13923
13919
13919
13919
13914
13909
13906
13902
13897
13897
13891
13885
13883
13875
13872
13872
13870
13869
13864
13862
13858
13858
13857
13855
13844
13838
13836
13830
13814
13806
13802
13800
13797
13790
13782
13778
13772
13768
13759
13754
13752
13747
13739
13738
13729
13728
13718
13716
13715
13712
13705
13701
13699
13692
13680
13674
13670
13665
13662
13660
13657
13632
13625
13625
13621
13621
13610
13599
13598
13590
13584
13583
13578
13546
13544
13538
13533
13527
13523
13517
13516
13500
13497
13490
13488
13478
13465
13456
13439
13433
13430
13414
13406
13405
13395
13377
13368
13365
13359
13356
13336
13333
13330
13329
13323
13308
13291
13289
13286
13281
13255
13242
13240
13230
13225
13224
13220
13206
13204
13197
13195
13194
13187
13184
13180
13176
13161
13156
13155
13152
13137
13131
13130
13127
13127
13125
13123
13115
13115
13114
13102
13093
13087
13084
13074
13073
13067
13067
13063
13061
13055
13055
13053
13049
13046
13038
13031
13010
13009
13006
13006
12995
12993
12989
12988
12986
12980
12971
12957
12943
12942
12916
12915
12915
12911
12899
12896
12852
12851
12849
12848
12847
12842
12827
12826
12824
12811
12809
12803
12778
12776
12775
12765
12759
12736
12728
12727
12724
12720
12720
12708
12703
12697
12692
12679
12676
12670
12665
12662
12659
12659
12646
12642
12633
12628
12627
12609
12604
12602
12595
12594
12582
12568
12557
12546
12546
12544
12544
12538
12537
12537
12536
12533
12518
12515
12508
12492
12491
12487
12482
12455
12451
12451
12446
12429
12418
12417
12414
12409
12404
12399
12398
12394
12375
12367
12367
12364
12352
12344
12337
12333
12325
12325
12324
12312
12312
12310
12299
12296
12285
12275
12270
12270
12266
12263
12262
12260
12258
12255
12254
12252
12248
12242
12238
12232
12230
12219
12209
12208
12203
12194
12191
12187
12182
12171
12162
12154
12153
12148
12141
12137
12126
12120
12108
12095
12092
12090
12085
12081
12079
12079
12079
12075
12053
12049
12044
12041
12037
12036
12035
12027
12022
12017
12009
12004
11985
11970
11963
11963
11959
11958
11950
11949
11947
11944
11941
11938
11936
11935
11929
11915
11911
11900
11897
11894
11893
11888
11887
11878
11865
11864
11862
11854
11850
11849
11837
11836
11833
11824
11819
11811
11803
11801
11798
11784
11784
11779
11779
11776
11774
11770
11766
11766
11765
11755
11741
11734
11732
11712
11710
11705
11699
11694
11690
11686
11686
11680
11676
11674
11663
11658
11651
11628
11626
11626
11625
11620
11618
11610
11597
11596
11595
11594
11594
11591
11576
11571
11566
11549
11539
11536
11535
11533
11532
11523
11515
11509
11507
11506
11492
11469
11467
11461
11433
11429
11423
11423
11420
11414
11413
11405
11396
11396
11396
11394
11392
11385
11383
11382
11376
11364
11359
11357
11354
11352
11350
11349
11345
11342
11331
11322
11321
11310
11306
11302
11296
11290
11285
11284
11283
11268
11266
11266
11259
11258
11256
11254
11249
11245
11244
11229
11229
11228
11212
11202
11202
11200
11192
11185
11169
11169
11167
11165
11159
11158
11151
11147
11147
11144
11134
11120
11119
11114
11110
11107
11104
11103
11103
11097
11093
11091
11089
11079
11054
11076
11075
11072
11071
11069
11068
11063
11058
11058
11055
11045
11039
11034
11029
11026
11022
11020
11016
11014
11013
11009
10998
10989
10989
10989
10980
10980
10972
10969
10968
10957
10947
10941
10938
10932
10928
10924
10921
10916
10909
10907
10907
10905
10896
10878
10875
10875
10854
10848
10835
10831
10823
10819
10817
10816
10814
10811
10809
10809
10807
10801
10794
10785
10779
10775
10769
10769
10749
10745
10744
10742
10741
10735
10731
10724
10724
10717
10713
10712
10710
10701
10698
10695
10691
10687
10682
10679
10675
10674
10667
10666
10662
10662
10658
10652
10651
10650
10644
10639
10638
10637
10620
10614
10614
10613
10612
10604
10602
10599
10599
10597
10592
10583
10582
10578
10571
10568
10564
10562
10558
10548
10539
10538
10534
10529
10523
10521
10521
10504
10503
10497
10488
10479
10472
10471
10468
10468
10447
10446
10445
10434
10430
10429
10425
10423
10422
10419
10414
10410
10403
10402
10401
10398
10396
10393
10392
10386
10384
10382
10380
10379
10377
10374
10365
10364
10361
10358
10348
10346
10346
10346
10345
10344
10338
10334
10334
10334
10330
10330
10329
10329
10324
10308
10308
10306
10301
10292
10292
10283
10282
10278
10271
10259
10253
10250
10248
10248
10246
10245
10242
10241
10240
10240
10238
10227
10225
10223
10208
10206
10204
10183
10181
10177
10176
10173
10172
10166
10164
10164
10161
10160
10159
10159
10155
10146
10136
10135
10133
10132
10125
10117
10116
10111
10107
10104
10088
10087
10079
10065
10064
10059
10047
10043
10041
10038
10025
10016
10015
10013
10008
10008
10004
9998
9998
9990
9978
9976
9976
9975
9972
9968
9966
9955
9955
9955
9952
9952
9950
9950
9944
9943
9941
9936
9935
9933
9930
9930
9926
9920
9918
9918
9917
9913
9909
9906
9903
9898
9897
9893
9887
9882
9879
9879
9878
9876
9873
9873
9868
9855
9844
9844
9843
9842
9842
9841
9841
9834
9831
9828
9820
9814
9812
9808
9804
9800
9796
9795
9789
9786
9785
9782
9780
9769
9766
9764
9762
9762
9757
9756
9755
9753
9747
9746
9744
9740
9737
9737
9730
9729
9726
9723
9721
9721
9716
9715
9714
9713
9711
9709
9706
9704
9701
9701
9695
9693
9691
9673
9671
9670
9667
9661
9651
9648
9648
9646
9646
9645
9641
9639
9628
9627
9614
9613
9612
9611
9609
9607
9607
9597
9594
9592
9586
9584
9581
9573
9571
9569
9566
9562
9558
9556
9555
9554
9552
9540
9535
9535
9532
9523
9520
9519
9517
9512
9510
9510
9504
9499
9497
9490
9488
9486
9481
9480
9479
9472
9468
9465
9464
9459
9457
9456
9456
9456
9448
9445
9442
9439
9437
9436
9436
9435
9433
9428
9427
9427
9420
9419
9416
9415
9414
9410
9410
9408
9405
9398
9390
9382
9371
9366
9362
9354
9351
9328
9325
9321
9318
9312
9312
9309
9309
9302
9300
9299
9299
9296
9294
9292
9288
9281
9280
9280
9272
9272
9266
9265
9264
9259
9259
9258
9256
9253
9249
9248
9242
9229
9218
9214
9213
9212
9212
9203
9200
9199
9197
9196
9195
9193
9192
9188
9187
9183
9175
9174
9169
9166
9165
9158
9152
9152
9149
9143
9135
9135
9131
9129
9127
9120
9111
9108
9105
9104
9089
9071
9067
9065
9063
9063
9063
9061
9059
9057
9052
9049
9047
9045
9045
9044
9043
9040
9039
9038
9034
9033
9032
9031
9028
9026
9022
9020
9017
9016
9015
9009
9008
9007
9006
9005
9004
9003
9002
9002
9000
8997
8994
8990
8985
8985
8984
8982
8981
8980
8977
8975
8973
8964
8961
8959
8959
8954
8952
8950
8949
8936
8933
8930
8924
8923
8918
8918
8913
8908
8901
8899
8881
8874
8863
8856
8846
8846
8838
8835
8834
8831
8821
8819
8814
8811
8810
8810
8809
8807
8807
8806
8805
8805
8802
8801
8796
8793
8789
8787
8784
8783
8782
8781
8776
8772
8771
8770
8766
8764
8756
8750
8746
8746
8745
8737
8728
8728
8727
8722
8720
8719
8717
8714
8712
8711
8709
8709
8706
8708
8705
8704
8703
8702
8701
8700
8696
8689
8688
8687
8686
8685
8683
8676
8675
8671
8663
8661
8660
8656
8655
8650
8646
8645
8641
8640
8638
8636
8635
8633
8626
8625
8617
8609
8607
8604
8602
8594
8593
8592
8587
8586
8586
8586
8585
8584
8582
8574
8565
8562
8558
8557
8555
8552
8545
8545
8542
8541
8538
8521
8521
8514
8513
8512
8511
8507
8503
8501
8500
8497
8494
8492
8486
8476
8476
8470
8470
8470
8467
8465
8462
8459
8456
8454
8453
8451
8446
8437
8432
8429
8428
8422
8421
8420
8418
8417
8408
8403
8402
8401
8399
8397
8391
8391
8388
8387
8387
8385
8385
8385
8379
8375
8371
8369
8368
8367
8367
8366
8357
8357
8349
8349
8348
8345
8344
8342
8338
8337
8334
8334
8333
8329
8326
8324
8323
8317
8316
8316
8314
8309
8302
8301
8296
8291
8291
8285
8280
8276
8274
8271
8267
8260
8250
8250
8249
8241
8240
8232
8231
8229
8224
8224
8222
8220
8214
8211
8208
8207
8199
8196
8195
8193
8192
8188
8188
8182
8182
8180
8176
8173
8168
8167
8164
8158
8156
8155
8153
8149
8143
8141
8138
8136
8135
8134
8132
8129
8127
8126
8124
8118
8117
8116
8116
8115
8113
8111
8108
8106
8106
8102
8102
8102
8099
8098
8092
8091
8088
8087
8085
8081
8079
8072
8072
8072
8070
8069
8069
8064
8064
8061
8057
8051
8047
8047
8045
8044
8042
8041
8040
8038
8037
8036
8035
8032
8032
8031
8031
8029
8026
8026
8025
8024
8021
8020
8018
8014
8013
8013
8011
8009
8004
8000
7997
7992
7989
7986
7979
7976
7976
7974
7974
7968
7967
7966
7959
7959
7959
7958
7956
7956
7954
7947
7943
7941
7939
7937
7933
7925
7923
7921
7919
7919
7916
7915
7912
7911
7909
7908
7908
7908
7907
7906
7905
7901
7898
7897
7896
7892
7890
7885
7883
7880
7879
7877
7877
7874
7873
7865
7860
7856
7847
7847
7847
7846
7844
7840
7840
7837
7836
7834
7830
7830
7827
7826
7826
7824
7824
7821
7820
7819
7816
7814
7811
7809
7806
7806
7806
7802
7798
7798
7796
7792
7791
7786
7785
7784
7782
7779
7776
7775
7773
7763
7762
7762
7754
7753
7753
7750
7747
7746
7744
7744
7741
7741
7738
7737
7737
7737
7728
7727
7726
7725
7720
7720
7719
7718
7713
7709
7708
7706
7705
7704
7704
7703
7701
7701
7700
7699
7694
7693
7693
7689
7689
7683
7683
7683
7680
7677
7675
7673
7672
7667
7665
7665
7664
7662
7660
7656
7654
7651
7651
7649
7648
7646
7645
7641
7638
7637
7636
7633
7633
7633
7633
7631
7631
7630
7627
7626
7623
7620
7614
7613
7612
7608
7607
7606
7602
7599
7598
7597
7596
7596
7594
7594
7588
7587
7586
7585
7584
7584
7583
7581
7575
7567
7567
7563
7562
7558
7558
7558
7555
7554
7554
7554
7553
7552
7546
7545
7541
7539
7535
7534
7533
7530
7529
7528
7526
7525
7522
7519
7519
7516
7515
7515
7515
7513
7511
7510
7506
7506
7506
7500
7500
7500
7498
7497
7497
7495
7494
7486
7482
7482
7481
7481
7476
7472
7465
7464
7464
7460
7460
7456
7454
7450
7449
7448
7446
7444
7444
7443
7442
7441
7440
7439
7436
7436
7433
7428
7426
7424
7421
7417
7416
7413
7408
7405
7405
7403
7398
7398
7398
7397
7393
7388
7386
7384
7379
7379
7377
7376
7370
7370
7367
7367
7365
7347
7355
7354
7354
7353
7353
7346
7345
7345
7343
7343
7343
7343
7341
7338
7337
7336
7336
7335
7332
7330
7324
7324
7314
7311
7311
7309
7307
7303
7301
7301
7298
7297
7296
7295
7295
7293
7289
7288
7286
7286
7285
7283
7281
7280
7279
7279
7277
7275
7274
7271
7268
7267
7267
7266
7261
7260
7260
7253
7252
7250
7248
7247
7246
7245
7245
7243
7239
7238
7237
7237
7233
7229
7220
7219
7219
7216
7216
7214
7214
7210
7206
7205
7203
7203
7202
7200
7197
7196
7195
7195
7194
7193
7191
7190
7190
7189
7182
7182
7181
7181
7180
7179
7174
7173
7168
7167
7164
7161
7159
7159
7158
7158
7155
7154
7150
7150
7148
7143
7142
7142
7138
7138
7137
7136
7133
7132
7132
7132
7132
7128
7127
7125
7125
7123
7122
7121
7118
7116
7115
7109
7109
7105
7104
7104
7103
7103
7103
7102
7099
7099
7099
7099
7098
7097
7094
7093
7091
7090
7088
7085
7083
7081
7077
7072
7071
7071
7071
7065
7061
7061
7059
7052
7052
7051
7049
7048
7043
7042
7042
7040
7039
7038
7037
7033
7028
7025
7024
7022
7019
7017
7017
7014
7013
7011
7010
7010
7008
7006
7004
7003
7003
7003
7001
7001
7001
7000
6995
6992
6992
6991
6991
6989
6984
6983
6979
6975
6974
6971
6970
6969
6968
6966
6966
6963
6962
6961
6960
6957
6951
6951
6951
6949
6948
6948
6946
6945
6945
6944
6940
6939
6938
6938
6938
6937
6933
6933
6933
6932
6930
6924
6924
6922
6921
6919
6918
6917
6916
6915
6914
6913
6912
6912
6912
6911
6910
6906
6905
6900
6898
6895
6894
6893
6890
6890
6890
6888
6886
6884
6884
6882
6882
6881
6879
6877
6877
6875
6875
6874
6873
6870
6868
6866
6860
6855
6852
6852
6852
6850
6849
6844
6844
6844
6843
6840
6840
6838
6837
6835
6828
6826
6826
6825
6824
6821
6820
6816
6813
6811
6807
6807
6802
6801
6799
6795
6794
6792
6790
6790
6788
6788
6786
6785
6781
6778
6771
6771
6771
6769
6766
6766
6763
6761
6759
6759
6757
6757
6754
6754
6750
6745
6741
6741
6740
6738
6737
6734
6733
6732
6730
6724
6722
6721
6716
6714
6712
6710
6709
6709
6707
6706
6705
6704
6704
6701
6699
6698
6698
6695
6695
6685
6683
6683
6674
6671
6671
6669
6668
6667
6665
6663
6661
6661
6659
6659
6655
6654
6654
6653
6651
6649
6648
6648
6645
6644
6644
6643
6642
6637
6636
6634
6634
6631
6631
6630
6630
6629
6628
6624
6619
6616
6616
6613
6613
6612
6610
6610
6610
6608
6606
6605
6605
6601
6601
6598
6597
6596
6587
6583
6582
6581
6581
6578
6578
6578
6564
6561
6558
6554
6554
6550
6550
6550
6549
6548
6548
6548
6545
6544
6544
6536
6536
6534
6533
6530
6528
6527
6527
6526
6526
6524
6521
6521
6520
6518
6517
6514
6513
6511
6509
6508
6507
6506
6504
6503
6502
6501
6501
6500
6497
6496
6496
6491
6491
6491
6487
6487
6486
6485
6485
6484
6476
6475
6474
6470
6470
6470
6468
6467
6464
6464
6462
6461
6459
6458
6458
6452
6451
6449
6445
6445
6444
6444
6443
6438
6438
6435
6434
6430
6428
6428
6426
6425
6425
6423
6422
6415
6415
6414
6413
6410
6410
6408
6405
6404
6404
6402
6397
6396
6394
6394
6392
6392
6383
6383
6382
6382
6381
6381
6380
6379
6377
6377
6374
6374
6374
6372
6369
6365
6362
6360
6352
6350
6343
6343
6343
6342
6339
6337
6335
6335
6332
6332
6331
6330
6330
6327
6327
6323
6322
6317
6317
6313
6312
6311
6310
6309
6306
6305
6304
6301
6299
6299
6299
6296
6293
6292
6292
6292
6291
6288
6288
6280
6279
6279
6275
6275
6273
6271
6271
6270
6270
6269
6267
6266
6265
6264
6263
6261
6261
6260
6257
6256
6256
6255
6254
6252
6251
6251
6251
6251
6249
6248
6247
6247
6245
6243
6242
6240
6237
6237
6233
6221
6221
6220
6218
6218
6216
6214
6209
6209
6209
6205
6204
6203
6201
6201
6201
6201
6199
6197
6195
6194
6193
6192
6188
6188
6184
6184
6183
6181
6179
6178
6175
6175
6174
6174
6174
6173
6171
6170
6170
6168
6167
6165
6163
6162
6160
6159
6151
6151
6151
6150
6150
6141
6141
6138
6137
6137
6137
6136
6135
6132
6130
6130
6129
6129
6129
6128
6127
6126
6124
6124
6124
6123
6120
6118
6118
6118
6117
6116
6114
6112
6107
6104
6103
6101
6099
6099
6099
6095
6093
6091
6090
6090
6090
6089
6088
6083
6081
6080
6075
6074
6074
6074
6073
6072
6072
6071
6067
6066
6065
6062
6057
6056
6053
6053
6053
6050
6048
6048
6048
6047
6043
6043
6042
6042
6042
6042
6040
6034
6033
6032
6032
6031
6031
6031
6030
6027
6027
6027
6025
6024
6018
6015
6012
6011
6010
6009
6008
6008
6007
6006
6003
6002
6000
5999
5997
5996
5995
5995
5993
5992
5990
5988
5986
5985
5981
5978
5978
5972
5972
5971
5970
5968
5966
5964
5963
5963
5962
5961
5959
5958
5956
5953
5951
5949
5949
5947
5947
5943
5940
5938
5938
5938
5938
5936
5936
5934
5934
5933
5932
5932
5928
5926
5926
5925
5924
5922
5922
5922
5921
5921
5921
5920
5919
5918
5918
5917
5917
5914
5913
5913
5913
5908
5906
5905
5905
5902
5901
5901
5901
5901
5900
5899
5897
5896
5896
5896
5896
5891
5889
5889
5888
5886
5885
5882
5881
5880
5880
5878
5877
5877
5877
5873
5872
5870
5869
5868
5868
5866
5864
5864
5863
5860
5860
5859
5859
5858
5857
5856
5852
5852
5852
5850
5848
5848
5844
5842
5840
5840
5839
5839
5837
5837
5836
5836
5836
5836
5836
5834
5833
5833
5832
5832
5831
5829
5827
5825
5821
5821
5820
5820
5817
5816
5815
5815
5814
5814
5813
5812
5810
5809
5806
5806
5804
5802
5802
5799
5796
5796
5795
5794
5791
5790
5790
5789
5787
5785
5785
5781
5781
5780
5780
5778
5778
5777
5776
5775
5775
5774
5774
5773
5770
5770
5766
5765
5765
5764
5764
5764
5763
5762
5761
5761
5761
5759
5759
5758
5757
5757
5756
5756
5751
5749
5749
5748
5748
5747
5747
5746
5744
5744
5742
5742
5741
5740
5739
5739
5737
5737
5736
5736
5736
5735
5735
5730
5729
5729
5729
5729
5728
5727
5727
5727
5727
5726
5726
5724
5721
5721
5721
5720
5718
5718
5717
5716
5715
5713
5712
5710
5709
5708
5708
5707
5706
5705
5705
5704
5701
5701
5699
5694
5694
5694
5690
5687
5685
5684
5684
5682
5679
5678
5678
5677
5677
5675
5674
5672
5671
5671
5670
5665
5663
5662
5658
5658
5658
5658
5657
5655
5655
5654
5653
5653
5651
5650
5649
5648
5646
5646
5645
5644
5642
5641
5641
5640
5634
5634
5630
5628
5627
5627
5627
5626
5626
5626
5625
5623
5623
5623
5622
5622
5619
5616
5615
5615
5612
5611
5608
5607
5607
5606
5606
5606
5604
5603
5603
5602
5599
5596
5594
5594
5594
5594
5593
5590
5588
5587
5587
5585
5584
5583
5583
5582
5581
5578
5578
5576
5575
5572
5572
5568
5567
5566
5565
5564
5564
5564
5564
5562
5562
5561
5557
5557
5557
5556
5556
5556
5555
5553
5549
5548
5548
5545
5543
5542
5542
5542
5541
5537
5536
5536
5534
5531
5531
5530
5530
5530
5529
5528
5526
5525
5524
5522
5522
5521
5521
5520
5519
5519
5518
5518
5517
5517
5516
5516
5514
5514
5511
5509
5509
5508
5505
5505
5504
5504
5502
5500
5499
5498
5498
5497
5497
5496
5496
5492
5491
5490
5488
5485
5484
5484
5483
5483
5480
5480
5479
5477
5475
5475
5475
5474
5472
5471
5471
5471
5469
5468
5467
5467
5465
5463
5461
5459
5459
5458
5458
5458
5457
5457
5456
5456
5453
5452
5451
5451
5449
5448
5447
5444
5444
5443
5442
5441
5439
5437
5436
5434
5433
5433
5431
5430
5430
5430
5428
5428
5428
5425
5422
5419
5419
5418
5417
5417
5416
5416
5415
5415
5415
5412
5412
5412
5412
5411
5411
5411
5410
5407
5406
5406
5406
5406
5405
5404
5404
5404
5403
5402
5402
5401
5400
5400
5399
5399
5396
5394
5394
5391
5387
5386
5384
5383
5380
5380
5377
5376
5375
5374
5374
5373
5373
5371
5371
5370
5370
5370
5365
5364
5364
5362
5362
5361
5358
5357
5356
5355
5354
5348
5346
5345
5344
5342
5341
5339
5336
5335
5335
5335
5334
5332
5327
5326
5326
5324
5321
5319
5318
5317
5315
5315
5313
5310
5309
5307
5307
5307
5305
5305
5304
5303
5303
5301
5300
5298
5298
5296
5296
5295
5295
5294
5292
5291
5290
5289
5287
5286
5285
5285
5285
5283
5283
5283
5283
5283
5281
5281
5280
5279
5278
5278
5278
5277
5276
5276
5273
5273
5273
5272
5271
5271
5270
5269
5268
5268
5267
5267
5267
5266
5266
5266
5266
5265
5264
5263
5262
5257
5256
5256
5255
5255
5255
5253
5251
5251
5250
5250
5249
5249
5244
5242
5241
5240
5238
5237
5236
5236
5231
5230
5229
5227
5226
5226
5224
5223
5222
5221
5221
5221
5218
5218
5218
5218
5218
5215
5214
5213
5213
5212
5211
5210
5210
5209
5207
5206
5205
5205
5201
5200
5198
5197
5194
5193
5192
5190
5187
5186
5185
5185
5184
5184
5184
5183
5183
5183
5183
5183
5181
5181
5178
5177
5175
5175
5175
5174
5173
5171
5171
5170
5168
5164
5162
5162
5161
5161
5161
5159
5158
5155
5155
5153
5150
5150
5149
5148
5145
5145
5145
5144
5144
5143
5143
5142
5142
5141
5140
5140
5139
5137
5137
5135
5135
5135
5132
5130
5130
5128
5127
5126
5125
5125
5123
5123
5121
5121
5120
5119
5119
5117
5116
5115
5115
5113
5111
5110
5109
5109
5108
5108
5108
5108
5107
5105
5102
5102
5101
5101
5100
5100
5100
5099
5098
5096
5094
5093
5091
5090
5089
5089
5088
5087
5085
5081
5080
5080
5080
5079
5079
5077
5077
5075
5075
5074
5074
5072
5071
5071
5070
5067
5067
5064
5063
5061
5060
5059
5059
5059
5059
5058
5057
5057
5055
5048
5048
5047
5047
5047
5046
5046
5045
5045
5044
5044
5043
5043
5043
5043
5042
5040
5039
5034
5034
5031
5030
5030
5030
5030
5030
5030
5029
5027
5026
5024
5022
5022
5021
5021
5020
5020
5018
5017
5013
5013
5012
5011
5010
5010
5010
5009
5009
5008
5007
5007
5006
5006
5006
5006
5006
5005
5003
5001
5001
4998
4998
4997
4996
4995
4994
4994
4991
4990
4986
4986
4985
4984
4983
4982
4981
4981
4980
4980
4979
4979
4978
4977
4976
4976
4975
4975
4974
4973
4972
4972
4970
4969
4968
4968
4968
4967
4966
4966
4964
4963
4961
4960
4960
4960
4958
4957
4956
4954
4953
4952
4952
4952
4951
4950
4949
4948
4947
4946
4945
4945
4943
4941
4941
4940
4939
4937
4937
4935
4935
4933
4932
4930
4930
4929
4928
4927
4927
4927
4926
4923
4923
4922
4921
4921
4920
4919
4919
4918
4918
4917
4915
4915
4914
4913
4911
4911
4909
4907
4907
4906
4905
4903
4903
4901
4900
4900
4897
4894
4894
4894
4893
4893
4893
4892
4891
4890
4890
4889
4887
4886
4879
4878
4877
4876
4876
4876
4876
4875
4874
4874
4874
4873
4872
4872
4872
4870
4869
4868
4867
4867
4865
4865
4864
4864
4863
4863
4862
4862
4860
4859
4859
4859
4856
4855
4854
4854
4852
4851
4851
4850
4848
4848
4847
4847
4846
4845
4845
4844
4844
4843
4842
4841
4841
4840
4840
4838
4838
4838
4837
4837
4834
4833
4832
4830
4830
4830
4829
4828
4827
4827
4826
4825
4825
4824
4823
4822
4821
4821
4820
4820
4818
4817
4817
4816
4816
4815
4814
4814
4809
4809
4804
4803
4803
4801
4798
4798
4797
4797
4796
4794
4794
4793
4792
4791
4791
4790
4790
4790
4790
4788
4788
4788
4787
4786
4784
4784
4783
4783
4783
4783
4783
4781
4781
4779
4779
4778
4777
4777
4776
4774
4774
4773
4770
4769
4769
4768
4768
4768
4766
4766
4762
4761
4759
4758
4758
4757
4756
4755
4753
4753
4753
4752
4750
4750
4750
4750
4749
4749
4749
4748
4748
4746
4746
4745
4744
4741
4741
4741
4740
4739
4739
4738
4737
4737
4736
4736
4734
4732
4732
4730
4730
4727
4727
4725
4724
4722
4720
4719
4719
4717
4716
4716
4713
4712
4712
4712
4711
4711
4711
4709
4709
4708
4708
4708
4707
4706
4705
4704
4703
4702
4700
4699
4698
4696
4695
4695
4693
4693
4690
4690
4690
4689
4689
4688
4688
4687
4685
4685
4684
4683
4683
4682
4682
4682
4680
4679
4679
4679
4679
4678
4678
4678
4677
4677
4676
4675
4674
4673
4672
4672
4671
4671
4670
4670
4669
4668
4668
4668
4665
4665
4664
4663
4661
4661
4660
4660
4659
4659
4658
4658
4656
4656
4655
4654
4653
4650
4650
4647
4647
4646
4646
4646
4645
4645
4643
4643
4643
4642
4642
4641
4640
4640
4639
4639
4638
4638
4638
4637
4635
4634
4634
4633
4633
4633
4631
4631
4630
4629
4629
4628
4626
4625
4622
4619
4619
4617
4617
4616
4615
4615
4614
4613
4613
4612
4611
4611
4610
4610
4609
4608
4606
4606
4605
4604
4603
4601
4601
4601
4597
4597
4595
4595
4595
4595
4593
4593
4592
4592
4591
4591
4590
4590
4590
4589
4587
4587
4587
4587
4587
4586
4586
4585
4585
4585
4584
4583
4583
4582
4582
4581
4581
4580
4580
4580
4580
4579
4579
4579
4579
4578
4577
4577
4577
4576
4575
4573
4572
4570
4570
4570
4568
4565
4564
4562
4562
4562
4561
4560
4559
4559
4558
4557
4557
4556
4556
4554
4554
4553
4552
4551
4549
4548
4548
4545
4545
4543
4542
4542
4539
4539
4539
4538
4538
4537
4536
4536
4535
4535
4534
4530
4529
4528
4528
4527
4527
4526
4523
4521
4520
4520
4520
4520
4519
4519
4519
4519
4518
4517
4516
4516
4515
4513
4513
4512
4511
4510
4510
4510
4509
4508
4508
4508
4508
4508
4507
4507
4506
4505
4504
4504
4504
4503
4503
4502
4502
4501
4501
4500
4498
4497
4497
4494
4494
4494
4492
4490
4488
4488
4487
4485
4484
4483
4483
4481
4480
4480
4479
4478
4478
4477
4477
4477
4476
4476
4475
4475
4475
4474
4474
4472
4472
4470
4470
4470
4469
4468
4467
4466
4465
4465
4465
4464
4464
4459
4459
4458
4456
4455
4455
4455
4454
4453
4452
4450
4450
4448
4448
4447
4444
4444
4443
4442
4442
4441
4441
4441
4440
4440
4439
4439
4439
4437
4435
4435
4434
4434
4433
4433
4433
4432
4431
4430
4429
4428
4427
4427
4426
4426
4425
4424
4423
4422
4422
4422
4421
4420
4417
4416
4416
4416
4416
4414
4413
4413
4411
4411
4410
4409
4409
4407
4405
4405
4405
4403
4402
4402
4402
4401
4400
4400
4399
4398
4396
4396
4395
4393
4393
4393
4392
4392
4392
4391
4390
4389
4388
4388
4387
4386
4386
4385
4380
4380
4379
4377
4376
4376
4376
4376
4375
4375
4375
4375
4373
4373
4373
4372
4371
4371
4371
4370
4369
4367
4367
4366
4363
4362
4361
4361
4356
4355
4354
4354
4354
4354
4354
4353
4353
4353
4353
4352
4350
4350
4350
4350
4348
4347
4346
4346
4345
4343
4343
4343
4342
4341
4341
4340
4339
4339
4339
4336
4336
4336
4331
4331
4328
4328
4328
4328
4327
4326
4326
4325
4325
4324
4323
4323
4322
4321
4321
4321
4319
4318
4318
4316
4316
4316
4315
4315
4315
4315
4314
4313
4312
4312
4311
4309
4309
4308
4308
4307
4305
4304
4304
4303
4303
4302
4302
4301
4300
4299
4299
4299
4299
4299
4297
4297
4295
4295
4294
4294
4293
4293
4293
4293
4292
4292
4291
4289
4288
4288
4286
4286
4282
4282
4281
4281
4280
4280
4277
4274
4274
4273
4272
4270
4269
4268
4268
4267
4267
4266
4266
4265
4265
4264
4264
4263
4263
4263
4262
4261
4261
4261
4260
4260
4260
4260
4260
4259
4259
4257
4257
4256
4255
4254
4254
4253
4252
4252
4249
4248
4247
4247
4247
4246
4245
4245
4245
4244
4244
4243
4243
4242
4241
4241
4239
4239
4239
4238
4237
4236
4236
4234
4234
4233
4233
4233
4233
4232
4231
4231
4229
4228
4228
4227
4226
4225
4225
4222
4222
4222
4220
4219
4218
4218
4218
4218
4217
4217
4216
4215
4213
4213
4213
4213
4212
4211
4211
4209
4205
4205
4204
4202
4201
4199
4199
4198
4198
4197
4197
4197
4196
4222
4195
4194
4193
4193
4192
4191
4191
4191
4190
4188
4188
4187
4187
4187
4185
4185
4184
4184
4184
4183
4183
4182
4181
4181
4181
4181
4179
4179
4179
4178
4176
4175
4174
4173
4173
4172
4171
4170
4170
4168
4167
4166
4166
4166
4166
4165
4165
4164
4164
4163
4162
4162
4162
4162
4160
4159
4159
4159
4158
4158
4158
4157
4156
4156
4155
4153
4153
4153
4153
4152
4152
4151
4150
4150
4149
4148
4147
4147
4147
4147
4146
4145
4144
4144
4143
4143
4142
4142
4142
4142
4141
4141
4140
4139
4138
4138
4138
4137
4136
4136
4136
4136
4135
4135
4135
4134
4134
4132
4132
4131
4131
4131
4131
4131
4131
4131
4129
4128
4128
4127
4126
4126
4126
4125
4125
4125
4125
4124
4121
4121
4121
4121
4121
4120
4120
4120
4118
4117
4117
4115
4115
4113
4112
4112
4111
4111
4110
4110
4110
4109
4108
4108
4107
4107
4107
4107
4106
4106
4106
4105
4105
4104
4104
4104
4104
4104
4103
4103
4102
4102
4101
4100
4098
4098
4097
4096
4096
4096
4094
4094
4093
4092
4089
4089
4089
4088
4088
4086
4086
4085
4085
4085
4083
4082
4082
4082
4081
4081
4080
4079
4079
4079
4078
4076
4074
4074
4073
4073
4072
4072
4071
4071
4070
4070
4067
4066
4065
4065
4065
4064
4064
4062
4061
4061
4060
4060
4060
4060
4060
4060
4060
4057
4057
4057
4057
4056
4056
4056
4056
4056
4054
4053
4053
4051
4050
4050
4050
4050
4050
4050
4046
4044
4043
4043
4041
4040
4040
4039
4037
4037
4037
4036
4036
4036
4036
4034
4034
4034
4033
4032
4032
4032
4031
4031
4030
4029
4029
4027
4027
4026
4026
4026
4025
4025
4025
4023
4023
4021
4019
4019
4018
4018
4017
4017
4016
4015
4015
4014
4014
4014
4014
4014
4014
4014
4013
4012
4012
4011
4009
4009
4009
4009
4008
4007
4006
4005
4004
4004
4004
4002
4002
4001
4001
4000
4000
4000
3999
3999
3998
3998
3998
3997
3997
3997
3996
3995
3994
3993
3993
3993
3992
3992
3991
3991
3991
3989
3989
3986
3986
3986
3985
3984
3983
3983
3983
3983
3982
3982
3982
3981
3980
3980
3980
3979
3979
3978
3976
3975
3975
3971
3970
3970
3970
3969
3969
3968
3967
3965
3965
3965
3964
3963
3963
3960
3959
3959
3959
3958
3958
3958
3957
3957
3956
3954
3954
3953
3953
3952
3951
3950
3950
3950
3950
3949
3948
3948
3947
3946
3946
3945
3945
3945
3944
3943
3943
3943
3942
3942
3942
3941
3941
3941
3940
3940
3939
3939
3938
3938
3937
3937
3936
3935
3933
3933
3933
3932
3932
3931
3931
3931
3931
3930
3930
3930
3928
3928
3928
3927
3927
3927
3927
3927
3927
3927
3927
3925
3923
3923
3923
3922
3922
3922
3920
3920
3920
3920
3919
3919
3919
3918
3917
3917
3917
3916
3915
3914
3914
3914
3914
3914
3913
3913
3913
3912
3912
3911
3911
3910
3910
3910
3910
3909
3909
3908
3908
3908
3907
3907
3906
3906
3905
3904
3904
3904
3903
3903
3902
3902
3900
3899
3899
3898
3896
3895
3895
3894
3894
3893
3893
3893
3892
3892
3889
3889
3889
3888
3887
3887
3887
3886
3885
3884
3883
3883
3883
3882
3882
3881
3881
3879
3879
3878
3878
3877
3877
3877
3876
3876
3876
3875
3875
3874
3874
3874
3873
3872
3871
3871
3870
3869
3868
3868
3868
3868
3868
3867
3867
3867
3866
3866
3865
3864
3864
3863
3861
3861
3861
3860
3860
3860
3859
3859
3857
3857
3857
3853
3853
3852
3851
3850
3850
3850
3849
3849
3849
3849
3848
3848
3847
3847
3847
3846
3846
3845
3845
3844
3843
3843
3842
3842
3842
3842
3842
3841
3841
3841
3839
3839
3837
3835
3835
3834
3834
3834
3834
3834
3833
3833
3833
3833
3831
3831
3831
3831
3831
3830
3830
3829
3829
3829
3829
3829
3829
3828
3828
3828
3828
3827
3827
3826
3826
3825
3825
3825
3824
3824
3823
3823
3823
3823
3821
3821
3821
3820
3819
3819
3819
3819
3819
3817
3817
3817
3817
3816
3816
3815
3815
3813
3812
3812
3811
3809
3809
3809
3809
3808
3808
3806
3805
3804
3804
3804
3804
3803
3803
3803
3802
3802
3801
3801
3801
3800
3799
3799
3798
3798
3798
3797
3796
3796
3796
3795
3795
3795
3795
3794
3794
3793
3792
3792
3791
3791
3790
3790
3789
3789
3789
3789
3788
3787
3787
3786
3786
3785
3785
3785
3784
3784
3784
3784
3783
3782
3782
3782
3782
3782
3781
3780
3780
3778
3778
3778
3777
3773
3773
3773
3773
3773
3772
3772
3771
3771
3770
3770
3769
3769
3769
3767
3767
3767
3767
3766
3766
3765
3765
3764
3764
3763
3762
3761
3761
3761
3760
3760
3760
3759
3759
3757
3756
3756
3755
3755
3755
3755
3755
3753
3753
3753
3752
3752
3751
3750
3750
3750
3749
3749
3749
3749
3748
3747
3747
3747
3747
3745
3745
3744
3744
3743
3743
3743
3743
3741
3741
3741
3741
3740
3740
3740
3740
3739
3738
3737
3737
3737
3737
3736
3736
3736
3735
3735
3735
3734
3734
3734
3733
3733
3732
3732
3730
3730
3730
3730
3729
3729
3728
3728
3727
3727
3727
3726
3726
3726
3726
3725
3725
3725
3724
3724
3723
3723
3723
3722
3722
3722
3722
3721
3721
3721
3720
3720
3719
3719
3718
3718
3717
3717
3716
3716
3714
3713
3713
3713
3713
3712
3711
3711
3710
3710
3710
3710
3710
3709
3709
3709
3708
3708
3707
3706
3705
3704
3703
3703
3702
3702
3701
3701
3701
3700
3699
3699
3699
3698
3697
3697
3697
3696
3696
3696
3695
3694
3694
3694
3693
3693
3692
3692
3691
3691
3690
3689
3689
3689
3689
3688
3688
3688
3687
3687
3687
3686
3686
3686
3685
3685
3685
3684
3683
3683
3682
3682
3681
3681
3678
3678
3678
3678
3678
3676
3676
3675
3675
3673
3672
3671
3670
3669
3669
3669
3669
3668
3668
3667
3667
3667
3667
3666
3666
3665
3663
3662
3661
3661
3661
3661
3660
3659
3659
3659
3659
3659
3658
3658
3658
3657
3657
3655
3655
3654
3654
3654
3654
3653
3652
3652
3651
3650
3649
3649
3648
3648
3647
3647
3645
3645
3644
3644
3643
3642
3642
3640
3640
3640
3639
3639
3638
3638
3638
3637
3637
3636
3636
3635
3635
3635
3635
3633
3633
3633
3632
3632
3632
3632
3631
3631
3631
3630
3629
3629
3629
3628
3628
3627
3626
3625
3625
3625
3625
3624
3623
3623
3622
3622
3621
3620
3620
3620
3620
3619
3618
3618
3618
3617
3616
3616
3616
3615
3615
3614
3614
3614
3613
3612
3612
3612
3611
3611
3610
3610
3609
3609
3608
3608
3608
3607
3607
3607
3606
3605
3605
3605
3603
3602
3602
3601
3600
3600
3600
3600
3599
3599
3599
3598
3598
3598
3597
3597
3596
3596
3595
3594
3594
3593
3592
3591
3590
3589
3589
3589
3588
3588
3587
3587
3587
3587
3586
3586
3585
3585
3585
3585
3584
3584
3582
3582
3582
3582
3580
3580
3580
3579
3579
3578
3577
3576
3576
3575
3574
3574
3574
3574
3573
3573
3573
3573
3573
3573
3573
3572
3572
3571
3571
3571
3570
3570
3570
3569
3568
3568
3567
3567
3567
3567
3566
3566
3565
3564
3564
3563
3563
3563
3563
3562
3561
3561
3561
3561
3560
3560
3560
3559
3559
3559
3558
3558
3558
3558
3557
3557
3556
3555
3555
3555
3553
3553
3553
3553
3553
3553
3552
3552
3552
3551
3551
3551
3551
3550
3548
3547
3547
3546
3544
3544
3544
3543
3542
3542
3541
3541
3541
3541
3540
3540
3540
3539
3539
3539
3538
3538
3538
3536
3536
3535
3535
3534
3534
3534
3534
3533
3533
3533
3533
3533
3533
3533
3532
3532
3532
3531
3531
3531
3531
3530
3530
3529
3527
3526
3525
3525
3525
3523
3522
3521
3521
3520
3520
3520
3519
3518
3518
3518
3518
3518
3518
3517
3516
3516
3515
3515
3515
3515
3515
3515
3515
3514
3514
3513
3513
3513
3512
3511
3511
3510
3510
3510
3510
3508
3508
3508
3508
3508
3507
3507
3506
3506
3506
3506
3506
3503
3503
3502
3502
3502
3502
3500
3500
3498
3497
3497
3497
3497
3497
3496
3495
3494
3494
3494
3494
3494
3493
3493
3492
3492
3491
3490
3488
3485
3485
3485
3485
3484
3484
3482
3482
3481
3480
3480
3480
3480
3480
3479
3479
3479
3478
3478
3477
3477
3477
3477
3477
3476
3476
3475
3475
3474
3473
3472
3472
3472
3471
3471
3470
3469
3469
3469
3469
3469
3469
3469
3468
3468
3468
3467
3467
3467
3467
3467
3467
3467
3467
3467
3466
3465
3465
3464
3463
3463
3463
3463
3463
3462
3462
3461
3460
3459
3457
3457
3456
3456
3456
3456
3455
3454
3454
3453
3453
3453
3452
3452
3452
3452
3452
3451
3451
3451
3450
3450
3449
3447
3447
3447
3447
3446
3446
3446
3445
3445
3445
3445
3444
3444
3441
3441
3441
3440
3440
3440
3439
3438
3438
3437
3436
3435
3435
3435
3435
3434
3434
3434
3434
3434
3434
3433
3433
3433
3432
3431
3430
3430
3429
3429
3429
3428
3428
3428
3427
3427
3426
3426
3426
3426
3425
3425
3424
3424
3424
3424
3424
3423
3421
3420
3420
3420
3419
3419
3419
3419
3419
3418
3418
3417
3416
3416
3415
3415
3414
3414
3414
3413
3413
3413
3412
3412
3411
3410
3409
3408
3408
3407
3407
3407
3407
3406
3406
3405
3405
3405
3404
3404
3403
3403
3402
3402
3402
3401
3401
3401
3401
3401
3400
3400
3400
3400
3399
3399
3399
3399
3398
3398
3398
3398
3397
3397
3396
3396
3395
3395
3394
3393
3393
3393
3392
3392
3392
3392
3392
3389
3389
3389
3389
3388
3388
3388
3388
3387
3387
3387
3386
3386
3386
3386
3385
3385
3385
3385
3385
3384
3383
3383
3382
3382
3381
3381
3381
3379
3378
3378
3378
3377
3376
3376
3376
3376
3375
3375
3374
3373
3373
3373
3372
3372
3371
3369
3368
3367
3367
3366
3366
3366
3365
3365
3365
3365
3365
3365
3363
3363
3363
3362
3361
3361
3361
3360
3360
3360
3360
3360
3359
3359
3359
3359
3358
3358
3357
3357
3357
3357
3356
3356
3355
3355
3355
3354
3354
3354
3353
3353
3353
3352
3352
3352
3351
3351
3351
3351
3351
3351
3350
3350
3350
3350
3349
3349
3349
3348
3348
3348
3348
3347
3346
3346
3346
3346
3345
3344
3344
3343
3343
3343
3343
3343
3342
3342
3342
3342
3340
3340
3339
3338
3338
3337
3337
3337
3337
3336
3336
3336
3336
3335
3334
3334
3333
3333
3332
3332
3331
3331
3331
3331
3329
3329
3328
3328
3327
3326
3326
3326
3325
3325
3325
3325
3324
3324
3324
3324
3323
3323
3323
3323
3322
3322
3322
3320
3320
3320
3320
3320
3319
3317
3317
3317
3316
3316
3315
3315
3315
3314
3314
3314
3314
3314
3314
3313
3313
3313
3312
3312
3311
3310
3310
3310
3309
3309
3309
3308
3308
3307
3307
3307
3307
3306
3306
3305
3305
3305
3305
3304
3304
3303
3302
3301
3301
3301
3300
3299
3299
3298
3297
3296
3296
3295
3295
3295
3294
3294
3293
3293
3292
3292
3292
3291
3290
3290
3289
3289
3288
3288
3288
3287
3287
3286
3285
3285
3284
3283
3283
3283
3283
3283
3283
3282
3282
3282
3281
3281
3281
3281
3280
3279
3279
3278
3278
3277
3276
3276
3276
3276
3275
3275
3274
3274
3274
3274
3274
3272
3271
3271
3271
3271
3270
3269
3269
3269
3268
3266
3266
3266
3266
3265
3265
3265
3265
3265
3264
3264
3263
3263
3261
3260
3260
3260
3259
3258
3256
3255
3255
3255
3253
3251
3249
3249
3248
3248
3248
3247
3247
3247
3247
3246
3246
3246
3246
3246
3246
3245
3245
3245
3245
3245
3243
3243
3243
3243
3243
3242
3242
3241
3241
3240
3240
3239
3239
3238
3237
3237
3237
3236
3236
3235
3235
3234
3234
3234
3234
3233
3233
3232
3232
3232
3232
3231
3230
3230
3230
3229
3229
3229
3228
3228
3228
3227
3226
3226
3226
3225
3225
3225
3224
3223
3223
3223
3223
3222
3222
3222
3222
3221
3221
3220
3220
3220
3220
3219
3219
3219
3219
3218
3218
3218
3218
3218
3217
3217
3216
3216
3214
3214
3214
3214
3214
3213
3213
3213
3213
3212
3211
3210
3210
3210
3210
3210
3209
3208
3208
3208
3207
3207
3207
3207
3206
3206
3205
3205
3205
3205
3205
3204
3203
3203
3202
3202
3202
3202
3201
3200
3200
3199
3198
3197
3196
3196
3196
3195
3195
3195
3194
3194
3193
3192
3192
3191
3191
3191
3191
3191
3191
3190
3190
3189
3188
3188
3187
3187
3186
3186
3186
3185
3185
3185
3185
3185
3185
3184
3183
3182
3182
3181
3180
3179
3179
3177
3177
3177
3175
3175
3174
3174
3174
3173
3173
3172
3172
3172
3171
3171
3171
3170
3170
3170
3170
3169
3169
3168
3168
3168
3167
3167
3167
3166
3165
3165
3165
3165
3163
3163
3162
3161
3161
3159
3159
3159
3159
3158
3158
3158
3158
3157
3157
3157
3157
3156
3156
3156
3156
3156
3156
3155
3154
3154
3154
3153
3153
3153
3153
3152
3152
3152
3151
3151
3151
3150
3149
3149
3149
3149
3149
3149
3149
3149
3148
3147
3147
3146
3146
3145
3145
3145
3143
3143
3143
3143
3142
3142
3142
3141
3141
3141
3141
3140
3140
3140
3140
3139
3139
3139
3139
3138
3138
3138
3138
3138
3136
3136
3136
3135
3133
3133
3133
3133
3133
3132
3132
3131
3130
3129
3129
3128
3128
3128
3127
3126
3125
3124
3124
3124
3124
3123
3122
3122
3121
3121
3121
3121
3120
3120
3120
3120
3120
3119
3119
3119
3118
3118
3118
3118
3117
3117
3117
3117
3117
3115
3114
3114
3114
3113
3113
3113
3113
3113
3113
3113
3113
3112
3112
3111
3111
3111
3111
3111
3111
3111
3110
3110
3110
3109
3108
3108
3108
3108
3108
3106
3106
3106
3106
3106
3106
3105
3105
3104
3104
3103
3102
3102
3101
3101
3101
3100
3100
3100
3099
3099
3099
3098
3098
3098
3098
3097
3096
3096
3095
3094
3094
3094
3094
3093
3093
3093
3093
3093
3093
3091
3091
3090
3090
3090
3089
3089
3088
3088
3088
3087
3087
3087
3087
3086
3086
3086
3085
3085
3085
3085
3085
3085
3085
3084
3084
3084
3084
3084
3084
3083
3083
3081
3081
3081
3081
3081
3081
3081
3080
3080
3080
3079
3079
3079
3079
3079
3079
3078
3078
3078
3078
3078
3077
3077
3077
3076
3076
3076
3076
3075
3075
3074
3074
3073
3073
3073
3072
3072
3072
3072
3072
3071
3070
3070
3070
3069
3069
3069
3068
3068
3068
3067
3066
3065
3065
3065
3064
3063
3063
3063
3063
3063
3062
3062
3062
3062
3061
3060
3059
3059
3059
3058
3058
3058
3057
3057
3057
3057
3057
3057
3057
3057
3057
3056
3055
3055
3055
3055
3055
3055
3054
3054
3054
3053
3053
3053
3052
3051
3051
3051
3051
3050
3050
3050
3050
3049
3049
3048
3048
3048
3048
3047
3047
3046
3045
3045
3044
3044
3044
3044
3043
3043
3042
3042
3042
3041
3040
3040
3039
3039
3038
3037
3036
3036
3035
3035
3045
3033
3033
3033
3033
3033
3032
3032
3031
3031
3030
3030
3030
3029
3029
3028
3027
3027
3027
3027
3027
3027
3027
3026
3026
3026
3026
3025
3024
3023
3022
3022
3021
3021
3021
3020
3020
3020
3020
3019
3019
3019
3019
3018
3018
3018
3017
3016
3016
3016
3016
3016
3015
3015
3014
3014
3014
3014
3014
3014
3013
3013
3012
3012
3012
3012
3011
3011
3010
3010
3009
3007
3007
3007
3006
3006
3006
3006
3005
3005
3005
3004
3003
3003
3003
3003
3002
3002
3002
3001
3001
3001
3001
3000
