338068
254461
253588
166366
162666
151637
135896
125322
121880
111981
106210
105586
102819
91694
90645
87609
83454
82528
82193
81803
81387
80325
78976
73098
71264
70253
65525
64044
63690
63580
63413
61661
61608
61510
59526
58846
58016
57694
56866
55359
50867
50370
49890
49256
47761
47323
46676
45855
45022
44660
44263
43081
42889
42818
42372
42023
41498
40991
40931
40774
40580
40499
40484
40330
39926
39836
39736
39345
39014
38910
38821
38154
37657
37419
37159
36822
36486
36117
35948
35877
35710
35489
35383
35301
34950
34571
33958
33927
33741
33510
33121
32976
32772
31732
31721
31518
31426
31367
31249
31177
31140
31101
30855
30833
30822
30777
30666
30397
30193
30176
30141
30030
30008
29455
29402
29385
29258
29231
29111
29106
29041
28769
28620
28371
28207
28117
28081
28038
28025
27931
27787
27784
27611
27605
27025
26851
26830
26719
26680
26664
26592
26467
26435
26411
26307
25926
25776
25735
25583
25244
25181
25094
25037
24909
24907
24850
24753
24763
24470
24372
24183
24165
24127
24023
23813
23709
23694
23661
23585
23531
23487
23434
23316
23259
23121
23050
23003
23000
22928
22894
22820
22640
22513
22414
22290
22207
22154
22070
22062
21921
21917
21774
21649
21632
21614
21452
21392
21333
21330
21329
21261
21174
21146
21069
21018
21000
20871
20815
20802
20711
20687
20585
20571
20517
20424
20407
20130
20094
20066
20051
19915
19847
19815
19733
19557
19535
19533
19515
19347
19296
19290
19290
19289
19277
19204
19179
19172
19151
19139
19043
18996
18960
18889
18884
18862
18832
18769
18746
18691
18677
18627
18565
18552
18510
18500
18446
18432
18428
18403
18381
18345
18334
18304
18299
18291
18279
18235
18233
18201
18185
18177
18096
18055
18039
18032
18028
17965
17868
17850
17827
17815
17794
17753
17741
17737
17717
17694
17676
17666
17663
17653
17583
17504
17391
17380
17313
17233
17230
17229
17220
17191
17158
17154
17127
17116
17093
17083
17066
17050
17047
16998
16940
16880
16880
16845
16842
16835
16757
16751
16678
16651
16649
16608
16602
16595
16554
16541
16527
16456
16443
16432
16421
16384
16379
16368
16319
16274
16273
16248
16200
16177
16163
16148
16107
16069
16062
16055
16045
16040
16001
15984
15950
15859
15839
15773
15760
15733
15694
15680
15674
15621
15529
15520
15512
15450
15403
15400
15350
15332
15274
15274
15263
15175
15172
15074
15058
14998
14935
14928
14926
14925
14906
14893
14872
14856
14840
14829
14808
14793
14716
14639
14631
14627
14627
14554
14535
14484
14466
14444
14431
14427
14424
14423
14421
14395
14350
14321
14306
14290
14283
14270
14251
14247
14246
14234
14223
14193
14182
14160
14125
14115
14052
14048
14039
14037
14006
13940
13899
13893
13881
13877
13874
13854
13815
13813
13797
13796
13787
13780
13749
13738
13691
13674
13668
13653
13634
13627
13627
13605
13591
13580
13551
13514
13504
13459
13441
13409
13360
13352
13298
13297
13290
13288
13256
13243
13229
13229
13225
13208
13191
13168
13130
13102
13095
13093
13075
13024
13011
12968
12966
12960
12957
12946
12930
12918
12918
12871
12870
12815
12789
12774
12764
12749
12746
12745
12736
12732
12702
12698
12695
12667
12667
12667
12666
12662
12636
12611
12608
12597
12583
12580
12577
12551
12548
12546
12544
12543
12540
12473
12440
12439
12436
12423
12413
12400
12395
12382
12382
12381
12375
12349
12323
12321
12296
12280
12263
12254
12246
12238
12231
12215
12210
12193
12187
12151
12128
12109
12058
12053
12051
11972
11968
11958
11936
11934
11933
11931
11921
11918
11895
11890
11863
11850
11804
11760
11757
11756
11756
11745
11741
11738
11731
11724
11713
11709
11686
11684
11662
11661
11647
11629
11625
11581
11572
11527
11526
11522
11522
11514
11511
11505
11479
11470
11467
11465
11453
11452
11450
11429
11408
11373
11357
11344
11341
11327
11324
11299
11296
11278
11274
11269
11259
11227
11189
11179
11167
11164
11154
11091
11090
11086
11084
11043
11039
11038
11037
11025
11015
11014
11014
10985
10948
10942
10940
10925
10922
10915
10898
10888
10873
10866
10866
10864
10856
10819
10789
10770
10751
10744
10704
10702
10696
10686
10675
10674
10665
10645
10640
10639
10626
10622
10613
10724
10608
10606
10600
10585
10563
10551
10548
10534
10530
10520
10502
10485
10484
10479
10474
10462
10458
10444
10436
10433
10428
10407
10400
10391
10388
10386
10386
10378
10373
10371
10370
10318
10318
10304
10299
10298
10297
10294
10292
10284
10233
10227
10198
10195
10189
10186
10161
10155
10152
10145
10090
10087
10071
10065
10063
10062
10062
10058
10052
10036
10033
10009
10005
9999
9992
9973
9972
9969
9949
9938
9934
9919
9909
9896
9892
9867
9853
9852
9841
9808
9805
9804
9802
9800
9784
9778
9775
9772
9772
9769
9759
9759
9751
9743
9742
9741
9737
9733
9723
9720
9719
9679
9679
9661
9659
9650
9644
9625
9613
9604
9603
9580
9561
9559
9556
9551
9530
9522
9509
9504
9497
9494
9492
9465
9463
9452
9447
9447
9442
9442
9436
9429
9420
9414
9408
9394
9390
9387
9377
9371
9362
9357
9350
9350
9345
9343
9341
9325
9310
9297
9292
9291
9289
9280
9268
9265
9259
9256
9253
9246
9244
9241
9236
9217
9214
9208
9205
9193
9184
9157
9128
9124
9113
9105
9101
9081
9071
9053
9038
9032
9031
9030
9027
9021
9013
9005
8993
8976
8969
8969
8969
8949
8928
8926
8922
8916
8912
8911
8905
8895
8894
8888
8888
8879
8860
8860
8857
8838
8832
8829
8823
8798
8785
8773
8761
8758
8751
8744
8736
8734
8722
8710
8708
8703
8702
8701
8698
8686
8678
8676
8666
8660
8648
8657
8641
8631
8626
8619
8604
8604
8600
8599
8595
8584
8584
8575
8563
8561
8543
8533
8531
8529
8529
8526
8519
8507
8507
8505
8491
8490
8486
8484
8475
8474
8465
8459
8456
8454
8451
8450
8449
8441
8441
8441
8433
8418
8412
8411
8386
8385
8382
8378
8367
8361
8359
8355
8349
8326
8326
8311
8310
8308
8307
8303
8300
8296
8296
8295
8282
8282
8264
8260
8252
8237
8235
8231
8230
8228
8214
8213
8204
8201
8198
8192
8191
8188
8178
8172
8163
8155
8152
8145
8137
8136
8135
8132
8129
8114
8110
8107
8104
8095
8088
8087
8081
8081
8081
8074
8070
8056
8053
8052
8048
8045
8042
8032
8020
8019
8016
8014
8013
8012
8011
8009
8007
8003
7999
7996
7992
7988
7986
7972
7969
7967
7966
7961
7957
7952
7950
7948
7937
7936
7917
7942
7883
7873
7870
7866
7862
7861
7858
7857
7857
7855
7855
7854
7849
7833
7831
7827
7826
7826
7822
7822
7814
7808
7803
7803
7800
7797
7789
7788
7780
7775
7766
7764
7763
7762
7751
7750
7730
7726
7723
7719
7719
7717
7713
7711
7710
7709
7706
7694
7691
7688
7682
7680
7678
7677
7676
7672
7670
7670
7666
7666
7663
7662
7659
7649
7648
7643
7641
7616
7614
7611
7606
7601
7591
7590
7582
7576
7574
7570
7567
7565
7564
7562
7557
7557
7556
7553
7548
7521
7519
7514
7503
7495
7492
7483
7478
7477
7473
7469
7465
7464
7463
7450
7442
7437
7430
7429
7428
7426
7412
7412
7403
7402
7396
7394
7393
7389
7389
7384
7381
7377
7377
7373
7368
7367
7360
7359
7357
7341
7339
7336
7335
7335
7332
7321
7316
7297
7297
7295
7289
7288
7285
7281
7280
7276
7261
7260
7259
7259
7258
7255
7251
7247
7241
7235
7233
7231
7223
7217
7215
7208
7204
7196
7194
7193
7192
7192
7185
7183
7182
7171
7164
7157
7149
7148
7148
7147
7144
7140
7121
7118
7118
7117
7114
7112
7107
7105
7101
7100
7099
7097
7095
7094
7091
7090
7082
7079
7079
7077
7075
7066
7062
7061
7060
7056
7050
7047
7046
7046
7043
7032
7029
7028
7023
7021
7018
7016
7033
6998
6995
6993
6991
6988
6988
6984
6984
6984
6983
6982
6979
6975
6974
6974
6969
6969
6968
6962
6951
6949
6932
6930
6927
6926
6922
6916
6915
6913
6908
6903
6903
6894
6888
6886
6875
6872
6869
6869
6869
6868
6867
6865
6860
6858
6857
6852
6852
6849
6847
6836
6834
6831
6828
6827
6826
6823
6819
6819
6815
6812
6810
6809
6809
6805
6805
6804
6802
6800
6794
6792
6788
6785
6781
6777
6775
6769
6768
6764
6757
6752
6751
6745
6744
6744
6744
6741
6741
6733
6727
6727
6723
6718
6713
6706
6704
6698
6697
6696
6695
6692
6691
6690
6688
6680
6679
6675
6672
6666
6663
6663
6662
6656
6653
6653
6644
6643
6637
6634
6633
6631
6628
6624
6621
6620
6618
6606
6602
6599
6596
6589
6589
6587
6576
6575
6573
6570
6567
6566
6564
6560
6551
6550
6549
6540
6539
6536
6536
6535
6533
6525
6520
6519
6518
6512
6511
6511
6508
6506
6498
6494
6492
6491
6490
6490
6481
6481
6473
6471
6469
6468
6464
6463
6463
6462
6461
6461
6461
6458
6446
6442
6438
6438
6436
6435
6429
6429
6428
6423
6421
6417
6417
6411
6409
6407
6404
6403
6399
6397
6395
6395
6394
6393
6393
6392
6390
6381
6376
6374
6373
6370
6368
6365
6364
6352
6348
6345
6345
6344
6343
6341
6340
6339
6335
6334
6334
6328
6326
6322
6306
6305
6302
6302
6298
6297
6297
6294
6293
6292
6289
6288
6285
6283
6280
6280
6279
6278
6278
6275
6271
6269
6268
6266
6265
6264
6263
6257
6255
6253
6252
6251
6249
6247
6241
6240
6239
6237
6237
6236
6230
6229
6228
6227
6223
6223
6218
6218
6216
6215
6215
6214
6211
6210
6210
6207
6206
6205
6202
6193
6188
6188
6185
6184
6175
6167
6166
6163
6156
6153
6152
6151
6150
6147
6147
6142
6138
6137
6136
6128
6127
6124
6124
6122
6118
6117
6116
6114
6111
6109
6109
6104
6104
6095
6088
6083
6079
6070
6070
6067
6066
6063
6062
6062
6060
6054
6053
6052
6050
6040
6038
6029
6029
6029
6027
6024
6020
6017
6017
6016
6015
6014
6014
6011
6009
6007
6005
6004
6000
5999
5997
5996
5994
5994
5991
5991
5988
5987
5985
5985
5982
5982
5979
5974
5974
5973
5972
5970
5966
5959
5958
5954
5951
5950
5949
5949
5949
5942
5942
5938
5934
5927
5922
5919
5913
5911
5910
5909
5911
5908
5907
5905
5902
5901
5893
5893
5893
5890
5885
5877
5877
5877
5865
5863
5862
5862
5862
5861
5853
5852
5849
5847
5841
5838
5837
5836
5834
5825
5824
5820
5818
5815
5812
5812
5809
5807
5807
5799
5795
5795
5794
5793
5792
5792
5789
5787
5782
5778
5776
5776
5773
5772
5768
5767
5763
5762
5759
5748
5747
5741
5741
5739
5738
5728
5727
5726
5720
5719
5710
5708
5706
5703
5699
5727
5692
5691
5688
5687
5684
5682
5680
5680
5673
5673
5672
5667
5666
5709
5663
5661
5661
5660
5659
5655
5647
5642
5641
5640
5639
5636
5633
5630
5627
5626
5625
5624
5624
5623
5617
5614
5610
5607
5602
5601
5596
5596
5593
5591
5589
5588
5585
5585
5567
5566
5560
5559
5558
5558
5552
5552
5548
5542
5542
5541
5540
5540
5534
5525
5524
5523
5522
5522
5522
5521
5519
5518
5517
5514
5514
5510
5506
5506
5505
5501
5499
5498
5497
5495
5493
5491
5491
5490
5487
5485
5484
5483
5482
5481
5481
5478
5476
5476
5474
5471
5467
5465
5465
5461
5460
5458
5458
5457
5454
5451
5449
5448
5445
5445
5444
5444
5443
5443
5442
5438
5438
5438
5437
5432
5429
5426
5426
5425
5425
5423
5422
5418
5418
5415
5412
5412
5406
5405
5401
5399
5399
5398
5395
5395
5393
5389
5386
5385
5384
5384
5380
5373
5373
5368
5364
5363
5363
5362
5358
5355
5354
5351
5348
5345
5344
5340
5337
5335
5333
5331
5326
5322
5318
5316
5311
5311
5309
5305
5304
5304
5302
5302
5301
5300
5299
5299
5297
5294
5293
5292
5291
5290
5289
5288
5285
5284
5282
5282
5299
5281
5280
5274
5273
5273
5268
5267
5265
5259
5258
5256
5255
5253
5253
5251
5250
5248
5247
5246
5245
5242
5239
5239
5237
5237
5236
5235
5235
5234
5234
5231
5225
5225
5222
5220
5217
5214
5207
5206
5204
5204
5203
5202
5201
5199
5197
5195
5194
5187
5186
5184
5184
5183
5183
5182
5182
5182
5181
5177
5177
5177
5176
5175
5175
5174
5173
5172
5168
5168
5166
5163
5161
5161
5160
5160
5160
5158
5156
5154
5154
5152
5150
5144
5144
5142
5139
5138
5132
5131
5129
5126
5125
5125
5124
5123
5121
5120
5119
5117
5115
5114
5113
5113
5113
5110
5110
5109
5106
5103
5099
5097
5094
5092
5087
5086
5081
5080
5077
5075
5075
5071
5071
5065
5064
5064
5062
5061
5060
5060
5055
5052
5050
5046
5044
5043
5041
5041
5038
5032
5032
5030
5029
5026
5026
5025
5024
5024
5024
5023
5021
5021
5021
5021
5020
5020
5019
5018
5015
5014
5010
5010
5007
5006
5001
4998
4996
4992
4992
4990
4988
4983
4980
4975
4975
4972
4971
4970
4968
4967
4965
4962
4961
4957
4957
4956
4951
4949
4948
4948
4946
4945
4940
4938
4937
4937
4936
4936
4935
4934
4931
4931
4928
4927
4927
4926
4925
4925
4922
4919
4917
4915
4913
4911
4911
4910
4909
4908
4907
4906
4905
4904
4903
4901
4901
4899
4898
4897
4897
4895
4894
4892
4890
4890
4890
4888
4885
4885
4884
4882
4881
4881
4880
4879
4879
4878
4875
4873
4871
4865
4865
4863
4861
4861
4858
4857
4856
4856
4854
4853
4850
4849
4846
4845
4841
4841
4840
4836
4836
4836
4833
4820
4818
4814
4812
4810
4810
4808
4808
4805
4802
4802
4797
4796
4796
4794
4794
4790
4788
4788
4787
4786
4786
4784
4782
4781
4781
4780
4776
4770
4770
4767
4766
4766
4765
4763
4762
4760
4757
4757
4757
4756
4753
4751
4749
4747
4747
4745
4744
4743
4742
4742
4741
4736
4729
4728
4728
4727
4726
4725
4725
4721
4717
4717
4715
4713
4709
4707
4705
4704
4704
4702
4701
4700
4698
4696
4695
4695
4692
4690
4690
4690
4690
4688
4687
4685
4683
4682
4681
4679
4677
4674
4674
4673
4672
4671
4670
4667
4664
4663
4662
4659
4656
4655
4653
4652
4652
4652
4651
4648
4646
4646
4643
4643
4642
4637
4635
4633
4633
4628
4627
4625
4624
4623
4622
4622
4622
4621
4617
4616
4614
4613
4612
4611
4610
4610
4609
4608
4607
4606
4606
4603
4602
4601
4600
4599
4599
4598
4594
4593
4593
4591
4591
4589
4589
4589
4588
4587
4585
4584
4583
4579
4578
4577
4576
4572
4569
4569
4568
4567
4566
4565
4563
4562
4559
4558
4558
4558
4558
4558
4557
4557
4555
4543
4543
4542
4540
4540
4540
4540
4538
4538
4535
4533
4533
4532
4530
4530
4530
4529
4526
4524
4523
4521
4548
4516
4516
4512
4510
4507
4504
4501
4501
4499
4498
4498
4494
4493
4493
4491
4491
4488
4488
4487
4486
4486
4486
4484
4482
4472
4471
4469
4468
4468
4467
4467
4465
4464
4464
4459
4458
4458
4456
4456
4455
4455
4455
4454
4454
4453
4453
4451
4451
4450
4449
4448
4445
4443
4440
4439
4438
4435
4434
4433
4431
4429
4427
4426
4421
4420
4420
4420
4419
4413
4413
4411
4411
4410
4408
4407
4407
4404
4404
4403
4397
4397
4394
4394
4391
4390
4389
4389
4385
4382
4381
4379
4378
4376
4376
4373
4370
4370
4369
4369
4369
4367
4363
4367
4360
4359
4358
4356
4353
4352
4351
4351
4347
4342
4340
4340
4338
4336
4336
4336
4335
4334
4334
4334
4333
4332
4331
4331
4330
4330
4328
4327
4325
4325
4323
4322
4321
4319
4317
4317
4312
4312
4311
4311
4311
4308
4307
4307
4306
4305
4303
4303
4302
4301
4301
4301
4300
4299
4298
4298
4297
4295
4293
4292
4292
4289
4289
4288
4287
4286
4284
4284
4282
4282
4278
4277
4276
4273
4271
4273
4270
4268
4266
4265
4263
4262
4262
4262
4260
4257
4253
4253
4253
4252
4249
4248
4247
4245
4244
4243
4243
4241
4238
4236
4234
4234
4232
4229
4227
4226
4225
4225
4224
4224
4223
4223
4222
4221
4216
4215
4214
4212
4211
4208
4207
4202
4200
4199
4198
4196
4196
4195
4192
4191
4190
4190
4189
4188
4187
4186
4185
4185
4185
4184
4183
4177
4175
4175
4174
4174
4170
4169
4169
4167
4166
4166
4166
4165
4164
4163
4163
4161
4161
4160
4159
4157
4157
4156
4154
4153
4152
4151
4149
4148
4146
4145
4145
4144
4143
4142
4140
4138
4135
4135
4135
4132
4132
4128
4127
4126
4126
4125
4124
4122
4120
4120
4118
4118
4116
4115
4115
4110
4110
4109
4109
4109
4109
4109
4108
4092
4105
4103
4102
4102
4100
4099
4099
4095
4094
4092
4089
4086
4085
4084
4082
4081
4078
4076
4076
4076
4075
4074
4074
4071
4070
4069
4067
4067
4065
4065
4064
4063
4062
4061
4060
4059
4058
4058
4058
4058
4056
4056
4055
4046
4045
4042
4042
4041
4037
4036
4035
4031
4030
4029
4029
4026
4026
4024
4023
4022
4021
4020
4019
4015
4012
4012
4012
4010
4010
4008
4008
4007
4005
4003
4002
3997
3996
3996
3996
3994
3994
3994
3993
3993
3992
3990
3989
3988
3987
3983
3983
3980
3979
3979
3978
3978
3978
3977
3976
3975
3974
3974
3973
3973
3972
3972
3971
3970
3968
3968
3968
3966
3965
3963
3963
3962
3957
3955
3952
3951
3951
3949
3948
3948
3948
3947
3947
3943
3943
3943
3942
3941
3941
3940
3940
3938
3937
3934
3934
3933
3933
3932
3932
3932
3931
3929
3929
3929
3926
3925
3923
3921
3920
3920
3919
3915
3915
3914
3913
3912
3911
3911
3910
3902
3901
3900
3900
3900
3900
3900
3899
3899
3897
3897
3894
3892
3891
3890
3890
3889
3888
3887
3887
3886
3885
3883
3882
3881
3881
3880
3879
3879
3879
3879
3878
3875
3875
3875
3874
3872
3872
3871
3869
3867
3865
3864
3862
3861
3856
3855
3854
3853
3852
3851
3850
3850
3850
3848
3847
3846
3846
3845
3844
3844
3843
3839
3839
3839
3838
3837
3836
3834
3833
3832
3831
3829
3829
3829
3828
3828
3826
3826
3823
3821
3817
3816
3815
3815
3813
3811
3811
3810
3809
3806
3805
3805
3804
3802
3802
3802
3798
3798
3796
3795
3795
3794
3793
3791
3789
3789
3789
3788
3788
3787
3787
3786
3785
3785
3783
3781
3779
3779
3775
3775
3775
3773
3772
3772
3771
3768
3766
3766
3766
3765
3765
3763
3763
3762
3761
3760
3760
3758
3758
3755
3755
3752
3750
3749
3749
3749
3748
3748
3748
3747
3747
3747
3746
3746
3745
3745
3744
3744
3743
3743
3742
3742
3738
3738
3737
3736
3735
3735
3735
3734
3734
3731
3731
3731
3728
3726
3722
3722
3722
3719
3719
3718
3718
3717
3717
3715
3715
3714
3713
3713
3713
3712
3711
3711
3708
3708
3706
3706
3706
3702
3702
3701
3698
3697
3696
3694
3694
3694
3694
3693
3693
3691
3690
3689
3688
3686
3685
3685
3683
3682
3682
3681
3680
3680
3680
3679
3679
3679
3678
3678
3677
3677
3676
3676
3675
3673
3673
3672
3672
3670
3669
3667
3666
3665
3665
3664
3663
3663
3663
3661
3661
3658
3658
3655
3655
3655
3655
3653
3652
3651
3651
3649
3649
3646
3646
3645
3645
3645
3645
3645
3641
3640
3640
3638
3637
3637
3633
3632
3631
3630
3629
3628
3625
3624
3623
3623
3623
3623
3622
3619
3618
3618
3617
3617
3616
3616
3615
3612
3612
3611
3611
3610
3610
3610
3609
3609
3608
3607
3607
3606
3599
3598
3598
3596
3595
3595
3595
3594
3600
3592
3590
3589
3588
3588
3586
3586
3585
3585
3582
3579
3579
3578
3578
3578
3577
3576
3588
3574
3573
3572
3569
3568
3568
3566
3566
3566
3564
3563
3558
3557
3557
3555
3555
3552
3551
3549
3549
3548
3548
3547
3546
3545
3543
3543
3541
3541
3540
3536
3535
3534
3533
3532
3532
3532
3530
3528
3525
3524
3523
3523
3520
3520
3519
3518
3518
3515
3514
3511
3511
3510
3507
3506
3506
3502
3501
3500
3498
3497
3495
3495
3491
3491
3491
3490
3490
3488
3488
3488
3488
3487
3486
3486
3486
3485
3484
3483
3483
3480
3477
3476
3476
3476
3474
3473
3472
3471
3470
3469
3467
3467
3466
3465
3464
3464
3463
3463
3462
3462
3461
3459
3468
3459
3458
3457
3456
3456
3456
3454
3454
3453
3453
3452
3451
3451
3451
3449
3448
3448
3447
3445
3445
3443
3443
3442
3442
3440
3438
3438
3437
3437
3436
3435
3435
3433
3433
3433
3431
3430
3430
3428
3428
3427
3426
3426
3425
3425
3423
3421
3420
3420
3417
3415
3415
3414
3414
3413
3413
3410
3409
3408
3408
3407
3406
3406
3404
3403
3403
3403
3403
3401
3401
3400
3400
3400
3398
3398
3397
3393
3393
3393
3392
3392
3392
3391
3391
3391
3390
3390
3390
3386
3385
3383
3383
3383
3382
3380
3378
3376
3376
3376
3376
3375
3374
3374
3373
3372
3372
3370
3369
3369
3369
3368
3368
3367
3366
3366
3366
3365
3364
3363
3363
3361
3361
3355
3353
3352
3351
3350
3350
3350
3349
3349
3348
3348
3346
3346
3345
3343
3343
3342
3342
3341
3341
3341
3341
3339
3339
3338
3338
3335
3335
3334
3333
3333
3332
3332
3329
3329
3329
3327
3327
3327
3326
3326
3326
3326
3326
3326
3325
3333
3325
3324
3324
3324
3323
3322
3322
3322
3321
3319
3325
3316
3316
3315
3314
3313
3313
3313
3312
3311
3310
3310
3308
3308
3308
3308
3307
3306
3306
3306
3305
3305
3305
3304
3303
3302
3300
3298
3298
3297
3297
3297
3294
3294
3292
3291
3288
3287
3287
3286
3285
3285
3285
3284
3284
3283
3283
3283
3282
3281
3281
3281
3281
3281
3280
3280
3280
3280
3280
3279
3279
3279
3278
3277
3277
3276
3276
3276
3274
3272
3271
3270
3269
3269
3269
3266
3266
3265
3264
3264
3263
3263
3262
3261
3261
3261
3261
3261
3261
3260
3260
3260
3259
3258
3258
3257
3256
3256
3255
3254
3251
3250
3250
3250
3249
3249
3249
3248
3248
3248
3248
3245
3244
3244
3244
3244
3242
3240
3240
3240
3240
3239
3239
3238
3238
3238
3237
3236
3236
3235
3235
3234
3232
3230
3226
3225
3225
3223
3223
3221
3221
3221
3220
3219
3218
3217
3216
3216
3215
3215
3215
3215
3214
3214
3213
3213
3213
3213
3213
3212
3211
3211
3210
3210
3209
3208
3208
3207
3205
3205
3205
3204
3201
3199
3198
3197
3197
3196
3196
3196
3194
3193
3192
3192
3191
3190
3189
3189
3188
3188
3205
3185
3185
3185
3184
3183
3182
3182
3181
3180
3179
3179
3178
3178
3178
3177
3175
3175
3174
3172
3171
3171
3171
3170
3169
3168
3168
3167
3166
3165
3165
3165
3164
3164
3164
3163
3163
3163
3163
3163
3159
3157
3153
3152
3151
3151
3150
3149
3149
3149
3147
3147
3147
3147
3146
3145
3144
3144
3143
3143
3143
3142
3142
3141
3141
3139
3137
3136
3136
3135
3135
3134
3134
3134
3133
3132
3131
3130
3130
3129
3128
3128
3127
3126
3125
3125
3124
3124
3124
3124
3122
3120
3119
3118
3117
3116
3116
3115
3115
3114
3113
3113
3113
3113
3113
3113
3112
3110
3108
3107
3106
3105
3104
3103
3102
3101
3101
3100
3099
3097
3097
3096
3095
3093
3092
3092
3091
3091
3091
3091
3091
3091
3088
3088
3088
3088
3087
3086
3085
3083
3083
3082
3081
3081
3081
3080
3079
3079
3077
3076
3076
3075
3075
3075
3075
3075
3074
3073
3073
3071
3070
3070
3070
3070
3069
3068
3068
3068
3068
3067
3066
3066
3065
3065
3064
3064
3064
3063
3063
3062
3061
3061
3061
3060
3060
3060
3059
3057
3056
3056
3055
3055
3053
3050
3048
3044
3042
3041
3041
3040
3039
3038
3036
3036
3035
3034
3033
3032
3032
3032
3031
3030
3030
3030
3029
3029
3029
3027
3026
3026
3024
3023
3022
3022
3021
3020
3019
3019
3019
3019
3018
3017
3017
3016
3015
3013
3012
3012
3011
3011
3008
3007
3006
3004
3003
3003
3003
3002
3001
3001
3000
3000
