213596
109149
63430
61748
56784
49820
42818
41179
40778
40111
34001
31482
30582
30142
27955
27936
26394
25022
24815
22040
21671
21272
21176
20911
20360
19580
19407
18855
18787
17697
17631
17311
17172
17084
16786
16506
15973
15970
15835
15602
15567
15245
15183
15143
14915
14888
14865
14837
14831
14789
14711
14671
14570
14570
14108
13914
13910
13715
13582
13437
13392
13368
13268
13237
13098
13017
12985
12873
12744
12487
12409
12396
12236
12202
12150
12019
11831
11809
11792
11681
11659
11469
11462
11338
11322
11240
11159
11150
11145
11067
11039
10979
10976
10902
10898
10677
10626
10600
10572
10525
10490
10468
10451
10433
10427
10420
10280
10279
10175
10127
10112
10019
9988
9972
9970
9914
9904
9896
9891
9832
9832
9831
9828
9816
9800
9793
9786
9737
9692
9673
9646
9583
9571
9548
9514
9484
9483
9479
9412
9402
9396
9395
9333
9242
9231
9229
9213
9200
9200
9178
9154
9141
9056
9028
8995
8983
8982
8981
8949
8944
8908
8887
8870
8864
8826
8800
8721
8695
8658
8646
8635
8634
8618
8554
8548
8540
8534
8522
8502
8500
8483
8479
8442
8408
8407
8386
8371
8358
8351
8301
8278
8264
8263
8258
8241
8221
8184
8179
8169
8151
8147
8139
8117
8114
8113
8105
8094
8087
8070
8065
8029
7984
7967
7948
7943
7931
7929
7927
7913
7894
7877
7877
7864
7863
7862
7850
7846
7832
7824
7801
7798
7793
7773
7752
7750
7744
7738
7733
7723
7699
7672
7667
7665
7656
7634
7625
7608
7602
7594
7593
7593
7589
7576
7558
7549
7505
7503
7496
7463
7451
7432
7406
7397
7392
7380
7374
7368
7359
7356
7348
7336
7321
7316
7312
7312
7309
7308
7302
7299
7292
7288
7276
7271
7265
7240
7231
7227
7225
7224
7216
7225
7155
7119
7111
7105
7101
7100
7092
7084
7066
7037
7030
7017
7010
7002
6998
6988
7008
6968
6945
6928
6916
6914
6903
6902
6901
6899
6894
6892
6888
6886
6886
6884
6880
6870
6869
6845
6843
6840
6810
6807
6800
6791
6780
6651
6748
6745
6742
6736
6733
6723
6710
6709
6705
6703
6702
6702
6698
6697
6695
6694
6689
6681
6677
6669
6666
6663
6657
6653
6649
6641
6640
6636
6635
6605
6587
6587
6580
6565
6518
6515
6510
6506
6488
6487
6481
6475
6468
6462
6451
6446
6436
6418
6413
6408
6401
6389
6360
6360
6354
6349
6343
6337
6334
6333
6321
6320
6318
6314
6302
6289
6287
6280
6280
6264
6259
6259
6257
6254
6234
6228
6224
6221
6221
6210
6205
6204
6202
6193
6190
6181
6159
6157
6132
6122
6119
6110
6109
6106
6104
6094
6093
6093
6086
6085
6080
6067
6055
6054
6035
6030
6026
6013
6010
6008
6007
6007
6002
6001
5999
5995
5986
5981
5980
5968
5965
5963
5962
5957
5958
5944
5937
5934
5930
5929
5917
5917
5913
5911
5909
5896
5890
5889
5889
5883
5858
5854
5851
5849
5835
5835
5829
5821
5819
5816
5805
5802
5796
5793
5788
5780
5777
5775
5773
5763
5761
5761
5758
5748
5748
5748
5741
5741
5738
5735
5726
5706
5705
5700
5698
5693
5693
5685
5682
5678
5670
5670
5667
5658
5651
5635
5634
5633
5630
5620
5616
5614
5607
5594
5593
5579
5575
5561
5556
5553
5550
5549
5539
5534
5525
5525
5515
5510
5509
5506
5503
5478
5475
5475
5465
5461
5461
5454
5452
5452
5450
5443
5442
5433
5433
5433
5432
5431
5421
5421
5420
5412
5411
5407
5407
5404
5404
5403
5398
5397
5392
5391
5389
5384
5381
5379
5379
5377
5377
5366
5365
5353
5348
5347
5345
5344
5343
5341
5340
5339
5338
5336
5333
5332
5328
5336
5317
5308
5292
5290
5290
5287
5287
5286
5286
5285
5285
5283
5280
5280
5280
5280
5272
5271
5270
5265
5261
5257
5254
5254
5251
5249
5248
5244
5242
5241
5241
5232
5232
5231
5226
5225
5216
5215
5214
5209
5209
5207
5206
5200
5199
5199
5195
5194
5191
5190
5190
5189
5188
5186
5183
5177
5176
5175
5166
5162
5162
5158
5154
5152
5151
5151
5149
5142
5142
5141
5134
5129
5124
5112
5110
5103
5097
5089
5083
5082
5080
5078
5075
5071
5068
5066
5064
5063
5058
5056
5053
5047
5042
5040
5033
5032
5024
5023
5016
5013
5013
5008
5001
5000
4998
4995
4994
4992
4987
4985
4983
4982
4976
4975
4968
4962
4959
4959
4958
4956
4949
4948
4942
4941
4941
4939
4938
4934
4931
4928
4919
4912
4908
4906
4905
4902
4900
4899
4897
4894
4893
4893
4892
4892
4890
4884
4883
4880
4879
4859
4858
4854
4853
4851
4847
4843
4837
4835
4833
4830
4823
4819
4813
4812
4811
4805
4802
4802
4801
4801
4801
4799
4798
4797
4788
4788
4785
4775
4775
4775
4763
4763
4762
4756
4746
4733
4727
4726
4721
4721
4720
4711
4710
4708
4703
4702
4694
4691
4691
4688
4684
4679
4674
4669
4668
4666
4666
4665
4657
4655
4654
4649
4648
4643
4639
4638
4634
4631
4630
4628
4627
4626
4626
4625
4622
4619
4614
4614
4608
4603
4599
4594
4593
4592
4591
4591
4586
4584
4582
4581
4581
4563
4552
4552
4551
4549
4546
4544
4544
4543
4540
4537
4532
4531
4530
4525
4518
4517
4516
4516
4514
4514
4512
4512
4512
4510
4502
4502
4497
4496
4496
4494
4491
4485
4484
4478
4476
4475
4471
4471
4469
4469
4468
4462
4461
4456
4454
4453
4452
4451
4449
4448
4447
4447
4446
4444
4438
4438
4433
4432
4431
4431
4429
4428
4428
4427
4420
4413
4412
4412
4411
4410
4410
4407
4406
4400
4397
4396
4394
4392
4392
4386
4386
4383
4383
4382
4380
4379
4377
4375
4374
4373
4372
4372
4371
4370
4369
4365
4363
4363
4360
4355
4348
4347
4346
4344
4344
4342
4339
4338
4337
4334
4333
4332
4332
4328
4327
4323
4322
4319
4318
4316
4314
4312
4310
4308
4306
4306
4305
4333
4304
4297
4295
4294
4294
4287
4280
4279
4278
4276
4275
4275
4275
4274
4272
4272
4271
4269
4269
4268
4267
4267
4265
4263
4262
4259
4255
4254
4254
4252
4249
4248
4243
4240
4240
4236
4236
4235
4232
4231
4231
4230
4228
4225
4220
4219
4215
4209
4212
4204
4204
4202
4201
4200
4200
4199
4197
4197
4196
4195
4194
4193
4190
4190
4187
4187
4186
4186
4184
4193
4181
4181
4180
4176
4172
4172
4171
4171
4168
4168
4165
4161
4156
4152
4152
4151
4150
4149
4147
4146
4146
4142
4140
4139
4138
4135
4129
4128
4126
4125
4124
4116
4116
4116
4114
4113
4113
4111
4110
4108
4107
4105
4104
4101
4101
4098
4096
4096
4096
4094
4093
4092
4091
4083
4080
4080
4079
4075
4074
4071
4070
4070
4069
4066
4065
4062
4061
4061
4059
4054
4054
4054
4053
4051
4045
4045
4044
4044
4043
4041
4040
4037
4036
4035
4032
4032
4032
4032
4031
4030
4030
4030
4030
4029
4028
4028
4027
4026
4025
4023
4023
4019
4019
4014
4013
4013
4013
4013
4008
4007
4007
4007
4006
4002
3995
3994
3992
3992
3989
3988
3987
3987
3981
3981
3979
3972
3971
3968
3856
3964
3963
3961
3960
3959
3955
3955
3954
3949
3945
3941
3940
3939
3937
3937
3937
3934
3929
3923
3922
3921
3919
3917
3911
3924
3910
3909
3907
3906
3903
3902
3902
3899
3899
3896
3895
3895
3895
3895
3891
3891
3891
3891
3890
3890
3889
3887
3886
3886
3883
3883
3884
3869
3868
3867
3867
3866
3865
3864
3863
3863
3862
3899
3857
3856
3853
3850
3849
3848
3847
3843
3843
3841
3840
3839
3836
3836
3835
3835
3834
3833
3831
3827
3826
3824
3821
3821
3819
3818
3816
3816
3815
3813
3813
3813
3808
3807
3806
3804
3800
3792
3791
3790
3790
3790
3789
3787
3785
3785
3783
3782
3782
3782
3781
3781
3779
3777
3774
3772
3770
3770
3767
3764
3760
3758
3757
3757
3756
3754
3750
3750
3750
3744
3744
3743
3743
3742
3742
3741
3739
3738
3737
3736
3730
3728
3728
3726
3725
3723
3722
3722
3720
3718
3718
3718
3717
3715
3715
3714
3714
3712
3711
3705
3705
3704
3703
3703
3701
3700
3699
3698
3697
3696
3695
3693
3692
3692
3689
3687
3686
3685
3685
3682
3682
3681
3681
3680
3679
3677
3677
3676
3674
3672
3672
3670
3669
3669
3666
3665
3662
3659
3656
3655
3654
3652
3652
3649
3649
3649
3648
3648
3647
3647
3646
3644
3643
3642
3642
3642
3641
3640
3638
3637
3635
3635
3635
3634
3632
3632
3631
3629
3628
3625
3625
3624
3622
3621
3620
3620
3619
3618
3616
3616
3615
3613
3612
3608
3606
3600
3599
3598
3598
3597
3597
3595
3594
3593
3592
3592
3591
3586
3586
3585
3583
3582
3579
3579
3578
3578
3577
3577
3577
3576
3576
3574
3568
3563
3561
3561
3560
3559
3559
3556
3556
3554
3554
3553
3551
3550
3549
3548
3547
3546
3546
3546
3546
3545
3543
3543
3539
3538
3537
3535
3535
3535
3535
3534
3532
3532
3526
3524
3524
3523
3523
3523
3522
3520
3518
3517
3517
3516
3515
3514
3514
3516
3512
3511
3511
3511
3510
3510
3510
3509
3507
3507
3505
3503
3501
3499
3497
3496
3495
3494
3492
3492
3488
3484
3483
3482
3481
3480
3480
3478
3478
3478
3477
3474
3469
3473
3466
3465
3464
3464
3463
3463
3462
3462
3462
3461
3461
3460
3460
3460
3458
3457
3457
3455
3455
3455
3454
3450
3449
3448
3447
3446
3446
3445
3445
3444
3444
3443
3442
3441
3441
3439
3438
3437
3437
3436
3436
3435
3434
3432
3431
3431
3431
3431
3429
3427
3425
3424
3423
3423
3422
3420
3419
3412
3412
3408
3408
3403
3403
3402
3399
3398
3446
3398
3397
3394
3394
3391
3390
3390
3389
3388
3387
3386
3384
3384
3382
3382
3381
3379
3379
3378
3377
3377
3375
3374
3373
3372
3372
3367
3367
3366
3365
3362
3360
3359
3359
3358
3356
3356
3353
3352
3352
3351
3349
3348
3346
3346
3345
3352
3344
3344
3344
3343
3341
3337
3337
3336
3336
3335
3335
3334
3332
3332
3328
3327
3326
3325
3324
3324
3324
3323
3323
3322
3322
3322
3321
3320
3320
3319
3319
3319
3319
3318
3317
3317
3317
3316
3316
3316
3315
3315
3314
3313
3310
3308
3308
3308
3306
3306
3302
3302
3301
3301
3299
3297
3297
3293
3293
3293
3292
3292
3287
3287
3286
3285
3284
3284
3282
3281
3281
3280
3280
3280
3280
3280
3279
3279
3279
3279
3278
3277
3276
3275
3274
3274
3274
3273
3273
3272
3272
3269
3267
3266
3262
3262
3262
3262
3261
3260
3259
3257
3257
3256
3254
3253
3252
3250
3250
3249
3246
3245
3245
3245
3244
3244
3243
3240
3240
3238
3237
3236
3233
3230
3228
3228
3226
3223
3222
3221
3220
3220
3219
3219
3219
3218
3217
3217
3216
3215
3215
3214
3213
3231
3212
3210
3210
3209
3209
3208
3207
3207
3207
3206
3204
3203
3201
3200
3197
3197
3195
3194
3193
3191
3189
3189
3189
3187
3186
3185
3184
3183
3183
3182
3181
3181
3180
3179
3178
3178
3177
3176
3176
3175
3175
3175
3173
3172
3172
3171
3169
3169
3167
3163
3163
3162
3160
3160
3159
3157
3157
3156
3156
3155
3154
3154
3153
3152
3152
3150
3148
3147
3147
3147
3147
3146
3146
3145
3145
3145
3145
3144
3144
3145
3140
3140
3139
3139
3138
3138
3138
3138
3137
3136
3135
3135
3133
3133
3132
3132
3131
3129
3129
3128
3127
3126
3123
3123
3123
3122
3122
3122
3121
3121
3121
3120
3119
3119
3119
3119
3118
3117
3116
3115
3115
3115
3114
3114
3113
3112
3111
3110
3109
3108
3107
3106
3105
3105
3105
3104
3103
3102
3102
3100
3100
3099
3097
3097
3095
3095
3095
3095
3094
3094
3093
3091
3090
3089
3088
3088
3088
3086
3086
3085
3085
3085
3084
3083
3082
3081
3080
3079
3078
3078
3078
3078
3076
3075
3073
3073
3073
3070
3068
3067
3067
3067
3065
3064
3063
3062
3062
3061
3058
3056
3056
3054
3053
3052
3052
3050
3049
3049
3047
3047
3047
3047
3047
3043
3043
3042
3041
3040
3040
3040
3038
3038
3038
3038
3035
3034
3033
3033
3033
3032
3029
3029
3029
3029
3028
3027
3027
3026
3026
3026
3025
3025
3025
3025
3024
3024
3023
3020
3020
3020
3019
3019
3017
3016
3016
3015
3015
3015
3012
3011
3009
3009
3009
3007
3007
3006
3006
3006
3005
3003
3003
3003
3002
3002
3002
3001
3000
3000
