286771
268212
252033
240230
218086
216502
207941
201292
185324
174387
165653
158264
148189
147409
147143
134840
134495
127693
126431
123847
123618
122617
117969
116197
113597
110046
107769
105456
101461
101400
100362
100038
99028
98644
98598
97790
96930
96362
91884
91400
90643
90467
89860
88106
88056
87178
86730
86055
85709
85652
81207
80247
79664
79411
79409
78631
77350
77315
76620
75314
74459
73273
73214
72949
71886
71541
71385
71234
70918
70905
69139
67609
67608
67469
66678
66628
65934
65764
64911
64783
64536
64529
64507
63612
62312
62087
61821
61412
61321
61146
59887
59559
58766
58007
57539
57413
57262
57158
56954
56851
56564
55489
54963
54775
54766
54634
53840
53554
53481
53480
53214
53063
53013
52726
52676
52611
52602
52360
52226
51639
51519
51296
51294
51235
50445
50388
50231
50102
49833
49510
49210
49093
48680
48535
48465
48000
47726
47653
47532
47272
47238
47102
46976
46828
46629
46503
46471
45807
45708
45586
45344
45257
44942
43822
43466
43358
43160
42848
42641
42491
42469
42399
42360
42354
42296
42272
42183
42075
42058
42044
42039
42002
41749
41435
41394
41358
41012
40786
40619
40618
40518
40478
40273
40103
39881
39863
39767
39708
39708
39512
39350
39284
39210
39177
39167
38924
38917
38847
38761
38630
38250
38182
38129
38045
37826
37741
37649
37639
37594
37530
37524
37493
37413
37389
37239
37166
37128
36923
36899
36835
36645
36578
36455
36348
36343
36336
36236
36084
35988
35942
35807
35724
35684
35619
35600
35437
35395
35246
35242
35071
35034
34861
34850
34718
34716
34656
34641
34615
34510
34465
34450
34296
34136
34115
34049
34045
33902
33758
33722
33679
33624
33392
33361
33352
33290
33255
33253
33209
33202
33137
33129
33122
33060
33012
33009
32948
32897
32895
32893
32847
32828
32782
32772
32738
32640
32533
32513
32329
32291
32129
31970
31934
31931
31930
31850
31758
31664
31604
31587
31578
31578
31573
31544
31502
31427
31328
31203
30961
30863
30852
30738
30593
30589
30584
30463
30323
30300
30232
30228
30079
29945
29874
29808
29702
29668
29662
29655
29635
29609
29527
29411
29323
29321
29315
29141
29129
29050
29012
29011
28991
28950
28813
28813
28784
28703
28676
28659
28649
28648
28585
28581
28572
28533
28516
28459
28367
28323
28321
28190
28040
28013
27918
27903
27857
27851
27836
27813
27786
27781
27781
27773
27704
27640
27614
27539
27537
27502
27497
27494
27443
27433
27397
27365
27347
27313
27310
27300
27280
27267
27196
27183
27152
27034
27028
27015
26987
26931
26909
26736
26666
26634
26615
26607
26601
26569
26501
26473
26465
26408
26369
26363
26335
26313
26279
26269
26241
26169
26161
26084
26037
25899
25852
25798
25756
25739
25736
25733
25729
25698
25695
25663
25626
25584
25577
25532
25530
25526
25526
25499
25519
25480
25443
25425
25414
25391
25203
25163
25123
25121
25117
25099
25047
25036
24982
24980
24979
24968
24930
24908
24900
24873
24865
24796
24782
24781
24771
24750
24742
24734
24726
24722
24674
24667
24631
24603
24598
24551
24539
24537
24529
24523
24510
24467
24449
24443
24370
24367
24310
24293
24272
24215
24190
24180
24164
24116
24106
24078
24077
24075
24056
24026
24016
23995
23990
23985
23951
23903
23893
23870
23862
23851
23808
23792
23784
23757
23701
23700
23687
23676
23664
23655
23648
23638
23614
23586
23503
23492
23489
23482
23458
23355
23340
23334
23334
23290
23265
23261
23235
23208
23205
23195
23183
23176
23168
23160
23135
23112
23098
23046
22962
22895
22816
22799
22791
22789
22765
22762
22741
22666
22634
22612
22495
22447
22376
22340
22298
22241
22222
22158
22137
22070
22019
21948
21945
21928
21923
21917
21911
21907
21902
21901
21884
21870
21870
21868
21863
21784
21760
21746
21727
21723
21654
21630
21598
21587
21572
21522
21512
21503
21458
21445
21439
21365
21361
21344
21321
21303
21297
21259
21200
21166
21154
21124
21107
21104
21104
21103
21094
21088
21024
21023
20981
20976
20920
20918
20840
20797
20768
20753
20745
20742
20730
20720
20707
20706
20704
20685
20674
20662
20591
20579
20537
20482
20453
20449
20438
20431
20420
20403
20393
20382
20357
20311
20251
20241
20239
20227
20226
20210
20202
20195
20187
20181
20159
20127
20127
20120
20117
20077
20067
20018
20016
20002
19998
19992
19975
19959
19942
19921
19921
19910
19905
19891
19883
19875
19860
19856
19808
19730
19713
19710
19706
19677
19668
19646
19618
19561
19545
19524
19515
19494
19448
19444
19392
19379
19372
19368
19363
19298
19282
19282
19280
19278
19277
19267
19254
19242
19218
19213
19159
19142
19120
19078
19075
19069
19044
19024
19023
18999
18994
18983
18955
18949
18946
18931
18924
18899
18887
18883
18872
18869
18833
18827
18819
18811
18769
18763
18749
18749
18739
18715
18714
18709
18694
18686
18674
18667
18667
18666
18664
18663
18652
18614
18612
18592
18587
18510
18494
18491
18484
18480
18477
18462
18445
18443
18420
18414
18399
18396
18376
18373
18360
18356
18348
18323
18322
18306
18299
18293
18290
18268
18266
18264
18259
18251
18249
18234
18233
18230
18220
18213
18150
18150
18137
18120
18099
18082
18074
18046
18033
18025
18024
18011
18009
17986
17985
17984
17984
17965
17959
17958
17943
17923
17918
17869
17869
17866
17864
17860
17854
17853
17852
17838
17821
17813
17798
17797
17778
17773
17755
17750
17739
17734
17731
17713
17707
17699
17685
17667
17652
17647
17646
17644
17640
17627
17625
17625
17617
17610
17610
17586
17574
17564
17553
17540
17514
17505
17502
17493
17483
17482
17457
17440
17439
17431
17425
17396
17388
17385
17372
17361
17331
17330
17308
17291
17281
17272
17264
17259
17248
17215
17206
17198
17150
17148
17109
17101
17099
17096
17073
17069
17036
16989
16980
16975
16970
16970
16965
16952
16942
16927
16909
16900
16856
16832
16827
16823
16822
16819
16816
16813
16792
16765
16758
16749
16715
16715
16623
16615
16597
16588
16584
16584
16577
16560
16548
16541
16529
16524
16518
16514
16512
16509
16502
16494
16492
16484
16472
16463
16455
16441
16427
16405
16397
16395
16393
16392
16347
16342
16328
16320
16317
16313
16312
16227
16225
16199
16193
16181
16180
16139
16132
16118
16116
16116
16114
16112
16111
16110
16098
16097
16096
16093
16092
16092
16091
16084
16083
16071
16053
16047
16045
16027
16020
16005
15994
15994
15988
15979
15958
15955
15955
15918
15911
15900
15898
15896
15894
15879
15867
15864
15863
15853
15833
15831
15829
15816
15798
15797
15772
15771
15767
15767
15764
15763
15746
15743
15734
15729
15728
15726
15722
15717
15708
15703
15686
15678
15666
15661
15660
15658
15627
15620
15592
15586
15579
15564
15557
15556
15549
15540
15531
15530
15530
15522
15513
15510
15502
15489
15486
15476
15469
15453
15446
15443
15433
15430
15426
15407
15395
15388
15383
15349
15340
15332
15330
15326
15309
15299
15298
15277
15270
15249
15244
15242
15242
15224
15210
15209
15206
15202
15202
15200
15200
15197
15197
15172
15154
15150
15139
15137
15125
15112
15109
15096
15095
15094
15056
15051
15037
15034
15029
15011
15006
14991
14991
14978
14976
14956
14939
14928
14925
14911
14909
14890
14885
14880
14873
14869
14855
14851
14843
14838
14833
14828
14798
14784
14767
14756
14753
14743
14738
14733
14719
14718
14717
14707
14706
14678
14677
14677
14665
14646
14639
14631
14621
14620
14607
14599
14591
14587
14582
14579
14578
14567
14566
14548
14544
14531
14518
14502
14491
14487
14487
14484
14471
14470
14468
14443
14440
14440
14421
14419
14418
14417
14403
14396
14386
14369
14354
14352
14344
14334
14329
14328
14315
14298
14294
14292
14291
14273
14264
14261
14257
14249
14246
14222
14222
14221
14215
14207
14197
14194
14189
14180
14159
14146
14145
14121
14117
14114
14113
14104
14103
14102
14102
14080
14058
14053
14051
14050
14028
14024
14024
14017
14005
14003
13996
13996
13958
13955
13951
13944
13941
13937
13918
13916
13912
13905
13905
13899
13893
13893
13884
13870
13860
13856
13852
13829
13821
13811
13802
13791
13787
13785
13776
13773
13763
13761
13753
13749
13747
13725
13712
13706
13699
13686
13682
13678
13674
13660
13657
13652
13650
13649
13642
13612
13611
13609
13608
13604
13601
13596
13587
13586
13586
13577
13577
13575
13560
13560
13559
13558
13550
13549
13549
13538
13536
13534
13530
13529
13528
13521
13520
13519
13518
13503
13500
13497
13487
13486
13486
13474
13464
13464
13453
13441
13438
13432
13428
13428
13416
13410
13409
13400
13395
13386
13359
13358
13343
13340
13299
13299
13299
13298
13297
13297
13295
13289
13283
13282
13280
13279
13277
13263
13169
13168
13162
13162
13156
13139
13135
13130
13118
13116
13116
13114
13104
13102
13085
13077
13066
13051
13041
13028
13027
13016
13013
13009
12996
12996
12991
12986
12964
12954
12950
12948
12947
12930
12926
12919
12900
12895
12892
12879
12877
12873
12845
12839
12837
12834
12813
12801
12774
12774
12757
12746
12738
12730
12729
12725
12721
12713
12709
12707
12702
12689
12684
12672
12672
12669
12666
12663
12662
12661
12638
12627
12624
12620
12617
12614
12608
12604
12587
12577
12573
12550
12532
12531
12531
12528
12527
12524
12524
12523
12518
12516
12509
12501
12479
12460
12446
12434
12432
12423
12417
12414
12413
12412
12410
12406
12405
12393
12383
12375
12373
12360
12352
12345
12335
12330
12321
12311
12308
12307
12306
12305
12304
12284
12273
12273
12268
12263
12260
12255
12255
12251
12247
12238
12236
12231
12230
12228
12226
12225
12224
12212
12204
12204
12201
12199
12198
12198
12195
12191
12184
12181
12180
12179
12175
12174
12169
12155
12152
12150
12139
12130
12120
12111
12110
12106
12101
12096
12089
12085
12085
12075
12069
12064
12060
12059
12059
12056
12053
12048
12045
12044
12039
12038
12037
12037
12037
12032
12030
12026
12019
12013
12008
12007
12006
12005
12000
11999
11995
11994
11970
11945
11945
11940
11939
11938
11936
11924
11918
11904
11903
11899
11890
11887
11884
11880
11873
11872
11868
11865
11858
11853
11850
11848
11831
11829
11829
11826
11825
11819
11818
11815
11811
11810
11808
11808
11794
11780
11774
11764
11756
11736
11732
11725
11722
11716
11715
11713
11705
11704
11701
11698
11696
11689
11681
11680
11671
11663
11660
11653
11643
11634
11631
11627
11626
11625
11624
11613
11606
11600
11600
11598
11595
11575
11569
11564
11564
11562
11549
11540
11535
11531
11528
11520
11520
11519
11513
11502
11502
11497
11494
11493
11492
11488
11486
11486
11483
11483
11482
11479
11472
11466
11453
11450
11443
11430
11429
11427
11421
11414
11411
11407
11405
11405
11386
11380
11369
11369
11364
11364
11363
11358
11356
11356
11351
11342
11341
11339
11338
11336
11335
11308
11302
11301
11297
11286
11282
11269
11262
11261
11255
11250
11247
11247
11238
11233
11229
11227
11226
11224
11223
11221
11215
11214
11204
11204
11202
11200
11188
11180
11178
11174
11163
11157
11150
11150
11139
11137
11130
11129
11125
11119
11119
11109
11098
11095
11090
11077
11076
11070
11067
11066
11064
11059
11057
11057
11056
11052
11051
11048
11045
11039
11032
11028
11027
11025
11019
11016
11011
11008
11005
11002
10987
10986
10979
10968
10959
10956
10950
10946
10946
10945
10936
10930
10924
10920
10916
10901
10900
10893
10891
10887
10883
10879
10875
10875
10874
10873
10869
10867
10863
10862
10859
10857
10856
10853
10851
10841
10841
10839
10835
10833
10832
10828
10813
10812
10808
10807
10802
10800
10798
10791
10790
10788
10773
10768
10761
10751
10748
10746
10745
10742
10739
10738
10735
10724
10718
10718
10717
10715
10713
10713
10712
10710
10699
10691
10688
10669
10666
10665
10665
10659
10655
10649
10643
10627
10617
10605
10600
10598
10594
10582
10581
10581
10575
10570
10565
10564
10561
10554
10549
10543
10542
10541
10541
10538
10526
10509
10504
10500
10492
10486
10474
10473
10473
10469
10467
10466
10462
10460
10460
10458
10453
10448
10447
10446
10446
10438
10435
10433
10431
10427
10424
10417
10415
10415
10394
10393
10391
10390
10388
10370
10368
10366
10364
10361
10355
10353
10349
10343
10342
10341
10339
10337
10335
10334
10329
10326
10323
10322
10317
10311
10307
10305
10304
10299
10297
10296
10290
10289
10284
10282
10280
10279
10267
10260
10256
10254
10253
10251
10251
10248
10244
10242
10233
10232
10221
10221
10220
10217
10211
10211
10206
10204
10199
10196
10194
10191
10190
10189
10183
10182
10181
10181
10173
10166
10155
10151
10147
10147
10146
10143
10141
10140
10125
10122
10119
10118
10117
10112
10110
10110
10107
10101
10097
10088
10088
10088
10085
10081
10078
10072
10071
10067
10066
10066
10060
10053
10053
10049
10049
10043
10037
10034
10032
10022
10022
10021
10016
10015
10011
10000
9999
9993
9990
9989
9987
9986
9980
9972
9967
9967
9964
9958
9958
9953
9948
9948
9940
9939
9918
9904
9904
9899
9894
9881
9878
9869
9865
9858
9854
9851
9850
9847
9846
9845
9845
9842
9841
9841
9836
9833
9831
9822
9821
9819
9812
9811
9804
9802
9802
9801
9786
9783
9782
9780
9779
9776
9776
9767
9764
9760
9760
9758
9758
9754
9750
9748
9748
9734
9733
9730
9718
9717
9716
9714
9713
9707
9702
9701
9701
9699
9697
9693
9690
9690
9689
9687
9684
9683
9678
9670
9667
9667
9659
9657
9656
9656
9654
9649
9647
9643
9640
9639
9638
9634
9633
9632
9629
9628
9626
9625
9625
9620
9618
9617
9610
9609
9607
9606
9605
9598
9597
9588
9588
9587
9587
9582
9580
9579
9577
9577
9568
9565
9564
9562
9556
9556
9555
9541
9536
9534
9532
9529
9527
9525
9524
9523
9523
9522
9517
9516
9512
9511
9509
9508
9507
9506
9504
9498
9495
9489
9486
9480
9476
9474
9471
9469
9468
9467
9466
9463
9460
9453
9450
9448
9447
9446
9443
9436
9430
9427
9426
9419
9419
9416
9410
9408
9408
9406
9405
9403
9399
9395
9394
9394
9392
9390
9383
9383
9381
9378
9377
9377
9377
9376
9373
9369
9367
9366
9365
9365
9360
9360
9359
9355
9331
9331
9326
9319
9316
9313
9312
9311
9306
9304
9300
9300
9297
9296
9292
9291
9284
9280
9276
9275
9272
9271
9271
9268
9267
9267
9264
9263
9260
9254
9247
9247
9243
9239
9236
9236
9231
9231
9230
9228
9225
9217
9216
9214
9209
9208
9198
9196
9191
9190
9186
9184
9182
9180
9177
9177
9174
9171
9164
9163
9161
9159
9154
9152
9149
9147
9145
9141
9140
9136
9124
9123
9122
9116
9115
9110
9107
9102
9098
9096
9096
9090
9086
9085
9083
9082
9080
9078
9077
9077
9076
9071
9071
9062
9058
9058
9042
9037
9036
9034
9028
9027
9024
9023
9021
9021
9019
9013
9003
8999
8998
8997
8997
8996
8991
8988
8984
8981
8979
8979
8973
8973
8970
8968
8967
8966
8962
8958
8954
8950
8949
8949
8948
8944
8943
8941
8937
8936
8936
8934
8930
8922
8921
8916
8911
8911
8907
8905
8903
8896
8895
8894
8893
8886
8883
8882
8881
8877
8874
8874
8869
8868
8865
8864
8863
8861
8860
8856
8855
8853
8841
8836
8834
8830
8827
8824
8819
8816
8814
8814
8792
8792
8790
8787
8785
8782
8780
8779
8775
8775
8775
8770
8770
8762
8755
8751
8748
8746
8744
8743
8743
8740
8736
8735
8734
8732
8732
8731
8727
8725
8725
8722
8719
8716
8710
8708
8708
8703
8692
8686
8680
8678
8675
8675
8673
8673
8665
8662
8659
8655
8654
8652
8648
8648
8639
8639
8638
8637
8635
8627
8627
8625
8625
8617
8609
8608
8607
8605
8604
8602
8602
8601
8601
8600
8597
8592
8584
8584
8579
8579
8572
8572
8566
8564
8564
8562
8562
8561
8559
8554
8552
8551
8551
8546
8546
8546
8542
8540
8534
8531
8531
8525
8523
8520
8514
8514
8513
8513
8512
8509
8507
8506
8504
8503
8498
8495
8494
8494
8490
8486
8485
8485
8484
8483
8474
8473
8472
8469
8468
8466
8462
8459
8459
8458
8457
8456
8455
8451
8448
8446
8445
8444
8441
8439
8436
8436
8432
8424
8424
8422
8418
8414
8410
8409
8407
8407
8406
8405
8399
8397
8396
8396
8393
8391
8389
8384
8383
8383
8383
8381
8379
8376
8375
8373
8368
8367
8367
8363
8361
8361
8360
8359
8359
8356
8354
8354
8354
8352
8351
8350
8350
8346
8345
8342
8340
8337
8337
8336
8335
8327
8325
8325
8322
8321
8321
8318
8315
8313
8312
8312
8312
8312
8310
8306
8300
8299
8297
8297
8289
8288
8285
8285
8283
8277
8276
8275
8272
8271
8271
8271
8268
8268
8263
8262
8262
8258
8257
8251
8249
8244
8233
8233
8230
8230
8228
8228
8226
8225
8223
8223
8223
8220
8220
8219
8212
8209
8208
8204
8203
8202
8190
8189
8189
8187
8186
8182
8180
8174
8174
8174
8170
8170
8170
8168
8165
8165
8163
8162
8158
8157
8149
8144
8143
8143
8140
8140
8138
8137
8134
8134
8133
8131
8131
8128
8125
8117
8116
8114
8113
8113
8113
8112
8112
8112
8111
8111
8110
8109
8106
8106
8104
8102
8101
8101
8100
8099
8095
8094
8091
8088
8088
8084
8084
8079
8075
8074
8073
8065
8062
8059
8057
8057
8056
8055
8055
8053
8053
8046
8045
8041
8040
8040
8039
8037
8035
8035
8031
8030
8028
8027
8025
8021
8020
8018
8016
8014
8012
8011
8011
8010
8007
8004
8004
8000
8000
8000
8000
7998
7997
7994
7992
7991
7988
7988
7984
7976
7958
7951
7946
7943
7941
7940
7937
7935
7934
7929
7927
7922
7920
7920
7920
7917
7916
7914
7911
7911
7909
7909
7909
7906
7906
7906
7906
7905
7901
7901
7895
7895
7894
7890
7890
7884
7880
7880
7877
7876
7876
7876
7873
7873
7870
7869
7869
7868
7866
7864
7863
7862
7856
7855
7853
7851
7849
7847
7847
7847
7845
7844
7843
7842
7842
7841
7840
7840
7838
7837
7837
7832
7830
7828
7826
7826
7823
7822
7818
7809
7807
7807
7806
7806
7805
7801
7798
7798
7795
7795
7794
7789
7788
7787
7786
7782
7782
7779
7779
7776
7773
7772
7771
7768
7768
7758
7756
7756
7755
7750
7747
7746
7745
7742
7741
7741
7741
7739
7738
7732
7729
7729
7727
7726
7725
7723
7723
7720
7720
7719
7718
7713
7713
7711
7706
7705
7705
7694
7689
7688
7685
7681
7681
7680
7675
7674
7674
7673
7673
7672
7666
7659
7658
7658
7652
7650
7649
7645
7644
7642
7641
7641
7636
7633
7629
7628
7627
7624
7623
7621
7619
7619
7616
7616
7616
7616
7615
7614
7609
7605
7603
7602
7599
7599
7594
7593
7593
7584
7583
7579
7577
7574
7573
7572
7569
7568
7566
7561
7560
7560
7560
7555
7554
7553
7548
7546
7544
7542
7539
7539
7538
7538
7535
7535
7533
7531
7531
7527
7526
7524
7519
7518
7516
7513
7510
7509
7503
7500
7495
7494
7488
7488
7486
7484
7482
7480
7477
7475
7474
7473
7471
7471
7471
7469
7469
7466
7465
7465
7459
7453
7452
7449
7445
7442
7440
7440
7438
7432
7429
7427
7426
7425
7424
7423
7423
7419
7418
7416
7411
7410
7407
7403
7403
7401
7396
7395
7392
7392
7390
7382
7379
7379
7379
7376
7375
7373
7372
7370
7370
7369
7365
7363
7362
7361
7360
7359
7358
7355
7354
7354
7353
7353
7351
7349
7348
7347
7346
7345
7343
7340
7339
7333
7332
7329
7327
7327
7323
7321
7321
7319
7318
7313
7313
7307
7303
7300
7292
7290
7290
7290
7289
7289
7286
7285
7284
7283
7273
7271
7271
7268
7267
7266
7265
7264
7264
7260
7258
7257
7257
7256
7255
7255
7253
7253
7250
7246
7245
7241
7240
7239
7237
7234
7233
7232
7228
7227
7227
7224
7222
7218
7217
7214
7213
7211
7202
7202
7200
7200
7200
7199
7198
7197
7197
7197
7195
7195
7192
7192
7191
7189
7186
7186
7183
7183
7183
7181
7180
7178
7177
7173
7173
7173
7170
7167
7167
7164
7161
7157
7153
7150
7149
7149
7147
7143
7141
7141
7141
7140
7140
7139
7138
7137
7133
7131
7126
7125
7116
7116
7116
7115
7112
7112
7108
7107
7106
7105
7104
7099
7095
7088
7083
7082
7081
7081
7081
7081
7080
7079
7079
7078
7078
7077
7077
7076
7076
7075
7072
7070
7067
7066
7062
7059
7059
7055
7053
7051
7051
7050
7048
7047
7047
7045
7043
7042
7042
7041
7036
7034
7034
7033
7032
7032
7031
7031
7030
7030
7029
7028
7026
7023
7022
7018
7017
7015
7015
7014
7012
7011
7011
7011
7010
7010
7009
7009
7007
7001
7000
6998
6997
6991
6989
6988
6986
6985
6985
6984
6984
6977
6973
6972
6972
6971
6969
6968
6968
6968
6967
6967
6967
6966
6962
6961
6959
6958
6954
6953
6953
6953
6951
6951
6950
6948
6947
6946
6944
6943
6942
6941
6939
6939
6937
6936
6934
6933
6930
6930
6928
6927
6927
6927
6924
6924
6924
6923
6923
6922
6921
6919
6916
6916
6915
6915
6912
6910
6909
6909
6908
6905
6904
6904
6904
6902
6902
6901
6898
6897
6895
6894
6893
6892
6890
6890
6890
6888
6888
6883
6880
6879
6878
6877
6876
6871
6871
6869
6868
6867
6867
6867
6867
6863
6863
6862
6859
6858
6858
6857
6857
6856
6855
6852
6851
6849
6845
6845
6845
6844
6842
6840
6836
6835
6833
6830
6830
6828
6828
6825
6824
6821
6820
6820
6819
6818
6818
6811
6811
6810
6808
6807
6807
6806
6806
6805
6804
6802
6802
6801
6799
6798
6798
6797
6796
6795
6795
6793
6788
6787
6783
6780
6778
6774
6769
6768
6766
6764
6764
6762
6762
6651
6761
6761
6760
6759
6759
6756
6755
6754
6752
6750
6750
6747
6739
6738
6736
6735
6734
6733
6728
6726
6721
6721
6720
6719
6719
6719
6718
6718
6716
6714
6713
6711
6710
6710
6710
6708
6708
6707
6707
6705
6704
6699
6698
6698
6696
6693
6691
6690
6688
6688
6687
6684
6683
6682
6681
6680
6680
6679
6675
6673
6671
6671
6669
6664
6663
6663
6662
6660
6660
6653
6650
6648
6647
6646
6645
6644
6643
6643
6639
6637
6635
6634
6631
6631
6630
6630
6626
6626
6624
6623
6620
6619
6616
6614
6613
6613
6611
6611
6611
6608
6606
6605
6603
6601
6600
6596
6595
6595
6593
6593
6591
6591
6590
6590
6588
6588
6588
6585
6585
6584
6583
6578
6577
6574
6573
6573
6572
6571
6564
6561
6556
6556
6556
6555
6555
6555
6554
6553
6549
6544
6543
6542
6540
6540
6540
6538
6538
6535
6534
6533
6532
6530
6529
6528
6526
6523
6522
6522
6520
6518
6517
6516
6515
6509
6505
6502
6494
6492
6489
6489
6488
6488
6487
6485
6484
6483
6481
6480
6478
6478
6478
6478
6471
6471
6470
6468
6466
6465
6465
6462
6462
6455
6453
6450
6449
6447
6445
6444
6444
6444
6442
6439
6438
6437
6437
6436
6436
6433
6429
6429
6429
6429
6427
6425
6422
6420
6420
6419
6417
6417
6417
6417
6416
6415
6413
6413
6412
6411
6410
6410
6409
6409
6407
6405
6405
6404
6404
6402
6402
6401
6401
6400
6398
6398
6397
6397
6396
6394
6393
6384
6382
6380
6377
6375
6375
6375
6374
6374
6374
6373
6373
6370
6369
6368
6367
6363
6360
6356
6356
6355
6354
6352
6352
6350
6349
6348
6347
6346
6346
6343
6341
6334
6332
6331
6330
6326
6325
6324
6323
6323
6322
6321
6318
6317
6316
6314
6311
6309
6308
6307
6305
6303
6302
6302
6302
6299
6298
6296
6294
6294
6293
6292
6290
6289
6288
6286
6285
6285
6285
6285
6283
6282
6280
6278
6278
6276
6275
6274
6270
6269
6268
6266
6266
6261
6260
6258
6258
6253
6250
6250
6249
6248
6244
6244
6243
6242
6241
6240
6239
6238
6238
6237
6236
6235
6233
6231
6231
6230
6230
6229
6228
6226
6226
6224
6219
6218
6214
6214
6212
6211
6211
6211
6206
6206
6203
6201
6200
6200
6195
6193
6192
6191
6190
6190
6190
6189
6188
6188
6187
6186
6184
6181
6181
6179
6179
6179
6178
6174
6173
6172
6171
6169
6168
6168
6167
6166
6166
6165
6163
6161
6158
6157
6157
6156
6156
6153
6153
6151
6150
6150
6145
6144
6143
6143
6140
6139
6137
6135
6134
6134
6132
6132
6130
6126
6125
6125
6125
6123
6122
6120
6120
6117
6116
6115
6113
6112
6111
6109
6109
6109
6107
6105
6104
6103
6102
6101
6101
6099
6096
6096
6094
6094
6091
6086
6085
6084
6079
6077
6077
6075
6074
6073
6071
6071
6070
6070
6070
6070
6070
6067
6067
6064
6063
6062
6062
6060
6060
6056
6053
6050
6049
6047
6045
6045
6043
6043
6043
6041
6038
6034
6026
6025
6022
6022
6022
6020
6018
6016
6014
6013
6012
6009
6009
6009
6008
6008
6007
6005
6004
6004
6001
6000
6000
6000
6000
5999
6007
5996
5996
5996
5995
5991
5991
5990
5989
5988
5987
5986
5986
5981
5981
5980
5979
5979
5977
5977
5975
5973
5972
5970
5970
5968
5968
5965
5965
5965
5964
5962
5960
5960
5958
5957
5956
5956
5956
5956
5955
5954
5953
5951
5950
5950
5949
5945
5945
5943
5943
5943
5938
5936
5935
5935
5935
5932
5929
5927
5927
5927
5927
5925
5920
5920
5916
5914
5912
5911
5911
5907
5907
5907
5906
5906
5905
5905
5904
5903
5902
5901
5901
5898
5898
5898
5898
5897
5897
5896
5896
5895
5895
5894
5892
5891
5889
5889
5889
5888
5887
5886
5886
5883
5883
5878
5876
5876
5873
5873
5873
5873
5872
5871
5870
5869
5869
5864
5864
5863
5862
5861
5860
5860
5859
5859
5857
5857
5855
5855
5847
5846
5846
5846
5845
5844
5843
5842
5842
5841
5841
5840
5839
5837
5837
5836
5835
5834
5830
5830
5828
5825
5822
5822
5821
5821
5820
5819
5817
5815
5814
5813
5811
5811
5808
5808
5807
5806
5805
5803
5801
5800
5798
5797
5797
5796
5796
5793
5792
5790
5788
5788
5786
5786
5785
5785
5783
5777
5776
5776
5772
5770
5769
5769
5768
5768
5766
5765
5765
5764
5763
5763
5762
5761
5760
5760
5758
5758
5758
5756
5756
5754
5753
5753
5751
5749
5749
5746
5743
5742
5742
5739
5739
5738
5735
5734
5732
5732
5732
5730
5729
5729
5728
5725
5725
5724
5724
5724
5723
5723
5721
5721
5720
5719
5719
5718
5717
5717
5717
5714
5713
5713
5711
5710
5709
5708
5708
5704
5704
5704
5704
5703
5703
5703
5700
5699
5693
5692
5691
5690
5689
5688
5688
5687
5686
5686
5684
5682
5682
5682
5680
5680
5679
5678
5677
5676
5674
5674
5673
5673
5673
5672
5671
5670
5670
5670
5669
5668
5667
5667
5666
5665
5664
5664
5662
5662
5662
5661
5661
5660
5658
5656
5656
5655
5655
5655
5651
5651
5651
5650
5650
5649
5648
5647
5643
5643
5642
5642
5642
5641
5639
5639
5639
5638
5638
5637
5636
5634
5633
5633
5632
5632
5632
5629
5624
5623
5621
5620
5620
5615
5614
5613
5611
5611
5609
5608
5606
5604
5604
5604
5603
5601
5600
5599
5599
5599
5597
5597
5596
5593
5592
5590
5589
5589
5589
5588
5588
5587
5586
5585
5584
5583
5580
5579
5579
5578
5578
5577
5577
5574
5574
5574
5573
5573
5569
5569
5568
5565
5565
5564
5563
5562
5562
5562
5561
5560
5560
5560
5558
5557
5554
5554
5552
5551
5551
5548
5548
5547
5547
5546
5545
5544
5543
5543
5542
5541
5541
5540
5540
5538
5538
5535
5535
5534
5534
5532
5532
5531
5531
5530
5529
5529
5528
5528
5527
5526
5525
5522
5517
5517
5514
5513
5512
5512
5510
5510
5509
5508
5506
5505
5504
5504
5504
5502
5502
5501
5499
5499
5498
5497
5496
5496
5496
5495
5493
5492
5492
5491
5490
5489
5488
5488
5485
5485
5482
5481
5481
5480
5479
5479
5479
5479
5478
5477
5477
5474
5474
5474
5473
5472
5472
5471
5469
5468
5466
5465
5465
5462
5461
5459
5459
5458
5457
5457
5456
5456
5456
5454
5454
5457
5451
5451
5451
5450
5448
5446
5446
5445
5445
5444
5444
5442
5441
5440
5439
5439
5439
5435
5434
5430
5429
5429
5429
5428
5428
5427
5426
5424
5423
5419
5419
5418
5418
5416
5415
5412
5408
5407
5405
5405
5404
5401
5400
5400
5400
5399
5399
5398
5398
5395
5395
5395
5395
5395
5394
5393
5392
5391
5391
5390
5390
5390
5389
5387
5386
5383
5382
5381
5380
5379
5378
5378
5376
5375
5375
5375
5373
5373
5373
5372
5369
5367
5365
5364
5362
5361
5361
5360
5360
5359
5357
5354
5354
5354
5353
5353
5351
5350
5348
5347
5347
5346
5345
5345
5345
5343
5342
5342
5342
5341
5338
5338
5337
5337
5337
5337
5336
5336
5336
5334
5333
5332
5330
5330
5330
5327
5325
5325
5324
5323
5322
5322
5322
5321
5320
5319
5317
5316
5316
5315
5315
5313
5313
5312
5312
5310
5310
5310
5310
5309
5307
5307
5306
5306
5306
5306
5306
5304
5304
5303
5302
5301
5298
5297
5297
5296
5295
5294
5294
5293
5291
5291
5290
5290
5290
5289
5288
5288
5287
5286
5286
5285
5285
5285
5285
5284
5284
5282
5281
5280
5279
5279
5279
5277
5277
5277
5275
5275
5275
5274
5274
5272
5272
5270
5269
5268
5265
5265
5263
5262
5261
5261
5261
5261
5261
5260
5260
5259
5259
5257
5256
5256
5254
5251
5251
5249
5248
5245
5244
5243
5242
5240
5239
5237
5235
5235
5232
5230
5230
5229
5228
5228
5228
5227
5226
5226
5225
5224
5224
5223
5221
5220
5219
5219
5218
5218
5217
5216
5216
5216
5214
5214
5214
5213
5212
5212
5211
5210
5210
5209
5209
5207
5207
5205
5202
5201
5201
5199
5197
5197
5197
5197
5196
5195
5195
5195
5194
5193
5193
5193
5193
5192
5192
5189
5189
5188
5186
5182
5181
5181
5181
5180
5180
5178
5176
5176
5175
5174
5173
5173
5169
5169
5168
5165
5164
5162
5161
5160
5158
5158
5158
5157
5157
5157
5157
5156
5155
5154
5153
5152
5152
5151
5150
5149
5145
5144
5143
5142
5142
5141
5137
5137
5136
5136
5136
5135
5133
5130
5130
5128
5127
5127
5125
5123
5121
5121
5120
5117
5116
5116
5115
5115
5115
5112
5112
5110
5109
5108
5104
5103
5103
5102
5102
5100
5100
5097
5096
5096
5094
5091
5091
5090
5090
5089
5089
5087
5087
5087
5087
5087
5085
5084
5082
5081
5081
5080
5080
5079
5077
5077
5077
5076
5076
5076
5075
5075
5075
5075
5074
5073
5072
5072
5072
5072
5071
5070
5069
5068
5067
5067
5066
5065
5064
5064
5061
5061
5060
5060
5059
5059
5057
5056
5056
5055
5055
5054
5054
5054
5054
5053
5053
5053
5053
5051
5051
5050
5050
5047
5046
5045
5045
5045
5044
5044
5044
5043
5043
5043
5042
5042
5040
5039
5038
5038
5037
5037
5036
5035
5032
5031
5031
5031
5031
5029
5028
5026
5025
5023
5023
5022
5021
5019
5017
5017
5014
5013
5012
5010
5009
5009
5008
5007
5007
5007
5006
5004
5004
5004
5004
5003
5001
5001
5000
5000
4999
4999
4998
4998
4997
4996
4995
4994
4993
4992
4991
4991
4990
4989
4989
4989
4989
4988
4988
4987
4984
4983
4981
4981
4981
4980
4980
4979
4977
4975
4974
4974
4973
4972
4971
4971
4969
4968
4968
4968
4967
4966
4966
4965
4963
4962
4960
4960
4957
4956
4956
4955
4954
4954
4954
4953
4953
4951
4951
4951
4950
4949
4948
4946
4946
4946
4945
4945
4945
4945
4944
4944
4944
4943
4943
4941
4941
4941
4939
4938
4937
4937
4936
4935
4933
4932
4932
4931
4930
4929
4928
4927
4927
4927
4927
4927
4926
4926
4926
4922
4921
4921
4921
4920
4920
4919
4918
4917
4917
4916
4914
4914
4914
4913
4913
4913
4913
4911
4911
4911
4911
4910
4909
4908
4908
4908
4907
4907
4906
4905
4905
4903
4903
4903
4902
4901
4900
4899
4898
4897
4897
4897
4896
4895
4893
4893
4892
4891
4889
4888
4888
4887
4886
4885
4884
4882
4882
4882
4881
4881
4881
4881
4878
4874
4874
4872
4872
4871
4871
4870
4870
4869
4869
4869
4868
4868
4867
4864
4864
4863
4752
4861
4860
4860
4860
4860
4860
4859
4859
4858
4858
4857
4856
4856
4856
4856
4854
4854
4854
4852
4852
4852
4852
4850
4850
4848
4848
4847
4847
4846
4844
4843
4841
4840
4840
4840
4840
4839
4838
4836
4836
4836
4834
4832
4832
4828
4825
4825
4824
4824
4824
4822
4822
4822
4822
4821
4821
4820
4819
4818
4818
4817
4816
4815
4815
4813
4813
4813
4812
4811
4811
4809
4807
4807
4803
4803
4802
4801
4800
4800
4800
4799
4798
4797
4797
4795
4795
4793
4792
4792
4792
4791
4791
4791
4787
4787
4787
4785
4784
4784
4783
4783
4782
4779
4779
4778
4775
4775
4774
4773
4773
4773
4772
4772
4771
4771
4771
4771
4771
4770
4770
4770
4768
4767
4767
4766
4766
4764
4764
4763
4762
4762
4761
4761
4760
4759
4759
4758
4758
4758
4757
4756
4756
4753
4753
4752
4751
4750
4750
4749
4748
4747
4747
4746
4744
4744
4744
4743
4742
4742
4742
4741
4740
4739
4739
4737
4737
4736
4735
4734
4732
4731
4731
4731
4730
4729
4729
4728
4728
4727
4727
4725
4725
4724
4724
4724
4724
4723
4722
4719
4719
4718
4718
4717
4717
4716
4714
4714
4714
4711
4711
4711
4710
4710
4709
4708
4707
4707
4705
4704
4704
4703
4703
4701
4700
4700
4699
4697
4697
4696
4696
4695
4695
4694
4692
4691
4691
4689
4689
4689
4688
4687
4686
4685
4685
4685
4684
4684
4683
4682
4681
4680
4679
4676
4675
4675
4674
4674
4674
4674
4673
4671
4671
4670
4669
4669
4668
4668
4667
4667
4667
4667
4666
4665
4665
4664
4664
4663
4663
4663
4662
4659
4658
4658
4657
4657
4656
4655
4655
4654
4654
4654
4654
4653
4651
4650
4649
4649
4647
4644
4644
4644
4643
4643
4641
4640
4639
4638
4638
4637
4635
4635
4634
4633
4632
4631
4631
4628
4628
4628
4626
4625
4624
4624
4624
4622
4622
4622
4621
4621
4619
4619
4618
4617
4615
4615
4615
4613
4612
4612
4612
4611
4606
4606
4606
4606
4605
4604
4604
4604
4603
4603
4602
4602
4602
4601
4601
4600
4599
4599
4598
4598
4596
4596
4595
4594
4594
4594
4594
4594
4593
4593
4592
4592
4591
4589
4589
4588
4587
4587
4586
4586
4586
4586
4585
4584
4583
4582
4582
4581
4580
4577
4575
4575
4575
4575
4574
4574
4573
4573
4572
4572
4572
4572
4571
4571
4570
4569
4569
4568
4568
4568
4568
4568
4567
4567
4566
4566
4566
4565
4564
4563
4562
4560
4560
4558
4557
4556
4556
4555
4554
4554
4553
4549
4549
4548
4548
4548
4548
4547
4546
4546
4545
4544
4543
4543
4543
4543
4543
4542
4542
4541
4541
4541
4540
4539
4538
4537
4537
4537
4536
4536
4536
4535
4533
4533
4533
4533
4532
4530
4530
4530
4529
4529
4528
4525
4525
4524
4524
4524
4524
4523
4523
4522
4522
4521
4521
4521
4520
4519
4518
4517
4517
4516
4515
4514
4512
4512
4511
4511
4508
4507
4507
4507
4506
4506
4506
4505
4505
4505
4505
4502
4500
4500
4500
4495
4495
4495
4494
4493
4491
4491
4490
4490
4490
4489
4489
4488
4487
4486
4485
4484
4483
4480
4480
4480
4480
4479
4479
4478
4477
4476
4476
4475
4475
4474
4472
4472
4472
4471
4471
4470
4470
4468
4468
4466
4465
4465
4465
4464
4463
4462
4462
4461
4460
4460
4459
4458
4458
4458
4458
4457
4457
4455
4455
4454
4453
4452
4452
4452
4452
4452
4452
4451
4450
4450
4449
4448
4448
4447
4447
4447
4446
4446
4446
4445
4444
4443
4442
4441
4440
4440
4440
4439
4439
4439
4438
4438
4438
4438
4434
4434
4433
4433
4433
4432
4431
4431
4431
4429
4429
4429
4428
4425
4424
4423
4422
4422
4421
4420
4420
4419
4419
4418
4418
4417
4417
4417
4416
4415
4415
4415
4413
4413
4413
4413
4413
4412
4412
4411
4410
4410
4408
4407
4407
4406
4406
4405
4404
4402
4402
4402
4402
4401
4400
4400
4399
4398
4397
4397
4396
4396
4396
4395
4394
4393
4390
4390
4390
4390
4389
4388
4387
4386
4386
4386
4385
4383
4383
4382
4382
4382
4382
4381
4380
4379
4379
4379
4378
4378
4376
4375
4375
4375
4373
4373
4372
4370
4370
4370
4370
4369
4369
4368
4367
4367
4367
4367
4367
4365
4365
4364
4363
4363
4363
4363
4362
4361
4361
4360
4360
4359
4359
4357
4357
4355
4354
4352
4352
4351
4351
4351
4349
4349
4348
4348
4347
4347
4347
4346
4345
4343
4341
4341
4341
4339
4338
4338
4337
4337
4337
4336
4336
4335
4335
4335
4334
4333
4333
4332
4332
4332
4331
4330
4330
4329
4329
4327
4327
4325
4325
4325
4325
4324
4323
4323
4319
4319
4318
4318
4317
4315
4315
4314
4311
4311
4310
4309
4307
4306
4306
4306
4305
4305
4302
4302
4301
4301
4301
4301
4300
4300
4298
4297
4297
4297
4297
4296
4295
4295
4294
4294
4294
4294
4293
4293
4292
4292
4291
4291
4290
4289
4288
4288
4287
4287
4286
4285
4285
4283
4283
4283
4282
4282
4281
4281
4281
4281
4280
4278
4278
4277
4277
4276
4276
4276
4275
4274
4273
4272
4271
4270
4270
4269
4269
4269
4267
4267
4266
4265
4265
4264
4264
4263
4263
4263
4263
4262
4262
4262
4261
4260
4260
4259
4258
4257
4257
4257
4257
4256
4256
4255
4255
4254
4253
4251
4250
4250
4249
4249
4248
4248
4248
4247
4247
4247
4247
4245
4245
4245
4244
4243
4243
4242
4242
4242
4241
4240
4240
4239
4239
4239
4238
4238
4237
4237
4237
4235
4235
4235
4233
4233
4233
4233
4231
4230
4229
4229
4226
4225
4225
4224
4223
4223
4223
4222
4222
4221
4221
4221
4221
4220
4219
4219
4218
4218
4218
4217
4217
4217
4217
4217
4217
4217
4216
4215
4215
4215
4214
4214
4213
4213
4213
4212
4211
4211
4211
4210
4210
4210
4210
4209
4207
4206
4205
4205
4204
4204
4204
4204
4203
4203
4202
4202
4201
4200
4200
4200
4199
4199
4199
4198
4197
4197
4197
4196
4196
4195
4195
4194
4194
4194
4193
4191
4191
4191
4191
4191
4191
4191
4190
4190
4190
4190
4189
4188
4187
4187
4187
4187
4185
4184
4184
4183
4182
4180
4180
4180
4179
4179
4178
4178
4177
4177
4177
4176
4175
4175
4175
4174
4173
4173
4171
4170
4168
4167
4167
4166
4166
4166
4166
4165
4165
4165
4164
4164
4163
4163
4162
4162
4162
4162
4161
4158
4156
4156
4156
4155
4155
4155
4153
4153
4153
4152
4152
4152
4151
4151
4149
4149
4149
4149
4148
4147
4147
4146
4146
4146
4145
4144
4143
4141
4139
4139
4138
4138
4137
4137
4137
4137
4136
4135
4135
4134
4134
4132
4131
4130
4130
4130
4130
4129
4128
4127
4127
4126
4125
4124
4124
4124
4124
4123
4123
4122
4121
4121
4121
4121
4120
4120
4120
4119
4119
4119
4118
4117
4116
4115
4115
4115
4114
4114
4114
4113
4112
4112
4110
4110
4109
4109
4109
4109
4107
4106
4105
4105
4103
4103
4102
4102
4102
4101
4101
4101
4100
4099
4099
4099
4099
4098
4098
4098
4097
4097
4097
4096
4095
4095
4095
4095
4094
4093
4093
4093
4091
4091
4091
4091
4090
4090
4089
4089
4089
4088
4087
4087
4086
4086
4086
4085
4085
4084
4084
4084
4083
4083
4083
4082
4082
4082
4082
4082
4081
4081
4081
4081
4081
4081
4080
4079
4079
4079
4077
4077
4077
4077
4077
4076
4076
4075
4075
4075
4074
4074
4073
4072
4072
4071
4071
4070
4069
4069
4068
4068
4067
4066
4065
4064
4063
4063
4062
4062
4062
4061
4061
4060
4058
4055
4055
4055
4055
4054
4054
4054
4053
4052
4052
4051
4051
4051
4049
4048
4048
4046
4046
4046
4046
4046
4046
4046
4045
4045
4044
4044
4044
4043
4043
4043
4042
4042
4041
4040
4040
4038
4038
4038
4037
4037
4037
4036
4036
4034
4033
4033
4033
4033
4032
4031
4029
4028
4027
4027
4026
4026
4026
4025
4024
4023
4023
4023
4023
4022
4022
4022
4021
4021
4020
4019
4019
4019
4018
4018
4018
4017
4016
4015
4015
4015
4015
4015
4011
4011
4008
4008
4008
4007
4007
4007
4005
4005
4004
4004
4004
4003
4003
4002
4002
4002
4001
4001
4000
4000
4000
4000
3999
3999
3999
3998
3998
3998
3998
3997
3996
3996
3996
3996
3996
3995
3994
3994
3993
3993
3991
3991
3990
3990
3988
3988
3988
3988
3988
3986
3986
3986
3986
3986
3985
3985
3984
3984
3983
3983
3983
3981
3981
3981
3980
3979
3979
3979
3979
3978
3978
3976
3976
3976
3976
3976
3975
3974
3974
3973
3973
3973
3972
3972
3972
3970
3969
3969
3968
3968
3968
3968
3967
3967
3966
3965
3964
3964
3964
3964
3963
3963
3963
3963
3962
3961
3961
3961
3960
3960
3958
3958
3958
3957
3957
3956
3956
3956
3956
3956
3955
3954
3954
3953
3953
3952
3952
3952
3951
3951
3950
3950
3950
3947
3947
3944
3943
3943
3942
3942
3941
3941
3940
3937
3936
3936
3936
3935
3935
3935
3934
3934
3933
3933
3933
3932
3932
3931
3931
3931
3930
3930
3930
3929
3929
3941
3927
3927
3927
3926
3925
3925
3925
3923
3923
3922
3922
3922
3919
3918
3918
3917
3917
3917
3917
3917
3915
3914
3913
3913
3913
3913
3912
3911
3910
3910
3909
3909
3909
3908
3908
3907
3906
3905
3905
3905
3904
3904
3904
3903
3903
3903
3901
3900
3898
3898
3898
3897
3896
3896
3896
3896
3895
3894
3893
3893
3893
3893
3892
3892
3892
3891
3891
3891
3890
3890
3889
3889
3889
3889
3889
3888
3888
3887
3887
3887
3886
3886
3885
3884
3884
3884
3883
3883
3883
3882
3882
3882
3882
3881
3881
3880
3880
3880
3878
3878
3878
3877
3877
3876
3876
3876
3876
3875
3875
3874
3873
3872
3871
3871
3871
3871
3871
3870
3869
3869
3868
3868
3868
3868
3867
3867
3867
3866
3866
3866
3865
3865
3865
3864
3863
3863
3862
3862
3862
3862
3862
3862
3861
3861
3859
3859
3858
3858
3857
3857
3857
3857
3855
3853
3853
3853
3853
3853
3852
3851
3850
3849
3849
3849
3848
3848
3847
3847
3847
3847
3846
3846
3845
3844
3843
3842
3842
3841
3841
3840
3840
3840
3840
3840
3839
3838
3838
3837
3837
3836
3836
3836
3835
3835
3835
3835
3834
3834
3834
3831
3831
3831
3830
3830
3830
3829
3828
3826
3825
3824
3823
3823
3823
3822
3822
3822
3821
3821
3820
3820
3820
3819
3819
3818
3818
3818
3817
3817
3817
3816
3816
3816
3815
3815
3815
3815
3814
3814
3813
3811
3811
3811
3810
3810
3809
3808
3808
3808
3807
3807
3807
3806
3805
3805
3805
3804
3804
3803
3802
3801
3800
3800
3800
3800
3800
3799
3799
3799
3799
3799
3797
3797
3797
3797
3796
3796
3795
3793
3793
3793
3792
3792
3792
3792
3791
3790
3789
3789
3788
3788
3787
3787
3786
3786
3785
3783
3783
3781
3780
3780
3779
3779
3779
3778
3777
3777
3777
3776
3774
3773
3773
3773
3772
3772
3771
3771
3771
3771
3771
3770
3770
3768
3768
3768
3767
3767
3766
3766
3765
3765
3764
3763
3763
3763
3762
3762
3762
3762
3762
3762
3762
3761
3761
3761
3760
3759
3759
3759
3759
3759
3758
3758
3758
3756
3756
3756
3755
3755
3753
3753
3753
3751
3751
3751
3750
3750
3749
3749
3749
3747
3746
3745
3745
3745
3745
3745
3744
3744
3744
3744
3744
3743
3743
3742
3741
3741
3741
3740
3740
3740
3740
3739
3739
3739
3738
3738
3737
3737
3737
3736
3735
3734
3734
3734
3733
3731
3730
3730
3728
3728
3728
3728
3727
3727
3727
3726
3726
3726
3725
3725
3725
3724
3724
3722
3721
3721
3721
3720
3720
3720
3719
3718
3718
3718
3717
3717
3717
3715
3715
3715
3715
3715
3714
3714
3713
3712
3711
3711
3711
3710
3710
3709
3709
3709
3709
3708
3707
3707
3707
3706
3706
3706
3706
3706
3705
3705
3705
3705
3704
3704
3704
3703
3702
3702
3702
3701
3701
3701
3701
3700
3699
3699
3698
3696
3696
3696
3695
3695
3695
3695
3695
3694
3693
3691
3690
3690
3690
3689
3689
3689
3688
3687
3687
3687
3687
3686
3686
3685
3685
3685
3685
3684
3684
3684
3684
3683
3683
3682
3682
3682
3681
3681
3681
3680
3680
3680
3680
3679
3678
3678
3678
3678
3678
3678
3677
3676
3676
3676
3676
3675
3674
3674
3674
3674
3674
3672
3672
3671
3671
3671
3670
3670
3670
3669
3668
3668
3668
3668
3667
3667
3667
3667
3667
3667
3666
3665
3665
3665
3663
3663
3662
3661
3661
3660
3660
3660
3659
3659
3659
3658
3658
3657
3657
3656
3656
3654
3654
3654
3653
3653
3652
3651
3651
3649
3649
3648
3647
3646
3646
3645
3644
3644
3644
3643
3643
3642
3641
3641
3641
3641
3640
3640
3640
3639
3639
3639
3637
3636
3636
3635
3635
3634
3634
3634
3634
3633
3632
3632
3631
3630
3630
3630
3629
3629
3629
3629
3628
3628
3628
3627
3627
3627
3627
3626
3626
3626
3626
3626
3626
3625
3625
3625
3624
3624
3623
3622
3622
3621
3621
3620
3619
3619
3619
3618
3618
3618
3617
3617
3617
3616
3615
3615
3615
3614
3613
3613
3613
3611
3611
3611
3611
3611
3610
3610
3610
3610
3609
3609
3607
3607
3606
3606
3606
3606
3606
3605
3604
3603
3602
3602
3601
3601
3601
3601
3601
3600
3599
3598
3598
3597
3597
3597
3596
3596
3596
3595
3595
3594
3593
3592
3592
3592
3592
3591
3590
3589
3588
3588
3588
3588
3588
3587
3587
3587
3587
3587
3586
3585
3585
3585
3585
3584
3583
3583
3583
3581
3581
3580
3580
3580
3580
3578
3577
3577
3577
3577
3576
3576
3575
3575
3575
3574
3571
3571
3570
3569
3569
3569
3569
3568
3566
3565
3565
3565
3564
3564
3563
3562
3562
3562
3561
3561
3559
3559
3558
3557
3556
3556
3555
3555
3554
3554
3553
3553
3553
3552
3551
3551
3549
3549
3548
3548
3548
3547
3547
3546
3546
3545
3545
3544
3544
3543
3543
3543
3541
3541
3541
3540
3540
3540
3540
3540
3539
3539
3539
3538
3538
3538
3538
3538
3537
3537
3537
3537
3537
3536
3535
3535
3534
3533
3533
3532
3532
3531
3531
3531
3531
3530
3530
3530
3529
3529
3528
3527
3527
3525
3525
3525
3524
3524
3524
3524
3524
3523
3523
3523
3522
3522
3522
3521
3521
3520
3520
3519
3519
3519
3519
3517
3517
3516
3516
3516
3515
3515
3514
3514
3514
3513
3512
3511
3511
3511
3508
3508
3508
3508
3507
3507
3507
3506
3506
3506
3506
3506
3506
3505
3505
3505
3505
3504
3504
3502
3501
3501
3499
3499
3499
3499
3498
3498
3498
3498
3497
3497
3497
3497
3496
3495
3494
3494
3494
3494
3493
3493
3492
3491
3490
3489
3489
3488
3488
3488
3488
3488
3487
3487
3487
3487
3486
3486
3485
3485
3484
3483
3483
3483
3482
3482
3481
3481
3480
3480
3480
3480
3479
3477
3477
3477
3476
3476
3476
3476
3476
3475
3475
3475
3474
3474
3474
3474
3473
3473
3473
3473
3472
3472
3472
3472
3472
3472
3471
3471
3471
3470
3470
3470
3469
3469
3469
3469
3468
3468
3468
3467
3467
3466
3466
3465
3465
3465
3464
3464
3464
3463
3463
3461
3460
3459
3459
3458
3458
3458
3458
3457
3457
3457
3455
3454
3454
3453
3453
3452
3451
3451
3451
3451
3450
3450
3450
3450
3449
3448
3448
3448
3447
3447
3447
3446
3445
3445
3445
3445
3445
3444
3443
3443
3443
3443
3442
3442
3441
3441
3440
3440
3439
3439
3439
3438
3438
3437
3437
3436
3436
3436
3436
3436
3436
3436
3436
3435
3435
3435
3433
3433
3433
3433
3433
3432
3432
3432
3432
3429
3429
3429
3429
3428
3428
3428
3428
3427
3427
3427
3426
3426
3425
3425
3424
3424
3423
3423
3421
3421
3421
3420
3419
3419
3419
3419
3417
3417
3417
3417
3417
3417
3417
3416
3415
3415
3414
3414
3414
3414
3414
3413
3412
3411
3411
3410
3409
3409
3408
3408
3407
3407
3406
3406
3406
3406
3406
3405
3405
3405
3404
3404
3404
3404
3403
3402
3401
3401
3401
3401
3401
3400
3400
3399
3399
3399
3397
3397
3397
3397
3397
3397
3396
3396
3396
3396
3396
3396
3395
3394
3394
3393
3393
3392
3391
3391
3390
3390
3390
3389
3388
3387
3387
3387
3387
3386
3386
3386
3386
3385
3384
3384
3383
3383
3383
3381
3381
3380
3380
3380
3379
3379
3379
3379
3379
3378
3378
3378
3378
3378
3377
3377
3377
3376
3376
3376
3376
3376
3376
3376
3374
3374
3374
3373
3373
3373
3373
3373
3373
3372
3372
3372
3371
3371
3371
3371
3370
3370
3369
3369
3369
3369
3369
3368
3368
3368
3367
3366
3366
3366
3365
3365
3365
3365
3364
3364
3364
3364
3363
3363
3363
3362
3361
3360
3360
3360
3360
3359
3359
3359
3358
3358
3357
3357
3356
3356
3356
3356
3356
3355
3355
3354
3354
3354
3354
3354
3353
3352
3352
3352
3351
3350
3350
3350
3349
3349
3349
3348
3348
3348
3348
3348
3348
3347
3347
3347
3347
3346
3345
3345
3344
3343
3342
3342
3341
3341
3341
3341
3340
3340
3340
3340
3339
3339
3339
3338
3338
3338
3337
3336
3336
3336
3335
3335
3335
3334
3334
3334
3333
3333
3333
3331
3331
3331
3330
3329
3328
3328
3328
3327
3327
3327
3326
3326
3326
3325
3325
3325
3324
3324
3324
3323
3323
3323
3322
3322
3322
3322
3321
3321
3319
3319
3319
3318
3318
3317
3317
3317
3316
3316
3316
3316
3316
3316
3316
3316
3315
3315
3314
3314
3313
3313
3313
3313
3312
3312
3312
3312
3312
3310
3310
3310
3309
3309
3309
3308
3307
3307
3306
3306
3306
3305
3305
3305
3305
3305
3305
3304
3304
3303
3303
3302
3302
3302
3301
3301
3300
3300
3300
3300
3299
3298
3298
3298
3298
3298
3298
3297
3297
3296
3295
3295
3295
3294
3294
3293
3292
3291
3290
3290
3290
3290
3290
3289
3289
3288
3288
3288
3287
3287
3287
3286
3286
3285
3285
3285
3285
3285
3284
3283
3281
3281
3281
3281
3281
3280
3280
3280
3280
3279
3279
3278
3278
3277
3277
3277
3276
3276
3275
3275
3275
3274
3274
3274
3274
3274
3273
3273
3273
3273
3273
3273
3273
3273
3272
3272
3272
3272
3271
3271
3271
3271
3271
3270
3270
3270
3269
3269
3269
3268
3268
3268
3268
3267
3267
3266
3266
3266
3266
3265
3265
3265
3265
3265
3265
3264
3264
3264
3262
3261
3261
3261
3261
3260
3259
3259
3258
3258
3258
3257
3257
3256
3256
3256
3256
3256
3255
3255
3255
3255
3254
3254
3253
3253
3253
3253
3252
3251
3251
3251
3250
3249
3249
3248
3247
3247
3247
3247
3247
3246
3246
3245
3245
3245
3245
3244
3244
3244
3244
3243
3243
3243
3242
3241
3241
3240
3240
3240
3240
3240
3240
3238
3238
3238
3238
3238
3238
3237
3237
3237
3236
3236
3235
3235
3235
3235
3235
3235
3234
3234
3233
3233
3233
3233
3232
3232
3232
3232
3232
3232
3232
3231
3231
3231
3231
3231
3230
3230
3229
3229
3229
3228
3228
3228
3227
3227
3226
3226
3226
3226
3226
3225
3225
3225
3224
3224
3224
3223
3223
3223
3223
3223
3222
3222
3221
3221
3221
3221
3220
3220
3220
3220
3219
3218
3218
3218
3218
3218
3217
3217
3216
3216
3216
3216
3215
3215
3215
3215
3215
3215
3214
3214
3214
3214
3213
3212
3212
3212
3212
3211
3211
3210
3210
3209
3209
3209
3209
3208
3207
3207
3206
3205
3205
3205
3204
3204
3204
3203
3203
3203
3203
3202
3202
3202
3201
3201
3201
3201
3201
3201
3200
3199
3199
3199
3199
3199
3199
3199
3198
3198
3197
3197
3196
3196
3196
3196
3196
3195
3195
3195
3195
3195
3195
3195
3194
3194
3193
3192
3192
3191
3190
3190
3190
3190
3190
3190
3188
3188
3188
3187
3186
3186
3185
3185
3184
3184
3184
3183
3183
3183
3182
3181
3181
3181
3180
3180
3180
3179
3179
3179
3178
3178
3177
3177
3177
3177
3177
3177
3177
3176
3176
3176
3175
3175
3175
3175
3174
3174
3174
3173
3173
3173
3173
3173
3173
3172
3172
3172
3172
3172
3171
3170
3170
3170
3169
3169
3169
3168
3168
3167
3167
3167
3167
3166
3166
3166
3166
3166
3166
3165
3165
3165
3163
3163
3162
3162
3161
3161
3160
3160
3160
3160
3159
3159
3159
3158
3158
3158
3157
3157
3157
3157
3156
3155
3155
3155
3155
3155
3155
3154
3154
3154
3153
3153
3152
3151
3151
3151
3151
3151
3150
3150
3150
3150
3149
3147
3147
3147
3147
3147
3146
3146
3146
3146
3145
3145
3145
3145
3145
3144
3144
3144
3144
3143
3143
3142
3142
3142
3142
3141
3141
3141
3141
3141
3140
3139
3139
3138
3138
3138
3137
3137
3137
3137
3137
3137
3136
3136
3136
3136
3136
3136
3135
3135
3134
3134
3133
3133
3133
3133
3132
3131
3131
3131
3131
3131
3130
3130
3130
3129
3129
3129
3129
3129
3128
3127
3127
3126
3126
3126
3125
3125
3124
3124
3124
3124
3123
3123
3123
3123
3123
3122
3122
3122
3122
3121
3121
3121
3121
3120
3120
3120
3120
3120
3120
3120
3119
3119
3119
3119
3119
3118
3117
3117
3117
3117
3116
3116
3115
3115
3115
3113
3113
3113
3113
3113
3112
3112
3112
3111
3111
3110
3109
3109
3109
3109
3108
3108
3108
3108
3107
3107
3107
3107
3107
3106
3106
3106
3106
3106
3105
3105
3105
3105
3104
3104
3104
3103
3103
3103
3103
3102
3102
3101
3101
3101
3101
3101
3100
3100
3100
3100
3100
3099
3099
3099
3098
3098
3097
3097
3097
3097
3096
3096
3095
3094
3094
3094
3094
3094
3093
3093
3093
3092
3092
3092
3092
3092
3092
3092
3092
3091
3091
3090
3090
3090
3090
3090
3089
3089
3089
3089
3089
3089
3088
3088
3088
3088
3087
3087
3087
3087
3087
3094
3086
3086
3086
3086
3085
3084
3084
3083
3082
3082
3082
3082
3082
3081
3081
3081
3081
3081
3080
3080
3080
3080
3080
3079
3079
3079
3078
3078
3078
3078
3078
3078
3077
3077
3077
3076
3076
3076
3075
3075
3075
3074
3074
3074
3074
3073
3072
3072
3072
3072
3071
3071
3071
3070
3070
3069
3069
3069
3067
3066
3066
3066
3066
3065
3065
3065
3064
3064
3064
3064
3063
3063
3063
3062
3062
3061
3060
3060
3059
3059
3058
3058
3058
3058
3057
3057
3057
3055
3055
3055
3055
3054
3054
3053
3053
3052
3052
3051
3049
3049
3049
3048
3048
3048
3048
3048
3047
3047
3047
3047
3047
3046
3045
3045
3043
3042
3042
3042
3042
3042
3040
3012
3040
3040
3039
3039
3038
3038
3037
3037
3037
3036
3036
3036
3036
3036
3035
3035
3035
3035
3034
3034
3034
3034
3034
3034
3034
3033
3033
3033
3033
3032
3032
3032
3032
3032
3032
3032
3031
3031
3031
3031
3031
3031
3031
3031
3031
3031
3030
3030
3030
3029
3029
3029
3029
3029
3028
3028
3028
3028
3028
3027
3026
3025
3025
3025
3025
3025
3024
3024
3023
3022
3022
3021
3021
3021
3021
3021
3020
3019
3019
3018
3017
3017
3017
3017
3017
3017
3017
3016
3016
3015
3015
3014
3014
3014
3013
3012
3012
3012
3012
3012
3012
3011
3011
3011
3010
3010
3010
3009
3009
3009
3009
3008
3008
3008
3008
3007
3007
3007
3006
3006
3005
3005
3005
3004
3004
3004
3002
3002
3002
3002
3002
3001
3001
3001
3000
3000
3000
