295008
287740
245275
226769
221432
201325
193786
146446
144584
136660
131056
125187
113959
90909
79363
76965
76542
75061
74121
73376
72411
67750
67325
66886
65428
64982
64171
63271
59100
57048
55956
55512
54342
50251
49835
48854
48540
47431
45696
45075
42156
40636
40132
39801
39353
38974
38142
37118
36433
34740
34239
33519
31609
31402
31014
30660
30579
30331
29149
28809
28669
28520
28213
28137
26029
25982
25142
25094
24567
24548
24176
23523
23515
23055
22923
22577
22549
22318
22090
21905
21890
21866
21354
21099
20759
20570
20556
20488
20136
19949
19933
19916
19704
19215
19089
19001
18985
18213
18071
18054
17993
17972
17961
17779
17631
17512
17409
17403
17306
17242
17235
17215
17086
16874
16817
16762
16556
16532
16414
16282
16218
16120
16102
16001
15950
15907
15846
15760
15499
15463
15386
15380
15357
15336
15328
15253
15243
15187
15052
14951
14947
14943
14910
14867
14783
14759
14662
14479
14464
14428
14389
14288
14278
14234
14204
14163
14143
13975
13904
13839
13822
13817
13725
13717
13598
13585
13502
13444
13415
13142
13066
13016
13014
12987
12986
12951
12918
12884
12876
12837
12788
12718
12645
12617
12507
12578
12573
12423
12413
12376
12365
12341
12323
12298
12290
12117
12065
11957
11927
11890
11859
11810
11744
11723
11719
11688
11637
11617
11611
11604
11580
11579
11496
11487
11432
11404
11323
11291
11277
11252
11241
11219
11217
11207
11171
11135
11133
11124
11060
11016
11002
10975
10965
10965
10896
10863
10826
10788
10779
10750
10729
10726
10722
10711
10695
10676
10665
10604
10590
10501
10476
10397
10362
10332
10247
10221
10205
10199
10163
10142
10029
10014
9963
9918
9915
9902
9890
9878
9819
9724
9720
9708
9657
9638
9631
9629
9611
9584
9532
9514
9510
9489
9455
9431
9423
9360
9342
9331
9309
9262
9240
9214
9210
9198
9185
9173
9144
9142
9094
9082
9067
9058
9056
9049
9011
9000
8996
8994
8990
8958
8955
8953
8894
8882
8825
8816
8804
8771
8757
8755
8755
8752
8727
8708
8700
8695
8669
8633
8605
8532
8517
8501
8498
8487
8485
8477
8472
8462
8455
8451
8394
8380
8370
8363
8360
8353
8337
8328
8303
8287
8253
8233
8232
8216
8202
8187
8167
8165
8164
8142
8141
8131
8125
8117
8099
8089
8078
8076
8051
8037
8011
8010
8007
7986
7983
7946
7946
7925
7921
7919
7914
7903
7902
7872
7867
7859
7866
7832
7805
7764
7746
7733
7732
7721
7706
7678
7654
7652
7642
7637
7616
7603
7583
7565
7557
7468
7462
7461
7439
7431
7396
7387
7379
7378
7368
7354
7353
7336
7326
7312
7308
7294
7285
7280
7277
7275
7269
7258
7253
7238
7206
7189
7185
7176
7172
7164
7153
7142
7140
7136
7109
7103
7100
7097
7097
7093
7091
7085
7079
7078
7066
7060
7055
7054
7050
7026
7021
7008
7000
6956
6953
6939
6938
6898
6896
6895
6877
6868
6835
6834
6822
6810
6808
6806
6792
6770
6765
6735
6734
6720
6718
6715
6685
6677
6670
6668
6642
6621
6621
6612
6611
6605
6603
6585
6580
6575
6566
6559
6551
6551
6550
6539
6526
6520
6514
6509
6506
6500
6486
6473
6456
6442
6439
6422
6417
6414
6413
6406
6397
6390
6390
6381
6379
6368
6361
6354
6353
6347
6343
6334
6333
6331
6331
6311
6309
6304
6287
6286
6254
6254
6253
6252
6248
6247
6240
6237
6235
6223
6197
6195
6193
6193
6183
6181
6169
6164
6158
6155
6151
6150
6149
6146
6133
6131
6124
6123
6104
6088
6066
6050
6034
6031
6030
6030
6028
6027
6021
6021
6011
6009
6004
6004
5996
5989
5969
5942
5939
5936
5933
5931
5919
5918
5905
5901
5899
5898
5887
5881
5881
5873
5863
5860
5859
5858
5855
5851
5844
5844
5839
5837
5832
5829
5828
5826
5826
5801
5797
5792
5789
5781
5778
5770
5759
5758
5758
5756
5751
5731
5728
5728
5726
5725
5720
5705
5699
5684
5667
5646
5645
5638
5638
5619
5616
5613
5612
5592
5585
5582
5568
5566
5552
5550
5538
5528
5520
5519
5518
5511
5505
5493
5487
5485
5483
5483
5478
5477
5476
5472
5468
5458
5441
5438
5433
5421
5416
5398
5394
5394
5387
5383
5361
5359
5356
5352
5325
5324
5317
5307
5307
5306
5300
5291
5289
5288
5287
5283
5283
5266
5266
5265
5264
5249
5246
5240
5237
5231
5227
5223
5217
5213
5212
5202
5188
5173
5173
5165
5163
5162
5152
5146
5144
5143
5137
5126
5123
5116
5097
5092
5076
5075
5073
5066
5052
5050
5048
5047
5046
5030
5028
5023
5022
5017
5010
5008
5008
5008
5000
4990
4985
4983
4967
4966
4965
4964
4963
4956
4946
4942
4941
4935
4930
4929
4927
4917
4911
4905
4903
4899
4894
4891
4888
4888
4886
4880
4877
4865
4844
4836
4836
4835
4830
4827
4822
4818
4816
4815
4809
4802
4801
4800
4798
4794
4794
4792
4788
4788
4787
4786
4782
4776
4775
4772
4765
4765
4761
4753
4753
4746
4733
4727
4726
4723
4716
4708
4705
4702
4699
4689
4689
4688
4705
4674
4660
4657
4657
4657
4656
4653
4648
4645
4636
4635
4630
4625
4613
4603
4599
4591
4585
4582
4580
4569
4569
4568
4560
4550
4549
4544
4538
4537
4531
4531
4528
4524
4522
4522
4521
4515
4512
4511
4508
4507
4506
4502
4501
4497
4494
4492
4492
4492
4483
4480
4478
4471
4465
4464
4463
4463
4458
4456
4452
4448
4431
4431
4427
4427
4424
4424
4411
4407
4404
4397
4395
4395
4391
4384
4384
4383
4380
4380
4378
4373
4368
4368
4366
4363
4360
4356
4354
4354
4353
4349
4348
4347
4346
4345
4345
4345
4343
4341
4337
4332
4330
4326
4321
4296
4288
4288
4285
4280
4280
4269
4259
4257
4253
4251
4249
4237
4235
4230
4229
4226
4224
4223
4219
4216
4210
4209
4209
4206
4195
4189
4177
4176
4175
4174
4166
4163
4157
4153
4140
4139
4129
4119
4115
4111
4107
4104
4099
4097
4095
4091
4090
4086
4083
4080
4074
4065
4060
4059
4058
4058
4055
4048
4048
4045
4044
4043
4042
4042
4035
4031
4028
4025
4024
4021
4016
4016
4013
4011
4011
4009
4003
4002
4002
3995
3995
3992
3986
3980
3980
3975
3974
3967
3960
3960
3960
3959
3956
3955
3952
3948
3941
3935
3926
3924
3922
3922
3919
3917
3917
3916
3913
3905
3905
3901
3901
3895
3894
3890
3890
3888
3879
3879
3878
3877
3874
3872
3872
3865
3864
3863
3863
3862
3851
3849
3845
3844
3831
3819
3814
3812
3807
3804
3800
3793
3790
3789
3786
3784
3780
3774
3772
3770
3757
3756
3755
3754
3754
3746
3741
3741
3741
3738
3735
3731
3731
3728
3728
3728
3726
3726
3725
3725
3724
3723
3722
3720
3717
3717
3717
3715
3714
3713
3713
3712
3710
3706
3703
3701
3699
3698
3697
3693
3693
3688
3688
3687
3679
3678
3677
3677
3677
3675
3675
3673
3672
3669
3664
3663
3663
3663
3656
3656
3653
3650
3649
3647
3646
3645
3638
3638
3635
3634
3629
3625
3623
3622
3621
3626
3620
3619
3616
3616
3616
3616
3615
3614
3612
3610
3607
3605
3604
3602
3602
3600
3595
3594
3591
3590
3589
3589
3587
3585
3582
3579
3578
3578
3578
3574
3573
3571
3570
3568
3565
3564
3564
3557
3554
3554
3549
3548
3541
3541
3537
3534
3533
3533
3530
3530
3528
3527
3526
3525
3524
3524
3520
3518
3516
3514
3513
3513
3511
3511
3511
3501
3500
3500
3499
3499
3499
3497
3495
3488
3488
3479
3477
3474
3474
3471
3471
3468
3467
3465
3464
3460
3458
3457
3456
3452
3451
3450
3448
3448
3446
3442
3440
3435
3433
3432
3431
3430
3430
3427
3426
3426
3425
3425
3424
3423
3422
3419
3419
3418
3416
3416
3416
3411
3410
3408
3408
3403
3402
3401
3394
3393
3390
3390
3385
3381
3376
3370
3365
3365
3359
3359
3359
3358
3357
3355
3352
3351
3349
3346
3346
3345
3344
3343
3339
3338
3334
3333
3329
3328
3328
3326
3326
3325
3324
3323
3321
3320
3317
3315
3313
3311
3310
3309
3306
3306
3305
3304
3304
3303
3300
3299
3297
3295
3295
3294
3291
3288
3288
3286
3283
3279
3278
3274
3272
3269
3269
3269
3267
3267
3264
3264
3259
3259
3258
3256
3252
3250
3249
3247
3247
3247
3241
3238
3236
3236
3234
3234
3234
3232
3230
3228
3226
3224
3223
3219
3217
3217
3214
3211
3209
3208
3208
3208
3205
3205
3205
3204
3204
3203
3202
3201
3200
3198
3194
3194
3193
3192
3192
3190
3187
3185
3185
3185
3181
3180
3180
3178
3176
3173
3171
3171
3168
3166
3165
3164
3164
3159
3158
3158
3156
3154
3149
3144
3144
3136
3134
3134
3133
3132
3132
3130
3129
3129
3129
3128
3125
3121
3128
3113
3112
3111
3109
3109
3107
3106
3106
3105
3105
3105
3104
3103
3103
3102
3100
3100
3095
3094
3092
3091
3090
3088
3088
3086
3086
3083
3081
3079
3078
3078
3078
3077
3076
3074
3073
3071
3070
3069
3069
3068
3068
3067
3067
3064
3063
3063
3062
3061
3060
3060
3059
3059
3055
3055
3053
3050
3050
3045
3039
3037
3037
3036
3036
3031
3031
3031
3030
3028
3028
3024
3023
3020
3019
3015
3014
3013
3013
3013
3012
3009
3006
3005
3004
3002
3001
3000
