303063
296589
286070
285829
261177
260736
257708
252016
248037
240696
233474
204590
204369
197864
196359
195164
191766
189083
186036
183800
178138
172562
170490
161760
160780
159027
155792
152412
151680
150691
145317
143670
143581
140150
135267
133933
133214
131516
129180
125957
123671
123461
120776
118221
117977
116194
116040
115369
114786
114506
114026
113181
112186
111621
110709
109291
107646
107538
105570
105212
105185
104920
104526
104320
104036
103892
103883
103313
102525
101843
100232
98385
98348
97385
97280
96597
95244
94960
94850
93572
92956
90724
90137
90078
89816
89488
89458
89428
89189
87317
87295
87278
87103
86177
86104
85942
85824
85744
85275
85063
84588
84473
83654
82919
82226
82161
81514
81236
80722
80508
79496
78654
78648
78466
78231
77624
77445
77296
77024
76626
75704
75465
75189
74842
74462
73983
73606
73141
72584
72554
72536
71979
71911
71781
71534
71333
71239
70918
70155
69848
69434
68304
68035
67850
67762
67756
67329
67052
67022
66403
66374
65834
65824
65504
65203
64968
64858
64841
64818
64752
64536
64189
64041
63648
63390
63382
63051
62993
62943
62490
62344
62260
62236
62205
62073
61328
61143
60979
60960
60895
60843
60634
60435
60421
60266
60015
59784
59771
59730
59568
59551
59519
59456
59428
59113
58968
58743
58392
58213
58088
57004
56930
56643
56614
56578
56537
56486
56472
56367
56146
55919
55859
55721
55291
55246
55111
54982
54903
54777
54646
54564
54395
54074
53973
53933
53765
53646
53622
53519
53410
53390
53312
53134
52752
52593
52562
52459
52405
52383
52380
52305
51924
51773
51435
51367
51366
51243
51197
51071
51067
50907
50873
50839
50733
50568
50527
50410
50272
50172
50010
49973
49910
49849
49768
49672
49593
49399
49243
49185
49038
48957
48750
48733
48716
48710
48526
48475
48454
48119
48041
47899
47834
47289
47288
47238
47166
47121
47049
47036
46952
46897
46863
46813
46802
46739
46488
46404
46318
46244
46034
45978
45784
45597
45589
45495
45467
45389
45102
45086
45020
45017
44987
44986
44635
44611
44407
44396
44346
44342
44211
44103
44067
44024
43952
43885
43813
43710
43693
43638
43561
43540
43528
43511
43436
43257
43226
43146
43119
43013
43000
42894
42863
42850
42842
42770
42631
42508
42491
42471
42419
42418
42370
42280
42279
42186
42172
42070
42062
42023
41983
41936
41872
41820
41796
41756
41658
41619
41495
41447
41376
41313
41184
41121
41120
41068
41064
40987
40843
40802
40692
40655
40477
40351
40310
40305
40297
40259
40184
40180
40048
39838
39798
39773
39744
39619
39545
39409
39295
39290
39235
39201
39194
39193
39171
39019
39000
38916
38799
38736
38452
38407
38384
38359
38340
38338
38224
38177
38154
38034
37940
37895
37787
37587
37540
37489
37337
37316
37276
37215
37167
37132
37091
37057
36962
36950
36943
36827
36805
36692
36604
36541
36528
36493
36427
36425
36323
36295
36241
36236
36184
36050
36019
35976
35910
35895
35891
35876
35788
35787
35776
35698
35650
35638
35628
35529
35519
35498
35406
35333
35304
35203
35179
34668
34575
34562
34558
34530
34528
34518
34506
34476
34447
34402
34391
34383
34356
34354
34157
34156
33979
33961
33882
33862
33840
33776
33662
33566
33542
33452
33441
33408
33301
33217
33206
33017
32992
32972
32956
32950
32938
32854
32820
32814
32669
32591
32588
32583
32577
32561
32462
32428
32412
32403
32377
32334
32315
32313
32283
32215
32176
32164
32152
32123
32082
32070
32054
32037
31990
31954
31946
31906
31867
31805
31765
31752
31712
31631
31610
31514
31396
31392
31314
31253
31191
31177
31165
31134
31012
30952
30944
30916
30902
30897
30892
30884
30859
30843
30824
30796
30774
30717
30714
30694
30633
30627
30539
30512
30507
30506
30464
30461
30433
30244
30235
30196
30073
30012
29930
29917
29899
29891
29867
29862
29840
29826
29819
29749
29739
29727
29709
29667
29626
29620
29595
29415
29277
29244
29233
29151
29076
29057
29055
29043
29039
29012
28971
28953
28951
28930
28803
28787
28787
28758
28712
28681
28677
28628
28594
28591
28548
28530
28499
28468
28468
28422
28402
28390
28187
28180
28176
28140
28117
28100
28091
28068
28029
28016
27952
27941
27927
27922
27904
27881
27861
27852
27837
27794
27781
27704
27677
27661
27658
27644
27638
27621
27611
27581
27389
27364
27359
27357
27313
27293
27282
27246
27179
27108
27033
27044
27007
26994
26994
26906
26876
26834
26774
26767
26702
26701
26670
26661
26642
26628
26607
26484
26478
26461
26439
26431
26407
26388
26364
26358
26339
26309
26286
26284
26269
26255
26231
26206
26191
26169
26148
26147
26146
26134
26131
26110
26102
26029
26023
25969
25958
25893
25885
25875
25874
25862
25843
25833
25829
25761
25725
25721
25711
25681
25678
25665
25661
25650
25622
25576
25565
25546
25525
25521
25506
25505
25486
25486
25429
25416
25413
25228
25208
25196
25168
25159
25121
25119
25117
25084
25082
25065
25057
24968
24961
24927
24888
24882
24879
24877
24845
24833
24735
24735
24685
24669
24650
24639
24636
24623
24619
24599
24595
24563
24535
24530
24524
24524
24518
24511
24474
24447
24396
24386
24376
24364
24362
24336
24309
24296
24287
24266
24258
24258
24230
24213
24210
24203
24173
24153
24064
24047
24032
24023
24023
24012
24010
24005
23998
23988
23926
23904
23896
23887
23876
23861
23839
23802
23710
23685
23672
23665
23639
23589
23587
23553
23514
23476
23467
23433
23421
23418
23409
23392
23358
23349
23343
23326
23320
23249
23245
23234
23215
23204
23198
23126
23106
23099
23068
23008
22999
22999
22989
22979
22978
22960
22940
22933
22933
22924
22909
22860
22845
22843
22839
22807
22779
22749
22732
22664
22644
22625
22585
22511
22500
22481
22478
22460
22418
22410
22383
22378
22369
22334
22310
22304
22263
22253
22238
22236
22228
22226
22222
22216
22191
22178
22148
22147
22147
22130
22129
22122
22112
22109
22106
22087
22085
22059
22053
22052
22033
22024
22021
22016
22011
21968
21945
21932
21931
21922
21910
21849
21826
21826
21824
21760
21758
21754
21750
21745
21716
21701
21673
21673
21604
21595
21588
21572
21572
21527
21526
21497
21496
21491
21481
21447
21428
21428
21409
21388
21377
21365
21360
21360
21345
21323
21319
21310
21309
21298
21291
21268
21246
21240
21239
21237
21230
21228
21212
21200
21197
21196
21187
21158
21158
21145
21143
21138
21133
21092
21059
21035
21029
21011
21011
21007
20999
20994
20916
20914
20902
20874
20869
20864
20852
20849
20827
20815
20795
20746
20708
20680
20667
20636
20601
20597
20589
20588
20579
20566
20499
20492
20469
20456
20452
20452
20441
20435
20429
20403
20400
20396
20374
20370
20305
20300
20284
20252
20250
20250
20244
20238
20220
20200
20200
20191
20190
20176
20175
20159
20147
20143
20141
20129
20119
20087
20053
20042
20027
20019
20000
19991
19978
19970
19964
19943
19936
19921
19920
19906
19905
19896
19885
19880
19865
19834
19778
19767
19660
19649
19639
19629
19612
19604
19592
19591
19572
19550
19532
19527
19525
19500
19491
19491
19466
19452
19435
19430
19401
19391
19377
19374
19364
19353
19347
19333
19333
19332
19314
19297
19292
19259
19231
19227
19223
19201
19193
19183
19145
19129
19123
19111
19111
19078
19068
19068
19059
19029
19006
18986
18981
18939
18932
18931
18926
18923
18910
18903
18903
18900
18898
18888
18886
18882
18875
18833
18818
18808
18796
18774
18764
18757
18749
18743
18737
18727
18720
18715
18687
18686
18683
18677
18670
18658
18638
18624
18604
18602
18563
18563
18540
18526
18508
18501
18499
18464
18454
18450
18438
18429
18415
18414
18381
18375
18371
18370
18367
18362
18355
18346
18325
18319
18293
18293
18298
18287
18276
18274
18228
18217
18199
18185
18163
18141
18119
18092
18074
18072
18057
18046
18030
18014
18013
18010
18003
17993
17984
17966
17951
17941
17937
17909
17898
17879
17877
17867
17864
17860
17859
17853
17839
17834
17829
17804
17785
17763
17744
17743
17738
17738
17729
17665
17663
17604
17587
17587
17579
17563
17556
17534
17528
17527
17526
17525
17507
17491
17484
17477
17477
17471
17454
17447
17444
17442
17428
17411
17408
17406
17403
17352
17329
17328
17306
17302
17301
17263
17245
17218
17195
17191
17188
17185
17184
17171
17168
17149
17133
17117
17105
17095
17094
17069
17051
17041
17025
17021
17020
17016
17008
17007
17004
16988
16983
16978
16971
16969
16964
16963
16959
16940
16930
16892
16891
16870
16870
16860
16848
16837
16820
16814
16812
16756
16754
16750
16745
16732
16726
16715
16711
16707
16702
16697
16673
16648
16620
16610
16596
16543
16539
16530
16525
16521
16520
16498
16486
16485
16459
16456
16431
16427
16421
16387
16363
16361
16348
16336
16335
16331
16305
16296
16288
16272
16269
16244
16238
16229
16218
16213
16146
16144
16143
16140
16139
16131
16115
16109
16103
16096
16095
16094
16091
16084
16064
16050
16048
16039
16029
16025
16022
16009
15999
15995
15990
15963
15957
15957
15955
15924
15917
15909
15905
15897
15887
15886
15884
15879
15878
15878
15872
15868
15865
15864
15852
15840
15837
15834
15831
15829
15812
15806
15800
15792
15788
15785
15785
15784
15775
15761
15732
15719
15710
15666
15663
15652
15647
15634
15625
15610
15601
15598
15593
15590
15590
15580
15562
15559
15540
15535
15533
15528
15523
15515
15511
15497
15496
15490
15479
15470
15470
15469
15437
15427
15418
15416
15370
15363
15354
15312
15302
15246
15233
15229
15225
15214
15213
15211
15188
15185
15170
15169
15169
15168
15167
15163
15157
15145
15140
15136
15128
15124
15098
15095
15081
15066
15064
15053
15047
15043
15037
15021
15017
15003
14999
14999
14991
14987
14970
14968
14958
14942
14925
14924
14898
14895
14871
14866
14865
14862
14854
14852
14838
14825
14814
14813
14806
14805
14798
14780
14776
14768
14766
14765
14761
14744
14743
14738
14735
14732
14723
14716
14716
14714
14714
14709
14696
14689
14679
14678
14668
14666
14653
14642
14624
14620
14619
14611
14609
14595
14583
14578
14574
14570
14557
14540
14536
14533
14531
14522
14522
14505
14500
14497
14491
14493
14486
14482
14476
14471
14466
14455
14446
14421
14413
14392
14388
14388
14380
14380
14377
14367
14358
14353
14351
14337
14336
14324
14317
14296
14276
14263
14257
14257
14256
14252
14244
14244
14243
14239
14234
14234
14221
14219
14212
14210
14208
14195
14171
14170
14152
14142
14129
14107
14096
14092
14089
14086
14082
14073
14071
14057
14021
14016
14010
14003
13997
13990
13975
13963
13956
13942
13942
13936
13931
13931
13927
13925
13914
13905
13890
13880
13856
13856
13855
13843
13838
13830
13829
13823
13822
13819
13818
13814
13813
13812
13811
13810
13806
13801
13783
13782
13770
13743
13734
13729
13728
13727
13726
13722
13722
13713
13710
13700
13696
13684
13683
13680
13676
13675
13673
13668
13650
13648
13647
13647
13646
13630
13629
13612
13601
13599
13579
13572
13565
13554
13553
13547
13530
13524
13508
13493
13486
13470
13463
13444
13438
13426
13404
13386
13384
13373
13370
13363
13362
13361
13359
13343
13327
13324
13309
13299
13292
13285
13261
13261
13251
13248
13232
13230
13229
13228
13227
13220
13220
13218
13204
13200
13191
13188
13186
13167
13156
13140
13136
13133
13129
13126
13125
13117
13110
13101
13098
13095
13094
13090
13084
13081
13075
13073
13055
13052
13048
13041
13039
13035
13034
13017
13013
13011
13008
13004
12999
12994
12993
12991
12990
12982
12981
12981
12965
12965
12965
12948
12948
12946
12944
12942
12938
12935
12932
12929
12923
12916
12914
12910
12908
12895
12891
12877
12875
12873
12871
12855
12850
12848
12832
12826
12822
12816
12809
12807
12797
12792
12779
12779
12778
12768
12764
12759
12759
12751
12748
12731
12725
12724
12723
12719
12719
12718
12712
12707
12686
12684
12677
12667
12662
12658
12652
12641
12639
12638
12638
12623
12622
12616
12611
12608
12605
12590
12586
12585
12580
12569
12567
12564
12559
12557
12557
12541
12538
12538
12528
12525
12515
12513
12511
12501
12491
12484
12482
12481
12450
12439
12432
12432
12423
12419
12403
12402
12402
12398
12393
12389
12384
12370
12361
12360
12352
12351
12343
12343
12337
12334
12316
12308
12300
12296
12293
12287
12268
12261
12251
12246
12245
12204
12203
12199
12194
12191
12182
12174
12157
12155
12153
12153
12143
12142
12139
12116
12109
12107
12101
12099
12099
12091
12087
12080
12079
12074
12071
12069
12064
12062
12058
12053
12033
12033
12032
12031
12029
12022
12022
12017
12017
12010
12005
12003
12003
11990
11988
11981
11978
11973
11957
11953
11952
11951
11942
11934
11932
11923
11921
11909
11909
11908
11907
11906
11905
11904
11902
11885
11883
11879
11877
11892
11871
11861
11857
11854
11845
11824
11822
11822
11812
11812
11809
11803
11789
11786
11773
11772
11772
11762
11759
11756
11754
11754
11751
11740
11739
11736
11725
11723
11714
11708
11706
11700
11685
11679
11676
11664
11660
11657
11654
11654
11652
11648
11641
11637
11623
11615
11606
11593
11591
11590
11589
11585
11580
11580
11578
11575
11571
11559
11554
11553
11549
11546
11537
11525
11525
11522
11520
11519
11516
11512
11500
11496
11489
11484
11476
11465
11465
11462
11459
11458
11457
11444
11438
11434
11427
11425
11423
11421
11421
11416
11415
11410
11408
11406
11404
11403
11400
11394
11387
11385
11381
11378
11375
11374
11372
11369
11366
11362
11361
11361
11359
11356
11352
11352
11350
11348
11348
11338
11338
11331
11311
11308
11305
11303
11301
11293
11290
11288
11288
11287
11285
11278
11277
11276
11272
11271
11269
11269
11268
11266
11257
11252
11250
11249
11248
11246
11231
11230
11229
11225
11224
11222
11212
11212
11211
11187
11186
11180
11177
11173
11161
11156
11153
11131
11115
11110
11108
11107
11107
11103
11099
11099
11093
11093
11090
11088
11086
11084
11083
11083
11079
11076
11074
11073
11064
11055
11051
11046
11040
11036
11035
11034
11033
11032
11027
11027
11026
11005
11005
10999
10997
10991
10986
10966
10966
10961
10961
10958
10957
10947
10940
10932
10930
10927
10927
10922
10917
10911
10905
10905
10897
10896
10882
10878
10870
10867
10867
10867
10866
10866
10856
10856
10854
10849
10845
10843
10839
10837
10837
10825
10825
10819
10810
10807
10799
10797
10794
10791
10789
10787
10774
10774
10767
10764
10758
10758
10755
10755
10753
10751
10750
10742
10738
10729
10725
10725
10716
10712
10708
10707
10700
10697
10683
10673
10672
10672
10668
10656
10655
10651
10649
10645
10644
10629
10626
10625
10625
10624
10617
10613
10610
10609
10608
10608
10596
10591
10590
10590
10590
10587
10583
10583
10580
10575
10572
10567
10566
10566
10563
10557
10553
10552
10545
10545
10540
10538
10536
10530
10529
10529
10528
10525
10525
10524
10523
10516
10508
10503
10501
10500
10493
10481
10475
10471
10465
10463
10462
10451
10440
10440
10437
10437
10436
10434
10433
10426
10418
10416
10415
10413
10409
10403
10401
10400
10398
10394
10393
10391
10389
10389
10387
10387
10387
10379
10378
10378
10362
10359
10356
10354
10354
10351
10348
10346
10346
10342
10339
10332
10331
10329
10327
10326
10323
10320
10318
10316
10313
10300
10288
10288
10287
10286
10285
10279
10275
10268
10267
10266
10265
10261
10260
10258
10258
10257
10250
10248
10246
10240
10240
10232
10231
10227
10224
10221
10220
10216
10198
10190
10181
10178
10197
10175
10174
10169
10152
10149
10146
10144
10143
10142
10142
10141
10137
10136
10134
10125
10115
10112
10109
10104
10091
10088
10086
10086
10082
10079
10078
10075
10074
10064
10061
10060
10059
10057
10051
10046
10045
10044
10042
10041
10034
10020
10014
10013
10012
10011
10006
10001
10000
9999
9995
9994
9993
9993
9989
9987
9983
9977
9975
9974
9973
9971
9965
9960
9959
9958
9951
9948
9947
9946
9943
9940
9931
9929
9929
9926
9924
9913
9912
9900
9893
9891
9887
9884
9884
9878
9876
9872
9870
9862
9861
9854
9853
9849
9847
9843
9843
9840
9837
9836
9835
9833
9832
9829
9825
9814
9812
9810
9808
9801
9790
9783
9781
9776
9772
9766
9769
9762
9760
9758
9756
9753
9750
9749
9749
9747
9744
9742
9741
9740
9737
9725
9711
9709
9705
9703
9703
9695
9693
9691
9690
9682
9681
9680
9680
9679
9677
9676
9676
9675
9673
9669
9665
9663
9657
9654
9654
9654
9651
9651
9647
9644
9636
9628
9628
9624
9624
9624
9619
9619
9617
9617
9612
9610
9605
9594
9593
9590
9579
9578
9576
9575
9571
9570
9565
9564
9562
9556
9556
9555
9549
9548
9547
9543
9542
9541
9539
9536
9536
9535
9532
9531
9531
9531
9529
9526
9522
9521
9518
9512
9510
9504
9499
9499
9491
9488
9487
9486
9481
9479
9476
9475
9474
9472
9471
9470
9469
9468
9467
9464
9464
9458
9457
9456
9456
9454
9452
9452
9450
9445
9431
9427
9427
9425
9422
9420
9408
9406
9404
9402
9401
9400
9397
9394
9393
9391
9390
9385
9384
9383
9380
9377
9377
9375
9375
9370
9366
9365
9364
9363
9363
9363
9361
9360
9354
9348
9348
9346
9346
9341
9338
9333
9329
9325
9323
9314
9311
9309
9301
9294
9293
9293
9291
9288
9287
9286
9282
9281
9274
9273
9270
9269
9263
9263
9261
9258
9254
9250
9242
9242
9240
9238
9238
9237
9236
9235
9232
9229
9228
9226
9225
9224
9223
9223
9222
9219
9219
9217
9216
9215
9213
9212
9211
9209
9221
9205
9203
9203
9203
9202
9201
9197
9190
9186
9181
9181
9179
9172
9172
9172
9168
9167
9162
9160
9143
9140
9139
9139
9136
9130
9117
9117
9113
9113
9112
9110
9110
9108
9108
9106
9105
9104
9100
9098
9093
9085
9082
9077
9076
9065
9065
9064
9062
9061
9057
9057
9055
9047
9046
9044
9040
9036
9033
9028
9025
9023
9015
9013
9009
9007
9000
8999
8997
8994
8992
8991
8989
8987
8983
8982
8980
8974
8973
8969
8964
8961
8959
8959
8958
8958
8957
8953
8953
8953
8953
8952
8952
8950
8948
8948
8947
8945
8941
8938
8936
8932
8929
8929
8929
8927
8927
8926
8925
8924
8921
8921
8916
8916
8916
8915
8914
8912
8907
8904
8901
8891
8887
8886
8885
8885
8885
8884
8883
8882
8881
8879
8879
8875
8872
8871
8869
8867
8867
8866
8862
8858
8854
8850
8846
8844
8840
8839
8839
8838
8831
8825
8825
8819
8818
8815
8813
8812
8811
8810
8809
8809
8806
8804
8804
8801
8797
8795
8790
8787
8782
8778
8777
8772
8770
8769
8765
8764
8760
8757
8757
8756
8763
8751
8746
8738
8739
8735
8731
8730
8728
8726
8723
8720
8716
8716
8714
8714
8711
8710
8709
8705
8704
8701
8701
8700
8695
8689
8687
8686
8682
8680
8676
8674
8668
8667
8664
8662
8661
8661
8660
8659
8659
8658
8656
8656
8653
8650
8649
8647
8632
8631
8631
8625
8624
8623
8621
8619
8618
8610
8610
8606
8605
8603
8601
8592
8590
8587
8585
8585
8584
8584
8583
8583
8582
8582
8581
8580
8576
8574
8573
8573
8572
8569
8567
8567
8564
8561
8556
8556
8556
8555
8555
8554
8549
8546
8542
8542
8540
8537
8536
8523
8520
8520
8518
8517
8507
8498
8497
8496
8495
8490
8489
8487
8485
8485
8481
8479
8477
8474
8473
8469
8468
8465
8464
8460
8457
8456
8456
8453
8453
8426
8451
8445
8440
8438
8435
8426
8426
8424
8424
8423
8423
8423
8420
8418
8417
8409
8407
8405
8404
8402
8398
8395
8391
8385
8383
8383
8380
8380
8379
8374
8374
8371
8370
8367
8363
8362
8360
8357
8350
8348
8346
8344
8338
8334
8330
8330
8330
8328
8327
8324
8320
8318
8309
8306
8300
8296
8293
8288
8287
8285
8284
8284
8284
8283
8282
8280
8279
8274
8272
8268
8266
8264
8263
8262
8256
8247
8246
8242
8232
8231
8231
8231
8231
8231
8224
8224
8222
8221
8220
8220
8220
8213
8210
8209
8201
8198
8197
8196
8194
8193
8190
8189
8189
8187
8185
8185
8183
8183
8177
8175
8172
8171
8168
8168
8167
8163
8162
8160
8159
8157
8156
8151
8151
8147
8145
8145
8141
8131
8129
8127
8126
8126
8124
8123
8122
8119
8117
8113
8110
8109
8109
8101
8100
8098
8097
8091
8090
8088
8087
8087
8086
8084
8083
8078
8076
8076
8073
8070
8068
8067
8067
8062
8062
8056
8052
8052
8046
8045
8044
8043
8042
8042
8038
8038
8035
8032
8032
8031
8030
8024
8021
8017
8014
8013
8010
8009
8008
8007
8006
8004
8004
7997
7996
7994
7992
7989
7987
7986
7985
7978
7977
7974
7962
7955
7954
7954
7953
7952
7950
7950
7943
7942
7941
7938
7933
7933
7933
7928
7925
7924
7922
7920
7919
7917
7916
7916
7913
7912
7924
7909
7901
7901
7896
7895
7890
7878
7877
7871
7870
7846
7868
7867
7867
7866
7865
7864
7863
7861
7860
7860
7856
7856
7856
7855
7853
7853
7846
7839
7837
7837
7835
7835
7834
7834
7833
7828
7823
7823
7819
7815
7814
7812
7811
7809
7807
7806
7806
7802
7801
7798
7798
7797
7796
7796
7792
7792
7789
7789
7785
7783
7782
7778
7776
7776
7774
7772
7771
7770
7769
7768
7767
7766
7765
7765
7763
7763
7757
7754
7752
7750
7749
7748
7747
7747
7746
7744
7736
7730
7728
7725
7724
7723
7718
7716
7716
7715
7715
7712
7710
7709
7707
7704
7699
7699
7696
7693
7692
7692
7692
7691
7691
7691
7690
7688
7686
7685
7680
7677
7676
7672
7672
7672
7671
7667
7666
7665
7660
7656
7652
7650
7650
7650
7647
7647
7643
7643
7643
7642
7642
7637
7637
7635
7632
7627
7620
7616
7613
7613
7612
7607
7607
7607
7602
7602
7601
7599
7598
7598
7597
7596
7596
7594
7594
7593
7591
7589
7589
7587
7586
7585
7582
7582
7582
7580
7580
7578
7575
7575
7575
7572
7569
7567
7564
7564
7564
7563
7561
7556
7552
7552
7551
7551
7549
7547
7543
7543
7542
7537
7537
7536
7533
7531
7531
7529
7525
7524
7523
7522
7517
7514
7514
7514
7514
7510
7509
7508
7507
7506
7504
7503
7502
7501
7500
7497
7495
7491
7490
7489
7486
7484
7484
7483
7482
7481
7480
7474
7474
7472
7472
7471
7469
7467
7465
7465
7465
7462
7462
7462
7461
7458
7457
7457
7456
7456
7452
7451
7447
7447
7445
7444
7443
7442
7440
7440
7439
7438
7437
7437
7436
7435
7430
7427
7425
7425
7423
7422
7418
7418
7417
7417
7416
7413
7413
7412
7412
7409
7409
7405
7403
7401
7401
7400
7399
7398
7397
7393
7390
7390
7388
7388
7381
7381
7380
7380
7379
7377
7377
7374
7373
7371
7371
7367
7366
7365
7365
7362
7361
7361
7358
7356
7354
7354
7354
7354
7352
7351
7349
7349
7348
7346
7346
7345
7345
7343
7331
7326
7325
7325
7325
7325
7321
7321
7320
7317
7316
7316
7314
7313
7312
7310
7308
7307
7307
7306
7306
7305
7304
7303
7303
7299
7298
7298
7296
7296
7294
7294
7293
7292
7291
7290
7288
7286
7284
7282
7280
7275
7271
7270
7269
7267
7266
7266
7261
7260
7260
7257
7252
7248
7247
7247
7238
7230
7229
7228
7228
7228
7221
7219
7217
7216
7210
7209
7207
7204
7202
7201
7200
7199
7197
7192
7188
7188
7187
7186
7186
7185
7184
7183
7179
7177
7175
7173
7173
7171
7170
7168
7163
7162
7161
7160
7156
7156
7155
7154
7152
7152
7151
7149
7148
7147
7145
7145
7144
7140
7136
7134
7132
7131
7127
7127
7127
7127
7127
7124
7124
7118
7118
7113
7103
7099
7099
7097
7097
7096
7095
7095
7094
7092
7090
7090
7090
7086
7085
7084
7080
7077
7075
7072
7070
7065
7064
7063
7063
7062
7062
7061
7060
7059
7054
7054
7054
7052
7049
7046
7046
7046
7039
7031
7029
7029
7026
7026
7025
7025
7022
7015
7015
7015
7014
7014
7014
7012
7012
7012
7011
7010
7010
7007
6998
6997
6994
6992
6990
6990
6989
6986
6986
6982
6980
6978
6977
6976
6972
6968
6968
6967
6962
6960
6959
6957
6957
6956
6955
6955
6955
6954
6954
6954
6953
6951
6951
6951
6950
6948
6946
6946
6945
6944
6944
6944
6944
6944
6944
6943
6941
6941
6939
6937
6935
6933
6932
6931
6930
6930
6928
6926
6926
6925
6922
6921
6918
6913
6911
6909
6908
6906
6905
6901
6900
6899
6897
6896
6895
6894
6891
6885
6885
6884
6884
6875
6874
6872
6871
6871
6871
6870
6869
6868
6860
6858
6858
6857
6857
6857
6856
6854
6854
6853
6851
6845
6845
6843
6843
6842
6841
6841
6839
6838
6838
6832
6831
6830
6828
6828
6827
6824
6824
6823
6821
6816
6816
6814
6808
6806
6805
6803
6803
6802
6800
6799
6797
6791
6790
6790
6790
6787
6785
6784
6783
6783
6782
6782
6780
6780
6779
6779
6776
6775
6773
6771
6771
6766
6764
6763
6762
6762
6759
6759
6754
6754
6753
6751
6748
6742
6740
6739
6737
6737
6737
6733
6731
6729
6728
6728
6726
6726
6726
6725
6724
6721
6720
6719
6718
6718
6717
6717
6716
6716
6715
6714
6712
6711
6710
6707
6703
6703
6702
6700
6696
6694
6693
6691
6691
6688
6686
6682
6682
6680
6680
6679
6676
6675
6673
6673
6672
6671
6671
6669
6668
6667
6673
6664
6664
6663
6662
6659
6659
6657
6657
6657
6654
6653
6653
6652
6652
6651
6650
6646
6645
6644
6642
6644
6638
6636
6636
6632
6631
6631
6620
6620
6617
6616
6612
6612
6612
6611
6609
6609
6608
6608
6605
6605
6601
6597
6596
6595
6594
6591
6591
6587
6586
6586
6582
6579
6579
6578
6578
6576
6576
6575
6573
6572
6571
6570
6570
6577
6568
6567
6566
6565
6563
6563
6560
6560
6560
6558
6557
6556
6555
6555
6553
6553
6551
6549
6548
6548
6546
6544
6543
6538
6538
6537
6534
6532
6531
6530
6529
6523
6522
6521
6521
6520
6519
6516
6514
6512
6511
6510
6510
6510
6508
6506
6506
6504
6502
6500
6500
6499
6499
6496
6496
6495
6495
6491
6491
6489
6489
6487
6486
6486
6484
6481
6480
6480
6477
6476
6476
6474
6472
6472
6470
6470
6467
6466
6492
6464
6463
6463
6463
6463
6462
6462
6460
6457
6457
6451
6451
6450
6450
6446
6445
6442
6441
6441
6441
6438
6438
6438
6437
6436
6436
6434
6434
6431
6430
6429
6429
6428
6428
6426
6424
6420
6420
6418
6418
6415
6415
6415
6414
6408
6403
6401
6401
6398
6398
6396
6394
6394
6393
6391
6390
6390
6388
6387
6385
6384
6384
6383
6383
6378
6374
6371
6368
6368
6366
6366
6365
6364
6363
6362
6360
6359
6357
6355
6355
6355
6355
6353
6351
6351
6350
6342
6342
6339
6339
6336
6332
6330
6330
6330
6329
6328
6328
6328
6328
6325
6323
6322
6322
6322
6320
6317
6316
6313
6313
6313
6311
6311
6311
6309
6308
6306
6305
6304
6300
6300
6299
6298
6297
6296
6296
6295
6294
6293
6291
6290
6289
6288
6286
6283
6282
6282
6280
6279
6279
6279
6279
6279
6278
6277
6277
6275
6275
6274
6274
6273
6272
6271
6271
6271
6270
6266
6265
6264
6262
6261
6259
6258
6257
6255
6254
6253
6252
6251
6247
6247
6247
6245
6244
6243
6242
6241
6240
6239
6239
6238
6236
6236
6236
6233
6232
6232
6231
6231
6227
6227
6226
6225
6223
6221
6218
6218
6217
6215
6215
6213
6212
6211
6210
6210
6209
6209
6208
6208
6205
6204
6204
6203
6203
6202
6201
6198
6193
6192
6192
6191
6187
6186
6186
6185
6182
6181
6180
6176
6175
6174
6174
6174
6172
6171
6170
6168
6166
6166
6164
6164
6162
6162
6161
6160
6160
6159
6158
6158
6156
6155
6155
6154
6154
6153
6147
6146
6145
6142
6141
6139
6138
6135
6134
6133
6133
6133
6132
6132
6132
6130
6130
6128
6127
6126
6125
6124
6123
6123
6121
6121
6120
6120
6119
6119
6116
6111
6110
6107
6106
6105
6104
6104
6104
6102
6099
6099
6098
6095
6095
6095
6089
6089
6089
6088
6086
6083
6083
6083
6080
6079
6078
6078
6075
6075
6074
6074
6072
6069
6069
6068
6068
6068
6068
6064
6063
6062
6060
6058
6057
6055
6055
6054
6050
6049
6048
6048
6047
6046
6046
6045
6045
6044
6044
6040
6040
6038
6038
6033
6031
6031
6030
6030
6028
6027
6026
6022
6021
6021
6020
6019
6018
6017
6017
6016
6016
6016
6016
6014
6013
6011
6010
6009
6006
6002
6001
6000
5999
5998
5998
5995
5994
5993
5993
5993
5992
5992
5992
5992
5990
5989
5989
5988
5983
5982
5980
5978
5977
5977
5977
5976
5976
5976
5975
5976
5971
5971
5969
5969
5969
5966
5965
5964
5964
5964
5962
5960
5960
5958
5957
5955
5955
5954
5953
5951
5951
5950
5950
5950
5947
5946
5943
5942
5941
5941
5940
5939
5939
5938
5935
5935
5934
5932
5932
5932
5930
5928
5927
5927
5927
5926
5925
5924
5922
5922
5922
5921
5920
5917
5916
5916
5916
5916
5916
5916
5912
5912
5911
5911
5910
5909
5909
5908
5908
5908
5907
5907
5906
5903
5903
5903
5903
5903
5900
5897
5896
5894
5893
5892
5892
5891
5891
5890
5890
5889
5888
5887
5886
5883
5882
5882
5882
5882
5881
5881
5880
5880
5880
5879
5879
5883
5875
5874
5873
5872
5871
5871
5871
5864
5863
5863
5861
5861
5860
5859
5857
5857
5856
5855
5855
5854
5853
5853
5853
5851
5848
5848
5847
5846
5845
5844
5843
5842
5842
5842
5841
5839
5838
5836
5835
5833
5833
5831
5831
5830
5830
5828
5826
5824
5824
5824
5822
5822
5821
5818
5818
5818
5817
5817
5817
5816
5815
5814
5813
5813
5810
5809
5806
5805
5803
5802
5799
5799
5798
5798
5794
5792
5792
5792
5791
5791
5789
5787
5786
5785
5785
5784
5784
5784
5782
5781
5781
5781
5781
5780
5778
5776
5775
5774
5773
5766
5764
5764
5764
5764
5763
5763
5761
5761
5759
5757
5756
5756
5756
5756
5753
5752
5751
5750
5750
5750
5749
5749
5749
5748
5746
5745
5745
5745
5744
5741
5736
5734
5733
5732
5731
5730
5730
5728
5727
5726
5726
5725
5721
5719
5717
5716
5731
5716
5716
5715
5715
5715
5713
5711
5711
5710
5709
5706
5705
5705
5705
5703
5702
5702
5701
5700
5700
5699
5699
5699
5698
5698
5697
5697
5696
5695
5695
5694
5694
5693
5693
5692
5692
5692
5691
5690
5690
5689
5687
5687
5686
5685
5685
5684
5684
5680
5679
5679
5678
5678
5677
5677
5677
5675
5670
5670
5669
5668
5668
5667
5667
5666
5664
5663
5662
5662
5662
5661
5661
5661
5660
5660
5659
5659
5657
5657
5654
5652
5652
5652
5651
5649
5648
5646
5645
5644
5642
5642
5641
5641
5641
5640
5637
5636
5636
5636
5636
5635
5635
5634
5631
5630
5630
5630
5630
5629
5629
5626
5626
5625
5625
5624
5624
5622
5621
5621
5621
5621
5621
5620
5618
5617
5617
5617
5616
5616
5616
5616
5615
5609
5609
5607
5607
5607
5604
5604
5602
5602
5601
5600
5597
5597
5596
5596
5595
5595
5594
5593
5593
5592
5592
5592
5591
5588
5588
5587
5584
5582
5581
5581
5581
5576
5575
5574
5574
5574
5574
5570
5567
5567
5564
5564
5561
5560
5559
5558
5557
5557
5557
5556
5556
5555
5554
5554
5554
5552
5550
5550
5546
5546
5546
5545
5545
5544
5542
5541
5545
5541
5541
5540
5537
5537
5534
5551
5533
5532
5532
5531
5530
5529
5528
5527
5527
5527
5526
5526
5525
5524
5523
5521
5518
5516
5516
5515
5514
5514
5514
5513
5512
5511
5511
5510
5509
5508
5506
5505
5505
5504
5504
5503
5502
5501
5499
5499
5498
5498
5497
5499
5495
5494
5494
5494
5493
5493
5492
5489
5486
5485
5483
5481
5481
5480
5479
5478
5477
5476
5476
5475
5474
5472
5471
5471
5468
5468
5467
5466
5465
5465
5463
5458
5458
5458
5457
5455
5455
5454
5454
5453
5450
5449
5448
5447
5446
5446
5446
5446
5445
5445
5445
5444
5443
5442
5442
5441
5441
5440
5439
5437
5436
5436
5435
5433
5433
5432
5432
5431
5430
5430
5430
5429
5429
5428
5426
5425
5425
5424
5424
5423
5423
5421
5421
5421
5419
5419
5419
5418
5416
5412
5412
5412
5411
5410
5410
5410
5409
5408
5408
5407
5406
5405
5405
5404
5404
5403
5402
5401
5400
5400
5399
5399
5399
5399
5395
5394
5391
5388
5388
5388
5387
5387
5387
5385
5384
5384
5384
5382
5380
5380
5379
5378
5376
5375
5374
5373
5372
5370
5369
5368
5368
5368
5368
5367
5367
5367
5365
5364
5363
5363
5361
5360
5360
5359
5358
5357
5357
5355
5355
5354
5354
5353
5351
5350
5350
5349
5347
5347
5346
5343
5342
5342
5342
5341
5340
5339
5339
5338
5337
5336
5336
5335
5335
5334
5333
5333
5331
5330
5330
5330
5330
5329
5329
5329
5327
5326
5323
5323
5322
5322
5322
5320
5320
5319
5319
5319
5318
5318
5317
5316
5316
5315
5315
5314
5314
5314
5313
5312
5310
5309
5309
5308
5306
5306
5305
5304
5302
5301
5301
5301
5301
5300
5297
5296
5296
5295
5295
5293
5293
5292
5291
5291
5290
5289
5288
5288
5288
5287
5287
5287
5286
5286
5285
5284
5284
5283
5282
5281
5281
5281
5281
5280
5280
5279
5277
5276
5275
5274
5273
5272
5270
5268
5268
5267
5267
5266
5265
5264
5264
5264
5263
5262
5261
5260
5260
5259
5257
5255
5255
5254
5254
5254
5251
5249
5249
5248
5248
5248
5248
5247
5247
5247
5246
5245
5245
5244
5244
5242
5241
5240
5240
5239
5239
5239
5238
5238
5238
5237
5236
5236
5235
5235
5235
5234
5234
5234
5233
5233
5232
5231
5229
5229
5228
5228
5227
5226
5225
5224
5222
5221
5220
5219
5217
5217
5217
5216
5213
5212
5212
5211
5211
5209
5208
5208
5208
5208
5208
5193
5207
5207
5206
5204
5204
5203
5202
5200
5199
5198
5198
5197
5196
5195
5194
5193
5190
5190
5189
5189
5193
5187
5187
5186
5186
5185
5183
5183
5182
5182
5182
5182
5181
5180
5178
5177
5176
5175
5175
5174
5173
5172
5171
5171
5170
5168
5167
5166
5165
5163
5163
5163
5163
5162
5162
5162
5162
5161
5160
5159
5159
5157
5157
5156
5155
5155
5154
5154
5152
5152
5150
5149
5148
5147
5147
5146
5146
5144
5143
5142
5140
5139
5139
5138
5137
5136
5135
5135
5134
5134
5134
5133
5133
5132
5131
5130
5129
5128
5128
5127
5126
5124
5124
5123
5123
5123
5123
5122
5122
5121
5119
5119
5118
5113
5113
5113
5112
5111
5111
5110
5110
5109
5109
5107
5106
5105
5104
5104
5103
5102
5102
5101
5100
5098
5098
5098
5098
5098
5097
5096
5095
5095
5095
5094
5094
5093
5093
5093
5092
5090
5088
5088
5088
5086
5086
5085
5084
5084
5083
5083
5082
5080
5080
5077
5076
5075
5074
5072
5071
5070
5070
5070
5068
5066
5065
5065
5064
5063
5062
5062
5061
5061
5061
5061
5060
5059
5058
5056
5054
5054
5054
5054
5054
5054
5054
5053
5053
5050
5050
5050
5050
5049
5050
5049
5048
5047
5047
5046
5046
5045
5044
5044
5044
5043
5043
5039
5039
5038
5037
5037
5036
5036
5034
5033
5033
5032
5031
5030
5030
5029
5029
5028
5027
5027
5026
5025
5025
5024
5024
5024
5024
5022
5022
5021
5020
5019
5018
5016
5015
5013
5012
5012
5011
5010
5009
5008
5008
5008
5008
5007
5007
5005
5005
5005
5005
5004
5003
5003
5002
5001
5001
5001
5000
5000
5000
4999
4995
4994
4994
4993
4993
4992
4992
4990
4988
4988
4987
4987
4987
4986
4986
4985
4984
4989
4982
4982
4981
4980
4980
4980
4979
4979
4979
4977
4976
4975
4974
4974
4972
4972
4971
4970
4969
4974
4967
4967
4967
4967
4964
4963
4963
4960
4959
4959
4958
4958
4957
4957
4956
4955
4954
4952
4952
4951
4950
4950
4949
4949
4949
4948
4947
4945
4945
4945
4943
4943
4943
4942
4942
4941
4940
4939
4938
4937
4937
4936
4935
4933
4932
4931
4931
4930
4930
4930
4929
4929
4928
4927
4927
4925
4924
4924
4922
4921
4920
4919
4919
4918
4918
4918
4917
4916
4915
4915
4915
4915
4914
4914
4914
4914
4913
4912
4912
4912
4911
4911
4910
4910
4910
4908
4906
4906
4905
4903
4903
4902
4902
4902
4901
4900
4898
4898
4897
4896
4894
4891
4889
4888
4887
4887
4887
4887
4886
4886
4885
4884
4883
4883
4883
4882
4882
4881
4881
4881
4880
4880
4879
4879
4879
4879
4878
4878
4878
4875
4875
4873
4872
4871
4869
4867
4866
4865
4864
4864
4864
4863
4863
4862
4860
4860
4859
4859
4859
4858
4857
4857
4856
4855
4854
4853
4852
4850
4850
4849
4848
4848
4848
4847
4847
4847
4846
4846
4846
4845
4843
4843
4842
4842
4840
4846
4839
4839
4837
4836
4836
4835
4833
4832
4831
4831
4830
4830
4829
4829
4829
4829
4829
4828
4826
4825
4825
4824
4824
4824
4824
4823
4823
4822
4822
4821
4821
4819
4818
4814
4814
4814
4813
4813
4812
4811
4811
4810
4810
4809
4809
4809
4809
4808
4808
4808
4807
4807
4807
4807
4806
4805
4804
4804
4803
4802
4805
4802
4802
4802
4802
4802
4801
4801
4799
4799
4799
4798
4798
4797
4796
4795
4794
4794
4794
4793
4792
4792
4792
4791
4791
4790
4790
4789
4787
4786
4786
4786
4785
4785
4784
4782
4781
4781
4781
4779
4779
4778
4778
4777
4777
4776
4775
4775
4775
4774
4773
4772
4772
4772
4771
4768
4768
4766
4765
4765
4764
4764
4763
4762
4761
4761
4760
4760
4760
4759
4758
4758
4757
4757
4757
4757
4756
4756
4755
4754
4754
4753
4752
4750
4750
4750
4749
4749
4749
4749
4747
4747
4747
4747
4745
4744
4744
4743
4743
4742
4741
4739
4739
4738
4737
4736
4736
4736
4736
4735
4735
4735
4735
4733
4733
4733
4732
4731
4730
4729
4729
4729
4728
4728
4728
4727
4727
4727
4726
4726
4724
4722
4722
4722
4721
4721
4721
4721
4721
4720
4720
4718
4718
4718
4717
4717
4716
4716
4714
4714
4714
4713
4713
4713
4712
4712
4712
4712
4711
4710
4710
4707
4707
4706
4706
4706
4705
4705
4704
4704
4703
4703
4702
4701
4701
4701
4700
4699
4697
4697
4695
4695
4694
4693
4693
4693
4693
4692
4692
4691
4691
4690
4689
4689
4688
4688
4687
4687
4687
4687
4687
4687
4686
4686
4687
4684
4683
4682
4682
4682
4680
4680
4680
4680
4678
4678
4677
4677
4676
4676
4675
4675
4674
4674
4673
4673
4672
4672
4672
4672
4671
4671
4670
4670
4670
4670
4669
4669
4669
4668
4667
4667
4666
4665
4664
4663
4663
4663
4662
4662
4661
4660
4659
4659
4658
4658
4653
4653
4653
4650
4650
4648
4648
4647
4645
4644
4644
4643
4643
4643
4642
4642
4641
4640
4640
4640
4639
4638
4638
4636
4636
4635
4634
4634
4631
4630
4629
4629
4629
4629
4628
4628
4625
4625
4624
4624
4624
4623
4623
4622
4622
4621
4621
4620
4619
4618
4616
4614
4614
4613
4613
4612
4612
4611
4610
4610
4607
4607
4606
4605
4605
4604
4604
4602
4602
4602
4602
4602
4602
4602
4600
4599
4599
4598
4597
4595
4594
4594
4593
4591
4590
4589
4589
4589
4588
4586
4585
4585
4585
4584
4584
4584
4584
4582
4581
4581
4581
4580
4579
4578
4577
4577
4577
4577
4576
4575
4575
4573
4572
4571
4571
4569
4568
4568
4568
4567
4567
4567
4566
4566
4565
4564
4564
4564
4562
4562
4561
4561
4559
4558
4558
4558
4557
4556
4557
4554
4553
4553
4552
4551
4550
4550
4550
4550
4549
4549
4549
4549
4549
4549
4548
4547
4546
4546
4546
4545
4544
4544
4544
4543
4543
4542
4542
4542
4542
4541
4540
4540
4539
4538
4538
4537
4537
4537
4536
4536
4535
4535
4549
4534
4534
4534
4532
4532
4530
4530
4530
4528
4528
4527
4527
4526
4526
4526
4526
4524
4524
4523
4523
4523
4521
4521
4520
4518
4516
4516
4516
4516
4514
4514
4512
4512
4511
4511
4511
4511
4508
4508
4508
4507
4507
4507
4507
4505
4504
4503
4503
4503
4502
4502
4502
4501
4501
4500
4500
4500
4500
4500
4499
4498
4498
4498
4497
4496
4494
4493
4493
4492
4492
4491
4491
4489
4487
4486
4485
4484
4484
4483
4482
4482
4480
4484
4479
4479
4479
4479
4479
4478
4478
4478
4477
4476
4474
4474
4474
4473
4473
4471
4471
4470
4470
4469
4468
4468
4467
4467
4465
4464
4464
4464
4462
4461
4460
4460
4460
4459
4458
4457
4456
4455
4455
4455
4455
4455
4454
4453
4451
4451
4451
4451
4450
4450
4449
4448
4447
4446
4446
4445
4445
4445
4444
4444
4442
4441
4441
4440
4439
4439
4439
4438
4437
4437
4491
4436
4436
4435
4434
4434
4434
4434
4434
4433
4433
4433
4432
4432
4432
4431
4431
4430
4430
4430
4429
4429
4429
4429
4429
4427
4427
4427
4426
4425
4424
4424
4424
4424
4423
4423
4422
4422
4420
4420
4416
4416
4416
4415
4415
4415
4414
4414
4413
4412
4412
4411
4410
4409
4409
4409
4408
4408
4407
4406
4406
4405
4405
4405
4405
4403
4402
4402
4401
4401
4400
4399
4399
4399
4398
4398
4397
4396
4396
4396
4395
4395
4395
4395
4395
4393
4393
4393
4393
4393
4393
4392
4391
4391
4390
4390
4389
4389
4388
4388
4387
4387
4387
4385
4384
4384
4384
4383
4382
4382
4382
4381
4381
4381
4381
4378
4378
4374
4374
4374
4373
4373
4372
4372
4371
4371
4370
4369
4369
4367
4367
4363
4363
4363
4363
4361
4359
4359
4357
4356
4356
4356
4356
4356
4355
4355
4355
4354
4353
4353
4352
4352
4352
4351
4351
4351
4350
4349
4349
4348
4348
4348
4347
4347
4346
4346
4345
4344
4343
4343
4342
4342
4342
4341
4341
4340
4339
4339
4338
4337
4337
4337
4336
4335
4335
4334
4334
4333
4333
4332
4332
4330
4329
4329
4328
4328
4328
4327
4326
4325
4324
4324
4324
4323
4323
4323
4323
4323
4322
4322
4322
4322
4319
4319
4318
4316
4315
4314
4314
4313
4312
4312
4312
4312
4312
4311
4311
4311
4310
4309
4309
4309
4309
4306
4305
4305
4304
4303
4303
4301
4300
4300
4300
4300
4300
4300
4299
4298
4298
4298
4296
4296
4296
4295
4294
4294
4294
4294
4293
4293
4292
4291
4291
4290
4289
4289
4289
4287
4287
4286
4285
4285
4285
4284
4284
4283
4282
4280
4280
4280
4280
4279
4279
4278
4277
4277
4276
4276
4276
4275
4274
4274
4275
4273
4271
4271
4270
4269
4267
4266
4266
4265
4265
4264
4264
4263
4263
4262
4262
4261
4261
4260
4260
4258
4257
4257
4257
4257
4256
4256
4256
4256
4256
4255
4254
4254
4253
4253
4253
4252
4252
4251
4251
4250
4250
4250
4250
4249
4247
4246
4246
4245
4244
4242
4242
4242
4242
4241
4240
4240
4240
4239
4238
4237
4237
4236
4236
4235
4235
4235
4233
4233
4233
4233
4232
4231
4230
4230
4230
4229
4229
4229
4229
4228
4228
4226
4225
4225
4225
4223
4221
4220
4220
4220
4220
4219
4219
4219
4218
4218
4217
4217
4217
4217
4216
4216
4216
4214
4214
4213
4212
4212
4211
4211
4210
4210
4210
4210
4209
4208
4207
4207
4207
4205
4205
4204
4204
4203
4203
4203
4202
4202
4201
4201
4200
4204
4200
4200
4200
4199
4199
4198
4198
4198
4197
4196
4196
4195
4194
4194
4194
4194
4193
4193
4193
4192
4191
4189
4189
4189
4189
4189
4188
4187
4187
4187
4186
4185
4184
4183
4183
4182
4182
4180
4180
4179
4179
4179
4177
4177
4176
4176
4175
4173
4172
4171
4171
4171
4171
4170
4169
4169
4169
4169
4166
4166
4166
4165
4165
4165
4165
4163
4163
4163
4162
4162
4162
4162
4161
4160
4160
4160
4160
4160
4160
4160
4160
4159
4158
4157
4157
4156
4156
4156
4155
4155
4155
4153
4153
4152
4151
4151
4150
4150
4150
4149
4148
4148
4147
4147
4146
4146
4146
4146
4145
4144
4144
4146
4143
4142
4142
4141
4140
4140
4139
4139
4139
4139
4138
4138
4138
4138
4138
4138
4137
4137
4136
4136
4136
4135
4135
4134
4134
4134
4133
4133
4133
4133
4132
4131
4130
4130
4130
4129
4129
4129
4127
4127
4126
4125
4125
4125
4125
4124
4124
4124
4122
4122
4121
4121
4121
4121
4120
4120
4119
4119
4119
4118
4118
4117
4117
4117
4117
4117
4117
4116
4116
4115
4114
4114
4113
4113
4112
4112
4112
4112
4112
4111
4111
4111
4110
4109
4109
4109
4108
4108
4107
4107
4107
4107
4106
4103
4103
4103
4102
4102
4101
4101
4101
4101
4100
4100
4100
4100
4099
4098
4097
4097
4096
4096
4094
4094
4093
4093
4093
4093
4092
4092
4091
4091
4090
4090
4089
4089
4089
4088
4088
4088
4087
4086
4085
4085
4084
4083
4083
4083
4083
4082
4081
4080
4080
4080
4080
4079
4078
4077
4076
4075
4075
4075
4074
4074
4073
4073
4072
4072
4072
4072
4072
4072
4071
4071
4071
4071
4070
4069
4068
4067
4067
4066
4066
4066
4065
4065
4065
4064
4064
4063
4063
4062
4062
4061
4061
4061
4060
4060
4059
4059
4058
4058
4058
4057
4056
4056
4055
4055
4054
4054
4054
4054
4054
4054
4053
4052
4052
4052
4052
4051
4051
4051
4051
3940
4049
4049
4049
4047
4047
4047
4047
4046
4046
4046
4045
4044
4044
4044
4043
4042
4042
4041
4041
4040
4039
4039
4038
4038
4037
4037
4036
4035
4035
4033
4033
4033
4033
4032
4032
4032
4031
4031
4031
4031
4030
4030
4029
4029
4029
4028
4028
4028
4028
4026
4026
4026
4026
4025
4024
4024
4023
4021
4021
4021
4020
4020
4020
4020
4020
4020
4018
4018
4018
4018
4017
4016
4015
4014
4014
4013
4013
4012
4012
4011
4011
4011
4010
4008
4008
4007
4007
4007
4006
4006
4006
4006
4005
4004
4003
4002
4002
4002
4002
4001
3999
3999
3998
3998
3998
3997
3997
3997
3997
3996
3996
3996
3996
3995
3994
3994
3993
3993
3993
3992
3992
3992
3992
3991
3990
3988
3988
3988
3987
3986
3986
3986
3985
3985
3985
3984
3984
3983
3981
3980
3980
3980
3979
3979
3978
3978
3976
3976
3976
3975
3973
3973
3973
3973
3972
3972
3971
3971
3970
3970
3970
3969
3969
3969
3969
3968
3967
3967
3967
3967
3966
3966
3966
3965
3964
3963
3963
3962
3962
3961
3961
3961
3961
3961
3960
3960
3960
3960
3959
3958
3958
3958
3958
3958
3958
3957
3957
3957
3955
3955
3954
3954
3954
3953
3953
3953
3953
3952
3952
3951
3951
3951
3951
3950
3949
3949
3949
3948
3948
3946
3946
3946
3946
3943
3943
3943
3943
3943
3943
3942
3942
3940
3939
3939
3939
3938
3938
3938
3938
3936
3936
3936
3936
3935
3935
3935
3935
3934
3934
3934
3933
3933
3932
3931
3929
3928
3928
3928
3926
3925
3924
3924
3924
3923
3922
3922
3922
3922
3922
3922
3921
3921
3920
3920
3920
3920
3919
3918
3918
3918
3917
3916
3915
3915
3915
3914
3914
3913
3913
3912
3911
3911
3910
3910
3909
3877
3909
3908
3907
3907
3906
3906
3906
3906
3906
3905
3905
3904
3903
3903
3903
3902
3901
3901
3901
3899
3899
3898
3898
3897
3897
3897
3897
3897
3896
3896
3896
3896
3896
3896
3895
3895
3894
3894
3894
3893
3893
3892
3892
3891
3891
3891
3889
3889
3888
3888
3887
3886
3886
3885
3885
3885
3885
3884
3883
3883
3883
3883
3883
3882
3882
3882
3881
3881
3881
3881
3880
3879
3879
3879
3878
3878
3878
3878
3878
3878
3877
3875
3874
3873
3873
3873
3872
3872
3884
3869
3869
3868
3868
3867
3867
3867
3867
3866
3866
3866
3866
3866
3865
3865
3865
3864
3864
3864
3864
3863
3863
3863
3862
3861
3861
3861
3860
3859
3858
3858
3857
3857
3857
3856
3856
3856
3855
3855
3854
3789
3853
3853
3852
3851
3851
3851
3851
3850
3850
3850
3850
3850
3849
3847
3847
3847
3847
3847
3847
3846
3845
3845
3844
3844
3844
3843
3843
3842
3842
3842
3841
3841
3841
3841
3840
3840
3840
3840
3839
3839
3839
3838
3838
3838
3837
3836
3836
3836
3835
3835
3834
3834
3833
3833
3833
3833
3833
3831
3831
3831
3831
3831
3831
3830
3830
3829
3829
3828
3828
3828
3827
3825
3824
3824
3822
3822
3822
3822
3821
3821
3819
3818
3818
3817
3817
3816
3816
3816
3815
3815
3815
3815
3814
3813
3813
3813
3813
3812
3811
3810
3809
3809
3808
3808
3807
3807
3807
3807
3807
3806
3806
3805
3805
3805
3804
3804
3804
3803
3803
3802
3802
3802
3801
3800
3800
3800
3799
3799
3799
3798
3798
3797
3797
3796
3796
3796
3796
3795
3795
3795
3795
3794
3793
3793
3793
3792
3792
3792
3792
3792
3792
3791
3791
3791
3790
3790
3790
3789
3789
3789
3788
3788
3788
3787
3787
3786
3786
3786
3785
3785
3784
3784
3784
3784
3783
3782
3782
3781
3781
3781
3781
3781
3781
3780
3780
3779
3779
3779
3779
3778
3778
3778
3778
3778
3777
3777
3776
3776
3776
3775
3775
3775
3774
3773
3773
3772
3772
3772
3772
3772
3771
3770
3770
3770
3770
3767
3767
3766
3766
3766
3764
3764
3762
3762
3761
3760
3760
3760
3760
3760
3760
3760
3759
3758
3757
3757
3756
3756
3755
3755
3754
3754
3754
3754
3753
3753
3753
3752
3752
3751
3750
3750
3749
3749
3748
3748
3747
3747
3747
3747
3746
3746
3745
3745
3744
3744
3743
3742
3742
3742
3741
3741
3741
3741
3741
3740
3740
3740
3740
3740
3739
3739
3739
3739
3738
3738
3737
3736
3736
3736
3735
3735
3735
3734
3734
3734
3734
3734
3734
3734
3733
3732
3732
3731
3730
3729
3729
3729
3728
3727
3727
3726
3726
3725
3725
3725
3725
3724
3724
3724
3722
3722
3721
3721
3720
3719
3719
3718
3718
3718
3717
3717
3717
3716
3716
3716
3715
3715
3715
3715
3715
3714
3714
3714
3714
3714
3712
3712
3711
3711
3711
3711
3711
3710
3710
3710
3710
3709
3709
3709
3708
3707
3707
3707
3707
3707
3707
3706
3706
3705
3704
3704
3704
3703
3703
3701
3701
3701
3701
3701
3700
3699
3698
3698
3698
3697
3697
3697
3697
3697
3695
3695
3694
3694
3694
3694
3690
3690
3690
3690
3689
3689
3688
3687
3687
3686
3686
3686
3685
3685
3685
3685
3685
3684
3684
3684
3684
3684
3681
3681
3681
3681
3681
3681
3680
3680
3680
3679
3679
3678
3678
3675
3675
3675
3675
3675
3674
3674
3673
3673
3672
3672
3672
3671
3671
3671
3671
3670
3670
3670
3669
3669
3668
3668
3668
3668
3668
3667
3667
3667
3666
3666
3666
3665
3665
3665
3664
3664
3663
3662
3662
3662
3662
3662
3661
3661
3661
3661
3660
3660
3660
3659
3663
3659
3659
3658
3658
3657
3657
3657
3656
3656
3656
3656
3656
3656
3655
3655
3655
3654
3654
3653
3653
3653
3653
3652
3651
3651
3650
3650
3649
3649
3648
3648
3648
3647
3646
3646
3645
3644
3644
3644
3642
3642
3642
3641
3640
3639
3639
3638
3637
3637
3636
3636
3636
3636
3636
3635
3635
3635
3634
3634
3633
3632
3641
3630
3630
3629
3629
3629
3629
3629
3629
3628
3627
3627
3627
3627
3627
3627
3626
3626
3626
3625
3624
3624
3624
3624
3624
3624
3623
3623
3623
3623
3622
3622
3621
3621
3621
3621
3621
3621
3620
3620
3620
3619
3619
3618
3617
3617
3616
3616
3615
3615
3614
3614
3614
3614
3612
3612
3611
3610
3610
3609
3609
3609
3609
3608
3608
3608
3607
3606
3606
3606
3605
3605
3605
3605
3604
3604
3604
3604
3604
3604
3603
3602
3602
3602
3601
3601
3601
3601
3601
3599
3599
3599
3598
3598
3598
3597
3597
3597
3597
3596
3595
3594
3594
3594
3594
3593
3593
3592
3591
3591
3591
3590
3590
3589
3589
3588
3588
3588
3588
3587
3587
3587
3587
3586
3586
3586
3586
3585
3585
3585
3585
3585
3584
3583
3583
3583
3582
3582
3582
3581
3580
3580
3580
3580
3580
3579
3579
3579
3579
3578
3578
3577
3577
3577
3576
3576
3575
3575
3574
3573
3573
3573
3573
3573
3573
3573
3572
3572
3572
3571
3571
3570
3570
3569
3569
3568
3568
3568
3568
3568
3567
3567
3566
3566
3565
3565
3565
3565
3564
3564
3562
3562
3562
3562
3561
3561
3561
3560
3560
3560
3560
3560
3560
3560
3559
3559
3559
3559
3559
3559
3558
3558
3557
3557
3557
3557
3556
3556
3555
3555
3555
3554
3554
3554
3554
3553
3553
3553
3553
3552
3552
3552
3551
3551
3551
3551
3549
3548
3548
3547
3545
3545
3545
3544
3544
3543
3542
3541
3541
3540
3540
3540
3539
3539
3537
3537
3537
3536
3536
3536
3536
3535
3535
3535
3534
3534
3534
3534
3534
3533
3533
3533
3533
3533
3532
3532
3532
3531
3531
3531
3531
3530
3529
3529
3528
3526
3526
3526
3526
3526
3525
3525
3525
3581
3525
3524
3524
3523
3523
3522
3522
3522
3522
3522
3521
3521
3521
3521
3521
3520
3519
3518
3517
3517
3516
3516
3516
3516
3516
3515
3515
3514
3514
3514
3514
3513
3512
3512
3512
3512
3512
3512
3512
3511
3511
3511
3511
3511
3511
3511
3510
3510
3510
3510
3510
3509
3509
3509
3509
3508
3508
3508
3508
3508
3508
3507
3506
3506
3506
3506
3505
3505
3504
3504
3504
3504
3503
3503
3503
3502
3502
3501
3501
3501
3501
3501
3501
3500
3500
3500
3500
3498
3498
3497
3497
3497
3497
3497
3497
3496
3496
3496
3495
3495
3495
3495
3494
3494
3494
3494
3494
3493
3493
3495
3492
3491
3491
3491
3491
3491
3491
3490
3490
3490
3490
3490
3489
3489
3489
3489
3488
3488
3487
3487
3486
3486
3485
3676
3484
3484
3484
3483
3483
3483
3483
3483
3483
3483
3482
3482
3482
3480
3480
3480
3480
3480
3479
3479
3478
3478
3477
3477
3477
3477
3476
3476
3476
3476
3475
3474
3474
3474
3474
3474
3474
3473
3473
3473
3472
3472
3471
3471
3470
3470
3470
3470
3470
3469
3469
3469
3469
3468
3468
3468
3468
3467
3467
3466
3466
3466
3466
3466
3465
3465
3465
3465
3464
3464
3464
3463
3463
3463
3462
3462
3462
3462
3462
3461
3461
3461
3460
3460
3460
3460
3460
3459
3459
3459
3459
3459
3459
3458
3458
3458
3458
3457
3457
3457
3457
3456
3456
3455
3455
3454
3453
3453
3452
3452
3452
3452
3451
3451
3450
3450
3449
3449
3448
3447
3447
3446
3446
3444
3444
3444
3444
3443
3443
3442
3442
3442
3441
3441
3441
3440
3440
3439
3438
3438
3437
3437
3437
3437
3436
3436
3435
3434
3434
3434
3434
3434
3433
3433
3433
3432
3431
3431
3431
3430
3430
3430
3429
3428
3428
3428
3428
3428
3428
3428
3427
3427
3427
3427
3427
3427
3427
3427
3427
3426
3426
3426
3426
3425
3424
3424
3424
3424
3424
3424
3423
3423
3423
3422
3422
3422
3421
3421
3421
3421
3421
3421
3420
3420
3420
3419
3419
3418
3417
3417
3416
3416
3416
3415
3415
3415
3415
3414
3414
3413
3413
3413
3414
3413
3412
3412
3412
3412
3412
3412
3412
3411
3411
3410
3410
3409
3409
3409
3409
3409
3408
3408
3407
3407
3407
3406
3405
3405
3405
3405
3404
3404
3403
3403
3403
3402
3402
3402
3402
3400
3404
3400
3400
3400
3400
3399
3399
3399
3398
3398
3398
3398
3398
3398
3398
3397
3397
3397
3397
3397
3397
3397
3396
3396
3396
3395
3395
3395
3394
3394
3394
3393
3392
3392
3392
3392
3392
3391
3391
3391
3389
3389
3388
3388
3387
3387
3387
3387
3387
3386
3386
3386
3385
3385
3384
3383
3383
3383
3382
3381
3382
3381
3381
3381
3381
3380
3380
3379
3378
3378
3378
3377
3377
3377
3377
3376
3376
3376
3375
3374
3374
3374
3374
3373
3373
3373
3373
3372
3372
3372
3372
3372
3371
3370
3370
3370
3370
3370
3369
3369
3369
3369
3369
3368
3367
3367
3367
3366
3366
3366
3366
3366
3365
3365
3365
3365
3364
3363
3363
3362
3362
3362
3361
3360
3360
3360
3360
3360
3360
3360
3359
3358
3358
3358
3358
3358
3358
3357
3357
3357
3357
3356
3355
3355
3355
3355
3355
3355
3354
3354
3354
3353
3352
3352
3352
3351
3350
3350
3348
3348
3347
3347
3346
3346
3345
3345
3345
3345
3345
3345
3343
3342
3343
3342
3342
3341
3341
3341
3341
3341
3340
3340
3340
3339
3339
3338
3338
3338
3338
3337
3337
3337
3337
3336
3336
3336
3335
3335
3334
3334
3334
3333
3333
3333
3332
3332
3332
3331
3331
3331
3330
3330
3329
3329
3329
3329
3329
3328
3328
3328
3328
3327
3327
3326
3326
3326
3325
3324
3324
3324
3324
3323
3323
3323
3323
3322
3322
3322
3321
3321
3321
3321
3321
3320
3320
3319
3319
3319
3318
3318
3317
3317
3316
3316
3316
3316
3315
3315
3315
3315
3314
3314
3314
3314
3313
3313
3312
3312
3311
3311
3311
3310
3310
3310
3310
3310
3310
3309
3309
3309
3309
3309
3308
3308
3308
3308
3308
3307
3307
3306
3306
3306
3305
3305
3305
3305
3304
3304
3304
3304
3304
3304
3304
3303
3303
3303
3303
3302
3302
3302
3302
3302
3302
3302
3302
3302
3302
3302
3301
3301
3301
3300
3300
3300
3300
3299
3299
3299
3298
3298
3298
3298
3297
3297
3297
3297
3297
3296
3296
3296
3295
3295
3295
3295
3295
3294
3294
3293
3293
3293
3293
3293
3293
3292
3305
3291
3290
3290
3290
3289
3289
3289
3289
3288
3288
3288
3288
3287
3286
3285
3285
3285
3285
3285
3285
3284
3284
3284
3283
3283
3283
3283
3283
3283
3282
3282
3282
3282
3281
3281
3281
3281
3281
3280
3280
3280
3280
3280
3279
3279
3279
3277
3277
3277
3277
3276
3276
3275
3275
3275
3275
3275
3275
3275
3275
3275
3274
3274
3272
3272
3272
3272
3272
3272
3271
3271
3271
3271
3271
3269
3269
3268
3268
3268
3267
3267
3266
3266
3266
3265
3265
3265
3264
3263
3263
3263
3262
3262
3262
3262
3262
3262
3261
3261
3261
3261
3261
3260
3260
3260
3260
3260
3259
3259
3259
3259
3259
3258
3258
3258
3257
3257
3257
3257
3256
3256
3256
3256
3256
3256
3256
3255
3255
3255
3255
3255
3255
3254
3254
3254
3253
3253
3253
3253
3252
3252
3252
3251
3251
3250
3250
3250
3249
3249
3249
3249
3248
3248
3247
3246
3246
3246
3245
3245
3245
3245
3244
3244
3243
3242
3242
3242
3242
3242
3241
3241
3240
3240
3240
3240
3239
3239
3239
3239
3239
3239
3238
3238
3237
3237
3237
3237
3237
3236
3236
3236
3235
3235
3235
3234
3234
3234
3234
3233
3233
3233
3233
3232
3232
3232
3232
3232
3232
3231
3231
3230
3230
3230
3230
3230
3230
3229
3229
3228
3228
3228
3228
3228
3228
3228
3227
3227
3226
3225
3225
3225
3225
3225
3224
3224
3223
3223
3223
3222
3222
3222
3228
3221
3221
3220
3220
3220
3219
3219
3219
3218
3218
3218
3218
3218
3218
3217
3217
3217
3216
3216
3216
3216
3215
3215
3215
3215
3213
3213
3212
3212
3212
3212
3212
3212
3211
3211
3211
3210
3210
3210
3209
3209
3209
3208
3208
3208
3208
3208
3208
3208
3207
3207
3207
3206
3206
3205
3205
3204
3204
3204
3204
3204
3204
3203
3203
3203
3203
3203
3202
3201
3200
3200
3200
3200
3200
3198
3198
3198
3198
3198
3197
3197
3197
3197
3196
3196
3196
3196
3196
3196
3195
3195
3195
3194
3194
3194
3193
3193
3193
3193
3192
3192
3192
3192
3191
3191
3191
3191
3190
3190
3190
3189
3189
3189
3189
3189
3188
3188
3188
3187
3187
3187
3186
3185
3185
3185
3185
3185
3185
3185
3184
3183
3183
3183
3182
3182
3181
3180
3180
3179
3179
3178
3178
3178
3178
3177
3177
3177
3177
3177
3177
3176
3176
3176
3175
3175
3175
3174
3174
3174
3174
3173
3173
3172
3172
3172
3172
3171
3171
3171
3171
3170
3170
3170
3170
3170
3170
3170
3170
3169
3169
3169
3168
3168
3168
3168
3167
3167
3167
3167
3166
3166
3166
3166
3197
3165
3165
3165
3165
3164
3164
3164
3163
3162
3162
3162
3162
3162
3162
3161
3161
3161
3161
3161
3161
3160
3160
3160
3159
3159
3159
3159
3159
3159
3159
3159
3159
3158
3158
3158
3158
3157
3157
3157
3156
3156
3155
3154
3153
3152
3152
3152
3151
3151
3151
3150
3150
3150
3149
3149
3149
3148
3148
3148
3147
3147
3147
3146
3146
3145
3145
3145
3145
3144
3144
3144
3144
3144
3144
3144
3144
3144
3144
3143
3142
3141
3141
3141
3141
3141
3140
3140
3140
3140
3139
3139
3139
3139
3139
3138
3138
3138
3137
3137
3137
3136
3136
3135
3135
3135
3133
3133
3133
3132
3132
3131
3131
3131
3130
3130
3130
3130
3129
3128
3128
3127
3126
3126
3126
3126
3126
3126
3126
3126
3126
3125
3125
3125
3125
3125
3125
3125
3124
3124
3124
3124
3124
3123
3122
3121
3121
3121
3120
3120
3120
3120
3120
3120
3119
3118
3118
3118
3117
3117
3117
3120
3116
3116
3115
3115
3114
3113
3113
3112
3112
3111
3111
3111
3111
3110
3110
3110
3109
3109
3109
3109
3109
3109
3109
3109
3108
3108
3108
3108
3108
3108
3107
3107
3107
3107
3107
3107
3106
3106
3105
3105
3105
3104
3104
3104
3104
3104
3103
3103
3102
3102
3102
3101
3101
3101
3100
3100
3100
3100
3103
3099
3099
3099
3099
3099
3099
3099
3099
3098
3098
3098
3098
3098
3097
3097
3096
3096
3095
3095
3095
3094
3097
3094
3093
3092
3091
3091
3091
3091
3091
3090
3090
3089
3089
3089
3089
3088
3088
3088
3088
3088
3087
3087
3087
3086
3086
3086
3086
3086
3085
3084
3083
3083
3083
3083
3082
3081
3081
3081
3081
3081
3080
3079
3079
3079
3079
3079
3078
3078
3078
3078
3078
3078
3077
3077
3077
3077
3077
3077
3077
3076
3076
3076
3076
3075
3075
3075
3074
3074
3073
3073
3073
3073
3072
3072
3072
3071
3071
3071
3070
3070
3070
3070
3069
3069
3069
3069
3069
3068
3067
3067
3066
3066
3066
3066
3065
3065
3064
3064
3064
3064
3064
3063
3063
3063
3063
3063
3063
3063
3062
3062
3061
3061
3061
3061
3061
3061
3060
3060
3060
3059
3059
3059
3059
3059
3059
3058
3058
3058
3057
3057
3057
3057
3056
3055
3055
3054
3054
3054
3054
3053
3053
3053
3052
3052
3052
3052
3052
3051
3051
3051
3051
3051
3051
3051
3050
3050
3050
3050
3050
3050
3050
3049
3048
3048
3047
3047
3047
3047
3047
3047
3046
3046
3046
3046
3046
3045
3045
3045
3045
3044
3044
3043
3043
3043
3043
3042
3042
3041
3041
3041
3041
3040
3040
3039
3038
3037
3037
3037
3036
3036
3036
3036
3036
3036
3036
3035
3035
3034
3034
3034
3034
3034
3034
3033
3033
3032
3031
3031
3031
3031
3031
3031
3029
3029
3028
3028
3028
3028
3028
3028
3028
3027
3027
3026
3026
3026
3025
3025
3024
3024
3024
3024
3023
3023
3023
3022
3022
3022
3022
3022
3021
3021
3021
3021
3021
3021
3020
3020
3020
3020
3020
3020
3020
3020
3020
3019
3019
3018
3018
3017
3017
3017
3017
3017
3017
3016
3016
3016
3015
3015
3014
3014
3014
3014
3014
3014
3014
3013
3013
3013
3012
3011
3011
3011
3011
3010
3010
3010
3010
3009
3008
3008
3008
3008
3008
3007
3007
3006
3006
3006
3006
3007
3006
3006
3005
3005
3005
3005
3004
3004
3003
3003
3002
3002
3002
3002
3001
3000
3000
