492621
302893
300540
258424
230306
217007
211608
197421
195551
194372
191536
187761
179561
173692
168880
166873
161958
159693
157037
140357
132821
114418
113751
105537
103505
102601
98225
95231
94136
93780
92768
89203
86652
85032
84736
83074
82541
79965
78843
78555
78057
77805
76815
74720
74442
73411
70179
69676
69125
68419
66741
64034
63664
63389
62101
61568
60939
60809
60309
60013
59962
59857
59840
59690
59184
59144
58973
57940
57590
57552
57538
57309
56012
55837
55638
55363
54935
54621
54463
54324
53989
53932
52760
52800
52488
52463
52392
51723
50972
50587
50050
49339
48550
48342
48256
47667
47247
46980
46379
46286
46182
45853
45562
45541
45338
45196
45140
44877
44482
44341
44044
44008
43960
43929
43828
43375
42994
42942
42619
42517
42329
42153
42024
41545
41122
41005
40984
40824
40596
40595
40521
40350
40195
40105
39956
39911
39859
39710
39545
39513
39434
39217
39181
39128
38695
38676
38601
38595
38495
38097
37949
37941
37829
37828
37777
37546
37515
37399
37299
37247
37071
36897
36838
36805
36714
36491
36482
36419
36115
36006
35497
35229
35144
35124
34846
34521
34236
34220
34104
33959
33941
33843
33625
33418
33348
33304
33265
33210
32917
32794
32712
32712
32606
32528
32523
32506
32415
32395
32376
32372
32265
32239
32180
32133
32090
32062
32049
31892
31859
31832
31823
31796
31789
31728
31679
31661
31607
31597
31593
31565
31556
31502
31473
31469
31163
31143
31039
30993
30958
30792
30624
30570
30511
30485
30485
30454
30451
30439
30381
30380
30352
30324
30294
30261
30257
30184
30139
30109
30058
29982
29922
29851
29823
29791
29768
29614
29554
29554
29522
29464
29278
29155
29115
29109
29100
29080
29077
28845
28841
28817
28740
28714
28692
28671
28616
28594
28514
28505
28421
28404
28307
28307
28258
28219
28158
28076
28067
28053
27959
27959
27957
27895
27857
27845
27726
27618
27501
27495
27476
27411
27232
27206
27171
27161
27151
27140
27138
27137
27102
27067
27021
27020
26993
26919
26894
26832
26727
26715
26715
26707
26692
26650
26542
26540
26455
26347
26249
26242
26235
26233
26166
25860
25860
25848
25752
25687
25554
25517
25503
25429
25406
25369
25325
25295
25290
25262
25258
25228
25195
25191
25093
25054
25045
24935
24930
24900
24870
24860
24846
24845
24798
24795
24733
24718
24712
24698
24597
24495
24476
24459
24397
24355
24268
24265
24188
24170
24123
24014
24005
23946
23940
23919
23915
23902
23881
23863
23828
23804
23651
23600
23574
23550
23530
23469
23453
23436
23394
23359
23303
23284
23257
23243
23201
23193
23192
23181
23174
23122
23063
23045
23006
22931
22823
22812
22809
22806
22806
22782
22707
22701
22681
22646
22643
22629
22605
22595
22574
22572
22569
22560
22555
22541
22525
22450
22407
22394
22388
22361
22331
22301
22288
22237
22203
22157
22134
22127
22094
22085
22050
22040
22034
21990
21963
21895
21893
21854
21854
21780
21774
21744
21729
21714
21660
21594
21584
21546
21516
21511
21470
21374
21374
21345
21220
21213
21192
21181
21158
21154
21128
21126
21101
21010
20969
20961
20951
20944
20919
20916
20906
20879
20856
20842
20818
20818
20768
20755
20750
20720
20704
20698
20666
20654
20611
20589
20529
20536
20467
20442
20433
20415
20405
20400
20324
20312
20308
20306
20288
20258
20234
20199
20183
20166
20028
20024
20022
19957
19954
19944
19896
19876
19846
19825
19741
19701
19690
19672
19651
19629
19622
19588
19554
19545
19536
19536
19498
19453
19446
19435
19428
19392
19389
19387
19386
19374
19329
19314
19282
19267
19189
19180
19166
19144
19044
19040
19037
19017
18994
18989
18959
18936
18932
18932
18910
18905
18902
18895
18894
18853
18794
18781
18756
18751
18744
18736
18619
18616
18589
18547
18524
18510
18473
18459
18449
18435
18434
18389
18378
18372
18361
18354
18345
18323
18317
18285
18259
18228
18223
18204
18162
18129
18102
18102
18087
18075
18052
18040
18021
18009
18005
17968
17956
17923
17917
17915
17896
17885
17872
17867
17847
17838
17836
17835
17808
17748
17738
17714
17698
17691
17668
17661
17659
17625
17624
17562
17552
17509
17480
17472
17471
17470
17463
17458
17457
17421
17402
17397
17397
17377
17374
17349
17310
17308
17296
17294
17273
17206
17203
17198
17191
17238
17103
17083
17077
17074
17073
17062
17054
17049
17028
17020
16971
16969
16961
16955
16885
16880
16849
16847
16845
16830
16795
16775
16770
16750
16735
16726
16715
16694
16688
16640
16635
16624
16622
16597
16554
16537
16517
16515
16500
16494
16459
16452
16415
16411
16382
16371
16363
16329
16326
16311
16278
16275
16275
16268
16263
16255
16250
16247
16243
16239
16230
16218
16190
16183
16181
16136
16118
16111
16107
16089
16078
16075
16069
16066
16057
16052
16038
16027
16026
16019
16015
15998
15992
15973
15957
15944
15922
15922
15899
15900
15869
15869
15835
15834
15820
15815
15798
15775
15773
15749
15748
15707
15704
15693
15679
15678
15663
15660
15644
15628
15625
15623
15611
15550
15530
15501
15498
15497
15491
15487
15483
15469
15461
15457
15435
15415
15414
15410
15405
15404
15368
15357
15337
15322
15304
15283
15283
15268
15257
15229
15207
15197
15167
15165
15162
15147
15112
15095
15069
15053
15051
15048
15022
15014
15001
14987
14977
14965
14965
14953
14942
14934
14919
14916
14909
14878
14877
14867
14864
14862
14859
14844
14832
14811
14769
14768
14762
14759
14749
14714
14713
14702
14659
14657
14650
14635
14612
14603
14602
14600
14594
14593
14582
14577
14567
14562
14528
14501
14488
14457
14454
14444
14437
14417
14415
14388
14388
14387
14380
14367
14362
14343
14334
14332
14294
14285
14283
14276
14273
14271
14256
14231
14214
14198
14196
14176
14168
14158
14135
14135
14130
14122
14122
14119
14095
14089
14083
14077
14074
14066
14066
14053
14047
14040
14036
14016
14014
14001
13999
13991
13971
13964
13961
13954
13954
13932
13920
13911
13911
13909
13887
13872
13866
13844
13826
13808
13792
13791
13784
13781
13777
13767
13759
13757
13756
13753
13753
13735
13704
13678
13669
13668
13648
13644
13637
13624
13587
13580
13578
13577
13575
13575
13560
13550
13537
13534
13533
13504
13496
13491
13487
13484
13465
13451
13417
13415
13412
13411
13402
13394
13387
13380
13379
13375
13359
13351
13346
13344
13317
13305
13292
13286
13261
13252
13239
13232
13218
13204
13193
13192
13190
13183
13182
13180
13177
13173
13160
13158
13165
13143
13137
13107
13105
13101
13095
13082
13081
13076
13058
13058
13057
13048
13046
13040
13035
13030
13021
13002
12982
12981
12975
12966
12954
12946
12944
12941
12932
12924
12903
12897
12889
12875
12870
12866
12864
12850
12842
12836
12831
12823
12819
12819
12807
12805
12803
12796
12791
12771
12769
12754
12746
12736
12727
12721
12712
12710
12704
12674
12663
12651
12649
12642
12635
12633
12628
12607
12601
12592
12564
12546
12545
12544
12518
12501
12501
12501
12513
12479
12477
12474
12468
12443
12436
12424
12418
12413
12407
12404
12388
12386
12375
12367
12366
12364
12354
12349
12335
12331
12326
12313
12312
12304
12300
12292
12284
12281
12275
12269
12263
12248
12238
12234
12233
12216
12213
12213
12208
12205
12202
12200
12189
12183
12171
12156
12140
12138
12138
12136
12131
12117
12116
12107
12075
12067
12055
12049
12042
12039
12038
12015
12003
11995
11993
11987
11985
11972
11970
11960
11956
11945
11942
11934
11926
11924
11915
11878
11864
11852
11850
11850
11842
11838
11826
11823
11816
11810
11810
11795
11795
11787
11781
11779
11778
11774
11765
11755
11753
11747
11737
11717
11705
11697
11696
11678
11676
11665
11661
11659
11659
11655
11655
11651
11643
11639
11638
11637
11675
11623
11619
11612
11610
11606
11601
11600
11599
11581
11577
11575
11574
11574
11572
11560
11558
11551
11550
11543
11542
11517
11511
11509
11506
11505
11493
11489
11487
11486
11473
11469
11464
11456
11438
11437
11431
11430
11418
11410
11409
11407
11406
11400
11375
11374
11373
11372
11372
11372
11369
11365
11364
11364
11362
11360
11357
11356
11349
11341
11337
11335
11333
11329
11326
11318
11308
11300
11300
11300
11285
11275
11265
11264
11245
11240
11235
11234
11233
11219
11209
11203
11192
11190
11189
11187
11180
11178
11176
11160
11160
11152
11140
11139
11138
11127
11121
11120
11112
11106
11087
11083
11082
11068
11066
11062
11057
11056
11045
11042
11036
11031
11031
11011
11011
11011
11005
10998
10997
10982
10977
10975
10974
10973
10965
10951
10942
10939
10935
10922
10919
10907
10894
10890
10889
10889
10887
10888
10883
10856
10856
10842
10839
10833
10833
10831
10826
10824
10822
10817
10813
10805
10803
10800
10800
10784
10805
10769
10768
10750
10750
10743
10741
10732
10731
10729
10728
10727
10726
10716
10716
10706
10699
10688
10687
10686
10684
10683
10671
10659
10652
10642
10641
10625
10623
10616
10611
10610
10610
10604
10602
10592
10583
10579
10574
10569
10568
10554
10554
10553
10548
10548
10543
10537
10531
10528
10523
10516
10502
10497
10491
10490
10484
10476
10471
10467
10467
10466
10465
10456
10455
10450
10447
10440
10438
10434
10426
10425
10417
10405
10393
10390
10387
10371
10370
10366
10364
10362
10357
10357
10355
10354
10341
10330
10324
10322
10322
10312
10309
10305
10296
10293
10281
10281
10278
10270
10269
10266
10265
10257
10250
10246
10243
10243
10241
10241
10238
10235
10235
10233
10222
10220
10217
10213
10212
10208
10200
10197
10194
10193
10187
10173
10164
10156
10151
10149
10146
10142
10136
10128
10123
10114
10111
10105
10104
10101
10097
10093
10071
10070
10064
10059
10059
10058
10048
10046
10044
10042
10037
10032
10028
10027
10022
10017
10015
10012
10005
10004
10003
9999
9999
9998
9998
9995
9990
9990
9987
9982
9977
9974
9971
9969
9959
9958
9954
9953
9941
9940
9932
9911
9906
9902
9894
9893
9891
9890
9887
9885
9881
9880
9879
9868
9853
9851
9849
9842
9840
9837
9837
9838
9827
9827
9826
9820
9818
9816
9810
9793
9779
9771
9769
9763
9746
9746
9726
9726
9725
9722
9713
9712
9696
9693
9677
9676
9676
9675
9670
9651
9650
9648
9635
9631
9627
9624
9617
9610
9606
9597
9596
9590
9579
9579
9573
9572
9571
9560
9557
9553
9546
9535
9528
9527
9523
9518
9517
9513
9507
9506
9496
9496
9496
9494
9491
9489
9462
9460
9459
9455
9445
9445
9442
9442
9441
9434
9434
9424
9419
9416
9411
9411
9406
9405
9405
9401
9393
9391
9389
9389
9382
9373
9371
9363
9354
9352
9352
9351
9350
9343
9339
9334
9334
9331
9327
9322
9321
9312
9310
9309
9303
9293
9288
9286
9283
9282
9270
9268
9262
9256
9251
9246
9228
9227
9212
9205
9203
9202
9200
9196
9195
9192
9188
9186
9185
9183
9182
9181
9177
9177
9173
9169
9166
9165
9154
9149
9149
9147
9143
9142
9140
9138
9136
9136
9133
9132
9123
9110
9110
9108
9097
9096
9094
9088
9086
9079
9074
9063
9066
9060
9060
9059
9058
9057
9057
9055
9053
9042
9035
9026
9024
9023
9022
9013
9009
8998
8997
8990
8988
8985
8979
8974
8970
8968
8966
8963
8962
8946
8945
8939
8933
8928
8926
8923
8922
8921
8921
8917
8911
8910
8908
8899
8895
8888
8887
8887
8887
8882
8870
8866
8864
8864
8861
8860
8861
8858
8855
8853
8851
8842
8838
8824
8824
8823
8821
8821
8820
8809
8802
8801
8801
8798
8796
8794
8794
8785
8785
8780
8775
8773
8772
8766
8757
8751
8751
8750
8740
8737
8733
8733
8730
8728
8710
8703
8697
8693
8691
8690
8689
8675
8675
8671
8670
8669
8656
8650
8647
8626
8624
8623
8620
8619
8618
8617
8616
8614
8614
8610
8603
8602
8602
8598
8590
8585
8584
8582
8577
8572
8569
8568
8566
8564
8562
8562
8558
8550
8545
8545
8544
8544
8542
8537
8536
8533
8530
8529
8526
8523
8521
8519
8516
8509
8508
8507
8505
8496
8495
8491
8490
8490
8490
8488
8484
8481
8481
8475
8473
8473
8465
8464
8453
8451
8449
8447
8447
8446
8445
8437
8435
8431
8429
8427
8426
8424
8422
8422
8415
8412
8412
8409
8408
8407
8406
8397
8396
8396
8396
8395
8394
8391
8391
8390
8388
8388
8376
8374
8368
8365
8363
8363
8362
8361
8360
8358
8350
8349
8347
8344
8337
8334
8333
8327
8324
8324
8320
8309
8309
8308
8306
8300
8298
8297
8294
8293
8286
8286
8285
8283
8278
8278
8277
8275
8272
8271
8268
8268
8265
8259
8253
8251
8245
8242
8238
8238
8236
8235
8228
8227
8224
8223
8219
8211
8208
8205
8204
8204
8204
8191
8189
8183
8181
8178
8177
8172
8172
8167
8167
8162
8159
8159
8157
8151
8148
8141
8139
8139
8130
8128
8127
8114
8112
8110
8109
8100
8097
8091
8090
8079
8078
8074
8074
8070
8065
8063
8062
8061
8060
8055
8054
8050
8050
8047
8039
8037
8036
8027
8025
8025
8024
8023
8022
8021
8001
8001
7999
7996
7995
7992
7990
7990
7990
7988
7987
7987
7986
7980
7979
7978
7974
7974
7972
7971
7969
7963
7957
7954
7951
7949
7947
7943
7941
7936
7934
7933
7933
7931
7929
7922
7919
7914
7908
7907
7905
7903
7904
7898
7898
7897
7896
7894
7891
7889
7888
7880
7878
7875
7873
7867
7866
7864
7864
7859
7858
7855
7854
7854
7842
7841
7838
7838
7837
7836
7836
7832
7827
7826
7825
7824
7821
7817
7816
7812
7811
7808
7808
7808
7794
7789
7786
7785
7783
7783
7782
7781
7779
7770
7767
7764
7756
7751
7751
7751
7747
7745
7743
7741
7740
7739
7737
7734
7730
7727
7724
7713
7712
7711
7705
7705
7703
7702
7700
7700
7695
7692
7687
7686
7685
7682
7678
7677
7676
7674
7674
7707
7669
7665
7665
7663
7662
7660
7655
7653
7649
7649
7644
7637
7636
7635
7627
7625
7621
7621
7621
7616
7615
7615
7614
7614
7612
7612
7608
7601
7555
7591
7581
7581
7580
7575
7573
7572
7570
7570
7569
7567
7567
7564
7561
7561
7552
7548
7548
7548
7547
7545
7536
7536
7535
7534
7532
7527
7517
7514
7511
7509
7508
7508
7506
7506
7503
7498
7496
7495
7494
7492
7491
7489
7489
7489
7487
7485
7484
7459
7459
7458
7457
7453
7454
7445
7443
7442
7442
7436
7436
7433
7431
7427
7426
7423
7421
7413
7411
7410
7409
7408
7403
7403
7397
7396
7396
7396
7394
7392
7391
7386
7384
7380
7376
7373
7371
7370
7366
7366
7365
7365
7362
7359
7356
7353
7346
7340
7339
7339
7337
7336
7335
7334
7329
7327
7320
7316
7309
7307
7306
7306
7304
7303
7295
7291
7290
7289
7284
7280
7280
7278
7276
7276
7276
7275
7274
7269
7268
7267
7266
7265
7263
7257
7256
7256
7253
7252
7251
7250
7249
7243
7237
7236
7235
7231
7230
7227
7221
7217
7214
7212
7211
7211
7208
7207
7205
7201
7192
7190
7188
7183
7179
7178
7174
7172
7170
7170
7170
7170
7168
7168
7163
7162
7160
7158
7158
7151
7151
7149
7149
7146
7145
7144
7144
7141
7141
7139
7137
7132
7131
7131
7129
7123
7120
7120
7118
7113
7113
7111
7111
7107
7105
7097
7092
7090
7084
7084
7079
7078
7077
7075
7074
7071
7070
7067
7054
7053
7046
7045
7042
7038
7036
7042
7033
7032
7017
7014
7005
7005
7004
7003
7002
7002
7001
7000
6997
6995
6993
6988
6986
6982
6980
6978
6977
6976
6975
6971
6971
6970
6966
6965
6963
6959
6957
6955
6952
6949
6944
6943
6943
6941
6939
6938
6933
6927
6921
6919
6917
6916
6915
6913
6910
6909
6907
6904
6902
6900
6899
6896
6895
6894
6885
6884
6882
6882
6880
6880
6879
6877
6873
6873
6867
6861
6859
6858
6855
6855
6851
6850
6848
6848
6847
6844
6842
6837
6835
6824
6823
6823
6822
6822
6822
6820
6817
6809
6807
6806
6801
6801
6798
6798
6796
6795
6794
6788
6787
6786
6781
6781
6778
6774
6773
6772
6771
6768
6765
6763
6651
6759
6757
6756
6754
6753
6752
6750
6747
6746
6746
6745
6744
6738
6737
6735
6734
6733
6732
6730
6727
6727
6727
6726
6726
6723
6723
6719
6714
6712
6710
6708
6707
6705
6700
6699
6695
6695
6695
6695
6693
6690
6687
6687
6671
6670
6668
6664
6662
6659
6656
6655
6648
6642
6640
6638
6635
6632
6632
6630
6630
6625
6624
6624
6623
6622
6621
6621
6619
6616
6612
6612
6606
6605
6605
6604
6603
6600
6597
6594
6593
6591
6584
6583
6583
6582
6580
6576
6574
6573
6573
6570
6568
6565
6564
6562
6559
6557
6553
6551
6550
6549
6549
6548
6547
6546
6544
6542
6537
6535
6523
6522
6519
6516
6516
6515
6513
6511
6511
6508
6507
6505
6505
6503
6500
6500
6498
6494
6493
6492
6491
6486
6484
6482
6473
6472
6471
6470
6469
6457
6456
6451
6450
6450
6449
6449
6447
6445
6444
6442
6441
6441
6438
6438
6435
6433
6430
6429
6428
6427
6427
6419
6415
6414
6412
6412
6412
6411
6409
6405
6402
6401
6401
6394
6390
6390
6387
6386
6386
6383
6382
6381
6380
6378
6374
6372
6371
6369
6368
6367
6366
6361
6360
6358
6355
6354
6353
6353
6350
6349
6348
6345
6342
6337
6337
6333
6331
6326
6326
6324
6379
6322
6315
6315
6314
6314
6314
6311
6308
6306
6301
6301
6295
6295
6294
6294
6293
6293
6285
6279
6279
6278
6271
6268
6266
6263
6258
6256
6254
6254
6253
6248
6240
6240
6236
6236
6233
6224
6221
6220
6219
6218
6218
6215
6210
6209
6207
6200
6200
6200
6196
6196
6195
6195
6194
6194
6193
6190
6187
6184
6181
6180
6178
6189
6171
6168
6167
6163
6161
6159
6158
6156
6155
6154
6153
6150
6147
6143
6138
6133
6125
6125
6124
6120
6118
6118
6116
6116
6115
6113
6110
6106
6101
6100
6096
6094
6091
6089
6089
6086
6084
6082
6079
6076
6072
6071
6070
6070
6065
6058
6056
6055
6055
6053
6053
6049
6046
6040
6037
6032
6030
6027
6017
6013
6013
6012
6009
6008
6006
6003
6002
6001
6001
5997
5997
5996
5996
5995
5994
5993
5992
5991
5991
5992
5989
5989
5989
5986
5985
5983
5983
5981
5979
5978
5975
5975
5974
5973
5972
5971
5970
5970
5968
5968
5968
5966
5964
5961
5961
5954
5952
5949
5945
5945
5941
5941
5939
5937
5934
5932
5930
5930
5930
5928
5927
5926
5924
5921
5921
5921
5919
5916
5916
5914
5912
5910
5908
5907
5902
5898
5897
5897
5895
5891
5891
5891
5890
5889
5888
5885
5882
5878
5877
5875
5873
5872
5871
5869
5869
5866
5865
5861
5860
5858
5855
5853
5850
5849
5846
5844
5842
5841
5835
5833
5828
5825
5823
5823
5822
5821
5820
5820
5816
5816
5813
5810
5810
5807
5807
5806
5805
5804
5802
5799
5798
5798
5794
5791
5791
5790
5789
5789
5785
5783
5779
5775
5774
5773
5772
5770
5767
5767
5766
5765
5762
5758
5757
5757
5756
5755
5753
5752
5751
5747
5746
5744
5742
5742
5740
5738
5737
5737
5736
5735
5735
5732
5747
5730
5729
5729
5726
5726
5722
5722
5721
5720
5719
5717
5714
5713
5712
5712
5709
5709
5708
5707
5705
5702
5700
5700
5698
5698
5696
5693
5693
5692
5690
5690
5690
5689
5686
5679
5678
5677
5676
5674
5671
5671
5669
5662
5662
5660
5660
5656
5650
5650
5649
5648
5648
5648
5645
5641
5639
5636
5636
5634
5632
5630
5630
5628
5627
5626
5626
5625
5624
5624
5620
5620
5616
5609
5605
5601
5601
5599
5597
5596
5596
5593
5593
5590
5590
5590
5587
5586
5586
5585
5583
5583
5580
5580
5580
5577
5576
5576
5567
5567
5565
5565
5564
5562
5561
5560
5552
5550
5549
5548
5548
5548
5545
5543
5539
5536
5534
5534
5533
5530
5530
5530
5529
5528
5526
5525
5523
5523
5523
5522
5521
5521
5520
5520
5518
5512
5510
5510
5509
5509
5508
5504
5501
5501
5500
5499
5498
5497
5494
5492
5489
5484
5484
5483
5483
5482
5480
5479
5479
5476
5474
5473
5482
5471
5471
5471
5468
5468
5463
5462
5461
5457
5457
5455
5454
5454
5454
5453
5449
5446
5443
5441
5441
5441
5440
5440
5439
5437
5437
5436
5433
5432
5431
5430
5430
5429
5429
5427
5425
5423
5421
5419
5416
5415
5414
5414
5413
5412
5412
5410
5410
5409
5408
5404
5402
5398
5398
5396
5395
5395
5395
5393
5391
5391
5390
5385
5383
5380
5377
5375
5375
5374
5365
5364
5363
5363
5363
5363
5360
5359
5357
5357
5354
5352
5351
5349
5349
5346
5345
5345
5345
5344
5344
5343
5343
5342
5341
5341
5340
5340
5335
5335
5334
5333
5330
5326
5325
5324
5322
5321
5321
5319
5318
5316
5314
5308
5308
5308
5307
5307
5306
5305
5302
5301
5300
5300
5298
5296
5296
5295
5293
5293
5288
5288
5284
5284
5282
5281
5280
5278
5277
5271
5271
5269
5267
5266
5263
5262
5262
5260
5260
5255
5252
5250
5250
5247
5246
5245
5244
5243
5240
5240
5238
5231
5229
5229
5228
5227
5226
5224
5223
5221
5221
5219
5218
5218
5216
5215
5214
5212
5211
5211
5210
5209
5209
5206
5205
5203
5203
5200
5199
5197
5197
5196
5196
5195
5195
5194
5194
5193
5192
5192
5192
5191
5191
5191
5190
5189
5189
5188
5184
5184
5182
5181
5178
5175
5173
5172
5168
5165
5165
5165
5161
5160
5159
5158
5157
5155
5152
5152
5151
5150
5145
5143
5142
5141
5140
5139
5139
5138
5132
5131
5129
5127
5126
5126
5124
5124
5122
5122
5121
5120
5119
5118
5115
5113
5112
5111
5110
5109
5108
5108
5107
5106
5106
5105
5105
5101
5100
5100
5097
5097
5095
5095
5094
5093
5093
5093
5092
5090
5090
5088
5087
5085
5085
5085
5084
5082
5081
5079
5079
5078
5078
5076
5072
5072
5071
5069
5069
5067
5066
5066
5066
5063
5059
5057
5057
5056
5056
5051
5048
5047
5046
5045
5040
5038
5037
5036
5036
5035
5035
5033
5031
5030
5030
5030
5030
5030
5029
5028
5027
5027
5027
5026
5026
5026
5025
5024
5024
5023
5020
5020
5019
5018
5014
5010
5009
5006
5004
5001
5000
4999
4999
4994
4993
4992
4991
4988
4987
4985
4984
4984
4983
4983
4981
4977
4976
4975
4975
4975
4972
4972
4969
4968
4966
4965
4963
4963
4961
4961
4958
4958
4957
4956
4956
4956
4954
4953
4953
4952
4951
4949
4949
4948
4947
4947
4946
4947
4945
4945
4945
4943
4943
4939
4939
4939
4935
4934
4934
4934
4933
4932
4930
4927
4927
4926
4926
4923
4922
4919
4918
4917
4914
4914
4914
4912
4909
4908
4905
4905
4904
4904
4903
4903
4903
4903
4902
4902
4901
4898
4898
4896
4895
4893
4893
4892
4889
4888
4886
4885
4882
4881
4880
4880
4879
4878
4877
4874
4872
4872
4872
4871
4868
4868
4867
4862
4862
4861
4861
4858
4858
4858
4857
4857
4856
4855
4855
4851
4850
4850
4848
4847
4846
4846
4841
4841
4840
4837
4837
4836
4835
4835
4833
4832
4832
4828
4828
4828
4827
4826
4825
4825
4824
4823
4822
4822
4821
4821
4818
4816
4815
4815
4814
4813
4812
4811
4811
4810
4809
4808
4804
4804
4803
4803
4801
4800
4800
4800
4798
4796
4795
4793
4793
4793
4793
4791
4791
4789
4787
4785
4785
4785
4785
4784
4784
4781
4780
4780
4780
4779
4777
4776
4776
4776
4774
4773
4773
4773
4772
4771
4770
4769
4768
4768
4768
4767
4766
4766
4766
4765
4765
4764
4758
4758
4757
4757
4757
4757
4756
4756
4753
4752
4752
4751
4750
4749
4748
4746
4743
4742
4741
4740
4738
4738
4738
4738
4737
4737
4735
4735
4730
4730
4730
4725
4723
4720
4747
4717
4716
4716
4716
4714
4714
4711
4711
4711
4710
4710
4709
4706
4705
4705
4703
4702
4700
4700
4699
4698
4696
4696
4694
4693
4691
4689
4684
4684
4682
4682
4682
4682
4682
4681
4680
4678
4678
4677
4674
4673
4673
4672
4671
4671
4671
4670
4670
4670
4669
4668
4666
4661
4660
4659
4656
4656
4655
4654
4654
4652
4648
4648
4648
4645
4645
4644
4644
4644
4644
4643
4643
4642
4641
4641
4640
4640
4640
4637
4635
4634
4633
4633
4631
4631
4627
4627
4624
4622
4620
4618
4616
4616
4615
4613
4613
4612
4612
4610
4608
4608
4605
4602
4601
4601
4601
4599
4598
4598
4597
4597
4595
4592
4592
4591
4590
4590
4588
4588
4588
4587
4586
4580
4579
4579
4578
4577
4576
4574
4573
4573
4572
4571
4571
4570
4570
4570
4569
4568
4567
4565
4565
4565
4562
4558
4558
4557
4557
4557
4556
4555
4554
4553
4551
4549
4548
4547
4547
4547
4546
4545
4545
4545
4543
4542
4542
4539
4539
4538
4537
4536
4533
4533
4532
4531
4529
4528
4528
4528
4527
4526
4526
4525
4524
4523
4523
4523
4522
4519
4519
4518
4518
4517
4516
4516
4516
4515
4515
4514
4512
4511
4509
4510
4507
4505
4504
4504
4503
4503
4503
4502
4502
4501
4500
4499
4497
4495
4493
4493
4492
4492
4491
4489
4489
4488
4488
4487
4485
4485
4483
4480
4478
4478
4477
4477
4476
4475
4474
4474
4473
4472
4472
4472
4469
4469
4465
4462
4460
4459
4458
4457
4456
4454
4453
4453
4453
4452
4451
4451
4449
4448
4445
4445
4444
4442
4441
4439
4437
4436
4436
4432
4427
4427
4427
4427
4425
4423
4422
4421
4420
4420
4419
4418
4416
4414
4414
4414
4414
4413
4411
4411
4409
4409
4408
4407
4406
4406
4404
4404
4403
4402
4401
4401
4401
4399
4399
4399
4398
4398
4398
4398
4397
4396
4396
4394
4393
4392
4391
4387
4386
4385
4385
4384
4384
4383
4396
4382
4380
4379
4378
4377
4377
4376
4375
4375
4374
4373
4373
4372
4372
4370
4370
4369
4368
4368
4368
4367
4367
4367
4366
4365
4363
4363
4363
4362
4361
4358
4358
4357
4356
4356
4355
4353
4353
4353
4352
4348
4348
4348
4344
4344
4343
4340
4340
4340
4339
4337
4335
4334
4333
4330
4327
4326
4324
4323
4322
4321
4321
4320
4320
4319
4312
4311
4310
4309
4309
4308
4308
4307
4307
4306
4306
4304
4303
4303
4302
4301
4299
4298
4297
4296
4296
4296
4295
4293
4292
4291
4289
4288
4288
4288
4288
4287
4286
4285
4285
4283
4280
4280
4277
4277
4277
4275
4274
4274
4273
4271
4270
4269
4267
4267
4266
4265
4264
4263
4263
4262
4262
4262
4261
4261
4261
4260
4259
4257
4255
4255
4254
4253
4252
4252
4249
4249
4249
4248
4247
4246
4245
4245
4245
4244
4243
4243
4242
4241
4241
4241
4240
4240
4239
4234
4232
4231
4231
4228
4227
4225
4224
4224
4222
4222
4220
4219
4219
4218
4218
4218
4216
4213
4212
4210
4210
4209
4209
4209
4207
4206
4199
4204
4204
4208
4204
4203
4203
4202
4200
4200
4200
4200
4200
4199
4199
4198
4198
4197
4197
4197
4196
4196
4196
4196
4195
4193
4190
4185
4185
4183
4182
4182
4181
4181
4181
4181
4180
4179
4179
4178
4177
4177
4176
4176
4175
4171
4170
4170
4168
4167
4166
4166
4166
4165
4165
4165
4164
4161
4161
4158
4158
4157
4157
4157
4170
4155
4154
4153
4151
4151
4149
4148
4147
4147
4147
4147
4144
4143
4142
4140
4138
4138
4138
4137
4135
4135
4134
4133
4133
4132
4131
4131
4130
4128
4128
4128
4126
4124
4124
4123
4123
4123
4122
4122
4120
4120
4120
4120
4117
4117
4116
4116
4116
4116
4115
4115
4114
4114
4114
4114
4113
4112
4110
4109
4109
4108
4108
4108
4107
4106
4104
4103
4103
4103
4103
4154
4102
4099
4099
4097
4097
4096
4096
4095
4094
4094
4093
4093
4093
4092
4089
4088
4088
4087
4086
4084
4083
4082
4082
4082
4082
4081
4080
4080
4080
4079
4078
4077
4077
4076
4076
4074
4074
4074
4074
4070
4069
4068
4066
4065
4065
4063
4063
4059
4059
4058
4057
4056
4056
4055
4053
4053
4052
4051
4051
4048
4048
4047
4047
4046
4045
4045
4044
4043
4043
4042
4039
4035
4035
4034
4041
4034
4033
4033
4033
4033
4033
4030
4030
4029
4028
4026
4026
4026
4025
4024
4021
4020
4019
4019
4017
4017
4016
4016
4015
4015
4014
4013
4013
4012
4010
4010
4010
4010
4008
4010
4008
4008
4008
4007
4006
4005
4004
4003
4002
4002
4001
4000
4000
3998
3998
3998
3996
3996
3994
3994
3994
3993
3991
3991
3989
3988
3988
3988
3987
3987
3987
3986
3986
3985
3984
3983
3982
3981
3980
3980
3976
3976
3976
3976
3975
3975
3975
3973
3970
3970
3969
3969
3969
3968
3968
3966
3966
3965
3964
3963
3962
3962
3962
3958
3958
3957
3957
3956
3954
3953
3953
3952
3952
3951
3951
3950
3950
3949
3947
3945
3945
3944
3943
3943
3942
3940
3940
3938
3938
3938
3936
3936
3936
3934
3933
3932
3931
3929
3928
3927
3926
3926
3925
3925
3924
3924
3923
3922
3922
3931
3918
3917
3896
3917
3915
3913
3912
3912
3910
3910
3910
3909
3908
3908
3907
3906
3905
3904
3903
3903
3903
3901
3901
3899
3897
3897
3897
3897
3893
3893
3893
3893
3892
3891
3890
3889
3889
3889
3888
3888
3887
3887
3887
3886
3886
3886
3885
3885
3884
3882
3881
3879
3879
3877
3876
3875
3875
3874
3873
3873
3872
3872
3872
3872
3871
3871
3869
3869
3869
3869
3869
3867
3867
3866
3865
3864
3863
3863
3862
3862
3862
3862
3875
3860
3860
3859
3859
3858
3857
3856
3856
3855
3854
3852
3852
3850
3849
3849
3849
3848
3848
3847
3846
3845
3845
3845
3845
3844
3844
3842
3842
3841
3841
3841
3838
3838
3838
3836
3835
3833
3832
3831
3830
3830
3830
3829
3829
3829
3828
3828
3828
3827
3827
3827
3825
3825
3824
3824
3824
3824
3823
3822
3822
3821
3819
3818
3818
3818
3817
3817
3816
3816
3816
3815
3815
3814
3811
3811
3808
3808
3807
3807
3807
3807
3806
3806
3805
3805
3804
3804
3804
3803
3801
3801
3800
3797
3797
3796
3795
3795
3795
3794
3794
3793
3789
3789
3789
3788
3787
3783
3782
3782
3782
3780
3779
3779
3779
3779
3778
3777
3776
3776
3775
3775
3774
3774
3774
3772
3772
3771
3771
3771
3771
3770
3770
3770
3769
3769
3768
3768
3768
3767
3767
3765
3763
3763
3762
3762
3761
3761
3761
3759
3758
3758
3757
3757
3757
3756
3756
3755
3749
3748
3745
3744
3744
3743
3743
3743
3743
3742
3742
3740
3739
3739
3739
3738
3737
3736
3733
3733
3733
3730
3730
3729
3728
3727
3727
3726
3725
3724
3724
3724
3724
3723
3722
3721
3721
3720
3719
3719
3719
3717
3716
3716
3715
3714
3714
3713
3713
3713
3713
3712
3712
3711
3710
3709
3708
3707
3706
3706
3704
3704
3704
3704
3704
3703
3703
3701
3700
3700
3698
3696
3696
3695
3694
3694
3694
3692
3692
3692
3691
3691
3690
3690
3689
3688
3685
3685
3685
3685
3685
3685
3683
3682
3682
3682
3681
3681
3680
3680
3679
3679
3679
3678
3678
3674
3674
3673
3671
3671
3670
3669
3668
3668
3668
3668
3667
3667
3666
3665
3665
3663
3662
3660
3660
3657
3657
3656
3656
3656
3656
3655
3654
3653
3653
3652
3652
3652
3652
3649
3647
3646
3645
3645
3644
3643
3640
3640
3640
3639
3639
3637
3636
3633
3632
3632
3630
3629
3628
3628
3627
3626
3626
3626
3625
3623
3623
3621
3620
3582
3618
3618
3618
3618
3617
3617
3617
3617
3616
3616
3616
3616
3615
3615
3614
3613
3613
3613
3613
3613
3612
3612
3612
3611
3611
3610
3610
3609
3607
3607
3606
3606
3606
3605
3605
3605
3605
3604
3602
3602
3601
3600
3600
3599
3598
3616
3597
3596
3596
3595
3594
3593
3593
3592
3591
3589
3589
3588
3588
3587
3587
3585
3585
3584
3584
3583
3579
3578
3578
3578
3578
3578
3577
3576
3576
3575
3575
3575
3575
3574
3573
3572
3569
3568
3568
3567
3567
3566
3566
3565
3564
3563
3562
3562
3561
3561
3561
3561
3560
3559
3557
3557
3557
3557
3553
3553
3553
3553
3550
3550
3550
3549
3548
3548
3547
3547
3547
3546
3546
3546
3546
3545
3545
3545
3544
3544
3544
3544
3543
3542
3541
3540
3540
3540
3540
3540
3539
3538
3538
3538
3536
3535
3534
3533
3532
3531
3530
3529
3528
3527
3526
3525
3525
3525
3524
3524
3523
3523
3523
3522
3521
3521
3520
3520
3519
3519
3519
3518
3517
3517
3516
3516
3515
3514
3514
3514
3514
3513
3512
3512
3511
3511
3510
3509
3509
3508
3508
3506
3505
3505
3503
3503
3503
3503
3502
3502
3502
3501
3501
3501
3501
3500
3500
3499
3498
3497
3496
3496
3496
3495
3494
3495
3494
3493
3492
3492
3491
3490
3490
3490
3490
3489
3488
3488
3487
3487
3487
3486
3485
3484
3484
3483
3482
3482
3481
3480
3480
3479
3478
3477
3476
3476
3476
3473
3473
3472
3472
3471
3470
3470
3469
3469
3469
3469
3468
3468
3468
3468
3467
3466
3471
3466
3466
3466
3466
3465
3465
3464
3464
3464
3464
3463
3462
3461
3461
3460
3459
3459
3459
3458
3458
3458
3457
3457
3456
3456
3455
3454
3453
3452
3451
3450
3449
3447
3447
3447
3445
3445
3445
3444
3444
3442
3441
3441
3440
3439
3439
3439
3438
3437
3437
3437
3437
3437
3436
3436
3436
3436
3436
3435
3435
3433
3433
3432
3430
3430
3429
3429
3428
3428
3428
3427
3426
3426
3426
3425
3425
3424
3424
3424
3424
3423
3423
3422
3422
3421
3421
3420
3420
3420
3419
3419
3418
3416
3416
3415
3415
3415
3414
3414
3412
3412
3411
3411
3411
3410
3410
3410
3409
3409
3408
3408
3407
3407
3407
3406
3406
3405
3404
3404
3404
3403
3403
3403
3403
3401
3400
3399
3399
3398
3398
3398
3397
3396
3395
3395
3394
3393
3393
3393
3392
3392
3392
3391
3391
3387
3387
3387
3387
3385
3384
3384
3383
3382
3382
3382
3382
3381
3380
3380
3379
3379
3378
3378
3378
3376
3376
3375
3375
3374
3372
3372
3371
3371
3371
3371
3370
3369
3368
3368
3367
3367
3366
3366
3365
3364
3361
3361
3361
3360
3359
3358
3357
3357
3357
3355
3355
3354
3353
3353
3352
3352
3351
3351
3349
3349
3348
3348
3346
3346
3346
3345
3345
3344
3343
3343
3343
3343
3343
3343
3341
3368
3340
3339
3339
3339
3337
3336
3335
3334
3333
3333
3333
3333
3332
3332
3331
3331
3331
3331
3330
3330
3329
3329
3329
3328
3327
3327
3327
3326
3326
3326
3324
3323
3323
3322
3322
3322
3321
3320
3320
3319
3318
3318
3318
3318
3318
3318
3317
3317
3316
3316
3316
3316
3314
3314
3314
3314
3313
3312
3310
3308
3307
3307
3306
3306
3304
3302
3302
3302
3301
3300
3300
3300
3299
3299
3299
3298
3298
3298
3297
3297
3297
3297
3297
3297
3296
3295
3295
3294
3293
3292
3292
3292
3292
3291
3291
3290
3290
3289
3289
3289
3289
3287
3287
3287
3285
3285
3284
3284
3283
3283
3283
3283
3282
3282
3282
3282
3282
3281
3279
3279
3278
3277
3277
3276
3276
3275
3274
3273
3273
3272
3272
3272
3270
3270
3267
3266
3266
3265
3264
3264
3263
3262
3262
3262
3260
3260
3259
3258
3258
3257
3257
3255
3255
3255
3255
3254
3253
3252
3250
3250
3250
3249
3249
3248
3248
3246
3246
3246
3245
3244
3243
3243
3242
3242
3242
3242
3242
3242
3241
3241
3241
3241
3241
3240
3239
3239
3238
3234
3233
3232
3232
3232
3232
3231
3229
3228
3226
3226
3225
3225
3225
3224
3224
3222
3222
3222
3222
3222
3221
3221
3220
3220
3219
3218
3217
3217
3217
3217
3216
3215
3215
3215
3214
3214
3213
3213
3212
3212
3211
3211
3210
3209
3209
3209
3209
3208
3208
3208
3207
3207
3206
3205
3205
3205
3204
3204
3204
3204
3204
3203
3203
3203
3203
3202
3199
3198
3198
3197
3197
3197
3197
3196
3196
3196
3196
3195
3195
3194
3193
3193
3193
3191
3191
3191
3190
3188
3185
3184
3183
3182
3182
3182
3182
3182
3182
3181
3181
3181
3180
3180
3179
3178
3177
3177
3177
3177
3177
3176
3176
3175
3175
3174
3173
3172
3172
3171
3171
3171
3171
3170
3170
3169
3167
3167
3166
3166
3164
3164
3164
3163
3163
3163
3163
3162
3162
3161
3161
3160
3160
3159
3159
3157
3156
3156
3156
3155
3155
3154
3154
3153
3152
3152
3152
3151
3149
3149
3149
3148
3146
3146
3146
3145
3145
3144
3144
3143
3143
3142
3142
3141
3141
3141
3141
3141
3139
3139
3138
3138
3138
3138
3138
3137
3137
3137
3137
3136
3135
3135
3133
3132
3131
3130
3130
3130
3129
3129
3129
3128
3127
3126
3126
3125
3125
3125
3124
3124
3123
3123
3122
3121
3121
3121
3120
3120
3120
3119
3119
3119
3118
3118
3118
3117
3117
3117
3116
3116
3115
3114
3113
3113
3113
3113
3113
3113
3111
3111
3110
3109
3109
3109
3108
3108
3107
3107
3107
3106
3106
3106
3106
3106
3105
3103
3103
3102
3102
3102
3102
3101
3100
3099
3098
3097
3096
3096
3096
3095
3094
3091
3089
3087
3087
3086
3085
3085
3085
3084
3084
3189
3084
3083
3083
3082
3082
3082
3082
3082
3081
3081
3080
3080
3079
3079
3078
3078
3077
3077
3077
3076
3076
3076
3076
3076
3075
3075
3074
3074
3073
3073
3072
3071
3071
3070
3070
3070
3069
3069
3066
3065
3064
3063
3063
3061
3061
3061
3060
3060
3060
3059
3058
3056
3056
3054
3054
3053
3052
3052
3052
3051
3050
3050
3050
3050
3049
3049
3048
3048
3048
3047
3047
3047
3046
3046
3046
3046
3045
3045
3045
3045
3045
3044
3044
3044
3043
3043
3043
3042
3041
3040
3039
3039
3038
3038
3037
3037
3036
3036
3036
3035
3035
3034
3034
3034
3034
3034
3034
3033
3033
3033
3032
3032
3031
3030
3030
3029
3028
3027
3026
3026
3025
3025
3024
3024
3024
3024
3023
3023
3022
3022
3021
3021
3021
3021
3020
3020
3020
3020
3019
3018
3017
3016
3016
3016
3016
3014
3014
3014
3013
3013
3013
3012
3012
3012
3011
3011
3008
3008
3008
3007
3007
3006
3006
3006
3006
3005
3004
3004
3003
3003
3002
3002
3001
3000
3000
3000
3000
3010
