481201
301848
204553
186498
181291
159402
158039
131322
101794
98587
95047
91637
88490
74420
72845
64235
60095
59039
57962
57356
54694
54486
53456
52800
52745
52454
50746
50610
50229
47846
47676
47309
45737
45711
44163
43864
43838
43474
43283
43115
41241
40965
39905
39164
38907
38304
37761
37553
36638
36217
36120
36064
35770
35706
35472
34317
34075
33771
33133
33071
32969
32836
32402
32128
31987
31986
31809
31783
31772
31601
31271
31188
31158
31145
31094
31063
30896
30778
30345
29672
29352
29127
29123
29089
29053
28867
28853
28792
28753
28519
28438
28184
28133
27764
27484
27419
27299
27230
27199
26979
26879
26796
26412
26370
26223
26124
26117
25786
25739
25681
25591
25496
25470
25424
25365
25350
25219
25179
25016
24855
24806
24792
24464
24331
24190
24162
24141
23971
23954
23859
23737
23501
23452
23416
23407
23361
23139
23134
23128
23111
23100
23047
22985
22804
22769
22617
22612
22556
22479
22425
22320
22285
22251
22001
21862
21831
21651
21576
21471
21255
21256
21235
21171
21118
21108
21084
20991
20965
20939
20898
20649
20646
20392
20380
20321
20272
20242
20236
20194
20193
20142
20066
20026
20002
19942
19907
19876
19870
19862
19860
19849
19810
19739
19702
19701
19561
19541
19517
19504
19468
19465
19431
19360
19349
19318
19179
19176
19117
19039
19009
18995
18987
18765
18680
18679
18676
18634
18626
18605
18520
18473
18464
18404
18353
18340
18254
18250
18243
18242
18238
18227
18213
18205
18204
18133
18130
18123
18073
18065
17962
17945
17925
17891
17860
17821
17787
17780
17766
17749
17728
17698
17667
17647
17635
17611
17528
17525
17502
17495
17470
17418
17414
17339
17336
17325
17309
17303
17294
17249
17200
17172
17168
17151
17145
17141
17115
17077
17054
17046
16990
16965
16911
16906
16888
16876
16809
16780
16779
16771
16771
16730
16711
16691
16678
16670
16641
16640
16637
16584
16559
16550
16547
16534
16490
16469
16456
16375
16373
16373
16351
16338
16338
16337
16267
16249
16225
16218
16207
16180
16133
16130
16100
16098
16096
16094
16026
16021
15995
15989
15924
15840
15813
15811
15811
15779
15759
15720
15718
15623
15548
15547
15515
15491
15491
15463
15443
15441
15430
15427
15427
15424
15413
15405
15398
15388
15337
15295
15290
15289
15272
15249
15225
15186
15160
15149
15144
15135
15097
15079
15030
14987
14962
14960
14948
14935
14934
14915
14894
14888
14885
14830
14822
14788
14722
14660
14639
14633
14611
14608
14601
14586
14566
14558
14544
14514
14508
14493
14477
14475
14442
14416
14395
14384
14352
14299
14291
14282
14274
14257
14252
14230
14225
14202
14191
14172
14171
14159
14158
14158
14100
14096
14095
14083
14078
14077
14073
14062
14055
14054
13976
13953
13878
13868
13854
13853
13825
13810
13770
13769
13762
13754
13695
13694
13687
13678
13662
13661
13657
13656
13642
13622
13605
13583
13564
13565
13553
13550
13518
13494
13478
13476
13442
13436
13431
13420
13417
13391
13381
13376
13324
13321
13315
13311
13291
13289
13285
13282
13277
13277
13259
13228
13199
13185
13174
13166
13158
13129
13125
13122
13119
13105
13090
13054
13025
13016
12987
12978
12964
12960
12944
12934
12926
12915
12910
12878
12869
12866
12849
12843
12839
12835
12794
12771
12771
12756
12745
12718
12715
12711
12697
12692
12675
12666
12657
12649
12632
12619
12618
12605
12578
12578
12573
12571
12562
12553
12528
12521
12516
12508
12546
12479
12471
12437
12434
12431
12404
12403
12365
12363
12359
12345
12340
12339
12336
12335
12327
12319
12310
12297
12284
12275
12264
12259
12253
12252
12236
12232
12224
12205
12195
12171
12164
12155
12150
12132
12110
12087
12085
12063
12044
12036
12010
11995
11987
11982
11981
11973
11941
11934
11930
11914
11899
11868
11864
11845
11838
11827
11820
11818
11816
11807
11787
11755
11750
11735
11709
11705
11698
11692
11690
11668
11662
11657
11640
11628
11603
11596
11596
11595
11564
11548
11546
11534
11532
11529
11520
11500
11498
11495
11487
11486
11479
11473
11469
11457
11453
11451
11441
11433
11426
11422
11422
11408
11407
11405
11385
11383
11356
11356
11327
11323
11320
11318
11317
11288
11269
11265
11218
11213
11177
11170
11152
11151
11147
11135
11124
11118
11107
11078
11063
11052
11046
11042
11033
11023
11022
11009
10992
10968
10940
10939
10933
10911
10907
10905
10908
10853
10838
10837
10834
10832
10832
10824
10820
10809
10807
10805
10802
10792
10778
10771
10765
10757
10753
10753
10752
10750
10746
10743
10728
10726
10716
10716
10703
10697
10695
10670
10646
10643
10633
10631
10627
10624
10616
10601
10601
10595
10592
10590
10585
10575
10574
10560
10558
10527
10520
10512
10502
10499
10487
10480
10479
10477
10470
10458
10446
10437
10434
10426
10416
10395
10382
10372
10370
10366
10360
10360
10360
10335
10333
10321
10306
10304
10298
10298
10298
10296
10295
10276
10275
10249
10247
10245
10237
10218
10215
10193
10187
10186
10185
10185
10175
10174
10162
10161
10160
10151
10146
10146
10138
10129
10125
10121
10118
10118
10116
10098
10090
10068
10019
10016
10005
9997
9989
9984
9975
9952
9950
9939
9939
9924
9895
9889
9887
9884
9877
9876
9876
9867
9856
9851
9851
9848
9838
9832
9830
9807
9802
9799
9794
9787
9786
9779
9778
9775
9771
9738
9738
9738
9732
9728
9708
9696
9691
9684
9680
9671
9663
9656
9654
9649
9649
9627
9617
9592
9590
9588
9586
9579
9579
9577
9572
9559
9553
9549
9544
9543
9538
9532
9524
9516
9512
9507
9502
9498
9491
9490
9487
9485
9466
9466
9458
9456
9453
9441
9431
9430
9422
9422
9420
9406
9375
9366
9362
9361
9356
9352
9344
9339
9338
9334
9322
9297
9295
9294
9286
9282
9267
9266
9263
9259
9256
9253
9251
9251
9249
9229
9228
9213
9210
9208
9203
9197
9194
9194
9191
9186
9181
9171
9162
9158
9154
9151
9148
9138
9137
9121
9118
9117
9107
9102
9095
9093
9091
9079
9078
9077
9062
9058
9055
9053
9048
9048
9040
9040
9029
9027
9027
9025
9001
9001
8990
8990
8983
8981
8978
8953
8949
8948
8943
8922
8918
8908
8905
8882
8878
8877
8876
8874
8840
8840
8840
8829
8828
8826
8817
8814
8808
8803
8799
8796
8790
8780
8765
8753
8740
8727
8724
8713
8710
8705
8693
8691
8686
8684
8681
8670
8657
8655
8647
8642
8640
8639
8626
8624
8616
8615
8611
8611
8609
8604
8590
8582
8568
8562
8562
8562
8560
8558
8554
8542
8533
8529
8528
8517
8504
8503
8501
8494
8493
8492
8489
8484
8474
8472
8472
8467
8461
8461
8456
8450
8444
8443
8442
8426
8423
8422
8420
8419
8419
8414
8409
8409
8402
8401
8400
8394
8389
8382
8380
8380
8378
8377
8376
8358
8352
8347
8346
8344
8331
8328
8326
8325
8323
8319
8315
8314
8313
8312
8308
8300
8299
8293
8281
8281
8267
8266
8265
8261
8261
8259
8257
8256
8256
8254
8234
8204
8184
8180
8179
8171
8155
8151
8144
8140
8120
8118
8115
8112
8104
8101
8100
8100
8099
8088
8083
8082
8081
8079
8075
8073
8063
8040
8032
8028
8024
8000
7997
7984
7975
7974
7965
7965
7963
7956
7956
7949
7945
7938
7935
7932
7923
7920
7920
7916
7914
7891
7891
7891
7887
7885
7884
7877
7869
7864
7855
7854
7854
7853
7847
7846
7846
7833
7832
7811
7811
7808
7799
7793
7786
7786
7776
7776
7776
7769
7761
7760
7749
7744
7742
7734
7732
7731
7730
7725
7720
7718
7717
7716
7709
7703
7699
7694
7684
7679
7674
7672
7668
7667
7665
7653
7647
7634
7634
7630
7629
7622
7607
7603
7601
7587
7585
7585
7582
7581
7580
7580
7579
7578
7577
7572
7571
7569
7566
7562
7561
7561
7554
7541
7539
7530
7523
7512
7511
7511
7509
7505
7502
7499
7499
7498
7487
7487
7479
7478
7471
7463
7463
7457
7456
7452
7439
7438
7437
7436
7434
7425
7423
7423
7422
7419
7419
7417
7411
7410
7403
7398
7398
7396
7383
7382
7377
7374
7371
7369
7362
7352
7350
7347
7346
7336
7334
7332
7329
7329
7327
7325
7324
7321
7311
7309
7307
7303
7303
7301
7296
7296
7285
7283
7279
7274
7269
7268
7267
7260
7260
7260
7239
7237
7235
7232
7231
7231
7231
7228
7228
7224
7220
7216
7214
7214
7209
7203
7200
7200
7198
7188
7178
7177
7168
7151
7151
7150
7150
7149
7145
7142
7131
7129
7129
7129
7126
7124
7121
7121
7120
7119
7115
7111
7109
7089
7081
7079
7076
7075
7072
7074
7066
7065
7061
7058
7054
7052
7047
7046
7045
7045
7036
7035
7022
7013
7001
6999
6994
6991
6989
6983
6982
6973
6969
6969
6961
6959
6957
6954
6952
6947
6945
6943
6935
6931
6928
6927
6923
6920
6917
6913
6909
6908
6907
6897
6894
6894
6894
6893
6892
6888
6883
6883
6879
6876
6875
6873
6869
6868
6860
6859
6856
6854
6853
6852
6851
6850
6848
6847
6846
6844
6841
6836
6831
6828
6827
6818
6815
6814
6813
6812
6810
6808
6803
6803
6797
6795
6791
6782
6778
6774
6763
6762
6762
6761
6759
6755
6753
6747
6746
6744
6743
6743
6743
6741
6730
6730
6726
6723
6719
6715
6714
6706
6701
6697
6694
6689
6682
6677
6666
6665
6650
6648
6646
6646
6645
6642
6641
6638
6638
6630
6629
6628
6624
6623
6621
6620
6619
6617
6614
6610
6609
6608
6606
6602
6602
6599
6598
6597
6596
6595
6593
6592
6581
6576
6573
6571
6569
6567
6566
6566
6563
6563
6561
6561
6560
6554
6548
6543
6543
6538
6529
6527
6524
6523
6523
6522
6521
6520
6515
6512
6510
6508
6495
6493
6491
6488
6487
6483
6479
6476
6476
6468
6468
6464
6462
6458
6455
6453
6452
6452
6451
6451
6439
6438
6433
6433
6430
6426
6424
6424
6422
6418
6418
6414
6410
6408
6408
6407
6407
6405
6405
6403
6400
6396
6395
6394
6393
6380
6379
6375
6373
6372
6371
6370
6369
6363
6362
6361
6360
6346
6342
6342
6340
6337
6334
6332
6332
6328
6328
6328
6327
6325
6324
6322
6322
6318
6316
6316
6315
6311
6310
6307
6303
6300
6299
6299
6297
6293
6287
6287
6284
6278
6269
6264
6263
6263
6262
6262
6258
6257
6252
6247
6246
6245
6242
6236
6231
6231
6231
6228
6224
6224
6216
6216
6214
6213
6210
6207
6206
6198
6197
6196
6194
6188
6202
6185
6185
6183
6180
6179
6178
6175
6169
6160
6162
6159
6156
6152
6149
6148
6145
6138
6135
6130
6130
6127
6127
6126
6125
6123
6122
6121
6119
6118
6114
6112
6108
6106
6102
6099
6099
6097
6096
6096
6096
6094
6094
6093
6090
6089
6088
6088
6088
6087
6084
6080
6079
6079
6077
6076
6075
6072
6072
6071
6068
6068
6065
6063
6059
6056
6056
6053
6051
6050
6050
6045
6043
6042
6040
6032
6028
6025
6021
6021
6020
6018
6011
6008
6003
6002
5997
5997
5994
5993
5991
5990
5985
5983
5980
5977
5975
5975
5974
5971
5971
5964
5960
5958
5952
5951
5951
5950
5948
5941
5938
5938
5937
5937
5936
5931
5931
5931
5929
5928
5928
5927
5924
5922
5922
5919
5918
5918
5912
5911
5908
5905
5901
5900
5897
5887
5881
5879
5874
5872
5872
5869
5867
5867
5867
5867
5866
5866
5863
5860
5860
5860
5859
5859
5857
5854
5849
5849
5848
5848
5847
5847
5847
5846
5844
5843
5842
5838
5836
5830
5828
5825
5823
5822
5822
5821
5821
5819
5819
5818
5816
5816
5813
5809
5805
5802
5800
5797
5796
5794
5789
5787
5787
5784
5777
5777
5775
5773
5772
5771
5767
5767
5766
5765
5765
5765
5762
5756
5754
5744
5743
5742
5736
5734
5734
5729
5726
5724
5723
5723
5723
5720
5719
5717
5717
5716
5715
5713
5711
5709
5706
5705
5704
5701
5694
5694
5692
5691
5690
5688
5687
5686
5685
5685
5684
5684
5681
5678
5677
5671
5671
5667
5665
5658
5657
5656
5654
5653
5652
5651
5650
5646
5642
5640
5637
5636
5635
5633
5632
5630
5623
5618
5618
5617
5614
5611
5609
5608
5605
5605
5601
5600
5597
5594
5588
5582
5579
5577
5577
5576
5575
5574
5571
5559
5555
5553
5552
5552
5548
5546
5544
5543
5543
5537
5534
5533
5531
5530
5530
5530
5529
5528
5525
5519
5519
5517
5516
5511
5510
5506
5506
5505
5503
5501
5500
5499
5497
5496
5494
5486
5484
5482
5477
5477
5475
5474
5471
5471
5471
5467
5466
5463
5459
5459
5454
5454
5453
5453
5452
5450
5449
5445
5441
5439
5437
5437
5431
5428
5422
5422
5420
5417
5414
5412
5411
5405
5403
5400
5400
5399
5399
5392
5391
5390
5386
5382
5380
5380
5378
5375
5370
5369
5368
5366
5366
5360
5357
5348
5345
5344
5343
5342
5335
5334
5331
5330
5324
5324
5323
5320
5318
5317
5315
5313
5309
5308
5307
5306
5303
5302
5302
5300
5299
5296
5295
5293
5292
5291
5289
5288
5287
5286
5284
5283
5282
5280
5277
5277
5277
5268
5266
5264
5261
5260
5260
5258
5251
5250
5247
5247
5245
5240
5240
5240
5240
5239
5237
5236
5232
5230
5225
5223
5218
5216
5214
5212
5203
5203
5201
5199
5203
5191
5189
5186
5183
5179
5179
5177
5176
5175
5174
5173
5172
5170
5163
5163
5162
5162
5158
5158
5155
5155
5154
5151
5149
5149
5146
5144
5143
5142
5141
5138
5136
5135
5132
5131
5125
5116
5115
5110
5110
5110
5108
5106
5100
5099
5096
5096
5095
5086
5081
5076
5076
5068
5066
5058
5056
5051
5050
5050
5049
5048
5048
5047
5046
5046
5046
5045
5045
5044
5044
5042
5041
5039
5039
5035
5032
5031
5029
5024
5024
5023
5021
5021
5014
5013
5013
5009
5009
5007
5004
5003
5000
4996
4995
4993
4991
4986
4986
4986
4983
4981
4979
4979
4978
4978
4977
4976
4974
4974
4973
4972
4970
4970
4969
4968
4967
4966
4962
4961
4960
4960
4954
4954
4953
4950
4950
4949
4948
4947
4947
4946
4944
4943
4939
4938
4937
4937
4937
4936
4936
4934
4930
4929
4928
4924
4918
4914
4912
4911
4910
4909
4909
4909
4908
4908
4906
4906
4901
4901
4900
4895
4894
4893
4891
4889
4888
4885
4885
4884
4884
4879
4875
4870
4869
4864
4862
4860
4859
4856
4855
4854
4848
4848
4847
4845
4844
4842
4840
4839
4839
4839
4837
4836
4831
4831
4829
4827
4825
4824
4821
4821
4817
4816
4815
4815
4814
4813
4813
4812
4811
4811
4807
4807
4807
4804
4802
4802
4802
4802
4801
4800
4798
4795
4795
4789
4788
4788
4786
4785
4785
4783
4780
4780
4780
4779
4777
4775
4775
4773
4772
4767
4767
4767
4766
4764
4763
4761
4758
4757
4755
4754
4754
4747
4744
4742
4736
4736
4731
4730
4727
4727
4727
4726
4725
4724
4723
4722
4719
4718
4718
4718
4714
4713
4713
4706
4704
4703
4702
4701
4701
4699
4698
4698
4696
4696
4694
4693
4693
4692
4711
4690
4689
4688
4687
4686
4685
4684
4683
4683
4678
4676
4676
4675
4674
4670
4669
4668
4667
4666
4665
4663
4663
4662
4662
4660
4660
4659
4659
4654
4653
4651
4649
4647
4645
4645
4644
4644
4642
4641
4638
4636
4636
4635
4634
4633
4631
4624
4621
4619
4619
4618
4616
4614
4614
4613
4606
4601
4600
4599
4598
4598
4598
4591
4589
4588
4587
4585
4584
4584
4584
4583
4583
4583
4577
4576
4575
4573
4573
4572
4570
4570
4569
4565
4564
4562
4559
4559
4555
4552
4552
4551
4550
4547
4546
4546
4546
4546
4546
4545
4545
4544
4541
4541
4540
4538
4538
4537
4534
4533
4533
4531
4530
4529
4526
4525
4521
4521
4520
4518
4516
4511
4509
4508
4507
4505
4503
4502
4501
4499
4497
4497
4496
4496
4494
4494
4492
4491
4490
4490
4490
4490
4489
4488
4488
4487
4484
4483
4483
4483
4483
4482
4482
4478
4478
4474
4474
4472
4472
4465
4465
4465
4460
4457
4455
4454
4453
4452
4452
4451
4451
4450
4448
4443
4441
4441
4441
4440
4440
4439
4437
4436
4435
4433
4432
4430
4429
4428
4421
4420
4419
4418
4415
4413
4408
4407
4405
4404
4404
4404
4401
4401
4399
4399
4399
4397
4394
4394
4393
4392
4392
4390
4390
4389
4388
4380
4380
4380
4379
4378
4378
4377
4376
4376
4375
4371
4369
4367
4366
4362
4360
4355
4353
4353
4351
4348
4346
4350
4344
4344
4343
4340
4340
4340
4338
4337
4337
4336
4333
4332
4332
4330
4329
4329
4326
4325
4324
4324
4323
4318
4317
4315
4315
4313
4313
4313
4312
4312
4311
4309
4308
4307
4307
4306
4304
4303
4303
4301
4297
4293
4292
4290
4290
4288
4287
4286
4286
4285
4285
4285
4285
4283
4283
4282
4279
4279
4273
4270
4269
4267
4266
4265
4265
4265
4265
4263
4261
4260
4260
4260
4254
4251
4250
4250
4249
4249
4248
4248
4248
4246
4246
4243
4241
4238
4237
4237
4237
4236
4235
4235
4234
4231
4230
4227
4225
4224
4224
4223
4222
4221
4218
4218
4217
4217
4217
4216
4215
4214
4212
4211
4210
4209
4209
4208
4206
4206
4205
4204
4204
4204
4203
4203
4202
4202
4200
4199
4198
4198
4196
4195
4194
4193
4192
4191
4189
4189
4188
4186
4185
4185
4182
4181
4181
4181
4180
4180
4179
4179
4179
4179
4177
4176
4176
4175
4174
4174
4173
4171
4169
4168
4166
4166
4165
4163
4162
4158
4158
4158
4155
4154
4154
4153
4153
4153
4152
4150
4149
4149
4148
4148
4146
4145
4144
4143
4143
4142
4141
4140
4139
4138
4137
4135
4133
4133
4132
4130
4126
4125
4137
4119
4118
4118
4116
4112
4112
4111
4111
4110
4109
4109
4107
4106
4106
4106
4104
4101
4100
4099
4095
4095
4094
4094
4094
4093
4093
4092
4090
4087
4083
4081
4081
4080
4079
4078
4075
4073
4072
4070
4069
4068
4068
4067
4067
4067
4065
4064
4062
4062
4062
4061
4061
4060
4058
4057
4056
4052
4051
4051
4050
4050
4049
4046
4046
4046
4044
4044
4042
4041
4041
4051
4040
4039
4038
4038
4037
4035
4034
4034
4033
4033
4033
4032
4031
4031
4030
4030
4028
4027
4027
4026
4025
4020
4019
4018
4017
4017
4017
4015
4014
4014
4013
4013
4013
4013
4011
4008
4007
4003
4002
4002
3998
3997
3997
3994
3992
3992
3991
3990
3989
3989
3989
3989
3989
3988
3987
3986
3985
3984
3983
3983
3981
3979
3979
3978
3977
3976
3980
3975
3975
3973
3972
3972
3969
3967
3966
3966
3965
3965
3965
3965
3964
3962
3962
3959
3958
3957
3956
3956
3956
3955
3954
3953
3953
3953
3951
3949
3949
3948
3948
3947
3947
3946
3944
3944
3942
3942
3939
3939
3936
3935
3935
3932
3930
3929
3928
3928
3927
3923
3919
3919
3917
3916
3916
3914
3913
3912
3910
3910
3909
3907
3907
3906
3906
3902
3901
3899
3899
3898
3898
3896
3894
3894
3894
3892
3891
3891
3891
3891
3889
3889
3888
3886
3886
3886
3885
3884
3884
3882
3880
3879
3878
3877
3877
3876
3875
3875
3873
3873
3873
3873
3871
3869
3869
3869
3868
3868
3868
3867
3867
3865
3865
3863
3862
3862
3862
3861
3861
3858
3853
3852
3852
3852
3852
3852
3851
3847
3846
3846
3845
3844
3844
3843
3839
3837
3835
3834
3834
3833
3833
3832
3829
3827
3825
3824
3824
3822
3821
3820
3820
3818
3818
3817
3817
3817
3814
3813
3813
3813
3812
3812
3812
3811
3811
3810
3809
3808
3808
3807
3806
3805
3804
3804
3802
3801
3801
3799
3798
3798
3797
3796
3795
3795
3795
3792
3792
3792
3792
3789
3788
3786
3785
3785
3784
3784
3784
3781
3781
3781
3780
3778
3778
3777
3777
3777
3776
3775
3774
3772
3772
3771
3770
3770
3769
3769
3768
3766
3765
3764
3762
3762
3761
3760
3756
3756
3754
3754
3754
3754
3753
3753
3748
3748
3748
3747
3746
3744
3744
3744
3743
3743
3742
3742
3742
3741
3740
3738
3737
3737
3734
3734
3732
3732
3731
3731
3730
3728
3727
3727
3727
3726
3726
3725
3724
3723
3723
3719
3719
3718
3718
3717
3716
3716
3716
3713
3713
3712
3711
3710
3709
3706
3705
3704
3702
3700
3700
3700
3698
3698
3697
3697
3696
3696
3695
3694
3693
3691
3689
3688
3687
3686
3685
3684
3682
3682
3682
3682
3681
3680
3679
3678
3678
3677
3676
3675
3675
3674
3674
3673
3673
3667
3667
3666
3665
3665
3664
3664
3664
3662
3661
3660
3660
3659
3655
3651
3650
3650
3649
3647
3647
3647
3646
3644
3643
3642
3639
3639
3638
3637
3637
3636
3636
3634
3633
3632
3631
3630
3630
3630
3628
3628
3627
3627
3625
3624
3624
3623
3622
3622
3622
3620
3619
3618
3618
3614
3614
3613
3611
3609
3608
3608
3605
3605
3604
3604
3601
3600
3598
3597
3597
3594
3591
3589
3588
3588
3588
3588
3587
3585
3591
3585
3585
3584
3583
3582
3582
3581
3581
3581
3581
3580
3577
3577
3577
3577
3575
3574
3574
3572
3572
3572
3571
3571
3570
3570
3569
3566
3566
3565
3565
3565
3564
3563
3563
3563
3562
3562
3562
3561
3560
3560
3559
3558
3558
3557
3555
3553
3552
3550
3549
3546
3545
3545
3545
3544
3543
3542
3541
3541
3539
3539
3538
3538
3529
3528
3527
3527
3526
3525
3524
3524
3523
3523
3522
3521
3519
3518
3517
3517
3516
3516
3512
3511
3511
3510
3510
3508
3508
3506
3506
3506
3505
3503
3503
3502
3500
3499
3498
3497
3495
3495
3495
3495
3493
3490
3488
3487
3484
3484
3483
3482
3482
3481
3480
3480
3477
3476
3475
3475
3473
3473
3472
3471
3469
3469
3469
3469
3468
3468
3468
3467
3467
3472
3465
3465
3465
3463
3461
3460
3459
3458
3458
3458
3457
3456
3454
3453
3452
3452
3451
3451
3448
3445
3445
3445
3443
3443
3443
3443
3443
3442
3440
3440
3440
3439
3437
3436
3436
3434
3433
3433
3431
3431
3430
3430
3428
3428
3427
3427
3426
3425
3425
3423
3423
3423
3422
3421
3420
3420
3418
3418
3418
3417
3417
3416
3415
3414
3412
3412
3411
3411
3411
3410
3410
3410
3409
3409
3409
3409
3408
3407
3407
3405
3405
3404
3404
3403
3403
3401
3400
3400
3399
3399
3399
3398
3397
3395
3395
3394
3393
3393
3392
3392
3408
3388
3388
3388
3387
3386
3385
3384
3383
3379
3379
3379
3378
3376
3375
3375
3374
3370
3370
3370
3369
3369
3369
3368
3366
3366
3366
3366
3365
3364
3364
3364
3363
3363
3362
3362
3362
3361
3361
3360
3360
3358
3357
3357
3357
3356
3356
3355
3354
3354
3353
3353
3353
3352
3352
3352
3351
3351
3351
3349
3347
3347
3345
3344
3344
3344
3343
3343
3343
3340
3340
3340
3339
3337
3336
3336
3334
3332
3332
3331
3331
3330
3330
3333
3329
3327
3326
3324
3323
3322
3322
3322
3321
3320
3319
3319
3318
3318
3315
3314
3314
3313
3312
3311
3310
3310
3308
3308
3307
3306
3306
3305
3304
3304
3303
3303
3303
3302
3301
3300
3300
3299
3299
3299
3299
3299
3298
3297
3296
3296
3296
3296
3295
3294
3293
3293
3292
3291
3290
3290
3289
3287
3287
3286
3286
3285
3285
3284
3284
3284
3284
3283
3279
3277
3276
3276
3275
3274
3271
3270
3270
3269
3269
3267
3267
3264
3264
3263
3263
3262
3261
3260
3259
3259
3258
3258
3258
3258
3257
3255
3255
3255
3254
3254
3251
3251
3250
3249
3249
3248
3248
3247
3247
3245
3244
3244
3243
3242
3241
3240
3240
3239
3238
3237
3237
3236
3236
3235
3235
3235
3235
3234
3233
3232
3230
3229
3229
3229
3228
3228
3227
3225
3225
3225
3225
3225
3225
3223
3222
3222
3221
3221
3221
3219
3219
3216
3216
3215
3215
3215
3215
3214
3214
3212
3212
3212
3211
3211
3210
3210
3209
3209
3207
3207
3206
3206
3204
3202
3202
3201
3201
3200
3200
3199
3198
3198
3196
3196
3196
3196
3195
3195
3195
3195
3194
3194
3192
3192
3192
3191
3191
3190
3189
3190
3189
3188
3187
3186
3184
3184
3180
3180
3180
3180
3179
3179
3178
3178
3177
3177
3177
3177
3175
3175
3174
3174
3173
3173
3173
3173
3171
3171
3171
3170
3170
3169
3168
3167
3166
3165
3165
3161
3161
3160
3158
3157
3157
3157
3156
3156
3154
3152
3151
3150
3150
3150
3148
3148
3147
3146
3145
3144
3143
3142
3142
3140
3140
3140
3140
3139
3139
3138
3138
3138
3137
3136
3135
3135
3135
3133
3133
3132
3132
3132
3130
3128
3126
3126
3126
3126
3125
3125
3123
3121
3120
3119
3119
3118
3118
3115
3115
3113
3113
3113
3112
3112
3111
3111
3109
3109
3108
3108
3108
3107
3107
3107
3107
3106
3105
3105
3105
3103
3103
3103
3101
3101
3100
3100
3099
3099
3098
3097
3097
3097
3097
3096
3095
3094
3093
3091
3091
3089
3088
3088
3088
3087
3087
3086
3085
3085
3085
3084
3083
3083
3083
3082
3082
3082
3082
3081
3080
3078
3078
3076
3076
3075
3074
3074
3074
3074
3073
3072
3072
3072
3071
3071
3070
3070
3069
3068
3067
3065
3065
3064
3063
3062
3061
3061
3061
3060
3060
3060
3058
3057
3057
3057
3057
3056
3056
3055
3055
3054
3054
3054
3052
3051
3050
3049
3049
3049
3047
3047
3046
3046
3046
3045
3045
3045
3045
3045
3044
3044
3044
3044
3042
3041
3040
3039
3039
3038
3037
3037
3037
3037
3036
3035
3035
3035
3034
3034
3033
3033
3033
3033
3033
3033
3032
3032
3031
3031
3031
3031
3030
3030
3030
3030
3029
3029
3029
3028
3028
3027
3027
3027
3026
3026
3025
3025
3025
3023
3023
3023
3023
3022
3022
3021
3021
3019
3016
3015
3015
3015
3014
3013
3013
3011
3010
3010
3009
3009
3009
3008
3007
3007
3006
3006
3004
3004
3002
3002
3002
3001
3000
3000
