879582
375390
326838
287283
284906
261930
260398
260350
223886
218828
217835
217118
216265
207375
205945
204374
202481
199918
197638
188272
186601
182147
181287
180047
177427
175440
169970
168926
168726
164673
160693
160529
157777
157279
156825
153547
152332
144222
142182
138159
137627
136549
136277
134878
132496
132095
131287
131178
127765
127176
127023
125823
125787
125025
124030
122101
121735
120031
119183
118142
117872
117858
117768
116999
116261
115278
115017
114702
114623
113588
113197
113049
112827
112381
112361
112292
111826
109645
109038
108568
107829
107539
106976
106661
106452
106430
106428
106217
106013
104241
102454
102452
101134
100128
98969
98892
98044
97423
94724
94096
93632
92930
92504
91852
91381
90921
90867
90400
89664
89583
87981
87507
86953
86734
86174
86101
84441
84156
83817
83392
83339
82992
82664
82276
82120
82074
81920
80763
80702
80189
79909
79867
79840
79559
79061
78975
78933
78717
77605
76727
76235
76008
74509
74457
74402
74264
73707
73594
72803
72700
72692
72459
71962
71901
71092
71062
70771
70599
70057
69600
69595
68898
68606
67945
67883
67771
66739
66704
66596
66569
66501
66459
66269
65545
64959
64915
64892
64729
64693
64393
64305
63291
63258
63221
63133
63012
62991
62942
62749
62132
61966
61753
61416
60911
60631
60552
60480
60341
60220
59811
59768
59657
59655
59649
59620
59499
59064
58990
58579
58299
58251
58051
57923
57768
57672
57593
57547
57048
56929
56911
56588
56091
56062
55612
55186
54785
54498
54341
54252
54062
54040
54022
53943
53523
53290
53129
52894
52607
51978
51970
51941
51479
51401
51308
51285
51195
51016
51013
50618
50599
50580
50527
50521
50454
50149
50061
49709
49212
49170
49123
49088
48888
48819
48818
48806
48787
48784
48660
48609
48462
47969
47703
47508
47377
47241
46989
46764
46612
46508
46501
46483
46145
45931
45877
45511
45439
45246
45164
45134
45078
45066
44890
44881
44717
44116
44005
43876
43750
43578
43535
43492
43437
43433
43420
43405
43295
43222
43159
43044
42991
42985
42895
42814
42749
42609
42482
42198
42126
42101
41954
41846
41796
41773
41407
41289
41223
41137
41048
41034
40880
40831
40764
40717
40665
40638
40480
40457
40403
40136
39966
39745
39723
39651
39586
39532
39313
39243
39225
39059
38856
38762
38756
38698
38625
38572
38502
38361
38089
38055
38045
38013
37948
37892
37795
37729
37719
37512
37451
37236
37084
36962
36566
36562
36401
36206
36202
36192
36181
36171
36140
35987
35856
35798
35575
35412
35394
35308
35305
35248
35187
35127
35004
34861
34855
34785
34722
34522
34466
34347
34319
34106
34091
34038
33954
33916
33896
33879
33801
33623
33543
33520
33516
33493
33455
33381
33360
33311
33120
33070
33012
32921
32865
32841
32800
32709
32669
32616
32596
32562
32527
32319
32221
32196
32063
31868
31802
31773
31737
31616
31590
31551
31449
31432
31390
31292
31284
30737
30706
30624
30540
30535
30502
30423
30375
30344
30313
30268
30251
30225
30124
30031
30018
29953
29934
29895
29749
29734
29734
29733
29732
29726
29702
29687
29681
29678
29634
29620
29601
29563
29446
29403
29268
29239
29233
29208
29208
29175
29145
29120
29086
29027
28999
28922
28903
28882
28803
28722
28554
28501
28467
28460
28356
28336
28335
28192
28162
28119
28066
28042
28016
27864
27732
27653
27625
27503
27213
27195
27082
27080
27076
27072
27023
26929
26911
26904
26898
26853
26853
26833
26819
26779
26660
26644
26590
26557
26548
26468
26446
26424
26403
26403
26356
26310
26286
26283
26256
26203
26197
26195
26170
26068
25948
25834
25781
25721
25671
25662
25550
25409
25409
25404
25337
25327
25275
25255
25199
25185
25167
25166
25163
25087
25027
24948
24941
24923
24893
24874
24872
24846
24808
24602
24589
24521
24506
24480
24475
24413
24413
24388
24376
24356
24347
24320
24250
24249
24202
24176
24124
24115
24077
24076
24071
24049
23983
23979
23955
23904
23891
23877
23853
23794
23782
23683
23669
23534
23495
23446
23440
23374
23330
23280
23232
23188
23166
23161
23155
23140
23050
23000
22988
22977
22909
22890
22787
22664
22650
22630
22584
22550
22517
22488
22452
22423
22410
22395
22395
22336
22330
22284
22278
22234
22136
22131
22101
22050
22049
22045
22043
21987
21950
21857
21854
21812
21753
21695
21687
21629
21621
21613
21610
21503
21502
21492
21434
21409
21395
21393
21348
21325
21265
21230
21221
21202
21187
21142
21122
21098
21085
21080
21032
20891
20859
20809
20797
20794
20757
20700
20662
20600
20597
20594
20594
20580
20577
20542
20373
20372
20343
20283
20177
20167
20093
20065
20041
20031
20001
20000
19977
19950
19937
19922
19911
19852
19851
19841
19776
19706
19659
19659
19657
19630
19614
19579
19472
19470
19419
19412
19375
19289
19287
19271
19260
19246
19204
19150
19118
19112
19112
19107
18912
18907
18905
18832
18775
18774
18738
18733
18689
18642
18625
18605
18602
18532
18517
18517
18505
18485
18445
18426
18425
18358
18308
18303
18251
18241
18169
18155
18132
18120
18092
18076
18041
18008
18007
17924
17917
17819
17815
17801
17799
17716
17706
17703
17678
17626
17594
17587
17548
17543
17542
17532
17507
17479
17461
17444
17441
17394
17367
17339
17236
17226
17203
17180
17179
17179
17151
17128
17097
17076
17070
17068
17068
17057
17034
17031
17023
17017
17009
17008
17000
16977
16962
16929
16903
16860
16845
16828
16826
16823
16749
16747
16747
16732
16726
16718
16693
16692
16656
16653
16651
16585
16584
16578
16563
16563
16459
16454
16453
16451
16423
16388
16382
16368
16368
16367
16367
16345
16338
16305
16293
16292
16260
16252
16251
16205
16183
16137
16104
16104
16095
16089
16056
16051
16030
16025
16017
16013
16012
15975
15970
15958
15950
15923
15885
15881
15858
15852
15845
15801
15789
15760
15755
15754
15736
15722
15711
15707
15634
15618
15585
15579
15565
15531
15518
15511
15498
15484
15477
15473
15426
15370
15341
15293
15279
15267
15248
15208
15189
15166
15143
15134
15128
15109
15097
15096
15084
15088
15077
15074
15063
15036
14995
15012
14981
14975
14975
14974
14950
14910
14892
14872
14866
14835
14834
14832
14797
14793
14780
14778
14747
14726
14708
14702
14676
14670
14670
14651
14646
14619
14575
14569
14563
14533
14526
14500
14479
14465
14417
14388
14383
14378
14314
14265
14233
14180
14163
14160
14133
14131
14108
14097
14074
14063
14054
14027
14022
14009
14000
13985
13951
13950
13942
13939
13923
13900
13898
13879
13875
13858
13836
13821
13816
13796
13761
13755
13741
13740
13737
13708
13691
13671
13664
13635
13595
13585
13529
13509
13470
13461
13408
13404
13390
13388
13383
13368
13337
13327
13311
13308
13301
13275
13227
13217
13188
13183
13166
13149
13143
13132
13127
13073
13070
13062
13038
12956
12937
12925
12920
12919
12917
12895
12887
12877
12873
12857
12834
12825
12812
12809
12794
12793
12782
12775
12739
12714
12686
12681
12667
12653
12623
12622
12608
12605
12620
12576
12557
12556
12552
12535
12534
12531
12521
12460
12433
12404
12398
12398
12391
12390
12389
12381
12369
12365
12353
12340
12314
12304
12286
12257
12241
12237
12231
12212
12196
12195
12173
12167
12159
12144
12128
12126
12085
12066
12065
12059
12048
12027
12004
11970
11962
11960
11950
11948
11920
11913
11898
11865
11865
11859
11848
11846
11828
11820
11809
11804
11774
11771
11729
11726
11735
11711
11707
11693
11675
11638
11614
11602
11603
11568
11556
11546
11510
11505
11505
11505
11499
11495
11484
11482
11466
11464
11449
11448
11447
11443
11433
11433
11412
11407
11402
11376
11374
11350
11340
11326
11323
11308
11303
11297
11280
11279
11277
11272
11265
11253
11251
11241
11230
11224
11222
11222
11200
11197
11197
11172
11166
11149
11133
11129
11110
11103
11097
11095
11090
11089
11086
11077
11065
11053
11023
10974
10963
10941
10932
10916
10903
10876
10873
10869
10854
10853
10840
10838
10825
10817
10808
10798
10794
10761
10757
10753
10752
10731
10720
10703
10702
10699
10696
10688
10685
10666
10666
10658
10649
10639
10634
10621
10611
10608
10605
10604
10595
10579
10566
10557
10555
10550
10532
10523
10519
10514
10510
10506
10504
10500
10494
10485
10465
10445
10435
10435
10434
10434
10431
10427
10405
10400
10384
10376
10359
10354
10350
10344
10325
10321
10308
10299
10293
10278
10269
10258
10257
10256
10245
10234
10223
10217
10203
10201
10194
10193
10189
10178
10165
10160
10152
10151
10145
10136
10124
10113
10098
10074
10069
10051
10050
10048
10046
10036
10025
10019
9987
9978
9963
9953
9952
9950
9917
9908
9903
9899
9898
9893
9892
9888
9872
9862
9862
9855
9828
9823
9811
9808
9802
9788
9780
9778
9771
9770
9744
9737
9734
9733
9731
9725
9715
9704
9695
9690
9681
9674
9671
9666
9664
9658
9654
9644
9642
9637
9631
9609
9600
9584
9578
9576
9574
9564
9561
9560
9549
9543
9535
9505
9501
9498
9483
9482
9456
9450
9427
9420
9410
9407
9405
9403
9401
9397
9396
9389
9381
9367
9366
9361
9358
9343
9332
9318
9318
9316
9316
9307
9301
9277
9267
9251
9245
9242
9228
9228
9223
9223
9219
9212
9207
9205
9203
9187
9183
9178
9150
9130
9128
9127
9125
9120
9117
9113
9112
9104
9100
9090
9085
9084
9080
9063
9057
9053
9053
9052
9047
9045
9036
9031
9015
9012
9010
8999
8996
8986
8976
8970
8969
8948
8944
8929
8918
8911
8902
8892
8891
8887
8884
8874
8867
8866
8861
8848
8846
8842
8839
8827
8827
8820
8805
8797
8781
8759
8750
8747
8746
8736
8732
8724
8723
8722
8716
8705
8699
8681
8679
8670
8667
8645
8642
8638
8638
8636
8630
8611
8607
8602
8597
8595
8580
8579
8579
8578
8570
8558
8553
8543
8541
8534
8516
8502
8501
8479
8476
8468
8463
8460
8450
8445
8422
8419
8419
8411
8408
8401
8387
8386
8380
8379
8377
8368
8363
8352
8350
8343
8341
8329
8328
8326
8321
8319
8312
8307
8298
8295
8294
8292
8274
8274
8272
8261
8257
8244
8236
8220
8218
8212
8203
8203
8202
8202
8196
8190
8188
8181
8176
8171
8166
8165
8163
8150
8148
8147
8141
8134
8132
8127
8116
8111
8111
8102
8102
8101
8097
8092
8088
8087
8067
8062
8045
8043
8035
8034
8033
8030
8028
8019
8016
8013
8008
8003
7989
7987
7978
7976
7971
7963
7962
7962
7960
7959
7952
7946
7943
7942
7941
7940
7924
7923
7915
7900
7898
7896
7887
7878
7872
7870
7865
7861
7861
7860
7856
7849
7846
7835
7825
7818
7816
7816
7808
7807
7807
7794
7794
7781
7777
7775
7775
7770
7765
7755
7747
7745
7744
7742
7742
7738
7738
7735
7732
7730
7728
7716
7712
7709
7706
7704
7698
7692
7690
7689
7672
7669
7669
7666
7666
7665
7663
7659
7654
7652
7649
7646
7643
7642
7634
7630
7629
7628
7621
7618
7617
7617
7614
7603
7601
7597
7596
7593
7591
7589
7586
7581
7580
7559
7557
7556
7549
7541
7538
7537
7526
7523
7523
7523
7515
7509
7506
7505
7502
7498
7497
7490
7490
7487
7483
7482
7461
7460
7446
7444
7441
7430
7425
7424
7413
7410
7407
7404
7399
7397
7391
7371
7370
7366
7364
7360
7357
7352
7351
7351
7350
7341
7337
7326
7324
7319
7312
7310
7307
7302
7298
7295
7293
7292
7285
7284
7278
7276
7270
7265
7260
7258
7252
7248
7239
7235
7231
7227
7221
7219
7204
7203
7202
7192
7181
7173
7171
7168
7168
7167
7165
7164
7162
7163
7155
7152
7150
7146
7144
7137
7136
7133
7131
7125
7122
7114
7113
7109
7104
7098
7094
7090
7086
7082
7069
7064
7063
7061
7055
7037
7037
7035
7033
7023
7017
7015
7013
7005
7005
7003
7000
6996
6994
6990
6989
6976
6975
6973
6969
6969
6964
6955
6951
6949
6944
6943
6940
6936
6933
6933
6927
6926
6922
6920
6919
6912
6909
6907
6905
6900
6899
6898
6897
6892
6890
6888
6887
6886
6885
6883
6881
6880
6871
6871
6847
6843
6833
6829
6829
6828
6824
6819
6818
6814
6810
6806
6799
6799
6797
6795
6794
6794
6788
6788
6788
6788
6787
6787
6786
6773
6765
6758
6757
6757
6753
6753
6750
6741
6740
6739
6729
6728
6727
6720
6713
6711
6711
6708
6695
6695
6691
6687
6684
6680
6680
6673
6665
6664
6663
6655
6652
6651
6650
6647
6640
6639
6637
6637
6633
6633
6628
6625
6607
6606
6589
6578
6578
6577
6577
6570
6567
6562
6559
6558
6553
6547
6543
6533
6524
6522
6516
6514
6508
6507
6503
6492
6491
6490
6487
6484
6474
6473
6471
6470
6468
6461
6456
6453
6451
6451
6451
6449
6447
6447
6446
6444
6441
6439
6438
6427
6427
6422
6417
6414
6410
6410
6408
6408
6407
6406
6402
6402
6398
6398
6395
6395
6395
6393
6388
6381
6377
6376
6376
6376
6375
6372
6370
6364
6364
6363
6346
6341
6332
6331
6330
6322
6318
6315
6313
6310
6307
6305
6305
6301
6293
6292
6288
6285
6281
6272
6270
6266
6265
6262
6257
6249
6246
6246
6244
6231
6229
6225
6223
6223
6223
6222
6222
6220
6216
6212
6209
6205
6203
6200
6196
6193
6191
6191
6184
6183
6183
6178
6178
6177
6176
6171
6171
6165
6161
6160
6155
6146
6144
6136
6133
6130
6129
6127
6125
6125
6120
6119
6117
6115
6112
6110
6108
6108
6106
6104
6104
6109
6102
6092
6090
6086
6083
6082
6078
6076
6074
6074
6071
6069
6066
6064
6063
6063
6062
6060
6056
6047
6046
6039
6036
6034
6034
6031
6031
6030
6029
6029
6025
6023
6022
6017
6015
6015
6015
6013
6008
6007
6002
5996
5995
5994
5991
5990
5988
5986
5985
5970
5970
5966
5965
5961
5958
5957
5953
5953
5951
5950
5947
5947
5943
5940
5938
5937
5934
5932
5932
5929
5928
5926
5926
5921
5920
5917
5915
5910
5905
5904
5904
5903
5890
5888
5884
5872
5871
5871
5869
5869
5865
5859
5857
5857
5849
5848
5847
5844
5841
5839
5838
5838
5838
5835
5835
5834
5832
5832
5832
5831
5830
5828
5824
5819
5815
5810
5808
5802
5799
5797
5797
5795
5793
5790
5786
5782
5776
5776
5774
5772
5769
5767
5763
5763
5763
5760
5759
5755
5740
5739
5739
5737
5736
5735
5735
5734
5734
5729
5727
5726
5726
5725
5723
5722
5714
5704
5704
5702
5700
5697
5696
5692
5688
5687
5686
5686
5683
5680
5679
5677
5677
5677
5675
5673
5670
5669
5668
5667
5663
5660
5660
5655
5655
5651
5649
5644
5642
5641
5638
5635
5631
5631
5627
5624
5621
5621
5619
5615
5613
5606
5605
5602
5602
5601
5601
5596
5596
5593
5592
5589
5588
5586
5585
5580
5578
5578
5577
5577
5573
5573
5571
5565
5564
5563
5562
5561
5559
5558
5558
5557
5553
5553
5545
5544
5538
5536
5531
5526
5525
5524
5522
5517
5514
5508
5507
5504
5500
5499
5499
5493
5488
5485
5481
5480
5479
5479
5471
5470
5468
5467
5464
5461
5455
5454
5454
5452
5452
5447
5446
5442
5442
5442
5440
5434
5431
5431
5431
5430
5430
5429
5427
5426
5423
5420
5418
5418
5415
5414
5408
5405
5405
5404
5402
5401
5400
5396
5395
5394
5392
5381
5378
5371
5370
5366
5361
5360
5356
5353
5352
5352
5345
5343
5341
5338
5334
5331
5331
5327
5322
5320
5320
5319
5316
5316
5312
5304
5303
5302
5302
5300
5297
5296
5288
5287
5286
5285
5283
5281
5280
5276
5276
5273
5272
5272
5270
5267
5266
5264
5260
5258
5257
5257
5254
5254
5253
5252
5251
5250
5240
5238
5237
5236
5236
5233
5230
5228
5228
5226
5224
5222
5221
5221
5220
5219
5215
5214
5211
5208
5208
5208
5206
5206
5203
5202
5199
5198
5197
5196
5196
5187
5186
5185
5184
5175
5166
5165
5164
5161
5160
5160
5159
5156
5155
5155
5153
5148
5148
5146
5140
5140
5135
5134
5128
5128
5127
5125
5124
5121
5114
5113
5111
5110
5108
5108
5105
5105
5105
5103
5102
5100
5097
5096
5095
5092
5089
5087
5087
5085
5085
5078
5077
5075
5073
5073
5064
5064
5063
5059
5058
5056
5055
5055
5050
5049
5048
5046
5046
5046
5045
5045
5045
5041
5039
5038
5038
5038
5035
5034
5034
5026
5021
5020
5019
5015
5011
5011
5008
5007
5004
5003
5001
5000
4996
4996
4995
4995
4992
4992
4990
4987
4986
4985
4985
4985
4979
4978
4978
4971
4969
4969
4965
4965
4965
4965
4962
4961
4961
4959
4957
4955
4953
4952
4950
4950
4949
4949
4947
4945
4944
4939
4937
4940
4933
4933
4932
4931
4929
4927
4923
4922
4921
4921
4921
4921
4919
4918
4917
4914
4911
4911
4910
4909
4907
4907
4904
4903
4898
4896
4894
4889
4888
4888
4886
4884
4884
4882
4879
4874
4874
4874
4873
4872
4872
4869
4868
4866
4866
4865
4865
4865
4863
4861
4861
4861
4860
4859
4858
4857
4855
4852
4852
4851
4849
4848
4844
4844
4843
4841
4839
4837
4837
4835
4833
4832
4830
4830
4829
4828
4824
4824
4824
4822
4819
4817
4815
4809
4808
4803
4802
4801
4800
4799
4794
4803
4793
4793
4793
4791
4791
4787
4787
4786
4785
4785
4784
4783
4783
4779
4779
4775
4774
4773
4772
4769
4767
4767
4767
4764
4763
4763
4762
4762
4761
4761
4760
4759
4756
4754
4754
4753
4753
4752
4750
4750
4749
4749
4748
4748
4748
4746
4745
4744
4743
4742
4742
4742
4741
4740
4740
4740
4739
4739
4738
4736
4733
4733
4732
4730
4730
4728
4727
4726
4726
4724
4722
4722
4721
4720
4717
4716
4715
4715
4713
4713
4710
4707
4705
4704
4702
4697
4695
4694
4692
4690
4690
4689
4688
4683
4682
4678
4676
4676
4674
4674
4674
4672
4670
4669
4666
4665
4664
4664
4663
4662
4662
4660
4660
4657
4655
4654
4654
4652
4651
4651
4651
4648
4647
4646
4640
4639
4638
4638
4635
4634
4633
4630
4630
4628
4627
4625
4624
4623
4623
4620
4619
4618
4618
4616
4612
4612
4610
4609
4608
4607
4606
4606
4604
4600
4598
4597
4595
4590
4589
4589
4588
4586
4586
4585
4585
4578
4576
4574
4573
4571
4570
4569
4568
4567
4566
4566
4560
4559
4558
4555
4553
4551
4549
4549
4546
4543
4539
4535
4533
4531
4530
4530
4530
4529
4526
4525
4523
4521
4520
4520
4519
4519
4518
4515
4514
4514
4513
4512
4512
4511
4510
4508
4506
4506
4505
4504
4502
4498
4491
4489
4488
4483
4483
4481
4476
4475
4473
4471
4471
4471
4470
4470
4466
4465
4464
4462
4461
4459
4458
4456
4456
4454
4453
4453
4450
4446
4446
4446
4444
4443
4443
4442
4441
4440
4437
4434
4431
4428
4425
4424
4422
4421
4418
4416
4416
4415
4415
4414
4412
4412
4412
4412
4411
4409
4405
4404
4404
4404
4402
4399
4398
4395
4394
4394
4392
4392
4391
4382
4377
4376
4375
4375
4375
4374
4374
4374
4373
4371
4371
4370
4370
4369
4369
4365
4365
4365
4364
4364
4360
4357
4355
4354
4354
4353
4352
4351
4351
4351
4350
4350
4349
4348
4346
4344
4344
4343
4339
4336
4335
4335
4334
4334
4332
4330
4330
4327
4326
4325
4325
4324
4324
4323
4321
4320
4319
4318
4317
4315
4314
4314
4312
4312
4311
4310
4309
4308
4307
4306
4300
4300
4299
4299
4298
4298
4297
4289
4288
4288
4287
4285
4284
4281
4281
4281
4279
4277
4277
4275
4274
4273
4268
4260
4260
4260
4260
4258
4257
4254
4254
4253
4249
4248
4247
4246
4246
4245
4244
4242
4239
4238
4238
4236
4235
4233
4232
4231
4230
4228
4228
4227
4227
4226
4226
4223
4223
4220
4220
4219
4219
4218
4217
4215
4213
4213
4209
4204
4202
4202
4201
4201
4200
4199
4199
4198
4198
4197
4196
4195
4194
4193
4192
4191
4191
4191
4190
4186
4185
4184
4180
4178
4176
4176
4176
4175
4175
4174
4173
4172
4169
4168
4166
4166
4166
4165
4164
4163
4163
4161
4159
4159
4159
4158
4155
4153
4153
4151
4150
4150
4148
4146
4145
4144
4143
4143
4142
4142
4140
4138
4138
4136
4136
4136
4135
4133
4130
4130
4129
4129
4129
4128
4128
4123
4122
4119
4116
4115
4115
4112
4110
4110
4109
4109
4109
4109
4108
4108
4108
4107
4105
4105
4101
4098
4097
4096
4096
4093
4092
4092
4090
4089
4088
4086
4085
4084
4083
4081
4078
4077
4077
4077
4076
4075
4072
4072
4071
4071
4070
4070
4069
4069
4066
4065
4064
4064
4064
4058
4057
4056
4056
4056
4055
4055
4055
4052
4050
4050
4048
4048
4047
4044
4042
4042
4041
4040
4038
4038
4037
4037
4034
4032
4032
4032
4030
4030
4029
4028
4028
4028
4028
4027
4027
4027
4025
4024
4019
4017
4015
4015
4013
4011
4011
4011
4011
4010
4010
4009
4009
4008
4006
4006
4006
4005
4004
4004
4003
3999
3998
3998
3997
3997
3996
3995
3994
3992
3991
3990
3990
3989
3988
3987
3986
3983
3982
3982
3980
3979
3974
3974
3974
3972
3970
3969
3968
3964
3963
3962
3962
3961
3960
3960
3959
3958
3958
3957
3956
3956
3956
3955
3954
3953
3951
3950
3948
3946
3946
3945
3943
3941
3938
3938
3937
3937
3936
3936
3933
3932
3932
3928
3927
3926
3926
3925
3921
3921
3921
3921
3919
3919
3918
3916
3916
3911
3910
3909
3907
3903
3902
3901
3901
3899
3896
3895
3893
3893
3892
3888
3886
3884
3883
3881
3881
3881
3880
3879
3879
3878
3878
3877
3877
3876
3876
3876
3875
3874
3874
3874
3873
3872
3870
3869
3868
3868
3866
3866
3864
3863
3863
3861
3860
3857
3856
3856
3855
3855
3852
3851
3850
3848
3848
3848
3846
3845
3845
3844
3844
3842
3841
3839
3839
3838
3835
3834
3832
3830
3829
3828
3828
3828
3826
3826
3826
3826
3823
3822
3821
3821
3820
3820
3818
3818
3818
3816
3816
3814
3812
3812
3809
3807
3807
3806
3806
3806
3802
3801
3801
3799
3797
3795
3794
3793
3793
3793
3792
3790
3790
3787
3787
3783
3783
3782
3781
3781
3780
3779
3775
3775
3773
3773
3770
3767
3767
3765
3764
3764
3764
3763
3763
3762
3762
3761
3760
3760
3759
3759
3759
3758
3758
3757
3755
3754
3753
3752
3749
3749
3748
3746
3746
3745
3745
3744
3743
3743
3742
3741
3741
3737
3736
3735
3735
3735
3734
3734
3732
3731
3730
3729
3729
3729
3729
3728
3727
3727
3727
3726
3725
3723
3722
3721
3721
3718
3717
3715
3713
3712
3711
3710
3709
3709
3708
3707
3706
3705
3701
3701
3700
3697
3692
3691
3691
3691
3688
3688
3687
3683
3683
3681
3680
3679
3677
3677
3676
3675
3675
3675
3675
3672
3672
3672
3671
3671
3670
3670
3670
3669
3668
3668
3667
3665
3664
3662
3662
3662
3661
3660
3660
3660
3659
3655
3655
3654
3654
3653
3652
3652
3651
3649
3649
3648
3647
3647
3647
3647
3645
3645
3645
3642
3639
3638
3638
3637
3637
3636
3636
3636
3636
3634
3633
3633
3633
3632
3630
3630
3629
3628
3627
3627
3627
3626
3625
3623
3623
3622
3621
3621
3621
3619
3619
3619
3618
3618
3618
3618
3618
3617
3616
3616
3615
3615
3613
3610
3609
3609
3608
3608
3606
3606
3605
3604
3604
3603
3602
3601
3600
3599
3599
3598
3598
3598
3596
3595
3595
3594
3592
3592
3591
3594
3590
3590
3479
3588
3588
3587
3586
3586
3584
3584
3583
3583
3582
3582
3580
3580
3580
3577
3576
3576
3576
3575
3573
3573
3573
3566
3564
3564
3564
3563
3563
3563
3562
3562
3562
3560
3559
3557
3556
3555
3555
3552
3552
3549
3549
3545
3545
3543
3542
3541
3540
3540
3540
3537
3535
3535
3532
3529
3528
3528
3528
3527
3527
3527
3527
3527
3526
3526
3525
3524
3524
3523
3522
3521
3521
3520
3520
3519
3519
3518
3517
3517
3517
3512
3510
3510
3509
3509
3505
3505
3504
3503
3503
3503
3503
3501
3500
3499
3499
3499
3498
3498
3497
3497
3495
3494
3494
3493
3492
3492
3491
3490
3490
3489
3489
3489
3489
3487
3486
3484
3484
3484
3484
3484
3484
3483
3483
3483
3482
3482
3481
3479
3479
3479
3479
3478
3477
3475
3474
3474
3473
3473
3472
3469
3469
3469
3469
3469
3469
3468
3468
3467
3466
3466
3466
3465
3464
3464
3464
3463
3462
3462
3462
3462
3461
3461
3460
3460
3459
3459
3458
3458
3457
3456
3455
3454
3453
3453
3452
3449
3448
3443
3442
3439
3439
3438
3438
3438
3436
3436
3433
3432
3431
3431
3430
3429
3428
3428
3428
3428
3427
3427
3427
3427
3426
3425
3423
3423
3422
3422
3422
3421
3421
3420
3420
3419
3418
3416
3416
3416
3415
3413
3413
3411
3410
3409
3407
3407
3406
3405
3404
3404
3403
3402
3402
3402
3400
3400
3398
3398
3398
3393
3393
3393
3393
3389
3389
3389
3388
3387
3386
3386
3386
3386
3385
3385
3385
3385
3382
3382
3381
3377
3377
3377
3376
3376
3375
3375
3374
3373
3372
3371
3370
3370
3369
3369
3369
3368
3368
3366
3366
3366
3363
3363
3362
3361
3360
3360
3357
3357
3356
3356
3355
3355
3355
3354
3353
3353
3352
3351
3349
3349
3349
3349
3348
3348
3347
3346
3346
3346
3345
3345
3344
3342
3341
3341
3340
3340
3338
3336
3336
3335
3334
3333
3333
3333
3333
3332
3332
3332
3331
3331
3331
3331
3329
3329
3327
3327
3326
3325
3324
3322
3322
3322
3321
3320
3320
3319
3319
3318
3318
3317
3316
3316
3315
3315
3315
3315
3314
3313
3312
3310
3310
3309
3309
3309
3308
3307
3306
3306
3304
3302
3301
3301
3301
3300
3300
3299
3297
3296
3296
3295
3294
3292
3292
3291
3290
3290
3289
3289
3289
3289
3288
3288
3288
3288
3288
3287
3286
3286
3285
3284
3283
3280
3279
3279
3277
3277
3275
3275
3275
3275
3274
3273
3273
3272
3271
3279
3271
3269
3268
3268
3266
3265
3264
3264
3263
3262
3262
3262
3261
3260
3259
3258
3258
3258
3257
3256
3254
3253
3253
3253
3253
3255
3251
3250
3250
3250
3249
3249
3248
3246
3244
3243
3241
3239
3239
3238
3237
3237
3237
3236
3236
3235
3235
3235
3234
3234
3233
3233
3232
3232
3231
3230
3230
3229
3229
3227
3226
3225
3225
3225
3224
3224
3222
3222
3222
3222
3221
3220
3217
3217
3217
3216
3215
3214
3214
3214
3213
3212
3211
3209
3206
3204
3202
3202
3202
3202
3201
3201
3200
3199
3199
3197
3197
3196
3194
3194
3194
3193
3193
3192
3192
3191
3190
3190
3187
3187
3187
3187
3185
3185
3184
3182
3181
3180
3180
3178
3177
3177
3175
3175
3175
3174
3174
3173
3173
3172
3171
3169
3169
3168
3168
3167
3167
3167
3166
3165
3165
3164
3163
3163
3163
3162
3162
3162
3162
3161
3160
3160
3159
3158
3157
3157
3156
3156
3156
3155
3152
3151
3151
3150
3149
3148
3148
3147
3147
3147
3146
3146
3145
3145
3145
3144
3142
3142
3142
3142
3140
3139
3139
3139
3138
3137
3137
3137
3136
3136
3134
3134
3134
3133
3132
3132
3131
3130
3128
3128
3128
3127
3126
3126
3125
3125
3124
3123
3123
3123
3122
3122
3121
3121
3121
3120
3116
3115
3114
3114
3113
3113
3113
3112
3112
3111
3110
3109
3109
3109
3107
3107
3106
3106
3105
3105
3102
3101
3099
3099
3099
3099
3098
3098
3098
3097
3097
3097
3096
3096
3094
3094
3092
3091
3091
3090
3090
3090
3090
3089
3089
3088
3087
3086
3084
3082
3081
3079
3079
3079
3079
3078
3078
3077
3076
3076
3076
3075
3075
3075
3074
3072
3072
3071
3071
3069
3069
3069
3069
3068
3067
3066
3066
3066
3065
3065
3065
3065
3063
3063
3063
3063
3062
3062
3062
3062
3060
3060
3060
3059
3059
3059
3054
3054
3054
3053
3053
3053
3051
3051
3050
3047
3046
3046
3046
3046
3044
3044
3044
3043
3043
3043
3043
3042
3041
3041
3041
3040
3040
3037
3036
3036
3035
3034
3034
3033
3032
3032
3032
3032
3031
3030
3029
3029
3029
3029
3026
3026
3025
3024
3024
3022
3022
3021
3021
3021
3021
3018
3018
3017
3016
3016
3015
3015
3015
3014
3013
3012
3011
3011
3011
3010
3010
3008
3007
3007
3007
3007
3006
3006
3005
3005
3004
3004
3003
3002
3001
3000
3000
3000
3000
3000
