62233
58200
49273
43676
40416
38038
33870
33555
33481
33395
33393
32058
29806
29483
28447
27230
26896
26634
26405
24559
24503
24344
24215
23751
22902
22726
22699
21692
21110
20059
20019
19843
19737
19426
19417
18971
18734
18291
18219
17755
17723
17557
17422
17403
17135
16970
16891
16576
16334
16282
15752
15743
15524
15473
15189
14931
14910
14894
14887
14859
14579
14507
14316
14252
14168
14070
14034
14026
13942
13733
13588
13521
13481
13439
13215
13172
13136
12915
12858
12790
12569
12550
12497
12482
12478
12459
12456
12411
12398
12366
12360
12233
12008
11978
11964
11932
11874
11817
11787
11783
11775
11737
11676
11662
11638
11633
11582
11535
11476
11476
11433
11413
11312
11305
11290
11249
11228
11220
11185
11137
11122
11083
11034
11001
10925
10889
10861
10860
10848
10838
10811
10753
10753
10707
10675
10645
10518
10511
10509
10463
10459
10445
10399
10373
10321
10301
10238
10227
10182
10131
10123
10093
10075
10074
10037
9994
9975
9956
9954
9943
9938
9935
9897
9868
9851
9813
9802
9730
9710
9710
9678
9634
9631
9613
9608
9608
9587
9567
9516
9494
9494
9477
9390
9355
9354
9307
9300
9288
9236
9233
9219
9200
9197
9167
9081
9057
9051
9046
9019
9013
8980
8978
8976
8967
8940
8913
8898
8868
8864
8849
8832
8831
8820
8797
8786
8780
8771
8764
8754
8712
8696
8691
8662
8677
8640
8627
8617
8587
8533
8513
8496
8481
8460
8443
8434
8416
8414
8390
8356
8351
8333
8310
8303
8268
8260
8248
8237
8233
8231
8226
8202
8171
8159
8146
8146
8134
8128
8125
8120
8116
8098
8091
8065
8039
8038
8027
8023
7995
7975
7971
7968
7954
7944
7940
7923
7920
7886
7884
7862
7855
7851
7837
7830
7810
7805
7800
7797
7796
7789
7776
7771
7771
7764
7763
7744
7738
7730
7702
7694
7687
7646
7643
7630
7617
7564
7557
7554
7496
7494
7468
7460
7454
7453
7452
7446
7444
7428
7425
7424
7420
7369
7365
7359
7321
7319
7315
7313
7307
7297
7278
7263
7254
7251
7249
7239
7228
7183
7179
7176
7165
7153
7138
7124
7115
7108
7076
7066
7056
7056
7029
7027
7020
7002
6986
6983
6977
6967
6962
6961
6948
6946
6945
6940
6938
6925
6915
6913
6908
6905
6903
6889
6888
6879
6886
6871
6874
6868
6845
6840
6837
6817
6814
6801
6793
6789
6786
6785
6782
6779
6771
6766
6755
6742
6740
6737
6731
6699
6697
6696
6678
6671
6664
6660
6657
6655
6649
6648
6642
6632
6604
6603
6594
6582
6581
6573
6561
6550
6548
6542
6539
6533
6529
6520
6508
6505
6500
6489
6474
6464
6462
6459
6458
6419
6416
6401
6400
6397
6394
6393
6393
6386
6382
6379
6378
6378
6369
6366
6364
6344
6335
6329
6332
6327
6325
6314
6307
6306
6303
6300
6290
6289
6288
6287
6285
6285
6276
6258
6247
6245
6237
6233
6230
6226
6220
6209
6204
6198
6192
6189
6187
6186
6185
6184
6177
6185
6169
6155
6146
6143
6136
6130
6128
6121
6121
6119
6128
6103
6097
6082
6079
6076
6071
6069
6066
6065
6064
6062
6053
6047
6041
6036
6021
6010
6009
6000
5995
5984
5978
5967
5958
5957
5955
5954
5942
5934
5929
5918
5903
5902
5900
5898
5890
5887
5872
5871
5869
5862
5854
5840
5836
5832
5829
5825
5816
5812
5811
5810
5809
5796
5796
5790
5782
5779
5776
5775
5767
5763
5759
5757
5756
5750
5746
5741
5740
5731
5727
5726
5725
5713
5698
5697
5696
5695
5694
5692
5690
5685
5674
5672
5672
5670
5660
5655
5654
5650
5650
5628
5626
5623
5616
5610
5595
5595
5571
5569
5567
5558
5554
5553
5544
5543
5542
5541
5541
5540
5537
5537
5536
5534
5532
5531
5529
5527
5526
5520
5515
5513
5510
5510
5510
5507
5503
5503
5490
5490
5485
5485
5481
5475
5470
5469
5463
5462
5457
5456
5455
5452
5451
5451
5445
5438
5423
5423
5420
5414
5410
5405
5405
5401
5393
5385
5382
5377
5371
5371
5370
5369
5366
5366
5350
5349
5344
5344
5336
5334
5330
5328
5322
5312
5295
5288
5286
5284
5282
5278
5270
5265
5260
5258
5253
5252
5251
5246
5244
5236
5241
5233
5233
5231
5229
5228
5224
5223
5202
5197
5195
5194
5193
5187
5185
5184
5180
5177
5176
5175
5175
5167
5162
5161
5160
5151
5149
5147
5146
5131
5130
5128
5125
5125
5124
5121
5120
5115
5113
5105
5105
5088
5087
5078
5076
5066
5062
5060
5056
5055
5050
5050
5046
5040
5039
5039
5033
5030
5029
5028
5028
5023
5020
5012
5007
5001
4998
4991
4990
4986
4982
4979
4963
4962
4958
4935
4935
4933
4927
4922
4916
4914
4914
4913
4905
4899
4896
4894
4883
4882
4878
4874
4873
4896
4866
4858
4856
4852
4850
4844
4840
4839
4832
4830
4812
4808
4808
4806
4805
4804
4804
4802
4797
4788
4787
4784
4782
4779
4778
4774
4772
4772
4760
4760
4757
4755
4753
4752
4746
4740
4738
4736
4735
4731
4728
4723
4722
4722
4718
4713
4710
4710
4709
4707
4703
4702
4697
4696
4694
4692
4684
4684
4682
4680
4680
4678
4677
4673
4672
4671
4669
4664
4664
4651
4650
4647
4645
4644
4642
4638
4633
4632
4626
4624
4624
4623
4620
4616
4614
4614
4613
4610
4608
4599
4597
4595
4594
4579
4577
4576
4573
4569
4566
4565
4562
4560
4557
4557
4547
4546
4544
4542
4541
4540
4540
4539
4538
4534
4527
4526
4525
4522
4519
4517
4508
4508
4506
4504
4503
4503
4501
4500
4500
4497
4490
4486
4483
4480
4479
4475
4475
4474
4473
4473
4468
4463
4457
4457
4452
4446
4444
4442
4441
4434
4433
4432
4432
4431
4430
4430
4428
4426
4426
4424
4421
4419
4417
4416
4416
4415
4407
4407
4407
4397
4388
4386
4384
4380
4378
4377
4371
4369
4367
4365
4364
4362
4357
4351
4349
4345
4342
4337
4336
4336
4336
4335
4333
4328
4324
4333
4319
4314
4310
4307
4305
4303
4303
4302
4302
4302
4300
4298
4294
4287
4281
4280
4280
4275
4274
4274
4273
4272
4270
4266
4265
4265
4263
4259
4254
4253
4252
4249
4249
4243
4242
4239
4239
4235
4233
4230
4228
4227
4223
4222
4220
4220
4219
4219
4219
4219
4218
4216
4213
4210
4209
4208
4206
4206
4203
4203
4198
4194
4193
4193
4193
4189
4188
4182
4178
4178
4175
4175
4175
4174
4173
4169
4168
4167
4165
4157
4152
4151
4148
4147
4143
4143
4140
4139
4138
4138
4138
4136
4133
4131
4127
4126
4125
4124
4122
4121
4118
4117
4114
4109
4107
4106
4106
4103
4103
4102
4101
4101
4101
4099
4098
4099
4095
4093
4092
4092
4092
4091
4084
4083
4082
4082
4080
4076
4074
4073
4073
4072
4069
4060
4058
4050
4049
4048
4046
4042
4042
4038
4034
4033
4031
4031
4027
4026
4026
4023
4022
4020
4019
4019
4019
4017
4016
4015
4014
4010
4009
4008
4005
4005
4003
4001
4000
3995
3995
3994
3992
3991
3991
3989
3987
3984
3973
3972
3972
3971
3969
3969
3966
3964
3956
3955
3953
3949
3943
3942
3940
3938
3932
3932
3931
3929
3927
3926
3923
3922
3917
3916
3913
3911
3911
3876
3910
3904
3904
3895
3894
3892
3892
3891
3890
3889
3886
3884
3881
3881
3879
3877
3877
3875
3875
3875
3875
3875
3874
3871
3867
3866
3866
3859
3856
3855
3854
3851
3852
3849
3846
3843
3848
3842
3840
3839
3836
3831
3830
3828
3828
3828
3822
3821
3819
3817
3816
3815
3814
3814
3814
3813
3812
3802
3800
3798
3796
3796
3795
3794
3791
3790
3789
3789
3788
3786
3786
3784
3783
3782
3778
3776
3775
3775
3775
3773
3772
3772
3770
3770
3770
3770
3767
3767
3766
3763
3763
3762
3760
3760
3758
3758
3755
3754
3750
3750
3746
3744
3744
3744
3742
3741
3740
3740
3733
3732
3731
3730
3730
3729
3728
3726
3725
3725
3725
3725
3724
3717
3717
3708
3708
3707
3704
3704
3702
3702
3701
3698
3697
3695
3695
3690
3686
3683
3682
3681
3679
3679
3679
3678
3678
3677
3677
3673
3672
3670
3670
3669
3668
3667
3665
3663
3662
3659
3659
3657
3656
3647
3642
3642
3640
3640
3640
3640
3638
3637
3636
3635
3629
3627
3625
3625
3625
3625
3622
3621
3620
3619
3619
3617
3612
3611
3611
3609
3609
3607
3605
3604
3602
3601
3598
3597
3595
3612
3594
3591
3591
3586
3583
3582
3582
3581
3579
3576
3572
3569
3566
3561
3557
3556
3556
3555
3554
3553
3553
3553
3552
3552
3552
3549
3546
3546
3542
3540
3539
3538
3537
3537
3536
3536
3536
3536
3535
3534
3533
3530
3527
3525
3521
3520
3520
3519
3516
3516
3515
3514
3514
3514
3513
3511
3508
3505
3498
3493
3491
3491
3481
3477
3477
3477
3474
3470
3469
3468
3468
3465
3459
3454
3453
3453
3452
3451
3449
3449
3448
3447
3446
3446
3441
3439
3439
3438
3434
3432
3431
3429
3428
3425
3422
3421
3421
3419
3419
3418
3417
3417
3415
3412
3412
3410
3410
3409
3408
3407
3404
3404
3402
3400
3399
3398
3398
3398
3396
3394
3394
3393
3391
3390
3388
3385
3385
3379
3376
3374
3374
3379
3373
3372
3372
3371
3366
3361
3358
3357
3356
3356
3355
3355
3354
3352
3351
3350
3350
3347
3343
3343
3341
3341
3341
3339
3338
3338
3338
3336
3335
3335
3332
3330
3330
3327
3326
3325
3319
3316
3316
3313
3311
3310
3310
3310
3307
3307
3307
3306
3305
3303
3298
3295
3293
3290
3288
3286
3285
3285
3284
3283
3280
3278
3276
3276
3275
3274
3274
3274
3273
3273
3271
3271
3270
3269
3269
3268
3266
3263
3263
3262
3261
3261
3260
3259
3257
3257
3255
3255
3247
3245
3245
3244
3243
3241
3241
3240
3240
3238
3237
3236
3232
3227
3227
3226
3226
3224
3222
3216
3215
3214
3213
3213
3212
3211
3210
3210
3209
3209
3208
3205
3202
3201
3200
3200
3199
3199
3196
3196
3196
3194
3191
3190
3190
3190
3189
3189
3184
3182
3181
3181
3179
3178
3178
3177
3176
3174
3174
3174
3173
3173
3173
3170
3168
3167
3167
3164
3163
3161
3161
3160
3159
3156
3155
3155
3155
3154
3153
3151
3151
3150
3148
3147
3146
3145
3144
3141
3141
3140
3139
3138
3137
3132
3131
3131
3126
3126
3124
3123
3122
3120
3120
3118
3118
3118
3113
3113
3111
3109
3109
3106
3105
3104
3104
3103
3101
3101
3101
3100
3094
3094
3094
3093
3091
3091
3090
3089
3088
3088
3087
3087
3086
3085
3084
3083
3083
3082
3082
3081
3078
3076
3075
3075
3074
3073
3073
3072
3072
3071
3070
3069
3069
3069
3068
3067
3066
3065
3062
3061
3061
3060
3059
3057
3056
3056
3055
3054
3053
3052
3050
3050
3050
3049
3045
3045
3045
3043
3043
3040
3040
3040
3039
3037
3029
3027
3027
3023
3022
3022
3020
3018
3014
3010
3010
3008
3005
3004
3004
3001
3001
