117489
108543
41103
21242
19840
18155
17932
17463
16666
16643
16114
15925
15545
15446
14339
13977
13620
12605
12379
12089
12079
11627
11531
11527
11078
11018
10970
10890
10885
10466
10425
10413
10328
10273
10157
10082
10065
10051
9770
9742
9610
9432
9311
9173
9156
9110
9069
9032
8813
8797
8736
8732
8637
8603
8530
8496
8468
8404
8350
8252
8242
8166
8034
7949
7854
7790
7676
7646
7603
7587
7470
7467
7441
7437
7415
7408
7341
7276
7271
7161
7147
7146
7143
7068
6983
6975
6954
6949
6892
6747
6741
6728
6720
6603
6596
6559
6537
6508
6488
6483
6479
6476
6470
6419
6387
6360
6341
6331
6321
6244
6229
6226
6214
6173
6143
6099
6086
6072
6057
6026
6016
6013
5990
5967
5938
5925
5921
5909
5897
5856
5835
5809
5781
5741
5730
5685
5675
5634
5561
5559
5516
5505
5467
5460
5444
5385
5313
5307
5296
5275
5256
5219
5218
5192
5188
5156
5153
5147
5136
5136
5132
5099
5078
5066
5052
5046
5038
4981
4973
4954
4947
4947
4941
4933
4907
4905
4876
4854
4840
4830
4827
4819
4812
4752
4752
4733
4728
4710
4708
4701
4697
4687
4679
4674
4671
4670
4656
4652
4635
4601
4593
4577
4572
4551
4550
4522
4514
4511
4504
4495
4480
4469
4469
4445
4423
4408
4400
4390
4389
4383
4370
4363
4360
4353
4346
4324
4322
4306
4297
4291
4283
4271
4271
4266
4249
4244
4228
4227
4208
4205
4199
4197
4179
4163
4148
4142
4101
4100
4098
4024
4015
4007
3994
3979
3965
3965
3960
3957
3952
3929
3923
3920
3918
3905
3893
3875
3869
3858
3856
3850
3836
3820
3810
3802
3797
3790
3788
3784
3778
3771
3771
3768
3755
3752
3737
3728
3721
3719
3700
3687
3682
3680
3679
3674
3673
3673
3647
3641
3632
3611
3610
3603
3601
3587
3583
3582
3568
3553
3552
3552
3550
3535
3533
3529
3527
3525
3524
3509
3501
3500
3500
3483
3476
3474
3471
3465
3461
3453
3442
3437
3425
3425
3424
3415
3408
3402
3397
3396
3392
3391
3390
3385
3369
3368
3363
3356
3350
3345
3343
3343
3342
3341
3338
3335
3319
3317
3317
3302
3294
3291
3268
3255
3254
3249
3229
3226
3223
3216
3209
3205
3204
3199
3194
3192
3190
3187
3170
3166
3162
3151
3142
3140
3139
3137
3134
3133
3124
3121
3115
3120
3110
3100
3097
3093
3086
3079
3078
3062
3061
3060
3059
3058
3049
3046
3028
3028
3020
3018
3015
3009
3002
3000
