464466
463505
433083
414814
299112
289400
279346
254144
249319
245337
236165
233997
232346
224055
223346
222250
217041
216847
214681
211666
202931
200325
185279
183579
179955
177506
174427
172110
168969
167764
165531
165004
164302
162287
159894
155324
146857
146706
146487
144205
144099
141853
139154
139039
138951
138874
135570
135189
133419
132054
131771
131589
130079
128451
128014
127387
127177
126784
125595
124435
124047
122979
120323
119694
117964
117921
116666
116639
115587
113309
112918
107877
107642
106188
106067
105438
105316
104865
104343
104138
103437
102917
101311
100676
100283
100244
99062
98035
97793
97155
97050
97003
95219
94225
93940
92270
91599
91590
91210
91071
90959
90424
90360
90026
89588
88206
88205
87578
87441
87327
86918
86630
86321
86245
86129
85998
85550
85308
84980
84514
84424
83174
82952
82771
82576
82472
81987
81602
81556
80055
79910
78618
78310
77632
76912
76577
76473
75981
75478
75096
74999
74656
73699
73691
73352
73067
70651
70635
70545
70365
69245
69204
68674
68307
68253
68241
67811
67797
67526
67437
66580
66101
66024
65936
65840
65539
65405
65174
65160
64957
64241
64201
63312
62940
62686
62301
61971
61681
60686
60071
59386
58803
58090
57939
57405
57231
57203
57194
57158
56972
56698
56665
56599
55951
55934
55758
55660
55636
55609
55109
54855
54633
54456
54277
54242
54200
54150
53657
53608
53595
53313
53262
53217
53052
52775
52735
52153
52144
52033
51980
51812
51320
51249
51206
51200
51021
50972
50838
50787
50444
50070
49943
49306
49259
49060
48974
48836
48731
48545
48323
47751
47606
47589
47586
47577
47369
47279
47170
47122
47002
47001
46960
46863
46818
46754
46592
46484
46476
46403
46267
46264
46233
46230
46107
46096
46021
45928
45906
45879
45839
45725
45637
45637
45552
45518
45415
45297
45177
44996
44915
44823
44510
44387
43972
43868
43718
43709
43529
43517
43434
43193
43123
43120
42918
42876
42747
42697
42338
42201
42058
41830
41564
41554
41496
41490
41244
41229
41174
41161
41136
41131
40701
40695
40657
40451
40450
40336
40309
40259
40070
39771
39693
39666
39655
39635
39545
39433
39419
39341
39261
39140
38981
38918
38686
38655
38585
38554
38501
38479
38459
38350
38337
38081
38078
38001
37967
37928
37915
37891
37799
37751
37725
37708
37678
37645
37475
37433
37367
37295
37209
37151
37082
36953
36923
36862
36841
36805
36803
36798
36793
36778
36717
36712
36652
36437
36370
36153
36146
35986
35966
35929
35837
35801
35793
35754
35734
35686
35601
35438
35438
35365
35081
35052
35038
35025
34910
34747
34688
34660
34636
34498
34477
34318
34304
34263
34217
34138
34036
34029
33999
33985
33924
33908
33845
33716
33621
33513
33392
33350
33274
33225
33219
33208
33136
33087
33072
33051
32913
32864
32803
32794
32789
32745
32667
32633
32510
32509
32456
32211
32190
32070
32061
32049
32011
31977
31909
31895
31883
31863
31832
31827
31816
31755
31742
31718
31603
31596
31540
31434
31387
31363
31340
31300
31248
31237
31234
31210
31085
31081
31064
31062
30994
30987
30925
30870
30855
30826
30798
30779
30779
30730
30725
30629
30499
30423
30302
30277
30140
30090
30083
30067
30048
30035
29927
29893
29890
29758
29738
29656
29599
29579
29533
29479
29453
29352
29338
29280
29269
29239
29199
29164
29074
28993
28948
28933
28925
28884
28827
28811
28781
28772
28738
28703
28639
28533
28439
28378
28308
28279
28242
28192
28152
28149
28108
28104
27999
27983
27979
27940
27812
27770
27691
27687
27679
27678
27660
27578
27563
27546
27395
27386
27356
27290
27217
27129
27126
27106
27066
26982
26977
26953
26918
26873
26807
26802
26736
26647
26579
26498
26495
26464
26401
26398
26364
26342
26317
26293
26260
26245
26141
26137
26094
26094
26052
26045
26019
25983
25970
25954
25953
25899
25870
25788
25766
25760
25758
25743
25696
25683
25580
25569
25561
25554
25534
25507
25494
25478
25415
25371
25359
25320
25270
25266
25255
25240
25170
25170
25103
25096
25080
25077
24997
24990
24912
24906
24823
24808
24807
24699
24664
24607
24526
24516
24502
24486
24443
24424
24410
24298
24298
24256
24254
24248
24202
24173
24110
24086
24060
23992
23963
23923
23888
23871
23868
23856
23851
23844
23805
23705
23693
23601
23568
23564
23537
23498
23377
23373
23359
23359
23347
23338
23276
23268
23220
23199
23169
23155
23151
22897
22869
22866
22855
22793
22776
22753
22723
22700
22699
22691
22582
22582
22572
22546
22517
22504
22504
22454
22445
22427
22419
22414
22361
22358
22236
22226
22181
22164
22144
22131
22105
22097
22091
22078
22048
22041
22041
22021
21986
21979
21964
21942
21938
21933
21858
21816
21797
21793
21782
21775
21753
21720
21684
21671
21626
21623
21503
21486
21455
21421
21408
21401
21384
21230
21219
21175
21131
21109
21069
21062
21052
21045
20962
20956
20956
20946
20939
20892
20890
20859
20856
20839
20828
20799
20771
20753
20736
20721
20709
20705
20691
20638
20634
20630
20561
20537
20508
20491
20462
20437
20372
20370
20365
20365
20341
20325
20243
20231
20212
20207
20201
20195
20120
20091
20086
20064
20043
19988
19980
19944
19886
19900
19873
19831
19776
19776
19775
19752
19752
19736
19692
19660
19617
19617
19614
19586
19563
19540
19524
19511
19510
19471
19455
19434
19428
19366
19357
19337
19334
19328
19313
19282
19260
19244
19230
19121
19115
19060
19041
18992
18982
18964
18958
18952
18950
18916
18904
18900
18891
18889
18886
18849
18843
18843
18806
18797
18797
18766
18765
18711
18708
18655
18628
18617
18607
18600
18591
18572
18571
18553
18547
18538
18524
18517
18478
18449
18442
18439
18411
18384
18377
18320
18279
18201
18196
18194
18141
18129
18127
18098
18086
18082
18069
18065
18021
18001
17994
17981
17967
17956
17947
17915
17910
17896
17887
17883
17876
17851
17843
17827
17820
17788
17786
17773
17773
17746
17736
17731
17690
17674
17673
17606
17569
17556
17528
17521
17515
17501
17501
17494
17491
17486
17446
17439
17436
17431
17425
17417
17406
17396
17393
17392
17386
17356
17347
17336
17273
17266
17258
17253
17245
17231
17220
17218
17184
17177
17163
17148
17140
17126
17124
17117
17085
17067
17064
17060
17001
16998
16978
16959
16950
16916
16894
16890
16889
16879
16794
16750
16749
16746
16744
16739
16718
16714
16709
16703
16687
16674
16644
16601
16562
16559
16544
16529
16508
16507
16500
16467
16463
16441
16436
16418
16407
16362
16344
16335
16278
16236
16224
16219
16216
16205
16201
16194
16193
16190
16188
16142
16133
16120
16115
16101
16049
16041
16027
16012
16008
15987
15978
15973
15935
15926
15917
15885
15883
15867
15861
15856
15846
15825
15804
15774
15767
15762
15724
15697
15693
15629
15626
15615
15612
15609
15606
15595
15594
15564
15563
15560
15547
15529
15529
15526
15524
15513
15493
15488
15470
15468
15456
15440
15439
15423
15408
15400
15381
15373
15361
15353
15337
15326
15299
15290
15288
15272
15240
15238
15203
15189
15179
15175
15158
15151
15146
15143
15135
15135
15126
15122
15118
15107
15105
15066
15060
15055
15052
15045
15044
15040
15038
15035
15033
15017
15004
14995
14993
14983
14978
14948
14943
14938
14924
14914
14898
14896
14891
14889
14888
14878
14867
14863
14842
14837
14836
14832
14829
14827
14819
14821
14815
14811
14809
14796
14796
14774
14773
14763
14752
14730
14726
14677
14674
14673
14667
14662
14654
14646
14643
14641
14628
14602
14601
14599
14598
14591
14588
14580
14576
14572
14570
14567
14565
14538
14529
14528
14526
14519
14511
14495
14488
14487
14464
14462
14456
14447
14440
14395
14396
14360
14360
14355
14350
14347
14334
14331
14314
14308
14287
14283
14283
14276
14240
14233
14224
14214
14213
14197
14185
14154
14149
14147
14128
14088
14078
14054
14041
14040
14016
14008
14003
13985
13984
13966
13961
13954
13945
13940
13898
13897
13892
13873
13871
13845
13840
13822
13797
13792
13791
13781
13774
13759
13758
13746
13737
13735
13698
13686
13679
13667
13665
13639
13634
13617
13601
13576
13572
13571
13565
13554
13543
13541
13523
13520
13476
13475
13473
13456
13439
13428
13425
13423
13407
13404
13397
13394
13355
13349
13328
13308
13298
13292
13288
13251
13241
13239
13212
13211
13197
13176
13147
13135
13127
13120
13119
13117
13114
13107
13104
13104
13104
13082
13079
13059
13042
13032
13032
13031
13024
13024
13021
13018
13014
13007
12994
12990
12984
12976
12967
12962
12961
12956
12955
12947
12938
12928
12928
12926
12923
12919
12900
12889
12874
12873
12852
12850
12840
12839
12830
12827
12824
12818
12817
12807
12804
12787
12787
12775
12774
12758
12754
12730
12729
12722
12718
12712
12701
12697
12690
12683
12681
12680
12672
12661
12646
12645
12639
12613
12599
12595
12576
12569
12536
12535
12530
12525
12519
12519
12512
12491
12482
12470
12457
12455
12448
12438
12425
12424
12404
12383
12364
12355
12353
12351
12348
12346
12336
12310
12291
12283
12283
12264
12261
12257
12250
12242
12241
12207
12201
12194
12168
12167
12164
12163
12152
12149
12148
12147
12146
12122
12110
12085
12084
12084
12076
12073
12071
12061
12054
12051
12050
12047
12038
12036
12031
12025
12018
12010
12009
12005
12001
11998
11994
11990
11989
11982
11979
11977
11977
11968
11967
11951
11923
11909
11909
11897
11889
11881
11872
11870
11869
11862
11848
11845
11844
11826
11825
11823
11817
11816
11810
11804
11800
11792
11790
11786
11784
11782
11773
11759
11758
11749
11745
11730
11728
11721
11720
11716
11715
11699
11694
11692
11690
11687
11667
11665
11665
11660
11658
11657
11653
11650
11642
11640
11637
11621
11621
11618
11609
11597
11582
11578
11577
11574
11571
11569
11555
11553
11551
11550
11547
11539
11514
11506
11502
11493
11491
11489
11482
11473
11472
11469
11463
11457
11456
11448
11447
11442
11440
11439
11423
11420
11410
11406
11405
11397
11376
11370
11370
11362
11356
11356
11353
11335
11334
11332
11327
11319
11312
11312
11288
11279
11271
11269
11263
11255
11249
11234
11232
11218
11211
11209
11209
11197
11193
11189
11185
11181
11180
11168
11166
11161
11160
11180
11152
11151
11150
11141
11128
11128
11112
11110
11107
11104
11101
11092
11091
11090
11088
11084
11079
11076
11056
11051
11046
11044
11033
11028
11012
11011
11009
11007
10992
10986
10985
10984
10978
10973
10973
10968
10960
10960
10954
10952
10951
10949
10947
10943
10936
10929
10926
10918
10908
10906
10904
10902
10898
10896
10884
10882
10876
10873
10871
10866
10866
10865
10855
10851
10847
10839
10830
10807
10799
10792
10790
10782
10777
10767
10730
10726
10725
10724
10719
10719
10707
10721
10696
10687
10683
10678
10676
10671
10658
10657
10656
10636
10636
10632
10617
10617
10610
10608
10587
10584
10577
10574
10573
10563
10562
10557
10556
10554
10548
10540
10536
10535
10534
10533
10533
10522
10518
10504
10501
10500
10497
10496
10496
10491
10488
10488
10479
10475
10471
10469
10465
10437
10427
10422
10422
10421
10420
10416
10428
10406
10406
10391
10381
10380
10375
10374
10373
10370
10366
10363
10362
10355
10341
10334
10326
10313
10308
10306
10297
10296
10289
10285
10283
10283
10282
10277
10277
10277
10276
10270
10232
10232
10230
10221
10218
10218
10208
10194
10190
10186
10180
10176
10176
10175
10175
10169
10168
10164
10162
10162
10156
10124
10113
10101
10094
10093
10090
10086
10070
10070
10054
10045
10043
10042
10039
10037
10029
10017
10016
10015
10012
10003
10000
9999
9993
9993
9988
9986
9983
9981
9978
9966
9964
9961
9960
9948
9946
9945
9940
9931
9930
9927
9922
9916
9907
9898
9898
9897
9895
9895
9890
9887
9887
9881
9881
9880
9876
9874
9871
9836
9832
9828
9822
9820
9816
9804
9800
9794
9793
9789
9785
9779
9772
9771
9759
9759
9758
9750
9745
9742
9741
9734
9722
9721
9712
9711
9711
9702
9702
9686
9673
9670
9668
9666
9666
9664
9640
9637
9624
9619
9614
9609
9607
9599
9595
9592
9591
9583
9581
9579
9577
9572
9568
9567
9566
9556
9547
9544
9539
9538
9531
9529
9527
9520
9517
9508
9505
9499
9497
9493
9489
9487
9487
9473
9472
9471
9470
9464
9461
9461
9459
9459
9451
9447
9440
9438
9432
9427
9427
9420
9417
9414
9407
9394
9389
9384
9384
9380
9379
9374
9369
9366
9363
9362
9359
9356
9352
9344
9338
9334
9327
9316
9314
9310
9310
9302
9300
9296
9294
9294
9291
9289
9287
9286
9284
9216
9274
9270
9264
9259
9256
9254
9252
9246
9246
9242
9235
9233
9231
9212
9210
9206
9206
9204
9200
9196
9196
9194
9193
9192
9189
9184
9181
9181
9180
9180
9180
9171
9170
9163
9161
9160
9158
9157
9156
9147
9141
9139
9137
9135
9123
9116
9115
9114
9111
9109
9107
9101
9099
9076
9056
9052
9043
9036
9035
9029
9023
9020
9020
9007
9005
9005
9000
9000
8993
8989
8989
8986
8982
8981
8979
8977
8970
8965
8963
8957
8953
8949
8948
8938
8936
8936
8936
8936
8935
8934
8928
8926
8926
8925
8923
8916
8914
8908
8903
8896
8895
8894
8890
8887
8885
8884
8883
8883
8878
8877
8875
8874
8874
8862
8861
8852
8842
8841
8832
8826
8821
8817
8815
8814
8799
8799
8794
8790
8783
8777
8773
8771
8770
8769
8767
8764
8761
8756
8751
8743
8742
8740
8735
8734
8731
8729
8727
8727
8721
8713
8711
8702
8702
8696
8696
8690
8687
8682
8672
8671
8667
8662
8662
8653
8650
8636
8633
8632
8617
8615
8612
8612
8611
8610
8609
8609
8608
8607
8606
8605
8598
8593
8592
8584
8580
8580
8579
8574
8560
8560
8560
8559
8557
8553
8550
8547
8545
8544
8544
8543
8540
8533
8531
8528
8528
8527
8526
8524
8523
8513
8508
8507
8505
8500
8485
8484
8481
8478
8478
8478
8477
8471
8469
8466
8465
8465
8454
8451
8445
8442
8441
8441
8431
8428
8422
8419
8417
8412
8411
8411
8400
8396
8386
8385
8375
8374
8373
8370
8357
8357
8352
8351
8347
8339
8337
8335
8333
8330
8324
8323
8315
8307
8305
8302
8301
8283
8279
8279
8276
8272
8271
8269
8266
8261
8258
8249
8247
8245
8243
8242
8239
8239
8240
8228
8217
8216
8215
8215
8212
8210
8206
8205
8202
8199
8197
8189
8187
8181
8176
8174
8173
8173
8170
8168
8166
8166
8157
8157
8153
8151
8148
8146
8145
8144
8142
8142
8142
8133
8132
8144
8123
8121
8117
8116
8114
8112
8111
8110
8108
8103
8089
8084
8079
8078
8075
8071
8070
8070
8066
8061
8060
8046
8046
8045
8042
8041
8036
8036
8033
8027
8026
8025
8024
8022
8020
8017
8012
8010
8007
8005
8004
8004
7997
7997
7993
7993
7990
7987
7987
7981
7977
7975
7974
7970
7965
7963
7958
7958
7951
7951
7949
7945
7943
7936
7932
7932
7915
7915
7908
7908
7906
7904
7903
7899
7889
7884
7880
7876
7876
7873
7869
7868
7865
7860
7855
7854
7852
7845
7845
7842
7840
7829
7824
7822
7820
7820
7820
7819
7862
7809
7808
7806
7805
7804
7804
7802
7802
7800
7800
7797
7796
7796
7795
7793
7785
7785
7781
7780
7778
7773
7768
7763
7761
7757
7755
7754
7749
7743
7740
7737
7733
7731
7730
7726
7725
7725
7723
7717
7717
7714
7713
7713
7710
7710
7705
7703
7700
7700
7694
7693
7691
7691
7687
7685
7684
7684
7683
7681
7681
7677
7675
7673
7671
7667
7667
7665
7663
7663
7647
7646
7644
7643
7639
7636
7635
7631
7630
7630
7625
7622
7618
7617
7612
7608
7606
7602
7602
7607
7596
7595
7592
7586
7584
7582
7581
7579
7577
7574
7572
7570
7570
7567
7555
7554
7553
7550
7549
7545
7545
7544
7543
7541
7541
7540
7537
7537
7535
7534
7530
7528
7527
7520
7520
7514
7514
7511
7510
7509
7507
7503
7502
7501
7489
7483
7483
7482
7479
7475
7470
7470
7469
7466
7463
7459
7446
7437
7436
7435
7433
7431
7429
7428
7426
7426
7426
7420
7417
7408
7404
7404
7399
7398
7393
7393
7392
7387
7381
7377
7375
7371
7367
7365
7364
7363
7361
7361
7361
7360
7357
7353
7350
7345
7344
7339
7336
7335
7334
7331
7330
7330
7328
7328
7327
7323
7323
7321
7327
7318
7315
7314
7313
7309
7307
7304
7302
7300
7297
7295
7294
7292
7292
7289
7288
7286
7283
7283
7281
7278
7278
7277
7271
7264
7261
7259
7258
7254
7247
7244
7243
7242
7239
7236
7235
7233
7231
7225
7220
7215
7214
7211
7210
7210
7208
7207
7202
7198
7189
7188
7182
7182
7177
7167
7161
7160
7158
7155
7155
7152
7151
7036
7145
7143
7143
7143
7140
7138
7137
7136
7134
7128
7127
7126
7123
7122
7122
7118
7114
7111
7108
7100
7099
7099
7098
7098
7098
7097
7094
7093
7091
7086
7084
7080
7077
7074
7069
7065
7065
7063
7062
7061
7057
7055
7046
7045
7044
7032
7026
7010
7010
7010
7009
7009
7007
7003
7002
6997
6992
6989
6985
6985
6984
6983
6982
6977
6969
6969
6968
6968
6966
6965
6964
6962
6961
6960
6956
6951
6948
6945
6942
6940
6935
6933
6933
6932
6928
6926
6926
6926
6923
6922
6920
6922
6915
6914
6914
6873
6911
6909
6909
6909
6909
6908
6905
6904
6903
6903
6902
6902
6901
6900
6896
6896
6893
6884
6883
6881
6878
6878
6877
6876
6874
6868
6866
6865
6863
6862
6856
6854
6853
6853
6849
6848
6844
6843
6841
6839
6839
6835
6835
6830
6829
6827
6827
6824
6824
6820
6820
6820
6817
6814
6812
6809
6808
6807
6806
6805
6802
6801
6799
6798
6796
6793
6793
6792
6790
6784
6782
6782
6780
6775
6773
6770
6768
6651
6761
6760
6757
6746
6743
6743
6738
6734
6731
6728
6725
6724
6720
6719
6718
6714
6714
6714
6714
6712
6707
6705
6702
6700
6698
6697
6695
6693
6690
6690
6688
6683
6677
6676
6676
6674
6673
6670
6670
6667
6665
6660
6659
6658
6658
6656
6654
6653
6651
6645
6644
6643
6642
6637
6637
6629
6626
6622
6622
6622
6621
6620
6618
6616
6615
6613
6612
6607
6600
6599
6599
6597
6593
6593
6591
6588
6587
6586
6585
6582
6582
6581
6574
6572
6572
6571
6569
6565
6564
6563
6559
6551
6547
6546
6544
6543
6540
6536
6534
6534
6534
6532
6532
6531
6531
6530
6530
6528
6527
6524
6520
6520
6518
6515
6511
6510
6510
6508
6506
6505
6502
6502
6502
6502
6493
6493
6492
6490
6487
6487
6486
6485
6485
6484
6480
6479
6477
6476
6473
6472
6471
6469
6468
6465
6463
6462
6462
6461
6459
6459
6455
6454
6453
6451
6451
6450
6448
6448
6448
6445
6444
6442
6432
6431
6430
6430
6428
6426
6424
6420
6418
6416
6414
6411
6411
6406
6403
6403
6403
6364
6400
6400
6400
6397
6394
6394
6392
6392
6386
6385
6382
6380
6380
6376
6376
6374
6365
6360
6359
6357
6356
6354
6353
6352
6348
6410
6344
6342
6342
6339
6337
6331
6329
6329
6328
6328
6326
6322
6319
6318
6314
6314
6313
6312
6310
6310
6309
6309
6308
6306
6304
6303
6299
6299
6297
6296
6295
6288
6286
6284
6282
6282
6278
6277
6277
6274
6270
6264
6263
6263
6263
6262
6260
6254
6251
6250
6248
6246
6244
6244
6243
6241
6239
6239
6239
6238
6236
6235
6234
6232
6227
6226
6222
6220
6219
6219
6218
6217
6214
6214
6212
6210
6209
6208
6207
6204
6202
6200
6200
6198
6198
6195
6195
6191
6186
6185
6184
6182
6181
6181
6180
6178
6175
6174
6169
6168
6167
6165
6164
6162
6162
6161
6161
6160
6159
6157
6154
6154
6154
6151
6149
6147
6146
6145
6145
6148
6140
6135
6135
6134
6133
6130
6125
6125
6118
6118
6111
6111
6109
6108
6107
6106
6104
6103
6102
6102
6101
6100
6099
6096
6095
6094
6094
6091
6089
6087
6086
6085
6084
6083
6079
6077
6077
6076
6073
6073
6072
6072
6071
6070
6068
6065
6059
6058
6058
6058
6055
6054
6053
6050
6044
6043
6036
6034
6033
6032
6032
6029
6027
6027
6024
6023
6022
6021
6020
6019
6017
6016
6012
6012
6010
6008
6007
6003
5999
5999
5997
5996
5993
5993
5991
5990
5990
5987
5982
5980
5980
5979
5978
5978
5978
5976
5974
5973
5972
5970
5966
5964
5962
5962
5961
5958
5953
5952
5949
5949
5945
5943
5943
5942
5941
5938
5932
5931
5931
5928
5927
5927
5925
5925
5920
5919
5918
5916
5915
5911
5910
5910
5908
5908
5908
5908
5907
5906
5902
5900
5900
5899
5899
5895
5895
5895
5891
5891
5890
5889
5887
5886
5885
5885
5885
5882
5880
5880
5874
5873
5871
5870
5865
5864
5864
5864
5860
5859
5859
5854
5854
5853
5849
5847
5844
5843
5843
5840
5840
5831
5831
5831
5830
5830
5828
5828
5828
5825
5823
5822
5821
5819
5816
5815
5812
5812
5811
5810
5808
5807
5806
5806
5802
5801
5800
5798
5798
5796
5795
5792
5785
5783
5781
5779
5778
5777
5774
5771
5770
5770
5764
5763
5761
5760
5759
5758
5756
5749
5748
5748
5747
5746
5742
5741
5740
5740
5740
5738
5738
5738
5734
5726
5725
5722
5721
5717
5716
5714
5712
5712
5709
5709
5708
5708
5708
5707
5705
5704
5703
5695
5694
5694
5693
5687
5686
5684
5684
5681
5679
5679
5678
5677
5676
5675
5675
5674
5674
5672
5666
5665
5661
5658
5658
5655
5654
5653
5652
5650
5649
5647
5647
5647
5643
5643
5643
5643
5636
5636
5635
5635
5626
5625
5622
5621
5620
5614
5613
5611
5608
5608
5607
5606
5606
5603
5600
5599
5597
5597
5595
5593
5592
5591
5591
5591
5589
5588
5587
5586
5584
5578
5576
5575
5574
5574
5573
5571
5569
5569
5568
5565
5564
5562
5562
5558
5557
5555
5555
5551
5550
5549
5546
5544
5540
5540
5540
5538
5536
5535
5534
5531
5531
5529
5528
5528
5527
5523
5522
5519
5518
5516
5516
5515
5514
5513
5511
5508
5504
5502
5502
5501
5500
5498
5497
5497
5493
5491
5490
5489
5488
5488
5485
5483
5483
5479
5478
5476
5474
5474
5471
5468
5468
5468
5462
5459
5457
5457
5455
5455
5452
5452
5452
5450
5446
5445
5444
5444
5443
5442
5440
5440
5439
5438
5435
5435
5432
5432
5429
5428
5428
5428
5427
5426
5425
5423
5419
5416
5415
5414
5411
5411
5409
5407
5405
5403
5401
5398
5398
5397
5397
5397
5393
5393
5392
5391
5391
5391
5390
5389
5388
5387
5386
5385
5385
5385
5384
5381
5381
5381
5381
5380
5379
5377
5376
5375
5374
5373
5371
5370
5370
5370
5368
5366
5365
5364
5362
5358
5357
5355
5355
5355
5354
5351
5349
5349
5347
5345
5345
5345
5339
5336
5334
5333
5332
5332
5331
5331
5330
5329
5329
5329
5329
5329
5328
5327
5326
5325
5325
5324
5322
5320
5320
5320
5319
5319
5318
5317
5316
5316
5314
5310
5309
5308
5306
5306
5301
5290
5290
5289
5285
5283
5282
5281
5280
5279
5279
5278
5276
5275
5273
5271
5270
5268
5268
5267
5266
5266
5263
5261
5261
5259
5257
5256
5255
5254
5253
5253
5252
5252
5247
5245
5245
5244
5244
5244
5242
5242
5241
5240
5240
5239
5237
5237
5234
5232
5231
5231
5227
5227
5226
5226
5226
5224
5220
5220
5218
5218
5216
5215
5213
5210
5207
5206
5206
5205
5204
5204
5202
5202
5201
5200
5199
5197
5197
5193
5193
5183
5183
5178
5178
5177
5173
5173
5172
5170
5169
5168
5167
5166
5162
5162
5160
5159
5155
5154
5147
5147
5145
5144
5141
5141
5140
5139
5139
5139
5139
5136
5134
5133
5132
5130
5130
5129
5129
5129
5128
5127
5126
5126
5125
5125
5120
5120
5117
5115
5114
5114
5113
5113
5113
5112
5109
5104
5104
5103
5098
5095
5095
5092
5092
5092
5091
5091
5090
5088
5080
5079
5079
5078
5078
5077
5077
5076
5074
5074
5073
5073
5072
5072
5069
5068
5067
5066
5066
5066
5065
5065
5065
5064
5064
5063
5061
5061
5060
5054
5054
5053
5052
5051
5050
5048
5046
5046
5046
5045
5043
5042
5040
5038
5038
5038
5037
5037
5037
5035
5034
5034
5033
5033
5031
5031
5029
5028
5024
5023
5022
5022
5018
5017
5015
5013
5013
5012
5012
5009
5009
5008
5006
5006
5005
5004
5003
5003
5002
5000
4998
4996
4994
4994
4993
4991
4988
4988
4988
4984
4982
4988
4980
4977
4975
4975
4974
4971
4971
4970
4969
4969
4968
4966
4964
4963
4963
4962
4960
4960
4960
4958
4958
4955
4955
4951
4948
4947
4946
4945
4944
4942
4942
4941
4940
4939
4939
4938
4935
4935
4933
4932
4932
4929
4929
4928
4928
4925
4924
4924
4921
4920
4919
4918
4917
4917
4916
4915
4914
4913
4913
4913
4911
4911
4911
4909
4909
4909
4907
4907
4906
4903
4901
4900
4899
4896
4895
4894
4891
4890
4890
4889
4888
4887
4884
4884
4883
4882
4879
4878
4877
4877
4877
4873
4872
4869
4869
4868
4866
4865
4864
4863
4863
4860
4857
4857
4856
4854
4853
4853
4852
4851
4851
4851
4851
4846
4845
4843
4842
4838
4838
4838
4837
4837
4836
4835
4834
4831
4830
4826
4826
4823
4823
4821
4821
4820
4819
4819
4818
4817
4816
4815
4814
4811
4809
4806
4806
4804
4803
4803
4802
4800
4799
4797
4795
4790
4790
4789
4789
4789
4787
4786
4785
4785
4781
4780
4779
4778
4776
4775
4774
4774
4773
4773
4771
4771
4771
4770
4770
4770
4768
4766
4766
4766
4766
4765
4765
4765
4762
4761
4758
4754
4753
4752
4752
4751
4750
4749
4748
4748
4747
4746
4743
4742
4741
4739
4738
4738
4736
4736
4733
4732
4732
4731
4731
4727
4725
4724
4724
4724
4720
4719
4719
4718
4718
4713
4710
4707
4707
4706
4706
4704
4703
4703
4703
4703
4702
4701
4701
4699
4699
4699
4696
4695
4694
4693
4693
4693
4690
4690
4690
4688
4687
4687
4687
4684
4684
4682
4682
4681
4681
4680
4680
4674
4674
4673
4671
4670
4670
4668
4667
4663
4663
4659
4658
4658
4657
4657
4653
4652
4651
4649
4648
4647
4644
4644
4642
4642
4641
4637
4636
4636
4635
4635
4631
4628
4626
4626
4626
4625
4624
4624
4623
4621
4619
4619
4618
4617
4616
4616
4616
4616
4630
4615
4615
4612
4610
4608
4607
4607
4606
4606
4606
4606
4605
4603
4601
4601
4597
4596
4595
4594
4594
4594
4593
4593
4592
4592
4589
4588
4588
4585
4584
4582
4580
4580
4577
4575
4573
4570
4567
4567
4566
4566
4566
4566
4565
4563
4563
4563
4563
4563
4561
4560
4560
4559
4559
4558
4556
4555
4555
4555
4553
4552
4552
4552
4552
4551
4551
4550
4549
4549
4548
4547
4547
4544
4544
4543
4543
4539
4539
4539
4538
4541
4537
4537
4535
4535
4535
4535
4535
4535
4534
4534
4533
4533
4533
4532
4532
4530
4530
4529
4529
4529
4527
4526
4526
4526
4523
4520
4520
4520
4518
4516
4516
4515
4512
4511
4510
4510
4508
4508
4508
4507
4507
4506
4503
4502
4502
4501
4500
4499
4499
4499
4497
4495
4495
4494
4493
4492
4492
4488
4487
4485
4485
4485
4484
4484
4484
4481
4481
4480
4479
4479
4477
4476
4475
4475
4473
4472
4472
4471
4471
4471
4470
4469
4467
4466
4465
4465
4463
4463
4463
4461
4461
4460
4459
4459
4456
4456
4455
4454
4452
4450
4450
4449
4449
4448
4444
4444
4444
4440
4440
4439
4438
4437
4436
4436
4435
4431
4431
4430
4430
4429
4428
4427
4427
4426
4425
4424
4421
4419
4417
4415
4415
4414
4414
4411
4410
4409
4406
4406
4405
4405
4403
4403
4402
4402
4400
4400
4399
4397
4395
4395
4394
4393
4392
4391
4390
4388
4388
4388
4388
4384
4384
4383
4382
4381
4381
4377
4375
4375
4375
4373
4373
4372
4371
4371
4369
4366
4366
4365
4365
4362
4362
4360
4360
4357
4357
4356
4356
4356
4352
4351
4348
4347
4347
4347
4347
4347
4346
4345
4344
4342
4342
4342
4342
4335
4334
4333
4331
4329
4329
4329
4328
4327
4327
4325
4325
4325
4323
4323
4322
4322
4320
4320
4320
4315
4315
4314
4313
4313
4313
4313
4310
4309
4308
4308
4307
4307
4307
4306
4306
4306
4305
4305
4304
4303
4303
4303
4302
4302
4300
4299
4298
4297
4297
4296
4295
4295
4295
4293
4292
4291
4289
4287
4286
4286
4285
4284
4284
4284
4283
4282
4281
4280
4280
4279
4275
4272
4272
4271
4270
4270
4269
4267
4267
4267
4267
4266
4265
4265
4262
4260
4258
4258
4255
4254
4253
4252
4250
4249
4247
4247
4246
4245
4244
4244
4244
4243
4242
4242
4242
4241
4240
4240
4239
4239
4236
4236
4236
4236
4234
4232
4232
4215
4232
4231
4231
4231
4230
4229
4226
4226
4226
4226
4219
4219
4218
4217
4217
4217
4216
4214
4213
4213
4212
4208
4207
4207
4205
4205
4205
4203
4200
4200
4199
4198
4198
4196
4194
4199
4194
4194
4194
4193
4193
4193
4191
4189
4189
4188
4188
4188
4187
4187
4185
4184
4184
4183
4183
4183
4182
4180
4179
4178
4178
4178
4177
4176
4175
4174
4173
4172
4172
4171
4169
4165
4163
4161
4161
4160
4160
4158
4157
4157
4155
4153
4153
4153
4152
4152
4152
4151
4149
4149
4148
4147
4145
4144
4144
4144
4143
4142
4142
4142
4142
4140
4140
4139
4139
4139
4138
4137
4136
4135
4135
4134
4132
4130
4129
4127
4127
4126
4125
4124
4122
4122
4121
4120
4120
4119
4119
4120
4118
4116
4114
4114
4113
4111
4110
4108
4108
4105
4103
4103
4102
4102
4101
4100
4095
4095
4093
4092
4092
4091
4091
4091
4089
4087
4086
4085
4084
4083
4082
4082
4081
4081
4081
4080
4078
4076
4076
4075
4074
4073
4071
4071
4071
4071
4070
4068
4067
4065
4064
4063
4063
4061
4061
4061
4060
4060
4060
4059
4058
4054
4053
4051
4050
4049
4049
4048
4048
4047
4046
4045
4045
4045
4045
4045
4044
4044
4042
4042
4042
4041
4039
4036
4036
4035
4034
4034
4031
4029
4029
4026
4025
4025
4024
4024
4024
4023
4023
4022
4022
4022
4020
4020
4019
4019
4019
4019
4018
4017
4016
4016
4015
4014
4014
4013
4012
4012
4011
4010
4009
4007
4007
4005
4005
4005
4004
4004
4003
4002
4001
4000
4000
4000
3999
3999
3998
3998
3998
3998
3997
3996
3995
3995
3994
3994
3993
3993
3992
3991
3991
3990
3990
3990
3989
3989
3987
3986
3986
4008
3983
3983
3983
3982
3982
3981
3981
3979
3979
3978
3978
3975
3974
3970
3970
3970
3970
3968
3968
3967
3967
3966
3965
3965
3965
3963
3962
3961
3961
3960
3960
3960
3958
3957
3956
3956
3956
3956
3955
3952
3952
3952
3952
3950
3949
3948
3947
3947
3944
3944
3942
3942
3941
3940
3939
3938
3938
3936
3936
3935
3934
3934
3933
3933
3933
3931
3931
3930
3927
3927
3926
3926
3926
3925
3924
3924
3922
3922
3921
3921
3920
3920
3920
3919
3917
3917
3916
3916
3915
3915
3915
3915
3912
3911
3911
3910
3908
3908
3908
3908
3907
3907
3906
3906
3906
3905
3904
3904
3903
3902
3901
3900
3900
3900
3899
3897
3896
3896
3893
3892
3892
3892
3892
3891
3891
3890
3888
3887
3886
3885
3885
3883
3882
3882
3882
3882
3882
3880
3879
3878
3878
3877
3876
3876
3875
3874
3874
3873
3873
3872
3872
3870
3870
3869
3869
3869
3868
3867
3866
3865
3865
3862
3861
3861
3861
3860
3860
3860
3859
3858
3858
3857
3857
3856
3856
3855
3854
3854
3853
3853
3852
3851
3851
3851
3851
3849
3849
3848
3848
3847
3846
3846
3845
3844
3843
3842
3842
3842
3840
3839
3838
3837
3835
3834
3833
3833
3832
3832
3831
3831
3831
3830
3830
3828
3827
3827
3826
3824
3823
3823
3822
3822
3822
3821
3819
3818
3818
3818
3817
3817
3817
3816
3816
3816
3814
3813
3812
3808
3807
3805
3805
3804
3804
3803
3802
3800
3800
3799
3797
3796
3796
3796
3795
3795
3794
3793
3792
3792
3791
3789
3789
3789
3789
3788
3788
3786
3786
3786
3784
3783
3783
3783
3783
3782
3782
3781
3780
3779
3779
3777
3777
3776
3776
3774
3774
3773
3773
3772
3771
3771
3771
3770
3770
3769
3769
3768
3766
3766
3765
3765
3763
3763
3762
3762
3761
3760
3760
3760
3760
3758
3757
3757
3757
3756
3755
3755
3754
3754
3753
3753
3753
3751
3750
3749
3749
3748
3745
3744
3743
3742
3741
3741
3740
3740
3739
3737
3737
3735
3734
3734
3732
3731
3731
3730
3730
3730
3729
3728
3727
3726
3725
3723
3722
3721
3720
3719
3718
3717
3717
3717
3715
3715
3714
3714
3713
3713
3713
3711
3711
3710
3710
3709
3709
3709
3708
3708
3707
3707
3707
3707
3706
3706
3703
3703
3703
3702
3702
3701
3700
3698
3698
3698
3698
3698
3698
3696
3696
3695
3695
3695
3695
3694
3694
3692
3691
3691
3689
3688
3688
3687
3687
3686
3685
3684
3684
3682
3681
3681
3678
3677
3676
3675
3675
3675
3675
3672
3672
3672
3671
3670
3670
3670
3670
3669
3668
3666
3666
3665
3665
3664
3662
3661
3660
3660
3660
3657
3656
3654
3653
3653
3652
3652
3649
3649
3647
3647
3647
3647
3646
3645
3645
3644
3644
3642
3640
3640
3640
3639
3639
3639
3638
3638
3638
3637
3637
3637
3636
3636
3636
3635
3635
3635
3634
3633
3633
3633
3633
3632
3631
3630
3628
3626
3626
3626
3626
3625
3625
3625
3624
3624
3624
3623
3622
3621
3621
3621
3620
3620
3616
3616
3616
3616
3616
3615
3615
3614
3614
3614
3614
3612
3610
3609
3609
3607
3607
3607
3606
3605
3605
3604
3603
3603
3602
3602
3602
3602
3601
3600
3600
3599
3599
3598
3598
3597
3596
3594
3593
3593
3593
3592
3591
3590
3590
3590
3589
3588
3588
3587
3587
3587
3587
3587
3585
3585
3585
3585
3584
3583
3582
3582
3582
3581
3581
3580
3580
3580
3578
3577
3577
3577
3577
3580
3575
3575
3574
3574
3573
3572
3572
3572
3571
3570
3570
3567
3566
3564
3562
3562
3562
3562
3561
3561
3560
3560
3559
3559
3558
3557
3557
3556
3556
3556
3556
3555
3555
3555
3554
3554
3548
3547
3547
3546
3546
3542
3542
3542
3541
3541
3541
3541
3539
3539
3539
3538
3538
3537
3536
3536
3536
3535
3535
3534
3534
3534
3533
3533
3532
3532
3532
3531
3531
3531
3529
3527
3527
3526
3525
3525
3523
3522
3522
3521
3521
3520
3519
3519
3519
3519
3516
3516
3514
3514
3514
3512
3512
3512
3511
3511
3511
3511
3510
3510
3510
3513
3510
3510
3509
3509
3509
3507
3507
3507
3505
3504
3502
3502
3502
3502
3502
3500
3499
3499
3499
3498
3498
3498
3496
3496
3496
3495
3495
3494
3494
3494
3493
3492
3492
3491
3491
3491
3491
3491
3490
3490
3489
3488
3486
3486
3486
3482
3482
3481
3481
3480
3479
3478
3477
3477
3477
3477
3475
3473
3472
3472
3471
3471
3470
3469
3469
3468
3467
3466
3466
3464
3464
3463
3463
3463
3462
3462
3461
3461
3461
3461
3461
3461
3461
3460
3459
3459
3459
3459
3458
3458
3458
3457
3456
3455
3454
3453
3452
3451
3448
3448
3448
3448
3447
3446
3446
3446
3445
3445
3444
3444
3443
3441
3441
3441
3439
3437
3437
3437
3437
3436
3436
3435
3435
3435
3433
3433
3433
3432
3431
3431
3431
3430
3429
3428
3428
3427
3427
3427
3426
3425
3425
3425
3425
3424
3423
3422
3422
3422
3422
3421
3419
3418
3417
3417
3417
3417
3416
3415
3414
3413
3413
3412
3412
3412
3410
3409
3409
3409
3408
3406
3406
3405
3405
3404
3403
3401
3400
3399
3399
3399
3399
3398
3398
3398
3398
3396
3396
3396
3395
3395
3394
3394
3394
3392
3391
3391
3391
3389
3389
3388
3388
3388
3387
3386
3386
3384
3383
3383
3383
3383
3382
3382
3382
3381
3381
3381
3380
3382
3378
3378
3377
3377
3375
3374
3374
3374
3374
3373
3373
3373
3373
3373
3372
3372
3372
3371
3370
3370
3369
3368
3368
3368
3367
3367
3366
3365
3364
3362
3362
3362
3361
3360
3360
3359
3359
3359
3359
3358
3358
3357
3357
3356
3356
3354
3354
3353
3353
3352
3352
3352
3351
3351
3350
3350
3350
3348
3348
3348
3347
3346
3346
3345
3344
3344
3343
3343
3341
3340
3339
3339
3338
3338
3338
3336
3336
3335
3335
3335
3335
3334
3334
3334
3333
3332
3332
3332
3332
3331
3331
3331
3331
3328
3327
3327
3326
3326
3326
3325
3324
3322
3322
3321
3321
3320
3320
3320
3320
3320
3320
3319
3319
3319
3318
3316
3316
3316
3316
3315
3315
3315
3315
3315
3315
3314
3314
3314
3314
3313
3312
3311
3311
3311
3309
3309
3309
3308
3308
3307
3307
3306
3306
3306
3305
3305
3304
3304
3304
3304
3303
3300
3299
3299
3299
3298
3298
3298
3297
3297
3297
3296
3293
3292
3291
3289
3289
3288
3288
3288
3287
3286
3285
3285
3285
3285
3284
3283
3283
3282
3282
3282
3281
3281
3280
3280
3280
3279
3279
3278
3278
3278
3277
3276
3275
3276
3275
3275
3275
3275
3274
3274
3274
3273
3273
3270
3269
3269
3269
3268
3268
3267
3267
3267
3266
3266
3265
3265
3264
3264
3264
3261
3261
3260
3260
3317
3259
3258
3258
3256
3256
3256
3255
3255
3253
3253
3252
3251
3251
3251
3248
3248
3247
3246
3246
3245
3245
3244
3243
3243
3243
3243
3242
3242
3242
3242
3241
3241
3241
3246
3240
3240
3239
3239
3238
3238
3238
3238
3236
3236
3236
3234
3234
3233
3233
3233
3232
3231
3231
3229
3228
3228
3227
3227
3226
3225
3225
3225
3224
3224
3223
3222
3222
3222
3222
3221
3221
3221
3220
3220
3220
3220
3220
3219
3219
3219
3219
3218
3217
3216
3216
3215
3214
3214
3213
3213
3212
3212
3212
3212
3212
3211
3211
3209
3208
3208
3207
3207
3206
3206
3205
3205
3205
3203
3203
3202
3202
3202
3202
3202
3201
3201
3201
3201
3201
3200
3200
3200
3199
3199
3199
3199
3198
3198
3197
3197
3197
3197
3197
3196
3195
3195
3194
3193
3192
3189
3189
3188
3187
3187
3186
3186
3186
3186
3185
3185
3184
3184
3183
3183
3182
3182
3181
3181
3181
3180
3180
3180
3179
3179
3179
3178
3178
3178
3177
3176
3176
3174
3174
3174
3173
3172
3172
3171
3171
3171
3170
3170
3167
3166
3165
3165
3164
3163
3163
3163
3162
3162
3161
3161
3161
3161
3160
3160
3160
3160
3160
3159
3159
3159
3158
3158
3158
3158
3158
3157
3157
3156
3155
3154
3154
3153
3153
3153
3152
3152
3151
3151
3151
3148
3148
3148
3147
3147
3146
3146
3145
3145
3145
3145
3145
3144
3144
3144
3143
3143
3142
3141
3141
3140
3140
3139
3139
3138
3137
3136
3136
3136
3135
3135
3135
3135
3135
3134
3134
3134
3134
3133
3133
3133
3133
3133
3132
3132
3132
3131
3129
3128
3127
3127
3126
3126
3126
3126
3126
3125
3125
3124
3124
3124
3123
3123
3123
3122
3122
3122
3121
3121
3120
3120
3118
3117
3117
3117
3116
3113
3113
3113
3113
3112
3111
3111
3110
3110
3110
3108
3108
3108
3108
3108
3107
3107
3106
3106
3105
3103
3103
3103
3103
3103
3103
3101
3101
3100
3100
3099
3099
3098
3098
3098
3097
3097
3097
3095
3095
3095
3095
3094
3094
3092
3092
3091
3091
3090
3089
3088
3087
3087
3087
3087
3086
3086
3085
3084
3084
3084
3084
3084
3083
3081
3081
3081
3080
3079
3079
3079
3077
3076
3076
3076
3075
3074
3074
3073
3072
3072
3071
3070
3070
3070
3070
3069
3069
3069
3069
3067
3067
3067
3067
3066
3066
3066
3065
3065
3065
3064
3064
3063
3063
3063
3062
3062
3061
3060
3060
3059
3059
3058
3058
3058
3058
3058
3058
3057
3057
3056
3056
3055
3055
3055
3053
3053
3053
3053
3053
3052
3052
3051
3051
3051
3050
3050
3048
3047
3047
3047
3047
3046
3046
3045
3044
3044
3043
3043
3042
3042
3042
3040
3040
3040
3040
3040
3039
3035
3034
3033
3032
3032
3032
3031
3031
3029
3029
3027
3027
3027
3027
3027
3027
3026
3026
3025
3024
3024
3024
3023
3022
3022
3022
3022
3021
3021
3020
3020
3020
3019
3019
3018
3018
3017
3017
3016
3016
3016
3015
3015
3015
3014
3014
3014
3013
3013
3012
3011
3072
3011
3010
3010
3008
3008
3007
3007
3006
3006
3006
3006
3005
3005
3005
3004
3004
3004
3003
3003
3003
3003
3002
3002
3002
3001
3001
3001
