572205
388920
342075
334018
326250
309928
296757
279327
279314
262720
253437
251508
250594
229012
215093
212574
206109
202210
192098
191722
178906
176167
172913
172418
171916
165053
160911
152459
150923
150231
146424
141664
140825
138554
132093
129280
127379
125802
125273
123127
122952
115640
114239
111368
111316
110581
110361
109854
109170
108160
107229
106927
106415
104929
103494
103469
103136
103022
101986
99934
99312
97673
96207
93710
92809
91975
91831
91167
90618
87771
87662
86739
85967
85442
84645
84529
84176
83860
82963
82807
82337
81855
81852
80955
80652
80063
79923
78879
77687
77324
77063
76794
76705
75720
75467
75124
74867
74774
74715
74481
73569
73414
73216
73105
72054
71454
71130
71118
70950
70579
70444
70272
70088
69724
69303
69103
68853
68671
67752
66237
65579
65111
64350
64173
63668
63453
63237
63116
62939
62343
62252
61773
61520
61445
60985
60873
60721
60595
60489
60477
60000
59957
59477
59169
58816
58806
58605
58559
58427
58125
58064
57621
57104
56221
55839
55350
54897
54778
54428
54400
54249
54233
54090
53238
52939
51783
51586
51177
51013
50875
50722
50560
50127
50085
50058
49826
49818
49809
49686
49499
49497
49345
49258
49254
49046
48888
48704
48698
48669
48265
47959
47836
47695
47622
47489
47360
47281
47227
46655
46530
46469
45766
45469
45384
45085
44937
44783
44724
44592
44416
44293
44267
44259
44243
44205
44200
43934
43751
43685
43520
43476
43311
43285
43096
42761
42481
42382
42323
42312
42280
42218
42155
42048
41962
41892
41841
41570
41404
40978
40974
40974
40956
40859
40831
40808
40621
40520
39940
39908
39613
39572
39548
39539
39514
39360
39345
39192
39081
39065
38987
38981
38920
38785
38661
38656
38488
38313
38175
37826
37745
37687
37621
37577
37333
37287
37222
37187
37187
37136
37029
36996
36922
36912
36510
36506
36504
36478
36116
36053
35617
35577
35575
35558
35547
35530
35471
35458
35323
35263
35138
35100
35010
34770
34578
34389
34257
34011
33840
33796
33682
33448
33417
33414
33336
33251
33207
33166
33138
33088
33014
32591
32590
32533
32511
32464
32450
32428
32419
32355
32351
32215
32104
32052
32037
32025
31987
31984
31922
31843
31807
31807
31801
31781
31690
31640
31636
31467
31442
31426
31385
31380
31234
31164
31073
31032
31002
30925
30910
30835
30774
30762
30749
30666
30654
30653
30545
30505
30483
30437
30393
30371
30297
30233
30179
30036
30020
29964
29913
29894
29882
29863
29854
29765
29615
29402
29346
29197
29041
28984
28865
28791
28721
28675
28664
28658
28623
28608
28588
28484
28464
28426
28221
28158
28132
28011
27996
27994
27931
27848
27803
27795
27755
27740
27585
27548
27531
27476
27321
27321
27170
27166
27055
27028
26877
26855
26846
26747
26747
26733
26666
26648
26606
26597
26554
26536
26526
26463
26447
26347
26335
26317
26295
26289
26093
26049
25956
25917
25906
25819
25593
25577
25542
25519
25513
25381
25338
25294
25259
25175
25173
25150
25133
25122
25109
25091
25074
25070
25008
24972
24971
24920
24850
24842
24830
24827
24816
24795
24779
24765
24751
24727
24727
24725
24705
24703
24567
24478
24475
24471
24394
24381
24345
24338
24316
24314
24307
24254
24254
24208
24206
24170
24060
24056
24028
24028
23983
23953
23952
23937
23930
23913
23903
23855
23828
23820
23818
23545
23511
23456
23322
23302
23301
23228
23217
23183
23166
23134
23104
23073
23072
23072
23022
22961
22950
22925
22918
22891
22866
22814
22767
22761
22758
22758
22750
22721
22714
22695
22690
22674
22673
22611
22597
22564
22517
22476
22460
22434
22425
22423
22422
22418
22413
22401
22399
22270
22224
22195
22180
22179
22164
22130
22107
22076
22072
22065
22022
21980
21978
21965
21956
21939
21937
21933
21890
21869
21862
21816
21800
21729
21713
21687
21646
21609
21560
21523
21518
21502
21496
21457
21440
21412
21403
21400
21376
21350
21287
21272
21261
21227
21213
21212
21207
21198
21186
21173
21157
21149
21133
21108
21105
21098
21076
21050
21017
21013
20986
20982
20981
20972
20965
20941
20920
20919
20895
20837
20835
20834
20815
20814
20805
20803
20736
20707
20702
20684
20679
20639
20578
20525
20516
20491
20473
20461
20395
20370
20368
20364
20363
20308
20308
20306
20304
20298
20296
20289
20262
20246
20241
20239
20227
20174
20171
20149
20136
20128
20096
20087
20082
20075
20059
20053
20034
20012
19990
19943
19878
19869
19844
19822
19787
19755
19712
19682
19655
19624
19579
19562
19561
19536
19523
19479
19479
19477
19475
19463
19456
19453
19404
19384
19354
19324
19309
19261
19253
19210
19202
19195
19172
19158
19153
19152
19135
19129
19113
19090
19086
19067
19058
19044
19034
18993
18971
18951
18940
18928
18899
18888
18884
18857
18830
18828
18823
18788
18784
18782
18764
18759
18723
18723
18721
18662
18653
18610
18609
18601
18580
18573
18572
18571
18517
18497
18497
18455
18453
18436
18418
18401
18369
18338
18313
18282
18269
18268
18266
18265
18259
18250
18224
18183
18139
18136
18107
18091
18079
18053
18038
18037
17990
17950
17950
17929
17911
17909
17902
17896
17866
17838
17816
17814
17798
17780
17771
17766
17734
17717
17661
17660
17660
17656
17587
17582
17575
17572
17568
17545
17533
17522
17520
17488
17437
17429
17376
17370
17357
17352
17351
17332
17318
17316
17300
17277
17275
17265
17254
17251
17256
17218
17201
17193
17191
17183
17184
17162
17146
17142
17128
17106
17104
17099
17097
17086
17069
17051
17042
17031
17029
17020
16994
16984
16963
16957
16953
16942
16896
16868
16827
16806
16800
16769
16746
16743
16736
16734
16722
16692
16675
16661
16660
16645
16643
16605
16588
16580
16577
16577
16540
16532
16523
16512
16497
16485
16446
16428
16391
16368
16353
16342
16342
16340
16325
16315
16273
16271
16262
16257
16257
16243
16242
16241
16236
16228
16215
16189
16181
16170
16167
16163
16153
16132
16131
16120
16114
16105
16105
16097
16093
16092
16061
16054
16044
16044
16043
16039
16029
16019
16017
16015
16011
16006
16004
16003
15999
15999
15997
15991
15975
15968
15954
15939
15938
15935
15931
15904
15898
15897
15885
15863
15843
15827
15826
15816
15800
15783
15777
15747
15714
15705
15698
15675
15670
15666
15666
15655
15646
15634
15614
15605
15595
15577
15548
15543
15537
15534
15512
15505
15504
15500
15490
15476
15474
15471
15463
15441
15435
15427
15423
15387
15383
15367
15354
15343
15341
15322
15297
15296
15289
15288
15267
15257
15256
15247
15244
15223
15216
15208
15208
15207
15198
15197
15186
15178
15162
15141
15130
15116
15103
15103
15100
15079
15069
15068
15052
15042
15039
15032
15030
15027
15024
15010
14995
14987
14986
14965
14960
14953
14949
14948
14944
14930
14930
14917
14895
14887
14860
14839
14827
14823
14813
14805
14789
14782
14775
14752
14751
14748
14729
14717
14715
14703
14702
14695
14685
14665
14660
14658
14656
14654
14639
14639
14615
14591
14586
14562
14555
14548
14544
14521
14490
14488
14485
14461
14461
14440
14424
14422
14418
14417
14400
14400
14392
14378
14377
14377
14375
14369
14363
14362
14344
14343
14319
14306
14402
14292
14286
14277
14248
14242
14238
14235
14225
14209
14205
14200
14192
14172
14168
14162
14145
14143
14124
14124
14105
14101
14098
14076
14075
14049
14048
14035
14013
14009
14003
13994
13968
13965
13958
13954
13935
13927
13910
13899
13896
13888
13877
13874
13868
13861
13854
13839
13834
13832
13823
13814
13804
13803
13801
13796
13793
13784
13783
13766
13765
13762
13754
13737
13735
13706
13695
13686
13678
13674
13668
13664
13648
13648
13645
13620
13616
13608
13607
13606
13597
13573
13568
13555
13546
13545
13544
13532
13531
13527
13522
13514
13508
13502
13482
13479
13479
13477
13473
13461
13460
13459
13458
13451
13451
13446
13443
13441
13425
13418
13403
13391
13390
13376
13371
13371
13364
13338
13337
13332
13329
13324
13319
13315
13309
13302
13295
13289
13280
13251
13249
13248
13204
13139
13132
13124
13123
13116
13104
13103
13097
13093
13085
13077
13076
13074
13064
13063
13061
13057
13046
13035
13030
13027
13016
13011
13003
12996
12991
12975
12971
12952
12950
12932
12929
12925
12918
12915
12909
12887
12882
12875
12871
12862
12858
12852
12846
12842
12824
12816
12808
12807
12804
12796
12793
12769
12767
12757
12746
12739
12739
12731
12709
12708
12704
12673
12666
12664
12662
12640
12639
12638
12631
12628
12625
12625
12624
12619
12619
12617
12600
12599
12598
12585
12571
12566
12565
12561
12539
12538
12536
12523
12519
12505
12503
12497
12496
12493
12482
12478
12477
12470
12465
12449
12448
12443
12420
12410
12389
12384
12382
12377
12375
12365
12333
12333
12331
12327
12325
12320
12320
12319
12311
12308
12302
12298
12289
12283
12277
12273
12265
12261
12254
12250
12248
12239
12237
12235
12229
12227
12220
12217
12208
12207
12193
12187
12187
12183
12183
12175
12173
12172
12152
12137
12134
12134
12139
12127
12104
12099
12088
12070
12055
12055
12051
12044
12039
12037
12028
12017
12008
12003
12000
11989
11980
11975
11964
11961
11951
11950
11949
11948
11932
11931
11918
11916
11910
11899
11896
11896
11896
11894
11886
11880
11868
11867
11866
11862
11860
11858
11856
11855
11855
11851
11849
11838
11834
11823
11822
11815
11811
11810
11804
11803
11794
11794
11788
11788
11786
11783
11783
11781
11773
11770
11750
11746
11734
11729
11721
11718
11716
11706
11705
11703
11695
11692
11690
11683
11680
11679
11671
11664
11664
11657
11647
11641
11629
11625
11624
11621
11610
11604
11593
11580
11569
11564
11558
11556
11537
11534
11529
11528
11515
11513
11519
11511
11504
11494
11489
11488
11485
11475
11474
11472
11464
11462
11459
11456
11452
11443
11443
11440
11438
11435
11431
11414
11412
11396
11396
11394
11388
11384
11370
11369
11367
11360
11350
11349
11349
11343
11338
11333
11331
11328
11322
11321
11320
11315
11307
11305
11303
11302
11297
11287
11283
11276
11269
11258
11258
11257
11253
11253
11252
11241
11236
11235
11216
11208
11208
11201
11201
11184
11175
11169
11163
11158
11143
11140
11131
11130
11129
11115
11113
11112
11104
11100
11098
11091
11090
11086
11086
11083
11076
11074
11069
11066
11063
11061
11061
11053
11044
11041
11040
11033
11032
11029
11024
11016
11009
11008
11001
10998
10995
10993
10980
10980
10974
10967
10965
10963
10954
10942
10941
10937
10937
10936
10933
10928
10927
10923
10921
10907
10905
10903
10902
10902
10900
10881
10879
10874
10872
10859
10850
10849
10844
10840
10835
10835
10824
10811
10802
10797
10795
10794
10790
10783
10771
10768
10764
10764
10763
10757
10757
10744
10742
10738
10733
10729
10728
10722
10718
10701
10694
10692
10689
10685
10683
10681
10669
10666
10665
10663
10660
10659
10658
10657
10649
10637
10636
10633
10631
10628
10623
10621
10616
10614
10612
10612
10609
10606
10601
10599
10593
10592
10590
10587
10583
10581
10575
10572
10571
10571
10567
10567
10559
10554
10550
10542
10533
10533
10530
10530
10528
10527
10514
10513
10513
10512
10510
10507
10505
10498
10495
10493
10491
10486
10486
10479
10580
10473
10472
10472
10462
10462
10454
10454
10450
10448
10448
10445
10439
10427
10426
10421
10412
10407
10396
10383
10383
10381
10375
10365
10358
10358
10349
10349
10348
10345
10343
10338
10314
10305
10304
10299
10294
10279
10279
10278
10277
10274
10266
10265
10248
10247
10246
10243
10242
10238
10236
10227
10226
10218
10218
10216
10210
10206
10205
10204
10202
10198
10198
10197
10197
10192
10186
10185
10181
10179
10178
10172
10171
10170
10170
10164
10157
10155
10157
10154
10153
10148
10147
10146
10126
10104
10102
10098
10095
10083
10079
10079
10079
10060
10055
10053
10052
10050
10047
10045
10041
10039
10038
10038
10037
10031
10029
10009
10001
9992
9989
9976
9974
9973
9971
9967
9957
9956
9944
9943
9939
9938
9930
9927
9921
9920
9916
9910
9907
9907
9898
9897
9892
9885
9882
9881
9879
9875
9873
9871
9868
9863
9848
9848
9839
9838
9835
9834
9818
9815
9779
9769
9769
9767
9763
9760
9755
9755
9751
9748
9748
9743
9738
9737
9727
9725
9716
9712
9712
9701
9701
9699
9692
9689
9675
9674
9674
9672
9656
9655
9653
9652
9650
9649
9649
9651
9647
9629
9627
9625
9623
9619
9618
9617
9611
9602
9598
9592
9591
9583
9583
9579
9573
9568
9561
9548
9547
9545
9545
9534
9534
9532
9530
9529
9527
9526
9519
9519
9514
9513
9504
9504
9498
9494
9492
9490
9486
9486
9485
9485
9483
9480
9479
9475
9470
9464
9462
9461
9458
9456
9455
9454
9453
9452
9450
9450
9449
9440
9433
9433
9428
9427
9426
9426
9425
9425
9420
9418
9414
9410
9410
9414
9407
9405
9402
9400
9399
9397
9396
9392
9389
9389
9389
9389
9388
9382
9381
9376
9370
9369
9367
9366
9361
9356
9355
9351
9346
9346
9333
9330
9330
9323
9323
9322
9322
9316
9314
9307
9305
9304
9298
9296
9292
9287
9286
9285
9280
9278
9275
9272
9268
9266
9260
9259
9258
9257
9256
9251
9248
9248
9246
9242
9235
9234
9234
9231
9230
9228
9228
9226
9222
9217
9213
9212
9211
9211
9208
9208
9207
9204
9204
9202
9202
9200
9197
9189
9188
9185
9184
9177
9176
9174
9174
9169
9169
9158
9155
9152
9151
9146
9145
9143
9142
9143
9135
9135
9133
9131
9124
9121
9120
9119
9111
9110
9106
9103
9100
9098
9093
9088
9085
9084
9079
9079
9078
9077
9069
9067
9066
9065
9063
9055
9052
9051
9050
9050
9049
9048
9048
9046
9045
9042
9041
9036
9035
9032
9030
9024
9023
9019
9016
9006
9004
9002
8982
8982
8980
8977
8976
8976
8976
8975
8967
8966
8959
8959
8955
8954
8954
8945
8944
8944
8944
8941
8937
8930
8929
8925
8922
8918
8918
8912
8910
8903
8902
8902
8901
8890
8888
8887
8887
8882
8880
8879
8873
8869
8867
8857
8855
8853
8850
8846
8840
8840
8839
8837
8827
8826
8825
8825
8816
8812
8810
8810
8807
8809
8807
8806
8804
8802
8799
8798
8791
8786
8781
8780
8777
8769
8763
8750
8749
8748
8744
8744
8743
8743
8736
8735
8735
8734
8732
8731
8728
8724
8722
8718
8714
8707
8707
8706
8702
8701
8700
8699
8698
8696
8695
8694
8692
8691
8689
8688
8682
8682
8680
8680
8678
8675
8672
8664
8656
8655
8643
8642
8641
8634
8632
8632
8630
8628
8628
8627
8620
8618
8614
8613
8607
8606
8605
8596
8596
8595
8591
8588
8586
8585
8581
8576
8573
8572
8569
8565
8563
8559
8558
8557
8557
8555
8554
8553
8552
8552
8548
8548
8547
8546
8540
8537
8536
8535
8532
8532
8528
8527
8526
8526
8523
8519
8516
8512
8509
8506
8505
8502
8494
8490
8490
8490
8483
8483
8477
8476
8476
8473
8472
8469
8469
8467
8467
8465
8463
8460
8459
8456
8455
8454
8448
8447
8444
8442
8440
8436
8436
8434
8433
8432
8430
8422
8421
8418
8418
8415
8415
8415
8414
8408
8408
8407
8407
8406
8404
8401
8400
8399
8399
8398
8392
8391
8386
8379
8374
8370
8363
8363
8361
8359
8359
8358
8355
8353
8350
8349
8348
8347
8346
8344
8344
8341
8340
8336
8334
8331
8328
8327
8326
8318
8311
8311
8310
8306
8306
8305
8304
8304
8297
8296
8294
8294
8294
8294
8294
8289
8288
8283
8281
8277
8277
8271
8270
8267
8266
8266
8265
8262
8256
8254
8254
8251
8248
8247
8246
8243
8240
8237
8236
8234
8231
8224
8222
8220
8217
8216
8214
8213
8210
8209
8205
8205
8201
8201
8205
8198
8198
8192
8183
8181
8181
8179
8178
8177
8176
8172
8171
8166
8163
8161
8160
8159
8159
8156
8149
8145
8145
8139
8135
8124
8116
8115
8114
8114
8111
8108
8105
8104
8102
8102
8102
8099
8095
8095
8092
8090
8090
8089
8089
8087
8086
8086
8085
8084
8080
8075
8073
8072
8070
8070
8069
8069
8067
8066
8054
8049
8043
8039
8037
8036
8036
8035
8031
8023
8020
8016
8016
7998
7992
7986
7983
7983
7981
7977
7975
7975
7970
7968
7967
7966
7964
7963
7962
7962
7961
7961
7959
7956
7952
7952
7949
7947
7942
7939
7937
7936
7935
7933
7929
7925
7923
7922
7914
7914
7913
7901
7900
7899
7899
7898
7896
7893
7891
7889
7885
7884
7884
7879
7878
7871
7869
7860
7856
7855
7855
7853
7850
7847
7846
7845
7842
7841
7840
7837
7834
7831
7825
7821
7819
7818
7816
7810
7809
7808
7808
7807
7806
7805
7805
7804
7804
7804
7803
7802
7802
7802
7799
7795
7794
7791
7788
7784
7783
7782
7778
7776
7775
7775
7775
7774
7773
7772
7772
7768
7768
7766
7764
7763
7762
7761
7755
7754
7750
7748
7747
7742
7738
7736
7734
7733
7729
7724
7723
7722
7718
7718
7717
7717
7715
7711
7701
7699
7698
7697
7689
7687
7683
7683
7682
7681
7680
7679
7676
7674
7673
7672
7671
7668
7662
7660
7656
7656
7653
7652
7654
7648
7647
7644
7644
7642
7638
7638
7636
7641
7631
7630
7628
7627
7627
7626
7624
7623
7617
7614
7610
7606
7605
7600
7599
7597
7597
7594
7594
7592
7591
7588
7586
7576
7576
7575
7573
7646
7567
7564
7563
7555
7550
7546
7544
7543
7542
7539
7538
7537
7537
7536
7536
7534
7531
7530
7530
7528
7523
7523
7522
7521
7517
7514
7509
7506
7501
7501
7499
7497
7496
7496
7496
7494
7494
7490
7490
7487
7487
7487
7486
7481
7481
7480
7480
7478
7475
7475
7474
7473
7471
7469
7469
7458
7458
7456
7454
7452
7451
7448
7447
7444
7444
7441
7439
7438
7435
7431
7430
7429
7428
7428
7424
7422
7414
7414
7414
7413
7403
7400
7398
7397
7394
7390
7386
7386
7384
7381
7380
7377
7376
7375
7369
7367
7366
7365
7362
7360
7360
7357
7356
7353
7353
7351
7350
7349
7349
7348
7346
7345
7345
7344
7342
7340
7339
7338
7336
7334
7332
7325
7323
7319
7317
7315
7313
7312
7312
7310
7309
7303
7303
7300
7298
7298
7296
7293
7288
7281
7281
7279
7275
7274
7274
7272
7267
7267
7266
7266
7266
7265
7265
7263
7262
7262
7261
7260
7259
7259
7257
7255
7250
7243
7239
7237
7236
7235
7232
7232
7231
7229
7228
7228
7227
7225
7221
7219
7219
7219
7219
7217
7216
7215
7214
7208
7207
7205
7204
7203
7202
7201
7201
7198
7192
7185
7182
7181
7181
7180
7180
7179
7179
7173
7167
7163
7158
7157
7155
7154
7153
7153
7153
7151
7148
7146
7145
7144
7142
7140
7140
7137
7137
7135
7135
7133
7131
7131
7129
7128
7125
7125
7124
7119
7118
7117
7116
7114
7110
7108
7107
7106
7106
7104
7103
7103
7103
7101
7100
7099
7099
7097
7095
7094
7094
7092
7087
7087
7087
7086
7084
7084
7083
7083
7082
7079
7079
7078
7077
7076
7074
7073
7072
7068
7068
7061
7058
7054
7051
7050
7046
7042
7040
7039
7038
7037
7035
7035
7035
7028
7026
7019
7018
7017
7016
7016
7015
7014
7013
7010
7005
7005
7004
7003
7003
7003
7000
6999
6993
6991
6990
6989
6989
6988
6986
6986
6985
6984
6984
6983
6983
6983
6982
6981
6980
6980
6980
6979
6979
6979
6971
6971
6967
6964
6964
6961
6960
6959
6958
6958
6957
6956
6954
6952
6947
6946
6944
6944
6943
6937
6934
6926
6924
6920
6919
6918
6916
6916
6915
6913
6912
6910
6905
6903
6902
6899
6896
6896
6896
6891
6888
6888
6886
6885
6881
6879
6878
6876
6874
6874
6874
6871
6870
6869
6869
6869
6868
6867
6860
6860
6859
6859
6858
6858
6857
6855
6853
6853
6852
6851
6850
6849
6847
6847
6846
6840
6838
6837
6835
6831
6830
6829
6828
6827
6827
6826
6824
6823
6823
6822
6821
6820
6816
6814
6814
6812
6810
6805
6804
6803
6802
6801
6800
6799
6798
6793
6792
6791
6790
6789
6787
6785
6783
6782
6781
6781
6779
6776
6774
6772
6770
6770
6768
6765
6765
6762
6651
6760
6758
6755
6754
6753
6750
6749
6745
6739
6737
6736
6734
6732
6731
6731
6730
6728
6728
6728
6724
6723
6721
6720
6720
6718
6718
6716
6716
6714
6714
6713
6713
6711
6710
6705
6704
6703
6702
6701
6700
6699
6698
6696
6696
6694
6694
6693
6691
6690
6689
6688
6684
6684
6683
6683
6681
6680
6679
6678
6678
6674
6670
6663
6662
6662
6662
6660
6658
6656
6656
6652
6650
6645
6644
6642
6642
6637
6637
6636
6635
6635
6635
6633
6631
6631
6631
6630
6627
6627
6623
6623
6623
6623
6622
6621
6621
6619
6615
6614
6612
6612
6610
6610
6610
6610
6608
6603
6602
6602
6602
6601
6599
6603
6596
6595
6593
6591
6589
6587
6585
6583
6582
6581
6578
6578
6577
6577
6577
6576
6576
6574
6572
6571
6568
6567
6566
6565
6564
6564
6561
6560
6560
6557
6555
6545
6545
6542
6542
6539
6538
6536
6534
6532
6532
6530
6530
6529
6526
6526
6525
6523
6523
6521
6520
6520
6519
6517
6516
6516
6515
6514
6513
6509
6508
6506
6505
6500
6500
6498
6497
6496
6494
6492
6489
6489
6488
6488
6485
6484
6483
6483
6482
6481
6481
6480
6478
6472
6472
6467
6467
6467
6465
6464
6464
6463
6461
6460
6456
6456
6455
6454
6453
6450
6450
6448
6448
6447
6446
6446
6446
6440
6440
6439
6438
6438
6436
6434
6434
6434
6432
6432
6432
6432
6431
6431
6430
6429
6428
6426
6426
6425
6425
6423
6420
6419
6416
6416
6413
6412
6411
6410
6409
6408
6406
6406
6404
6402
6400
6399
6399
6397
6394
6393
6391
6390
6390
6388
6387
6385
6385
6384
6384
6391
6381
6381
6381
6380
6379
6373
6371
6371
6370
6369
6368
6368
6365
6365
6364
6363
6361
6360
6358
6357
6355
6354
6353
6352
6352
6350
6349
6346
6346
6345
6344
6343
6340
6340
6339
6337
6337
6333
6333
6333
6333
6332
6332
6325
6324
6324
6324
6323
6321
6320
6318
6316
6315
6314
6313
6313
6311
6311
6309
6309
6307
6307
6306
6301
6300
6299
6299
6297
6296
6296
6295
6295
6295
6294
6293
6292
6292
6291
6290
6289
6288
6288
6288
6286
6285
6284
6283
6283
6282
6278
6276
6273
6273
6272
6272
6269
6269
6266
6263
6263
6263
6262
6261
6259
6257
6256
6256
6255
6253
6253
6252
6252
6252
6252
6251
6248
6247
6246
6246
6246
6246
6245
6241
6240
6239
6239
6238
6237
6234
6234
6234
6234
6233
6233
6233
6232
6231
6229
6226
6223
6223
6223
6219
6219
6218
6217
6216
6216
6213
6213
6212
6212
6212
6212
6211
6211
6209
6209
6208
6207
6205
6203
6203
6202
6200
6200
6199
6198
6198
6196
6196
6195
6193
6192
6191
6191
6190
6189
6189
6186
6185
6184
6183
6180
6179
6179
6174
6172
6137
6172
6171
6171
6165
6164
6164
6164
6164
6164
6161
6161
6161
6160
6155
6152
6150
6147
6147
6146
6146
6146
6145
6141
6140
6140
6139
6137
6136
6134
6131
6130
6127
6127
6126
6124
6124
6124
6124
6122
6122
6122
6121
6120
6120
6119
6115
6115
6114
6114
6111
6111
6110
6108
6103
6100
6097
6095
6091
6089
6089
6087
6085
6085
6084
6082
6081
6079
6078
6077
6075
6075
6075
6074
6073
6071
6070
6070
6070
6070
6069
6069
6068
6067
6065
6065
6064
6063
6062
6059
6057
6057
6056
6054
6054
6051
6049
6047
6047
6046
6045
6043
6040
6040
6037
6035
6034
6034
6034
6033
6032
6031
6030
6029
6029
6026
6026
6025
6025
6025
6025
6023
6022
6021
6020
6020
6019
6018
6016
6016
6016
6015
6015
6014
6013
6012
6012
6011
6011
6008
6008
6007
6007
6006
6004
6003
6003
6002
6000
5999
5998
5997
5995
5994
5994
5994
5994
5993
5993
5993
5992
5991
5990
5990
5989
5989
5988
5988
5987
5985
5984
5982
5981
5977
5977
5973
5973
5972
5970
5968
5966
5965
5961
5961
5958
5957
5956
5954
5954
5953
5952
5950
5949
5949
5948
5947
5947
5947
5946
5944
5943
5941
5941
5941
5939
5938
5938
5938
5937
5937
5937
5935
5934
5934
5932
5930
5929
5929
5927
5927
5927
5926
5926
5925
5925
5924
5924
5924
5924
5924
5923
5923
5923
5920
5917
5914
5914
5912
5911
5911
5910
5908
5907
5907
5907
5905
5905
5903
5902
5902
5898
5897
5896
5895
5893
5891
5890
5889
5888
5888
5886
5886
5886
5884
5884
5883
5883
5882
5881
5881
5881
5880
5877
5876
5875
5875
5874
5873
5873
5872
5872
5872
5870
5869
5870
5868
5866
5865
5864
5863
5861
5861
5860
5870
5860
5855
5854
5854
5854
5853
5852
5847
5847
5843
5841
5840
5837
5836
5835
5834
5834
5834
5834
5831
5830
5828
5828
5828
5827
5826
5826
5826
5825
5823
5822
5822
5821
5820
5835
5818
5817
5816
5816
5815
5814
5813
5811
5810
5809
5809
5808
5801
5799
5799
5799
5797
5795
5795
5793
5792
5788
5785
5785
5784
5781
5780
5780
5779
5778
5777
5777
5776
5775
5773
5773
5771
5769
5768
5766
5766
5764
5763
5762
5761
5761
5761
5759
5751
5751
5750
5750
5748
5747
5746
5744
5744
5742
5742
5742
5741
5740
5740
5739
5739
5738
5736
5734
5734
5732
5731
5731
5729
5729
5729
5728
5728
5727
5727
5725
5725
5725
5723
5721
5717
5716
5715
5715
5714
5713
5711
5710
5710
5709
5708
5708
5707
5704
5700
5698
5698
5696
5693
5693
5690
5687
5685
5685
5685
5684
5682
5682
5681
5681
5680
5679
5678
5678
5677
5676
5674
5671
5671
5668
5661
5659
5658
5657
5656
5655
5653
5650
5649
5649
5648
5648
5648
5647
5645
5643
5642
5640
5640
5638
5637
5636
5636
5636
5635
5635
5634
5633
5630
5629
5628
5627
5625
5623
5623
5623
5623
5622
5621
5621
5620
5619
5619
5618
5616
5614
5613
5613
5613
5612
5611
5611
5611
5609
5608
5608
5608
5608
5607
5606
5606
5605
5605
5604
5604
5604
5603
5603
5603
5602
5602
5600
5600
5599
5597
5597
5597
5596
5595
5594
5593
5592
5591
5591
5590
5590
5589
5587
5586
5586
5584
5583
5583
5582
5581
5580
5580
5577
5576
5575
5574
5571
5571
5570
5569
5569
5568
5567
5567
5567
5566
5565
5565
5565
5565
5564
5564
5562
5561
5561
5560
5559
5559
5556
5555
5554
5554
5553
5551
5550
5550
5550
5549
5548
5548
5548
5548
5545
5545
5543
5542
5541
5541
5539
5538
5537
5535
5533
5533
5533
5533
5533
5532
5529
5528
5527
5524
5522
5520
5519
5516
5514
5514
5513
5512
5512
5509
5509
5508
5507
5506
5505
5504
5502
5500
5499
5498
5497
5495
5493
5493
5493
5491
5489
5487
5486
5486
5485
5484
5484
5483
5483
5482
5481
5481
5479
5479
5478
5478
5477
5476
5474
5473
5472
5471
5468
5468
5466
5466
5466
5466
5463
5462
5462
5461
5461
5459
5457
5457
5455
5454
5452
5452
5452
5451
5451
5450
5450
5448
5447
5444
5444
5444
5442
5441
5438
5437
5436
5434
5432
5431
5431
5430
5430
5428
5428
5426
5423
5422
5422
5420
5420
5419
5418
5418
5416
5415
5414
5414
5414
5414
5414
5413
5412
5410
5410
5409
5409
5409
5408
5407
5406
5406
5405
5404
5404
5406
5403
5403
5400
5400
5398
5398
5397
5397
5397
5396
5394
5393
5393
5393
5392
5391
5390
5388
5385
5385
5382
5381
5380
5379
5378
5378
5378
5377
5376
5376
5376
5374
5369
5369
5367
5366
5366
5366
5365
5365
5364
5362
5361
5361
5359
5358
5357
5357
5354
5352
5352
5351
5351
5350
5350
5346
5346
5345
5344
5344
5343
5343
5342
5341
5341
5341
5340
5338
5337
5337
5337
5337
5337
5336
5336
5335
5335
5334
5334
5333
5333
5331
5330
5330
5328
5328
5327
5327
5326
5323
5322
5321
5321
5320
5320
5320
5320
5320
5319
5319
5319
5317
5317
5317
5316
5316
5316
5315
5315
5313
5312
5311
5310
5308
5308
5307
5307
5306
5303
5302
5302
5300
5299
5299
5298
5298
5297
5297
5297
5297
5296
5295
5292
5292
5291
5290
5290
5290
5290
5290
5289
5288
5288
5287
5286
5285
5283
5283
5283
5281
5280
5280
5279
5279
5278
5275
5274
5274
5274
5272
5271
5270
5269
5269
5269
5269
5266
5265
5263
5262
5262
5258
5257
5255
5254
5254
5254
5253
5252
5252
5250
5250
5250
5248
5247
5247
5246
5246
5243
5239
5238
5238
5238
5237
5236
5236
5236
5235
5234
5233
5233
5231
5231
5228
5225
5225
5223
5223
5222
5220
5219
5219
5217
5217
5217
5216
5214
5213
5212
5212
5212
5210
5209
5208
5207
5207
5206
5206
5205
5205
5204
5204
5204
5203
5201
5200
5199
5199
5198
5195
5194
5194
5194
5193
5192
5192
5188
5188
5187
5187
5187
5187
5187
5186
5186
5184
5183
5183
5183
5183
5182
5181
5176
5176
5175
5173
5173
5173
5172
5171
5170
5167
5167
5167
5167
5166
5165
5164
5164
5162
5162
5161
5161
5161
5160
5159
5158
5157
5155
5154
5153
5152
5152
5150
5150
5150
5150
5149
5148
5148
5147
5145
5145
5144
5143
5142
5142
5140
5138
5138
5137
5136
5136
5136
5135
5132
5132
5132
5131
5131
5131
5130
5130
5129
5128
5128
5128
5127
5127
5127
5126
5126
5124
5124
5122
5121
5120
5117
5116
5116
5116
5115
5114
5112
5111
5111
5111
5108
5108
5108
5107
5106
5106
5106
5106
5106
5104
5103
5103
5103
5102
5102
5101
5100
5100
5099
5098
5098
5098
5096
5096
5095
5095
5094
5093
5093
5092
5092
5090
5090
5088
5087
5086
5085
5084
5082
5081
5081
5080
5078
5078
5078
5078
5077
5077
5076
5075
5074
5071
5071
5071
5070
5070
5070
5070
5069
5068
5067
5066
5066
5065
5064
5064
5064
5064
5063
5062
5061
5059
5058
5057
5057
5054
5053
5053
5053
5052
5052
5051
5050
5050
5049
5047
5047
5045
5043
5043
5042
5042
5042
5042
5041
5039
5039
5037
5036
5035
5034
5034
5044
5033
5032
5032
5030
5025
5025
5023
5023
5023
5023
5022
5022
5022
5020
5019
5018
5018
5017
5017
5017
5016
5015
5013
5012
5012
5012
5011
5010
5010
5005
5005
5003
5002
5000
5000
5000
5000
4999
4998
4997
4996
4993
4991
4990
4988
4988
4987
4984
4983
4982
4981
4981
4981
4981
4981
4979
4978
4978
4977
4977
4975
4975
4973
4973
4972
4971
4970
4968
4968
4967
4967
4967
4965
4964
4964
4963
4959
4959
4958
4958
4958
4958
4957
4956
4955
4955
4953
4952
4952
4951
4949
4948
4947
4947
4946
4945
4944
4943
4943
4942
4941
4938
4937
4937
4937
4936
4936
4936
4936
4935
4934
4933
4933
4932
4932
4932
4931
4931
4931
4930
4930
4929
4928
4926
4926
4926
4925
4925
4924
4924
4924
4923
4923
4923
4923
4922
4920
4920
4919
4919
4919
4918
4918
4918
4918
4917
4916
4914
4914
4912
4911
4911
4910
4909
4909
4908
4908
4908
4906
4905
4904
4902
4900
4899
4898
4897
4897
4897
4896
4895
4895
4895
4894
4894
4894
4893
4892
4891
4891
4889
4889
4889
4888
4888
4888
4887
4887
4886
4886
4885
4885
4884
4883
4882
4881
4881
4881
4878
4877
4875
4875
4875
4874
4872
4870
4868
4867
4867
4866
4866
4864
4864
4864
4863
4863
4862
4861
4861
4860
4860
4860
4860
4859
4859
4857
4856
4856
4856
4855
4855
4855
4855
4853
4853
4852
4852
4852
4851
4851
4851
4850
4850
4849
4849
4849
4848
4848
4847
4846
4845
4845
4844
4844
4843
4841
4841
4841
4840
4840
4839
4839
4839
4838
4838
4837
4836
4836
4834
4833
4833
4831
4830
4830
4829
4827
4827
4826
4823
4823
4822
4822
4821
4821
4820
4820
4819
4818
4817
4817
4817
4812
4811
4809
4809
4807
4807
4807
4806
4806
4805
4804
4803
4803
4803
4801
4799
4799
4797
4797
4796
4793
4793
4792
4792
4791
4791
4790
4790
4790
4790
4787
4786
4783
4780
4779
4777
4777
4777
4777
4777
4776
4776
4775
4775
4775
4773
4772
4772
4772
4771
4771
4771
4770
4770
4769
4769
4768
4768
4767
4764
4757
4762
4762
4762
4761
4761
4761
4760
4760
4759
4759
4758
4758
4757
4757
4755
4754
4754
4753
4753
4753
4752
4751
4750
4750
4750
4750
4748
4746
4745
4744
4743
4743
4743
4743
4742
4741
4740
4740
4740
4739
4738
4738
4734
4734
4733
4733
4732
4732
4731
4731
4729
4729
4729
4729
4728
4728
4728
4727
4726
4726
4726
4725
4725
4725
4724
4723
4723
4721
4720
4720
4718
4718
4717
4717
4715
4715
4713
4712
4711
4711
4711
4710
4709
4709
4709
4708
4708
4708
4707
4706
4704
4704
4702
4702
4700
4700
4699
4699
4699
4698
4698
4697
4697
4696
4695
4695
4695
4694
4693
4692
4692
4691
4691
4691
4691
4691
4690
4690
4690
4689
4687
4687
4687
4686
4686
4686
4686
4686
4685
4684
4684
4683
4683
4682
4681
4681
4681
4680
4680
4678
4678
4677
4677
4677
4676
4672
4672
4671
4671
4671
4670
4670
4669
4668
4667
4666
4666
4666
4665
4665
4664
4664
4664
4663
4663
4663
4662
4662
4661
4660
4658
4657
4656
4655
4652
4652
4651
4649
4648
4648
4647
4647
4646
4646
4645
4645
4644
4644
4643
4643
4641
4641
4640
4640
4639
4638
4638
4638
4634
4633
4633
4631
4630
4629
4628
4625
4625
4625
4625
4624
4623
4622
4621
4621
4620
4620
4620
4620
4619
4619
4618
4617
4617
4616
4616
4615
4615
4615
4615
4612
4611
4609
4609
4608
4608
4607
4607
4606
4605
4605
4605
4604
4603
4603
4601
4600
4600
4600
4599
4596
4595
4594
4593
4591
4591
4591
4590
4590
4589
4589
4589
4588
4587
4587
4586
4585
4585
4584
4583
4583
4583
4582
4580
4579
4579
4579
4578
4578
4578
4577
4575
4575
4573
4573
4571
4571
4571
4571
4570
4570
4569
4568
4567
4567
4567
4566
4565
4564
4563
4562
4562
4562
4562
4562
4561
4560
4560
4559
4558
4558
4558
4557
4556
4555
4555
4555
4555
4555
4555
4553
4553
4553
4552
4550
4546
4546
4546
4545
4545
4545
4545
4544
4544
4544
4543
4542
4541
4539
4538
4538
4536
4536
4534
4534
4533
4533
4533
4533
4532
4531
4531
4528
4526
4525
4525
4523
4523
4523
4522
4521
4518
4518
4518
4517
4517
4517
4515
4514
4513
4512
4512
4512
4512
4511
4510
4509
4508
4507
4507
4507
4506
4505
4505
4504
4504
4503
4503
4501
4501
4501
4499
4499
4499
4499
4498
4498
4497
4497
4497
4496
4495
4494
4494
4493
4492
4492
4491
4490
4517
4489
4488
4487
4487
4487
4485
4485
4484
4483
4483
4483
4482
4482
4481
4480
4480
4479
4479
4479
4477
4477
4476
4476
4475
4475
4475
4475
4475
4474
4474
4473
4472
4472
4472
4472
4472
4471
4470
4470
4469
4467
4466
4466
4464
4464
4463
4462
4462
4461
4461
4461
4460
4459
4459
4458
4458
4458
4457
4457
4456
4455
4455
4455
4454
4453
4453
4450
4450
4450
4450
4449
4449
4449
4447
4447
4446
4445
4445
4445
4445
4442
4441
4440
4440
4440
4440
4439
4438
4437
4437
4436
4435
4435
4435
4434
4433
4433
4433
4432
4432
4432
4432
4432
4431
4431
4431
4430
4430
4430
4430
4429
4429
4429
4428
4428
4428
4427
4427
4427
4426
4426
4426
4426
4426
4425
4424
4424
4423
4423
4422
4422
4421
4421
4421
4421
4420
4417
4417
4415
4415
4413
4413
4413
4411
4409
4409
4409
4409
4407
4407
4406
4406
4406
4406
4405
4404
4404
4404
4403
4403
4403
4403
4402
4402
4401
4401
4400
4398
4398
4397
4397
4397
4396
4395
4394
4393
4392
4392
4392
4392
4392
4391
4391
4391
4390
4389
4388
4387
4387
4386
4385
4385
4384
4382
4381
4380
4379
4379
4379
4379
4378
4378
4378
4378
4378
4378
4376
4376
4376
4374
4374
4374
4373
4372
4372
4372
4372
4372
4371
4371
4371
4371
4371
4371
4370
4370
4370
4370
4370
4369
4369
4368
4368
4367
4365
4364
4364
4362
4362
4361
4361
4361
4359
4359
4358
4358
4358
4356
4356
4355
4355
4355
4355
4355
4352
4352
4352
4351
4350
4350
4349
4348
4347
4347
4347
4346
4346
4345
4345
4345
4345
4343
4343
4343
4342
4342
4341
4341
4341
4341
4338
4338
4338
4337
4337
4336
4336
4335
4334
4334
4334
4334
4333
4333
4330
4330
4329
4329
4329
4329
4328
4328
4327
4327
4326
4326
4325
4325
4324
4323
4323
4323
4322
4322
4321
4320
4320
4320
4320
4319
4319
4318
4318
4317
4317
4315
4314
4314
4314
4314
4314
4311
4311
4311
4311
4310
4310
4310
4309
4309
4308
4306
4306
4305
4304
4304
4303
4302
4301
4301
4301
4298
4297
4297
4296
4295
4294
4293
4293
4293
4292
4291
4291
4290
4290
4289
4288
4288
4287
4287
4287
4286
4286
4285
4285
4285
4284
4283
4283
4283
4282
4281
4281
4281
4281
4281
4279
4279
4277
4276
4276
4275
4275
4274
4273
4272
4271
4271
4271
4271
4270
4269
4269
4269
4269
4266
4266
4266
4265
4265
4264
4263
4262
4262
4261
4259
4258
4258
4258
4257
4257
4256
4256
4255
4255
4254
4254
4254
4254
4254
4253
4253
4251
4251
4249
4248
4248
4247
4246
4246
4245
4245
4245
4244
4242
4242
4241
4241
4241
4240
4240
4239
4239
4238
4237
4237
4236
4236
4236
4236
4233
4233
4233
4233
4233
4232
4232
4231
4230
4230
4230
4229
4229
4229
4229
4229
4228
4228
4228
4227
4227
4227
4227
4227
4227
4226
4226
4226
4225
4224
4223
4223
4223
4222
4222
4221
4221
4221
4221
4221
4218
4218
4217
4216
4216
4215
4215
4215
4215
4214
4213
4211
4211
4209
4209
4209
4208
4208
4207
4207
4206
4206
4206
4205
4205
4204
4204
4204
4203
4203
4201
4201
4201
4200
4199
4198
4198
4197
4196
4195
4195
4195
4195
4193
4193
4193
4192
4192
4192
4191
4191
4191
4190
4190
4188
4188
4186
4185
4184
4184
4184
4181
4181
4180
4178
4157
4178
4178
4177
4177
4176
4176
4176
4174
4174
4174
4174
4173
4170
4169
4169
4169
4169
4168
4168
4168
4168
4168
4167
4167
4167
4166
4165
4165
4165
4163
4163
4163
4163
4162
4162
4162
4162
4161
4161
4161
4161
4160
4160
4160
4160
4160
4160
4159
4159
4159
4158
4157
4157
4156
4156
4155
4154
4154
4153
4153
4153
4151
4149
4148
4148
4148
4148
4148
4148
4146
4146
4145
4145
4145
4144
4144
4143
4142
4142
4141
4140
4140
4140
4140
4138
4137
4137
4136
4136
4135
4135
4134
4134
4133
4132
4131
4131
4131
4129
4128
4127
4127
4125
4125
4124
4123
4122
4122
4121
4121
4120
4120
4119
4119
4118
4118
4117
4116
4116
4115
4115
4114
4114
4113
4112
4111
4111
4111
4111
4110
4110
4109
4109
4109
4108
4108
4108
4108
4108
4107
4106
4104
4104
4104
4103
4103
4103
4103
4103
4103
4101
4100
4100
4099
4099
4099
4099
4098
4097
4097
4097
4097
4096
4095
4094
4094
4093
4093
4092
4091
4089
4088
4088
4087
4086
4086
4085
4084
4083
4083
4083
4083
4082
4082
4082
4082
4081
4080
4079
4077
4077
4076
4076
4076
4075
4075
4074
4074
4073
4073
4073
4073
4072
4072
4071
4071
4071
4070
4067
4067
4067
4067
4066
4066
4066
4065
4065
4064
4063
4063
4063
4061
4061
4061
4059
4058
4058
4058
4057
4057
4057
4057
4056
4056
4055
4055
4054
4053
4053
4053
4053
4052
4051
4051
4051
4051
4050
4050
4049
4049
4049
4049
4049
4048
4048
4047
4047
4046
4046
4046
4096
4043
4043
4043
4043
4041
4041
4041
4041
4040
4038
4038
4037
4036
4036
4036
4035
4034
4033
4032
4031
4030
4030
4029
4029
4028
4027
4027
4027
4026
4026
4025
4025
4025
4025
4024
4023
4023
4021
4021
4020
4019
4019
4018
4016
4015
4015
4014
4014
4013
4013
4012
4011
4011
4010
4010
4010
4008
4007
4006
4006
4006
4005
4005
4004
4004
4003
4003
4003
4002
4002
4001
4000
4000
4000
3999
3999
3999
3999
3999
3998
3998
3997
3996
3996
3996
3995
3994
3992
3992
3991
3991
3990
3989
3989
3989
3989
3989
3988
3988
3988
3988
3988
3987
3987
3987
3986
3985
3985
3984
3983
3983
3983
3981
3980
3980
3979
3979
3979
3979
3978
3978
3978
3977
3977
3977
3976
3976
3976
3976
3975
3975
3975
3974
3974
3973
3973
3972
3972
3972
3970
3970
3970
3969
3969
3968
3967
3967
3966
3966
3966
3965
3965
3964
3964
3964
3964
3964
3964
3964
3963
3963
3962
3961
3961
3961
3961
3961
3960
3960
3960
3960
3959
3959
3959
3958
3958
3958
3958
3957
3957
3956
3956
3956
3955
3954
3954
3954
3953
3953
3951
3951
3949
3949
3948
3947
3947
3946
3946
3946
3946
3946
3945
3944
3944
3944
3944
3942
3941
3941
3940
3940
3938
3938
3938
3938
3938
3937
3936
3935
3935
3934
3934
3934
3932
3932
3931
3931
3931
3930
3929
3929
3929
3928
3927
3927
3926
3925
3924
3924
3923
3923
3923
3923
3922
3921
3921
3921
3921
3921
3920
3920
3920
3920
3920
3919
3919
3919
3918
3918
3917
3917
3917
3917
3917
3916
3916
3916
3916
3914
3913
3912
3912
3912
3912
3912
3911
3911
3910
3909
3909
3909
3908
3908
3908
3908
3908
3907
3907
3906
3906
3906
3905
3905
3904
3904
3903
3903
3903
3903
3903
3901
3901
3901
3901
3900
3900
3899
3899
3899
3898
3898
3897
3897
3896
3895
3895
3895
3894
3894
3894
3893
3893
3893
3892
3892
3892
3891
3891
3891
3890
3890
3889
3888
3887
3887
3887
3886
3886
3885
3883
3883
3882
3882
3880
3880
3879
3879
3879
3878
3877
3877
3877
3876
3876
3874
3874
3874
3873
3873
3873
3873
3872
3872
3872
3872
3871
3871
3870
3870
3870
3869
3869
3869
3869
3869
3868
3868
3867
3866
3864
3864
3863
3862
3861
3861
3861
3861
3861
3861
3861
3860
3860
3859
3859
3859
3859
3856
3856
3854
3854
3853
3853
3853
3853
3853
3853
3852
3852
3850
3850
3850
3850
3850
3849
3849
3848
3847
3847
3846
3846
3842
3842
3842
3841
3841
3840
3840
3840
3840
3840
3839
3839
3838
3838
3838
3838
3836
3835
3835
3834
3834
3834
3833
3833
3833
3833
3832
3831
3830
3830
3829
3827
3827
3826
3826
3826
3826
3826
3825
3825
3825
3825
3823
3823
3823
3822
3822
3822
3822
3822
3821
3821
3820
3820
3820
3820
3820
3820
3819
3819
3819
3818
3817
3817
3816
3816
3816
3816
3816
3816
3815
3815
3814
3814
3812
3812
3811
3811
3811
3810
3809
3806
3805
3805
3804
3804
3803
3803
3802
3802
3802
3805
3801
3801
3800
3800
3800
3799
3799
3799
3799
3798
3798
3798
3797
3797
3796
3796
3796
3795
3795
3795
3795
3794
3794
3793
3793
3793
3792
3791
3791
3791
3791
3790
3789
3789
3789
3789
3788
3788
3787
3787
3787
3786
3786
3786
3786
3786
3786
3786
3785
3785
3784
3784
3784
3783
3782
3782
3782
3780
3780
3780
3779
3779
3779
3779
3778
3778
3778
3777
3777
3777
3808
3776
3775
3775
3775
3774
3774
3774
3774
3773
3773
3773
3773
3772
3772
3772
3771
3770
3770
3770
3769
3769
3769
3769
3768
3768
3768
3767
3766
3766
3765
3765
3765
3765
3764
3764
3763
3762
3761
3761
3761
3760
3760
3759
3759
3758
3757
3757
3757
3757
3757
3756
3756
3756
3756
3755
3755
3755
3754
3754
3753
3753
3753
3752
3752
3752
3751
3751
3751
3749
3748
3748
3748
3747
3746
3746
3745
3744
3744
3743
3743
3743
3743
3743
3742
3741
3741
3740
3740
3739
3739
3699
3739
3739
3739
3738
3737
3737
3737
3736
3736
3735
3734
3733
3733
3733
3732
3732
3731
3731
3731
3730
3730
3730
3730
3730
3730
3730
3729
3729
3729
3728
3728
3728
3727
3727
3727
3727
3726
3726
3726
3726
3726
3726
3725
3725
3725
3725
3724
3724
3724
3723
3723
3722
3722
3722
3721
3720
3719
3719
3719
3719
3718
3717
3717
3717
3717
3716
3716
3716
3714
3714
3714
3713
3713
3713
3712
3712
3712
3712
3711
3711
3711
3710
3710
3710
3709
3709
3709
3709
3708
3708
3707
3707
3706
3706
3706
3706
3705
3705
3705
3705
3704
3704
3702
3702
3702
3701
3700
3700
3700
3699
3699
3699
3699
3699
3697
3697
3697
3696
3703
3696
3696
3696
3696
3696
3695
3694
3694
3693
3692
3692
3692
3692
3691
3691
3691
3690
3690
3689
3689
3689
3689
3688
3688
3688
3688
3687
3687
3687
3686
3685
3685
3685
3684
3684
3682
3682
3682
3681
3681
3681
3681
3680
3680
3679
3679
3679
3679
3679
3679
3678
3677
3677
3676
3676
3676
3676
3676
3675
3675
3675
3675
3674
3674
3674
3673
3672
3672
3672
3672
3672
3671
3671
3670
3670
3670
3670
3669
3669
3669
3668
3668
3668
3668
3668
3667
3667
3666
3666
3665
3664
3664
3664
3663
3663
3663
3662
3662
3662
3662
3662
3661
3661
3660
3659
3658
3658
3657
3656
3655
3655
3654
3654
3654
3654
3653
3653
3653
3653
3652
3652
3652
3652
3652
3652
3651
3651
3650
3650
3649
3648
3648
3648
3648
3647
3647
3647
3647
3647
3646
3646
3646
3646
3646
3646
3645
3645
3645
3644
3644
3644
3644
3643
3643
3643
3642
3641
3641
3641
3641
3640
3639
3639
3639
3639
3639
3638
3638
3637
3637
3636
3635
3634
3632
3632
3632
3631
3631
3630
3630
3630
3629
3628
3627
3627
3627
3627
3626
3626
3625
3625
3625
3624
3624
3624
3622
3621
3621
3621
3621
3621
3619
3619
3618
3618
3617
3617
3616
3616
3615
3615
3615
3614
3613
3613
3613
3612
3612
3611
3610
3610
3610
3609
3608
3608
3608
3608
3607
3607
3606
3606
3603
3603
3603
3602
3602
3602
3602
3601
3601
3601
3610
3601
3601
3600
3600
3599
3599
3599
3599
3599
3599
3599
3598
3598
3598
3597
3597
3597
3596
3595
3595
3595
3595
3595
3594
3594
3594
3594
3593
3593
3592
3592
3591
3591
3591
3591
3591
3590
3590
3588
3588
3588
3588
3587
3587
3587
3585
3585
3585
3585
3585
3585
3584
3584
3584
3584
3583
3582
3582
3581
3581
3581
3580
3579
3578
3578
3578
3578
3578
3577
3576
3576
3576
3576
3576
3576
3575
3573
3573
3573
3573
3571
3570
3570
3570
3570
3569
3569
3569
3568
3566
3566
3565
3565
3564
3564
3564
3564
3563
3562
3561
3561
3561
3561
3560
3560
3560
3559
3559
3559
3558
3558
3557
3557
3556
3556
3556
3556
3556
3555
3555
3554
3553
3553
3552
3552
3552
3552
3551
3551
3551
3550
3550
3550
3549
3549
3549
3549
3549
3548
3548
3548
3547
3546
3546
3545
3545
3543
3542
3542
3542
3542
3541
3541
3541
3541
3541
3541
3540
3540
3540
3540
3539
3539
3539
3538
3538
3537
3537
3537
3537
3535
3534
3533
3533
3533
3533
3532
3532
3532
3532
3531
3531
3531
3531
3530
3530
3529
3529
3528
3527
3527
3526
3526
3526
3525
3524
3524
3524
3524
3523
3523
3523
3523
3522
3520
3520
3520
3519
3518
3517
3517
3517
3517
3516
3516
3516
3515
3515
3515
3514
3514
3514
3513
3513
3513
3512
3511
3511
3511
3511
3511
3510
3509
3509
3509
3508
3508
3507
3507
3507
3507
3506
3506
3505
3505
3505
3504
3504
3504
3504
3503
3503
3503
3503
3502
3502
3501
3501
3501
3499
3499
3499
3499
3498
3498
3497
3497
3497
3496
3495
3495
3494
3494
3493
3493
3492
3492
3491
3491
3491
3491
3491
3490
3490
3490
3489
3489
3489
3489
3489
3488
3488
3488
3486
3486
3486
3485
3485
3485
3485
3484
3483
3483
3483
3482
3482
3481
3481
3481
3481
3481
3481
3480
3480
3480
3480
3479
3479
3479
3479
3479
3479
3478
3478
3477
3476
3476
3475
3474
3474
3474
3473
3473
3473
3473
3472
3472
3471
3471
3471
3471
3471
3470
3470
3470
3470
3470
3469
3469
3469
3469
3468
3468
3468
3468
3467
3467
3467
3467
3466
3466
3466
3466
3466
3466
3465
3465
3465
3463
3463
3463
3463
3463
3463
3462
3462
3460
3460
3460
3460
3459
3459
3459
3459
3459
3458
3457
3457
3457
3456
3455
3455
3455
3455
3455
3454
3453
3453
3453
3453
3451
3451
3450
3449
3449
3449
3449
3449
3449
3448
3448
3447
3446
3447
3446
3446
3445
3445
3445
3445
3444
3444
3443
3442
3442
3442
3442
3442
3442
3442
3442
3441
3441
3440
3440
3440
3440
3439
3439
3439
3439
3438
3438
3438
3438
3438
3437
3437
3437
3437
3437
3437
3436
3436
3436
3436
3435
3435
3435
3433
3432
3432
3432
3432
3431
3431
3431
3430
3430
3429
3428
3428
3427
3426
3426
3426
3425
3425
3424
3424
3424
3423
3423
3422
3421
3393
3421
3421
3420
3420
3420
3420
3420
3419
3419
3419
3419
3418
3418
3418
3417
3417
3417
3417
3414
3414
3414
3413
3413
3412
3412
3411
3411
3410
3410
3409
3409
3409
3409
3408
3408
3407
3407
3407
3406
3405
3405
3404
3404
3404
3404
3404
3404
3403
3403
3402
3402
3402
3400
3400
3400
3399
3399
3399
3399
3399
3399
3398
3398
3398
3398
3398
3397
3397
3397
3397
3397
3396
3395
3394
3394
3394
3394
3394
3393
3392
3392
3391
3391
3391
3391
3390
3388
3388
3388
3388
3388
3388
3387
3387
3387
3387
3385
3385
3385
3385
3385
3385
3384
3383
3383
3383
3382
3382
3382
3381
3381
3381
3381
3380
3380
3380
3380
3379
3379
3379
3379
3379
3378
3377
3377
3377
3377
3377
3376
3376
3376
3376
3375
3375
3375
3375
3374
3374
3373
3373
3372
3372
3372
3372
3372
3372
3371
3371
3371
3371
3370
3370
3370
3370
3369
3369
3369
3369
3368
3368
3367
3367
3367
3367
3366
3366
3365
3365
3365
3365
3365
3363
3362
3362
3362
3362
3362
3361
3360
3358
3357
3357
3357
3356
3356
3356
3356
3356
3356
3356
3355
3355
3355
3355
3354
3353
3353
3353
3352
3352
3352
3352
3351
3351
3350
3350
3350
3348
3348
3348
3348
3347
3346
3346
3346
3346
3345
3345
3345
3345
3344
3343
3342
3342
3342
3342
3342
3341
3341
3341
3341
3341
3340
3340
3340
3339
3339
3339
3339
3338
3338
3338
3337
3337
3337
3337
3337
3336
3352
3335
3335
3335
3335
3334
3334
3334
3334
3334
3334
3333
3333
3333
3333
3331
3331
3331
3331
3331
3330
3330
3330
3329
3329
3329
3328
3328
3328
3327
3327
3327
3326
3326
3326
3325
3325
3325
3324
3324
3324
3323
3322
3322
3321
3321
3321
3321
3321
3321
3320
3320
3320
3320
3320
3319
3318
3318
3317
3316
3316
3315
3315
3315
3315
3315
3315
3314
3314
3314
3314
3314
3314
3313
3313
3313
3313
3313
3313
3313
3312
3312
3312
3312
3312
3311
3311
3311
3311
3310
3310
3310
3309
3309
3308
3307
3307
3306
3306
3306
3305
3305
3305
3303
3303
3302
3302
3302
3301
3301
3301
3300
3300
3300
3299
3299
3299
3299
3298
3298
3297
3296
3295
3294
3294
3294
3293
3293
3293
3293
3292
3292
3292
3292
3291
3291
3291
3290
3290
3290
3290
3290
3289
3289
3288
3288
3287
3287
3287
3287
3287
3287
3287
3287
3285
3284
3284
3283
3282
3282
3281
3281
3280
3280
3279
3279
3279
3278
3278
3278
3278
3277
3277
3277
3277
3277
3277
3276
3275
3275
3274
3274
3273
3273
3272
3270
3270
3270
3269
3269
3269
3268
3268
3268
3268
3267
3267
3267
3267
3267
3266
3266
3266
3265
3265
3264
3264
3264
3263
3263
3263
3262
3262
3262
3262
3262
3261
3260
3260
3260
3260
3259
3259
3259
3258
3257
3257
3257
3257
3257
3256
3255
3255
3253
3253
3253
3252
3252
3252
3252
3252
3252
3252
3251
3251
3251
3250
3250
3250
3249
3249
3249
3249
3249
3248
3247
3246
3245
3245
3245
3244
3244
3244
3244
3243
3243
3243
3243
3243
3243
3242
3242
3242
3242
3241
3241
3241
3240
3240
3240
3240
3240
3239
3239
3239
3238
3238
3238
3237
3237
3237
3237
3237
3237
3237
3236
3236
3235
3235
3234
3234
3234
3234
3234
3234
3234
3233
3233
3233
3233
3233
3233
3232
3232
3232
3232
3232
3232
3232
3232
3230
3230
3230
3230
3229
3229
3227
3227
3227
3227
3226
3226
3225
3225
3225
3225
3225
3225
3224
3223
3223
3223
3223
3222
3222
3222
3222
3222
3221
3221
3221
3221
3220
3219
3219
3219
3219
3219
3218
3218
3218
3218
3218
3217
3217
3217
3217
3217
3216
3216
3215
3215
3214
3213
3213
3213
3212
3212
3212
3211
3211
3211
3210
3209
3208
3208
3207
3207
3207
3206
3206
3223
3206
3205
3205
3205
3205
3205
3205
3204
3203
3202
3201
3201
3201
3201
3201
3200
3199
3199
3199
3199
3198
3198
3198
3198
3197
3197
3196
3196
3195
3195
3195
3195
3194
3193
3193
3193
3192
3192
3191
3191
3191
3190
3190
3190
3189
3189
3189
3189
3189
3188
3188
3188
3185
3185
3185
3185
3184
3184
3183
3183
3183
3183
3183
3183
3183
3182
3182
3182
3182
3182
3182
3181
3180
3180
3179
3179
3179
3178
3178
3178
3177
3177
3177
3176
3176
3176
3176
3175
3175
3175
3174
3174
3173
3173
3172
3172
3172
3172
3172
3171
3171
3171
3170
3170
3169
3169
3168
3168
3168
3167
3167
3167
3167
3167
3167
3167
3167
3167
3166
3165
3165
3164
3164
3164
3164
3163
3163
3162
3162
3162
3162
3161
3161
3161
3161
3160
3159
3159
3159
3159
3159
3158
3158
3157
3157
3157
3157
3156
3156
3156
3156
3155
3155
3155
3154
3154
3153
3152
3152
3152
3152
3151
3151
3151
3151
3152
3149
3149
3148
3148
3147
3147
3147
3147
3146
3146
3145
3145
3145
3145
3145
3144
3144
3143
3143
3143
3143
3143
3143
3142
3142
3142
3142
3142
3141
3141
3141
3141
3140
3140
3139
3140
3139
3139
3139
3139
3138
3138
3138
3137
3136
3136
3136
3135
3135
3135
3134
3134
3133
3133
3133
3132
3131
3131
3131
3131
3131
3130
3130
3130
3129
3129
3129
3129
3128
3128
3127
3127
3127
3127
3127
3126
3126
3125
3124
3124
3124
3123
3123
3123
3123
3123
3123
3123
3122
3121
3121
3121
3121
3120
3120
3119
3119
3119
3119
3119
3118
3118
3118
3118
3117
3117
3116
3116
3116
3115
3115
3115
3115
3114
3113
3113
3113
3113
3112
3112
3112
3111
3111
3111
3111
3110
3110
3110
3110
3109
3109
3108
3108
3108
3108
3107
3107
3107
3106
3106
3106
3106
3106
3105
3105
3105
3104
3104
3103
3103
3103
3103
3103
3102
3102
3102
3101
3101
3101
3100
3100
3100
3099
3099
3099
3099
3098
3098
3098
3098
3098
3098
3097
3097
3096
3096
3096
3096
3095
3095
3095
3094
3094
3094
3094
3093
3093
3093
3093
3093
3092
3092
3092
3091
3091
3091
3091
3090
3090
3090
3089
3089
3089
3089
3088
3088
3088
3087
3087
3086
3086
3086
3085
3085
3085
3084
3084
3083
3083
3083
3083
3082
3082
3081
3080
3080
3080
3080
3079
3079
3079
3078
3078
3078
3078
3078
3078
3078
3078
3077
3077
3077
3077
3076
3076
3076
3076
3076
3075
3074
3074
3074
3073
3073
3073
3073
3072
3072
3072
3072
3071
3071
3071
3071
3071
3071
3071
3070
3070
3070
3070
3069
3069
3068
3068
3068
3067
3067
3067
3066
3066
3066
3065
3065
3064
3064
3063
3063
3063
3063
3062
3062
3062
3061
3061
3060
3060
3060
3060
3058
3057
3057
3056
3056
3055
3055
3055
3055
3055
3055
3054
3053
3053
3052
3052
3052
3052
3051
3051
3051
3051
3051
3051
3051
3051
3050
3050
3049
3049
3049
3048
3048
3048
3047
3046
3046
3046
3045
3044
3043
3042
3042
3042
3041
3041
3041
3040
3040
3040
3040
3040
3040
3039
3039
3038
3038
3038
3038
3038
3038
3037
3037
3037
3037
3037
3036
3036
3035
3034
3034
3033
3033
3033
3032
3032
3031
3030
3029
3029
3029
3029
3029
3029
3028
3028
3028
3028
3027
3027
3027
3027
3026
3026
3026
3025
3024
3023
3022
3021
3021
3020
3020
3020
3020
3020
3020
3020
3019
3019
3019
3018
3018
3018
3018
3018
3018
3017
3017
3016
3016
3016
3015
3015
3015
3014
3014
3014
3014
3014
3014
3014
3013
3013
3013
3013
3012
3012
3012
3012
3012
3011
3011
3011
3011
3010
3010
3009
3009
3009
3008
3008
3007
3007
3007
3006
3006
3006
3005
3005
3004
3004
3004
3004
3003
3003
3002
3002
3001
3001
3001
3001
3001
3000
3000
3000
3000
