265806
263525
259395
250677
241093
237116
223819
218888
183496
173796
171130
168704
167903
164132
161064
153826
152543
151056
149739
146697
137998
129806
124964
122834
120940
118937
118445
113919
112810
107527
105209
105063
102156
100899
99951
99797
97846
96300
95521
94004
93709
93133
92915
92177
90971
90800
90123
89450
88998
88330
87789
85503
85264
84868
84588
83533
82862
82632
82239
81970
81556
81432
80694
80428
80426
80234
79519
79036
78886
78606
77884
76816
76083
75732
75287
74902
74765
74189
74073
72804
71074
70626
70501
69299
69028
68981
68789
68471
68359
68350
66458
66439
65624
65622
65379
64428
64323
64264
62800
62724
62386
62341
61749
61533
61322
61106
60717
60527
60121
60071
59681
59371
59285
59180
59119
59021
58948
58869
58501
57865
57822
57045
57012
56947
56701
55968
55825
54352
54155
54038
53787
53485
53372
53197
53077
52878
52460
52342
52256
52196
51782
51640
51480
51364
51161
51105
50587
50316
50118
49686
49260
49105
49030
48785
48587
48498
48471
48386
48225
47802
47054
47016
46961
46914
46524
46479
46253
45957
45920
45824
45468
45314
44941
44769
44615
44541
44526
44399
44393
44108
44062
44020
43884
43878
43824
43748
43664
43315
43294
43286
43171
42725
42707
42250
41740
41631
41532
41481
41223
41083
41080
40913
40891
40823
40753
40624
40562
40500
40437
40251
40014
39986
39569
39377
39331
39192
39119
39004
39003
38954
38932
38932
38872
38719
38689
38654
38639
38264
38249
38101
38027
37886
37829
37699
37663
37624
37489
37385
37364
37350
37319
37122
37070
36980
36889
36840
36809
36736
36693
36693
36495
36432
36426
36424
36346
36309
36241
36178
36173
36134
35972
35954
35883
35839
35775
35766
35706
35679
35651
35601
35578
35330
35276
35213
35199
35165
35074
35048
34927
34815
34730
34670
34597
34591
34577
34517
34516
34432
34400
34345
34343
34244
34215
34194
34173
34042
34031
33912
33874
33795
33673
33666
33529
33487
33431
33415
33307
33287
33225
33131
33095
33070
32996
32951
32934
32677
32623
32589
32513
32471
32278
32272
32115
32041
32030
31961
31950
31900
31850
31831
31808
31801
31739
31698
31686
31574
31433
31418
31417
31416
31406
31254
31239
31219
31129
31105
30952
30944
30928
30796
30678
30666
30660
30642
30615
30612
30594
30543
30512
30468
30426
30290
30237
30233
30217
30211
30049
30044
29990
29932
29871
29854
29824
29816
29611
29530
29415
29298
29234
29164
29137
29111
29092
29082
28963
28959
28958
28938
28930
28911
28895
28874
28766
28731
28672
28618
28611
28562
28550
28531
28446
28424
28413
28411
28350
28345
28299
28291
28281
28226
28124
28044
27937
27932
27880
27866
27850
27815
27786
27728
27726
27712
27654
27608
27562
27562
27518
27427
27375
27346
27287
27242
27191
27188
27165
27137
27120
27112
27085
27075
27064
27016
27014
26994
26915
26853
26813
26739
26708
26704
26643
26605
26578
26462
26460
26460
26453
26433
26420
26413
26379
26371
26288
26268
26262
26258
26216
26188
26181
26175
26139
25995
25942
25936
25925
25876
25850
25849
25849
25801
25781
25762
25750
25714
25674
25650
25597
25564
25546
25542
25525
25516
25506
25492
25443
25402
25344
25330
25315
25312
25302
25257
25239
25206
25165
25153
25110
25103
25072
25018
25005
24923
24903
24868
24840
24802
24786
24706
24638
24627
24623
24560
24541
24465
24443
24425
24387
24369
24351
24331
24312
24307
24297
24275
24270
24218
24206
24151
24126
24070
24066
24042
24041
24036
23972
23970
23919
23900
23882
23846
23827
23802
23774
23761
23743
23735
23724
23698
23694
23642
23640
23638
23633
23629
23624
23611
23602
23583
23578
23558
23524
23520
23507
23499
23497
23483
23469
23442
23421
23407
23359
23326
23325
23298
23252
23229
23206
23204
23174
23169
23155
23150
23128
23118
23114
23099
23098
23091
23088
23087
23085
23059
23008
23008
22951
22915
22910
22846
22829
22823
22807
22788
22777
22762
22739
22730
22727
22725
22722
22717
22682
22639
22625
22613
22597
22588
22583
22551
22543
22526
22494
22381
22367
22335
22317
22255
22252
22196
22169
22157
22155
22104
22096
22073
22056
22019
21998
21985
21949
21948
21940
21932
21910
21903
21891
21885
21813
21810
21741
21739
21738
21703
21700
21697
21605
21580
21566
21552
21550
21544
21544
21530
21511
21506
21474
21471
21440
21409
21390
21380
21326
21318
21311
21302
21269
21261
21232
21221
21214
21154
21149
21139
21117
21114
21082
21071
21050
20989
20983
20974
20967
20966
20926
20921
20916
20830
20816
20792
20762
20757
20713
20699
20682
20675
20682
20640
20629
20578
20556
20550
20544
20518
20505
20487
20458
20453
20436
20408
20377
20342
20337
20324
20309
20307
20280
20278
20278
20275
20274
20262
20259
20245
20226
20225
20206
20194
20168
20157
20135
20128
20113
20100
20072
20042
20017
20014
20000
19999
19983
19967
19956
19952
19934
19928
19915
19888
19853
19840
19839
19819
19815
19801
19789
19785
19780
19770
19678
19657
19651
19637
19629
19628
19607
19555
19541
19534
19530
19491
19483
19481
19479
19432
19430
19426
19406
19397
19380
19374
19355
19345
19288
19284
19280
19269
19266
19251
19239
19237
19235
19228
19219
19214
19201
19191
19190
19189
19183
19172
19161
19144
19135
19131
19112
19099
19094
19066
19058
19053
19043
19027
19015
18994
18945
18928
18910
18901
18891
18872
18870
18864
18846
18832
18823
18814
18792
18789
18782
18763
18773
18749
18740
18728
18705
18691
18673
18660
18620
18606
18589
18587
18577
18576
18567
18556
18549
18547
18546
18527
18507
18504
18502
18499
18493
18487
18484
18470
18453
18442
18438
18437
18433
18417
18408
18405
18399
18392
18366
18355
18343
18329
18325
18324
18318
18295
18279
18264
18253
18251
18250
18241
18222
18171
18147
18133
18128
18115
18115
18103
18098
18096
18068
18059
18059
18058
18056
18052
18046
18037
18033
18006
17985
17966
17964
17938
17937
17922
17919
17908
17901
17886
17881
17853
17822
17820
17792
17750
17748
17739
17734
17729
17704
17697
17672
17671
17668
17667
17657
17651
17640
17624
17623
17622
17614
17612
17608
17594
17586
17577
17531
17499
17493
17488
17486
17468
17468
17459
17457
17457
17451
17446
17437
17433
17429
17428
17425
17421
17395
17386
17383
17371
17360
17348
17324
17318
17302
17298
17288
17275
17263
17261
17256
17246
17243
17242
17226
17221
17216
17209
17204
17187
17171
17150
17150
17144
17129
17129
17122
17103
17099
17091
17079
17059
17055
17023
17013
17011
17010
17008
16974
16964
16956
16953
16942
16942
16941
16936
16935
16931
16929
16910
16904
16876
16874
16869
16852
16851
16850
16848
16821
16820
16802
16801
16780
16777
16764
16764
16741
16737
16734
16723
16719
16717
16716
16706
16704
16701
16699
16687
16685
16652
16641
16635
16611
16602
16602
16596
16595
16588
16580
16560
16553
16551
16546
16537
16507
16490
16479
16472
16468
16466
16452
16451
16439
16435
16429
16418
16417
16402
16398
16394
16381
16359
16347
16320
16317
16311
16303
16296
16289
16285
16282
16280
16274
16261
16254
16250
16247
16246
16239
16236
16229
16214
16201
16193
16181
16174
16150
16142
16130
16128
16127
16126
16116
16077
16075
16045
16042
16033
16028
16026
16023
15991
15986
15976
15972
15959
15956
15935
15932
15928
15924
15920
15911
15884
15884
15883
15883
15865
15863
15856
15850
15849
15825
15822
15821
15803
15803
15803
15795
15790
15780
15771
15766
15753
15751
15709
15707
15704
15703
15698
15674
15672
15670
15667
15664
15661
15660
15652
15639
15624
15624
15623
15619
15617
15616
15611
15603
15602
15589
15581
15565
15565
15558
15556
15544
15531
15526
15525
15523
15510
15507
15479
15466
15465
15457
15455
15455
15445
15433
15432
15424
15417
15414
15412
15409
15409
15409
15395
15393
15390
15383
15363
15358
15357
15349
15346
15343
15327
15327
15318
15307
15304
15281
15269
15259
15259
15256
15248
15228
15224
15217
15205
15194
15187
15185
15184
15181
15177
15171
15165
15163
15159
15156
15151
15150
15131
15122
15110
15109
15093
15085
15080
15072
15068
15060
15056
15055
15052
15050
15048
15048
15047
15044
15043
15043
15039
15026
15020
15010
15003
14994
14993
14992
14966
14962
14958
14944
14923
14919
14919
14917
14911
14910
14896
14895
14892
14887
14884
14874
14873
14869
14865
14862
14853
14849
14839
14836
14835
14833
14826
14822
14804
14797
14788
14786
14776
14771
14766
14761
14757
14745
14741
14734
14733
14732
14725
14719
14707
14702
14699
14695
14687
14663
14658
14657
14646
14641
14629
14619
14618
14620
14597
14589
14558
14545
14540
14528
14522
14512
14504
14495
14493
14477
14463
14450
14444
14432
14430
14424
14418
14412
14406
14399
14392
14389
14380
14378
14370
14369
14355
14354
14345
14342
14334
14332
14330
14323
14322
14319
14313
14309
14299
14299
14297
14263
14257
14256
14242
14239
14233
14229
14220
14215
14214
14203
14188
14186
14177
14164
14160
14157
14154
14144
14121
14121
14121
14113
14112
14106
14104
14091
14091
14064
14058
14057
14055
14049
14040
14037
14034
14032
14025
14021
14004
13998
13998
13983
13977
13975
13974
13967
13957
13945
13943
13935
13933
13933
13930
13929
13923
13912
13909
13908
13907
13897
13894
13892
13888
13863
13853
13841
13819
13815
13814
13787
13783
13782
13778
13775
13764
13752
13750
13747
13746
13745
13740
13736
13735
13733
13732
13730
13718
13716
13715
13706
13702
13697
13691
13691
13675
13672
13671
13664
13662
13659
13656
13654
13646
13644
13640
13633
13616
13616
13606
13604
13597
13594
13590
13582
13580
13567
13567
13565
13560
13558
13553
13552
13550
13544
13540
13537
13514
13513
13509
13503
13495
13493
13489
13486
13473
13468
13466
13460
13459
13457
13448
13441
13438
13428
13420
13416
13414
13408
13401
13396
13394
13391
13382
13378
13377
13366
13353
13345
13339
13338
13332
13332
13321
13319
13312
13305
13298
13290
13286
13286
13280
13276
13273
13272
13266
13263
13254
13234
13232
13229
13220
13216
13208
13206
13200
13196
13191
13185
13175
13174
13169
13169
13157
13153
13152
13152
13148
13146
13140
13128
13113
13106
13086
13081
13075
13074
13069
13061
13056
13050
13048
13045
13040
13037
13028
13027
13003
12989
12984
12979
12977
12969
12965
12963
12961
12956
12955
12952
12952
12950
12949
12947
12945
12936
12936
12930
12930
12919
12913
12911
12911
12906
12906
12906
12900
12899
12892
12888
12883
12882
12874
12866
12860
12859
12855
12854
12849
12849
12847
12847
12833
12828
12827
12827
12827
12825
12812
12811
12804
12802
12794
12789
12787
12784
12780
12778
12774
12770
12763
12759
12751
12743
12742
12739
12731
12721
12720
12710
12708
12706
12688
12678
12664
12655
12654
12653
12651
12649
12632
12630
12630
12628
12621
12616
12610
12606
12600
12600
12598
12591
12587
12586
12584
12581
12580
12580
12578
12578
12577
12573
12571
12567
12555
12554
12554
12551
12544
12543
12541
12536
12528
12523
12522
12520
12518
12515
12508
12503
12493
12488
12488
12475
12474
12473
12465
12462
12462
12460
12456
12454
12443
12440
12435
12429
12427
12426
12425
12423
12422
12416
12413
12407
12403
12394
12392
12385
12383
12382
12382
12379
12375
12363
12361
12361
12359
12357
12357
12355
12354
12351
12344
12341
12339
12332
12325
12322
12321
12315
12310
12307
12302
12301
12297
12296
12294
12290
12289
12279
12277
12275
12259
12258
12252
12247
12246
12242
12239
12239
12236
12235
12234
12230
12220
12217
12216
12211
12209
12208
12194
12167
12162
12161
12161
12160
12150
12147
12144
12143
12142
12136
12131
12125
12124
12122
12121
12114
12113
12110
12110
12110
12107
12099
12098
12087
12087
12085
12083
12076
12076
12067
12066
12065
12063
12062
12058
12054
12041
12039
12034
12034
12030
12029
12024
12021
12016
12014
12013
12012
12007
11999
11999
11996
11994
11978
11980
11972
11971
11965
11964
11958
11958
11956
11956
11949
11947
11946
11943
11937
11936
11928
11925
11918
11917
11915
11912
11910
11910
11909
11906
11904
11902
11898
11892
11891
11885
11884
11880
11877
11876
11876
11873
11869
11869
11868
11867
11866
11863
11858
11846
11843
11842
11838
11837
11836
11832
11831
11826
11822
11822
11816
11816
11810
11804
11801
11800
11792
11781
11780
11780
11774
11771
11766
11766
11755
11750
11746
11745
11744
11744
11743
11741
11737
11726
11724
11723
11723
11717
11717
11715
11714
11713
11712
11712
11709
11703
11703
11702
11698
11697
11696
11694
11694
11690
11685
11684
11680
11678
11675
11673
11665
11659
11657
11650
11648
11641
11637
11633
11632
11632
11631
11631
11629
11623
11622
11614
11608
11606
11596
11592
11589
11588
11584
11580
11578
11575
11574
11571
11564
11564
11563
11558
11558
11556
11552
11550
11549
11549
11547
11543
11542
11535
11518
11513
11510
11505
11504
11502
11495
11495
11492
11490
11488
11485
11476
11473
11470
11465
11460
11455
11447
11445
11445
11444
11438
11437
11435
11431
11428
11426
11426
11421
11420
11419
11416
11409
11408
11404
11399
11391
11389
11382
11380
11377
11373
11371
11368
11368
11364
11364
11359
11352
11350
11340
11325
11325
11321
11320
11316
11302
11302
11299
11295
11292
11291
11285
11280
11279
11279
11275
11275
11274
11274
11265
11257
11256
11255
11255
11250
11246
11240
11232
11221
11219
11216
11215
11206
11205
11192
11191
11191
11183
11180
11179
11179
11178
11173
11170
11168
11166
11165
11165
11160
11156
11152
11151
11148
11148
11142
11139
11136
11135
11134
11129
11124
11121
11119
11109
11104
11104
11103
11100
11100
11088
11075
11068
11067
11065
11062
11062
11057
11055
11052
11058
11049
11049
11034
11033
11031
11024
11024
11017
11016
11011
11010
11008
11001
11001
10998
10990
10989
10988
10986
10983
10982
10981
10978
10976
10975
10968
10963
10963
10961
10956
10956
10953
10950
10948
10946
10944
10941
10939
10936
10935
10930
10929
10927
10925
10917
10913
10909
10908
10904
10902
10901
10900
10900
10899
10897
10891
10886
10881
10878
10875
10874
10873
10871
10868
10867
10863
10862
10859
10857
10855
10849
10845
10842
10840
10840
10836
10834
10827
10825
10824
10818
10816
10814
10814
10812
10812
10812
10811
10810
10809
10808
10808
10807
10806
10802
10797
10794
10782
10781
10780
10780
10776
10773
10772
10771
10768
10763
10758
10754
10750
10748
10747
10744
10742
10742
10742
10739
10738
10736
10736
10731
10729
10729
10729
10724
10720
10718
10718
10715
10713
10712
10710
10709
10709
10705
10705
10704
10702
10699
10698
10696
10694
10693
10691
10690
10690
10690
10690
10688
10682
10682
10681
10681
10676
10676
10676
10675
10668
10662
10654
10646
10645
10644
10638
10636
10633
10632
10622
10621
10620
10614
10612
10607
10606
10604
10598
10595
10595
10590
10588
10588
10587
10583
10574
10574
10569
10564
10563
10561
10559
10557
10556
10555
10555
10554
10550
10549
10548
10545
10544
10541
10540
10535
10533
10533
10529
10529
10529
10528
10528
10521
10519
10516
10514
10513
10512
10510
10506
10506
10504
10495
10493
10491
10489
10488
10484
10483
10482
10478
10478
10476
10474
10473
10467
10466
10465
10465
10463
10459
10455
10453
10451
10450
10449
10449
10443
10441
10436
10434
10433
10422
10420
10419
10418
10417
10416
10415
10414
10409
10408
10407
10400
10398
10395
10392
10390
10390
10389
10383
10382
10377
10377
10375
10374
10374
10371
10370
10365
10364
10363
10359
10353
10352
10340
10335
10333
10333
10329
10325
10322
10321
10320
10320
10317
10317
10315
10313
10311
10310
10307
10302
10302
10301
10296
10296
10294
10293
10290
10286
10286
10285
10284
10282
10281
10276
10273
10272
10268
10263
10262
10256
10255
10254
10253
10249
10248
10248
10247
10244
10243
10243
10241
10238
10237
10237
10236
10236
10233
10224
10222
10220
10220
10218
10215
10210
10208
10206
10202
10202
10201
10198
10197
10196
10191
10190
10184
10183
10182
10180
10177
10165
10162
10160
10160
10158
10157
10155
10155
10144
10141
10140
10140
10139
10138
10135
10131
10124
10123
10120
10120
10117
10115
10114
10114
10112
10107
10101
10100
10098
10097
10097
10091
10082
10074
10072
10069
10068
10067
10063
10059
10058
10057
10056
10051
10050
10048
10041
10040
10033
10032
10032
10029
10026
10022
10048
10019
10016
10016
10011
10008
10005
10004
9999
9997
9995
9995
9994
9991
9990
9982
9981
9980
9979
9979
9978
9977
9975
9973
9967
9964
9964
9954
9950
9947
9946
9946
9943
9942
9935
9934
9933
9926
9923
9923
9922
9922
9920
9919
9904
9903
9901
9895
9894
9893
9892
9892
9889
9887
9887
9886
9886
9880
9877
9872
9871
9870
9865
9863
9860
9859
9858
9856
9851
9850
9846
9846
9846
9843
9843
9839
9839
9835
9829
9826
9825
9821
9817
9815
9789
9808
9808
9802
9800
9799
9797
9794
9792
9787
9787
9786
9784
9781
9779
9777
9773
9772
9772
9772
9767
9765
9763
9758
9755
9753
9750
9749
9749
9747
9744
9741
9740
9738
9737
9735
9735
9732
9731
9730
9730
9728
9724
9723
9723
9719
9717
9715
9711
9711
9707
9706
9705
9702
9702
9702
9694
9692
9687
9684
9679
9677
9676
9673
9667
9667
9663
9660
9653
9647
9647
9645
9644
9643
9643
9642
9639
9636
9631
9629
9627
9620
9619
9618
9612
9611
9610
9608
9608
9606
9605
9605
9595
9591
9590
9590
9588
9587
9582
9579
9578
9577
9573
9572
9569
9569
9568
9566
9565
9557
9556
9552
9551
9550
9549
9547
9543
9542
9542
9533
9531
9531
9530
9528
9527
9525
9522
9522
9520
9516
9512
9510
9507
9502
9499
9497
9496
9491
9490
9486
9486
9481
9476
9475
9469
9468
9467
9465
9465
9464
9460
9460
9458
9457
9456
9455
9453
9453
9449
9447
9444
9444
9443
9440
9440
9436
9432
9428
9427
9424
9422
9421
9418
9418
9417
9415
9415
9413
9409
9407
9402
9400
9398
9395
9388
9383
9383
9380
9380
9377
9377
9376
9375
9374
9370
9370
9368
9367
9366
9363
9361
9359
9358
9349
9348
9347
9342
9342
9341
9341
9338
9337
9334
9334
9332
9332
9329
9328
9325
9325
9321
9320
9320
9319
9313
9311
9310
9309
9309
9307
9302
9300
9296
9295
9294
9293
9292
9292
9289
9288
9288
9288
9287
9283
9281
9277
9275
9273
9273
9272
9272
9272
9270
9269
9267
9264
9264
9264
9261
9259
9255
9255
9252
9251
9250
9242
9233
9232
9225
9224
9221
9220
9219
9214
9214
9214
9213
9213
9211
9210
9208
9208
9207
9207
9206
9206
9201
9200
9199
9196
9196
9195
9192
9190
9189
9189
9186
9186
9186
9184
9184
9178
9177
9177
9177
9175
9172
9169
9167
9162
9161
9161
9159
9158
9157
9157
9154
9152
9145
9143
9141
9141
9140
9140
9140
9139
9136
9135
9132
9131
9130
9129
9125
9124
9123
9123
9121
9120
9117
9117
9117
9116
9115
9113
9111
9110
9108
9103
9103
9102
9098
9097
9097
9095
9094
9094
9089
9086
9085
9085
9083
9083
9082
9082
9082
9081
9078
9077
9075
9073
9071
9069
9066
9066
9061
9060
9060
9058
9057
9051
9050
9049
9049
9045
9045
9044
9043
9041
9040
9038
9037
9037
9036
9035
9033
9033
9032
9031
9031
9031
9030
9029
9029
9024
9016
9015
9014
9011
9010
9009
9008
9007
9005
9004
9000
9000
8995
8990
8989
8987
8987
8987
8985
8983
8983
8983
8978
8977
8975
8975
8974
8974
8974
8973
8973
8971
8969
8969
8967
8967
8964
8962
8961
8960
8960
8960
8958
8956
8956
8955
8955
8954
8953
8958
8952
8952
8951
8951
8950
8950
8950
8949
8947
8946
8944
8941
8940
8938
8938
8934
8932
8931
8930
8927
8927
8927
8924
8923
8923
8922
8920
8920
8919
8918
8918
8913
8913
8911
8905
8904
8902
8902
8901
8900
8898
8898
8896
8896
8896
8894
8888
8887
8885
8880
8880
8879
8872
8869
8868
8867
8864
8859
8857
8854
8853
8849
8843
8842
8841
8841
8837
8833
8831
8829
8829
8823
8821
8821
8820
8820
8818
8817
8815
8815
8815
8811
8810
8806
8796
8795
8794
8786
8786
8785
8785
8785
8782
8782
8778
8776
8775
8783
8775
8773
8772
8771
8769
8767
8767
8767
8767
8766
8766
8765
8764
8764
8762
8762
8761
8759
8758
8757
8757
8754
8754
8752
8751
8751
8750
8749
8747
8745
8743
8739
8736
8735
8735
8734
8733
8733
8733
8731
8730
8729
8730
8729
8728
8727
8727
8727
8726
8725
8721
8720
8719
8717
8716
8716
8714
8712
8709
8709
8708
8708
8703
8703
8700
8699
8698
8696
8696
8693
8692
8691
8689
8688
8687
8685
8685
8683
8682
8681
8680
8679
8675
8674
8674
8673
8672
8671
8671
8670
8669
8668
8668
8666
8662
8658
8656
8654
8654
8652
8648
8647
8645
8644
8644
8642
8635
8633
8631
8630
8630
8629
8629
8628
8628
8628
8628
8627
8626
8625
8622
8622
8621
8625
8619
8617
8617
8617
8616
8615
8615
8614
8613
8613
8611
8610
8609
8608
8608
8607
8607
8606
8605
8605
8601
8599
8593
8592
8590
8590
8589
8588
8588
8587
8587
8587
8586
8584
8582
8582
8580
8579
8578
8576
8576
8573
8573
8569
8567
8564
8564
8564
8563
8563
8562
8561
8561
8560
8560
8560
8558
8557
8551
8551
8551
8544
8543
8539
8539
8535
8535
8532
8532
8532
8530
8526
8525
8524
8523
8520
8520
8519
8518
8517
8516
8515
8512
8505
8503
8502
8501
8498
8498
8495
8495
8495
8494
8493
8483
8483
8482
8474
8474
8472
8472
8460
8460
8460
8457
8455
8455
8454
8454
8451
8450
8448
8445
8445
8444
8443
8440
8440
8439
8439
8438
8436
8433
8433
8433
8432
8429
8428
8427
8425
8423
8421
8410
8409
8407
8406
8406
8402
8399
8398
8398
8397
8395
8387
8387
8386
8386
8384
8382
8380
8380
8379
8378
8377
8376
8374
8372
8372
8371
8370
8368
8367
8366
8365
8363
8362
8360
8357
8356
8356
8355
8355
8353
8350
8350
8349
8349
8341
8341
8340
8339
8338
8338
8338
8335
8334
8333
8330
8328
8328
8327
8327
8326
8325
8325
8324
8323
8318
8310
8310
8309
8307
8307
8306
8303
8302
8302
8302
8300
8299
8299
8296
8295
8293
8293
8292
8290
8288
8290
8286
8283
8283
8282
8280
8280
8280
8278
8272
8272
8272
8272
8271
8270
8269
8268
8264
8263
8259
8259
8258
8349
8257
8256
8256
8254
8254
8253
8249
8244
8243
8242
8240
8236
8236
8234
8233
8231
8229
8228
8227
8227
8226
8225
8222
8216
8216
8215
8214
8212
8209
8207
8203
8200
8197
8195
8195
8190
8190
8189
8194
8188
8188
8186
8185
8185
8183
8183
8180
8179
8176
8176
8173
8164
8163
8161
8157
8151
8144
8142
8140
8138
8132
8132
8131
8131
8129
8129
8126
8124
8124
8123
8123
8121
8120
8120
8119
8118
8118
8115
8114
8114
8114
8113
8113
8113
8111
8110
8109
8107
8104
8099
8099
8099
8094
8093
8091
8089
8089
8089
8084
8084
8084
8084
8081
8080
8077
8077
8077
8076
8073
8072
8068
8068
8068
8067
8066
8064
8060
8058
8058
8055
8049
8048
8046
8044
8042
8040
8038
8036
8035
8035
8032
8031
8030
8030
8028
8027
8024
8024
8021
8016
8014
8012
8004
8002
8001
7998
7996
7995
7993
7992
7992
7987
7986
7985
7985
7983
7982
7982
7980
7978
7977
7975
7974
7974
7973
7972
7969
7969
7967
7966
7965
7965
7964
7963
7963
7962
7962
7961
7960
7957
7957
7957
7955
7955
7954
7952
7951
7951
7950
7949
7949
7949
7947
7946
7945
7944
7943
7942
7940
7940
7940
7937
7937
7936
7936
7936
7935
7935
7931
7930
7930
7929
7928
7927
7927
7927
7926
7922
7922
7920
7920
7918
7917
7916
7916
7914
7913
7910
7909
7908
7908
7908
7907
7906
7904
7903
7903
7902
7901
7901
7900
7899
7899
7895
7894
7894
7894
7892
7891
7891
7889
7887
7884
7884
7883
7883
7882
7881
7880
7880
7879
7879
7878
7877
7877
7870
7869
7868
7866
7866
7862
7860
7860
7861
7857
7856
7856
7853
7852
7851
7850
7850
7850
7850
7848
7848
7848
7847
7847
7847
7844
7840
7839
7836
7835
7835
7834
7833
7832
7830
7829
7829
7828
7827
7826
7826
7825
7822
7821
7821
7818
7817
7816
7816
7814
7809
7809
7808
7805
7805
7804
7804
7803
7802
7801
7797
7796
7796
7794
7792
7790
7787
7787
7781
7780
7780
7780
7780
7779
7778
7777
7775
7773
7773
7771
7771
7770
7769
7769
7768
7768
7767
7765
7764
7764
7763
7763
7763
7761
7760
7759
7759
7758
7758
7756
7755
7753
7751
7750
7748
7747
7746
7745
7743
7743
7739
7738
7738
7737
7735
7733
7733
7732
7731
7730
7727
7726
7726
7725
7725
7725
7721
7721
7721
7720
7719
7719
7719
7718
7717
7717
7717
7712
7712
7711
7709
7709
7707
7707
7703
7703
7703
7701
7700
7699
7696
7694
7693
7693
7691
7691
7690
7689
7685
7685
7685
7683
7680
7678
7678
7677
7676
7675
7675
7675
7671
7669
7667
7667
7666
7666
7665
7665
7664
7663
7662
7661
7660
7659
7655
7655
7655
7653
7653
7653
7652
7649
7648
7646
7644
7644
7642
7642
7642
7641
7641
7640
7638
7637
7636
7634
7634
7632
7626
7624
7624
7623
7622
7621
7618
7618
7617
7617
7614
7613
7612
7610
7609
7608
7608
7608
7607
7604
7604
7604
7603
7603
7602
7601
7601
7600
7600
7598
7597
7596
7596
7593
7592
7591
7589
7586
7586
7585
7584
7581
7580
7579
7578
7577
7575
7574
7573
7573
7573
7569
7566
7565
7565
7565
7564
7563
7559
7557
7557
7556
7555
7550
7548
7548
7548
7546
7543
7542
7537
7536
7535
7533
7533
7531
7531
7530
7530
7530
7530
7528
7528
7527
7524
7522
7521
7520
7518
7517
7517
7517
7513
7513
7512
7512
7509
7508
7507
7506
7505
7505
7502
7497
7496
7493
7493
7492
7487
7485
7483
7482
7482
7481
7479
7479
7477
7476
7476
7474
7474
7473
7472
7470
7467
7465
7464
7463
7460
7458
7458
7458
7458
7457
7457
7457
7457
7456
7454
7450
7449
7449
7449
7448
7445
7444
7443
7443
7441
7439
7439
7439
7433
7433
7432
7432
7431
7430
7429
7429
7429
7428
7428
7426
7424
7424
7421
7420
7420
7419
7418
7414
7410
7407
7407
7406
7406
7405
7405
7403
7402
7401
7401
7399
7398
7398
7398
7397
7397
7394
7394
7393
7392
7392
7392
7389
7389
7388
7388
7387
7387
7387
7386
7384
7382
7382
7378
7377
7377
7375
7374
7373
7372
7370
7369
7368
7367
7366
7366
7366
7364
7363
7362
7362
7359
7359
7359
7357
7356
7355
7354
7354
7353
7352
7352
7351
7351
7349
7349
7348
7347
7345
7341
7341
7340
7339
7339
7338
7335
7334
7334
7333
7333
7332
7331
7331
7329
7329
7328
7328
7328
7327
7327
7327
7325
7325
7325
7324
7324
7324
7324
7322
7322
7322
7321
7321
7320
7320
7319
7319
7318
7317
7315
7315
7312
7312
7312
7308
7307
7306
7304
7303
7303
7301
7301
7300
7299
7299
7299
7293
7292
7290
7290
7289
7288
7288
7288
7287
7285
7284
7284
7284
7284
7284
7283
7282
7282
7282
7282
7281
7280
7276
7274
7273
7270
7270
7269
7268
7268
7267
7265
7264
7262
7260
7260
7260
7259
7258
7258
7255
7255
7255
7254
7251
7251
7250
7250
7250
7249
7248
7248
7246
7245
7244
7244
7244
7243
7242
7242
7241
7241
7240
7240
7239
7239
7239
7238
7236
7235
7234
7232
7232
7229
7228
7226
7223
7222
7222
7222
7221
7220
7220
7220
7220
7219
7218
7218
7217
7216
7216
7214
7214
7214
7210
7209
7209
7207
7207
7206
7206
7205
7204
7204
7202
7200
7200
7199
7198
7197
7196
7196
7194
7193
7193
7191
7190
7188
7188
7187
7187
7183
7182
7182
7181
7180
7180
7180
7180
7179
7178
7178
7178
7178
7177
7177
7176
7175
7173
7172
7171
7171
7169
7168
7167
7167
7167
7166
7166
7166
7165
7165
7163
7160
7159
7158
7158
7157
7156
7154
7153
7153
7151
7151
7151
7148
7148
7148
7146
7146
7144
7142
7142
7141
7140
7140
7139
7139
7137
7131
7131
7130
7130
7129
7125
7125
7125
7124
7122
7121
7121
7119
7118
7118
7118
7114
7113
7113
7113
7111
7109
7108
7107
7106
7106
7106
7106
7106
7106
7106
7105
7103
7101
7099
7099
7098
7098
7097
7094
7094
7093
7092
7089
7088
7088
7086
7086
7086
7086
7085
7085
7082
7081
7079
7078
7075
7073
7072
7072
7071
7068
7068
7068
7068
7066
7065
7064
7063
7062
7062
7061
7061
7061
7060
7058
7057
7056
7056
7055
7054
7054
7053
7052
7052
7051
7049
7049
7047
7047
7045
7045
7043
7042
7041
7037
7037
7036
7035
7035
7034
7034
7031
7029
7029
7028
7028
7025
7025
7024
7024
7022
7020
7020
7019
7018
7016
7016
7015
7015
7014
7013
7013
7012
7011
7009
7008
7008
7008
7005
7005
7004
7003
7003
7002
7001
6999
6999
6998
6997
6996
6995
6994
6992
6990
6990
6988
6988
6987
6985
6984
6984
6984
6983
6982
6980
6978
6978
6977
6977
6976
6975
6975
6975
6975
6975
6975
6974
6974
6974
6973
6973
6972
6971
6971
6969
6969
6968
6967
6965
6965
6963
6963
6962
6962
6961
6960
6960
6960
6960
6959
6957
6956
6956
6953
6953
6952
6950
6950
6950
6948
6947
6947
6944
6944
6944
6942
6942
6942
6941
6939
6939
6937
6937
6936
6936
6935
6935
6934
6940
6931
6931
6931
6930
6928
6927
6926
6925
6923
6922
6922
6921
6920
6919
6918
6918
6915
6914
6914
6914
6912
6912
6911
6910
6910
6909
6908
6908
6907
6907
6906
6904
6904
6904
6903
6902
6902
6901
6901
6901
6899
6899
6897
6897
6896
6894
6894
6892
6892
6892
6890
6890
6888
6885
6885
6883
6883
6882
6879
6878
6877
6876
6875
6875
6873
6872
6871
6870
6867
6866
6863
6863
6862
6862
6861
6861
6861
6860
6859
6858
6858
6858
6857
6856
6855
6854
6853
6853
6850
6849
6848
6848
6845
6842
6842
6841
6841
6841
6841
6840
6840
6839
6839
6838
6835
6834
6834
6833
6832
6830
6829
6829
6826
6824
6823
6823
6823
6822
6821
6820
6817
6814
6813
6811
6809
6808
6807
6804
6803
6803
6802
6802
6802
6800
6799
6798
6798
6798
6798
6797
6797
6796
6794
6793
6792
6790
6790
6789
6789
6788
6786
6786
6785
6785
6784
6784
6784
6783
6782
6782
6781
6780
6779
6779
6778
6778
6776
6775
6774
6773
6773
6772
6772
6772
6772
6770
6770
6770
6767
6767
6766
6765
6765
6764
6762
6762
6761
6760
6760
6759
6756
6756
6756
6755
6755
6753
6753
6753
6752
6750
6750
6749
6748
6748
6748
6747
6745
6745
6743
6743
6743
6741
6741
6741
6740
6739
6739
6738
6738
6737
6736
6736
6734
6733
6733
6732
6732
6731
6730
6729
6728
6728
6728
6727
6727
6726
6722
6721
6720
6720
6719
6719
6718
6718
6718
6717
6717
6716
6716
6712
6711
6709
6709
6708
6706
6704
6703
6703
6702
6702
6700
6699
6698
6698
6697
6696
6695
6694
6693
6693
6691
6690
6690
6688
6687
6687
6686
6682
6682
6682
6680
6679
6679
6679
6678
6678
6674
6674
6673
6672
6671
6671
6666
6666
6663
6663
6663
6662
6661
6661
6661
6658
6657
6657
6656
6654
6653
6653
6652
6652
6652
6650
6650
6650
6649
6649
6648
6648
6647
6646
6646
6645
6645
6645
6644
6644
6644
6643
6642
6641
6641
6640
6640
6639
6639
6638
6638
6642
6637
6635
6633
6632
6631
6631
6630
6630
6627
6626
6626
6625
6621
6620
6620
6620
6619
6617
6616
6615
6613
6611
6610
6610
6613
6609
6608
6607
6607
6606
6606
6606
6606
6606
6605
6605
6604
6603
6602
6601
6598
6598
6597
6597
6596
6593
6592
6591
6588
6587
6586
6586
6585
6583
6583
6583
6582
6581
6581
6581
6580
6580
6578
6578
6578
6577
6575
6574
6574
6574
6573
6573
6572
6566
6565
6565
6563
6563
6562
6562
6562
6561
6561
6559
6559
6559
6557
6555
6553
6552
6552
6552
6551
6550
6550
6549
6549
6548
6547
6547
6545
6544
6544
6544
6543
6542
6542
6540
6540
6539
6538
6538
6537
6537
6537
6537
6536
6536
6534
6534
6533
6533
6532
6532
6531
6530
6530
6529
6529
6529
6528
6528
6528
6527
6526
6525
6523
6523
6522
6522
6521
6520
6520
6520
6516
6515
6514
6513
6513
6512
6512
6511
6511
6511
6510
6510
6510
6510
6508
6508
6507
6506
6506
6506
6506
6504
6502
6500
6500
6500
6499
6499
6499
6498
6498
6497
6496
6495
6495
6494
6493
6492
6492
6491
6488
6488
6488
6488
6486
6486
6486
6485
6483
6483
6482
6482
6481
6479
6478
6476
6476
6475
6474
6474
6473
6472
6472
6472
6471
6470
6476
6468
6467
6467
6466
6465
6464
6463
6462
6462
6462
6461
6459
6458
6458
6458
6457
6457
6457
6456
6456
6453
6453
6453
6453
6453
6451
6451
6449
6449
6449
6448
6448
6445
6444
6444
6443
6443
6441
6440
6439
6439
6439
6439
6436
6436
6435
6435
6434
6433
6431
6431
6430
6429
6428
6428
6426
6425
6425
6425
6425
6424
6423
6423
6421
6420
6419
6418
6416
6416
6416
6415
6415
6415
6413
6411
6409
6409
6408
6408
6407
6407
6406
6404
6402
6401
6401
6399
6399
6398
6398
6398
6398
6398
6397
6397
6397
6397
6396
6395
6394
6394
6393
6393
6392
6392
6390
6390
6389
6389
6389
6388
6388
6388
6388
6387
6386
6386
6385
6384
6384
6383
6382
6382
6381
6381
6380
6379
6378
6378
6377
6374
6373
6371
6371
6371
6371
6371
6370
6370
6369
6369
6368
6368
6367
6367
6367
6366
6365
6365
6364
6364
6363
6361
6361
6360
6358
6357
6357
6357
6357
6356
6356
6355
6354
6354
6354
6353
6352
6352
6351
6351
6351
6351
6350
6350
6348
6348
6347
6346
6346
6345
6345
6345
6344
6343
6343
6342
6341
6341
6340
6339
6338
6338
6338
6338
6337
6336
6335
6334
6333
6333
6332
6331
6328
6327
6327
6326
6326
6325
6325
6324
6324
6324
6323
6323
6322
6322
6322
6321
6321
6321
6320
6318
6317
6315
6315
6315
6314
6314
6313
6312
6311
6311
6309
6309
6308
6306
6305
6304
6303
6303
6303
6302
6302
6302
6299
6299
6299
6298
6298
6295
6294
6294
6294
6293
6293
6292
6292
6291
6287
6287
6285
6285
6283
6282
6281
6281
6280
6278
6277
6277
6276
6275
6273
6273
6271
6271
6269
6269
6268
6268
6268
6267
6266
6266
6265
6264
6261
6261
6260
6260
6259
6259
6257
6256
6256
6255
6255
6254
6254
6252
6252
6252
6251
6251
6251
6250
6250
6249
6248
6247
6246
6246
6245
6245
6245
6244
6244
6243
6243
6240
6240
6240
6239
6239
6238
6237
6237
6234
6234
6233
6233
6231
6231
6229
6229
6228
6226
6225
6225
6225
6224
6223
6223
6222
6220
6220
6219
6218
6218
6218
6217
6215
6215
6215
6215
6214
6213
6212
6212
6212
6210
6210
6208
6207
6207
6207
6207
6207
6206
6206
6206
6206
6205
6204
6204
6204
6204
6203
6202
6202
6202
6202
6201
6201
6201
6201
6198
6197
6196
6195
6194
6193
6191
6190
6190
6190
6189
6188
6187
6187
6187
6187
6187
6186
6184
6182
6182
6181
6181
6181
6177
6177
6177
6174
6174
6173
6171
6170
6170
6170
6170
6169
6168
6168
6168
6167
6166
6166
6166
6165
6164
6164
6164
6164
6162
6161
6159
6159
6158
6158
6157
6157
6156
6155
6154
6154
6154
6153
6153
6152
6151
6150
6149
6148
6147
6146
6145
6144
6143
6143
6143
6142
6141
6141
6140
6138
6138
6138
6137
6137
6137
6136
6134
6134
6133
6131
6130
6128
6127
6127
6127
6126
6126
6125
6124
6123
6123
6121
6120
6119
6118
6118
6117
6115
6115
6113
6113
6112
6112
6112
6112
6111
6108
6108
6108
6107
6107
6105
6104
6104
6104
6103
6103
6102
6101
6099
6098
6098
6097
6097
6096
6096
6095
6095
6095
6094
6091
6091
6091
6090
6088
6086
6086
6086
6086
6086
6084
6084
6084
6084
6083
6083
6082
6082
6079
6079
6079
6078
6078
6077
6077
6076
6076
6073
6073
6070
6070
6070
6070
6069
6068
6067
6067
6067
6066
6063
6063
6061
6060
6058
6058
6056
6056
6056
6055
6055
6055
6054
6054
6054
6054
6053
6051
6051
6051
6049
6049
6048
6047
6045
6044
6043
6043
6042
6042
6042
6042
6040
6039
6038
6041
6037
6037
6037
6036
6035
6034
6034
6034
6033
6032
6032
6032
6032
6031
6030
6030
6029
6028
6028
6025
6024
6024
6023
6022
6021
6021
6020
6020
6020
6019
6019
6019
6019
6018
6017
6017
6017
6015
6013
6013
6013
6012
6011
6010
6009
6008
6008
6007
6005
6005
6005
6005
6005
6003
6003
6002
6002
6000
6000
6000
5999
5997
5996
5995
5995
5994
5993
5993
5993
5993
5992
5992
5992
5986
5985
5985
5984
5984
5984
5983
5982
5981
5980
5979
5979
5978
5978
5978
5978
5977
5976
5976
5976
5975
5975
5975
5974
5973
5973
5973
5972
5972
5972
5971
5969
5968
5967
5967
5966
5965
5964
5964
5964
5963
5963
5963
5962
5962
5962
5961
5960
5960
5960
5959
5959
5959
5957
5957
5956
5956
5956
5955
5955
5954
5952
5952
5951
5951
5951
5950
5950
5950
5949
5948
5947
5947
5946
5946
5945
5945
5945
5945
5944
5944
5943
5941
5940
5940
5939
5939
5939
5938
5937
5936
5936
5935
5934
5934
5933
5933
5932
5932
5932
5931
5931
5931
5929
5928
5928
5927
5926
5926
5926
5925
5925
5924
5924
5924
5924
5924
5923
5923
5923
5922
5921
5921
5921
5920
5919
5919
5919
5918
5915
5915
5914
5912
5912
5911
5910
5910
5908
5908
5908
5908
5906
5905
5904
5902
5902
5900
5900
5899
5899
5899
5899
5898
5898
5898
5897
5897
5897
5896
5894
5894
5893
5892
5892
5891
5891
5890
5889
5887
5887
5886
5886
5886
5885
5883
5883
5881
5880
5880
5880
5879
5878
5878
5878
5874
5873
5873
5871
5871
5870
5870
5868
5867
5866
5865
5862
5862
5861
5859
5859
5858
5858
5858
5857
5857
5857
5856
5856
5856
5854
5854
5851
5851
5850
5850
5849
5849
5848
5846
5845
5845
5844
5844
5843
5843
5843
5843
5842
5841
5841
5840
5839
5838
5837
5837
5836
5836
5836
5835
5835
5835
5833
5833
5833
5832
5832
5831
5831
5830
5829
5829
5829
5828
5827
5827
5826
5826
5826
5825
5825
5824
5823
5822
5821
5821
5820
5819
5818
5818
5818
5818
5817
5817
5817
5816
5816
5816
5816
5816
5815
5815
5815
5815
5814
5814
5814
5813
5813
5812
5812
5809
5809
5808
5807
5806
5804
5804
5804
5803
5803
5803
5803
5802
5800
5800
5799
5798
5794
5793
5793
5791
5790
5789
5788
5788
5788
5788
5787
5785
5785
5784
5783
5782
5781
5781
5781
5780
5780
5780
5779
5779
5779
5778
5778
5778
5778
5776
5775
5775
5775
5775
5775
5773
5772
5771
5771
5770
5769
5769
5769
5768
5766
5766
5765
5763
5763
5763
5762
5761
5761
5761
5761
5761
5760
5760
5757
5756
5756
5755
5755
5754
5754
5753
5753
5752
5751
5751
5745
5749
5749
5749
5748
5748
5748
5748
5745
5744
5744
5744
5743
5742
5742
5741
5741
5741
5741
5740
5740
5739
5739
5738
5737
5736
5794
5736
5736
5736
5735
5734
5733
5733
5733
5732
5732
5732
5730
5730
5729
5729
5728
5726
5726
5726
5726
5725
5723
5721
5719
5718
5717
5717
5717
5717
5716
5716
5715
5715
5715
5714
5714
5713
5713
5712
5712
5712
5712
5712
5710
5710
5709
5708
5708
5707
5707
5707
5706
5704
5704
5703
5703
5702
5702
5701
5701
5701
5701
5700
5700
5699
5699
5699
5698
5698
5698
5697
5696
5696
5696
5694
5693
5692
5691
5691
5691
5691
5691
5690
5690
5690
5690
5690
5689
5688
5688
5687
5687
5686
5686
5685
5684
5683
5683
5683
5681
5680
5680
5679
5678
5678
5678
5677
5676
5676
5675
5675
5674
5673
5673
5673
5672
5672
5672
5672
5671
5671
5671
5669
5669
5668
5668
5666
5666
5665
5663
5663
5662
5662
5662
5662
5662
5662
5661
5661
5660
5658
5658
5657
5656
5656
5655
5654
5653
5653
5653
5651
5651
5651
5651
5651
5648
5647
5647
5646
5646
5646
5645
5644
5643
5643
5643
5641
5641
5640
5640
5639
5639
5639
5638
5637
5637
5637
5636
5635
5635
5635
5635
5632
5632
5631
5631
5630
5630
5629
5629
5628
5627
5627
5626
5626
5626
5625
5624
5624
5623
5622
5622
5622
5621
5621
5621
5620
5620
5619
5619
5618
5617
5615
5614
5613
5613
5612
5612
5612
5610
5610
5610
5609
5608
5607
5607
5607
5607
5606
5606
5606
5606
5606
5605
5603
5603
5601
5601
5600
5600
5599
5599
5599
5598
5597
5596
5595
5595
5595
5594
5593
5593
5592
5592
5591
5591
5590
5590
5589
5589
5589
5588
5588
5588
5587
5587
5586
5586
5586
5586
5585
5585
5584
5583
5583
5583
5582
5582
5582
5581
5579
5579
5579
5578
5578
5578
5578
5577
5576
5576
5576
5575
5575
5572
5572
5571
5571
5570
5570
5569
5569
5568
5568
5568
5567
5567
5566
5566
5565
5565
5564
5564
5563
5563
5563
5562
5562
5598
5561
5560
5560
5560
5559
5559
5558
5558
5557
5557
5557
5556
5555
5555
5554
5554
5553
5553
5553
5553
5552
5552
5552
5551
5550
5549
5549
5549
5548
5546
5546
5546
5544
5541
5541
5541
5540
5540
5539
5539
5538
5538
5538
5538
5538
5537
5537
5536
5536
5536
5536
5536
5535
5535
5534
5533
5533
5533
5532
5531
5531
5531
5531
5531
5530
5529
5529
5529
5529
5529
5528
5528
5528
5528
5526
5526
5525
5525
5524
5524
5524
5523
5523
5523
5523
5522
5522
5522
5522
5521
5521
5520
5520
5520
5520
5520
5519
5519
5518
5517
5517
5517
5517
5515
5515
5515
5515
5513
5512
5512
5511
5511
5509
5508
5508
5507
5506
5506
5506
5504
5504
5504
5504
5504
5504
5503
5503
5502
5501
5500
5498
5497
5495
5494
5494
5494
5493
5493
5491
5491
5491
5490
5489
5489
5488
5488
5488
5488
5488
5488
5487
5487
5487
5486
5485
5485
5484
5484
5483
5483
5483
5482
5481
5480
5480
5480
5479
5477
5477
5476
5476
5476
5476
5476
5474
5474
5474
5474
5474
5473
5473
5473
5469
5469
5469
5469
5468
5467
5466
5466
5466
5466
5466
5465
5465
5465
5464
5464
5464
5464
5463
5462
5462
5461
5461
5457
5456
5455
5455
5454
5454
5453
5452
5451
5451
5451
5451
5450
5450
5449
5449
5448
5448
5446
5446
5446
5446
5445
5445
5445
5444
5443
5443
5443
5443
5442
5442
5441
5441
5440
5439
5438
5437
5437
5437
5437
5434
5434
5432
5431
5431
5431
5431
5430
5429
5429
5429
5428
5428
5428
5427
5427
5426
5426
5425
5425
5424
5424
5424
5421
5421
5421
5420
5420
5419
5418
5417
5417
5417
5417
5416
5416
5415
5415
5414
5413
5412
5411
5411
5411
5410
5409
5409
5409
5408
5408
5406
5403
5402
5402
5402
5401
5401
5401
5401
5401
5400
5400
5399
5399
5399
5398
5396
5396
5396
5396
5396
5395
5394
5394
5393
5392
5392
5391
5391
5391
5391
5390
5389
5389
5389
5389
5388
5388
5387
5387
5387
5387
5386
5386
5386
5386
5385
5384
5384
5384
5384
5383
5383
5383
5383
5382
5381
5381
5381
5381
5380
5379
5379
5379
5379
5377
5377
5377
5376
5376
5375
5374
5374
5373
5373
5373
5373
5373
5372
5371
5370
5370
5369
5368
5368
5368
5368
5367
5366
5366
5365
5365
5365
5363
5362
5360
5360
5360
5359
5359
5358
5358
5358
5357
5357
5356
5356
5356
5355
5355
5355
5354
5354
5353
5353
5353
5353
5352
5352
5351
5351
5350
5349
5349
5348
5348
5348
5347
5346
5346
5345
5345
5345
5344
5344
5344
5344
5343
5343
5343
5342
5342
5342
5341
5339
5339
5339
5345
5338
5338
5337
5337
5337
5336
5336
5335
5335
5334
5333
5332
5332
5331
5331
5330
5330
5329
5328
5328
5327
5326
5325
5324
5324
5324
5322
5322
5322
5321
5321
5320
5320
5320
5319
5319
5318
5318
5318
5318
5318
5317
5317
5317
5317
5316
5316
5314
5314
5314
5312
5312
5312
5312
5310
5310
5310
5308
5306
5306
5306
5305
5305
5303
5303
5303
5303
5303
5302
5302
5302
5302
5301
5300
5300
5299
5298
5298
5297
5296
5295
5295
5295
5294
5293
5292
5291
5291
5290
5290
5289
5289
5289
5289
5288
5288
5287
5287
5287
5286
5286
5286
5284
5284
5284
5284
5284
5284
5284
5283
5283
5282
5282
5282
5281
5279
5279
5278
5278
5280
5275
5275
5274
5274
5273
5273
5272
5272
5271
5271
5270
5270
5269
5269
5268
5267
5267
5267
5267
5267
5267
5266
5266
5266
5266
5266
5265
5264
5264
5263
5263
5263
5263
5263
5261
5261
5261
5261
5261
5268
5260
5260
5260
5260
5260
5260
5260
5259
5259
5259
5259
5259
5259
5258
5257
5257
5257
5256
5254
5254
5254
5253
5253
5253
5253
5253
5253
5252
5251
5251
5251
5250
5250
5250
5249
5248
5247
5247
5247
5247
5246
5246
5245
5244
5243
5243
5242
5242
5240
5240
5239
5238
5238
5238
5238
5237
5236
5236
5234
5234
5233
5233
5232
5232
5232
5231
5231
5231
5231
5230
5230
5230
5229
5229
5229
5229
5228
5227
5226
5226
5226
5226
5225
5224
5224
5224
5223
5223
5223
5222
5222
5222
5221
5221
5221
5220
5220
5219
5219
5218
5217
5217
5217
5217
5216
5215
5214
5212
5212
5211
5211
5211
5211
5211
5211
5210
5210
5210
5210
5209
5209
5208
5213
5206
5206
5205
5205
5205
5204
5204
5204
5204
5204
5203
5202
5202
5202
5201
5200
5200
5199
5199
5198
5198
5197
5196
5196
5196
5196
5196
5196
5196
5195
5195
5195
5195
5195
5195
5195
5194
5194
5192
5191
5191
5191
5191
5190
5190
5190
5190
5189
5188
5186
5185
5185
5185
5184
5184
5183
5183
5182
5182
5181
5181
5180
5179
5178
5178
5177
5176
5176
5176
5175
5175
5174
5174
5173
5173
5172
5172
5172
5170
5170
5170
5168
5168
5167
5167
5166
5166
5165
5165
5165
5165
5165
5164
5164
5164
5161
5161
5161
5161
5160
5160
5160
5159
5158
5157
5157
5157
5157
5156
5155
5155
5154
5154
5153
5153
5150
5150
5149
5149
5148
5147
5147
5147
5146
5145
5145
5144
5143
5143
5143
5142
5142
5141
5140
5140
5139
5139
5137
5137
5137
5137
5136
5136
5135
5135
5134
5134
5133
5133
5133
5132
5132
5132
5131
5131
5131
5130
5130
5130
5129
5128
5128
5128
5128
5127
5127
5126
5126
5125
5124
5124
5123
5123
5123
5123
5122
5122
5122
5120
5118
5118
5118
5122
5115
5114
5114
5114
5114
5114
5113
5113
5112
5112
5111
5111
5111
5110
5110
5108
5107
5107
5107
5106
5106
5106
5106
5105
5105
5104
5104
5103
5103
5103
5102
5102
5101
5100
5099
5099
5098
5097
5096
5095
5095
5095
5094
5093
5093
5093
5092
5091
5091
5090
5089
5088
5088
5087
5086
5085
5085
5085
5084
5084
5083
5082
5082
5082
5082
5081
5081
5080
5079
5079
5078
5078
5078
5078
5077
5077
5076
5075
5075
5075
5075
5074
5074
5074
5074
5073
5073
5073
5073
5072
5071
5070
5070
5070
5068
5068
5067
5067
5067
5066
5066
5066
5065
5065
5063
5063
5062
5062
5061
5061
5061
5061
5059
5058
5058
5057
5056
5056
5056
5056
5055
5055
5055
5054
5054
5054
5054
5054
5053
5053
5052
5052
5052
5052
5052
5052
5051
5051
5051
5051
5051
5050
5050
5050
5049
5049
5048
5048
5047
5047
5047
5047
5047
5046
5045
5045
5052
5044
5043
5043
5042
5042
5042
5041
5041
5041
5040
5040
5040
5039
5039
5038
5038
5037
5037
5037
5036
5036
5036
5035
5035
5035
5034
5034
5033
5032
5032
5032
5032
5032
5032
5031
5031
5030
5029
5029
5028
5027
5027
5026
5026
5025
5025
5024
5023
5023
5022
5022
5021
5020
5020
5019
5019
5019
5018
5018
5017
5017
5017
5016
5016
5016
5015
5015
5014
5014
5014
5013
5012
5011
5011
5011
5010
5009
5009
5009
5009
5009
5009
5008
5007
5007
5007
5006
5006
5006
5005
5004
5003
5002
5002
5002
5001
5000
5000
4998
4997
4997
4997
4996
4996
4996
4995
4994
4993
4993
4992
4992
4992
4992
4991
4990
4990
4990
4989
4989
4989
4989
4988
4988
4988
4986
4986
4985
4984
4984
4984
4984
4984
4984
4984
4984
4983
4982
4982
4982
4982
4982
4982
4981
4981
4980
4980
4980
4980
4979
4979
4978
4978
4977
4977
4977
4976
4976
4976
4976
4976
4976
4975
4975
4975
4975
4974
4973
4973
4973
4972
4972
4971
4970
4970
4970
4970
4969
4969
4968
4968
4968
4967
4967
4966
4966
4966
4966
4966
4965
4965
4965
4964
4964
4964
4964
4964
4964
4964
4963
4963
4963
4963
4962
4962
4962
4960
4960
4960
4959
4958
4958
4957
4957
4957
4957
4957
4957
4957
4957
4956
4956
4955
4954
4954
4953
4952
4952
4952
4952
4952
4952
4951
4951
4951
4951
4950
4950
4950
4950
4949
4949
4948
4947
4947
4947
4947
4945
4945
4945
4944
4944
4944
4943
4942
4942
4942
4942
4940
4940
4940
4939
4938
4938
4938
4938
4938
4937
4937
4937
4936
4936
4935
4935
4934
4934
4933
4932
4931
4931
4930
4930
4930
4929
4929
4929
4929
4928
4928
4927
4927
4927
4926
4926
4926
4926
4925
4925
4925
4925
4925
4924
4923
4923
4923
4922
4922
4922
4922
4921
4921
4921
4920
4920
4920
4920
4920
4920
4919
4919
4918
4918
4917
4917
4916
4916
4915
4915
4915
4914
4914
4914
4914
4914
4913
4913
4913
4913
4912
4912
4912
4911
4911
4911
4911
4911
4911
4911
4911
4911
4910
4910
4910
4909
4909
4909
4908
4908
4908
4907
4907
4906
4906
4906
4905
4905
4904
4904
4904
4904
4903
4903
4903
4903
4902
4902
4900
4900
4899
4899
4898
4898
4897
4897
4897
4896
4896
4895
4895
4894
4893
4892
4892
4892
4892
4892
4891
4891
4890
4890
4888
4887
4887
4887
4886
4886
4886
4886
4885
4885
4884
4884
4883
4883
4882
4882
4881
4881
4880
4880
4880
4880
4880
4880
4879
4879
4879
4878
4878
4877
4877
4876
4876
4876
4876
4875
4875
4874
4874
4873
4873
4872
4872
4871
4871
4871
4871
4871
4869
4869
4869
4868
4868
4867
4865
4865
4865
4865
4865
4865
4864
4864
4864
4864
4864
4863
4863
4863
4863
4862
4862
4862
4861
4861
4861
4861
4861
4861
4860
4858
4857
4857
4857
4856
4856
4856
4856
4855
4855
4855
4855
4855
4854
4853
4853
4852
4852
4852
4852
4851
4851
4850
4850
4850
4850
4850
4849
4849
4848
4848
4848
4847
4847
4847
4846
4846
4846
4846
4845
4845
4845
4844
4844
4844
4843
4842
4842
4842
4842
4842
4842
4841
4841
4840
4840
4840
4840
4840
4839
4839
4839
4838
4838
4837
4837
4836
4836
4835
4835
4835
4833
4833
4833
4832
4832
4832
4830
4829
4829
4829
4829
4829
4829
4828
4828
4828
4827
4827
4827
4826
4826
4826
4824
4824
4824
4824
4823
4822
4821
4821
4821
4821
4821
4821
4820
4819
4819
4819
4819
4819
4819
4819
4818
4818
4817
4817
4817
4817
4816
4816
4816
4815
4815
4815
4815
4814
4814
4813
4813
4813
4811
4811
4810
4810
4810
4809
4809
4809
4809
4809
4809
4808
4808
4808
4807
4807
4806
4806
4805
4805
4804
4804
4804
4803
4803
4802
4802
4802
4801
4800
4800
4800
4799
4799
4799
4798
4798
4797
4797
4797
4797
4797
4797
4796
4796
4796
4796
4795
4794
4794
4793
4793
4792
4791
4791
4791
4791
4791
4791
4791
4791
4790
4790
4790
4790
4789
4795
4789
4789
4789
4788
4787
4787
4787
4787
4786
4786
4785
4785
4784
4784
4784
4784
4784
4784
4784
4783
4783
4783
4783
4783
4783
4782
4782
4781
4781
4780
4780
4779
4779
4779
4778
4778
4778
4778
4777
4777
4777
4776
4775
4775
4774
4773
4773
4773
4773
4773
4772
4772
4772
4771
4771
4771
4771
4771
4771
4771
4770
4770
4770
4770
4769
4769
4768
4768
4767
4767
4766
4766
4766
4766
4766
4766
4765
4765
4765
4765
4764
4764
4762
4762
4761
4760
4760
4760
4759
4758
4758
4758
4757
4757
4757
4757
4756
4756
4756
4755
4755
4754
4754
4754
4754
4754
4754
4754
4753
4753
4752
4752
4751
4751
4751
4750
4750
4750
4750
4749
4749
4749
4748
4748
4748
4747
4747
4747
4746
4745
4745
4745
4745
4745
4745
4745
4744
4744
4744
4743
4743
4741
4740
4739
4739
4739
4739
4738
4738
4738
4738
4738
4738
4737
4736
4736
4736
4735
4735
4735
4735
4734
4733
4733
4733
4732
4732
4732
4732
4731
4731
4730
4730
4730
4729
4729
4729
4728
4727
4727
4727
4727
4726
4726
4725
4725
4725
4725
4725
4724
4724
4724
4723
4722
4722
4721
4720
4720
4720
4720
4720
4720
4719
4719
4718
4718
4718
4718
4718
4717
4717
4717
4716
4716
4716
4715
4715
4715
4715
4714
4714
4714
4714
4713
4713
4713
4712
4712
4711
4711
4710
4710
4709
4709
4709
4709
4709
4708
4708
4708
4707
4707
4707
4707
4706
4706
4706
4705
4705
4705
4704
4704
4703
4702
4700
4700
4699
4699
4699
4698
4698
4698
4697
4697
4696
4696
4696
4696
4695
4695
4695
4694
4694
4694
4694
4693
4692
4692
4692
4692
4692
4692
4691
4691
4691
4690
4689
4689
4689
4688
4687
4686
4686
4685
4685
4685
4685
4684
4684
4684
4684
4684
4684
4683
4683
4683
4682
4682
4682
4681
4681
4681
4680
4680
4680
4679
4679
4679
4678
4678
4678
4678
4677
4676
4676
4676
4676
4676
4676
4675
4674
4674
4674
4674
4673
4673
4673
4673
4672
4672
4672
4672
4671
4670
4670
4670
4669
4669
4669
4669
4669
4668
4667
4667
4667
4667
4666
4666
4665
4663
4662
4662
4662
4662
4662
4661
4660
4660
4660
4660
4660
4660
4660
4659
4659
4658
4658
4657
4657
4657
4656
4656
4656
4656
4655
4655
4655
4654
4654
4654
4654
4658
4653
4653
4653
4652
4652
4651
4651
4651
4651
4650
4650
4649
4649
4649
4648
4648
4648
4647
4647
4647
4647
4647
4647
4646
4646
4646
4645
4645
4645
4645
4644
4644
4644
4643
4643
4643
4643
4642
4641
4641
4639
4639
4638
4638
4637
4637
4636
4635
4635
4634
4633
4633
4633
4633
4632
4632
4632
4631
4631
4631
4631
4631
4630
4629
4628
4628
4628
4628
4627
4627
4626
4626
4626
4626
4626
4626
4625
4624
4624
4624
4623
4623
4623
4623
4623
4623
4622
4622
4622
4622
4621
4621
4621
4620
4619
4619
4619
4618
4618
4618
4617
4617
4617
4617
4616
4616
4615
4615
4613
4613
4613
4613
4613
4613
4612
4612
4612
4611
4611
4611
4611
4611
4610
4610
4609
4608
4608
4607
4607
4607
4606
4606
4606
4606
4605
4605
4604
4604
4604
4603
4603
4602
4602
4602
4601
4601
4601
4600
4600
4599
4599
4599
4598
4598
4598
4598
4598
4598
4597
4597
4597
4596
4596
4595
4595
4595
4595
4595
4595
4594
4594
4594
4594
4593
4592
4592
4592
4592
4592
4591
4591
4591
4591
4591
4590
4590
4590
4590
4589
4589
4589
4588
4588
4586
4586
4585
4585
4584
4584
4584
4584
4583
4583
4583
4582
4582
4582
4582
4581
4581
4581
4581
4581
4581
4580
4580
4580
4580
4579
4579
4579
4579
4579
4578
4578
4578
4578
4577
4577
4576
4576
4575
4575
4574
4574
4573
4573
4573
4572
4572
4571
4571
4570
4570
4569
4569
4569
4569
4569
4569
4569
4568
4568
4568
4568
4567
4567
4567
4566
4566
4566
4564
4564
4564
4563
4563
4562
4561
4561
4560
4560
4560
4560
4559
4557
4557
4557
4557
4557
4556
4556
4555
4555
4555
4554
4554
4554
4553
4553
4552
4552
4551
4551
4551
4550
4550
4550
4549
4549
4549
4549
4549
4547
4547
4547
4546
4546
4546
4546
4545
4544
4544
4544
4544
4543
4543
4543
4543
4543
4543
4543
4541
4540
4540
4540
4539
4539
4539
4538
4538
4537
4537
4537
4537
4537
4537
4536
4536
4535
4535
4534
4534
4532
4532
4532
4531
4530
4530
4530
4530
4530
4530
4530
4529
4529
4528
4528
4527
4527
4527
4527
4526
4526
4525
4525
4525
4525
4524
4524
4524
4524
4523
4523
4523
4523
4522
4522
4522
4522
4521
4521
4520
4520
4520
4520
4520
4520
4519
4519
4519
4519
4519
4519
4518
4518
4517
4517
4517
4517
4516
4516
4516
4515
4515
4515
4514
4514
4513
4513
4512
4512
4512
4512
4512
4511
4511
4511
4510
4510
4510
4510
4509
4509
4509
4509
4509
4509
4509
4508
4508
4508
4508
4507
4506
4506
4506
4505
4505
4505
4504
4504
4504
4504
4504
4503
4503
4503
4502
4502
4502
4502
4501
4500
4500
4500
4499
4498
4497
4497
4496
4496
4495
4495
4495
4495
4495
4495
4494
4494
4494
4493
4493
4492
4492
4491
4491
4490
4490
4490
4490
4489
4488
4488
4488
4488
4487
4487
4487
4487
4487
4487
4485
4485
4485
4485
4484
4484
4484
4484
4483
4483
4483
4483
4483
4483
4482
4482
4481
4481
4481
4480
4480
4480
4479
4479
4479
4479
4478
4478
4478
4478
4478
4477
4477
4477
4476
4476
4475
4475
4475
4475
4474
4478
4474
4474
4474
4474
4473
4473
4472
4472
4472
4471
4471
4471
4471
4471
4471
4473
4469
4469
4469
4469
4469
4469
4476
4468
4468
4468
4468
4468
4467
4467
4467
4467
4467
4467
4466
4466
4466
4466
4465
4463
4463
4462
4462
4462
4462
4462
4462
4462
4461
4460
4460
4460
4460
4459
4459
4458
4459
4459
4458
4458
4458
4458
4457
4456
4456
4456
4456
4456
4455
4455
4455
4455
4455
4455
4454
4454
4454
4453
4453
4453
4453
4453
4452
4452
4452
4452
4452
4451
4450
4450
4450
4450
4450
4450
4450
4449
4449
4449
4449
4448
4448
4448
4448
4448
4447
4447
4447
4447
4447
4447
4446
4446
4445
4445
4444
4443
4443
4442
4441
4441
4441
4440
4440
4440
4440
4440
4440
4438
4438
4437
4437
4437
4437
4436
4435
4435
4435
4434
4434
4434
4433
4433
4433
4432
4432
4432
4431
4431
4430
4430
4430
4430
4430
4429
4429
4429
4429
4428
4428
4428
4428
4428
4428
4428
4427
4426
4426
4425
4423
4423
4422
4421
4421
4421
4420
4420
4419
4418
4418
4417
4416
4415
4415
4415
4415
4415
4413
4413
4413
4412
4412
4412
4411
4411
4411
4410
4410
4410
4409
4409
4409
4408
4408
4408
4407
4407
4407
4406
4406
4406
4406
4406
4405
4405
4405
4405
4404
4404
4404
4403
4402
4402
4402
4401
4401
4401
4400
4400
4400
4400
4400
4400
4400
4399
4399
4399
4399
4397
4397
4397
4396
4396
4396
4395
4395
4395
4395
4395
4394
4394
4394
4393
4393
4392
4392
4392
4392
4391
4391
4391
4391
4391
4390
4390
4389
4389
4389
4389
4388
4388
4388
4388
4387
4386
4386
4386
4385
4385
4384
4384
4384
4384
4384
4384
4384
4384
4383
4383
4382
4381
4380
4379
4379
4379
4379
4378
4378
4378
4378
4377
4376
4376
4376
4375
4375
4375
4374
4374
4373
4373
4373
4373
4373
4373
4372
4372
4371
4371
4371
4370
4370
4369
4369
4369
4369
4368
4367
4367
4367
4366
4366
4365
4365
4364
4364
4364
4364
4364
4364
4363
4363
4363
4363
4362
4362
4362
4362
4362
4362
4361
4361
4361
4361
4361
4361
4361
4360
4360
4360
4360
4360
4359
4359
4359
4358
4358
4358
4358
4360
4357
4357
4356
4356
4356
4356
4355
4355
4355
4355
4355
4354
4354
4354
4354
4353
4352
4352
4352
4352
4351
4351
4351
4351
4351
4351
4350
4350
4350
4350
4349
4349
4349
4349
4349
4349
4348
4348
4348
4348
4348
4347
4347
4346
4346
4346
4345
4345
4345
4345
4344
4344
4344
4344
4344
4344
4344
4344
4344
4343
4343
4343
4343
4343
4342
4342
4342
4342
4341
4341
4341
4341
4340
4340
4340
4340
4340
4340
4340
4339
4338
4338
4338
4337
4337
4337
4336
4336
4336
4336
4336
4336
4336
4335
4335
4335
4334
4334
4334
4334
4334
4334
4334
4334
4334
4333
4333
4332
4332
4332
4332
4332
4331
4331
4331
4330
4330
4330
4330
4330
4330
4329
4329
4329
4329
4329
4329
4328
4328
4328
4327
4327
4325
4325
4325
4324
4324
4324
4324
4324
4324
4323
4323
4322
4322
4321
4321
4321
4320
4320
4320
4320
4320
4320
4320
4320
4319
4319
4319
4319
4318
4318
4318
4318
4318
4317
4317
4317
4317
4316
4316
4316
4316
4316
4316
4315
4315
4315
4315
4314
4314
4314
4314
4313
4313
4312
4312
4312
4311
4311
4311
4311
4311
4310
4310
4310
4310
4309
4309
4309
4308
4308
4308
4307
4307
4307
4307
4307
4306
4306
4306
4306
4305
4305
4305
4304
4304
4304
4304
4304
4303
4303
4303
4303
4303
4303
4303
4308
4302
4302
4301
4301
4301
4301
4301
4301
4301
4300
4299
4297
4297
4297
4297
4296
4296
4296
4295
4295
4295
4295
4295
4295
4294
4294
4294
4293
4293
4293
4293
4292
4292
4291
4291
4291
4291
4290
4290
4290
4290
4290
4290
4290
4290
4289
4289
4289
4289
4289
4288
4288
4287
4287
4287
4287
4287
4286
4286
4286
4286
4285
4285
4284
4284
4284
4284
4284
4284
4284
4282
4282
4282
4281
4281
4281
4281
4281
4281
4280
4280
4280
4279
4279
4279
4279
4279
4279
4279
4278
4278
4278
4278
4278
4277
4277
4277
4277
4276
4276
4276
4275
4275
4275
4275
4274
4274
4274
4274
4273
4273
4273
4273
4273
4273
4272
4272
4272
4272
4272
4272
4272
4271
4270
4269
4269
4268
4267
4267
4266
4266
4266
4266
4265
4265
4265
4264
4264
4263
4263
4263
4263
4263
4263
4262
4262
4262
4261
4261
4261
4261
4260
4260
4260
4259
4259
4258
4258
4257
4257
4257
4256
4256
4256
4255
4254
4254
4254
4254
4254
4254
4254
4254
4253
4253
4253
4253
4253
4252
4252
4251
4251
4251
4251
4250
4250
4250
4249
4249
4249
4249
4249
4248
4248
4248
4248
4247
4247
4246
4246
4246
4246
4245
4245
4245
4245
4244
4244
4243
4243
4243
4243
4242
4242
4242
4242
4241
4241
4241
4241
4241
4240
4240
4239
4239
4239
4239
4239
4239
4239
4239
4237
4237
4237
4237
4237
4237
4236
4236
4235
4235
4235
4234
4234
4234
4234
4234
4234
4233
4233
4233
4233
4233
4232
4232
4232
4231
4231
4231
4230
4230
4230
4230
4230
4229
4229
4228
4228
4228
4227
4227
4227
4227
4227
4227
4226
4226
4226
4226
4225
4225
4225
4225
4225
4224
4224
4224
4224
4224
4223
4223
4221
4220
4220
4220
4224
4220
4220
4220
4220
4220
4219
4219
4219
4219
4218
4218
4218
4217
4217
4216
4216
4216
4216
4216
4216
4216
4216
4215
4215
4215
4214
4214
4214
4213
4213
4213
4213
4213
4211
4211
4211
4211
4211
4211
4210
4210
4210
4209
4209
4209
4209
4209
4208
4208
4208
4208
4208
4207
4207
4207
4206
4206
4206
4205
4205
4204
4203
4203
4203
4202
4202
4202
4201
4201
4201
4200
4199
4199
4198
4198
4198
4198
4198
4197
4197
4197
4196
4196
4196
4195
4195
4195
4195
4195
4195
4194
4194
4194
4194
4193
4193
4193
4192
4192
4192
4192
4192
4191
4191
4191
4191
4191
4191
4191
4191
4190
4190
4189
4189
4189
4189
4189
4189
4189
4189
4188
4188
4188
4187
4187
4186
4186
4186
4186
4186
4186
4185
4185
4185
4185
4184
4184
4184
4184
4184
4184
4182
4182
4182
4182
4181
4181
4181
4181
4181
4181
4180
4180
4179
4179
4179
4179
4178
4177
4177
4177
4177
4177
4176
4176
4176
4176
4175
4175
4175
4175
4174
4174
4174
4174
4174
4174
4173
4172
4172
4171
4171
4171
4171
4170
4170
4169
4169
4168
4168
4168
4167
4167
4167
4167
4167
4167
4166
4166
4166
4166
4165
4165
4165
4165
4165
4165
4164
4164
4164
4164
4164
4164
4164
4163
4163
4163
4163
4163
4163
4162
4162
4162
4162
4161
4161
4161
4161
4161
4161
4160
4160
4160
4160
4160
4160
4160
4159
4049
4159
4159
4158
4158
4158
4158
4157
4157
4157
4156
4156
4155
4154
4154
4153
4153
4153
4152
4152
4151
4151
4151
4151
4151
4151
4151
4149
4149
4149
4149
4149
4149
4148
4148
4148
4148
4148
4148
4148
4147
4147
4147
4146
4146
4146
4145
4145
4145
4145
4145
4144
4144
4144
4143
4143
4142
4142
4142
4142
4141
4141
4140
4140
4139
4139
4139
4139
4139
4138
4138
4138
4138
4138
4137
4137
4136
4136
4136
4136
4136
4135
4135
4135
4135
4134
4134
4134
4134
4134
4133
4133
4133
4133
4133
4133
4132
4132
4131
4131
4131
4131
4131
4130
4129
4129
4128
4128
4128
4128
4127
4127
4127
4127
4126
4126
4126
4126
4126
4126
4125
4125
4125
4125
4125
4124
4124
4124
4124
4123
4123
4123
4123
4123
4122
4122
4122
4121
4121
4121
4120
4120
4120
4120
4119
4119
4119
4119
4118
4117
4117
4117
4117
4116
4116
4116
4116
4115
4115
4115
4115
4115
4115
4114
4114
4114
4113
4113
4113
4113
4112
4112
4112
4112
4112
4112
4111
4110
4110
4110
4110
4110
4109
4109
4109
4109
4108
4108
4108
4107
4107
4107
4107
4107
4106
4106
4106
4106
4106
4106
4105
4105
4105
4104
4104
4104
4104
4104
4104
4103
4103
4103
4102
4102
4102
4101
4100
4099
4099
4098
4097
4097
4097
4097
4097
4097
4097
4097
4096
4096
4096
4096
4096
4096
4096
4095
4095
4095
4094
4094
4094
4093
4092
4092
4092
4092
4092
4091
4091
4091
4091
4090
4090
4090
4090
4110
4089
4089
4089
4089
4088
4088
4088
4088
4088
4087
4087
4087
4086
4086
4085
4085
4085
4085
4085
4084
4084
4084
4084
4083
4083
4083
4083
4083
4082
4082
4082
4082
4082
4081
4081
4081
4081
4081
4081
4081
4080
4080
4079
4079
4079
4079
4079
4078
4078
4078
4078
4078
4077
4077
4077
4077
4076
4076
4076
4076
4076
4076
4076
4076
4076
4075
4075
4075
4075
4075
4075
4075
4073
4073
4072
4072
4072
4072
4072
4072
4072
4072
4071
4071
4071
4071
4070
4069
4069
4069
4069
4069
4069
4068
4068
4068
4067
4067
4067
4066
4066
4065
4065
4065
4064
4064
4064
4064
4064
4063
4063
4063
4063
4062
4062
4062
4062
4061
4061
4061
4061
4061
4061
4061
4060
4060
4060
4060
4060
4060
4060
4060
4059
4059
4059
4059
4059
4059
4059
4059
4058
4064
4057
4056
4056
4056
4056
4056
4056
4055
4055
4055
4055
4054
4054
4054
4053
4053
4053
4052
4052
4052
4051
4051
4050
4050
4050
4050
4050
4050
4050
4049
4049
4049
4049
4048
4048
4048
4047
4047
4047
4046
4046
4046
4046
4046
4046
4045
4045
4044
4044
4044
4044
4044
4044
4043
4043
4042
4042
4042
4042
4042
4042
4042
4041
4041
4041
4041
4041
4041
4040
4040
4040
4040
4040
4040
4040
4039
4039
4047
4056
4039
4039
4039
4038
4038
4037
4037
4037
4037
4037
4037
4037
4036
4036
4036
4036
4036
4036
4036
4036
4036
4036
4035
4035
4035
4035
4035
4034
4034
4034
4034
4033
4033
4033
4033
4032
4032
4032
4031
4031
4031
4031
4031
4030
4030
4030
4029
4029
4029
4029
4029
4029
4029
4029
4028
4028
4028
4028
4027
4027
4027
4026
4026
4026
4025
4025
4025
4025
4025
4025
4025
4025
4025
4024
4024
4024
4024
4024
4024
4023
4023
4023
4022
4022
4022
4021
4021
4021
4021
4021
4020
4020
4020
4019
4019
4019
4019
4019
4027
4019
4019
4018
4018
4017
4017
4016
4016
4016
4016
4015
4015
4015
4015
4015
4014
4014
4014
4014
4014
4014
4014
4014
4014
4013
4013
4013
4012
4012
4012
4012
4012
4011
4011
4011
4011
4011
4010
4009
4012
4009
4009
4009
4009
4008
4008
4008
4008
4008
4007
4007
4007
4007
4007
4007
4006
4006
4006
4006
4006
4005
4005
4004
4004
4003
4003
4003
4003
4002
4002
4001
4001
4000
4000
4000
4000
4000
3999
3999
3998
3998
3998
3998
3997
3997
3997
3997
3995
3995
3995
3995
3995
3995
3994
3994
3994
3993
3993
3993
3993
3993
3993
3993
3992
3992
3992
3991
3991
3991
3991
3991
3991
3990
3990
3990
3990
3990
3990
3989
3989
3989
3989
3989
3988
3987
3987
3987
3987
3986
3986
3985
3985
3985
3985
3985
3985
3985
3985
3985
3984
3984
3984
3984
3984
3983
3983
3983
3982
3982
3982
3982
3982
3982
3981
3981
3981
3981
3981
3981
3980
3980
3980
3980
3980
3980
3979
3979
3979
3979
3979
3978
3978
3978
3978
3977
3977
3977
3977
3977
3976
3976
3976
3976
3975
3975
3975
3975
3975
3975
3974
3973
3973
3973
3973
3972
3972
3972
3971
3970
3970
3969
3972
3969
3969
3968
3968
3968
3968
3967
3967
3967
3967
3967
3966
3966
3966
3966
3965
3965
3965
3965
3965
3965
3964
3964
3964
3964
3964
3963
3963
3963
3963
3963
3963
3963
3963
3963
3962
3962
3961
3961
3960
3960
3960
3960
3959
3959
3959
3959
3958
3958
3958
3958
3958
3957
3957
3957
3957
3957
3956
3956
3956
3956
3956
3956
3955
3955
3955
3955
3954
3954
3954
3954
3954
3953
3953
3952
3952
3952
3952
3952
3952
3952
3957
3951
3951
3951
3950
3950
3950
3950
3950
3950
3950
3950
3950
3950
3950
3949
3949
3949
3949
3948
3948
3948
3948
3947
3947
3947
3947
3947
3947
3946
3946
3946
3946
3946
3946
3946
3946
3945
3945
3945
3945
3944
3944
3944
3944
3944
3943
3943
3943
3943
3943
3942
3942
3942
3941
3941
3941
3941
3940
3940
3940
3940
3939
3939
3939
3939
3939
3939
3939
3938
3938
3938
3938
3937
3937
3937
3937
3937
3936
3935
3935
3935
3935
3935
3934
3934
3934
3934
3934
3933
3933
3933
3932
3932
3932
3932
3932
3932
3932
3931
3931
3931
3931
3931
3930
3930
3930
3930
3930
3929
3929
3929
3928
3928
3928
3928
3928
3927
3927
3927
3926
3926
3926
3926
3926
3926
3926
3926
3926
3925
3925
3924
3924
3924
3923
3923
3923
3923
3923
3922
3922
3922
3922
3922
3921
3921
3927
3921
3921
3921
3920
3920
3919
3919
3919
3919
3919
3919
3919
3918
3918
3917
3917
3916
3916
3916
3915
3915
3915
3915
3915
3914
3914
3914
3914
3913
3912
3912
3912
3912
3912
3912
3911
3911
3911
3911
3911
3911
3911
3910
3910
3910
3909
3909
3909
3909
3909
3909
3909
3908
3908
3908
3908
3907
3907
3907
3907
3907
3907
3907
3906
3906
3906
3906
3906
3906
3906
3906
3905
3905
3905
3904
3904
3904
3903
3903
3902
3902
3902
3902
3902
3902
3902
3901
3901
3900
3900
3900
3899
3899
3899
3899
3899
3899
3899
3898
3898
3898
3898
3898
3898
3897
3897
3897
3896
3896
3896
3895
3895
3895
3894
3894
3894
3894
3894
3894
3894
3893
3893
3893
3893
3893
3893
3893
3892
3892
3892
3892
3892
3891
3891
3891
3891
3890
3890
3890
3890
3890
3890
3889
3889
3888
3888
3887
3887
3886
3886
3886
3885
3885
3885
3885
3885
3885
3885
3885
3884
3884
3884
3884
3884
3883
3883
3883
3883
3883
3883
3883
3882
3882
3882
3882
3881
3881
3881
3881
3881
3881
3881
3880
3880
3880
3880
3880
3879
3879
3879
3879
3878
3878
3878
3878
3878
3878
3878
3878
3878
3877
3877
3877
3877
3877
3877
3876
3876
3876
3876
3875
3875
3875
3874
3874
3874
3874
3874
3873
3873
3873
3872
3872
3872
3871
3871
3871
3871
3870
3870
3870
3870
3870
3870
3870
3870
3869
3869
3869
3868
3868
3867
3867
3867
3867
3867
3866
3865
3865
3865
3865
3865
3865
3864
3864
3863
3863
3863
3863
3863
3863
3862
3862
3862
3862
3862
3862
3861
3861
3860
3860
3860
3859
3859
3858
3858
3858
3857
3857
3857
3857
3856
3856
3856
3856
3856
3856
3856
3856
3856
3855
3855
3855
3855
3855
3855
3855
3855
3854
3854
3854
3854
3854
3854
3854
3853
3853
3853
3853
3853
3853
3852
3852
3852
3852
3852
3851
3850
3850
3850
3849
3849
3849
3849
3849
3848
3848
3848
3848
3848
3848
3848
3848
3847
3847
3847
3847
3847
3847
3846
3846
3846
3845
3845
3845
3845
3844
3844
3844
3844
3844
3844
3844
3844
3844
3843
3843
3843
3843
3842
3842
3842
3842
3841
3840
3840
3840
3840
3840
3840
3839
3839
3838
3838
3838
3838
3838
3837
3837
3837
3837
3836
3836
3836
3836
3835
3835
3835
3835
3835
3834
3834
3834
3833
3833
3833
3833
3833
3832
3832
3832
3832
3832
3832
3832
3832
3831
3831
3830
3830
3829
3829
3829
3828
3828
3827
3827
3827
3826
3826
3826
3825
3825
3825
3824
3824
3824
3823
3823
3823
3823
3822
3822
3822
3822
3822
3822
3821
3821
3821
3821
3821
3821
3821
3820
3820
3820
3820
3820
3820
3820
3819
3819
3819
3819
3819
3819
3818
3818
3818
3818
3818
3817
3817
3816
3816
3816
3816
3816
3816
3816
3816
3815
3815
3815
3814
3814
3814
3814
3814
3814
3814
3813
3813
3813
3813
3813
3813
3813
3812
3812
3812
3812
3811
3810
3810
3810
3810
3810
3809
3809
3809
3808
3808
3807
3807
3807
3807
3806
3806
3805
3805
3805
3805
3805
3804
3804
3804
3804
3804
3804
3803
3803
3802
3802
3801
3801
3801
3801
3801
3801
3800
3800
3800
3800
3799
3799
3799
3799
3799
3799
3799
3799
3798
3798
3798
3797
3797
3796
3796
3796
3796
3796
3796
3796
3796
3795
3795
3795
3794
3885
3794
3794
3794
3793
3793
3793
3793
3793
3793
3793
3792
3792
3792
3792
3792
3792
3792
3791
3791
3791
3791
3790
3790
3790
3790
3789
3789
3789
3789
3789
3789
3789
3788
3788
3788
3788
3788
3788
3787
3787
3787
3787
3787
3786
3786
3786
3786
3786
3786
3786
3785
3785
3785
3785
3785
3784
3784
3784
3784
3784
3783
3783
3783
3783
3783
3783
3783
3783
3782
3782
3782
3782
3782
3781
3781
3781
3780
3780
3780
3780
3780
3779
3779
3779
3779
3779
3778
3778
3778
3778
3777
3785
3776
3776
3775
3775
3775
3775
3775
3775
3775
3774
3774
3774
3773
3773
3773
3773
3773
3773
3772
3772
3772
3772
3772
3772
3772
3772
3771
3771
3771
3771
3771
3771
3771
3771
3770
3770
3770
3769
3769
3769
3769
3769
3768
3768
3768
3768
3768
3768
3768
3767
3767
3767
3767
3767
3767
3766
3766
3766
3766
3766
3766
3766
3765
3765
3765
3765
3764
3764
3764
3764
3764
3764
3764
3763
3763
3763
3763
3763
3762
3762
3762
3762
3762
3762
3761
3761
3761
3761
3761
3761
3760
3760
3760
3760
3759
3759
3759
3759
3759
3759
3758
3758
3758
3758
3757
3757
3757
3757
3757
3757
3756
3756
3756
3756
3756
3756
3755
3755
3755
3755
3755
3755
3754
3754
3754
3754
3754
3753
3752
3751
3751
3751
3751
3751
3750
3750
3750
3750
3750
3750
3748
3748
3748
3748
3748
3748
3748
3747
3747
3747
3747
3747
3747
3747
3747
3746
3746
3746
3745
3745
3745
3745
3745
3745
3744
3744
3744
3744
3744
3743
3743
3743
3743
3743
3743
3742
3742
3742
3741
3741
3741
3741
3741
3741
3741
3740
3740
3740
3740
3739
3738
3738
3738
3738
3738
3738
3737
3737
3737
3737
3737
3737
3737
3737
3736
3736
3736
3736
3736
3736
3735
3735
3735
3735
3735
3734
3734
3733
3733
3733
3733
3733
3733
3733
3733
3733
3733
3733
3732
3732
3732
3732
3732
3731
3731
3731
3731
3731
3730
3730
3730
3730
3730
3730
3729
3729
3729
3729
3729
3728
3728
3728
3728
3727
3727
3727
3727
3727
3727
3726
3726
3726
3726
3725
3725
3725
3725
3724
3724
3724
3724
3724
3724
3724
3724
3724
3723
3723
3723
3723
3722
3722
3722
3722
3721
3721
3721
3721
3721
3721
3721
3720
3720
3720
3719
3719
3719
3718
3718
3718
3718
3718
3717
3717
3717
3717
3717
3717
3717
3717
3716
3716
3716
3716
3716
3716
3716
3715
3715
3715
3715
3715
3714
3714
3714
3714
3713
3713
3713
3713
3713
3713
3713
3712
3712
3712
3712
3712
3712
3711
3711
3711
3711
3711
3711
3710
3710
3710
3710
3710
3710
3710
3710
3710
3710
3709
3709
3709
3709
3709
3708
3708
3708
3708
3708
3707
3707
3707
3707
3707
3707
3706
3706
3706
3706
3706
3706
3706
3705
3705
3705
3705
3705
3705
3704
3704
3704
3704
3704
3704
3704
3704
3704
3704
3704
3703
3703
3703
3703
3702
3702
3702
3702
3702
3701
3701
3701
3701
3701
3701
3701
3700
3700
3700
3699
3699
3699
3699
3699
3699
3699
3698
3698
3698
3698
3697
3697
3696
3696
3696
3696
3696
3696
3695
3695
3695
3695
3695
3695
3695
3695
3695
3695
3712
3694
3694
3694
3694
3694
3694
3694
3693
3693
3692
3691
3690
3690
3690
3690
3690
3690
3690
3690
3689
3689
3689
3688
3688
3687
3687
3687
3687
3687
3687
3687
3686
3686
3686
3686
3686
3686
3686
3686
3686
3685
3685
3685
3685
3685
3685
3684
3684
3684
3684
3683
3683
3683
3683
3683
3682
3682
3682
3681
3681
3681
3681
3681
3681
3681
3681
3681
3681
3681
3680
3680
3680
3680
3679
3679
3679
3679
3679
3678
3678
3678
3678
3677
3677
3677
3677
3677
3677
3676
3676
3676
3676
3676
3675
3675
3675
3675
3675
3675
3674
3674
3674
3674
3673
3673
3673
3672
3672
3672
3672
3672
3671
3671
3671
3671
3671
3671
3671
3671
3671
3671
3671
3671
3670
3670
3670
3670
3670
3669
3669
3669
3669
3668
3668
3668
3668
3668
3667
3667
3667
3667
3666
3666
3666
3666
3665
3665
3665
3665
3665
3665
3665
3665
3665
3665
3664
3664
3664
3664
3664
3664
3663
3663
3663
3663
3663
3663
3662
3662
3661
3661
3661
3661
3661
3661
3661
3661
3660
3660
3660
3660
3660
3659
3659
3659
3659
3659
3659
3658
3658
3658
3657
3657
3657
3657
3657
3656
3656
3656
3656
3656
3655
3655
3655
3655
3655
3655
3654
3654
3654
3653
3653
3653
3653
3652
3652
3652
3651
3651
3651
3651
3650
3650
3650
3649
3649
3649
3649
3649
3648
3648
3648
3648
3648
3648
3648
3647
3647
3647
3647
3647
3647
3647
3647
3647
3647
3646
3646
3646
3646
3646
3645
3645
3645
3644
3644
3644
3644
3644
3644
3644
3644
3644
3644
3643
3643
3642
3642
3641
3641
3641
3640
3640
3640
3640
3640
3639
3639
3639
3639
3639
3638
3638
3638
3638
3638
3638
3638
3637
3637
3636
3636
3636
3636
3636
3636
3635
3634
3634
3634
3634
3634
3634
3634
3634
3634
3634
3634
3634
3633
3633
3633
3633
3632
3632
3632
3632
3632
3632
3632
3631
3631
3631
3631
3630
3630
3630
3630
3629
3629
3629
3629
3629
3629
3629
3629
3628
3628
3628
3628
3628
3627
3627
3627
3627
3627
3627
3627
3626
3626
3626
3626
3626
3626
3625
3625
3625
3625
3625
3624
3624
3624
3624
3624
3623
3623
3623
3623
3623
3623
3622
3622
3622
3622
3622
3622
3622
3622
3621
3621
3621
3620
3619
3619
3619
3619
3619
3619
3618
3618
3618
3618
3618
3618
3617
3617
3617
3617
3616
3616
3616
3616
3616
3616
3615
3615
3615
3615
3615
3615
3615
3614
3614
3614
3614
3613
3613
3613
3613
3613
3613
3613
3613
3613
3612
3612
3612
3612
3612
3612
3612
3612
3611
3611
3611
3611
3611
3610
3610
3610
3611
3610
3610
3610
3609
3609
3609
3609
3609
3609
3609
3609
3608
3608
3608
3608
3608
3608
3608
3608
3608
3607
3607
3607
3607
3606
3606
3606
3606
3606
3606
3605
3605
3605
3605
3605
3605
3605
3604
3604
3604
3604
3603
3603
3603
3603
3602
3602
3602
3602
3602
3601
3601
3601
3601
3601
3601
3600
3600
3600
3600
3600
3600
3600
3600
3600
3600
3600
3600
3599
3599
3599
3599
3599
3599
3599
3599
3598
3598
3597
3597
3597
3597
3597
3597
3596
3596
3596
3596
3596
3596
3595
3595
3595
3595
3595
3595
3594
3594
3594
3594
3593
3593
3593
3593
3593
3592
3592
3592
3592
3591
3591
3591
3591
3591
3591
3591
3591
3590
3590
3590
3590
3589
3589
3588
3588
3588
3588
3588
3588
3588
3587
3587
3587
3587
3587
3587
3587
3587
3586
3586
3586
3586
3586
3586
3586
3586
3585
3585
3585
3584
3584
3584
3584
3583
3583
3583
3582
3582
3582
3581
3581
3581
3581
3581
3581
3580
3580
3580
3580
3580
3579
3579
3579
3579
3579
3579
3579
3578
3578
3578
3578
3577
3577
3577
3576
3576
3576
3575
3575
3575
3575
3575
3575
3575
3574
3574
3574
3574
3574
3574
3574
3573
3573
3573
3573
3573
3573
3573
3573
3572
3572
3572
3572
3572
3572
3571
3571
3571
3571
3570
3570
3570
3570
3570
3570
3570
3569
3569
3569
3569
3569
3569
3569
3568
3568
3568
3568
3568
3568
3567
3567
3567
3567
3567
3566
3566
3566
3566
3566
3565
3565
3564
3564
3564
3564
3564
3563
3563
3563
3563
3563
3563
3563
3563
3563
3562
3562
3562
3562
3562
3562
3562
3562
3562
3561
3561
3561
3561
3561
3561
3561
3560
3560
3560
3560
3560
3560
3559
3559
3559
3558
3558
3558
3558
3558
3558
3557
3557
3557
3557
3557
3557
3557
3557
3556
3556
3556
3556
3556
3556
3555
3555
3555
3555
3555
3555
3555
3555
3555
3554
3554
3554
3554
3553
3553
3553
3553
3553
3553
3552
3552
3552
3552
3552
3552
3552
3552
3551
3551
3551
3551
3551
3551
3550
3550
3550
3550
3550
3549
3549
3549
3548
3548
3548
3548
3548
3548
3548
3548
3547
3547
3547
3547
3547
3547
3547
3546
3546
3546
3546
3546
3546
3546
3546
3545
3545
3545
3545
3545
3544
3544
3544
3544
3544
3543
3543
3543
3543
3543
3543
3543
3542
3542
3542
3542
3542
3542
3542
3542
3542
3542
3541
3541
3541
3541
3541
3541
3540
3540
3539
3539
3539
3538
3538
3538
3538
3538
3538
3537
3537
3536
3536
3536
3536
3536
3536
3535
3535
3535
3535
3535
3535
3534
3534
3534
3534
3534
3533
3533
3533
3533
3533
3532
3532
3532
3532
3530
3530
3530
3530
3530
3530
3530
3530
3530
3530
3529
3529
3529
3529
3529
3529
3529
3529
3528
3528
3528
3528
3527
3527
3527
3527
3527
3527
3527
3526
3526
3526
3526
3526
3526
3526
3526
3526
3526
3525
3525
3525
3524
3524
3524
3524
3524
3523
3523
3523
3523
3523
3523
3523
3523
3522
3522
3522
3522
3522
3522
3522
3522
3521
3521
3521
3521
3521
3521
3520
3520
3520
3520
3520
3520
3519
3519
3519
3519
3519
3519
3518
3518
3518
3518
3518
3518
3518
3518
3517
3517
3517
3517
3517
3517
3517
3517
3516
3516
3516
3515
3515
3515
3514
3514
3514
3513
3513
3513
3514
3513
3513
3513
3513
3512
3512
3512
3512
3512
3512
3511
3511
3511
3510
3510
3510
3510
3510
3510
3510
3510
3509
3509
3509
3509
3509
3508
3508
3508
3508
3508
3508
3508
3508
3507
3507
3507
3507
3507
3507
3507
3506
3506
3506
3505
3505
3505
3505
3505
3505
3504
3504
3504
3504
3504
3504
3504
3503
3503
3503
3503
3502
3502
3502
3502
3501
3501
3501
3501
3501
3501
3501
3500
3500
3500
3500
3500
3500
3500
3499
3499
3499
3499
3499
3499
3499
3499
3499
3498
3498
3498
3498
3497
3497
3497
3497
3497
3497
3497
3496
3496
3496
3495
3495
3495
3495
3495
3495
3494
3494
3494
3494
3494
3494
3494
3493
3493
3493
3493
3493
3492
3492
3492
3492
3492
3491
3491
3491
3491
3491
3490
3490
3490
3490
3489
3489
3489
3488
3494
3488
3488
3487
3487
3487
3487
3487
3487
3487
3486
3486
3486
3486
3485
3485
3485
3485
3485
3485
3485
3485
3485
3484
3484
3484
3484
3484
3484
3483
3483
3483
3483
3483
3482
3482
3482
3482
3482
3482
3482
3481
3481
3481
3481
3481
3481
3481
3481
3481
3481
3480
3480
3480
3479
3479
3479
3479
3479
3478
3477
3477
3477
3477
3477
3477
3476
3476
3476
3476
3476
3476
3476
3476
3475
3475
3475
3475
3475
3475
3475
3474
3474
3474
3474
3474
3473
3473
3473
3473
3473
3473
3473
3473
3473
3473
3473
3472
3472
3472
3472
3472
3472
3472
3471
3471
3471
3471
3471
3470
3470
3470
3470
3470
3470
3470
3470
3469
3469
3469
3469
3469
3469
3469
3468
3468
3468
3468
3468
3468
3467
3467
3467
3467
3467
3467
3466
3466
3466
3466
3466
3466
3466
3466
3465
3465
3465
3465
3465
3465
3465
3465
3465
3465
3464
3464
3464
3464
3464
3464
3464
3463
3463
3463
3463
3463
3463
3462
3462
3462
3462
3462
3462
3462
3462
3462
3461
3461
3461
3461
3461
3460
3460
3459
3459
3459
3459
3458
3458
3458
3458
3458
3458
3458
3458
3457
3457
3457
3457
3457
3457
3457
3456
3456
3455
3455
3455
3455
3455
3455
3454
3454
3454
3454
3454
3453
3453
3453
3453
3453
3452
3452
3452
3452
3451
3450
3450
3450
3449
3449
3449
3448
3448
3448
3447
3447
3446
3446
3446
3446
3446
3446
3446
3446
3445
3445
3445
3445
3445
3444
3444
3444
3444
3444
3444
3444
3444
3444
3444
3444
3443
3443
3443
3443
3443
3443
3443
3443
3443
3443
3442
3442
3442
3442
3442
3442
3442
3442
3442
3442
3441
3441
3441
3441
3441
3441
3441
3440
3440
3440
3440
3440
3440
3440
3439
3439
3439
3439
3438
3438
3438
3437
3437
3437
3437
3436
3436
3436
3436
3436
3436
3436
3436
3436
3436
3435
3435
3435
3435
3435
3435
3435
3435
3435
3435
3434
3434
3434
3434
3434
3434
3434
3433
3433
3433
3433
3433
3433
3433
3433
3432
3432
3432
3432
3432
3432
3432
3432
3432
3431
3431
3431
3431
3431
3431
3431
3431
3430
3430
3430
3430
3429
3429
3429
3429
3429
3429
3428
3428
3428
3428
3428
3428
3428
3428
3427
3427
3427
3426
3426
3426
3425
3425
3425
3425
3425
3425
3424
3424
3424
3424
3424
3424
3424
3423
3423
3423
3423
3423
3423
3422
3422
3422
3422
3422
3421
3421
3421
3421
3421
3421
3420
3420
3420
3420
3420
3420
3420
3420
3420
3420
3419
3419
3419
3419
3419
3418
3418
3418
3418
3418
3418
3418
3417
3417
3417
3416
3416
3416
3415
3415
3415
3415
3414
3414
3414
3414
3414
3414
3414
3413
3413
3413
3413
3413
3413
3413
3412
3412
3412
3412
3412
3412
3412
3412
3411
3411
3411
3411
3411
3411
3411
3411
3410
3410
3410
3410
3410
3410
3410
3409
3409
3409
3408
3408
3408
3408
3408
3408
3408
3408
3407
3407
3407
3407
3407
3407
3407
3406
3406
3406
3406
3406
3406
3406
3406
3405
3405
3405
3405
3404
3404
3404
3404
3403
3403
3402
3402
3402
3402
3402
3402
3402
3402
3401
3401
3401
3401
3401
3401
3401
3401
3401
3400
3400
3400
3400
3400
3400
3400
3400
3400
3400
3400
3399
3399
3399
3399
3399
3398
3398
3398
3398
3398
3398
3398
3397
3397
3397
3397
3397
3397
3397
3397
3396
3396
3396
3396
3396
3395
3395
3395
3395
3395
3395
3394
3394
3394
3394
3394
3394
3394
3394
3394
3394
3393
3393
3392
3392
3392
3392
3392
3392
3392
3392
3391
3391
3391
3391
3391
3391
3391
3391
3390
3390
3390
3390
3390
3390
3390
3389
3389
3389
3389
3389
3389
3389
3389
3389
3389
3389
3388
3388
3388
3388
3387
3387
3387
3387
3387
3387
3387
3387
3387
3387
3386
3385
3385
3385
3385
3384
3384
3384
3384
3384
3384
3384
3383
3383
3383
3383
3382
3382
3382
3382
3381
3381
3381
3381
3381
3381
3380
3380
3380
3380
3380
3380
3380
3380
3379
3378
3378
3378
3378
3377
3377
3377
3377
3376
3376
3376
3376
3375
3375
3375
3375
3375
3375
3375
3375
3375
3375
3374
3374
3374
3374
3374
3374
3374
3373
3373
3373
3373
3373
3373
3373
3373
3372
3372
3372
3372
3372
3371
3371
3371
3371
3371
3371
3371
3371
3370
3370
3370
3370
3369
3369
3369
3369
3369
3369
3369
3369
3369
3368
3368
3368
3368
3368
3368
3367
3367
3367
3367
3367
3366
3366
3366
3366
3366
3366
3366
3366
3366
3365
3365
3365
3365
3365
3364
3364
3364
3364
3364
3364
3363
3363
3363
3363
3363
3363
3363
3363
3363
3362
3362
3362
3362
3362
3361
3361
3361
3361
3361
3361
3360
3360
3360
3360
3360
3360
3360
3360
3359
3359
3359
3358
3358
3358
3358
3358
3357
3357
3357
3357
3357
3357
3356
3356
3356
3356
3356
3356
3356
3356
3355
3354
3354
3354
3354
3354
3354
3354
3353
3353
3353
3353
3353
3353
3353
3352
3352
3352
3352
3352
3352
3352
3351
3351
3351
3350
3350
3350
3350
3350
3350
3349
3349
3349
3349
3348
3348
3348
3348
3347
3347
3347
3347
3347
3347
3346
3346
3346
3345
3345
3345
3345
3344
3344
3344
3344
3344
3344
3344
3344
3344
3344
3344
3344
3344
3343
3343
3343
3343
3343
3342
3342
3341
3341
3341
3341
3341
3341
3340
3340
3340
3340
3339
3339
3339
3339
3339
3339
3339
3338
3338
3337
3337
3337
3337
3337
3337
3337
3337
3336
3336
3336
3336
3336
3336
3336
3336
3335
3335
3335
3335
3335
3335
3335
3335
3335
3335
3335
3335
3334
3334
3334
3334
3334
3333
3333
3333
3333
3333
3333
3333
3332
3332
3332
3332
3332
3331
3331
3331
3331
3331
3330
3330
3330
3330
3330
3330
3329
3329
3329
3328
3328
3328
3328
3328
3328
3327
3327
3327
3327
3327
3327
3326
3326
3326
3326
3326
3326
3325
3325
3325
3325
3325
3325
3325
3325
3324
3324
3324
3323
3323
3323
3323
3323
3323
3323
3323
3323
3322
3322
3322
3322
3322
3322
3322
3321
3321
3321
3321
3321
3321
3321
3321
3320
3320
3320
3320
3320
3320
3320
3319
3319
3319
3319
3319
3319
3319
3319
3319
3318
3318
3318
3318
3318
3318
3318
3318
3318
3317
3317
3317
3317
3317
3317
3317
3317
3317
3316
3316
3316
3316
3316
3316
3315
3315
3315
3314
3314
3314
3314
3314
3314
3314
3314
3313
3313
3313
3313
3313
3313
3312
3312
3312
3312
3312
3312
3311
3311
3311
3311
3311
3311
3311
3310
3310
3310
3310
3309
3309
3309
3309
3308
3308
3308
3307
3307
3307
3307
3307
3307
3306
3306
3306
3306
3306
3306
3305
3305
3305
3305
3305
3305
3305
3305
3304
3304
3304
3304
3303
3303
3303
3303
3303
3303
3303
3303
3303
3302
3302
3302
3302
3302
3302
3302
3302
3302
3302
3302
3302
3301
3301
3301
3301
3301
3301
3300
3300
3300
3300
3300
3300
3300
3300
3299
3299
3299
3299
3298
3298
3298
3298
3298
3298
3297
3297
3297
3297
3297
3297
3297
3297
3296
3296
3295
3295
3295
3295
3295
3295
3295
3295
3295
3295
3295
3295
3294
3294
3294
3294
3294
3294
3293
3293
3293
3293
3293
3292
3292
3292
3292
3292
3292
3292
3292
3292
3292
3292
3291
3291
3291
3291
3291
3290
3290
3290
3290
3290
3289
3289
3289
3289
3289
3289
3289
3288
3288
3288
3288
3287
3287
3287
3287
3287
3287
3287
3286
3286
3286
3286
3286
3286
3286
3286
3285
3285
3285
3285
3285
3285
3285
3284
3284
3284
3283
3283
3283
3283
3283
3283
3283
3283
3283
3283
3282
3282
3282
3282
3282
3282
3281
3281
3281
3281
3281
3281
3281
3281
3281
3281
3280
3280
3280
3280
3280
3280
3279
3279
3279
3279
3279
3279
3279
3279
3279
3278
3278
3278
3278
3278
3278
3278
3277
3277
3277
3277
3277
3277
3276
3276
3276
3276
3276
3276
3276
3276
3276
3275
3275
3275
3275
3275
3275
3275
3275
3275
3275
3275
3274
3274
3274
3274
3274
3274
3274
3274
3274
3273
3273
3273
3273
3273
3273
3273
3273
3273
3273
3273
3272
3272
3272
3272
3272
3272
3272
3272
3271
3271
3271
3279
3271
3271
3271
3271
3270
3270
3270
3270
3270
3270
3270
3270
3270
3269
3269
3269
3269
3269
3269
3269
3269
3269
3269
3268
3268
3268
3268
3268
3268
3268
3268
3268
3268
3268
3267
3267
3267
3267
3267
3266
3266
3266
3266
3266
3266
3266
3265
3265
3265
3265
3264
3264
3264
3264
3264
3264
3264
3264
3264
3263
3263
3263
3263
3263
3263
3263
3262
3262
3262
3262
3262
3262
3261
3261
3261
3261
3261
3261
3260
3260
3260
3260
3260
3260
3259
3259
3259
3259
3259
3258
3258
3258
3258
3258
3258
3258
3257
3257
3257
3257
3257
3257
3257
3257
3256
3256
3256
3256
3256
3277
3255
3255
3255
3255
3255
3255
3255
3254
3254
3254
3254
3254
3254
3253
3253
3253
3253
3253
3253
3252
3252
3252
3252
3252
3252
3251
3251
3251
3251
3251
3251
3251
3251
3251
3251
3250
3250
3250
3250
3250
3250
3250
3249
3249
3249
3248
3248
3248
3248
3248
3248
3248
3248
3247
3247
3247
3247
3247
3247
3247
3247
3246
3246
3245
3245
3245
3245
3245
3245
3245
3244
3244
3244
3244
3244
3244
3243
3243
3243
3242
3242
3242
3242
3242
3242
3242
3242
3242
3241
3241
3241
3241
3241
3241
3241
3241
3241
3241
3241
3241
3240
3240
3240
3240
3239
3239
3239
3238
3238
3238
3238
3238
3237
3237
3237
3237
3237
3236
3236
3236
3236
3236
3236
3236
3236
3236
3235
3235
3235
3235
3235
3235
3235
3235
3234
3234
3234
3234
3234
3234
3234
3234
3234
3233
3233
3233
3233
3233
3233
3233
3233
3233
3232
3232
3232
3232
3232
3232
3231
3231
3231
3231
3231
3231
3231
3231
3230
3230
3230
3230
3230
3230
3230
3230
3229
3229
3229
3229
3229
3229
3229
3229
3229
3228
3228
3228
3228
3228
3228
3227
3227
3227
3227
3226
3226
3226
3226
3226
3226
3225
3225
3225
3225
3225
3225
3225
3225
3225
3225
3224
3224
3224
3224
3224
3224
3224
3224
3223
3223
3223
3222
3222
3222
3222
3222
3222
3222
3222
3222
3222
3222
3221
3221
3221
3221
3221
3221
3221
3221
3221
3221
3221
3220
3220
3220
3220
3220
3220
3220
3220
3219
3218
3218
3218
3218
3218
3218
3218
3218
3217
3217
3217
3217
3217
3217
3217
3217
3217
3217
3216
3216
3216
3216
3216
3216
3216
3215
3215
3215
3215
3215
3214
3214
3214
3214
3214
3214
3214
3213
3213
3213
3213
3213
3213
3213
3213
3213
3213
3212
3212
3212
3212
3212
3212
3212
3211
3211
3211
3211
3211
3211
3211
3211
3211
3211
3211
3210
3210
3210
3210
3210
3210
3210
3210
3210
3209
3209
3209
3209
3209
3209
3209
3209
3209
3208
3208
3208
3208
3208
3208
3207
3207
3207
3207
3207
3207
3207
3207
3207
3207
3206
3206
3206
3206
3205
3205
3205
3204
3204
3204
3204
3204
3204
3204
3204
3204
3204
3203
3203
3203
3203
3203
3203
3203
3203
3203
3203
3202
3202
3202
3202
3202
3201
3201
3201
3201
3201
3201
3201
3201
3200
3200
3200
3200
3200
3200
3200
3199
3199
3199
3198
3198
3198
3198
3198
3198
3197
3197
3197
3197
3197
3197
3197
3197
3197
3197
3197
3196
3196
3196
3196
3196
3196
3196
3196
3195
3195
3195
3195
3195
3194
3194
3194
3194
3194
3194
3194
3260
3193
3199
3193
3192
3192
3192
3192
3192
3192
3192
3191
3191
3191
3191
3191
3191
3190
3190
3190
3190
3190
3190
3190
3190
3190
3190
3190
3189
3189
3189
3189
3189
3189
3189
3189
3188
3188
3188
3188
3188
3188
3187
3187
3187
3187
3187
3186
3186
3186
3186
3186
3185
3185
3185
3185
3184
3184
3184
3184
3184
3184
3184
3184
3184
3184
3184
3183
3183
3183
3183
3183
3183
3183
3183
3182
3182
3182
3182
3182
3182
3182
3182
3181
3181
3181
3181
3181
3181
3181
3181
3181
3181
3181
3181
3181
3180
3180
3180
3180
3180
3180
3179
3179
3179
3179
3179
3179
3179
3179
3179
3178
3178
3178
3178
3177
3177
3177
3177
3177
3177
3177
3176
3176
3176
3176
3176
3175
3175
3175
3175
3175
3175
3175
3175
3174
3174
3174
3174
3173
3173
3173
3173
3173
3173
3173
3172
3172
3172
3172
3172
3172
3172
3171
3171
3171
3171
3171
3171
3171
3171
3170
3170
3170
3170
3169
3169
3169
3169
3168
3168
3168
3168
3168
3168
3168
3168
3167
3167
3167
3167
3167
3167
3167
3167
3167
3167
3167
3167
3166
3166
3166
3166
3166
3166
3166
3166
3166
3165
3165
3165
3165
3165
3165
3165
3164
3164
3164
3164
3164
3164
3164
3163
3163
3163
3163
3163
3162
3162
3162
3162
3162
3162
3162
3161
3161
3161
3161
3161
3161
3161
3160
3160
3160
3160
3160
3160
3160
3159
3159
3159
3159
3159
3159
3159
3159
3158
3158
3158
3158
3158
3158
3157
3157
3157
3157
3157
3157
3157
3156
3156
3156
3156
3156
3156
3156
3156
3155
3155
3155
3155
3155
3155
3155
3155
3155
3154
3154
3154
3154
3154
3154
3154
3154
3153
3153
3153
3153
3153
3153
3153
3153
3153
3152
3152
3152
3152
3152
3152
3152
3151
3151
3151
3151
3151
3151
3151
3151
3150
3150
3150
3150
3150
3150
3150
3150
3149
3149
3149
3149
3149
3149
3149
3148
3148
3148
3148
3148
3148
3148
3148
3148
3148
3148
3148
3148
3147
3147
3147
3147
3146
3146
3146
3146
3146
3146
3146
3145
3145
3145
3145
3145
3145
3144
3144
3144
3144
3144
3144
3144
3143
3143
3143
3143
3143
3143
3143
3143
3142
3142
3142
3142
3142
3142
3142
3142
3142
3142
3142
3142
3141
3141
3141
3140
3140
3140
3140
3140
3140
3140
3140
3139
3139
3139
3139
3139
3139
3138
3138
3137
3137
3137
3137
3137
3137
3137
3137
3137
3137
3136
3136
3136
3136
3136
3136
3136
3136
3136
3136
3135
3135
3135
3135
3135
3135
3134
3134
3134
3134
3133
3133
3133
3133
3133
3133
3133
3133
3133
3133
3133
3133
3133
3133
3132
3132
3132
3131
3131
3131
3131
3131
3131
3131
3131
3131
3130
3130
3130
3130
3130
3130
3130
3130
3130
3130
3129
3129
3129
3129
3129
3129
3129
3129
3129
3129
3128
3128
3128
3128
3128
3128
3128
3127
3127
3127
3127
3127
3127
3126
3126
3126
3126
3126
3126
3126
3125
3125
3125
3125
3124
3124
3124
3124
3124
3124
3124
3124
3124
3124
3124
3123
3123
3123
3123
3123
3122
3122
3122
3122
3122
3122
3122
3121
3121
3121
3121
3121
3121
3121
3121
3121
3121
3120
3120
3120
3120
3120
3120
3119
3119
3119
3119
3119
3118
3118
3118
3118
3117
3117
3117
3117
3117
3116
3116
3116
3116
3116
3116
3115
3115
3115
3115
3115
3115
3115
3115
3115
3115
3115
3115
3114
3114
3113
3113
3113
3113
3113
3113
3113
3113
3113
3112
3112
3112
3112
3112
3112
3112
3112
3111
3111
3111
3111
3111
3111
3111
3111
3111
3111
3110
3110
3110
3110
3110
3110
3110
3109
3109
3109
3109
3109
3109
3109
3109
3109
3108
3108
3108
3108
3108
3108
3139
3108
3108
3108
3107
3107
3107
3107
3107
3107
3106
3106
3106
3106
3106
3106
3106
3105
3105
3105
3105
3105
3105
3105
3104
3104
3104
3104
3104
3104
3104
3103
3103
3103
3103
3103
3103
3103
3103
3103
3103
3103
3102
3102
3102
3102
3102
3102
3102
3102
3102
3102
3102
3101
3101
3101
3100
3100
3100
3100
3100
3100
3099
3099
3099
3099
3099
3099
3099
3099
3099
3099
3099
3099
3098
3098
3098
3098
3098
3098
3098
3098
3098
3097
3097
3097
3097
3097
3097
3097
3096
3096
3096
3096
3095
3095
3095
3095
3095
3095
3095
3095
3095
3095
3094
3094
3094
3094
3094
3093
3093
3093
3092
3092
3092
3092
3092
3092
3092
3092
3091
3091
3091
3091
3091
3091
3091
3090
3090
3090
3090
3090
3090
3090
3090
3089
3089
3089
3089
3089
3089
3089
3088
3088
3088
3088
3088
3088
3088
3088
3088
3087
3087
3087
3087
3087
3086
3086
3086
3086
3086
3086
3086
3086
3086
3085
3085
3085
3085
3085
3084
3084
3084
3084
3084
3084
3084
3084
3084
3083
3083
3083
3083
3083
3083
3083
3083
3083
3083
3083
3083
3083
3083
3083
3082
3082
3082
3082
3082
3082
3081
3081
3081
3081
3081
3081
3081
3081
3081
3081
3081
3080
3080
3080
3080
3080
3080
3080
3080
3080
3080
3080
3079
3079
3079
3079
3079
3079
3079
3079
3079
3079
3078
3078
3078
3078
3078
3078
3078
3077
3077
3077
3077
3077
3077
3077
3077
3076
3076
3076
3076
3076
3076
3075
3075
3075
3075
3075
3075
3075
3075
3075
3075
3074
3074
3074
3074
3074
3074
3074
3074
3073
3073
3073
3073
3073
3073
3073
3072
3072
3072
3072
3072
3072
3071
3071
3071
3071
3071
3070
3070
3070
3070
3070
3070
3070
3070
3069
3069
3069
3069
3069
3069
3069
3069
3068
3068
3068
3068
3068
3068
3068
3068
3068
3068
3068
3068
3067
3067
3067
3067
3067
3067
3067
3067
3067
3066
3066
3066
3066
3066
3066
3066
3066
3065
3065
3065
3065
3064
3064
3064
3064
3064
3064
3064
3063
3063
3063
3063
3063
3063
3063
3062
3062
3062
3062
3062
3062
3062
3062
3062
3062
3061
3061
3061
3061
3061
3061
3061
3060
3060
3060
3060
3060
3060
3060
3060
3060
3060
3060
3060
3059
3059
3059
3059
3059
3059
3059
3058
3058
3058
3058
3058
3058
3057
3057
3057
3057
3057
3057
3057
3057
3057
3057
3057
3057
3057
3056
3056
3056
3056
3056
3056
3056
3055
3055
3055
3055
3055
3055
3055
3055
3055
3054
3054
3054
3054
3054
3054
3054
3054
3054
3054
3053
3053
3053
3053
3053
3053
3052
3052
3052
3052
3052
3052
3052
3051
3051
3051
3051
3051
3051
3050
3050
3050
3050
3050
3050
3050
3049
3049
3049
3049
3049
3049
3049
3049
3048
3048
3048
3048
3048
3048
3048
3048
3048
3048
3048
3047
3047
3047
3047
3047
3047
3047
3047
3046
3046
3046
3046
3046
3046
3046
3046
3046
3046
3046
3045
3045
3045
3045
3045
3045
3045
3045
3045
3045
3044
3044
3044
3044
3044
3044
3044
3044
3043
3043
3043
3043
3043
3043
3043
3043
3043
3043
3043
3043
3043
3042
3042
3042
3042
3042
3042
3042
3042
3042
3041
3041
3041
3041
3041
3041
3040
3040
3040
3040
3040
3040
3040
3040
3039
3039
3039
3039
3039
3039
3039
3038
3038
3038
3038
3038
3038
3038
3037
3037
3037
3037
3037
3037
3037
3036
3036
3036
3035
3035
3035
3035
3035
3035
3035
3035
3034
3034
3034
3034
3034
3034
3033
3033
3033
3033
3033
3033
3033
3033
3033
3033
3033
3033
3032
3032
3032
3032
3032
3032
3032
3032
3032
3032
3032
3032
3032
3031
3031
3031
3031
3031
3031
3031
3031
3030
3030
3030
3030
3030
3030
3030
3029
3029
3029
3029
3029
3029
3029
3029
3029
3029
3029
3029
3028
3028
3028
3028
3027
3027
3027
3026
3026
3026
3026
3026
3026
3026
3026
3025
3025
3025
3025
3025
3025
3025
3025
3024
3024
3024
3024
3024
3024
3039
3024
3024
3024
3030
3023
3023
3023
3023
3023
3023
3023
3023
3023
3023
3022
3022
3022
3022
3022
3022
3022
3022
3022
3022
3021
3021
3021
3021
3021
3021
3021
3021
3020
3020
3020
3020
3020
3020
3020
3020
3020
3020
3020
3020
3020
3020
3019
3019
3019
3019
3019
3019
3019
3018
3018
3018
3018
3018
3018
3018
3018
3018
3018
3017
3017
3017
3017
3017
3017
3017
3017
3017
3017
3017
3017
3017
3016
3016
3016
3016
3016
3016
3016
3016
3016
3016
3016
3016
3015
3015
3015
3015
3015
3015
3015
3015
3015
3015
3014
3014
3014
3014
3014
3014
3014
3013
3013
3013
3013
3013
3013
3012
3012
3012
3012
3012
3012
3012
3011
3011
3011
3011
3011
3011
3011
3011
3011
3011
3010
3010
3010
3010
3010
3010
3010
3010
3009
3009
3009
3009
3009
3009
3009
3009
3009
3009
3009
3008
3008
3008
3008
3008
3008
3008
3008
3008
3008
3008
3007
3018
3007
3007
3007
3007
3007
3006
3006
3006
3006
3006
3006
3005
3005
3005
3005
3005
3005
3005
3005
3005
3005
3005
3005
3005
3004
3004
3004
3004
3004
3004
3004
3004
3004
3004
3003
3003
3003
3003
3003
3003
3003
3003
3003
3003
3003
3002
3002
3002
3002
3002
3002
3002
3002
3002
3002
3002
3001
3001
3001
3001
3001
3001
3001
3001
3001
3001
3001
3000
3000
3000
3000
3000
3000
3000
3000
3000
