362374
356278
351867
336980
329876
310109
305579
287779
286059
284813
280767
276183
271938
258203
253200
250688
248214
246569
245846
242991
240056
234606
227633
218522
213986
213891
208399
202700
199253
188102
187493
184292
182172
177552
176000
172239
170082
169327
167611
163997
162869
162859
162382
153729
151427
150627
149102
147725
146590
146522
144237
143243
141731
141556
141542
140490
138779
138061
137106
136407
135666
135219
134569
133069
131489
131344
131154
131017
130925
130627
129607
125247
123136
122958
122747
121411
118148
117360
117186
117091
116606
113676
113452
113216
112556
111938
111816
110803
110318
110272
108376
108350
108098
108062
107621
106872
105542
105155
104168
103725
103706
103241
102886
102589
101649
101252
101111
100988
100703
100326
100186
99732
99583
99388
99118
99106
98025
97835
97780
96691
95668
95466
95418
95403
95179
94947
94875
94768
94262
93655
93548
93143
92880
92575
91921
91843
91009
90928
90052
89991
89956
89602
89549
89314
89062
88868
88784
88436
88359
88272
87752
87660
87299
86886
86851
86286
86208
86125
85518
85488
85019
84965
84858
84830
84049
83599
83331
82852
82689
82126
82116
81870
81653
81586
81562
81032
80958
80653
80513
80237
80121
79489
79329
79278
78965
78816
78646
78541
78392
78297
78264
77929
77902
77826
77478
76967
76924
76876
76648
76446
76141
76122
76118
76056
75192
75116
75107
74938
74920
74843
74829
74570
74540
74536
74405
73991
73115
73099
73054
73039
72927
72817
72811
72716
72514
72177
72175
72091
71847
71780
71722
71627
71625
70604
70487
70288
70033
69954
69892
69825
69818
69637
69587
69482
69320
68925
68893
68811
68533
68322
68276
67551
67205
67108
66342
66238
66105
66073
65996
65755
65654
65653
65586
65515
65438
65337
65286
65283
65282
65085
65005
64846
64611
64384
64185
64061
63988
63900
63758
63673
63496
63434
63227
63020
62986
62808
62721
62651
62118
62054
61939
61908
61834
61483
61306
61233
61123
61098
61107
61018
60866
60820
60707
60635
60366
60339
60310
60149
60125
60004
60000
59944
59772
59620
59608
59548
59547
59532
59519
59494
59361
59157
58837
58825
58795
58736
58728
58659
58553
58455
58390
58389
58362
58080
57939
57937
57931
57773
57511
57485
57331
57260
57121
57091
57024
57022
56963
56959
56931
56885
56864
56851
56816
56742
56646
56630
56504
56400
56350
56095
55902
55885
55758
55755
55734
55721
55632
55564
55526
55398
54946
54524
54514
54453
54440
54426
54402
54248
54187
54182
54065
53928
53914
53884
53864
53560
53523
53522
53399
53371
53277
53261
53168
53058
53032
53008
52776
52594
52583
52559
52399
52351
52320
52134
52051
52035
51980
51872
51499
51340
51332
51218
51056
51014
51012
50989
50848
50827
50639
50560
50274
50089
50034
49812
49803
49772
49708
49694
49692
49669
49611
49508
49396
49288
49202
49118
49108
49104
48944
48922
48656
48604
48556
48499
48428
48415
48340
48263
48221
48201
48156
48112
48072
48025
47931
47906
47813
47812
47593
47561
47428
47382
47370
47328
47118
47106
47051
47020
47017
46730
46690
46681
46668
46663
46557
46314
46268
46224
46151
46131
46099
45768
45717
45657
45628
45601
45572
45540
45475
45466
45460
45349
45295
45208
45208
45116
45063
44951
44827
44826
44809
44758
44713
44580
44567
44476
44409
44291
44238
44161
44148
44101
44035
44001
43992
43924
43922
43911
43861
43834
43761
43640
43622
43555
43544
43461
43430
43354
43242
43231
43171
43117
43012
42973
42913
42892
42887
42759
42636
42587
42580
42568
42444
42422
42376
42374
42305
42160
41999
41941
41939
41927
41908
41900
41871
41607
41687
41622
41611
41592
41575
41523
41510
41503
41496
41448
41415
41387
41141
41121
41095
41029
41023
41021
40990
40981
40895
40866
40843
40796
40727
40677
40626
40548
40523
40490
40482
40423
40368
40362
40355
40352
40277
40275
40272
40254
40240
40235
40166
40143
40083
40042
40039
40027
39976
39887
39834
39807
39778
39752
39715
39707
39580
39520
39484
39391
39330
39315
39309
39282
39248
39186
39078
39076
39071
39054
39023
39019
39008
38980
38964
38962
38943
38874
38854
38824
38767
38692
38654
38633
38603
38545
38509
38498
38382
38347
38339
38319
38308
38289
38238
38198
38164
38161
38146
38110
37861
37859
37818
37732
37724
37718
37684
37666
37646
37549
37539
37496
37489
37424
37419
37369
37311
37288
37285
37284
37280
37220
37192
37183
37136
37135
37113
37089
36955
36942
36909
36903
36893
36818
36785
36762
36726
36690
36641
36619
36615
36609
36567
36566
36539
36492
36414
36345
36336
36333
36316
36270
36270
36233
36220
36219
36207
36193
36169
36082
35994
35985
35945
35919
35899
35834
35809
35761
35700
35650
35615
35590
35551
35515
35499
35425
35420
35419
35379
35370
35334
35310
35290
35207
35196
35186
35166
35144
35132
35113
35111
35097
35058
35006
34992
34988
34939
34937
34934
34924
34898
34889
34888
34878
34873
34871
34728
34715
34657
34656
34643
34591
34572
34533
34529
34512
34505
34500
34464
34456
34454
34424
34414
34384
34342
34335
34320
34301
34287
34238
34222
34148
34116
34077
34053
34014
34008
33990
33973
33960
33945
33929
33920
33910
33845
33810
33805
33766
33726
33713
33699
33686
33649
33601
33595
33584
33584
33509
33509
33505
33470
33412
33381
33347
33341
33333
33321
33304
33291
33182
33165
33160
33145
33108
33101
33077
33069
33004
32927
32958
32900
32879
32878
32871
32853
32832
32819
32808
32806
32781
32737
32722
32701
32689
32688
32678
32656
32648
32617
32564
32558
32547
32501
32499
32467
32418
32409
32381
32367
32362
32358
32340
32313
32289
32257
32254
32207
32161
32155
32126
32124
32120
32104
32078
32064
32053
32015
32006
31996
31990
31965
31949
31935
31922
31919
31892
31882
31818
31812
31795
31783
31755
31637
31594
31593
31565
31487
31435
31432
31430
31404
31404
31395
31368
31358
31311
31276
31249
31215
31213
31178
31127
31127
31114
31090
31076
31074
31062
31046
31036
30980
30962
30909
30908
30906
30901
30840
30823
30802
30779
30775
30766
30765
30731
30675
30664
30606
30601
30598
30571
30560
30553
30450
30431
30415
30402
30398
30344
30300
30201
30198
30197
30168
30151
30138
30052
30042
30018
29989
29988
29982
29950
29909
29907
29895
29893
29862
29860
29832
29829
29824
29789
29754
29726
29718
29643
29639
29631
29630
29558
29550
29550
29527
29522
29518
29475
29444
29426
29415
29410
29408
29392
29386
29361
29356
29338
29334
29334
29315
29301
29300
29235
29217
29189
29188
29187
29184
29143
29119
29082
29074
29060
29056
29048
29035
28985
28929
28919
28887
28873
28871
28833
28811
28826
28788
28787
28779
28736
28728
28707
28679
28655
28653
28647
28644
28630
28606
28552
28544
28493
28459
28444
28428
28360
28337
28302
28291
28286
28284
28272
28215
28212
28204
28173
28133
28128
28104
28067
28063
28052
28047
28037
27990
27990
27987
27967
27959
27897
27881
27879
27873
27869
27863
27837
27816
27785
27779
27769
27732
27731
27721
27720
27708
27685
27680
27633
27603
27586
27569
27528
27514
27506
27502
27487
27486
27466
27465
27450
27441
27416
27413
27360
27358
27353
27338
27325
27318
27263
27202
27145
27141
27139
27136
27150
27076
27068
27036
27009
27003
27002
26996
26993
26920
26917
26904
26893
26867
26857
26846
26843
26823
26817
26805
26783
26753
26746
26743
26741
26739
26709
26709
26703
26702
26673
26639
26633
26608
26599
26582
26557
26533
26525
26514
26485
26476
26465
26459
26453
26437
26422
26418
26357
26325
26284
26271
26139
26123
26119
26107
26083
26075
26063
26045
26024
26019
26001
25987
25984
25971
25968
25967
25965
25935
25891
25871
25865
25859
25849
25835
25812
25803
25785
25780
25779
25763
25709
25697
25675
25663
25659
25644
25634
25620
25617
25591
25577
25569
25556
25540
25523
25499
25497
25495
25495
25494
25493
25477
25466
25454
25443
25440
25432
25431
25429
25417
25414
25413
25403
25395
25378
25363
25360
25353
25353
25311
25308
25304
25290
25279
25274
25254
25230
25221
25199
25181
25180
25165
25148
25138
25113
25111
25108
25095
25055
25043
25007
24998
24981
24968
24961
24928
24925
24882
24867
24855
24846
24839
24772
24769
24755
24753
24718
24717
24713
24698
24690
24689
24671
24667
24660
24657
24647
24639
24630
24626
24616
24615
24611
24601
24598
24593
24590
24589
24562
24535
24524
24524
24492
24481
24460
24455
24451
24440
24433
24411
24399
24394
24386
24383
24382
24376
24358
24357
24349
24345
24342
24323
24289
24289
24265
24261
24231
24214
24212
24200
24188
24186
24179
24123
24117
24037
24035
24023
24015
24015
24004
24001
23992
23980
23968
23965
23956
23948
23944
23941
23919
23911
23910
23886
23885
23876
23871
23867
23835
23835
23829
23820
23818
23809
23804
23776
23737
23721
23716
23685
23683
23678
23662
23652
23646
23641
23615
23613
23586
23569
23563
23560
23530
23494
23490
23485
23457
23446
23433
23432
23409
23388
23385
23371
23367
23328
23325
23308
23307
23269
23267
23266
23251
23236
23235
23218
23218
23197
23181
23152
23116
23113
23108
23104
23101
23075
23072
23071
23069
23051
23033
23016
22994
22989
22987
22985
22973
22955
22944
22928
22918
22900
22899
22893
22884
22879
22858
22858
22858
22837
22824
22814
22810
22807
22798
22786
22774
22767
22736
22727
22724
22718
22708
22705
22703
22692
22679
22658
22609
22601
22598
22567
22560
22559
22534
22524
22505
22503
22495
22485
22483
22472
22472
22469
22449
22418
22402
22401
22393
22388
22387
22358
22330
22302
22301
22268
22263
22261
22260
22251
22241
22229
22228
22218
22216
22201
22200
22199
22195
22183
22167
22165
22164
22155
22140
22126
22105
22100
22099
22094
22070
22069
22068
22065
22051
22049
22041
22036
22014
22000
21999
21984
21981
21978
21969
21963
21935
21932
21927
21915
21913
21861
21861
21856
21848
21839
21803
21793
21792
21762
21755
21750
21747
21741
21740
21730
21725
21722
21713
21707
21697
21688
21677
21673
21658
21642
21641
21639
21634
21617
21610
21603
21601
21595
21591
21584
21578
21570
21569
21566
21561
21548
21541
21515
21504
21482
21458
21449
21444
21441
21436
21421
21421
21418
21379
21353
21347
21339
21337
21332
21322
21300
21299
21274
21273
21259
21252
21248
21228
21226
21220
21215
21211
21211
21211
21209
21209
21201
21201
21186
21152
21126
21121
21115
21098
21097
21095
21091
21088
21087
21083
21068
21068
21059
21059
21057
21042
21040
21032
21011
21008
21008
21001
21000
20979
20951
20942
20940
20929
20922
20911
20900
20898
20896
20890
20889
20888
20879
20875
20837
20816
20804
20803
20796
20788
20784
20778
20768
20759
20757
20745
20744
20739
20737
20725
20699
20695
20681
20678
20674
20669
20668
20655
20652
20640
20635
20631
20630
20625
20622
20618
20616
20616
20575
20573
20560
20530
20526
20526
20497
20490
20489
20464
20460
20445
20431
20424
20422
20416
20412
20408
20410
20405
20401
20381
20373
20373
20358
20350
20350
20346
20345
20333
20323
20322
20309
20304
20303
20302
20300
20294
20281
20264
20263
20259
20252
20244
20242
20241
20239
20238
20237
20233
20232
20218
20218
20211
20206
20205
20196
20185
20174
20171
20161
20108
20107
20106
20100
20090
20075
20073
20069
20044
20044
20043
20029
20022
20014
20013
20008
19998
19998
19967
19964
19963
19951
19948
19941
19932
19929
19927
19926
19923
19912
19907
19892
19892
19892
19870
19867
19835
19814
19788
19788
19773
19756
19748
19744
19730
19720
19715
19701
19690
19687
19680
19673
19661
19656
19650
19646
19639
19622
19615
19609
19608
19607
19606
19606
19605
19604
19596
19592
19592
19589
19588
19588
19578
19574
19550
19534
19510
19510
19507
19506
19502
19497
19485
19456
19449
19443
19411
19405
19395
19384
19382
19379
19376
19365
19362
19341
19330
19328
19322
19320
19303
19301
19299
19294
19293
19291
19279
19277
19268
19266
19264
19250
19250
19247
19234
19117
19224
19190
19184
19183
19174
19172
19169
19150
19148
19143
19139
19136
19127
19121
19109
19104
19102
19099
19088
19085
19081
19079
19074
19056
19039
19038
19037
19022
19008
19004
18997
18989
18982
18974
18969
18966
18965
18959
18943
18936
18930
18924
18916
18880
18879
18872
18863
18859
18854
18847
18846
18845
18827
18817
18815
18813
18805
18804
18801
18791
18789
18762
18757
18748
18744
18741
18740
18734
18721
18721
18698
18691
18690
18688
18682
18666
18660
18655
18650
18642
18642
18638
18629
18612
18611
18602
18597
18597
18588
18581
18574
18589
18571
18548
18536
18515
18509
18502
18501
18494
18481
18473
18471
18470
18464
18460
18456
18453
18444
18439
18437
18432
18422
18419
18411
18391
18389
18387
18385
18381
18378
18376
18374
18359
18357
18356
18353
18335
18333
18330
18286
18278
18276
18273
18269
18267
18266
18261
18252
18247
18239
18230
18220
18219
18218
18205
18191
18188
18169
18168
18167
18166
18159
18156
18156
18154
18153
18151
18151
18138
18123
18105
18102
18101
18094
18081
18080
18080
18061
18055
18039
18024
18021
18019
18016
18016
18014
18008
18007
18006
18005
17995
17984
17976
17974
17969
17957
17955
17948
17947
17925
17918
17915
17906
17900
17900
17896
17885
17884
17883
17880
17876
17874
17848
17838
17837
17817
17816
17810
17800
17799
17792
17786
17785
17784
17781
17781
17778
17761
17759
17757
17747
17744
17741
17740
17728
17725
17709
17709
17706
17703
17694
17690
17690
17688
17675
17672
17668
17655
17654
17643
17629
17628
17617
17612
17611
17604
17600
17597
17596
17596
17583
17581
17575
17572
17567
17555
17553
17548
17544
17541
17539
17529
17527
17519
17517
17508
17505
17499
17495
17495
17477
17477
17470
17465
17455
17451
17440
17432
17424
17420
17416
17413
17412
17411
17408
17405
17386
17382
17369
17357
17347
17345
17330
17327
17324
17317
17310
17303
17291
17288
17281
17279
17278
17271
17271
17267
17266
17255
17253
17249
17244
17239
17235
17234
17232
17218
17216
17180
17179
17166
17166
17158
17153
17152
17142
17139
17138
17127
17122
17113
17113
17102
17094
17083
17079
17078
17061
17061
17036
17030
17022
17021
17020
17019
17006
16997
16992
16991
16986
16963
16961
16959
16958
16953
16942
16942
16941
16932
16926
16919
16911
16904
16888
16874
16871
16868
16865
16865
16854
16854
16850
16839
16837
16801
16800
16796
16786
16784
16776
16773
16767
16762
16751
16728
16727
16716
16708
16701
16692
16686
16675
16675
16674
16671
16664
16644
16638
16628
16615
16611
16603
16601
16596
16596
16592
16590
16584
16582
16549
16541
16540
16539
16534
16525
16513
16498
16496
16496
16487
16484
16483
16477
16465
16452
16444
16429
16428
16425
16421
16418
16405
16399
16395
16394
16381
16377
16366
16364
16361
16360
16360
16359
16353
16350
16350
16346
16346
16338
16323
16323
16315
16313
16311
16293
16285
16282
16281
16275
16269
16266
16265
16257
16255
16245
16243
16240
16219
16208
16207
16205
16187
16186
16177
16177
16176
16163
16181
16144
16143
16143
16136
16136
16135
16131
16130
16126
16122
16121
16119
16119
16115
16114
16109
16109
16104
16091
16080
16079
16071
16071
16068
16063
16060
16053
16041
16030
16017
16015
16005
16002
16001
15998
15985
15984
15981
15968
15966
15965
15962
15957
15949
15949
15943
15941
15940
15934
15928
15923
15923
15921
15919
15909
15904
15904
15899
15897
15888
15883
15876
15874
15872
15868
15866
15865
15865
15864
15861
15859
15857
15832
15828
15827
15823
15808
15803
15800
15796
15790
15781
15774
15774
15772
15769
15767
15761
15748
15746
15744
15741
15735
15732
15731
15729
15729
15719
15703
15680
15670
15669
15662
15662
15658
15658
15654
15642
15633
15628
15627
15625
15617
15603
15600
15597
15594
15592
15587
15573
15567
15560
15560
15556
15552
15548
15543
15541
15539
15533
15531
15524
15507
15492
15488
15487
15469
15463
15446
15444
15435
15434
15433
15428
15427
15425
15418
15413
15407
15404
15403
15397
15385
15383
15383
15368
15362
15361
15360
15353
15352
15348
15348
15341
15341
15335
15333
15333
15332
15330
15326
15323
15323
15323
15317
15317
15314
15307
15293
15290
15288
15281
15281
15279
15276
15271
15270
15265
15262
15261
15260
15192
15256
15247
15235
15232
15231
15227
15226
15216
15214
15201
15190
15180
15175
15175
15173
15172
15169
15164
15159
15150
15149
15147
15146
15144
15139
15121
15121
15118
15115
15112
15103
15094
15091
15089
15087
15073
15071
15047
15044
15042
15041
15038
15035
15025
15021
15019
15013
15010
14999
14991
14990
14990
14978
14977
14972
14971
14969
14962
14961
14961
14957
14956
14950
14941
14927
14925
14923
14901
14900
14899
14896
14890
14890
14883
14883
14882
14875
14870
14867
14860
14858
14849
14845
14841
14840
14833
14833
14829
14828
14826
14819
14817
14816
14809
14807
14805
14785
14776
14774
14771
14766
14761
14754
14746
14743
14739
14736
14731
14731
14717
14702
14689
14688
14686
14681
14679
14676
14667
14665
14662
14652
14651
14649
14647
14632
14627
14619
14615
14609
14607
14598
14595
14595
14589
14586
14583
14581
14580
14579
14554
14554
14552
14552
14549
14543
14542
14541
14530
14513
14510
14506
14504
14504
14499
14499
14495
14484
14480
14359
14466
14462
14460
14457
14452
14449
14441
14436
14434
14423
14423
14415
14409
14401
14399
14398
14393
14391
14390
14386
14374
14355
14347
14346
14343
14341
14338
14335
14330
14326
14325
14323
14322
14318
14312
14306
14304
14296
14295
14295
14294
14291
14288
14285
14284
14277
14273
14271
14270
14269
14265
14259
14256
14256
14255
14246
14238
14237
14233
14233
14232
14221
14219
14211
14210
14205
14203
14199
14197
14181
14179
14177
14174
14165
14163
14157
14151
14149
14146
14136
14133
14128
14124
14121
14117
14112
14110
14106
14106
14101
14094
14094
14085
14081
14080
14075
14066
14064
14061
14056
14051
14047
14046
14045
14045
14044
14043
14041
14025
14025
14024
14019
14024
14017
14008
14003
14000
13999
13994
13991
13990
13987
13985
13984
13977
13954
13954
13950
13948
13946
13945
13939
13937
13921
13920
13913
13909
13906
13904
13901
13900
13892
13892
13891
13890
13875
13870
13867
13866
13866
13866
13865
13863
13861
13860
13857
13853
13851
13851
13840
13837
13833
13829
13824
13820
13819
13818
13818
13813
13812
13810
13807
13806
13803
13796
13792
13788
13787
13785
13784
13779
13756
13743
13741
13736
13734
13730
13729
13726
13726
13725
13723
13723
13721
13720
13715
13703
13700
13696
13694
13692
13688
13677
13670
13667
13666
13661
13658
13648
13632
13632
13626
13615
13605
13604
13600
13598
13593
13589
13587
13583
13578
13570
13563
13550
13547
13540
13536
13535
13533
13530
13529
13525
13517
13501
13499
13498
13497
13485
13483
13482
13480
13476
13475
13462
13461
13458
13458
13449
13442
13438
13436
13435
13422
13422
13421
13421
13411
13409
13408
13407
13401
13396
13387
13384
13381
13379
13379
13373
13372
13371
13369
13367
13363
13357
13351
13348
13345
13340
13336
13326
13325
13315
13313
13306
13304
13298
13295
13293
13288
13282
13276
13275
13271
13259
13255
13255
13252
13245
13245
13244
13240
13238
13238
13236
13234
13233
13222
13222
13220
13220
13219
13214
13212
13212
13210
13206
13204
13192
13187
13176
13171
13167
13164
13163
13161
13158
13154
13153
13153
13151
13150
13148
13147
13147
13143
13135
13131
13130
13121
13119
13116
13111
13107
13103
13102
13101
13096
13094
13093
13086
13084
13080
13078
13077
13072
13072
13067
13065
13062
13061
13059
13055
13048
13045
13041
13038
13037
13031
13031
13025
13018
13016
13011
13010
13005
13001
13001
12996
12993
12991
12985
12984
12984
12981
12979
12977
12976
12970
12968
12963
12960
12956
12952
12949
12949
12947
12947
12944
12943
12941
12939
12935
12933
12932
12929
12924
12923
12918
12910
12910
12908
12901
12900
12899
12899
12897
12896
12895
12891
12890
12886
12883
12882
12882
12880
12879
12875
12872
12866
12862
12861
12860
12853
12852
12841
12839
12830
12826
12822
12820
12815
12812
12810
12799
12798
12796
12794
12790
12790
12783
12782
12779
12765
12762
12762
12762
12761
12757
12756
12754
12747
12747
12746
12744
12738
12728
12726
12726
12724
12723
12718
12718
12717
12716
12713
12707
12706
12701
12698
12694
12694
12684
12676
12668
12663
12658
12658
12657
12656
12651
12644
12643
12642
12642
12637
12630
12629
12625
12624
12609
12605
12596
12592
12592
12581
12570
12568
12550
12548
12537
12537
12535
12529
12529
12526
12525
12524
12521
12513
12510
12505
12502
12497
12491
12490
12485
12484
12477
12469
12465
12462
12457
12449
12443
12440
12439
12426
12420
12413
12408
12408
12405
12404
12403
12403
12397
12397
12395
12394
12391
12382
12377
12377
12377
12371
12370
12367
12365
12361
12357
12355
12351
12351
12349
12344
12344
12344
12340
12339
12337
12336
12333
12329
12324
12320
12321
12315
12303
12303
12295
12291
12291
12286
12286
12282
12275
12272
12271
12270
12255
12254
12253
12252
12248
12247
12242
12241
12239
12236
12227
12227
12225
12224
12218
12216
12213
12210
12209
12203
12202
12202
12201
12194
12192
12178
12166
12160
12159
12149
12142
12138
12136
12135
12129
12128
12123
12121
12120
12115
12110
12109
12107
12104
12104
12104
12103
12102
12098
12096
12095
12092
12092
12091
12089
12087
12080
12079
12078
12073
12072
12066
12065
12057
12057
12057
12056
12053
12046
12045
12042
12041
12036
12034
12031
12026
12026
12019
12015
12014
12013
12011
12008
12007
12007
12005
11999
11997
11996
11990
11987
11982
11981
11977
11976
11975
11973
11970
11966
11965
11961
11958
11952
11950
11946
11939
11932
11931
11928
11922
11913
11912
11910
11910
11907
11903
11901
11895
11895
11892
11890
11890
11888
11882
11880
11877
11877
11876
11874
11866
11862
11862
11859
11856
11855
11852
11849
11844
11843
11841
11841
11841
11840
11840
11838
11837
11827
11826
11825
11822
11810
11808
11808
11804
11801
11798
11798
11798
11796
11794
11794
11794
11789
11785
11784
11782
11780
11779
11776
11775
11773
11772
11772
11771
11770
11764
11764
11761
11759
11750
11748
11745
11742
11738
11736
11735
11733
11732
11729
11728
11727
11726
11726
11723
11723
11719
11717
11714
11712
11708
11702
11700
11699
11697
11695
11694
11691
11688
11684
11684
11684
11679
11676
11674
11670
11669
11665
11665
11665
11654
11650
11649
11649
11648
11646
11641
11639
11635
11635
11631
11629
11626
11625
11624
11624
11617
11616
11614
11613
11603
11602
11596
11593
11593
11592
11592
11589
11586
11583
11580
11571
11568
11564
11562
11561
11559
11556
11551
11551
11547
11543
11542
11540
11536
11535
11534
11533
11530
11525
11525
11523
11520
11516
11516
11513
11507
11505
11505
11503
11503
11501
11491
11490
11489
11487
11483
11482
11480
11477
11469
11468
11456
11456
11456
11452
11451
11450
11444
11442
11441
11439
11438
11436
11435
11435
11430
11430
11421
11415
11409
11405
11403
11402
11400
11398
11394
11389
11389
11388
11385
11384
11383
11383
11375
11374
11367
11365
11362
11361
11352
11352
11350
11348
11341
11341
11341
11338
11337
11334
11333
11332
11329
11329
11326
11325
11325
11320
11320
11319
11319
11315
11314
11312
11309
11308
11302
11301
11299
11297
11295
11291
11286
11284
11282
11278
11277
11273
11273
11271
11267
11256
11255
11254
11252
11251
11251
11249
11245
11245
11245
11243
11242
11237
11234
11231
11231
11229
11229
11227
11224
11222
11221
11218
11214
11210
11202
11202
11202
11199
11198
11196
11192
11191
11191
11188
11187
11187
11186
11184
11182
11181
11180
11180
11179
11176
11176
11174
11173
11173
11172
11167
11162
11160
11160
11155
11151
11146
11138
11137
11134
11134
11133
11131
11119
11113
11107
11105
11094
11094
11091
11088
11082
11076
11074
11073
11071
11068
11064
11064
11064
11063
11055
11051
11051
11049
11048
11047
11043
11042
11038
11038
11036
11035
11034
11032
11028
11028
11021
11021
11019
11016
11014
11011
11009
11008
11007
11000
10992
10991
10989
10987
10987
10984
10983
10982
10982
10979
10978
10974
10971
10971
10969
10968
10968
10968
10965
10965
10963
10962
10957
10952
10950
10949
10948
10943
10940
10940
10937
10935
10932
10927
10925
10910
10906
10906
10905
10903
10898
10898
10895
10895
10894
10890
10890
10887
10887
10885
10883
10880
10879
10874
10873
10870
10868
10868
10863
10863
10862
10862
10859
10857
10854
10854
10848
10844
10844
10841
10839
10839
10838
10838
10836
10832
10827
10826
10826
10825
10822
10820
10820
10818
10818
10818
10814
10813
10808
10807
10804
10804
10798
10794
10794
10793
10788
10788
10784
10782
10781
10778
10776
10773
10770
10768
10768
10771
10764
10763
10762
10762
10757
10757
10756
10755
10751
10746
10740
10737
10736
10736
10735
10729
10727
10721
10721
10719
10716
10711
10707
10701
10700
10696
10694
10693
10692
10690
10687
10685
10680
10666
10665
10662
10659
10657
10654
10652
10650
10649
10649
10647
10645
10639
10636
10632
10632
10631
10627
10625
10623
10622
10619
10615
10614
10611
10608
10608
10604
10601
10600
10596
10589
10587
10582
10581
10581
10581
10578
10577
10576
10573
10572
10571
10569
10566
10566
10564
10563
10561
10560
10559
10559
10558
10557
10555
10551
10549
10543
10541
10541
10539
10537
10535
10531
10531
10528
10527
10526
10523
10523
10522
10520
10520
10512
10510
10504
10502
10502
10501
10501
10501
10500
10495
10495
10491
10491
10487
10483
10483
10482
10481
10480
10478
10474
10471
10470
10470
10468
10465
10464
10463
10459
10455
10451
10450
10449
10447
10444
10444
10440
10437
10436
10435
10434
10432
10429
10427
10427
10426
10425
10422
10422
10418
10414
10411
10410
10410
10407
10406
10401
10397
10394
10394
10394
10393
10391
10390
10390
10386
10386
10385
10385
10384
10383
10381
10380
10380
10379
10379
10378
10378
10376
10372
10370
10370
10363
10362
10357
10353
10353
10353
10347
10345
10345
10344
10343
10342
10339
10339
10334
10333
10328
10327
10312
10312
10306
10302
10301
10298
10297
10297
10295
10293
10288
10287
10286
10284
10283
10282
10281
10280
10279
10278
10276
10273
10270
10269
10269
10261
10254
10253
10252
10251
10250
10249
10245
10242
10241
10239
10238
10237
10236
10236
10229
10229
10227
10227
10218
10216
10216
10214
10214
10214
10213
10210
10207
10203
10194
10187
10186
10185
10185
10183
10182
10178
10175
10173
10163
10160
10158
10148
10145
10144
10144
10146
10140
10140
10138
10134
10134
10134
10132
10122
10119
10117
10117
10116
10114
10112
10106
10105
10104
10100
10097
10091
10090
10087
10086
10086
10085
10082
10082
10082
10080
10080
10078
10077
10077
10076
10071
10071
10070
10068
10067
10067
10066
10061
10058
10057
10056
10054
10053
10052
10048
10047
10046
10045
10043
10041
10040
10040
10040
10038
10037
10034
10029
10028
10028
10025
10024
10023
10022
10022
10021
10019
10016
10014
10010
10010
10010
10009
10009
10006
10003
10002
9999
9997
9996
9988
9988
9985
9981
9981
9979
9978
9978
9977
9976
9973
9972
9971
9971
9971
9970
9970
9969
9969
9968
9965
9960
9957
9955
9952
9949
9947
9947
9945
9945
9944
9944
9942
9941
9940
9935
9934
9934
9931
9926
9920
9918
9916
9910
9908
9906
9906
9898
9886
9885
9885
9883
9881
9881
9877
9876
9874
9873
9873
9872
9859
9857
9855
9847
9847
9846
9845
9845
9843
9841
9839
9839
9836
9829
9826
9823
9822
9821
9818
9815
9815
9814
9805
9802
9801
9800
9798
9794
9792
9792
9790
9787
9787
9786
9786
9784
9783
9783
9781
9777
9777
9772
9771
9771
9766
9765
9764
9762
9760
9759
9757
9756
9754
9754
9753
9753
9750
9749
9745
9740
9740
9737
9736
9736
9734
9733
9733
9731
9716
9716
9712
9712
9709
9708
9706
9706
9705
9701
9698
9698
9695
9694
9690
9687
9687
9685
9684
9683
9681
9681
9678
9676
9672
9669
9665
9663
9659
9657
9654
9651
9647
9643
9641
9637
9636
9635
9635
9634
9630
9630
9630
9626
9626
9625
9625
9624
9624
9620
9619
9615
9615
9615
9614
9609
9602
9600
9598
9594
9592
9591
9590
9582
9581
9580
9577
9576
9575
9572
9566
9565
9558
9556
9555
9555
9554
9551
9551
9550
9549
9547
9547
9544
9543
9543
9541
9537
9534
9531
9530
9530
9528
9525
9522
9521
9517
9517
9516
9515
9512
9507
9503
9502
9495
9491
9490
9488
9485
9484
9482
9480
9478
9477
9475
9473
9472
9471
9470
9465
9462
9457
9456
9456
9449
9449
9447
9446
9445
9445
9441
9440
9438
9438
9435
9434
9433
9433
9431
9430
9429
9428
9428
9423
9421
9421
9418
9416
9415
9411
9410
9409
9407
9407
9407
9405
9405
9402
9401
9401
9398
9398
9397
9394
9392
9389
9388
9387
9382
9381
9378
9376
9376
9372
9369
9368
9368
9364
9358
9358
9357
9356
9352
9346
9341
9341
9340
9338
9338
9337
9334
9333
9332
9328
9324
9321
9321
9320
9320
9319
9318
9315
9312
9311
9310
9310
9309
9304
9304
9299
9299
9298
9294
9293
9291
9291
9288
9288
9282
9279
9278
9277
9275
9273
9273
9272
9271
9266
9258
9257
9255
9254
9254
9253
9251
9249
9248
9248
9246
9245
9245
9243
9237
9237
9236
9235
9234
9233
9232
9231
9226
9226
9221
9218
9212
9211
9210
9208
9202
9201
9199
9197
9197
9196
9190
9188
9188
9187
9185
9185
9183
9181
9181
9179
9178
9176
9175
9175
9173
9173
9169
9167
9167
9167
9163
9161
9158
9156
9156
9154
9152
9146
9146
9144
9143
9141
9138
9133
9133
9131
9131
9131
9130
9130
9128
9128
9125
9125
9120
9118
9118
9113
9113
9112
9112
9108
9108
9108
9106
9105
9103
9102
9101
9098
9097
9097
9096
9091
9090
9090
9090
9089
9087
9085
9082
9082
9081
9079
9077
9068
9065
9063
9060
9060
9059
9058
9058
9055
9051
9048
9047
9045
9042
9040
9038
9037
9032
9029
9027
9027
9024
9022
9022
9021
9019
9011
9011
9010
9009
9009
9009
9007
9006
9003
9001
9000
8997
8995
8995
8994
8994
8993
8991
8984
8982
8981
8980
8978
8976
8973
8969
8966
8966
8965
8961
8960
8957
8957
8955
8954
8952
8952
8952
8950
8945
8943
8942
8941
8938
8937
8934
8933
8933
8932
8930
8930
8930
8928
8927
8925
8923
8920
8917
8916
8915
8914
8914
8912
8912
8907
8905
8904
8901
8898
8890
8889
8885
8884
8884
8883
8881
8876
8875
8874
8871
8869
8868
8866
8865
8865
8865
8859
8859
8859
8858
8856
8856
8847
8845
8844
8842
8842
8841
8841
8841
8839
8838
8836
8835
8834
8833
8832
8829
8829
8827
8827
8826
8825
8823
8821
8819
8819
8814
8812
8811
8810
8809
8808
8806
8805
8804
8803
8800
8800
8799
8799
8797
8795
8794
8791
8786
8786
8786
8780
8780
8779
8779
8779
8778
8777
8776
8771
8770
8768
8764
8764
8762
8761
8761
8761
8761
8760
8758
8755
8755
8750
8749
8748
8748
8746
8744
8743
8743
8742
8741
8739
8739
8738
8738
8736
8735
8730
8726
8726
8726
8725
8723
8722
8720
8716
8712
8711
8711
8711
8709
8705
8704
8703
8702
8701
8701
8699
8699
8698
8698
8697
8690
8689
8688
8687
8687
8687
8682
8675
8675
8674
8671
8667
8663
8661
8659
8658
8656
8654
8654
8653
8652
8652
8652
8650
8645
8642
8641
8639
8638
8638
8637
8637
8634
8633
8632
8631
8630
8630
8629
8628
8627
8626
8625
8625
8623
8622
8617
8614
8611
8610
8609
8603
8602
8600
8600
8600
8597
8596
8595
8594
8590
8588
8585
8585
8584
8583
8583
8583
8581
8581
8578
8578
8577
8576
8576
8572
8570
8568
8566
8565
8565
8564
8563
8555
8555
8555
8550
8547
8546
8545
8544
8557
8541
8539
8538
8537
8534
8532
8531
8530
8528
8527
8525
8524
8523
8523
8522
8522
8522
8521
8520
8517
8517
8517
8516
8515
8514
8513
8512
8511
8510
8510
8510
8509
8509
8508
8507
8506
8506
8505
8503
8502
8499
8494
8492
8491
8490
8490
8489
8486
8484
8483
8482
8481
8479
8479
8479
8478
8474
8474
8469
8469
8467
8467
8464
8462
8460
8455
8449
8446
8445
8445
8444
8442
8439
8438
8437
8436
8433
8433
8432
8431
8431
8427
8425
8425
8424
8422
8419
8418
8418
8412
8411
8410
8410
8410
8409
8408
8407
8407
8405
8405
8401
8401
8400
8399
8399
8397
8393
8393
8393
8393
8392
8392
8391
8390
8388
8386
8385
8382
8382
8381
8378
8377
8377
8376
8376
8375
8375
8374
8370
8365
8365
8362
8362
8360
8359
8355
8354
8354
8353
8350
8348
8347
8345
8344
8343
8343
8342
8341
8337
8337
8336
8332
8329
8328
8328
8328
8325
8324
8322
8322
8322
8321
8319
8318
8317
8315
8315
8314
8311
8311
8306
8302
8302
8301
8299
8299
8294
8294
8294
8292
8290
8289
8289
8289
8286
8285
8284
8283
8283
8277
8276
8275
8275
8274
8273
8272
8271
8267
8267
8263
8262
8261
8260
8260
8259
8259
8258
8258
8252
8252
8252
8251
8250
8248
8247
8246
8245
8244
8243
8243
8243
8241
8240
8239
8238
8238
8238
8237
8236
8231
8229
8228
8227
8227
8226
8226
8226
8221
8216
8215
8213
8213
8210
8209
8205
8203
8200
8200
8198
8198
8197
8197
8196
8193
8187
8184
8179
8178
8178
8178
8177
8177
8173
8173
8172
8170
8170
8169
8169
8164
8164
8163
8161
8153
8152
8149
8147
8145
8143
8142
8142
8142
8141
8141
8138
8137
8137
8136
8134
8133
8130
8128
8125
8123
8122
8122
8120
8118
8111
8111
8110
8108
8103
8103
8101
8101
8100
8100
8100
8098
8098
8094
8090
8090
8090
8089
8087
8082
8082
8081
8080
8079
8078
8075
8074
8074
8074
8071
8071
8068
8070
8067
8065
8062
8061
8059
8056
8056
8053
8053
8051
8050
8050
8049
8049
8049
8049
8048
8046
8045
8044
8043
8040
8039
8038
8037
8034
8033
8032
8030
8029
8026
8025
8025
8023
8021
8018
8018
8014
8014
8013
8012
8012
8011
8010
8006
8005
8004
8004
8004
8004
8002
8001
7998
7996
7995
7994
7991
7989
7988
7987
7987
7987
7986
7986
7985
7983
7982
7981
7978
7977
7975
7974
7970
7969
7969
7968
7967
7966
7964
7962
7961
7961
7961
7960
7956
7956
7954
7953
7952
7952
7945
7943
7941
7941
7939
7938
7937
7936
7935
7934
7934
7931
7930
7930
7930
7928
7928
7928
7928
7926
7926
7924
7924
7923
7919
7917
7915
7915
7914
7914
7914
7913
7912
7910
7908
7907
7907
7906
7906
7906
7905
7904
7899
7788
7895
7893
7890
7886
7885
7882
7881
7879
7879
7878
7875
7871
7870
7869
7868
7867
7866
7866
7864
7863
7862
7860
7860
7859
7859
7859
7855
7855
7854
7854
7851
7849
7846
7844
7842
7842
7842
7839
7837
7837
7835
7832
7832
7828
7828
7827
7827
7826
7826
7824
7821
7819
7819
7816
7815
7814
7813
7813
7810
7809
7806
7806
7805
7805
7802
7800
7798
7798
7797
7797
7796
7794
7794
7793
7793
7793
7791
7791
7789
7786
7785
7784
7784
7783
7783
7782
7782
7782
7781
7779
7778
7778
7777
7775
7775
7774
7774
7772
7772
7772
7768
7767
7765
7765
7762
7762
7759
7758
7756
7756
7753
7748
7747
7744
7743
7743
7742
7740
7738
7738
7737
7735
7735
7734
7734
7733
7731
7731
7728
7726
7725
7724
7724
7723
7722
7721
7719
7717
7716
7716
7714
7712
7711
7710
7709
7708
7708
7708
7708
7705
7705
7705
7704
7704
7702
7701
7697
7694
7693
7691
7691
7688
7687
7687
7686
7685
7685
7684
7684
7683
7682
7680
7679
7679
7678
7676
7676
7675
7674
7674
7672
7672
7671
7670
7669
7668
7665
7663
7663
7663
7663
7660
7658
7657
7654
7654
7652
7651
7650
7649
7649
7649
7648
7646
7644
7644
7644
7643
7642
7642
7635
7635
7631
7631
7631
7630
7629
7628
7625
7625
7624
7624
7623
7622
7621
7620
7619
7617
7615
7613
7613
7612
7610
7610
7610
7609
7607
7607
7606
7605
7605
7604
7603
7599
7597
7594
7594
7593
7592
7591
7591
7587
7583
7582
7579
7579
7576
7576
7573
7572
7572
7572
7570
7568
7565
7565
7563
7563
7562
7562
7562
7561
7560
7559
7557
7556
7555
7555
7555
7554
7552
7551
7550
7550
7548
7547
7544
7544
7543
7543
7541
7538
7537
7536
7535
7535
7535
7535
7534
7534
7532
7527
7527
7527
7526
7525
7525
7525
7522
7522
7520
7520
7516
7515
7515
7514
7514
7514
7513
7511
7507
7507
7506
7505
7503
7502
7502
7501
7500
7499
7499
7498
7497
7493
7492
7492
7491
7490
7490
7489
7486
7486
7485
7485
7484
7481
7481
7479
7478
7478
7474
7473
7473
7470
7470
7469
7469
7463
7463
7461
7459
7458
7458
7457
7456
7456
7455
7454
7454
7454
7454
7452
7452
7452
7451
7449
7448
7447
7446
7445
7443
7442
7442
7440
7438
7437
7437
7436
7435
7433
7433
7433
7433
7431
7431
7426
7425
7423
7422
7422
7421
7420
7420
7418
7418
7414
7412
7412
7411
7411
7410
7408
7408
7403
7403
7398
7395
7394
7394
7393
7393
7392
7391
7391
7390
7390
7389
7389
7389
7389
7389
7388
7387
7387
7387
7385
7384
7379
7378
7377
7377
7377
7376
7376
7374
7374
7373
7372
7372
7371
7370
7370
7369
7368
7367
7364
7364
7359
7358
7358
7358
7356
7355
7355
7354
7352
7352
7348
7347
7347
7346
7346
7346
7344
7342
7342
7339
7337
7337
7337
7333
7332
7330
7330
7327
7327
7327
7327
7326
7325
7324
7323
7323
7320
7320
7319
7319
7315
7315
7314
7313
7312
7311
7310
7309
7308
7300
7300
7299
7299
7298
7298
7297
7297
7297
7296
7294
7294
7291
7290
7288
7287
7285
7285
7284
7283
7283
7280
7278
7278
7276
7275
7274
7272
7272
7270
7270
7269
7269
7266
7265
7262
7260
7260
7260
7258
7258
7257
7254
7252
7252
7249
7248
7247
7246
7246
7246
7246
7245
7244
7243
7243
7242
7242
7240
7239
7237
7236
7234
7234
7232
7229
7229
7229
7226
7225
7223
7222
7220
7219
7217
7216
7215
7213
7213
7213
7212
7212
7211
7211
7209
7208
7208
7205
7205
7204
7204
7203
7201
7198
7198
7195
7195
7194
7192
7192
7192
7189
7189
7189
7187
7187
7186
7184
7184
7184
7184
7183
7181
7181
7180
7178
7176
7175
7174
7174
7173
7172
7170
7170
7169
7167
7165
7163
7162
7162
7162
7161
7160
7160
7157
7156
7156
7155
7155
7154
7153
7152
7152
7178
7151
7150
7148
7148
7146
7146
7145
7144
7143
7143
7141
7141
7138
7137
7136
7135
7133
7133
7133
7132
7131
7130
7129
7129
7127
7125
7124
7123
7121
7119
7119
7119
7117
7116
7115
7114
7114
7111
7108
7105
7105
7104
7103
7102
7101
7100
7100
7100
7100
7099
7093
7092
7092
7090
7089
7088
7088
7087
7087
7086
7084
7084
7083
7083
7083
7081
7079
7086
7078
7078
7077
7074
7074
7072
7070
7070
7069
7069
7069
7068
7068
7067
7066
7065
7065
7064
7064
7063
7060
7057
7056
7055
7054
7054
7053
7052
7052
7052
7051
7049
7047
7047
7047
7046
7046
7046
7045
7045
7044
7042
7042
7041
7041
7038
7036
7036
7036
7035
7035
7034
7034
7031
7030
7030
7030
7029
7029
7027
7027
7027
7027
7027
7023
7021
7020
7020
7020
7019
7018
7017
7011
7011
7011
7010
7009
7008
7007
7007
7007
7005
7004
7003
7002
7001
7001
7000
7000
6997
6995
6995
6994
6994
6994
6993
6991
6990
6990
6988
6987
6984
6984
6983
6982
6980
6979
6979
6979
6979
6977
6974
6974
6973
6972
6972
6972
6972
6971
6971
6971
6969
6969
6968
6966
6966
6964
6963
6963
6962
6962
6960
6959
6955
6952
6950
6948
6947
6947
6947
6943
6942
6942
6941
6940
6940
6939
6937
6936
6935
6935
6935
6933
6931
6931
6930
6930
6930
6929
6929
6927
6927
6926
6926
6923
6923
6922
6922
6920
6920
6920
6918
6918
6917
6916
6914
6914
6913
6909
6906
6904
6904
6904
6904
6903
6901
6901
6899
6898
6898
6895
6894
6894
6893
6893
6892
6888
6886
6886
6881
6879
6879
6878
6877
6876
6875
6875
6873
6872
6872
6872
6871
6870
6868
6867
6867
6866
6866
6866
6866
6864
6862
6862
6862
6861
6861
6861
6860
6860
6858
6858
6857
6854
6853
6853
6852
6852
6852
6851
6851
6851
6850
6850
6850
6848
6846
6845
6844
6844
6842
6840
6839
6839
6838
6837
6837
6834
6831
6831
6827
6826
6822
6822
6821
6821
6820
6819
6819
6818
6816
6816
6815
6814
6814
6812
6812
6811
6809
6805
6805
6805
6804
6801
6799
6798
6798
6798
6797
6796
6795
6793
6791
6788
6788
6787
6786
6780
6780
6780
6779
6779
6778
6778
6774
6774
6772
6771
6767
6766
6765
6765
6763
6762
6760
6759
6757
6755
6754
6754
6749
6749
6748
6747
6747
6744
6744
6744
6742
6742
6741
6739
6737
6627
6737
6737
6734
6733
6731
6730
6729
6729
6729
6727
6727
6727
6726
6726
6725
6725
6724
6723
6723
6723
6723
6722
6721
6720
6718
6717
6716
6716
6714
6714
6713
6712
6712
6711
6711
6711
6711
6710
6710
6709
6709
6708
6707
6704
6704
6704
6703
6702
6701
6700
6699
6696
6695
6694
6694
6685
6682
6682
6679
6678
6678
6677
6677
6677
6675
6675
6674
6673
6673
6672
6672
6672
6672
6670
6667
6667
6666
6665
6661
6661
6658
6653
6653
6651
6651
6649
6648
6648
6646
6646
6645
6645
6644
6643
6643
6641
6637
6636
6636
6634
6634
6632
6631
6631
6629
6628
6626
6625
6625
6625
6625
6623
6623
6622
6621
6621
6621
6620
6620
6620
6620
6616
6615
6615
6615
6613
6612
6612
6610
6608
6607
6607
6606
6602
6601
6601
6599
6599
6597
6596
6595
6595
6595
6594
6594
6594
6593
6592
6591
6586
6585
6583
6580
6580
6579
6578
6578
6577
6576
6575
6575
6570
6570
6569
6568
6568
6568
6568
6567
6566
6566
6566
6565
6565
6564
6564
6562
6561
6561
6560
6559
6559
6559
6558
6557
6556
6556
6554
6553
6551
6550
6549
6548
6548
6548
6548
6548
6547
6547
6546
6546
6546
6545
6544
6542
6541
6541
6540
6540
6539
6538
6538
6537
6536
6535
6534
6534
6533
6533
6532
6532
6531
6530
6529
6528
6528
6527
6525
6523
6523
6522
6522
6521
6521
6521
6521
6520
6520
6517
6517
6517
6516
6516
6515
6514
6513
6513
6513
6512
6512
6511
6510
6510
6509
6508
6508
6508
6507
6507
6506
6506
6505
6503
6502
6502
6502
6500
6498
6498
6498
6497
6497
6497
6496
6494
6493
6491
6488
6488
6487
6486
6483
6483
6482
6479
6478
6476
6476
6474
6471
6470
6469
6468
6468
6467
6466
6465
6464
6461
6461
6459
6458
6456
6456
6455
6455
6454
6454
6454
6452
6452
6464
6449
6449
6448
6448
6447
6447
6447
6446
6446
6446
6445
6444
6443
6443
6442
6442
6441
6440
6438
6437
6437
6436
6435
6434
6434
6433
6432
6431
6430
6429
6429
6425
6425
6422
6422
6422
6419
6418
6418
6416
6414
6413
6412
6411
6411
6410
6410
6410
6409
6408
6407
6407
6406
6401
6401
6400
6399
6398
6396
6393
6391
6390
6389
6388
6387
6387
6386
6386
6386
6386
6385
6385
6384
6383
6383
6382
6381
6380
6379
6379
6378
6378
6378
6376
6375
6373
6373
6371
6371
6367
6365
6364
6364
6362
6362
6361
6361
6357
6357
6355
6355
6354
6353
6353
6353
6352
6352
6352
6350
6350
6349
6348
6348
6348
6347
6347
6346
6346
6343
6342
6342
6341
6340
6338
6335
6335
6334
6334
6333
6333
6332
6332
6331
6331
6330
6329
6329
6329
6328
6327
6327
6326
6325
6323
6322
6322
6320
6319
6318
6316
6316
6316
6316
6315
6315
6315
6314
6313
6311
6310
6309
6306
6305
6304
6303
6301
6300
6299
6299
6298
6298
6298
6298
6297
6297
6296
6296
6295
6294
6294
6294
6293
6293
6292
6289
6288
6287
6285
6283
6282
6282
6282
6282
6280
6278
6276
6276
6275
6273
6273
6270
6269
6268
6268
6267
6267
6266
6266
6265
6265
6265
6264
6264
6263
6263
6260
6257
6256
6256
6255
6254
6254
6254
6253
6252
6251
6249
6247
6247
6246
6244
6241
6241
6241
6239
6239
6235
6233
6232
6232
6231
6231
6231
6230
6230
6229
6227
6226
6225
6224
6223
6223
6222
6222
6221
6220
6219
6216
6215
6215
6214
6214
6213
6211
6210
6209
6208
6208
6208
6207
6206
6206
6205
6204
6204
6203
6201
6201
6201
6201
6199
6199
6199
6206
6198
6197
6196
6196
6196
6196
6195
6195
6195
6194
6194
6193
6193
6192
6192
6192
6191
6191
6190
6188
6187
6186
6185
6185
6183
6183
6181
6180
6180
6179
6178
6177
6177
6177
6176
6175
6170
6170
6170
6169
6169
6168
6166
6166
6163
6162
6161
6161
6160
6160
6159
6157
6156
6156
6156
6154
6153
6153
6153
6150
6149
6149
6148
6147
6146
6146
6146
6143
6143
6143
6146
6142
6142
6141
6141
6140
6139
6139
6139
6138
6138
6137
6135
6135
6134
6134
6133
6132
6131
6131
6130
6129
6129
6128
6127
6127
6126
6122
6121
6120
6120
6119
6119
6117
6117
6116
6116
6115
6115
6115
6114
6114
6113
6112
6111
6109
6107
6105
6105
6104
6103
6103
6103
6103
6102
6101
6101
6100
6100
6099
6099
6099
6099
6098
6098
6095
6094
6094
6093
6093
6093
6092
6091
6090
6089
6088
6087
6086
6086
6085
6082
6082
6081
6080
6080
6079
6077
6077
6076
6076
6075
6075
6074
6073
6073
6073
6072
6072
6071
6071
6070
6069
6067
6067
6065
6064
6064
6064
6063
6062
6060
6059
6058
6058
6057
6056
6056
6055
6055
6054
6052
6052
6051
6051
6051
6050
6050
6047
6047
6047
6047
6046
6045
6044
6044
6043
6042
6041
6041
6041
6041
6040
6040
6038
6037
6037
6036
6034
6034
6034
6033
6033
6032
6032
6032
6030
6029
6029
6029
6028
6028
6027
6026
6026
6026
6025
6025
6024
6024
6022
6021
6018
6017
6012
6010
6010
6009
6008
6008
6007
6007
6007
6006
6006
6004
6003
6002
6002
6000
6000
5999
5998
5995
5994
5994
5994
5992
5992
5990
5990
5997
5990
5988
5988
5987
5986
5984
5984
5984
5981
5980
5978
5977
5976
5976
5976
5975
5973
5973
5972
5972
5971
5970
5969
5969
5967
5967
5965
5965
5963
5963
5961
5961
5961
5959
5959
5957
5956
5955
5955
5951
5950
5949
5949
5945
5945
5943
5943
5943
5942
5942
5942
5939
5937
5937
5936
5935
5935
5934
5932
5932
5932
5932
5932
5930
5930
5930
5927
5926
5926
5925
5924
5923
5921
5921
5920
5920
5919
5919
5919
5918
5918
5916
5916
5916
5916
5915
5914
5913
5911
5911
5911
5911
5910
5909
5909
5909
5909
5908
5908
5907
5906
5905
5904
5903
5901
5900
5899
5898
5898
5897
5897
5897
5895
5895
5893
5893
5892
5892
5891
5890
5889
5889
5887
5887
5887
5886
5886
5884
5881
5880
5880
5880
5878
5878
5877
5877
5876
5874
5874
5873
5872
5871
5871
5870
5870
5870
5869
5869
5868
5868
5868
5866
5865
5865
5864
5864
5864
5863
5863
5863
5863
5862
5860
5860
5859
5859
5858
5857
5855
5855
5854
5852
5851
5850
5849
5849
5848
5847
5847
5846
5846
5846
5846
5845
5844
5844
5844
5843
5843
5842
5841
5840
5840
5840
5839
5839
5837
5837
5837
5837
5836
5834
5834
5832
5832
5832
5830
5830
5829
5829
5827
5827
5826
5825
5824
5824
5824
5823
5822
5821
5819
5818
5817
5817
5817
5816
5815
5814
5813
5812
5812
5810
5809
5809
5807
5807
5807
5806
5805
5805
5804
5803
5803
5802
5802
5802
5802
5802
5800
5799
5797
5795
5793
5793
5790
5787
5787
5786
5785
5784
5784
5783
5783
5782
5782
5781
5779
5778
5778
5778
5778
5777
5777
5776
5776
5775
5774
5774
5774
5772
5771
5770
5770
5770
5770
5769
5769
5769
5767
5766
5766
5765
5765
5763
5763
5762
5761
5760
5759
5758
5755
5754
5754
5750
5750
5749
5748
5748
5747
5746
5745
5744
5744
5743
5633
5742
5742
5742
5741
5740
5739
5738
5737
5736
5736
5731
5730
5730
5730
5729
5729
5729
5726
5726
5726
5725
5724
5724
5724
5724
5724
5723
5723
5722
5722
5722
5721
5720
5720
5718
5718
5718
5717
5717
5717
5716
5716
5716
5715
5715
5714
5713
5713
5713
5712
5711
5711
5710
5710
5709
5709
5708
5708
5706
5706
5705
5705
5705
5705
5705
5704
5703
5700
5700
5700
5698
5698
5698
5695
5695
5695
5694
5692
5691
5691
5691
5690
5690
5690
5688
5688
5687
5687
5686
5686
5685
5684
5684
5684
5683
5683
5683
5683
5683
5682
5680
5678
5678
5678
5678
5677
5676
5675
5674
5674
5673
5672
5671
5670
5668
5668
5667
5666
5664
5663
5663
5662
5661
5661
5660
5660
5659
5658
5658
5658
5657
5657
5657
5655
5655
5655
5654
5653
5651
5650
5650
5650
5649
5649
5649
5648
5647
5646
5646
5646
5644
5644
5643
5643
5643
5643
5642
5642
5641
5641
5640
5640
5639
5638
5633
5633
5633
5632
5632
5632
5632
5631
5631
5631
5630
5630
5630
5629
5628
5626
5624
5624
5623
5623
5621
5620
5620
5620
5618
5618
5617
5617
5617
5616
5615
5615
5615
5614
5613
5613
5612
5612
5612
5610
5610
5610
5610
5609
5608
5607
5607
5606
5606
5605
5605
5605
5603
5602
5601
5600
5598
5597
5595
5595
5595
5595
5594
5592
5590
5588
5588
5587
5587
5587
5586
5586
5586
5585
5585
5584
5583
5582
5582
5582
5581
5580
5580
5579
5579
5579
5579
5579
5577
5577
5577
5576
5575
5578
5574
5574
5574
5572
5572
5570
5570
5569
5568
5568
5567
5566
5565
5565
5565
5563
5563
5563
5562
5562
5561
5561
5561
5560
5559
5559
5558
5557
5555
5555
5554
5551
5550
5548
5546
5546
5545
5543
5543
5542
5542
5542
5542
5541
5541
5540
5539
5538
5537
5536
5535
5535
5534
5533
5530
5529
5529
5528
5528
5528
5527
5527
5526
5522
5522
5521
5520
5519
5519
5517
5517
5515
5515
5515
5512
5512
5510
5510
5509
5508
5508
5508
5507
5507
5507
5507
5506
5505
5504
5504
5503
5503
5501
5500
5500
5499
5499
5497
5497
5496
5496
5496
5495
5495
5495
5494
5493
5493
5493
5491
5490
5488
5487
5487
5487
5486
5486
5485
5485
5484
5483
5482
5482
5481
5480
5480
5480
5479
5479
5479
5478
5478
5477
5477
5474
5473
5473
5473
5472
5471
5470
5469
5469
5468
5468
5467
5467
5465
5465
5463
5463
5462
5462
5461
5461
5461
5460
5460
5458
5458
5458
5456
5456
5456
5456
5454
5453
5452
5452
5452
5450
5450
5450
5449
5448
5447
5446
5445
5445
5445
5444
5444
5443
5443
5442
5441
5440
5440
5439
5438
5437
5436
5436
5436
5436
5435
5434
5434
5434
5432
5431
5431
5430
5430
5429
5429
5428
5428
5428
5427
5426
5426
5426
5425
5425
5422
5422
5421
5421
5420
5420
5419
5418
5418
5418
5417
5416
5412
5412
5411
5411
5411
5411
5410
5409
5409
5409
5408
5405
5404
5403
5402
5401
5401
5399
5399
5398
5398
5398
5397
5397
5396
5395
5395
5393
5393
5393
5392
5392
5392
5391
5391
5391
5390
5390
5390
5387
5386
5386
5385
5384
5384
5384
5383
5382
5379
5379
5379
5379
5379
5377
5376
5375
5374
5374
5374
5373
5373
5373
5371
5371
5371
5370
5369
5368
5367
5365
5364
5362
5362
5362
5361
5359
5359
5358
5357
5356
5356
5356
5355
5355
5355
5354
5353
5353
5352
5352
5352
5351
5350
5349
5349
5349
5348
5348
5347
5347
5346
5346
5346
5344
5343
5343
5342
5341
5341
5340
5339
5338
5336
5336
5335
5335
5335
5335
5332
5332
5331
5330
5330
5329
5329
5328
5328
5328
5327
5323
5319
5319
5318
5318
5317
5317
5317
5316
5316
5316
5316
5315
5315
5315
5314
5314
5314
5314
5314
5313
5313
5313
5311
5311
5310
5310
5310
5310
5309
5309
5308
5307
5305
5305
5305
5304
5304
5304
5304
5303
5302
5302
5301
5300
5300
5299
5299
5297
5296
5295
5294
5293
5292
5292
5292
5292
5291
5291
5290
5290
5290
5288
5287
5287
5287
5286
5286
5284
5284
5282
5282
5281
5281
5280
5280
5279
5279
5278
5278
5278
5278
5278
5278
5278
5277
5277
5277
5275
5275
5275
5275
5275
5274
5274
5274
5273
5273
5272
5272
5271
5271
5270
5269
5269
5269
5268
5268
5268
5268
5266
5265
5264
5264
5262
5262
5261
5259
5258
5258
5258
5258
5257
5256
5255
5254
5254
5254
5254
5254
5253
5251
5250
5250
5250
5249
5249
5249
5249
5248
5247
5245
5245
5245
5245
5245
5245
5245
5244
5244
5244
5243
5242
5242
5242
5241
5239
5238
5237
5237
5237
5236
5235
5235
5234
5234
5234
5233
5231
5231
5230
5229
5227
5226
5224
5223
5222
5221
5221
5219
5219
5219
5219
5219
5218
5216
5216
5216
5215
5215
5215
5215
5213
5212
5211
5210
5209
5209
5208
5206
5206
5206
5206
5206
5205
5204
5204
5204
5204
5203
5201
5201
5200
5197
5197
5197
5196
5195
5195
5194
5193
5193
5193
5191
5191
5190
5190
5190
5189
5189
5189
5189
5188
5187
5187
5186
5185
5185
5185
5184
5183
5182
5181
5181
5181
5180
5180
5179
5179
5178
5178
5178
5177
5177
5176
5175
5175
5174
5173
5172
5172
5171
5170
5169
5168
5167
5166
5166
5165
5165
5170
5164
5163
5163
5163
5163
5162
5161
5160
5159
5159
5158
5158
5157
5157
5157
5156
5156
5155
5152
5151
5149
5149
5148
5148
5148
5147
5146
5146
5145
5145
5144
5143
5143
5141
5141
5139
5137
5137
5137
5136
5135
5135
5134
5134
5134
5134
5131
5129
5129
5129
5128
5128
5128
5127
5127
5126
5126
5125
5125
5125
5124
5124
5124
5123
5122
5122
5121
5121
5120
5119
5119
5118
5118
5118
5118
5117
5117
5115
5115
5115
5115
5114
5114
5113
5112
5112
5112
5112
5110
5110
5110
5109
5109
5109
5108
5108
5107
5106
5105
5105
5104
5101
5101
5100
5100
5100
5096
5095
5095
5094
5093
5093
5092
5092
5092
5092
5090
5089
5089
5089
5088
5088
5087
5086
5086
5086
5086
5086
5086
5085
5084
5083
5083
5083
5083
5083
5082
5081
5081
5080
5079
5079
5078
5078
5078
5077
5076
5076
5076
5074
5074
5074
5074
5074
5074
5074
5073
5073
5072
5072
5071
5071
5070
5069
5069
5068
5067
5066
5066
5065
5065
5065
5065
5064
5063
5062
5062
5062
5061
5060
5060
5060
5059
5059
5059
5058
5058
5058
5057
5057
5056
5056
5056
5055
5055
5054
5053
5052
5052
5052
5051
5051
5051
5050
5050
5050
5049
5049
5048
5048
5048
5047
5047
5047
5047
5046
5045
5045
5045
5044
5047
5044
5042
5042
5040
5040
5038
5037
5037
5037
5036
5035
5033
5032
5032
5031
5030
5029
5029
5029
5028
5027
5026
5026
5026
5024
5024
5023
5023
5022
5022
5022
5021
5020
5020
5019
5018
5017
5017
5017
5015
5015
5014
5014
5013
5013
5012
5012
5011
5011
5011
5010
5009
5009
5008
5008
5008
5008
5008
5008
5007
5006
5005
5005
5004
5004
5004
5003
5003
5002
5002
5002
5000
4999
4998
4997
4996
4996
4996
4996
4996
4996
4994
4994
4993
4992
4991
4990
4989
4988
4988
4988
4988
4991
4987
4987
4986
4986
4986
4986
4986
4985
4985
4985
4985
4985
4984
4984
4984
4983
4982
4982
4982
4982
4981
4981
4981
4981
4981
4980
4980
4978
4978
4978
4978
4977
4977
4976
4976
4976
4975
4974
4974
4974
4974
4973
4973
4973
4973
4973
4972
4971
4971
4971
4970
4969
4968
4968
4967
4966
4966
4965
4964
4964
4964
4963
4963
4963
4962
4962
4962
4962
4960
4960
4960
4960
4960
4959
4959
4959
4959
4959
4958
4958
4957
4957
4956
4955
4954
4954
4954
4954
4952
4952
4951
4949
4949
4949
4949
4949
4949
4948
4948
4948
4947
4947
4946
4945
4945
4944
4944
4943
4942
4942
4940
4940
4940
4939
4939
4938
4937
4937
4937
4936
4935
4935
4935
4934
4934
4934
4933
4932
4930
4930
4930
4929
4927
4927
4927
4926
4925
4924
4924
4924
4924
4923
4923
4923
4922
4922
4921
4921
4921
4920
4920
4920
4919
4919
4919
4917
4917
4915
4915
4915
4915
4914
4913
4913
4911
4909
4909
4909
4908
4907
4907
4907
4906
4905
4905
4904
4904
4903
4903
4903
4901
4900
4899
4899
4899
4898
4898
4898
4897
4897
4897
4897
4896
4894
4894
4894
4893
4893
4893
4892
4892
4892
4892
4892
4891
4891
4890
4889
4889
4888
4888
4887
4886
4886
4886
4885
4884
4882
4882
4882
4880
4880
4879
4879
4879
4878
4878
4877
4877
4877
4877
4876
4875
4874
4873
4872
4871
4870
4869
4869
4868
4867
4867
4867
4866
4866
4866
4865
4865
4864
4864
4863
4861
4861
4860
4860
4860
4860
4857
4856
4856
4856
4855
4855
4855
4854
4854
4852
4852
4851
4851
4850
4849
4849
4849
4848
4847
4847
4846
4845
4845
4844
4843
4843
4843
4843
4841
4840
4840
4840
4840
4840
4840
4840
4839
4839
4839
4839
4839
4838
4838
4837
4837
4837
4836
4836
4836
4834
4834
4834
4833
4833
4833
4833
4832
4831
4831
4830
4830
4829
4829
4828
4828
4828
4827
4826
4826
4826
4826
4825
4823
4826
4822
4821
4821
4820
4820
4819
4818
4818
4818
4817
4817
4816
4816
4815
4814
4814
4813
4811
4811
4811
4810
4810
4810
4809
4809
4809
4809
4809
4808
4807
4807
4807
4805
4805
4805
4804
4804
4804
4803
4802
4802
4801
4801
4801
4801
4800
4800
4799
4799
4797
4797
4796
4796
4796
4796
4795
4795
4795
4794
4794
4793
4793
4792
4791
4791
4791
4790
4789
4789
4789
4789
4788
4788
4788
4786
4786
4786
4786
4785
4785
4785
4785
4785
4785
4785
4783
4782
4782
4782
4781
4781
4781
4780
4780
4780
4778
4778
4777
4776
4774
4773
4773
4773
4773
4773
4772
4772
4770
4770
4769
4768
4768
4768
4767
4767
4767
4766
4766
4766
4765
4764
4764
4763
4763
4762
4762
4761
4761
4761
4760
4759
4758
4757
4757
4756
4756
4756
4756
4755
4755
4754
4754
4754
4753
4752
4752
4752
4750
4750
4750
4750
4749
4749
4749
4748
4747
4746
4746
4746
4761
4745
4744
4744
4743
4743
4743
4742
4742
4741
4740
4739
4739
4739
4737
4737
4737
4736
4736
4736
4736
4735
4735
4735
4734
4734
4734
4733
4733
4732
4731
4731
4729
4729
4729
4727
4727
4726
4725
4723
4723
4722
4721
4721
4721
4720
4720
4719
4719
4718
4718
4718
4717
4717
4714
4714
4714
4714
4713
4713
4712
4710
4710
4710
4709
4708
4708
4706
4706
4705
4705
4704
4704
4704
4703
4703
4702
4702
4701
4701
4701
4700
4700
4699
4698
4698
4698
4698
4697
4697
4696
4696
4695
4695
4694
4693
4693
4692
4690
4689
4689
4689
4688
4687
4687
4687
4687
4686
4686
4685
4685
4684
4683
4683
4683
4683
4683
4682
4682
4681
4679
4679
4679
4679
4678
4678
4677
4676
4676
4676
4676
4675
4675
4674
4674
4673
4673
4673
4673
4672
4672
4671
4671
4670
4670
4670
4670
4670
4670
4669
4669
4669
4669
4667
4667
4667
4664
4663
4663
4663
4662
4661
4661
4660
4660
4659
4659
4657
4657
4657
4657
4656
4656
4656
4655
4655
4654
4654
4654
4653
4653
4653
4652
4651
4651
4650
4650
4650
4649
4649
4649
4649
4648
4648
4648
4646
4646
4646
4646
4645
4645
4645
4645
4644
4644
4643
4641
4640
4639
4639
4638
4638
4638
4637
4637
4636
4636
4635
4635
4635
4634
4634
4633
4633
4632
4632
4632
4631
4631
4631
4631
4630
4629
4628
4628
4628
4626
4626
4625
4625
4625
4624
4623
4622
4621
4621
4620
4620
4620
4619
4618
4618
4616
4616
4616
4616
4616
4615
4614
4614
4613
4613
4612
4612
4612
4610
4610
4610
4609
4609
4609
4607
4607
4607
4607
4607
4606
4606
4606
4606
4606
4606
4606
4605
4605
4605
4604
4604
4602
4602
4601
4601
4601
4600
4600
4600
4599
4598
4598
4598
4598
4597
4597
4596
4596
4595
4595
4595
4595
4594
4594
4594
4594
4594
4594
4592
4592
4592
4592
4591
4590
4590
4590
4590
4590
4589
4589
4588
4588
4588
4587
4586
4586
4586
4585
4585
4585
4585
4584
4584
4583
4583
4580
4580
4580
4580
4579
4579
4579
4579
4578
4578
4578
4577
4576
4576
4576
4576
4575
4575
4575
4575
4575
4575
4574
4574
4573
4572
4571
4570
4569
4568
4568
4568
4567
4567
4567
4566
4566
4566
4565
4565
4564
4564
4563
4562
4562
4562
4561
4561
4560
4560
4559
4558
4558
4557
4557
4557
4556
4556
4556
4555
4555
4555
4554
4553
4553
4553
4552
4552
4552
4552
4552
4550
4550
4550
4549
4549
4549
4549
4549
4549
4548
4548
4548
4547
4547
4546
4546
4546
4545
4545
4545
4543
4543
4543
4543
4542
4541
4541
4541
4540
4540
4538
4538
4537
4537
4536
4536
4536
4535
4535
4534
4534
4534
4534
4532
4532
4532
4531
4529
4529
4529
4529
4528
4528
4527
4527
4526
4526
4525
4525
4525
4525
4524
4523
4522
4522
4521
4521
4521
4520
4520
4519
4519
4518
4518
4517
4517
4516
4516
4516
4514
4514
4514
4513
4512
4512
4511
4511
4511
4510
4510
4510
4510
4509
4509
4508
4508
4508
4508
4508
4508
4507
4507
4507
4507
4506
4506
4506
4505
4505
4505
4505
4505
4504
4504
4504
4504
4504
4504
4504
4503
4503
4502
4502
4501
4501
4501
4500
4499
4499
4499
4499
4499
4499
4498
4498
4497
4497
4496
4496
4496
4496
4495
4495
4494
4493
4492
4493
4492
4490
4490
4489
4489
4489
4488
4488
4488
4488
4487
4487
4487
4486
4486
4485
4485
4485
4485
4484
4484
4482
4482
4481
4481
4481
4480
4480
4479
4479
4479
4479
4478
4477
4477
4476
4476
4476
4475
4475
4475
4473
4472
4472
4472
4472
4472
4471
4470
4469
4468
4468
4468
4468
4468
4467
4465
4465
4464
4464
4464
4464
4464
4464
4463
4463
4462
4461
4461
4460
4460
4460
4460
4459
4457
4456
4456
4456
4456
4455
4454
4454
4454
4453
4453
4453
4452
4452
4452
4451
4451
4450
4449
4449
4449
4448
4448
4448
4447
4447
4447
4447
4446
4446
4446
4446
4445
4445
4444
4444
4444
4444
4443
4443
4443
4442
4442
4441
4441
4440
4439
4439
4437
4437
4436
4436
4435
4433
4433
4433
4432
4432
4432
4432
4432
4431
4431
4431
4430
4430
4430
4430
4429
4429
4429
4429
4428
4427
4427
4427
4427
4427
4426
4426
4426
4425
4425
4424
4424
4424
4424
4423
4423
4422
4421
4421
4420
4420
4420
4420
4419
4418
4418
4417
4417
4416
4416
4415
4415
4414
4413
4413
4412
4411
4410
4409
4409
4408
4408
4408
4408
4408
4407
4407
4407
4406
4404
4403
4401
4401
4400
4400
4399
4399
4398
4396
4396
4395
4394
4394
4394
4393
4393
4393
4393
4393
4393
4392
4392
4391
4391
4391
4391
4390
4388
4388
4388
4387
4386
4385
4385
4385
4384
4384
4384
4384
4383
4382
4381
4381
4380
4380
4380
4379
4379
4378
4377
4377
4377
4376
4375
4375
4374
4374
4374
4373
4372
4372
4371
4370
4370
4370
4369
4369
4369
4369
4369
4369
4367
4367
4367
4367
4366
4366
4365
4364
4364
4364
4364
4363
4363
4363
4362
4361
4360
4360
4360
4360
4359
4359
4359
4359
4358
4358
4358
4358
4357
4356
4356
4356
4355
4354
4354
4354
4354
4353
4353
4353
4353
4352
4352
4351
4351
4351
4350
4350
4350
4350
4349
4348
4347
4347
4347
4346
4345
4345
4345
4344
4344
4344
4344
4344
4343
4343
4343
4343
4342
4341
4341
4341
4340
4340
4339
4339
4339
4338
4338
4337
4337
4337
4337
4337
4336
4336
4336
4335
4335
4335
4334
4333
4333
4333
4330
4329
4329
4329
4329
4329
4329
4328
4328
4327
4327
4326
4326
4325
4325
4325
4325
4324
4323
4323
4322
4321
4321
4321
4321
4320
4320
4320
4319
4319
4319
4319
4318
4318
4318
4316
4316
4316
4315
4315
4315
4314
4314
4313
4313
4313
4313
4312
4312
4312
4311
4311
4308
4308
4308
4308
4306
4305
4305
4305
4305
4304
4304
4304
4303
4303
4303
4302
4302
4302
4302
4302
4302
4300
4300
4299
4303
4298
4298
4298
4297
4297
4297
4297
4296
4296
4296
4295
4295
4295
4294
4294
4294
4294
4293
4292
4292
4292
4292
4291
4291
4290
4289
4289
4289
4289
4288
4287
4287
4287
4286
4286
4286
4286
4286
4286
4285
4284
4284
4283
4283
4282
4281
4281
4280
4279
4279
4278
4278
4277
4277
4276
4276
4275
4275
4274
4274
4274
4274
4274
4274
4274
4273
4272
4272
4271
4271
4270
4269
4268
4268
4267
4266
4266
4266
4265
4265
4264
4264
4264
4263
4263
4262
4262
4262
4261
4261
4261
4260
4260
4260
4259
4258
4258
4258
4257
4257
4257
4256
4255
4254
4254
4253
4252
4252
4252
4250
4250
4250
4249
4248
4248
4248
4247
4247
4247
4246
4246
4246
4246
4245
4245
4245
4244
4244
4243
4242
4242
4242
4240
4240
4240
4240
4240
4240
4239
4239
4239
4239
4239
4239
4238
4235
4234
4234
4234
4234
4234
4234
4234
4234
4233
4233
4233
4232
4232
4232
4232
4231
4231
4231
4231
4230
4230
4230
4230
4229
4229
4229
4228
4228
4227
4227
4227
4226
4226
4226
4226
4226
4226
4226
4225
4224
4224
4223
4222
4222
4222
4221
4221
4221
4221
4220
4220
4219
4219
4219
4218
4218
4218
4218
4217
4217
4217
4217
4216
4216
4216
4215
4215
4215
4215
4215
4215
4215
4215
4214
4213
4213
4213
4212
4212
4212
4212
4212
4211
4211
4211
4211
4211
4211
4210
4210
4210
4210
4209
4209
4209
4207
4207
4207
4207
4207
4207
4207
4206
4206
4205
4205
4204
4204
4204
4204
4204
4204
4204
4203
4203
4202
4202
4202
4202
4201
4201
4201
4201
4199
4199
4199
4197
4197
4196
4196
4196
4195
4195
4195
4195
4194
4194
4193
4193
4192
4192
4192
4191
4191
4190
4190
4190
4188
4188
4188
4188
4188
4188
4188
4186
4186
4186
4186
4185
4185
4185
4185
4184
4184
4184
4184
4184
4183
4183
4181
4181
4181
4180
4180
4180
4179
4178
4178
4177
4177
4177
4176
4176
4176
4176
4176
4176
4175
4175
4174
4173
4173
4172
4171
4170
4170
4170
4170
4169
4169
4169
4169
4168
4167
4167
4166
4166
4165
4165
4165
4164
4164
4164
4163
4163
4162
4162
4162
4161
4161
4160
4160
4160
4159
4159
4159
4159
4159
4159
4159
4158
4156
4156
4156
4156
4156
4155
4154
4154
4153
4153
4153
4153
4153
4153
4152
4152
4152
4152
4151
4150
4149
4149
4149
4149
4148
4148
4147
4147
4147
4147
4147
4147
4146
4145
4145
4144
4144
4144
4144
4143
4143
4142
4141
4141
4141
4140
4140
4140
4140
4139
4139
4139
4139
4138
4137
4136
4136
4136
4136
4136
4135
4135
4134
4134
4133
4132
4131
4131
4130
4130
4130
4129
4129
4128
4128
4128
4127
4127
4126
4126
4125
4125
4125
4125
4125
4125
4124
4124
4123
4123
4123
4123
4123
4123
4122
4122
4122
4121
4121
4120
4120
4120
4120
4119
4118
4117
4117
4117
4116
4116
4115
4115
4114
4114
4113
4112
4112
4112
4112
4111
4111
4110
4110
4110
4109
4109
4109
4108
4108
4108
4107
4107
4106
4106
4105
4105
4105
4105
4105
4104
4103
4103
4103
4103
4102
4102
4102
4101
4100
4100
4100
4100
4100
4098
4098
4098
4097
4097
4096
4096
4096
4096
4095
4095
4095
4095
4095
4094
4093
4093
4093
4093
4093
4093
4093
4093
4092
4092
4091
4091
4091
4090
4090
4089
4092
4089
4088
4088
4088
4088
4088
4088
4087
4086
4086
4086
4085
4085
4084
4084
4084
4083
4083
4082
4081
4081
4081
4081
4081
4081
4078
4078
4078
4077
4077
4077
4077
4077
4076
4076
4076
4076
4074
4074
4073
4073
4073
4072
4072
4072
4071
4071
4070
4070
4070
4070
4069
4069
4069
4069
4068
4067
4066
4065
4065
4065
4064
4064
4064
4064
4064
4063
4063
4063
4063
4063
4063
4062
4062
4062
4062
4062
4062
4062
4062
4062
4061
4061
4060
4059
4059
4059
4059
4058
4058
4057
4057
4057
4057
4057
4057
4057
4056
4056
4055
4055
4055
4054
4054
4054
4054
4054
4053
4053
4052
4051
4051
4050
4050
4050
4050
4050
4050
4049
4049
4049
4049
4048
4048
4048
4048
4047
4047
4047
4046
4046
4046
4046
4046
4045
4045
4044
4044
4044
4043
4043
4043
4043
4042
4042
4042
4042
4042
4041
4041
4041
4041
4041
4041
4040
4039
4039
4038
4038
4038
4038
4038
4037
4037
4037
4037
4037
4036
4036
4036
4036
4035
4035
4035
4035
4034
4034
4034
4034
4033
4033
4033
4033
4033
4032
4032
4031
4031
4031
4031
4031
4030
4030
4030
4029
4029
4029
4028
4028
4028
4027
4027
4027
4027
4027
4026
4025
4025
4024
4024
4024
4024
4024
4024
4024
4023
4023
4023
4023
4023
4023
4022
4021
4021
4021
4021
4021
4020
4020
4020
4020
4019
4018
4018
4018
4017
4017
4017
4016
4015
4015
4015
4015
4014
4014
4014
4014
4013
4012
4012
4012
4011
4011
4011
4010
4010
4009
4009
4009
4009
4009
4008
4008
4008
4008
4006
4006
4005
4004
4004
4004
4004
4003
4003
4003
4003
4002
4002
4002
4002
4001
4001
4001
4000
3999
3998
3997
3997
3997
3996
3996
3996
3995
3994
3994
3994
3993
3993
3993
3993
3993
3993
3993
3992
3992
3992
3992
3991
3991
3991
3990
3989
3988
3988
3987
3987
3987
3987
3987
3986
3985
3984
3984
3984
3984
3983
3983
3982
3982
3982
3982
3981
3981
3980
3980
3980
3980
3980
3980
3978
3978
3978
3977
3977
3976
3976
3976
3976
3975
3975
3975
3974
3974
3973
3973
3973
3973
3972
3972
3972
3970
3969
3969
3969
3968
3967
3967
3967
3967
3966
3966
3965
3965
3965
3965
3964
3964
3964
3963
3963
3963
3963
3963
3962
3962
3962
3962
3961
3961
3960
3960
3960
3960
3959
3958
3958
3957
3957
3956
3956
3956
3956
3955
3955
3955
3955
3955
3954
3954
3953
3953
3952
3952
3952
3952
3952
3951
3951
3951
3950
3949
3949
3949
3949
3949
3948
3947
3947
3947
3947
3946
3946
3946
3946
3946
3945
3945
3945
3945
3945
3945
3944
3944
3944
3943
3943
3943
3943
3942
3941
3940
3940
3940
3939
3939
3939
3938
3938
3938
3937
3936
3936
3936
3935
3935
3934
3934
3934
3934
3934
3933
3933
3933
3933
3932
3932
3932
3932
3932
3931
3931
3930
3930
3930
3929
3929
3929
3929
3928
3928
3927
3927
3927
3926
3925
3925
3925
3924
3924
3923
3923
3922
3922
3922
3922
3921
3921
3920
3920
3920
3919
3919
3919
3919
3919
3923
3918
3918
3918
3918
3917
3917
3916
3916
3915
3915
3915
3914
3913
3913
3913
3911
3911
3911
3911
3909
3909
3909
3908
3908
3908
3908
3907
3907
3907
3906
3906
3906
3906
3906
3905
3905
3905
3905
3905
3905
3905
3902
3902
3901
3901
3901
3901
3901
3900
3900
3900
3900
3900
3899
3899
3898
3898
3897
3897
3897
3897
3896
3895
3895
3895
3895
3894
3894
3894
3893
3893
3893
3892
3892
3892
3892
3892
3890
3890
3890
3889
3889
3888
3888
3887
3887
3887
3887
3886
3886
3886
3885
3885
3885
3885
3885
3884
3884
3882
3881
3881
3881
3881
3880
3880
3880
3879
3879
3879
3879
3878
3878
3877
3877
3877
3876
3876
3875
3875
3874
3874
3873
3873
3873
3873
3873
3873
3872
3872
3871
3871
3871
3870
3870
3870
3869
3869
3868
3868
3868
3867
3867
3867
3867
3867
3867
3866
3866
3866
3866
3865
3865
3865
3865
3864
3864
3864
3864
3863
3863
3863
3862
3862
3862
3861
3861
3861
3861
3861
3860
3860
3860
3860
3859
3859
3859
3858
3858
3858
3857
3856
3855
3855
3854
3854
3854
3854
3854
3854
3853
3852
3852
3851
3850
3850
3849
3849
3849
3849
3849
3848
3847
3847
3847
3847
3846
3846
3846
3845
3845
3844
3844
3844
3844
3844
3843
3843
3842
3842
3842
3841
3840
3840
3840
3839
3839
3838
3838
3837
3837
3836
3836
3836
3835
3835
3835
3835
3834
3834
3834
3834
3834
3833
3832
3832
3832
3832
3831
3831
3831
3831
3830
3830
3829
3829
3828
3827
3827
3826
3826
3825
3825
3824
3824
3824
3824
3822
3820
3820
3819
3819
3819
3819
3818
3818
3818
3817
3817
3817
3817
3816
3815
3815
3815
3815
3815
3815
3814
3814
3814
3814
3814
3814
3813
3813
3813
3813
3813
3813
3812
3812
3811
3811
3811
3811
3811
3811
3810
3810
3810
3810
3809
3808
3808
3807
3807
3807
3806
3806
3805
3805
3805
3804
3803
3803
3802
3802
3802
3802
3802
3801
3801
3801
3801
3801
3801
3801
3800
3800
3799
3799
3799
3797
3797
3796
3796
3795
3795
3795
3795
3795
3794
3794
3793
3793
3793
3793
3793
3792
3792
3792
3791
3790
3790
3790
3790
3789
3789
3789
3789
3789
3789
3789
3789
3789
3789
3787
3787
3786
3786
3786
3785
3785
3785
3784
3784
3784
3784
3784
3784
3784
3784
3783
3783
3783
3782
3782
3782
3782
3782
3781
3781
3781
3781
3781
3781
3780
3780
3779
3779
3779
3779
3778
3777
3777
3777
3776
3776
3776
3776
3776
3775
3775
3775
3775
3775
3774
3774
3774
3774
3774
3773
3773
3773
3773
3772
3772
3772
3772
3771
3771
3770
3770
3770
3769
3769
3769
3769
3769
3768
3767
3767
3766
3766
3766
3766
3766
3766
3765
3765
3765
3764
3764
3764
3764
3764
3764
3763
3763
3762
3762
3762
3761
3761
3761
3761
3761
3760
3760
3760
3759
3759
3759
3758
3758
3758
3757
3757
3756
3756
3756
3756
3755
3755
3755
3755
3755
3754
3753
3753
3753
3752
3751
3751
3750
3750
3750
3750
3749
3748
3747
3747
3746
3745
3745
3744
3744
3744
3743
3743
3743
3743
3743
3741
3741
3740
3740
3740
3738
3738
3738
3738
3737
3737
3737
3736
3736
3736
3735
3734
3734
3734
3733
3732
3732
3731
3731
3730
3730
3729
3729
3729
3728
3728
3727
3727
3727
3727
3726
3726
3726
3725
3725
3725
3724
3724
3724
3724
3724
3723
3723
3723
3723
3722
3722
3722
3721
3721
3721
3720
3719
3719
3719
3719
3719
3718
3718
3718
3717
3717
3717
3717
3717
3716
3716
3716
3716
3716
3715
3715
3715
3715
3715
3714
3714
3714
3714
3713
3713
3712
3712
3711
3711
3711
3711
3711
3710
3710
3709
3708
3707
3707
3707
3707
3706
3706
3706
3706
3706
3705
3705
3705
3705
3705
3704
3704
3704
3704
3704
3704
3704
3703
3703
3703
3702
3702
3702
3702
3702
3701
3701
3700
3700
3700
3699
3699
3699
3698
3697
3697
3697
3697
3697
3696
3696
3695
3695
3694
3694
3694
3694
3694
3694
3693
3693
3693
3693
3693
3692
3692
3692
3691
3691
3691
3690
3690
3690
3689
3689
3688
3688
3688
3688
3688
3687
3687
3687
3686
3686
3686
3685
3685
3685
3685
3685
3684
3684
3684
3683
3683
3683
3683
3682
3682
3682
3682
3682
3681
3681
3681
3680
3680
3680
3680
3680
3680
3680
3679
3679
3678
3677
3677
3677
3677
3677
3677
3677
3676
3676
3674
3673
3673
3673
3672
3672
3672
3672
3672
3672
3671
3671
3671
3670
3670
3670
3670
3670
3669
3669
3669
3669
3668
3668
3668
3668
3667
3667
3666
3665
3665
3665
3665
3665
3665
3664
3664
3663
3663
3663
3663
3662
3662
3662
3662
3661
3661
3661
3660
3659
3659
3659
3659
3659
3659
3659
3659
3659
3658
3658
3658
3658
3658
3658
3658
3657
3657
3657
3657
3657
3657
3656
3656
3656
3656
3655
3655
3654
3654
3654
3654
3654
3653
3653
3653
3653
3652
3652
3652
3651
3651
3651
3651
3650
3650
3650
3650
3650
3649
3649
3648
3648
3647
3647
3646
3646
3646
3646
3646
3646
3645
3645
3645
3644
3644
3644
3643
3643
3642
3641
3641
3641
3640
3640
3639
3639
3639
3638
3638
3638
3638
3637
3637
3637
3636
3636
3636
3635
3635
3635
3634
3634
3634
3634
3634
3633
3633
3633
3633
3633
3633
3633
3632
3632
3632
3632
3632
3632
3632
3632
3630
3630
3630
3630
3630
3629
3629
3629
3629
3628
3628
3628
3628
3627
3627
3627
3627
3627
3627
3627
3626
3626
3626
3626
3626
3625
3625
3625
3624
3624
3624
3624
3623
3623
3623
3623
3623
3623
3623
3622
3621
3621
3621
3620
3620
3619
3619
3619
3619
3618
3618
3617
3616
3616
3616
3616
3616
3615
3614
3614
3614
3614
3613
3613
3613
3613
3613
3612
3612
3612
3611
3610
3610
3609
3609
3609
3608
3607
3607
3607
3607
3607
3607
3606
3605
3605
3605
3605
3605
3605
3605
3604
3603
3603
3603
3602
3601
3601
3601
3600
3600
3600
3600
3600
3600
3599
3599
3599
3598
3598
3598
3597
3597
3597
3597
3597
3597
3596
3596
3596
3596
3596
3596
3595
3595
3595
3595
3595
3594
3594
3594
3593
3592
3592
3592
3591
3591
3591
3591
3590
3590
3590
3590
3589
3589
3589
3588
3588
3588
3587
3587
3587
3587
3587
3587
3586
3586
3586
3586
3586
3586
3585
3585
3584
3584
3583
3583
3583
3583
3582
3582
3581
3581
3581
3581
3581
3580
3580
3580
3580
3580
3579
3579
3579
3579
3578
3578
3578
3578
3578
3578
3578
3577
3577
3577
3577
3576
3576
3576
3575
3575
3575
3574
3574
3574
3573
3573
3572
3572
3572
3572
3572
3571
3571
3570
3570
3570
3569
3569
3569
3569
3569
3569
3568
3568
3568
3568
3568
3567
3566
3566
3566
3565
3565
3565
3564
3564
3564
3564
3564
3563
3563
3563
3563
3562
3561
3560
3560
3560
3559
3558
3558
3558
3558
3557
3557
3557
3557
3557
3557
3557
3556
3556
3556
3555
3554
3554
3553
3553
3553
3553
3552
3552
3552
3552
3551
3551
3551
3551
3551
3551
3550
3550
3549
3549
3549
3549
3548
3548
3547
3547
3547
3547
3547
3547
3547
3546
3546
3546
3546
3546
3545
3545
3545
3544
3544
3544
3544
3544
3543
3543
3543
3542
3542
3542
3542
3542
3542
3542
3542
3541
3541
3541
3540
3540
3540
3539
3539
3539
3538
3538
3538
3538
3538
3537
3537
3536
3536
3535
3535
3535
3535
3535
3535
3534
3534
3534
3534
3533
3533
3533
3532
3532
3532
3531
3531
3531
3531
3531
3531
3530
3530
3529
3529
3529
3529
3528
3528
3528
3527
3527
3527
3526
3526
3526
3526
3525
3525
3524
3524
3523
3523
3523
3523
3522
3522
3522
3522
3522
3522
3521
3520
3520
3520
3520
3519
3518
3517
3516
3516
3515
3515
3515
3515
3514
3513
3513
3512
3512
3512
3511
3510
3510
3509
3509
3509
3509
3509
3509
3508
3508
3508
3508
3507
3507
3506
3506
3506
3505
3505
3505
3504
3504
3503
3502
3502
3502
3502
3502
3501
3501
3501
3501
3500
3500
3500
3500
3500
3500
3499
3499
3498
3498
3498
3498
3497
3497
3497
3496
3496
3496
3496
3495
3495
3495
3495
3495
3494
3494
3494
3494
3493
3493
3493
3493
3492
3492
3491
3491
3491
3490
3490
3490
3490
3490
3489
3489
3489
3489
3488
3488
3487
3487
3487
3487
3486
3486
3486
3486
3486
3486
3486
3485
3485
3485
3484
3484
3483
3483
3483
3482
3482
3482
3482
3482
3481
3480
3480
3480
3480
3480
3480
3480
3479
3479
3479
3479
3479
3479
3478
3478
3478
3477
3477
3477
3477
3476
3476
3476
3476
3475
3475
3475
3475
3475
3475
3475
3475
3477
3474
3474
3474
3473
3473
3473
3473
3472
3472
3472
3471
3471
3471
3470
3470
3470
3469
3469
3469
3469
3469
3469
3469
3468
3468
3468
3468
3468
3468
3468
3467
3467
3467
3467
3467
3467
3466
3466
3466
3466
3465
3465
3465
3464
3464
3464
3463
3463
3463
3463
3463
3463
3462
3462
3462
3461
3461
3461
3460
3459
3459
3459
3459
3458
3458
3458
3458
3458
3457
3457
3456
3456
3456
3456
3455
3455
3455
3454
3453
3453
3453
3453
3453
3453
3453
3452
3452
3452
3451
3451
3451
3451
3451
3451
3450
3450
3449
3449
3449
3449
3449
3448
3448
3448
3448
3448
3447
3447
3447
3447
3447
3447
3446
3446
3445
3445
3445
3444
3444
3444
3444
3443
3443
3443
3442
3442
3442
3442
3442
3441
3441
3441
3441
3441
3440
3440
3440
3440
3440
3440
3440
3439
3439
3439
3439
3439
3439
3439
3439
3438
3438
3438
3437
3437
3437
3437
3437
3437
3437
3437
3437
3437
3436
3436
3436
3436
3436
3435
3435
3435
3434
3434
3434
3434
3434
3434
3434
3434
3433
3432
3432
3432
3432
3432
3432
3431
3431
3431
3430
3430
3430
3429
3429
3429
3429
3429
3429
3429
3428
3428
3428
3428
3428
3428
3428
3428
3427
3427
3427
3427
3427
3427
3427
3427
3426
3426
3425
3424
3424
3424
3423
3422
3422
3422
3422
3422
3421
3421
3420
3420
3420
3420
3419
3419
3419
3419
3419
3418
3418
3418
3418
3418
3417
3417
3416
3416
3416
3415
3415
3415
3415
3415
3415
3415
3414
3414
3414
3414
3414
3414
3414
3413
3413
3413
3413
3413
3412
3412
3412
3412
3412
3411
3410
3410
3409
3409
3409
3409
3408
3408
3408
3408
3408
3408
3407
3406
3406
3406
3406
3406
3405
3404
3404
3404
3403
3403
3402
3401
3401
3401
3401
3401
3400
3400
3400
3400
3400
3400
3400
3400
3400
3399
3399
3399
3399
3399
3399
3399
3399
3398
3398
3397
3397
3397
3397
3397
3397
3397
3396
3396
3396
3396
3396
3396
3395
3395
3394
3394
3394
3394
3394
3394
3393
3393
3392
3391
3391
3391
3391
3391
3391
3390
3390
3390
3389
3389
3389
3389
3389
3388
3388
3387
3387
3386
3386
3386
3386
3386
3385
3384
3384
3383
3383
3383
3383
3382
3382
3382
3382
3382
3382
3382
3381
3381
3381
3381
3380
3380
3380
3379
3379
3379
3379
3379
3379
3378
3378
3378
3378
3377
3377
3376
3376
3376
3375
3375
3375
3375
3375
3374
3374
3374
3374
3373
3373
3373
3373
3373
3372
3372
3372
3372
3371
3371
3371
3371
3371
3370
3370
3370
3370
3370
3369
3368
3368
3368
3368
3368
3368
3367
3367
3367
3367
3367
3367
3366
3366
3365
3365
3365
3365
3365
3364
3364
3364
3364
3364
3363
3363
3363
3363
3363
3362
3362
3362
3362
3362
3362
3362
3361
3361
3361
3361
3360
3359
3359
3359
3359
3358
3358
3358
3358
3358
3357
3357
3357
3356
3356
3356
3356
3355
3355
3355
3355
3355
3355
3354
3354
3353
3353
3353
3352
3352
3352
3352
3352
3352
3352
3352
3351
3351
3351
3351
3351
3351
3351
3351
3350
3350
3349
3349
3349
3348
3348
3347
3347
3347
3347
3347
3347
3347
3346
3346
3346
3345
3345
3344
3344
3344
3344
3343
3343
3343
3343
3343
3342
3342
3342
3342
3342
3342
3341
3341
3341
3341
3340
3340
3340
3340
3339
3339
3339
3339
3339
3339
3339
3339
3339
3339
3338
3338
3338
3338
3338
3337
3337
3337
3336
3336
3336
3336
3336
3335
3335
3335
3334
3334
3334
3334
3333
3333
3333
3333
3332
3332
3332
3331
3330
3330
3330
3330
3328
3328
3328
3328
3328
3328
3327
3327
3327
3327
3327
3326
3326
3326
3326
3325
3325
3325
3324
3324
3324
3324
3324
3323
3323
3323
3323
3323
3323
3322
3322
3322
3322
3321
3321
3321
3321
3320
3320
3320
3320
3319
3319
3319
3319
3319
3318
3318
3318
3318
3318
3318
3318
3318
3317
3316
3315
3315
3315
3314
3314
3314
3314
3314
3314
3313
3313
3313
3313
3313
3312
3312
3312
3312
3311
3311
3311
3310
3310
3309
3309
3309
3309
3308
3308
3308
3308
3308
3308
3307
3307
3307
3307
3306
3306
3306
3306
3305
3305
3305
3305
3304
3304
3304
3304
3304
3304
3304
3304
3304
3303
3303
3302
3302
3302
3301
3301
3301
3301
3301
3300
3300
3300
3300
3299
3299
3298
3298
3298
3298
3298
3298
3298
3298
3297
3297
3297
3297
3297
3296
3295
3295
3295
3295
3295
3295
3294
3294
3294
3294
3294
3293
3293
3293
3293
3292
3291
3291
3291
3291
3291
3290
3290
3289
3289
3289
3288
3288
3288
3288
3288
3288
3288
3287
3287
3287
3287
3286
3286
3285
3285
3285
3284
3283
3283
3283
3283
3283
3283
3283
3282
3282
3282
3282
3282
3282
3281
3281
3281
3281
3281
3281
3280
3280
3280
3280
3279
3279
3279
3279
3279
3279
3279
3278
3278
3278
3277
3277
3277
3276
3276
3276
3275
3275
3275
3274
3274
3274
3274
3274
3273
3273
3273
3273
3273
3273
3272
3272
3272
3272
3271
3271
3270
3270
3269
3269
3269
3269
3268
3268
3268
3268
3268
3268
3267
3267
3266
3266
3266
3265
3265
3265
3264
3264
3264
3264
3263
3263
3263
3263
3263
3263
3262
3262
3262
3262
3262
3261
3261
3260
3260
3260
3259
3259
3259
3258
3258
3258
3257
3257
3257
3257
3257
3257
3256
3256
3256
3256
3256
3256
3255
3255
3255
3254
3254
3254
3253
3253
3253
3253
3253
3253
3253
3253
3253
3253
3253
3252
3252
3252
3251
3251
3251
3251
3251
3250
3250
3250
3250
3249
3249
3249
3249
3249
3249
3249
3249
3248
3248
3248
3248
3248
3247
3247
3247
3247
3247
3247
3246
3246
3246
3245
3245
3245
3245
3244
3244
3244
3244
3244
3243
3243
3242
3242
3242
3242
3242
3242
3241
3241
3240
3240
3240
3240
3240
3239
3239
3239
3239
3239
3238
3238
3238
3238
3238
3237
3237
3237
3237
3237
3237
3237
3237
3236
3236
3235
3235
3234
3234
3234
3234
3234
3233
3233
3233
3232
3232
3232
3231
3231
3231
3231
3231
3231
3231
3231
3230
3230
3230
3230
3230
3229
3229
3229
3229
3229
3229
3228
3228
3227
3227
3227
3227
3227
3227
3226
3226
3226
3226
3226
3226
3225
3225
3225
3225
3225
3224
3224
3224
3224
3223
3223
3223
3223
3223
3223
3222
3222
3222
3222
3222
3221
3221
3221
3221
3221
3220
3220
3220
3219
3219
3219
3219
3219
3219
3218
3218
3218
3217
3217
3217
3217
3217
3216
3216
3216
3216
3216
3216
3216
3216
3215
3215
3215
3215
3215
3215
3215
3215
3214
3214
3214
3214
3213
3213
3213
3212
3212
3211
3211
3211
3211
3211
3211
3211
3211
3211
3210
3210
3209
3209
3208
3208
3208
3208
3208
3208
3207
3207
3206
3206
3206
3205
3205
3205
3205
3205
3205
3204
3204
3204
3204
3204
3204
3203
3203
3203
3202
3202
3202
3202
3202
3202
3202
3202
3201
3201
3201
3201
3201
3201
3200
3200
3200
3200
3200
3199
3199
3199
3199
3199
3199
3198
3198
3198
3198
3198
3198
3198
3198
3198
3198
3198
3197
3197
3197
3197
3196
3196
3196
3196
3195
3195
3195
3195
3194
3194
3194
3194
3194
3194
3194
3193
3193
3193
3193
3193
3193
3193
3193
3192
3192
3192
3192
3192
3191
3191
3191
3190
3190
3190
3190
3190
3190
3190
3189
3189
3189
3189
3189
3188
3188
3188
3188
3188
3188
3187
3187
3187
3187
3187
3187
3187
3187
3186
3186
3185
3185
3185
3185
3185
3185
3184
3184
3184
3183
3183
3183
3183
3183
3182
3182
3182
3181
3181
3181
3180
3180
3180
3180
3180
3180
3179
3179
3179
3178
3178
3178
3178
3177
3177
3177
3177
3177
3176
3175
3175
3175
3175
3175
3174
3174
3174
3174
3174
3174
3173
3173
3173
3173
3172
3172
3172
3172
3171
3171
3171
3171
3171
3170
3170
3170
3170
3170
3170
3170
3170
3170
3170
3169
3169
3168
3168
3168
3168
3168
3168
3168
3168
3167
3167
3167
3167
3167
3167
3167
3166
3166
3165
3165
3165
3165
3165
3165
3165
3164
3164
3164
3164
3164
3164
3164
3164
3164
3163
3163
3163
3163
3163
3163
3163
3162
3162
3162
3162
3162
3161
3161
3161
3161
3161
3160
3160
3160
3160
3160
3160
3159
3159
3159
3159
3159
3158
3158
3158
3158
3158
3158
3158
3157
3157
3157
3157
3157
3157
3156
3156
3156
3156
3156
3156
3156
3155
3155
3155
3155
3155
3154
3154
3154
3154
3154
3154
3153
3153
3153
3153
3153
3152
3152
3152
3152
3152
3152
3151
3151
3151
3151
3151
3151
3151
3150
3150
3150
3150
3150
3149
3149
3148
3148
3148
3148
3148
3146
3146
3145
3144
3144
3144
3144
3144
3144
3142
3142
3142
3141
3141
3141
3141
3140
3140
3140
3139
3139
3139
3139
3139
3139
3139
3139
3139
3138
3137
3137
3137
3137
3136
3136
3136
3136
3136
3136
3136
3136
3136
3135
3135
3134
3134
3134
3134
3134
3134
3133
3133
3133
3133
3132
3132
3132
3132
3132
3132
3131
3131
3131
3131
3131
3130
3130
3130
3129
3129
3129
3129
3129
3128
3128
3128
3128
3128
3128
3127
3127
3127
3126
3126
3126
3126
3126
3126
3126
3125
3125
3125
3125
3124
3124
3124
3124
3124
3123
3123
3123
3123
3121
3121
3121
3121
3121
3120
3120
3120
3120
3119
3119
3119
3119
3119
3119
3119
3119
3118
3117
3117
3117
3117
3117
3117
3117
3117
3116
3116
3116
3116
3116
3116
3116
3116
3116
3116
3115
3115
3115
3115
3115
3115
3114
3114
3114
3114
3114
3114
3113
3113
3112
3112
3112
3112
3112
3112
3112
3112
3111
3110
3110
3110
3110
3110
3110
3109
3109
3109
3109
3109
3108
3108
3108
3108
3108
3107
3107
3107
3107
3107
3107
3107
3107
3107
3107
3106
3106
3106
3106
3106
3106
3106
3106
3105
3105
3105
3105
3105
3105
3105
3105
3105
3105
3104
3104
3104
3104
3104
3104
3103
3103
3103
3103
3102
3102
3102
3102
3101
3101
3101
3101
3101
3100
3100
3100
3100
3100
3100
3100
3099
3099
3099
3099
3098
3098
3098
3098
3097
3097
3097
3097
3096
3096
3096
3096
3096
3095
3095
3094
3094
3094
3094
3094
3094
3093
3093
3092
3092
3092
3092
3091
3091
3091
3091
3091
3090
3090
3090
3090
3090
3089
3089
3088
3088
3088
3088
3088
3088
3087
3087
3087
3087
3087
3087
3086
3086
3086
3086
3086
3086
3086
3085
3085
3085
3085
3084
3084
3084
3084
3084
3084
3083
3083
3083
3083
3082
3082
3082
3082
3082
3081
3081
3080
3080
3080
3080
3080
3079
3079
3079
3078
3078
3078
3078
3078
3078
3078
3078
3077
3077
3077
3077
3077
3076
3076
3076
3076
3075
3075
3075
3074
3074
3074
3074
3074
3074
3073
3073
3073
3072
3072
3072
3072
3072
3072
3072
3072
3071
3071
3071
3071
3070
3070
3070
3070
3070
3070
3070
3070
3070
3070
3069
3069
3069
3069
3069
3069
3069
3069
3069
3068
3068
3068
3068
3068
3068
3067
3067
3067
3066
3066
3066
3066
3066
3065
3065
3065
3065
3065
3065
3064
3064
3064
3063
3063
3063
3062
3062
3062
3062
3061
3061
3061
3061
3060
3060
3060
3060
3060
3060
3060
3060
3059
3059
3059
3059
3059
3059
3059
3059
3059
3059
3058
3058
3057
3057
3057
3057
3057
3057
3056
3056
3056
3055
3055
3055
3055
3055
3054
3054
3054
3054
3052
3052
3052
3052
3052
3052
3052
3052
3051
3051
3051
3051
3051
3050
3050
3050
3050
3050
3049
3049
3049
3048
3048
3048
3048
3048
3048
3047
3047
3047
3047
3046
3046
3046
3045
3045
3045
3045
3045
3045
3045
3044
3044
3044
3043
3043
3043
3043
3043
3042
3042
3042
3042
3042
3041
3041
3040
3040
3040
3040
3040
3040
3039
3039
3038
3038
3038
3038
3038
3038
3037
3037
3037
3037
3037
3037
3037
3036
3036
3036
3036
3036
3036
3035
3035
3035
3034
3034
3034
3034
3033
3033
3033
3032
3032
3032
3032
3032
3032
3031
3031
3031
3031
3030
3030
3030
3030
3030
3029
3029
3029
3029
3029
3029
3029
3028
3028
3028
3028
3028
3028
3028
3028
3028
3028
3028
3027
3027
3027
3027
3027
3026
3026
3026
3026
3026
3025
3025
3024
3024
3024
3024
3024
3024
3024
3024
3024
3023
3022
3022
3022
3021
3021
3021
3020
3020
3020
3020
3020
3020
3019
3019
3019
3019
3019
3019
3019
3019
3019
3019
3018
3018
3017
3017
3017
3017
3017
3017
3017
3016
3016
3015
3015
3015
3014
3014
3014
3014
3014
3013
3013
3013
3013
3013
3012
3012
3012
3012
3012
3012
3011
3011
3011
3011
3011
3011
3010
3010
3010
3010
3010
3010
3010
3009
3009
3009
3009
3008
3008
3008
3007
3007
3007
3007
3007
3007
3007
3006
3006
3006
3006
3005
3005
3005
3004
3004
3004
3004
3004
3004
3003
3003
3003
3003
3003
3003
3003
3002
3002
3002
3001
3001
3000
3000
3000
