691872
417799
375100
359993
331505
313959
292910
289993
271484
266572
265644
247907
237534
237103
212207
210808
209958
203310
202131
199665
199404
196068
192917
178576
177858
155509
148052
145031
138393
134663
131180
130676
129229
125709
124489
121073
120811
119157
117927
117261
115990
115407
115275
113944
109007
108703
107147
107003
104901
103636
102688
102571
98188
97502
97193
96247
96131
96054
95135
93082
92209
91004
90378
89943
89421
88978
88757
87701
86584
86158
85927
85153
84625
84306
84266
82548
82075
81915
80798
79264
79068
78893
78614
77317
77255
75582
74809
74500
72894
72891
72578
71583
71314
71266
70818
70495
70459
70217
69536
69177
68138
67755
66893
66801
66800
65603
64241
64219
63489
63474
62239
62194
61603
60150
59613
59522
59426
58583
58506
57382
57243
57136
56892
56820
56601
56544
56498
55469
55049
54991
54740
54552
54239
54131
53948
53346
53289
53198
52674
52161
51495
51318
51247
50527
50472
49981
49886
49808
49555
49489
49409
49392
48852
48727
48498
48278
48122
47937
47737
47403
47397
47394
47314
47312
46594
46222
46050
45968
45714
45710
45668
45553
45432
45116
44907
44843
44295
43321
43286
43265
43245
43229
43138
43125
42990
42968
42903
42645
42550
42279
42173
41922
41908
41794
41715
41534
41434
41422
41409
41400
41399
41259
41003
40961
40663
40479
40260
40249
40240
40191
40174
40029
39826
39814
39634
39559
39496
39451
39440
39359
39112
39097
39052
39049
39001
38960
38897
38376
38225
38128
38102
37958
37753
37687
37429
37107
37048
37020
36971
36770
36728
36642
36641
36499
36446
36285
36262
36090
35950
35876
35847
35749
35460
35160
35144
35100
35015
34977
34965
34866
34846
34827
34686
34674
34655
34413
34281
34241
34229
34202
34194
34137
34049
33878
33738
33590
33567
33561
33526
33504
33474
33146
33133
33030
32923
32884
32873
32779
32770
32764
32555
32543
32541
32517
32515
32468
32463
32401
32294
32246
32062
31996
31898
31815
31626
31618
31576
31502
31445
31406
31374
31293
31269
31246
31156
31155
31063
30944
30729
30683
30570
30567
30527
30370
30322
30238
30219
30203
30183
30178
30170
30156
30135
30098
30058
30027
29948
29840
29724
29598
29559
29558
29551
29469
29459
29389
29320
29318
29298
29260
28894
28886
28878
28842
28814
28785
28782
28704
28630
28600
28597
28547
28499
28457
28439
28395
28395
28395
28381
28355
28330
28321
28296
28246
28201
28123
28068
28062
28028
28027
27987
27942
27941
27877
27816
27772
27754
27717
27694
27686
27577
27571
27527
27475
27344
27341
27280
27224
27186
27118
27040
27021
26910
26885
26814
26796
26745
26744
26717
26709
26609
26599
26554
26534
26487
26454
26452
26389
26345
26326
26307
26217
26212
26192
26172
26148
26109
26103
25957
25901
25895
25880
25860
25859
25802
25742
25711
25708
25697
25669
25613
25604
25599
25588
25567
25550
25544
25457
25435
25428
25270
25234
25181
25170
25128
25128
25116
25104
25086
25029
25025
24867
24849
24848
24814
24741
24729
24721
24681
24535
24526
24479
24475
24449
24416
24406
24393
24388
24343
24316
24310
24293
24275
24262
24243
24242
24215
24207
24185
24125
24124
24045
24028
23949
23908
23898
23860
23853
23851
23806
23805
23797
23793
23710
23696
23688
23679
23647
23579
23557
23532
23524
23494
23493
23479
23473
23325
23285
23133
23126
23087
23065
23052
23044
23043
23009
22997
22982
22961
22945
22922
22889
22886
22726
22702
22688
22684
22606
22575
22554
22548
22455
22454
22427
22422
22411
22405
22396
22383
22372
22356
22259
22253
22170
22168
22121
22027
21962
21960
21938
21927
21909
21876
21852
21850
21839
21835
21821
21814
21800
21769
21721
21692
21672
21594
21592
21583
21574
21539
21536
21518
21465
21465
21455
21426
21303
21257
21229
21226
21225
21217
21203
21203
21147
21144
21131
21093
21069
21066
21060
21053
21026
20923
20849
20849
20823
20808
20716
20707
20666
20653
20628
20609
20602
20533
20509
20483
20483
20463
20425
20377
20367
20354
20327
20324
20317
20294
20286
20273
20242
20239
20160
20153
20151
20140
20133
20128
20112
20109
20104
20103
20064
20043
20040
20029
19956
19952
19940
19918
19759
19743
19726
19720
19673
19647
19640
19615
19614
19595
19574
19539
19531
19530
19524
19493
19471
19433
19397
19395
19390
19377
19355
19330
19255
19230
19215
19201
19126
19105
19097
19077
19070
19069
19068
19036
18985
18974
18965
18965
18952
18946
18918
18885
18868
18846
18817
18798
18780
18755
18723
18704
18676
18646
18644
18634
18597
18558
18557
18548
18541
18536
18533
18529
18528
18503
18458
18434
18376
18359
18354
18344
18337
18323
18298
18289
18232
18217
18204
18200
18190
18179
18171
18162
18129
18109
18100
18085
18084
18070
18026
17976
17968
17966
17966
17902
17902
17892
17866
17856
17842
17838
17831
17810
17783
17783
17765
17748
17747
17718
17702
17677
17674
17666
17651
17627
17620
17620
17591
17579
17570
17563
17547
17544
17514
17508
17505
17490
17487
17485
17476
17456
17430
17415
17374
17360
17337
17323
17286
17279
17277
17237
17194
17187
17148
17121
17119
17116
17108
17105
17092
17063
17037
17013
17011
16992
16958
16947
16932
16906
16867
16844
16844
16836
16815
16812
16802
16792
16770
16768
16766
16742
16742
16724
16701
16666
16635
16594
16588
16586
16584
16560
16509
16500
16474
16471
16463
16457
16446
16443
16439
16415
16411
16398
16394
16377
16375
16350
16326
16315
16313
16294
16236
16184
16180
16123
16121
16102
16101
16091
16087
16083
16081
16073
16050
16049
16045
16038
16029
16012
15997
15964
15946
15938
15931
15920
15898
15876
15862
15854
15852
15845
15842
15830
15828
15815
15808
15807
15793
15784
15771
15767
15759
15755
15733
15728
15726
15716
15709
15694
15688
15684
15677
15660
15655
15643
15633
15628
15598
15593
15582
15573
15571
15566
15555
15554
15529
15518
15500
15494
15491
15483
15463
15461
15460
15447
15442
15422
15412
15397
15392
15380
15378
15370
15357
15357
15343
15333
15332
15332
15316
15235
15232
15222
15214
15204
15202
15196
15194
15190
15180
15177
15174
15173
15172
15170
15169
15163
15156
15153
15153
15131
15128
15127
15124
15115
15105
15101
15086
15083
15077
15067
15049
15046
15033
15014
14997
14992
14992
14989
14980
14957
14954
14953
14948
14931
14921
14886
14867
14863
14857
14846
14842
14841
14811
14808
14799
14781
14779
14765
14746
14742
14727
14717
14716
14706
14668
14662
14654
14645
14625
14622
14613
14599
14587
14582
14580
14566
14562
14527
14527
14511
14507
14503
14490
14481
14456
14438
14433
14415
14411
14405
14394
14384
14378
14378
14376
14372
14364
14360
14338
14337
14330
14315
14305
14303
14297
14273
14269
14267
14264
14249
14246
14230
14230
14229
14224
14213
14201
14201
14196
14191
14185
14184
14174
14170
14167
14158
14158
14153
14140
14125
14119
14101
14071
14070
14067
14052
14044
14036
14035
14030
14026
14018
14006
13991
13984
13984
13980
13979
13971
13961
13953
13924
13916
13893
13893
13877
13855
13851
13842
13828
13828
13809
13801
13800
13794
13782
13756
13752
13743
13719
13711
13710
13707
13701
13691
13687
13665
13662
13662
13645
13637
13634
13630
13609
13600
13600
13568
13563
13562
13546
13541
13539
13539
13535
13532
13532
13528
13527
13525
13520
13520
13505
13493
13487
13470
13469
13467
13457
13454
13440
13426
13422
13418
13409
13383
13381
13377
13361
13361
13360
13343
13343
13324
13317
13301
13298
13294
13293
13288
13284
13278
13273
13263
13261
13257
13246
13229
13228
13223
13223
13212
13199
13197
13195
13179
13173
13169
13167
13166
13165
13160
13151
13150
13138
13114
13114
13101
13100
13099
13098
13091
13075
13072
13069
13061
13053
13049
13047
13046
13039
13035
13030
13026
13021
12989
12987
12976
12975
12961
12954
12954
12947
12939
12934
12912
12896
12892
12885
12884
12878
12869
12848
12835
12831
12828
12825
12821
12818
12818
12815
12809
12792
12792
12774
12765
12764
12745
12728
12722
12721
12706
12703
12703
12701
12701
12684
12658
12656
12653
12647
12646
12641
12640
12639
12626
12619
12612
12599
12598
12582
12575
12560
12554
12552
12540
12537
12520
12516
12513
12510
12505
12485
12478
12466
12456
12447
12446
12440
12438
12430
12417
12409
12407
12383
12381
12375
12374
12372
12364
12362
12359
12359
12358
12355
12354
12345
12334
12329
12323
12322
12317
12313
12312
12303
12293
12283
12262
12261
12255
12250
12248
12246
12240
12227
12224
12224
12211
12207
12189
12186
12175
12175
12172
12163
12160
12146
12143
12133
12126
12111
12103
12096
12083
12081
12076
12065
12064
12060
12052
12050
12047
12037
12023
12022
12016
12011
12004
12001
11994
11994
11990
11988
11988
11964
11955
11951
11942
11922
11903
11890
11885
11837
11835
11835
11827
11827
11811
11802
11799
11795
11794
11788
11787
11786
11784
11773
11771
11763
11756
11755
11755
11755
11754
11751
11743
11724
11719
11719
11712
11704
11703
11701
11697
11697
11697
11692
11690
11683
11682
11678
11663
11657
11645
11642
11636
11635
11635
11597
11589
11581
11572
11570
11557
11544
11541
11537
11534
11534
11517
11515
11511
11508
11493
11479
11467
11465
11456
11452
11451
11433
11428
11426
11402
11397
11396
11394
11394
11392
11391
11385
11378
11373
11365
11362
11357
11353
11346
11341
11341
11332
11329
11327
11327
11314
11293
11290
11286
11283
11281
11274
11273
11270
11269
11268
11266
11262
11258
11258
11255
11251
11242
11240
11235
11235
11233
11226
11217
11207
11204
11203
11203
11196
11196
11191
11185
11185
11183
11182
11180
11180
11179
11175
11173
11168
11146
11146
11144
11143
11142
11136
11135
11133
11129
11125
11119
11118
11116
11110
11102
11094
11093
11088
11082
11080
11078
11074
11066
11065
11064
11055
11052
11050
11050
11027
11020
11011
11007
11005
11002
11002
11001
10996
10994
10986
10980
10975
10970
10965
10953
10950
10948
10948
10946
10945
10943
10936
10935
10929
10929
10927
10926
10909
10904
10900
10896
10892
10891
10884
10883
10882
10871
10869
10866
10863
10861
10858
10852
10848
10843
10839
10831
10830
10830
10830
10828
10821
10815
10812
10801
10793
10786
10781
10773
10772
10771
10768
10766
10766
10760
10755
10754
10752
10751
10750
10749
10740
10727
10724
10710
10710
10704
10701
10699
10699
10696
10686
10684
10675
10670
10663
10662
10661
10656
10650
10648
10637
10635
10625
10617
10615
10613
10612
10607
10600
10591
10582
10580
10574
10573
10570
10570
10568
10560
10542
10536
10534
10532
10530
10520
10512
10511
10510
10506
10504
10502
10499
10496
10495
10489
10480
10478
10476
10475
10470
10452
10447
10445
10445
10438
10437
10435
10434
10431
10429
10421
10421
10417
10416
10413
10410
10397
10395
10385
10384
10379
10377
10375
10372
10372
10363
10363
10360
10354
10344
10342
10334
10332
10328
10311
10309
10288
10286
10282
10282
10277
10273
10271
10269
10253
10253
10253
10245
10244
10239
10239
10238
10233
10228
10228
10227
10227
10226
10225
10217
10216
10216
10215
10214
10211
10211
10209
10204
10203
10201
10195
10181
10165
10162
10158
10158
10146
10144
10136
10134
10131
10115
10103
10096
10093
10091
10088
10083
10081
10073
10073
10068
10051
10049
10032
10024
10023
10022
10020
10017
10015
10012
10009
9993
9992
9991
9989
9989
9986
9986
9980
9978
9977
9966
9966
9965
9964
9957
9956
9949
9942
9938
9935
9927
9922
9916
9914
9914
9911
9907
9906
9898
9898
9895
9889
9889
9888
9887
9885
9882
9881
9881
9875
9871
9870
9868
9867
9864
9864
9862
9858
9853
9848
9847
9840
9840
9837
9835
9829
9828
9822
9822
9819
9811
9810
9809
9805
9801
9797
9795
9794
9788
9783
9778
9777
9775
9774
9771
9762
9762
9762
9761
9759
9758
9752
9741
9737
9734
9733
9726
9719
9718
9716
9710
9710
9709
9707
9705
9703
9690
9682
9679
9673
9668
9667
9666
9666
9664
9655
9638
9628
9626
9621
9620
9620
9617
9604
9604
9603
9601
9600
9591
9590
9586
9580
9577
9577
9575
9571
9570
9569
9568
9562
9560
9559
9557
9556
9548
9543
9536
9534
9533
9532
9531
9531
9531
9530
9519
9505
9503
9503
9501
9500
9492
9492
9490
9489
9487
9487
9485
9483
9482
9477
9474
9470
9466
9463
9459
9459
9458
9457
9456
9450
9442
9436
9433
9419
9418
9408
9406
9403
9402
9402
9401
9392
9392
9388
9387
9382
9376
9373
9371
9369
9369
9367
9364
9362
9360
9360
9359
9357
9354
9350
9348
9344
9342
9342
9341
9338
9334
9328
9322
9322
9321
9313
9310
9294
9289
9289
9288
9276
9265
9263
9251
9250
9249
9248
9240
9233
9232
9231
9231
9229
9228
9223
9223
9214
9208
9203
9203
9203
9202
9193
9184
9183
9178
9169
9165
9163
9163
9161
9159
9158
9158
9158
9154
9154
9153
9153
9152
9146
9142
9138
9135
9129
9128
9126
9121
9121
9120
9115
9114
9107
9102
9102
9097
9094
9093
9092
9071
9064
9064
9064
9058
9057
9057
9054
9051
9050
9050
9049
9046
9044
9038
9025
9028
9025
9011
9010
9007
9004
9000
8995
8992
8987
8979
8978
8972
8964
8962
8961
8959
8955
8955
8945
8942
8941
8936
8933
8932
8931
8928
8922
8919
8917
8916
8916
8915
8914
8912
8906
8901
8899
8892
8889
8887
8884
8879
8874
8869
8867
8858
8857
8855
8853
8849
8848
8837
8836
8835
8832
8832
8832
8826
8825
8816
8815
8813
8811
8810
8802
8798
8793
8792
8790
8784
8784
8780
8778
8778
8776
8774
8773
8769
8766
8764
8764
8760
8753
8751
8751
8750
8738
8735
8732
8725
8723
8722
8721
8719
8716
8714
8711
8708
8706
8691
8691
8691
8690
8690
8688
8686
8686
8685
8683
8682
8682
8680
8678
8678
8675
8667
8664
8661
8660
8659
8652
8650
8649
8647
8639
8627
8626
8621
8619
8614
8612
8610
8609
8604
8604
8603
8602
8600
8590
8586
8578
8574
8572
8567
8567
8566
8565
8563
8562
8558
8557
8554
8553
8553
8550
8542
8542
8541
8541
8540
8539
8534
8531
8528
8525
8512
8511
8506
8506
8492
8490
8489
8487
8485
8484
8481
8481
8476
8474
8474
8473
8470
8467
8464
8463
8461
8460
8457
8456
8448
8445
8442
8438
8436
8434
8434
8433
8430
8425
8416
8415
8412
8411
8409
8409
8405
8403
8402
8402
8394
8392
8391
8389
8388
8386
8379
8375
8371
8371
8368
8367
8363
8362
8360
8359
8359
8358
8351
8346
8345
8341
8340
8338
8334
8326
8320
8316
8314
8314
8313
8310
8309
8309
8306
8304
8303
8301
8299
8297
8297
8291
8291
8290
8289
8289
8285
8282
8281
8279
8273
8272
8271
8267
8267
8263
8259
8258
8253
8248
8242
8240
8236
8232
8230
8226
8226
8226
8224
8223
8220
8219
8218
8210
8209
8207
8203
8200
8200
8200
8197
8194
8193
8192
8184
8180
8179
8175
8174
8171
8170
8166
8160
8158
8158
8156
8152
8152
8147
8147
8147
8145
8144
8142
8136
8132
8130
8129
8128
8127
8123
8122
8119
8115
8111
8107
8106
8103
8103
8098
8098
8097
8097
8097
8095
8091
8090
8087
8086
8086
8081
8079
8078
8078
8074
8063
8053
8051
8046
8043
8042
8041
8040
8037
8036
8035
8033
8031
8030
8030
8029
8023
8020
8019
8015
8013
8006
8004
8003
7999
7999
7997
7992
7991
7991
7989
7988
7985
7980
7977
7969
7968
7967
7966
7964
7963
7957
7955
7950
7950
7937
7936
7933
7933
7927
7926
7925
7919
7919
7916
7914
7912
7912
7910
7903
7903
7902
7899
7897
7895
7893
7891
7886
7885
7885
7880
7879
7876
7876
7873
7870
7852
7850
7847
7847
7847
7843
7841
7841
7840
7839
7838
7838
7836
7833
7832
7830
7830
7829
7829
7826
7824
7821
7820
7810
7808
7807
7799
7797
7796
7796
7793
7793
7792
7792
7791
7782
7781
7779
7777
7776
7770
7769
7764
7764
7764
7764
7763
7762
7762
7761
7760
7758
7757
7754
7754
7753
7751
7749
7748
7748
7747
7746
7744
7742
7740
7740
7740
7739
7737
7737
7729
7728
7724
7717
7708
7705
7699
7698
7694
7693
7682
7680
7680
7680
7678
7676
7676
7674
7673
7673
7671
7671
7668
7667
7662
7654
7648
7647
7645
7643
7641
7635
7634
7634
7633
7629
7626
7625
7623
7623
7619
7617
7617
7616
7616
7611
7609
7608
7606
7603
7602
7602
7601
7601
7600
7598
7597
7594
7594
7593
7592
7588
7587
7581
7579
7573
7572
7572
7571
7571
7571
7569
7568
7566
7566
7563
7563
7562
7560
7559
7556
7550
7546
7545
7542
7539
7537
7536
7535
7532
7532
7529
7527
7525
7525
7519
7518
7515
7515
7515
7514
7513
7506
7505
7505
7500
7499
7498
7494
7493
7493
7493
7493
7491
7485
7484
7483
7481
7479
7478
7477
7477
7474
7474
7473
7472
7470
7469
7463
7462
7461
7461
7460
7460
7459
7459
7459
7456
7455
7448
7447
7444
7443
7440
7438
7433
7432
7425
7422
7422
7421
7419
7419
7415
7413
7413
7411
7410
7408
7408
7403
7401
7400
7400
7400
7399
7398
7398
7396
7393
7391
7391
7390
7387
7386
7379
7379
7375
7374
7372
7371
7370
7367
7365
7363
7361
7359
7358
7351
7346
7345
7345
7344
7342
7340
7339
7338
7334
7334
7332
7331
7330
7330
7329
7329
7327
7326
7324
7322
7322
7320
7320
7318
7317
7316
7311
7310
7309
7306
7306
7305
7304
7302
7301
7301
7297
7294
7292
7292
7290
7288
7287
7286
7283
7275
7274
7274
7272
7272
7272
7271
7267
7267
7264
7263
7263
7262
7259
7258
7258
7253
7252
7252
7252
7250
7243
7242
7242
7241
7241
7235
7234
7233
7230
7227
7226
7226
7226
7220
7218
7216
7216
7215
7214
7210
7210
7209
7209
7208
7205
7204
7203
7202
7200
7199
7198
7197
7194
7194
7193
7193
7184
7182
7177
7177
7177
7173
7172
7166
7166
7165
7164
7163
7161
7159
7159
7159
7156
7153
7152
7150
7147
7147
7146
7145
7140
7139
7137
7132
7131
7128
7128
7126
7125
7122
7122
7120
7118
7118
7118
7118
7111
7110
7107
7107
7107
7105
7104
7098
7096
7095
7095
7093
7092
7091
7088
7088
7087
7085
7084
7079
7078
7077
7073
7072
7071
7071
7069
7068
7067
7067
7065
7064
7063
7060
7057
7057
7055
7055
7054
7054
7052
7052
7050
7049
7047
7047
7046
7045
7043
7043
7038
7036
7035
7034
7033
7032
7031
7030
7028
7028
7027
7027
7029
7026
7024
7023
7023
7017
7017
7016
7015
7008
7004
7001
6998
6932
6996
6994
6994
6990
6986
6980
6980
6979
6978
6975
6971
6968
6966
6962
6961
6961
6959
6958
6956
6956
6955
6955
6954
6952
6951
6950
6950
6950
6948
6945
6940
6940
6936
6935
6934
6931
6929
6927
6926
6926
6920
6919
6917
6915
6913
6912
6911
6911
6911
6906
6904
6904
6902
6900
6898
6898
6897
6896
6895
6894
6894
6894
6893
6893
6891
6891
6887
6885
6885
6881
6875
6873
6873
6871
6869
6867
6867
6866
6865
6863
6857
6854
6854
6852
6852
6848
6846
6845
6843
6843
6843
6841
6838
6836
6836
6835
6831
6828
6824
6822
6820
6812
6810
6810
6810
6803
6802
6801
6799
6796
6794
6793
6792
6791
6788
6787
6787
6787
6784
6783
6782
6781
6781
6781
6780
6779
6777
6768
6767
6764
6761
6761
6760
6759
6758
6758
6757
6756
6756
6755
6755
6753
6753
6752
6751
6750
6749
6748
6748
6742
6740
6738
6738
6738
6736
6735
6735
6730
6728
6727
6727
6725
6724
6724
6723
6723
6722
6721
6721
6719
6719
6718
6716
6716
6706
6702
6700
6699
6697
6696
6695
6693
6692
6692
6691
6685
6685
6684
6683
6683
6683
6677
6673
6672
6672
6670
6667
6667
6665
6664
6661
6657
6655
6652
6650
6648
6647
6647
6646
6641
6639
6636
6635
6635
6633
6632
6630
6628
6624
6623
6622
6622
6614
6612
6610
6610
6610
6607
6604
6604
6604
6602
6601
6600
6590
6588
6588
6587
6584
6580
6578
6577
6575
6573
6572
6570
6569
6569
6568
6566
6563
6561
6558
6556
6555
6555
6548
6547
6542
6539
6536
6535
6532
6531
6529
6528
6526
6525
6524
6524
6522
6521
6520
6520
6519
6519
6516
6513
6513
6510
6508
6507
6504
6502
6500
6499
6499
6497
6495
6493
6492
6492
6490
6490
6489
6479
6478
6474
6473
6472
6471
6471
6470
6470
6469
6468
6466
6463
6461
6455
6454
6452
6451
6451
6449
6449
6448
6448
6445
6444
6442
6441
6438
6438
6436
6435
6433
6433
6433
6432
6429
6426
6423
6421
6421
6421
6419
6419
6418
6417
6416
6416
6414
6413
6413
6412
6409
6408
6406
6403
6401
6400
6398
6397
6396
6396
6396
6393
6392
6390
6389
6385
6383
6383
6382
6380
6380
6380
6379
6379
6377
6376
6375
6375
6374
6373
6372
6370
6369
6368
6368
6366
6366
6365
6363
6362
6357
6355
6354
6351
6351
6350
6350
6348
6346
6344
6344
6343
6343
6342
6342
6340
6335
6335
6334
6332
6329
6329
6325
6319
6316
6315
6314
6313
6311
6309
6308
6308
6308
6302
6301
6300
6298
6297
6292
6290
6290
6288
6287
6287
6284
6283
6283
6282
6282
6281
6278
6277
6276
6272
6270
6265
6264
6264
6262
6262
6258
6258
6258
6257
6257
6256
6254
6254
6252
6252
6251
6251
6251
6250
6249
6249
6248
6245
6244
6244
6242
6242
6241
6240
6239
6239
6236
6235
6231
6229
6228
6228
6228
6227
6227
6226
6226
6224
6224
6223
6222
6219
6218
6218
6218
6217
6217
6217
6215
6215
6214
6209
6206
6204
6201
6201
6197
6197
6197
6195
6192
6192
6192
6191
6190
6188
6187
6186
6185
6185
6184
6184
6182
6181
6181
6180
6179
6177
6176
6176
6176
6175
6174
6174
6174
6173
6170
6169
6166
6166
6166
6165
6165
6163
6161
6161
6158
6157
6154
6152
6151
6151
6150
6149
6149
6149
6149
6145
6145
6144
6144
6144
6142
6141
6139
6138
6137
6136
6136
6134
6131
6131
6130
6129
6128
6122
6122
6121
6119
6118
6117
6117
6115
6115
6114
6114
6111
6106
6104
6099
6099
6096
6094
6088
6088
6087
6086
6085
6085
6085
6084
6084
6083
6081
6081
6081
6081
6078
6077
6070
6070
6068
6067
6066
6066
6066
6063
6062
6062
6059
6059
6059
6055
6055
6054
6051
6050
6047
6045
6044
6044
6041
6041
6037
6036
6036
6036
6034
6032
6030
6029
6026
6025
6025
6024
6023
6023
6019
6019
6019
6019
6015
6015
6014
6013
6013
6011
6011
6010
6009
6008
6008
6008
6007
6007
6005
6002
6002
6000
6000
6000
5999
5997
5997
5994
5993
5992
5989
5988
5988
5988
5985
5985
5984
5983
5982
5981
5980
5980
5980
5979
5976
5976
5971
5971
5970
5964
5962
5960
5959
5957
5956
5955
5954
5953
5951
5948
5948
5947
5947
5947
5947
5946
5945
5944
5942
5940
5938
5937
5937
5936
5934
5934
5933
5932
5930
5930
5928
5927
5927
5927
5926
5923
5920
5920
5919
5919
5918
5917
5917
5916
5914
5914
5914
5913
5912
5911
5910
5908
5907
5904
5903
5903
5903
5901
5900
5899
5898
5898
5897
5897
5897
5894
5891
5889
5885
5884
5883
5883
5882
5882
5880
5880
5879
5878
5878
5877
5877
5876
5875
5875
5872
5872
5871
5871
5869
5868
5867
5866
5866
5865
5864
5863
5863
5861
5860
5859
5858
5858
5857
5856
5854
5853
5849
5846
5845
5845
5843
5843
5841
5839
5839
5837
5836
5835
5835
5833
5833
5831
5831
5830
5830
5830
5827
5824
5822
5818
5817
5817
5816
5816
5815
5815
5812
5812
5811
5810
5805
5803
5803
5803
5802
5800
5799
5798
5796
5796
5795
5793
5793
5792
5792
5792
5790
5789
5789
5784
5781
5780
5778
5774
5772
5769
5765
5764
5762
5762
5760
5760
5760
5758
5757
5754
5753
5753
5753
5752
5751
5750
5749
5748
5747
5745
5745
5745
5745
5744
5740
5740
5739
5739
5739
5735
5735
5734
5734
5734
5733
5731
5728
5728
5727
5727
5727
5726
5726
5724
5724
5723
5721
5721
5719
5718
5717
5716
5716
5713
5713
5712
5710
5710
5710
5709
5708
5707
5706
5706
5702
5702
5700
5699
5698
5697
5696
5695
5694
5692
5691
5690
5690
5688
5687
5687
5686
5686
5682
5681
5681
5680
5680
5680
5679
5679
5678
5678
5678
5677
5676
5675
5674
5674
5673
5672
5672
5670
5670
5670
5669
5669
5669
5668
5668
5667
5667
5663
5663
5659
5659
5659
5659
5658
5657
5656
5655
5654
5653
5652
5652
5651
5649
5649
5648
5646
5646
5641
5640
5640
5640
5638
5636
5635
5634
5634
5632
5630
5626
5625
5621
5619
5619
5618
5616
5616
5616
5615
5614
5614
5613
5613
5612
5612
5611
5610
5608
5608
5606
5606
5606
5604
5604
5603
5603
5602
5601
5600
5600
5600
5599
5598
5597
5596
5593
5591
5589
5587
5585
5584
5583
5581
5581
5580
5579
5578
5575
5573
5573
5570
5569
5567
5564
5563
5563
5563
5562
5560
5559
5559
5559
5558
5557
5557
5554
5553
5551
5551
5551
5550
5550
5549
5548
5547
5546
5546
5543
5542
5541
5540
5539
5536
5536
5533
5533
5532
5532
5532
5532
5531
5531
5531
5531
5530
5530
5530
5530
5526
5525
5524
5524
5523
5523
5522
5503
5520
5518
5516
5515
5515
5514
5510
5508
5508
5507
5507
5507
5506
5506
5504
5394
5503
5502
5502
5501
5500
5499
5498
5498
5498
5497
5497
5494
5494
5494
5494
5494
5492
5491
5491
5490
5490
5489
5488
5485
5484
5484
5483
5482
5482
5480
5478
5476
5472
5471
5471
5471
5471
5469
5469
5469
5469
5468
5468
5465
5465
5465
5464
5464
5462
5462
5459
5456
5455
5455
5454
5453
5453
5453
5451
5451
5450
5450
5449
5448
5448
5447
5446
5445
5445
5444
5442
5442
5441
5440
5438
5438
5437
5434
5432
5432
5432
5432
5432
5431
5429
5429
5427
5426
5425
5425
5423
5423
5421
5420
5418
5416
5416
5415
5414
5414
5413
5412
5407
5406
5406
5405
5404
5403
5402
5401
5401
5400
5400
5397
5397
5397
5395
5393
5393
5391
5391
5390
5388
5387
5386
5385
5385
5385
5384
5382
5381
5381
5381
5380
5380
5380
5379
5379
5379
5378
5375
5373
5372
5372
5370
5370
5367
5367
5366
5366
5365
5364
5363
5362
5361
5361
5360
5358
5358
5357
5357
5356
5356
5356
5355
5355
5353
5352
5352
5351
5350
5350
5350
5349
5348
5348
5346
5345
5345
5344
5343
5343
5342
5342
5340
5340
5339
5338
5336
5335
5335
5334
5334
5334
5332
5332
5323
5322
5320
5318
5317
5316
5316
5315
5315
5315
5314
5313
5311
5308
5307
5307
5306
5305
5305
5304
5304
5302
5302
5298
5298
5297
5295
5293
5293
5291
5290
5289
5287
5286
5286
5285
5284
5283
5281
5280
5278
5277
5276
5275
5274
5274
5273
5273
5271
5270
5269
5269
5266
5265
5265
5265
5262
5262
5261
5261
5259
5259
5259
5257
5256
5256
5255
5255
5253
5253
5253
5252
5251
5251
5249
5248
5248
5248
5248
5247
5247
5247
5246
5245
5243
5243
5242
5241
5241
5241
5241
5238
5236
5235
5235
5235
5235
5234
5232
5232
5231
5231
5230
5229
5229
5229
5228
5228
5225
5224
5224
5221
5220
5218
5216
5216
5216
5215
5215
5215
5214
5214
5214
5213
5213
5212
5212
5212
5211
5211
5210
5210
5209
5209
5208
5207
5205
5205
5204
5202
5202
5200
5200
5200
5196
5193
5192
5187
5185
5183
5183
5180
5178
5177
5176
5176
5176
5176
5175
5175
5173
5173
5172
5172
5172
5171
5168
5168
5168
5167
5167
5166
5165
5165
5163
5163
5162
5162
5162
5160
5160
5160
5159
5157
5156
5152
5151
5150
5148
5147
5147
5145
5144
5144
5138
5136
5136
5135
5134
5131
5131
5128
5126
5125
5125
5124
5123
5122
5121
5120
5120
5117
5116
5115
5115
5114
5111
5110
5110
5110
5109
5109
5106
5104
5103
5103
5101
5101
5100
5100
5098
5096
5095
5095
5095
5094
5094
5093
5092
5092
5091
5091
5089
5089
5089
5087
5086
5085
5085
5085
5085
5081
5081
5080
5079
5079
5078
5078
5078
5078
5077
5076
5076
5076
5075
5074
5074
5073
5073
5071
5071
5070
5070
5070
5070
5069
5068
5067
5067
5065
5064
5063
5062
5061
5061
5061
5060
5060
5060
5060
5059
5057
5055
5054
5054
5051
5051
5051
5050
5049
5048
5048
5045
5041
5040
5039
5038
5037
5036
5034
5034
5033
5032
5030
5030
5030
5029
5028
5028
5028
5026
5026
5025
5023
5022
5022
5021
5020
5020
5020
5019
5016
5016
5014
5014
5013
5013
5010
5010
5010
5010
5009
5008
5008
5008
5007
5007
5006
5006
5005
5005
5005
5004
5004
5002
5002
5002
5001
5001
4997
4996
4996
4996
4995
4993
4991
4990
4989
4988
4987
4986
4986
4985
4983
4982
4981
4980
4980
4980
4979
4977
4977
4976
4974
4973
4973
4971
4968
4968
4967
4966
4966
4965
4965
4965
4964
4963
4962
4961
4961
4961
4959
4959
4959
4958
4955
4955
4954
4954
4954
4954
4953
4952
4952
4951
4950
4949
4947
4947
4946
4945
4944
4944
4942
4939
4939
4939
4938
4938
4936
4936
4934
4932
4932
4931
4931
4930
4929
4929
4928
4928
4927
4927
4925
4925
4924
4924
4923
4922
4921
4920
4920
4920
4920
4919
4919
4918
4918
4918
4917
4917
4914
4913
4912
4911
4911
4910
4910
4910
4910
4910
4910
4905
4904
4903
4900
4898
4898
4897
4897
4895
4895
4894
4892
4892
4892
4891
4891
4891
4890
4890
4888
4887
4886
4885
4884
4884
4883
4882
4882
4881
4881
4881
4880
4880
4879
4878
4876
4876
4875
4875
4875
4874
4873
4870
4870
4870
4869
4869
4868
4867
4866
4865
4864
4863
4863
4863
4862
4862
4862
4861
4860
4860
4860
4859
4859
4858
4858
4858
4857
4856
4856
4855
4853
4852
4852
4851
4851
4850
4849
4846
4845
4845
4844
4842
4841
4841
4840
4840
4840
4839
4838
4835
4835
4833
4833
4833
4833
4832
4832
4832
4831
4830
4830
4830
4827
4825
4824
4824
4823
4823
4821
4821
4820
4818
4817
4811
4811
4810
4810
4809
4808
4807
4807
4807
4806
4806
4806
4806
4803
4801
4801
4801
4800
4799
4799
4797
4796
4794
4792
4792
4791
4791
4791
4790
4789
4788
4788
4786
4786
4786
4784
4783
4780
4780
4779
4779
4778
4778
4775
4774
4773
4772
4771
4771
4770
4769
4769
4767
4766
4766
4765
4763
4763
4762
4762
4761
4761
4761
4760
4760
4758
4756
4754
4754
4753
4752
4752
4751
4749
4749
4749
4747
4747
4747
4747
4745
4744
4744
4739
4737
4736
4735
4735
4733
4732
4731
4730
4726
4725
4725
4724
4724
4723
4723
4723
4723
4722
4721
4721
4719
4718
4718
4717
4716
4716
4714
4713
4713
4713
4711
4710
4710
4709
4709
4708
4708
4708
4708
4708
4708
4705
4704
4703
4702
4702
4702
4702
4700
4699
4695
4695
4693
4692
4692
4691
4690
4688
4688
4687
4686
4686
4685
4684
4683
4682
4680
4679
4679
4678
4678
4676
4674
4674
4673
4672
4672
4670
4670
4670
4668
4668
4668
4667
4667
4667
4665
4664
4664
4664
4664
4664
4663
4663
4663
4663
4662
4662
4660
4660
4659
4659
4658
4658
4658
4658
4657
4657
4654
4654
4654
4653
4652
4651
4651
4650
4650
4649
4648
4648
4646
4645
4643
4642
4642
4641
4641
4641
4641
4639
4638
4637
4636
4635
4635
4635
4635
4634
4632
4632
4631
4631
4630
4630
4629
4629
4629
4629
4629
4628
4628
4627
4627
4626
4626
4626
4626
4625
4623
4623
4621
4620
4620
4616
4614
4614
4612
4612
4611
4610
4609
4609
4607
4606
4606
4606
4605
4604
4601
4601
4601
4600
4600
4598
4598
4598
4598
4598
4593
4593
4592
4592
4591
4591
4590
4590
4590
4590
4590
4589
4587
4586
4586
4586
4584
4584
4584
4583
4582
4581
4579
4578
4577
4577
4577
4576
4576
4576
4575
4574
4574
4574
4573
4573
4573
4572
4572
4571
4571
4570
4568
4566
4566
4565
4565
4563
4562
4562
4562
4560
4560
4558
4557
4557
4556
4556
4555
4555
4552
4551
4550
4550
4550
4548
4546
4546
4543
4543
4542
4542
4542
4541
4541
4541
4539
4539
4538
4537
4536
4536
4536
4535
4533
4533
4532
4532
4532
4532
4531
4531
4530
4530
4530
4530
4529
4527
4527
4527
4526
4526
4525
4524
4524
4522
4521
4521
4520
4520
4517
4516
4516
4515
4514
4514
4514
4513
4513
4512
4512
4511
4509
4509
4507
4506
4505
4505
4505
4505
4504
4503
4502
4501
4501
4499
4499
4498
4497
4497
4495
4495
4494
4494
4493
4492
4492
4490
4490
4490
4490
4489
4489
4489
4488
4488
4488
4487
4487
4485
4484
4484
4484
4483
4483
4483
4481
4480
4480
4480
4476
4474
4472
4472
4471
4470
4470
4470
4468
4467
4466
4465
4464
4464
4463
4463
4462
4461
4461
4457
4457
4457
4457
4457
4455
4454
4454
4453
4453
4452
4452
4451
4449
4449
4448
4448
4447
4447
4447
4447
4446
4444
4444
4444
4444
4442
4442
4440
4440
4439
4439
4438
4435
4435
4434
4433
4433
4433
4431
4430
4430
4430
4430
4429
4429
4429
4428
4428
4426
4425
4424
4424
4424
4422
4422
4420
4416
4415
4415
4415
4414
4413
4413
4413
4412
4412
4407
4407
4406
4406
4406
4406
4406
4405
4405
4405
4405
4403
4403
4403
4402
4402
4402
4402
4400
4399
4398
4397
4397
4396
4396
4395
4394
4394
4394
4393
4393
4390
4390
4390
4389
4389
4389
4388
4388
4388
4385
4385
4385
4385
4384
4383
4382
4381
4381
4381
4380
4380
4380
4379
4379
4379
4378
4377
4376
4376
4375
4374
4374
4374
4372
4372
4372
4371
4371
4371
4371
4370
4370
4370
4369
4369
4369
4368
4368
4366
4366
4366
4365
4365
4363
4361
4360
4359
4359
4359
4358
4358
4355
4354
4354
4354
4352
4351
4351
4350
4350
4350
4349
4347
4346
4345
4344
4343
4343
4343
4342
4342
4341
4339
4338
4338
4336
4335
4335
4334
4334
4333
4330
4330
4330
4330
4329
4328
4327
4327
4326
4326
4326
4326
4324
4324
4324
4323
4323
4323
4319
4318
4318
4318
4317
4316
4316
4315
4312
4310
4309
4309
4309
4308
4308
4307
4306
4306
4303
4303
4303
4299
4299
4299
4299
4298
4297
4297
4294
4294
4292
4291
4291
4290
4290
4289
4289
4287
4285
4283
4283
4282
4280
4279
4279
4279
4279
4279
4278
4277
4277
4276
4276
4276
4275
4274
4273
4273
4272
4272
4272
4271
4270
4269
4269
4268
4268
4268
4267
4266
4266
4265
4264
4264
4264
4263
4262
4262
4262
4261
4261
4260
4260
4259
4259
4259
4258
4258
4258
4258
4258
4258
4257
4256
4254
4254
4254
4254
4254
4253
4253
4253
4253
4252
4252
4251
4250
4250
4249
4248
4248
4247
4246
4245
4244
4244
4241
4241
4240
4240
4240
4239
4239
4239
4238
4235
4234
4234
4234
4233
4233
4231
4230
4230
4229
4229
4227
4227
4227
4227
4226
4225
4225
4224
4223
4222
4222
4221
4220
4219
4218
4218
4217
4216
4216
4216
4216
4215
4215
4215
4215
4214
4214
4214
4212
4212
4212
4211
4211
4210
4209
4208
4208
4208
4208
4206
4206
4206
4204
4203
4203
4203
4202
4201
4201
4200
4200
4200
4197
4176
4195
4194
4192
4191
4190
4188
4188
4188
4187
4187
4187
4186
4185
4185
4185
4184
4183
4183
4182
4182
4182
4182
4181
4181
4180
4179
4179
4179
4178
4177
4176
4175
4174
4174
4173
4173
4172
4171
4171
4171
4171
4171
4170
4169
4169
4169
4168
4167
4166
4166
4166
4166
4165
4164
4164
4163
4162
4161
4161
4161
4160
4160
4159
4159
4158
4157
4157
4157
4156
4156
4155
4154
4153
4153
4152
4152
4151
4150
4149
4149
4149
4148
4148
4147
4147
4146
4146
4146
4145
4145
4144
4144
4143
4143
4142
4142
4141
4140
4139
4139
4138
4138
4138
4137
4137
4137
4137
4136
4136
4136
4135
4135
4133
4133
4131
4131
4130
4129
4129
4128
4128
4128
4127
4126
4125
4125
4125
4125
4124
4124
4124
4123
4122
4120
4120
4117
4115
4115
4114
4113
4111
4111
4110
4110
4110
4109
4108
4108
4108
4108
4108
4108
4107
4107
4107
4106
4106
4104
4104
4104
4103
4102
4102
4102
4102
4101
4101
4101
4100
4100
4099
4099
4097
4097
4097
4095
4095
4093
4093
4093
4093
4093
4092
4092
4092
4090
4089
4089
4089
4089
4088
4088
4087
4087
4086
4085
4085
4085
4083
4082
4082
4082
4081
4081
4079
4078
4078
4077
4077
4076
4076
4076
4076
4075
4075
4075
4074
4074
4074
4073
4071
4067
4066
4066
4066
4065
4064
4064
4063
4062
4061
4061
4061
4061
4060
4059
4058
4058
4057
4056
4056
4055
4054
4054
4054
4054
4054
4052
4052
4052
4051
4051
4051
4051
4050
4050
4049
4049
4049
4048
4047
4046
4046
4046
4045
4045
4045
4044
4044
4044
4044
4044
4044
4043
4043
4042
4042
4041
4040
4040
4039
4039
4036
4035
4035
4034
4033
4031
4031
4031
4029
4029
4028
4028
4028
4028
4027
4027
4027
4027
4026
4026
4026
4026
4025
4023
4020
4019
4018
4016
4016
4016
4016
4016
4012
4012
4012
4010
4010
4009
4008
4008
4007
4007
4006
4006
4005
4005
4004
4003
4002
4001
4001
3998
3998
3997
3997
3996
3996
3995
3994
3994
3993
3993
3993
3992
3991
3990
3990
3989
3988
3987
3987
3986
3981
3980
3980
3979
3979
3979
3978
3977
3977
3977
3977
3977
3977
3976
3976
3975
3975
3975
3975
3974
3974
3974
3974
3974
3973
3971
3969
3969
3968
3967
3966
3966
3965
3965
3964
3963
3963
3962
3962
3962
3961
3960
3960
3959
3959
3959
3959
3958
3958
3957
3957
3957
3956
3955
3954
3954
3954
3954
3953
3953
3953
3953
3953
3952
3951
3951
3950
3950
3950
3949
3948
3946
3946
3945
3944
3941
3941
3940
3939
3939
3939
3938
3937
3937
3937
3935
3935
3934
3933
3933
3933
3932
3932
3931
3930
3930
3928
3928
3925
3925
3924
3924
3924
3923
3923
3922
3922
3921
3921
3921
3919
3918
3918
3916
3916
3916
3916
3915
3915
3915
3914
3914
3914
3914
3914
3913
3913
3913
3912
3912
3911
3911
3911
3910
3910
3910
3910
3909
3908
3908
3908
3907
3905
3905
3905
3905
3904
3904
3902
3902
3902
3901
3901
3901
3900
3900
3900
3899
3899
3898
3897
3897
3896
3895
3894
3893
3893
3891
3891
3890
3890
3888
3888
3888
3887
3887
3887
3886
3886
3885
3884
3883
3882
3882
3882
3881
3881
3881
3880
3880
3880
3878
3878
3878
3878
3876
3876
3876
3876
3873
3872
3871
3870
3870
3870
3869
3869
3869
3869
3868
3868
3868
3866
3866
3865
3864
3863
3863
3863
3862
3862
3862
3861
3860
3858
3858
3858
3858
3857
3857
3856
3856
3856
3855
3854
3854
3854
3853
3852
3852
3852
3851
3851
3851
3851
3851
3850
3849
3849
3848
3848
3848
3846
3846
3845
3844
3842
3841
3841
3840
3840
3838
3838
3838
3838
3838
3838
3837
3836
3836
3835
3834
3834
3834
3833
3832
3832
3831
3831
3830
3830
3830
3829
3828
3828
3827
3826
3826
3826
3826
3825
3825
3825
3825
3825
3824
3824
3822
3821
3820
3820
3820
3819
3819
3818
3818
3817
3815
3814
3813
3813
3812
3812
3812
3811
3809
3808
3806
3806
3806
3804
3804
3803
3802
3801
3801
3801
3800
3800
3800
3800
3799
3799
3799
3799
3798
3798
3798
3798
3798
3796
3796
3796
3796
3796
3795
3795
3795
3794
3793
3793
3791
3790
3790
3789
3787
3787
3787
3786
3785
3785
3784
3784
3784
3784
3783
3783
3782
3782
3782
3781
3780
3780
3780
3780
3779
3779
3778
3777
3777
3777
3776
3776
3776
3776
3773
3773
3773
3772
3772
3772
3771
3771
3770
3769
3769
3769
3769
3768
3768
3768
3768
3767
3767
3766
3766
3766
3764
3764
3764
3763
3762
3762
3762
3762
3762
3760
3760
3760
3759
3759
3759
3758
3757
3757
3757
3756
3755
3755
3755
3755
3755
3754
3753
3753
3752
3752
3751
3750
3750
3749
3749
3749
3748
3748
3748
3747
3747
3747
3746
3746
3745
3745
3745
3745
3745
3745
3745
3745
3744
3744
3744
3743
3743
3742
3741
3741
3741
3740
3740
3740
3739
3738
3737
3736
3736
3735
3735
3734
3734
3733
3733
3732
3732
3732
3731
3731
3731
3730
3730
3727
3727
3726
3726
3725
3725
3724
3724
3724
3723
3722
3719
3719
3718
3718
3717
3715
3715
3715
3714
3714
3714
3713
3712
3712
3712
3712
3711
3711
3711
3710
3710
3709
3709
3709
3708
3708
3707
3707
3706
3706
3706
3705
3704
3704
3703
3702
3702
3702
3701
3701
3701
3700
3700
3700
3700
3699
3699
3699
3698
3698
3695
3695
3695
3694
3694
3693
3692
3690
3690
3690
3689
3689
3689
3689
3688
3688
3688
3687
3687
3685
3685
3685
3685
3685
3684
3684
3683
3682
3682
3682
3682
3681
3681
3680
3680
3678
3677
3676
3676
3676
3675
3675
3675
3674
3674
3674
3673
3673
3672
3672
3672
3671
3671
3669
3669
3668
3668
3667
3667
3667
3667
3665
3665
3665
3665
3665
3665
3665
3664
3664
3663
3663
3663
3662
3662
3662
3661
3661
3661
3660
3660
3660
3660
3659
3659
3657
3657
3656
3656
3656
3656
3655
3654
3654
3653
3653
3652
3652
3651
3650
3650
3650
3649
3649
3649
3647
3647
3647
3647
3646
3645
3645
3645
3645
3644
3644
3643
3643
3642
3642
3641
3639
3639
3639
3638
3638
3638
3638
3637
3637
3637
3637
3637
3636
3635
3635
3634
3634
3633
3633
3633
3633
3633
3633
3632
3630
3630
3630
3629
3628
3628
3627
3627
3626
3626
3626
3626
3625
3624
3624
3623
3623
3623
3622
3621
3620
3619
3619
3619
3619
3618
3617
3617
3617
3617
3616
3615
3613
3613
3613
3613
3613
3612
3611
3611
3611
3610
3610
3610
3610
3609
3609
3609
3608
3608
3608
3608
3607
3607
3606
3606
3605
3605
3604
3603
3603
3603
3603
3602
3601
3600
3600
3600
3600
3599
3599
3598
3597
3596
3596
3596
3596
3595
3595
3595
3594
3594
3594
3593
3593
3593
3593
3593
3593
3592
3592
3592
3592
3591
3591
3591
3591
3590
3590
3590
3589
3589
3589
3588
3588
3588
3587
3587
3587
3584
3584
3583
3583
3582
3582
3581
3580
3580
3580
3579
3579
3579
3578
3576
3575
3575
3574
3574
3574
3574
3574
3573
3573
3573
3573
3572
3571
3571
3571
3570
3569
3569
3569
3568
3568
3567
3567
3566
3566
3566
3565
3565
3564
3562
3561
3561
3561
3561
3560
3559
3558
3558
3556
3556
3556
3555
3555
3555
3554
3554
3554
3554
3553
3552
3552
3552
3551
3551
3551
3551
3550
3550
3550
3550
3550
3550
3549
3549
3548
3548
3547
3547
3547
3547
3546
3546
3546
3545
3545
3545
3544
3544
3544
3544
3543
3543
3542
3542
3542
3541
3541
3540
3539
3539
3539
3539
3539
3539
3538
3538
3537
3536
3535
3535
3534
3534
3534
3533
3533
3532
3531
3530
3530
3530
3530
3530
3529
3529
3529
3529
3529
3529
3529
3529
3528
3528
3528
3528
3527
3527
3527
3527
3544
3527
3525
3525
3525
3525
3524
3524
3524
3524
3524
3523
3523
3522
3522
3522
3521
3521
3520
3519
3519
3519
3519
3518
3517
3517
3517
3516
3515
3515
3514
3514
3514
3513
3513
3513
3512
3512
3511
3510
3510
3510
3509
3508
3508
3508
3507
3506
3505
3503
3502
3502
3501
3501
3501
3500
3500
3500
3500
3499
3498
3498
3497
3496
3495
3495
3494
3494
3493
3492
3492
3492
3492
3491
3491
3490
3490
3490
3489
3489
3488
3487
3487
3487
3487
3487
3487
3486
3485
3485
3485
3484
3484
3484
3484
3483
3482
3482
3482
3482
3481
3481
3480
3480
3479
3479
3478
3478
3478
3477
3477
3476
3475
3475
3474
3474
3473
3473
3473
3472
3472
3471
3471
3469
3468
3468
3468
3468
3467
3467
3465
3465
3465
3464
3464
3464
3463
3463
3463
3462
3462
3461
3461
3461
3460
3460
3460
3458
3458
3458
3458
3458
3457
3457
3457
3456
3456
3455
3455
3454
3453
3453
3453
3452
3452
3451
3451
3451
3450
3450
3450
3449
3449
3449
3449
3448
3448
3447
3447
3447
3446
3446
3446
3445
3445
3445
3444
3444
3443
3442
3441
3441
3440
3440
3440
3440
3439
3439
3439
3439
3439
3438
3438
3437
3437
3437
3437
3437
3436
3436
3436
3435
3435
3435
3435
3434
3434
3434
3433
3433
3432
3432
3431
3431
3431
3431
3431
3431
3431
3430
3430
3429
3429
3429
3428
3428
3427
3427
3426
3426
3424
3424
3424
3424
3424
3423
3423
3423
3423
3422
3422
3422
3422
3422
3421
3421
3421
3421
3419
3419
3419
3418
3417
3417
3416
3416
3415
3415
3415
3415
3414
3414
3413
3413
3412
3412
3412
3412
3411
3410
3410
3409
3409
3409
3408
3408
3407
3407
3406
3406
3405
3404
3404
3404
3404
3403
3403
3403
3403
3402
3402
3401
3401
3400
3400
3400
3400
3399
3398
3398
3398
3398
3398
3398
3396
3396
3396
3395
3395
3395
3395
3395
3394
3394
3394
3394
3394
3394
3394
3393
3393
3393
3392
3391
3391
3391
3391
3390
3390
3390
3390
3390
3389
3389
3389
3389
3389
3388
3387
3387
3387
3386
3386
3386
3386
3386
3385
3385
3385
3385
3384
3383
3382
3381
3380
3380
3379
3379
3379
3379
3379
3378
3378
3378
3378
3378
3377
3377
3376
3376
3374
3397
3374
3374
3374
3373
3373
3373
3372
3372
3372
3371
3370
3370
3369
3369
3369
3367
3367
3367
3367
3367
3366
3366
3366
3366
3365
3363
3363
3362
3362
3361
3361
3361
3361
3360
3359
3359
3359
3358
3357
3357
3357
3357
3356
3356
3355
3354
3354
3353
3353
3353
3353
3352
3352
3351
3351
3350
3350
3350
3349
3349
3348
3348
3347
3346
3346
3346
3345
3345
3345
3344
3344
3343
3343
3343
3343
3342
3342
3341
3341
3341
3341
3341
3341
3341
3340
3340
3339
3339
3339
3338
3338
3338
3337
3337
3336
3335
3335
3334
3334
3334
3333
3333
3332
3332
3332
3332
3331
3331
3330
3330
3330
3329
3329
3328
3328
3328
3327
3326
3326
3326
3326
3326
3325
3325
3325
3325
3324
3324
3324
3323
3323
3323
3323
3323
3322
3322
3322
3320
3320
3320
3320
3320
3319
3319
3319
3319
3318
3318
3317
3317
3317
3317
3316
3316
3316
3316
3315
3315
3315
3312
3311
3311
3311
3311
3310
3310
3310
3310
3309
3309
3309
3308
3307
3304
3303
3302
3302
3301
3301
3301
3301
3300
3299
3299
3299
3299
3298
3298
3296
3296
3296
3296
3296
3296
3295
3295
3295
3295
3294
3293
3292
3292
3292
3292
3291
3291
3291
3291
3290
3290
3289
3289
3288
3288
3288
3287
3287
3286
3285
3285
3285
3284
3284
3284
3284
3284
3283
3283
3283
3283
3282
3282
3281
3281
3280
3280
3280
3279
3278
3278
3278
3277
3277
3277
3277
3277
3277
3277
3276
3276
3276
3275
3275
3275
3274
3274
3274
3274
3273
3273
3272
3272
3271
3271
3271
3270
3270
3270
3270
3270
3270
3269
3269
3269
3269
3268
3268
3268
3267
3267
3267
3267
3266
3266
3265
3265
3265
3265
3264
3264
3262
3262
3261
3261
3261
3261
3260
3260
3259
3258
3257
3257
3256
3256
3256
3256
3255
3255
3255
3254
3253
3253
3253
3253
3253
3252
3252
3252
3252
3252
3252
3251
3250
3250
3250
3249
3249
3249
3249
3249
3248
3248
3248
3248
3248
3247
3247
3247
3247
3246
3246
3245
3245
3245
3244
3244
3244
3244
3244
3244
3244
3243
3243
3242
3242
3241
3241
3241
3239
3239
3238
3238
3238
3237
3236
3236
3236
3236
3236
3235
3235
3235
3235
3235
3235
3234
3234
3234
3233
3233
3233
3232
3232
3231
3231
3230
3230
3229
3228
3228
3228
3227
3227
3227
3227
3227
3226
3226
3226
3226
3225
3225
3224
3224
3224
3223
3222
3222
3222
3221
3220
3220
3220
3218
3217
3217
3217
3216
3216
3215
3215
3214
3213
3213
3212
3212
3212
3212
3211
3211
3211
3210
3210
3210
3210
3210
3209
3209
3209
3208
3208
3208
3208
3207
3207
3207
3207
3207
3206
3206
3206
3206
3205
3204
3203
3203
3203
3203
3202
3202
3201
3201
3200
3200
3200
3200
3199
3199
3198
3198
3198
3198
3197
3197
3196
3196
3196
3196
3196
3196
3196
3195
3195
3195
3195
3194
3194
3194
3194
3193
3193
3193
3193
3192
3192
3192
3192
3192
3192
3192
3190
3190
3189
3189
3189
3188
3187
3187
3187
3186
3186
3185
3184
3184
3184
3184
3184
3183
3183
3182
3182
3182
3182
3181
3180
3180
3180
3179
3179
3178
3178
3178
3178
3177
3177
3176
3176
3176
3176
3175
3175
3175
3174
3174
3173
3173
3173
3173
3172
3172
3172
3170
3170
3170
3170
3170
3170
3169
3169
3169
3169
3169
3168
3168
3168
3168
3168
3167
3167
3167
3167
3167
3167
3166
3166
3166
3166
3166
3166
3165
3165
3165
3164
3164
3164
3164
3163
3163
3163
3162
3162
3162
3161
3161
3161
3161
3159
3159
3159
3159
3159
3158
3158
3157
3156
3156
3155
3155
3155
3153
3153
3152
3152
3151
3151
3151
3150
3150
3150
3150
3149
3149
3148
3148
3148
3147
3146
3146
3146
3145
3145
3144
3144
3144
3144
3143
3143
3143
3142
3142
3142
3142
3141
3141
3141
3141
3140
3140
3140
3140
3140
3140
3139
3139
3139
3139
3138
3138
3138
3138
3137
3136
3136
3136
3135
3135
3134
3134
3134
3133
3133
3133
3133
3133
3132
3132
3131
3130
3130
3130
3130
3130
3130
3129
3129
3129
3128
3127
3127
3127
3126
3126
3126
3123
3122
3122
3122
3122
3122
3122
3121
3120
3120
3120
3120
3119
3119
3119
3118
3118
3118
3117
3117
3117
3117
3116
3116
3116
3116
3115
3115
3115
3115
3115
3115
3115
3114
3113
3113
3112
3112
3112
3111
3111
3111
3111
3110
3109
3108
3108
3107
3107
3106
3106
3106
3106
3106
3106
3105
3105
3105
3104
3104
3103
3103
3103
3103
3102
3102
3101
3101
3101
3100
3100
3100
3100
3100
3099
3099
3099
3098
3098
3098
3098
3098
3097
3097
3097
3096
3113
3095
3095
3095
3094
3094
3093
3092
3092
3091
3091
3091
3091
3090
3090
3090
3089
3089
3089
3088
3088
3088
3088
3088
3088
3088
3087
3086
3086
3086
3086
3085
3085
3084
3084
3084
3083
3083
3082
3082
3082
3082
3082
3082
3081
3080
3080
3080
3080
3080
3080
3079
3079
3079
3078
3078
3078
3077
3077
3076
3076
3076
3076
3075
3075
3074
3074
3073
3073
3073
3073
3072
3072
3072
3071
3071
3071
3071
3071
3071
3070
3070
3070
3069
3069
3069
3069
3068
3068
3068
3067
3067
3067
3066
3066
3066
3065
3065
3065
3064
3064
3063
3062
3062
3062
3061
3061
3061
3060
3060
3060
3059
3059
3058
3058
3058
3058
3058
3058
3058
3057
3057
3057
3057
3056
3056
3056
3055
3055
3055
3054
3054
3053
3053
3053
3052
3052
3051
3051
3051
3051
3049
3048
3048
3047
3047
3047
3047
3046
3046
3045
3045
3044
3043
3043
3043
3043
3043
3043
3043
3043
3043
3043
3042
3042
3042
3042
3042
3042
3042
3041
3040
3040
3040
3040
3040
3039
3038
3038
3038
3038
3038
3037
3037
3037
3037
3036
3036
3036
3035
3035
3035
3035
3035
3035
3035
3034
3034
3034
3033
3033
3033
3033
3032
3032
3032
3031
3031
3031
3031
3031
3030
3030
3030
3030
3029
3029
3028
3028
3028
3027
3029
3026
3026
3026
3026
3026
3026
3026
3025
3025
3024
3023
3022
3022
3022
3022
3022
3021
3019
3019
3019
3018
3018
3017
3017
3016
3015
3015
3015
3015
3015
3014
3013
3012
3012
3012
3011
3010
3010
3010
3010
3010
3010
3010
3010
3008
3006
3006
3005
3005
3004
3004
3004
3003
3003
3003
3002
3002
3001
3001
3001
3000
3000
3000
3000
3000
