406326
351634
350406
340649
314074
298931
276841
276637
242796
229065
229051
216724
213503
212958
208812
204912
204309
202639
196426
181181
166101
160657
160233
134002
132911
127113
125716
121655
121301
119799
119115
118550
117775
113695
113063
111287
110265
107921
106698
106105
104889
103817
103537
103187
101793
100977
99944
98814
94075
93829
93751
93647
93379
90892
90808
89513
89382
88370
87361
85913
85632
84880
83775
83307
83271
82717
81983
81907
81354
80130
78637
77773
77344
77190
77130
77123
76377
76248
75655
74657
73926
73070
72104
71766
71286
69961
67704
67690
67438
67389
66837
66389
66372
65666
65380
64879
64307
64134
63920
63181
62893
62839
61835
61035
61035
60670
60335
59507
58712
58565
58564
58350
57802
57790
57546
56914
56835
56612
56404
55744
55608
55576
55258
55090
54645
54576
54543
53986
53840
52687
52472
52451
52147
51060
49913
49751
49576
48736
48674
48030
47127
47051
46503
46177
46010
45571
45562
45317
45179
45058
44965
44884
44726
44707
44636
44051
43963
43863
43722
43526
43024
43020
42973
42580
42390
42298
42252
41723
41595
41409
41239
40829
40600
40590
40559
39718
39554
39469
39226
38611
38499
38185
38131
37882
37472
37442
37438
37428
37114
36975
36891
36654
36466
36355
36299
36134
36065
35705
35702
35665
35474
35358
35281
35175
35093
35089
35024
34904
34797
34781
34722
34641
34619
34581
34571
34494
34324
34236
33854
33853
33710
33669
33663
33546
33501
33425
33373
33209
33205
33044
33039
32972
32726
32646
32589
32543
32528
32310
32144
32087
31745
31499
31241
31055
30938
30936
30789
30242
30000
29930
29930
29663
29647
29517
29338
29325
29297
29036
28978
28968
28914
28832
28778
28650
28620
28599
28527
28431
28366
28274
28112
28107
27975
27892
27891
27801
27745
27675
27646
27599
27513
27503
27469
27441
27385
27376
27376
27364
27211
27205
27143
27113
27015
26755
26730
26693
26671
26621
26492
26433
26393
26375
26293
26249
26224
26128
25999
25906
25882
25786
25769
25732
25654
25635
25618
25595
25558
25531
25447
25405
25339
25149
25127
25113
25042
24974
24875
24664
24631
24598
24592
24572
24564
24437
24413
24241
24219
24004
23948
23921
23919
23873
23856
23834
23815
23809
23792
23783
23756
23720
23690
23633
23604
23595
23533
23450
23405
23394
23193
23057
22937
22936
22872
22768
22747
22722
22671
22650
22584
22577
22566
22556
22517
22459
22438
22396
22245
22209
22200
22198
22159
22023
21948
21872
21860
21859
21759
21657
21616
21584
21580
21559
21543
21538
21471
21422
21406
21372
21334
21314
21308
21299
21283
21241
21241
21159
21140
21093
21088
21060
21049
20970
20953
20950
20896
20787
20770
20738
20729
20721
20651
20626
20609
20584
20507
20378
20367
20361
20351
20342
20342
20323
20210
20209
20162
20097
20074
19964
19929
19929
19917
19905
19876
19842
19840
19750
19735
19705
19701
19688
19684
19602
19565
19460
19425
19399
19362
19354
19319
19302
19177
19139
19117
19109
19089
19079
19064
18902
18886
18881
18875
18872
18838
18817
18815
18776
18715
18704
18669
18631
18584
18578
18577
18530
18499
18497
18435
18349
18338
18302
18292
18167
18160
18151
18135
18109
18085
18006
17928
17893
17861
17837
17800
17728
17720
17657
17641
17626
17575
17567
17566
17490
17460
17458
17335
17308
17262
17235
17155
17149
17147
17141
17110
17097
17088
17079
17054
17053
16978
16918
16905
16880
16868
16809
16765
16747
16727
16710
16672
16636
16631
16580
16557
16545
16527
16517
16491
16481
16478
16473
16468
16458
16447
16442
16429
16407
16407
16397
16377
16362
16353
16314
16302
16259
16234
16207
16108
16095
16068
16058
16054
16011
15998
15989
15983
15979
15978
15973
15926
15871
15847
15785
15784
15784
15773
15749
15746
15661
15657
15647
15631
15625
15605
15589
15568
15500
15466
15433
15420
15418
15246
15246
15218
15170
15123
15114
15106
15051
15047
15023
15016
15013
15001
14911
14827
14810
14807
14763
14746
14733
14704
14701
14667
14627
14612
14608
14606
14596
14588
14517
14516
14380
14375
14346
14311
14278
14207
14203
14198
14194
14190
14187
14184
14128
14089
14072
14057
14028
13995
13993
13985
13972
13937
13902
13883
13882
13857
13822
13800
13765
13764
13735
13716
13703
13695
13683
13683
13667
13645
13610
13597
13572
13555
13503
13486
13467
13447
13429
13423
13405
13398
13368
13368
13360
13339
13331
13330
13329
13306
13299
13290
13290
13289
13226
13219
13204
13199
13189
13189
13181
13165
13156
13152
13141
13140
13130
13117
13117
13112
13110
13075
13073
13049
13023
13016
12990
12988
12980
12979
12975
12969
12968
12935
12925
12912
12910
12900
12896
12881
12834
12817
12808
12795
12788
12782
12779
12777
12769
12762
12758
12748
12745
12730
12687
12663
12660
12627
12615
12611
12608
12581
12575
12573
12573
12566
12560
12521
12521
12510
12501
12481
12467
12438
12373
12373
12359
12356
12345
12344
12342
12338
12338
12333
12320
12319
12313
12303
12295
12256
12253
12229
12224
12213
12202
12185
12152
12118
12090
12084
12076
12074
12022
12012
12012
12009
12004
11964
11952
11911
11902
11883
11874
11865
11854
11848
11842
11815
11780
11760
11756
11747
11746
11735
11729
11710
11709
11706
11682
11673
11644
11619
11605
11596
11586
11569
11555
11549
11540
11536
11533
11529
11515
11508
11503
11496
11495
11480
11443
11439
11425
11397
11391
11377
11363
11353
11342
11331
11328
11326
11322
11267
11258
11246
11240
11239
11235
11205
11202
11196
11186
11185
11176
11173
11168
11165
11163
11160
11149
11143
11139
11129
11127
11126
11120
11116
11110
11089
11078
11064
11059
11054
11051
11015
10989
10986
10967
10965
10953
10945
10943
10936
10931
10921
10916
10906
10899
10895
10887
10883
10877
10868
10865
10865
10862
10854
10852
10847
10823
10817
10815
10812
10805
10801
10788
10784
10779
10766
10764
10757
10755
10740
10732
10724
10721
10681
10671
10669
10667
10661
10659
10643
10640
10638
10635
10634
10631
10624
10605
10595
10595
10593
10591
10590
10588
10585
10583
10581
10572
10560
10557
10553
10545
10528
10516
10486
10485
10467
10456
10455
10455
10452
10442
10433
10411
10405
10390
10383
10383
10372
10365
10351
10343
10340
10329
10313
10313
10305
10288
10282
10269
10261
10258
10254
10234
10223
10219
10214
10204
10197
10189
10176
10174
10126
10125
10124
10114
10113
10104
10096
10091
10087
10069
10050
10044
10036
10030
10020
10002
9998
9981
9977
9971
9941
9931
9929
9928
9914
9901
9893
9893
9871
9868
9867
9862
9855
9831
9811
9805
9799
9781
9772
9771
9770
9757
9752
9744
9743
9737
9728
9720
9713
9708
9701
9691
9690
9678
9661
9642
9641
9631
9623
9614
9613
9612
9610
9597
9594
9591
9589
9589
9583
9569
9566
9555
9551
9544
9544
9529
9526
9524
9521
9504
9504
9494
9492
9488
9483
9470
9467
9462
9460
9460
9459
9456
9447
9430
9420
9408
9400
9398
9393
9391
9375
9374
9356
9352
9351
9348
9342
9338
9329
9327
9323
9305
9299
9296
9292
9284
9277
9258
9257
9249
9244
9237
9233
9232
9225
9224
9214
9211
9204
9195
9193
9187
9172
9165
9158
9153
9145
9144
9143
9136
9132
9132
9114
9096
9091
9083
9076
9075
9060
9053
9049
9043
9042
9034
9015
9015
9014
9014
9004
9003
8996
8994
8994
8989
8987
8981
8977
8972
8970
8963
8962
8953
8939
8936
8931
8921
8914
8912
8906
8904
8903
8889
8886
8880
8875
8874
8865
8844
8818
8803
8783
8782
8775
8769
8764
8762
8757
8756
8754
8751
8742
8740
8735
8734
8730
8714
8706
8703
8701
8699
8683
8682
8675
8672
8665
8660
8659
8645
8641
8640
8625
8621
8618
8609
8606
8602
8600
8597
8589
8587
8582
8577
8569
8565
8556
8553
8543
8540
8539
8538
8534
8530
8508
8500
8495
8494
8488
8487
8485
8484
8475
8470
8467
8460
8446
8445
8440
8437
8424
8415
8400
8389
8378
8377
8373
8360
8357
8352
8346
8343
8342
8340
8336
8329
8328
8327
8323
8322
8320
8317
8314
8310
8304
8299
8297
8295
8294
8278
8272
8264
8254
8251
8248
8248
8239
8233
8232
8230
8227
8225
8224
8217
8214
8210
8208
8208
8207
8184
8175
8173
8173
8171
8161
8140
8152
8148
8138
8120
8104
8098
8098
8094
8084
8082
8081
8076
8072
8063
8060
8055
8052
8050
8044
8034
8027
8022
8018
8018
8012
8010
8003
8003
8001
7997
7995
7982
7982
7978
7976
7974
7963
7963
7962
7961
7959
7947
7943
7940
7927
7924
7922
7922
7919
7919
7911
7909
7908
7904
7898
7887
7879
7875
7868
7854
7848
7845
7840
7840
7836
7835
7819
7817
7816
7811
7810
7809
7797
7792
7792
7791
7789
7789
7776
7771
7766
7764
7764
7761
7753
7748
7747
7746
7724
7721
7717
7714
7712
7697
7695
7682
7681
7670
7660
7657
7646
7646
7638
7637
7637
7637
7633
7631
7626
7625
7621
7614
7614
7608
7606
7605
7602
7601
7595
7580
7576
7568
7566
7550
7548
7548
7532
7529
7527
7527
7526
7524
7522
7508
7507
7501
7494
7487
7486
7477
7463
7462
7459
7454
7430
7429
7428
7428
7427
7426
7426
7423
7423
7413
7407
7401
7395
7390
7386
7381
7381
7381
7379
7378
7377
7374
7372
7368
7368
7363
7362
7362
7357
7356
7346
7342
7338
7330
7321
7318
7310
7308
7306
7305
7295
7287
7265
7265
7263
7259
7253
7249
7248
7248
7246
7246
7236
7234
7232
7230
7222
7216
7216
7215
7214
7205
7197
7197
7185
7182
7181
7177
7173
7171
7164
7163
7161
7161
7160
7159
7154
7154
7153
7143
7140
7134
7129
7128
7128
7123
7123
7123
7116
7114
7113
7109
7102
7096
7089
7083
7070
7066
7062
7061
7060
7059
7056
7051
7045
7039
7033
7027
7023
7017
7009
6995
6994
6990
6986
6982
6975
6969
6964
6963
6957
6953
6947
6946
6939
6938
6933
6933
6927
6924
6919
6916
6913
6906
6904
6901
6900
6896
6895
6895
6887
6885
6884
6882
6879
6872
6867
6864
6850
6833
6832
6829
6829
6807
6790
6780
6778
6769
6769
6766
6763
6651
6761
6756
6752
6747
6743
6742
6736
6732
6731
6731
6730
6724
6723
6722
6713
6700
6694
6692
6686
6684
6682
6668
6664
6649
6643
6634
6634
6634
6634
6632
6630
6628
6627
6622
6622
6615
6612
6612
6611
6608
6603
6602
6599
6578
6577
6577
6577
6576
6573
6573
6572
6571
6571
6571
6568
6568
6567
6566
6565
6558
6558
6557
6556
6555
6550
6549
6549
6548
6547
6547
6545
6540
6540
6539
6537
6535
6533
6533
6530
6522
6520
6516
6502
6500
6497
6492
6487
6486
6485
6478
6477
6477
6474
6474
6467
6467
6466
6463
6457
6456
6456
6451
6447
6446
6445
6440
6439
6438
6437
6434
6433
6424
6422
6403
6400
6398
6390
6390
6389
6388
6388
6386
6379
6377
6376
6368
6361
6353
6353
6352
6352
6347
6345
6334
6334
6330
6327
6321
6320
6319
6317
6317
6312
6303
6298
6288
6284
6283
6276
6276
6274
6270
6268
6267
6264
6264
6260
6255
6253
6250
6246
6246
6245
6244
6242
6235
6230
6227
6214
6200
6196
6193
6191
6189
6187
6181
6179
6175
6175
6174
6170
6170
6169
6163
6139
6136
6134
6130
6129
6128
6127
6126
6123
6122
6117
6117
6117
6116
6114
6111
6110
6110
6107
6106
6103
6102
6102
6100
6098
6098
6089
6089
6087
6083
6083
6083
6081
6081
6077
6076
6074
6066
6063
6062
6062
6058
6054
6050
6046
6046
6045
6041
6034
6029
6021
6020
6019
6014
6014
6012
6011
6010
6009
6009
6007
6006
6005
6004
6001
5997
5996
5995
5994
5994
5994
5993
5991
5988
5987
5985
5979
5977
5973
5967
5964
5960
5955
5954
5954
5947
5947
5945
5944
5943
5940
5939
5938
5936
5927
5926
5920
5919
5917
5917
5916
5915
5914
5909
5908
5907
5905
5903
5900
5896
5896
5893
5893
5879
5878
5875
5875
5868
5868
5864
5864
5862
5860
5853
5845
5845
5841
5839
5835
5834
5834
5832
5832
5832
5829
5822
5819
5818
5812
5812
5807
5805
5801
5798
5789
5787
5786
5785
5783
5775
5773
5772
5772
5771
5768
5766
5763
5760
5754
5752
5749
5748
5747
5740
5740
5736
5735
5732
5731
5731
5729
5719
5716
5715
5711
5710
5701
5698
5697
5686
5685
5685
5683
5683
5681
5676
5676
5675
5674
5673
5671
5671
5671
5667
5666
5663
5663
5659
5657
5654
5650
5644
5643
5640
5634
5633
5632
5629
5625
5623
5621
5617
5615
5607
5606
5604
5603
5600
5598
5595
5592
5592
5591
5591
5589
5579
5578
5575
5574
5573
5573
5571
5570
5570
5568
5567
5567
5565
5565
5563
5560
5554
5553
5551
5547
5546
5546
5543
5542
5538
5537
5534
5533
5533
5531
5530
5528
5527
5525
5518
5516
5514
5513
5513
5512
5508
5505
5505
5503
5502
5499
5497
5495
5493
5492
5492
5491
5490
5485
5484
5482
5475
5475
5474
5469
5468
5468
5465
5462
5462
5460
5460
5460
5456
5452
5448
5436
5433
5433
5432
5422
5420
5417
5416
5412
5410
5405
5404
5403
5403
5400
5399
5396
5396
5392
5392
5385
5382
5377
5376
5375
5374
5374
5372
5367
5367
5366
5365
5365
5364
5359
5356
5352
5351
5349
5349
5339
5338
5334
5332
5328
5323
5314
5312
5311
5307
5307
5306
5305
5304
5304
5303
5302
5292
5290
5290
5289
5289
5288
5287
5286
5285
5284
5283
5281
5277
5277
5277
5271
5270
5270
5269
5269
5266
5265
5261
5258
5255
5255
5254
5253
5248
5244
5243
5242
5241
5240
5239
5237
5235
5230
5229
5223
5221
5221
5218
5217
5216
5215
5214
5214
5212
5211
5209
5207
5206
5205
5205
5204
5200
5200
5199
5197
5196
5195
5194
5191
5191
5185
5183
5182
5181
5173
5173
5171
5168
5168
5167
5166
5165
5164
5162
5161
5161
5159
5157
5156
5153
5149
5148
5148
5146
5144
5144
5143
5140
5140
5139
5138
5137
5137
5134
5126
5126
5124
5121
5117
5117
5113
5110
5110
5109
5108
5108
5105
5098
5098
5097
5095
5094
5094
5094
5092
5088
5088
5087
5085
5085
5084
5084
5081
5076
5075
5073
5071
5067
5064
5063
5060
5059
5059
5056
5052
5052
5052
5049
5048
5047
5046
5043
5043
5037
5028
5022
5021
5019
5017
5013
5013
5011
5011
5010
5007
5007
5005
5004
5002
4999
4999
4996
4996
4996
4995
4994
4989
4985
4984
4975
4971
4969
4965
4963
4958
4954
4953
4952
4952
4951
4950
4949
4947
4946
4943
4938
4937
4936
4935
4935
4933
4930
4929
4927
4926
4924
4922
4920
4916
4914
4909
4908
4904
4904
4903
4902
4900
4900
4900
4899
4897
4896
4896
4896
4893
4887
4887
4886
4883
4883
4883
4881
4881
4879
4878
4875
4874
4874
4873
4871
4870
4867
4865
4865
4863
4863
4858
4858
4858
4856
4855
4855
4854
4853
4852
4848
4841
4841
4839
4837
4836
4835
4832
4831
4825
4824
4820
4819
4818
4816
4816
4814
4814
4810
4809
4808
4808
4806
4806
4802
4801
4800
4800
4798
4798
4795
4791
4791
4783
4779
4777
4776
4774
4773
4773
4772
4772
4771
4770
4769
4769
4767
4766
4765
4765
4764
4764
4761
4761
4758
4757
4754
4749
4747
4744
4744
4743
4743
4739
4738
4728
4727
4726
4726
4726
4723
4721
4721
4721
4713
4713
4710
4706
4706
4705
4705
4700
4698
4696
4696
4696
4693
4693
4688
4688
4681
4680
4679
4673
4672
4671
4671
4671
4670
4669
4668
4666
4666
4663
4661
4660
4660
4659
4655
4650
4650
4649
4647
4642
4641
4639
4635
4634
4634
4631
4627
4626
4624
4623
4622
4622
4621
4619
4619
4617
4617
4611
4611
4610
4609
4608
4607
4607
4606
4605
4602
4598
4598
4597
4596
4596
4595
4595
4593
4593
4592
4592
4589
4588
4588
4587
4587
4586
4585
4585
4581
4580
4579
4576
4576
4575
4573
4573
4573
4573
4571
4570
4570
4569
4569
4568
4566
4565
4565
4564
4563
4562
4562
4555
4553
4552
4552
4551
4551
4550
4548
4547
4547
4546
4545
4545
4543
4541
4537
4535
4533
4533
4532
4528
4528
4526
4524
4522
4522
4521
4519
4518
4514
4513
4513
4512
4512
4505
4503
4503
4502
4500
4499
4498
4498
4496
4489
4489
4489
4489
4486
4485
4485
4485
4484
4483
4482
4481
4480
4475
4474
4471
4470
4470
4461
4461
4459
4457
4455
4454
4454
4454
4452
4449
4447
4444
4443
4442
4441
4440
4439
4439
4438
4437
4437
4436
4435
4434
4433
4432
4432
4431
4429
4429
4425
4421
4421
4411
4409
4408
4408
4408
4404
4404
4403
4402
4401
4400
4397
4397
4396
4390
4389
4388
4387
4386
4386
4384
4382
4378
4377
4377
4376
4372
4369
4367
4367
4363
4363
4358
4358
4357
4357
4354
4352
4352
4348
4348
4347
4346
4345
4345
4345
4345
4342
4338
4336
4336
4335
4333
4333
4333
4333
4332
4331
4329
4329
4323
4322
4320
4320
4320
4319
4317
4315
4314
4309
4309
4309
4308
4306
4305
4304
4301
4301
4300
4297
4297
4295
4294
4292
4291
4291
4290
4289
4287
4286
4285
4282
4282
4282
4280
4277
4276
4276
4275
4274
4270
4270
4269
4267
4265
4265
4264
4264
4263
4262
4261
4260
4260
4255
4252
4252
4250
4250
4248
4247
4247
4245
4243
4241
4240
4238
4233
4232
4230
4228
4226
4226
4222
4221
4220
4220
4219
4218
4218
4218
4216
4215
4215
4214
4214
4213
4208
4207
4203
4199
4198
4196
4193
4192
4191
4188
4188
4188
4184
4184
4180
4179
4178
4177
4176
4175
4175
4174
4173
4172
4171
4171
4169
4168
4167
4167
4166
4164
4163
4162
4162
4161
4160
4157
4157
4149
4147
4146
4144
4141
4140
4140
4136
4136
4134
4134
4133
4132
4132
4131
4129
4129
4128
4126
4125
4123
4121
4121
4120
4118
4115
4114
4114
4112
4108
4107
4107
4105
4103
4103
4101
4098
4095
4093
4092
4091
4091
4090
4080
4080
4079
4078
4078
4078
4076
4075
4075
4074
4073
4073
4072
4070
4070
4069
4069
4068
4068
4067
4067
4067
4065
4065
4064
4063
4059
4058
4056
4056
4056
4055
4054
4053
4052
4051
4050
4050
4049
4049
4048
4047
4047
4045
4045
4044
4044
4042
4040
4037
4037
4036
4035
4035
4033
4033
4032
4032
4031
4031
4031
4030
4029
4029
4025
4023
4022
4021
4020
4019
4018
4017
4015
4014
4012
4011
4010
4010
4010
4008
4005
4002
4001
4001
4000
3999
3999
3998
3998
3998
3995
3993
3992
3991
3991
3990
3989
3985
3985
3983
3982
3981
3981
3980
3980
3979
3979
3975
3973
3972
3972
3971
3971
3970
3969
3969
3966
3965
3964
3964
3964
3960
3960
3955
3954
3954
3951
3950
3950
3948
3947
3947
3944
3944
3944
3942
3942
3942
3940
3940
3939
3939
3939
3938
3937
3936
3936
3936
3936
3935
3931
3930
3930
3930
3929
3927
3927
3923
3923
3920
3919
3918
3918
3916
3916
3914
3914
3913
3911
3910
3909
3908
3906
3906
3904
3902
3900
3900
3898
3897
3897
3895
3892
3892
3889
3887
3887
3885
3883
3883
3879
3877
3876
3876
3871
3871
3868
3867
3863
3862
3861
3861
3861
3860
3860
3860
3858
3858
3857
3855
3852
3851
3850
3849
3849
3848
3848
3847
3847
3845
3842
3838
3838
3837
3836
3835
3834
3834
3834
3833
3832
3832
3831
3829
3827
3825
3825
3823
3819
3816
3815
3814
3809
3809
3809
3808
3808
3807
3807
3807
3805
3801
3800
3799
3799
3798
3798
3795
3794
3792
3791
3790
3790
3790
3789
3788
3786
3785
3784
3784
3781
3781
3779
3779
3775
3774
3772
3771
3770
3770
3766
3764
3764
3763
3762
3761
3761
3760
3760
3758
3758
3758
3756
3756
3755
3755
3754
3752
3751
3748
3747
3747
3746
3745
3743
3742
3739
3739
3738
3735
3733
3732
3732
3731
3730
3728
3728
3726
3726
3726
3726
3722
3721
3719
3712
3712
3711
3710
3709
3709
3708
3708
3708
3706
3705
3705
3703
3703
3701
3700
3699
3698
3697
3697
3696
3696
3695
3694
3693
3693
3693
3692
3692
3692
3690
3690
3688
3686
3686
3685
3685
3683
3682
3682
3680
3680
3678
3676
3674
3674
3671
3671
3670
3669
3664
3664
3663
3663
3661
3660
3660
3659
3657
3654
3654
3654
3653
3652
3651
3650
3647
3647
3646
3646
3646
3645
3643
3641
3641
3639
3639
3638
3638
3636
3635
3634
3634
3632
3631
3630
3628
3626
3626
3625
3624
3622
3622
3620
3619
3619
3612
3612
3612
3611
3610
3608
3608
3606
3606
3605
3605
3603
3602
3602
3602
3602
3601
3599
3597
3594
3592
3592
3592
3592
3590
3590
3590
3590
3588
3588
3587
3586
3586
3585
3585
3584
3582
3580
3579
3578
3578
3578
3578
3574
3574
3573
3571
3570
3569
3569
3568
3568
3567
3567
3566
3564
3563
3563
3563
3562
3561
3560
3560
3559
3559
3559
3559
3556
3556
3556
3556
3555
3554
3554
3551
3551
3550
3547
3546
3544
3543
3542
3542
3542
3540
3540
3534
3533
3533
3533
3532
3529
3528
3527
3525
3521
3521
3517
3517
3517
3515
3515
3514
3514
3512
3512
3511
3508
3507
3507
3505
3504
3503
3503
3501
3500
3498
3497
3496
3495
3493
3492
3491
3491
3490
3490
3489
3489
3489
3489
3486
3482
3481
3481
3479
3479
3479
3478
3476
3475
3475
3474
3474
3473
3473
3471
3469
3467
3467
3467
3466
3466
3465
3463
3463
3463
3461
3460
3459
3459
3458
3458
3458
3457
3457
3454
3451
3451
3448
3445
3445
3445
3444
3444
3443
3442
3440
3439
3438
3438
3438
3437
3435
3434
3433
3431
3430
3429
3429
3429
3428
3428
3428
3426
3425
3424
3422
3421
3420
3420
3418
3416
3416
3415
3415
3414
3413
3413
3413
3412
3411
3410
3410
3407
3406
3404
3402
3401
3400
3400
3399
3399
3398
3397
3395
3395
3393
3393
3390
3389
3389
3388
3388
3387
3386
3385
3384
3383
3383
3382
3380
3380
3379
3377
3376
3375
3375
3371
3371
3368
3368
3367
3367
3365
3365
3365
3363
3362
3361
3361
3361
3360
3360
3360
3359
3358
3357
3356
3355
3354
3354
3353
3352
3351
3347
3346
3346
3343
3343
3342
3341
3341
3340
3339
3336
3335
3334
3334
3333
3331
3331
3330
3330
3330
3328
3328
3324
3323
3322
3322
3322
3320
3319
3319
3318
3318
3317
3316
3314
3314
3312
3312
3311
3311
3310
3309
3309
3308
3308
3307
3305
3305
3305
3304
3304
3303
3301
3300
3298
3296
3296
3296
3295
3295
3295
3294
3292
3292
3291
3291
3289
3289
3287
3286
3286
3286
3285
3285
3285
3282
3281
3279
3279
3278
3276
3275
3274
3274
3272
3272
3271
3271
3271
3270
3269
3268
3268
3268
3267
3266
3265
3265
3264
3263
3263
3263
3263
3262
3262
3262
3261
3260
3260
3259
3259
3258
3258
3257
3254
3254
3251
3249
3249
3247
3247
3247
3245
3244
3243
3242
3242
3241
3238
3237
3237
3235
3235
3234
3231
3230
3230
3230
3230
3228
3228
3228
3227
3227
3226
3225
3225
3225
3224
3224
3223
3222
3220
3220
3219
3219
3219
3218
3218
3218
3217
3215
3215
3214
3214
3210
3208
3207
3206
3205
3205
3205
3203
3200
3199
3198
3197
3197
3197
3195
3194
3194
3193
3192
3191
3191
3190
3190
3190
3187
3187
3186
3185
3185
3185
3183
3182
3182
3182
3182
3181
3181
3180
3174
3173
3172
3171
3169
3169
3168
3167
3166
3164
3164
3164
3162
3162
3162
3162
3161
3161
3160
3160
3159
3158
3157
3157
3155
3155
3154
3154
3153
3153
3153
3153
3152
3150
3150
3149
3149
3148
3145
3145
3143
3142
3142
3141
3141
3140
3139
3138
3138
3137
3137
3137
3136
3134
3133
3133
3132
3132
3129
3128
3128
3127
3127
3127
3127
3126
3125
3125
3124
3123
3122
3121
3120
3120
3119
3119
3118
3117
3116
3116
3115
3115
3115
3114
3113
3113
3111
3111
3110
3110
3110
3109
3109
3109
3108
3107
3107
3106
3105
3103
3103
3102
3101
3101
3100
3100
3100
3100
3100
3099
3099
3098
3097
3096
3096
3095
3094
3094
3090
3089
3088
3087
3087
3087
3086
3086
3083
3083
3083
3083
3082
3082
3080
3078
3076
3074
3074
3074
3072
3071
3071
3070
3069
3068
3014
3067
3067
3066
3065
3064
3064
3063
3063
3062
3062
3059
3059
3065
3057
3056
3054
3054
3054
3053
3068
3051
3050
3050
3050
3049
3049
3048
3048
3046
3045
3044
3044
3042
3042
3042
3042
3042
3041
3040
3040
3038
3038
3037
3037
3036
3036
3035
3035
3033
3033
3032
3032
3032
3032
3031
3030
3030
3030
3030
3029
3026
3026
3025
3025
3025
3025
3024
3024
3023
3023
3021
3021
3021
3020
3020
3019
3018
3017
3016
3015
3015
3013
3013
3012
3012
3012
3009
3009
3009
3008
3008
3008
3008
3007
3007
3007
3006
3004
3003
3002
3002
3001
3001
3000
3000
3073
