543345
512149
320212
281256
261051
200460
195385
191344
189996
175696
171731
160249
159182
155250
154648
147416
133144
116589
116234
115598
113331
111562
109274
107558
105825
100872
97818
95239
93011
91351
90721
90561
88199
88018
83506
82528
81442
79700
78200
77558
77152
76026
75145
74842
74449
71319
70673
68448
66060
64986
63041
62789
61784
60548
59735
58929
58598
58299
57829
57818
57661
57521
57245
56295
56267
55759
54938
54921
54827
54148
53913
53849
53837
53013
52116
52114
51779
51565
51547
51015
50870
50553
50157
50137
49805
49183
49157
48739
48704
48223
47478
46465
46243
46194
46119
45980
45936
45666
45660
45239
45109
45099
44675
44557
44235
44058
43696
43449
43335
43059
42665
42548
42491
42399
42231
42096
42064
41475
41342
41178
41058
40969
40718
40713
40465
40060
40061
39558
39373
39249
39162
39049
39038
38998
38749
38741
38510
38429
38338
38306
37832
37806
37781
37743
37687
37320
37210
37067
36983
36978
36826
36823
36821
36672
36543
36524
36222
36214
36118
35849
35713
35278
35075
35050
34910
34889
34824
34619
34573
34417
34412
34396
34373
34283
34073
33994
33806
33640
33507
33444
33297
33242
32959
32884
32780
32690
32635
32528
32477
32352
32304
32146
31991
31897
31890
31867
31842
31832
31783
31656
31639
31530
31526
31382
31208
31156
31147
31096
31060
31046
31018
30994
30805
30786
30687
30745
30500
30047
30031
29817
29637
29580
29560
29530
29528
29484
29438
29348
29317
29144
29138
29017
28992
28905
28750
28733
28712
28704
28702
28700
28577
28510
28470
28455
28388
28381
28375
28319
28311
28257
28243
27985
27957
27903
27871
27871
27840
27763
27708
27693
27680
27663
27651
27649
27614
27603
27550
27473
27397
27186
27133
27083
27014
26996
26832
26829
26811
26771
26715
26691
26586
26520
26474
26468
26455
26422
26411
26293
26227
26085
26041
26019
26008
25938
25932
25914
25855
25766
25724
25718
25710
25644
25642
25567
25521
25482
25469
25460
25434
25409
25363
25324
25319
25244
25232
25213
25105
25065
25044
25011
24978
24946
24899
24855
24852
24900
24817
24659
24574
24562
24555
24515
24492
24383
24322
24288
24154
24007
23967
23964
23963
23945
23854
23801
23772
23726
23680
23643
23640
23637
23629
23603
23600
23596
23594
23583
23580
23570
23568
23547
23494
23384
23378
23277
23238
23194
23184
23149
23123
23080
22830
22803
22852
22720
22640
22607
22599
22594
22516
22476
22393
22368
22307
22260
22234
22174
22079
22055
22037
22000
21957
21937
21892
21880
21861
21852
21797
21773
21750
21749
21708
21695
21691
21671
21667
21629
21623
21587
21566
21557
21517
21481
21476
21468
21442
21426
21400
21399
21393
21388
21347
21320
21310
21168
21142
21098
21084
21072
21026
20992
20953
20943
20892
20886
20851
20842
20830
20790
20785
20774
20720
20718
20713
20700
20643
20576
20559
20557
20421
20412
20397
20390
20376
20349
20339
20333
20318
20317
20315
20283
20266
20251
20238
20174
20096
20076
20065
20062
20054
20036
20000
19974
19972
19962
19937
19933
19913
19899
19755
19727
19712
19706
19705
19674
19606
19568
19567
19558
19537
19491
19484
19483
19476
19466
19465
19430
19382
19378
19379
19336
19329
19308
19299
19291
19275
19256
19239
19221
19219
19169
19108
19080
19057
19043
19003
19002
18927
18912
18907
18905
18897
18893
18884
18865
18851
18846
18832
18783
18775
18767
18697
18686
18594
18591
18579
18487
18481
18457
18449
18400
18359
18346
18338
18316
18314
18311
18308
18288
18273
18266
18265
18259
18244
18210
18209
18183
18179
18164
18155
18146
18139
18130
18114
18110
18100
18093
18052
18046
18040
18039
18036
18026
18020
17994
17967
17908
17864
17828
17828
17788
17788
17783
17778
17774
17771
17753
17750
17726
17710
17703
17700
17679
17671
17666
17661
17649
17633
17611
17600
17595
17571
17545
17494
17482
17464
17423
17400
17371
17363
17356
17342
17329
17319
17293
17293
17277
17264
17245
17239
17235
17214
17198
17186
17177
17172
17166
17157
17131
17086
17078
17038
17037
17019
17025
16971
16969
16948
16905
16873
16870
16864
16861
16853
16849
16785
16731
16706
16700
16693
16693
16688
16672
16670
16660
16651
16642
16639
16629
16624
16603
16577
16564
16534
16465
16456
16453
16452
16445
16443
16438
16437
16418
16382
16372
16368
16349
16265
16256
16255
16249
16247
16242
16242
16233
16229
16229
16221
16212
16192
16165
16163
16156
16136
16146
16125
16120
16114
16107
16102
16095
16086
16075
16072
16057
16039
16023
15969
15961
15958
15929
15912
15876
15852
15818
15816
15813
15800
15786
15781
15776
15757
15747
15725
15722
15698
15696
15694
15693
15684
15673
15664
15661
15649
15646
15642
15639
15639
15634
15617
15603
15569
15558
15554
15550
15544
15529
15470
15469
15433
15432
15395
15369
15363
15349
15338
15331
15323
15314
15316
15310
15289
15265
15245
15228
15210
15161
15153
15142
15125
15111
15068
15048
15044
15028
15008
15007
14966
14955
14955
14940
14937
14937
14934
14889
14875
14855
14848
14835
14820
14794
14792
14769
14751
14749
14710
14689
14640
14637
14623
14619
14617
14595
14592
14543
14536
14517
14515
14497
14486
14463
14461
14450
14443
14440
14432
14431
14408
14384
14381
14372
14370
14362
14355
14352
14346
14337
14334
14325
14324
14292
14289
14276
14275
14233
14210
14208
14196
14187
14184
14169
14163
14162
14159
14151
14146
14143
14138
14120
14095
14091
14058
14048
14035
14035
14020
14013
13992
13990
13984
13980
13969
13953
13950
13947
13937
13931
13928
13923
13912
13891
13858
13853
13847
13831
13829
13824
13809
13795
13789
13777
13763
13761
13763
13761
13747
13737
13734
13731
13727
13688
13683
13675
13673
13666
13662
13656
13625
13624
13618
13615
13603
13553
13553
13549
13546
13528
13522
13519
13519
13509
13502
13496
13491
13489
13484
13471
13467
13458
13452
13430
13410
13407
13405
13376
13368
13345
13335
13330
13316
13311
13310
13308
13307
13296
13287
13283
13270
13269
13250
13226
13217
13203
13192
13191
13183
13176
13175
13152
13139
13131
13127
13126
13116
13115
13113
13094
13083
13054
13050
13048
13027
12999
12993
12982
12977
12950
12949
12954
12936
12919
12917
12911
12894
12894
12887
12881
12873
12869
12858
12857
12853
12857
12838
12829
12827
12819
12807
12794
12782
12778
12774
12773
12772
12771
12730
12713
12702
12691
12672
12668
12649
12644
12640
12632
12629
12626
12625
12624
12616
12604
12601
12585
12553
12548
12545
12532
12525
12509
12506
12495
12483
12480
12474
12471
12459
12456
12453
12451
12447
12439
12436
12413
12399
12381
12372
12358
12336
12332
12311
12308
12300
12289
12246
12234
12230
12229
12221
12217
12253
12214
12192
12177
12172
12160
12159
12155
12152
12143
12141
12141
12139
12135
12133
12120
12119
12110
12109
12102
12098
12092
12075
12072
12067
12067
12052
12048
12042
12039
12038
12024
12021
12015
12013
12010
12006
12004
11964
11964
11944
11924
11905
11901
11892
11886
11870
11870
11868
11868
11828
11813
11796
11794
11793
11792
11781
11764
11762
11761
11756
11751
11732
11727
11720
11716
11716
11714
11709
11693
11691
11689
11686
11685
11663
11651
11629
11627
11624
11618
11600
11585
11584
11583
11575
11564
11556
11552
11551
11549
11546
11524
11523
11500
11497
11492
11488
11478
11472
11470
11468
11455
11439
11439
11430
11423
11403
11395
11393
11393
11391
11390
11388
11379
11368
11367
11358
11327
11322
11311
11309
11308
11297
11283
11276
11256
11252
11249
11246
11233
11217
11214
11213
11207
11193
11192
11191
11182
11181
11150
11149
11146
11144
11142
11139
11138
11125
11114
11110
11109
11108
11106
11101
11101
11098
11098
11088
11079
11074
11072
11070
11068
11065
11052
11043
11039
11036
11019
11019
11019
11018
11012
11012
11010
10999
10996
10996
10989
10986
10980
10977
10971
10963
10961
10955
10954
10937
10933
10928
10919
10914
10912
10909
10905
10895
10886
10881
10868
10863
10861
10849
10843
10841
10816
10814
10810
10809
10807
10807
10806
10800
10781
10780
10780
10779
10781
10773
10760
10758
10756
10751
10751
10745
10744
10742
10739
10728
10727
10726
10724
10721
10718
10717
10712
10709
10708
10704
10697
10696
10695
10695
10693
10681
10679
10678
10677
10674
10669
10667
10663
10660
10660
10656
10655
10646
10645
10644
10643
10639
10633
10631
10629
10621
10617
10614
10612
10611
10611
10592
10591
10590
10585
10578
10582
10578
10576
10576
10576
10588
10561
10554
10548
10548
10547
10527
10518
10508
10488
10486
10462
10458
10449
10448
10435
10427
10426
10422
10422
10417
10417
10411
10410
10444
10397
10388
10365
10365
10363
10360
10356
10349
10341
10332
10328
10319
10319
10309
10308
10307
10304
10297
10296
10291
10291
10277
10277
10273
10267
10266
10262
10261
10258
10257
10255
10252
10248
10253
10238
10237
10237
10236
10234
10224
10218
10217
10213
10208
10207
10200
10184
10184
10177
10174
10155
10152
10149
10144
10127
10124
10111
10104
10100
10100
10095
10094
10092
10087
10079
10068
10067
10065
10062
10058
10039
10039
10039
10028
10026
10056
10023
10020
10016
10015
10006
10005
10004
9998
9996
9994
9993
9986
9984
9978
9977
9973
9970
9968
9960
9959
9954
9949
9947
9941
9936
9932
9930
9929
9922
9921
9919
9919
9910
9909
9906
9906
9911
9903
9901
9900
9899
9898
9898
9890
9880
9879
9873
9863
9859
9856
9848
9847
9847
9845
9843
9841
9835
9831
9829
9828
9826
9822
9818
9814
9813
9806
9804
9801
9797
9786
9783
9776
9775
9775
9766
9765
9761
9760
9758
9756
9749
9745
9739
9742
9709
9705
9700
9689
9687
9687
9677
9674
9673
9670
9669
9667
9664
9660
9657
9657
9654
9651
9651
9651
9640
9638
9638
9634
9633
9632
9631
9629
9619
9614
9607
9603
9602
9602
9597
9595
9592
9590
9593
9571
9565
9560
9558
9558
9552
9549
9543
9532
9530
9522
9513
9500
9500
9497
9494
9492
9481
9478
9476
9473
9470
9464
9457
9452
9444
9434
9458
9431
9429
9428
9426
9424
9426
9419
9407
9404
9395
9390
9386
9385
9384
9380
9378
9374
9371
9370
9368
9364
9352
9347
9341
9337
9331
9331
9325
9324
9321
9321
9321
9320
9314
9311
9298
9294
9294
9293
9297
9292
9285
9282
9275
9274
9272
9272
9267
9261
9261
9259
9247
9246
9245
9239
9239
9238
9225
9221
9220
9218
9216
9363
9213
9213
9208
9202
9201
9201
9200
9197
9183
9182
9182
9180
9179
9172
9172
9171
9170
9165
9165
9163
9162
9159
9157
9155
9146
9140
9135
9130
9129
9127
9122
9117
9110
9109
9108
9103
9097
9092
9091
9088
9087
9086
9082
9082
9080
9080
9072
9065
9062
9056
9055
9041
9035
9030
9019
9015
9015
9003
9010
9010
9008
9006
9004
9004
9003
9003
8997
8976
8974
8973
8972
8971
8971
8964
8960
8959
8958
8956
8956
8948
8947
8942
8931
8931
8929
8928
8922
8922
8921
8920
8926
8911
8908
8906
8896
8892
8881
8878
8875
8870
8869
8869
8865
8862
8860
8853
8853
8833
8829
8821
8815
8817
8809
8805
8796
8792
8790
8785
8785
8781
8780
8776
8769
8767
8763
8759
8757
8752
8747
8744
8744
8741
8741
8738
8731
8729
8727
8726
8718
8717
8712
8711
8708
8708
8707
8704
8704
8702
8702
8699
8697
8696
8696
8693
8690
8689
8689
8685
8684
8684
8680
8678
8665
8660
8658
8658
8653
8650
8649
8646
8656
8639
8632
8633
8628
8627
8625
8624
8623
8622
8616
8615
8612
8611
8609
8605
8604
8591
8590
8569
8569
8567
8563
8561
8560
8559
8556
8554
8549
8544
8542
8538
8538
8536
8535
8534
8534
8533
8533
8533
8528
8519
8519
8518
8518
8509
8507
8505
8503
8502
8502
8499
8496
8487
8485
8484
8474
8474
8470
8470
8464
8458
8457
8444
8443
8435
8433
8433
8420
8420
8419
8415
8413
8407
8407
8406
8402
8397
8396
8394
8388
8381
8378
8378
8421
8368
8368
8358
8357
8357
8355
8353
8351
8350
8347
8346
8344
8343
8343
8339
8328
8326
8325
8324
8322
8322
8320
8314
8313
8310
8305
8304
8301
8298
8298
8296
8289
8305
8285
8280
8277
8276
8274
8271
8268
8267
8267
8265
8265
8264
8263
8262
8251
8249
8248
8247
8247
8239
8237
8237
8234
8233
8231
8229
8224
8223
8223
8222
8219
8218
8218
8218
8216
8215
8214
8214
8213
8210
8210
8208
8208
8199
8198
8196
8191
8185
8184
8184
8181
8179
8176
8167
8166
8162
8161
8158
8156
8155
8142
8138
8138
8135
8134
8132
8131
8128
8127
8126
8123
8123
8120
8119
8117
8115
8112
8111
8108
8098
8097
8095
8092
8087
8084
8088
8075
8068
8068
8067
8067
8066
8085
8060
8052
8050
8050
8045
8038
8036
8036
8034
8028
8023
8022
8021
8021
8016
8014
8012
8011
8011
8008
8004
8001
7999
7997
7993
7996
7987
7987
7987
7986
7985
7984
7974
7973
7973
7969
7967
7967
7965
7961
7959
7958
7956
7956
7956
7954
7953
7953
7950
7948
7942
7939
7938
7936
7932
7932
7927
7927
7926
7925
7924
7922
7916
7912
7908
7908
7903
7902
7902
7900
7895
7895
7894
7888
7880
7878
7874
7869
7869
7868
7866
7866
7856
7852
7852
7850
7845
7843
7843
7839
7835
7835
7834
7831
7820
7820
7820
7818
7817
7825
7809
7809
7804
7803
7803
7803
7801
7795
7789
7785
7782
7776
7775
7773
7773
7771
7770
7767
7763
7758
7754
7754
7754
7753
7747
7742
7740
7738
7737
7735
7733
7733
7732
7730
7728
7728
7724
7723
7720
7720
7720
7718
7717
7714
7713
7713
7702
7700
7700
7699
7696
7684
7684
7682
7680
7679
7669
7665
7665
7661
7659
7658
7656
7654
7651
7651
7651
7650
7647
7646
7644
7644
7643
7643
7640
7639
7639
7639
7635
7634
7632
7625
7622
7619
7616
7616
7613
7613
7616
7612
7608
7608
7601
7601
7600
7597
7596
7596
7595
7594
7594
7589
7588
7588
7584
7582
7581
7581
7580
7579
7573
7572
7571
7569
7568
7567
7562
7560
7559
7556
7555
7562
7552
7551
7549
7542
7539
7537
7534
7534
7531
7529
7520
7518
7513
7513
7512
7511
7507
7502
7499
7495
7493
7492
7484
7484
7483
7483
7479
7477
7477
7477
7475
7470
7466
7465
7460
7457
7457
7453
7452
7448
7448
7447
7447
7447
7440
7434
7432
7432
7431
7430
7430
7429
7428
7427
7426
7418
7417
7414
7410
7410
7409
7409
7408
7403
7400
7400
7399
7396
7393
7391
7381
7380
7380
7369
7369
7368
7362
7353
7352
7352
7350
7350
7347
7345
7345
7344
7343
7343
7342
7341
7340
7340
7339
7335
7333
7333
7332
7327
7323
7323
7323
7323
7320
7321
7319
7319
7317
7317
7314
7312
7312
7307
7306
7305
7312
7300
7299
7293
7292
7291
7291
7290
7289
7287
7286
7283
7283
7275
7274
7274
7271
7270
7269
7268
7268
7267
7265
7262
7262
7262
7261
7260
7259
7259
7258
7258
7257
7257
7255
7255
7255
7255
7254
7251
7248
7246
7243
7243
7239
7236
7233
7230
7230
7229
7229
7228
7225
7225
7223
7220
7219
7219
7217
7217
7217
7216
7215
7214
7210
7207
7207
7213
7201
7201
7200
7326
7198
7192
7191
7189
7187
7186
7186
7182
7181
7171
7166
7163
7162
7158
7155
7153
7151
7151
7148
7146
7145
7143
7140
7140
7134
7132
7132
7131
7131
7129
7125
7123
7118
7117
7119
7112
7112
7112
7111
7111
7110
7109
7109
7107
7107
7104
7099
7097
7096
7096
7096
7096
7095
7092
7091
7090
7090
7090
7088
7087
7084
7082
7077
7076
7074
7072
7068
7067
7067
7067
7065
7062
7062
7061
7055
7052
7051
7048
7045
7043
7034
7032
7030
7027
7027
7025
7024
7024
7022
7021
7020
7017
7016
7014
7014
7013
7013
7012
7011
7009
7008
7005
7001
7001
7000
6999
6994
6992
6991
6989
6988
6986
6985
6985
6984
6983
6982
6984
6980
6980
6975
6974
6973
6971
6969
6968
6960
6958
6956
6956
6954
6952
6949
6949
6949
6947
6945
6945
6942
6942
6939
6937
6933
6931
6930
6930
6928
6927
6926
6923
6922
6919
6918
6918
6917
6915
6914
6913
6911
6908
6908
6905
6903
6901
6900
6897
6896
6895
6893
6891
6883
6883
6882
6881
6881
6878
6878
6877
6876
6874
6872
6871
6870
6869
6868
6866
6865
6865
6865
6864
6863
6857
6855
6855
6850
6843
6839
6838
6838
6834
6834
6831
6830
6826
6824
6823
6820
6817
6817
6816
6815
6812
6811
6809
6808
6808
6807
6801
6801
6800
6800
6797
6796
6795
6795
6794
6790
6785
6782
6782
6772
6771
6769
6768
6768
6766
6765
6764
6763
6761
6761
6760
6759
6758
6758
6757
6754
6751
6749
6749
6747
6746
6744
6744
6743
6742
6742
6742
6741
6740
6740
6740
6739
6738
6736
6735
6735
6734
6730
6728
6728
6727
6727
6727
6726
6725
6720
6718
6712
6712
6709
6706
6705
6701
6700
6697
6697
6695
6694
6693
6692
6691
6690
6689
6688
6685
6684
6683
6681
6681
6679
6679
6678
6676
6672
6672
6671
6671
6669
6668
6666
6665
6665
6664
6659
6659
6656
6651
6646
6646
6645
6644
6642
6641
6630
6630
6629
6629
6628
6623
6623
6623
6618
6617
6616
6613
6611
6611
6610
6609
6609
6607
6603
6601
6599
6595
6593
6593
6591
6595
6589
6588
6588
6588
6585
6584
6582
6582
6581
6581
6581
6580
6578
6578
6575
6571
6569
6567
6566
6563
6562
6561
6559
6559
6558
6557
6557
6555
6547
6546
6546
6545
6544
6543
6542
6542
6541
6542
6538
6537
6537
6533
6533
6531
6529
6527
6521
6520
6519
6519
6518
6517
6515
6515
6512
6511
6510
6510
6509
6508
6507
6507
6503
6501
6497
6495
6494
6497
6493
6490
6489
6489
6488
6486
6486
6482
6476
6472
6470
6469
6469
6468
6467
6467
6462
6461
6461
6460
6459
6458
6458
6453
6452
6451
6451
6450
6449
6448
6446
6446
6444
6443
6442
6441
6440
6434
6433
6433
6433
6432
6432
6431
6430
6428
6436
6427
6426
6426
6424
6423
6422
6422
6418
6417
6415
6413
6412
6411
6411
6410
6410
6409
6405
6405
6404
6404
6402
6400
6400
6398
6396
6392
6391
6391
6390
6390
6389
6387
6385
6383
6382
6380
6380
6378
6377
6375
6373
6373
6373
6372
6372
6371
6369
6368
6366
6366
6366
6364
6363
6362
6361
6361
6357
6357
6357
6356
6355
6355
6354
6352
6352
6350
6350
6349
6349
6348
6348
6347
6346
6346
6345
6345
6342
6340
6335
6334
6332
6329
6327
6326
6324
6323
6321
6326
6321
6319
6319
6318
6318
6317
6316
6316
6316
6315
6313
6313
6311
6310
6310
6309
6308
6308
6306
6301
6297
6294
6293
6293
6292
6290
6288
6287
6285
6282
6280
6278
6276
6276
6274
6270
6268
6288
6262
6261
6260
6251
6250
6250
6248
6247
6247
6246
6246
6246
6245
6244
6243
6242
6239
6233
6233
6233
6232
6232
6225
6225
6225
6223
6221
6221
6220
6220
6214
6213
6211
6211
6210
6210
6210
6210
6210
6207
6207
6206
6205
6205
6203
6203
6200
6199
6199
6195
6191
6189
6187
6187
6187
6187
6186
6186
6185
6184
6181
6181
6179
6178
6178
6178
6176
6174
6173
6173
6169
6167
6166
6165
6165
6165
6164
6163
6161
6160
6159
6158
6158
6158
6150
6148
6147
6147
6147
6146
6146
6144
6143
6143
6142
6142
6141
6141
6140
6138
6135
6135
6133
6133
6129
6128
6126
6125
6125
6121
6119
6115
6111
6110
6106
6105
6105
6104
6102
6101
6101
6099
6098
6098
6098
6098
6096
6095
6091
6090
6089
6085
6085
6084
6084
6081
6081
6080
6079
6078
6078
6077
6076
6076
6071
6070
6069
6068
6066
6063
6061
6058
6056
6056
6056
6053
6053
6052
6050
6050
6048
6048
6047
6057
6047
6046
6046
6044
6044
6043
6042
6041
6040
6037
6037
6037
6037
6033
6032
6034
6030
6029
6028
6027
6025
6023
6020
6019
6019
6018
6017
6013
6012
6011
6010
6010
6009
6009
6009
6006
6005
6004
6004
6003
6002
6002
6001
6001
6000
6000
5997
5997
5996
5995
5994
5994
5993
5991
5991
5988
5986
5986
5985
5984
5983
5980
5979
5978
5978
5977
5976
5976
5975
5974
5974
5974
5973
5973
5973
5973
5972
5970
5970
5970
5969
5963
5963
5963
5959
5958
5955
5952
5952
5950
5949
5947
5946
5945
5944
5943
5943
5939
5938
5937
5936
5975
5932
5930
5928
5925
5924
5922
5922
5921
5921
5922
5919
5918
5916
5916
5916
5915
5914
5913
5913
5912
5911
5907
5906
5905
5904
5904
5903
5903
5897
5897
5895
5895
5893
5893
5893
5892
5892
5892
5892
5891
5891
5891
5890
5889
5888
5887
5882
5881
5897
5880
5880
5879
5875
5874
5873
5872
5871
5871
5870
5870
5870
5869
5869
5867
5866
5863
5862
5862
5862
5861
5860
5858
5856
5853
5852
5850
5849
5848
5848
5848
5847
5846
5844
5844
5843
5841
5840
5840
5838
5837
5836
5834
5829
5829
5829
5827
5824
5824
5822
5822
5821
5817
5812
5810
5809
5809
5809
5812
5807
5807
5806
5805
5804
5804
5803
5803
5802
5802
5800
5799
5798
5797
5797
5796
5795
5793
5793
5791
5789
5788
5788
5784
5783
5783
5782
5781
5781
5780
5779
5777
5775
5774
5772
5772
5771
5769
5768
5768
5767
5765
5764
5761
5761
5759
5758
5756
5756
5755
5754
5753
5748
5748
5748
5748
5746
5745
5743
5758
5742
5738
5737
5737
5736
5740
5735
5731
5731
5727
5725
5724
5724
5724
5723
5722
5722
5719
5719
5718
5718
5717
5716
5715
5713
5713
5712
5711
5711
5711
5709
5708
5707
5706
5706
5705
5704
5704
5702
5701
5701
5699
5697
5697
5696
5696
5695
5695
5696
5693
5693
5693
5692
5691
5690
5687
5686
5684
5684
5684
5683
5682
5681
5680
5679
5679
5679
5678
5678
5676
5675
5674
5671
5671
5670
5669
5669
5666
5664
5663
5661
5661
5661
5661
5667
5660
5660
5658
5718
5657
5654
5650
5648
5647
5644
5644
5643
5642
5642
5642
5639
5638
5636
5635
5635
5633
5630
5627
5626
5626
5625
5624
5623
5622
5620
5619
5616
5615
5614
5612
5611
5611
5610
5610
5610
5610
5608
5607
5607
5605
5602
5602
5599
5598
5597
5596
5596
5595
5595
5593
5592
5592
5589
5587
5585
5585
5584
5584
5584
5583
5582
5579
5577
5577
5576
5576
5576
5575
5574
5572
5571
5570
5570
5609
5569
5568
5568
5566
5562
5562
5561
5561
5561
5561
5561
5560
5562
5559
5557
5554
5554
5552
5550
5548
5548
5547
5551
5544
5542
5541
5541
5539
5538
5537
5537
5536
5536
5536
5535
5535
5535
5533
5533
5531
5530
5529
5529
5528
5528
5527
5525
5524
5524
5524
5522
5521
5519
5519
5519
5517
5517
5516
5515
5513
5512
5510
5506
5506
5506
5505
5503
5502
5500
5499
5496
5495
5495
5494
5492
5491
5491
5490
5490
5489
5487
5486
5485
5483
5483
5483
5482
5481
5481
5480
5478
5478
5477
5476
5474
5474
5472
5471
5471
5469
5467
5467
5466
5466
5464
5464
5464
5463
5462
5461
5461
5460
5460
5459
5459
5459
5457
5457
5456
5456
5455
5451
5451
5451
5450
5449
5449
5449
5448
5446
5446
5445
5443
5442
5441
5440
5440
5439
5438
5436
5435
5433
5432
5430
5430
5430
5429
5429
5428
5428
5428
5427
5427
5427
5426
5425
5425
5423
5422
5421
5421
5420
5416
5416
5414
5414
5413
5412
5412
5412
5411
5411
5416
5410
5409
5408
5407
5407
5403
5401
5400
5399
5393
5390
5389
5388
5387
5387
5386
5385
5384
5384
5383
5382
5381
5381
5380
5379
5379
5379
5378
5378
5378
5377
5376
5374
5373
5369
5369
5369
5369
5366
5365
5365
5365
5363
5362
5360
5360
5360
5359
5359
5358
5357
5357
5357
5357
5357
5358
5351
5350
5350
5346
5346
5346
5345
5344
5339
5337
5337
5337
5335
5333
5332
5331
5328
5327
5327
5327
5326
5325
5324
5323
5322
5320
5320
5319
5319
5319
5319
5318
5318
5318
5317
5316
5316
5316
5314
5313
5313
5311
5311
5307
5307
5307
5306
5305
5305
5302
5302
5301
5301
5301
5300
5300
5298
5299
5295
5295
5293
5293
5293
5293
5292
5292
5292
5289
5288
5287
5287
5286
5286
5284
5315
5284
5283
5283
5281
5281
5281
5279
5279
5277
5275
5274
5274
5274
5274
5273
5273
5272
5271
5269
5268
5268
5268
5268
5268
5268
5268
5267
5267
5267
5266
5265
5265
5262
5262
5261
5261
5261
5271
5260
5258
5257
5257
5256
5256
5255
5254
5254
5256
5251
5250
5250
5248
5247
5246
5246
5246
5245
5243
5242
5242
5241
5241
5241
5240
5238
5238
5237
5237
5236
5235
5234
5234
5234
5234
5233
5232
5232
5231
5230
5230
5229
5228
5227
5226
5226
5226
5226
5225
5224
5223
5222
5221
5220
5220
5219
5218
5214
5213
5213
5212
5211
5211
5211
5210
5210
5209
5208
5208
5208
5208
5207
5205
5205
5205
5204
5203
5201
5201
5201
5199
5197
5196
5195
5194
5193
5192
5192
5191
5191
5191
5190
5190
5189
5188
5188
5187
5186
5186
5186
5185
5184
5184
5183
5182
5183
5180
5179
5178
5178
5177
5177
5177
5176
5175
5175
5175
5175
5174
5173
5171
5171
5169
5168
5168
5167
5167
5166
5165
5164
5164
5163
5163
5162
5162
5161
5160
5160
5158
5157
5156
5156
5155
5153
5152
5152
5151
5150
5150
5148
5148
5147
5147
5146
5146
5145
5145
5145
5145
5145
5145
5145
5144
5144
5142
5156
5141
5138
5137
5138
5136
5136
5135
5135
5134
5134
5134
5133
5133
5133
5133
5133
5133
5131
5131
5130
5130
5129
5129
5128
5127
5127
5127
5123
5123
5123
5123
5122
5120
5120
5119
5119
5119
5118
5117
5116
5115
5115
5113
5112
5114
5111
5111
5111
5111
5111
5110
5109
5108
5107
5107
5107
5106
5106
5105
5104
5103
5102
5102
5101
5101
5099
5097
5097
5094
5093
5093
5092
5092
5091
5091
5091
5090
5090
5089
5088
5088
5087
5086
5085
5084
5084
5084
5083
5083
5082
5082
5080
5078
5076
5076
5074
5074
5074
5073
5072
5070
5068
5067
5066
5066
5066
5065
5064
5062
5062
5061
5060
5059
5059
5058
5057
5057
5057
5056
5056
5056
5054
5054
5053
5051
5051
5050
5048
5048
5047
5046
5044
5043
5042
5041
5040
5040
5039
5039
5038
5036
5035
5035
5035
5034
5032
5032
5031
5030
5030
5030
5029
5029
5029
5028
5028
5027
5026
5025
5024
5024
5023
5023
5022
5022
5020
5019
5019
5018
5017
5016
5016
5016
5016
5016
5016
5015
5015
5013
5012
5010
5010
5010
5010
5009
5008
5007
5006
5006
5004
5003
5003
5003
5002
5002
5001
5001
4999
4999
4999
4998
4998
4998
4997
4996
4996
4994
4994
4994
4993
4993
4993
4991
4990
4989
4989
4988
4988
4987
4984
4984
4984
4991
4984
4984
4983
4982
4981
4980
4980
4979
4977
4976
4976
4975
4974
4972
4972
4972
4970
4969
4969
4967
4966
4966
4965
4965
4964
4961
4961
4961
4960
4959
4976
4958
4957
4956
4956
4955
4954
4953
4952
4951
4951
4951
4950
4949
4949
4949
4948
4948
4947
4947
4947
4947
4945
4944
4944
4943
4943
4942
4942
4941
4941
4941
4940
4940
4940
4938
4938
4937
4935
4935
4935
4935
4934
4934
4933
4931
4931
4930
4930
4928
4928
4928
4927
4927
4926
4926
4924
4924
4924
4921
4921
4921
4920
4920
4920
4919
4918
4918
4918
4918
4917
4916
4916
4914
4913
4912
4912
4912
4911
4911
4911
4911
4910
4910
4909
4907
4907
4907
4906
4906
4906
4904
4904
4903
4903
4902
4902
4902
4899
4899
4899
4898
4897
4897
4897
4897
4897
4896
4896
4896
4896
4895
4895
4894
4893
4892
4892
4891
4891
4890
4890
4888
4888
4887
4899
4887
4886
4886
4886
4886
4885
4885
4885
4884
4883
4882
4881
4881
4880
4879
4879
4879
4875
4875
4874
4873
4873
4872
4872
4872
4871
4870
4866
4866
4870
4865
4862
4862
4861
4861
4860
4860
4860
4860
4859
4858
4857
4856
4856
4856
4856
4855
4854
4854
4854
4853
4852
4851
4850
4850
4850
4850
4850
4848
4847
4847
4846
4845
4844
4843
4841
4841
4840
4840
4839
4839
4839
4838
4838
4841
4837
4837
4836
4836
4834
4833
4832
4832
4831
4831
4830
4827
4826
4824
4824
4823
4823
4823
4822
4822
4821
4820
4820
4820
4819
4819
4818
4818
4816
4816
4816
4816
4816
4815
4814
4814
4814
4814
4812
4810
4809
4812
4809
4808
4808
4808
4808
4807
4807
4807
4807
4806
4806
4805
4805
4805
4804
4804
4804
4802
4802
4802
4802
4801
4801
4800
4800
4799
4799
4798
4798
4798
4798
4797
4818
4794
4794
4794
4793
4793
4791
4790
4790
4790
4789
4789
4788
4788
4788
4787
4786
4785
4784
4784
4784
4781
4779
4779
4779
4778
4776
4775
4775
4775
4774
4772
4770
4770
4769
4769
4767
4767
4766
4766
4766
4765
4764
4764
4763
4763
4763
4763
4760
4760
4759
4759
4759
4759
4758
4758
4758
4758
4758
4757
4757
4757
4756
4755
4755
4753
4752
4752
4751
4751
4750
4749
4749
4749
4748
4747
4747
4746
4746
4745
4744
4742
4741
4741
4739
4739
4736
4736
4735
4733
4732
4732
4730
4730
4729
4729
4728
4728
4728
4726
4725
4725
4725
4724
4722
4722
4721
4719
4719
4719
4719
4718
4717
4716
4716
4715
4715
4715
4713
4711
4710
4710
4710
4709
4709
4709
4709
4709
4707
4706
4704
4704
4704
4704
4703
4703
4703
4703
4701
4701
4700
4700
4700
4704
4700
4700
4698
4698
4697
4697
4696
4695
4695
4695
4693
4693
4693
4692
4692
4691
4691
4690
4689
4686
4686
4684
4684
4684
4682
4682
4682
4680
4680
4680
4679
4679
4679
4678
4677
4687
4676
4675
4675
4673
4673
4672
4669
4669
4668
4668
4698
4668
4668
4667
4666
4666
4665
4665
4664
4664
4663
4662
4662
4660
4660
4658
4658
4656
4655
4655
4653
4652
4652
4652
4650
4649
4649
4649
4648
4648
4648
4647
4647
4647
4645
4645
4645
4644
4643
4643
4641
4641
4639
4638
4638
4638
4637
4636
4636
4636
4636
4635
4635
4634
4634
4634
4634
4633
4632
4632
4632
4631
4631
4631
4629
4628
4627
4627
4627
4626
4626
4624
4622
4622
4622
4622
4621
4619
4619
4619
4618
4617
4617
4617
4617
4634
4615
4615
4614
4613
4613
4613
4612
4611
4611
4610
4610
4610
4609
4609
4609
4607
4607
4607
4607
4606
4606
4605
4605
4605
4604
4604
4603
4603
4603
4602
4602
4601
4601
4601
4600
4600
4600
4599
4598
4598
4598
4596
4596
4595
4595
4595
4595
4594
4594
4594
4594
4592
4591
4591
4587
4586
4586
4586
4585
4585
4584
4583
4583
4583
4583
4582
4581
4581
4581
4580
4579
4579
4579
4577
4577
4576
4575
4574
4573
4573
4572
4571
4571
4570
4570
4569
4568
4567
4567
4566
4565
4565
4565
4565
4563
4563
4562
4562
4561
4561
4560
4560
4560
4560
4560
4559
4557
4556
4556
4556
4556
4555
4554
4554
4554
4552
4552
4552
4552
4551
4551
4550
4550
4550
4550
4549
4549
4548
4548
4547
4547
4547
4547
4545
4544
4544
4544
4543
4543
4543
4543
4542
4542
4542
4542
4541
4541
4541
4541
4541
4540
4540
4540
4539
4538
4538
4538
4537
4536
4538
4533
4533
4532
4532
4532
4528
4528
4528
4528
4527
4526
4526
4525
4524
4524
4523
4523
4522
4522
4520
4520
4518
4518
4518
4519
4516
4515
4515
4514
4514
4514
4513
4513
4512
4512
4511
4511
4510
4510
4509
4508
4507
4507
4506
4505
4505
4505
4504
4503
4503
4503
4503
4502
4502
4502
4501
4501
4500
4500
4502
4499
4499
4497
4497
4497
4496
4496
4495
4495
4493
4490
4490
4490
4488
4488
4488
4487
4485
4485
4485
4485
4484
4482
4480
4480
4480
4478
4477
4476
4475
4475
4474
4473
4472
4472
4471
4471
4471
4470
4470
4469
4469
4467
4466
4465
4465
4464
4463
4463
4462
4462
4462
4462
4461
4460
4460
4460
4460
4460
4460
4459
4458
4458
4458
4458
4457
4457
4462
4456
4455
4454
4454
4454
4453
4453
4452
4449
4449
4448
4447
4447
4447
4446
4446
4446
4446
4445
4445
4445
4444
4443
4442
4442
4440
4439
4438
4437
4437
4436
4436
4435
4435
4434
4457
4434
4446
4433
4433
4432
4432
4431
4431
4430
4429
4429
4428
4428
4428
4428
4428
4427
4427
4424
4423
4422
4422
4421
4421
4421
4420
4419
4418
4418
4418
4416
4416
4414
4414
4413
4413
4413
4412
4411
4411
4410
4410
4409
4414
4408
4407
4407
4406
4406
4404
4404
4402
4401
4401
4400
4400
4400
4400
4400
4398
4397
4396
4396
4396
4395
4395
4394
4394
4394
4394
4393
4392
4391
4391
4391
4390
4388
4386
4386
4384
4384
4383
4382
4382
4382
4381
4379
4378
4378
4377
4377
4377
4377
4377
4376
4375
4379
4375
4375
4374
4374
4374
4373
4373
4373
4373
4372
4372
4372
4372
4371
4370
4370
4369
4368
4367
4367
4365
4363
4363
4363
4362
4362
4360
4360
4360
4359
4358
4358
4357
4357
4357
4357
4356
4361
4355
4355
4354
4353
4352
4351
4350
4349
4349
4349
4349
4348
4348
4347
4347
4347
4347
4346
4345
4343
4343
4342
4342
4342
4341
4341
4340
4340
4348
4339
4339
4338
4338
4338
4340
4336
4336
4336
4334
4334
4333
4333
4333
4332
4332
4331
4347
4330
4330
4329
4329
4328
4328
4328
4327
4327
4326
4325
4325
4324
4324
4323
4322
4322
4321
4321
4321
4321
4321
4321
4321
4319
4321
4319
4318
4318
4317
4317
4316
4314
4313
4313
4312
4312
4311
4311
4310
4310
4310
4309
4308
4307
4307
4305
4304
4303
4303
4303
4302
4299
4298
4297
4296
4296
4295
4295
4295
4292
4292
4291
4290
4289
4289
4288
4287
4287
4286
4286
4285
4284
4284
4284
4284
4283
4283
4283
4283
4282
4282
4282
4281
4351
4280
4280
4279
4279
4279
4278
4278
4278
4277
4277
4274
4273
4272
4272
4271
4270
4270
4270
4269
4269
4269
4268
4268
4268
4268
4268
4267
4267
4267
4267
4266
4266
4264
4264
4264
4263
4262
4262
4261
4261
4260
4260
4259
4259
4262
4258
4258
4258
4257
4257
4257
4256
4256
4256
4256
4255
4255
4254
4254
4253
4258
4253
4253
4252
4252
4252
4251
4251
4251
4250
4249
4248
4248
4247
4246
4245
4245
4245
4244
4244
4244
4243
4242
4242
4241
4238
4238
4238
4237
4237
4237
4237
4237
4236
4236
4235
4234
4234
4233
4233
4233
4233
4231
4231
4230
4230
4229
4229
4229
4229
4227
4226
4225
4224
4224
4224
4223
4223
4222
4222
4221
4219
4219
4217
4217
4217
4217
4217
4216
4216
4216
4215
4214
4214
4214
4214
4214
4214
4213
4213
4211
4211
4210
4210
4210
4209
4209
4209
4208
4208
4205
4205
4205
4204
4204
4204
4203
4203
4203
4203
4202
4202
4202
4202
4201
4201
4201
4201
4199
4199
4199
4199
4199
4199
4198
4198
4197
4197
4197
4197
4196
4195
4194
4193
4193
4192
4192
4192
4190
4189
4189
4189
4188
4188
4188
4188
4188
4187
4186
4186
4186
4186
4186
4185
4185
4185
4183
4182
4182
4181
4180
4180
4180
4179
4179
4179
4178
4178
4181
4176
4176
4176
4176
4175
4175
4174
4173
4173
4172
4172
4172
4178
4172
4171
4171
4171
4170
4170
4170
4170
4170
4169
4169
4168
4168
4168
4167
4167
4167
4166
4168
4165
4165
4164
4164
4163
4162
4162
4161
4161
4159
4159
4159
4158
4157
4157
4157
4156
4156
4155
4155
4155
4154
4154
4153
4153
4153
4152
4152
4152
4159
4151
4151
4151
4151
4150
4150
4149
4155
4147
4146
4146
4145
4145
4145
4143
4143
4143
4143
4143
4142
4142
4142
4142
4141
4141
4141
4140
4139
4139
4139
4146
4138
4138
4138
4137
4137
4137
4136
4136
4136
4136
4136
4135
4134
4134
4133
4133
4133
4133
4132
4131
4131
4131
4130
4129
4128
4128
4127
4133
4126
4126
4126
4125
4124
4123
4123
4122
4122
4122
4121
4121
4120
4119
4119
4119
4118
4117
4116
4116
4116
4116
4115
4114
4114
4113
4113
4112
4112
4111
4111
4111
4107
4107
4107
4106
4106
4105
4105
4105
4105
4104
4104
4104
4103
4102
4102
4102
4101
4101
4101
4100
4100
4100
4100
4099
4099
4099
4098
4098
4098
4097
4097
4095
4095
4095
4094
4094
4094
4094
4093
4093
4093
4093
4100
4092
4091
4091
4091
4091
4090
4089
4089
4091
4089
4088
4088
4088
4088
4088
4088
4090
4087
4086
4094
4086
4085
4085
4085
4085
4083
4083
4083
4082
4081
4081
4081
4080
4080
4079
4079
4079
4078
4078
4078
4078
4078
4077
4076
4076
4076
4076
4075
4075
4074
4074
4074
4072
4072
4072
4071
4071
4071
4070
4070
4069
4069
4068
4068
4068
4068
4067
4067
4067
4066
4066
4066
4067
4065
4065
4065
4064
4064
4064
4063
4063
4062
4062
4062
4061
4061
4061
4060
4060
4059
4059
4059
4059
4059
4058
4058
4057
4057
4056
4056
4056
4055
4055
4055
4054
4054
4054
4054
4053
4053
4053
4052
4052
4050
4050
4049
4049
4049
4049
4048
4048
4048
4047
4047
4047
4047
4046
4046
4046
4045
4045
4044
4043
4043
4043
4043
4042
4042
4042
4041
4040
4040
4040
4040
4039
4039
4039
4038
4038
4037
4037
4037
4037
4037
4036
4036
4035
4035
4035
4034
4033
4033
4032
4031
4031
4031
4031
4030
4029
4028
4028
4028
4027
4027
4025
4024
4024
4022
4022
4022
4022
4022
4021
4021
4020
4018
4018
4017
4016
4015
4015
4015
4015
4015
4015
4014
4014
4013
4013
4013
4013
4012
4012
4012
4011
4011
4010
4010
4010
4009
4009
4009
4009
4008
4008
4008
4007
4007
4007
4006
4005
4005
4004
4004
4003
4003
4002
4002
4001
4001
4001
4000
4004
3999
3999
3998
3998
3997
3997
3994
3994
3994
3993
3993
3993
3992
3992
3992
3992
3992
3993
3989
3989
3989
3987
3987
3987
3987
3987
3987
3986
3986
3985
3985
3985
3984
3984
3983
3981
3981
3981
3981
3981
3981
3980
3980
3980
3979
3978
3978
3978
3977
4062
3977
3976
3975
3975
3974
3974
3974
3974
3974
3973
3973
3972
3973
3971
3970
3970
3969
3969
3969
3968
3968
3968
3968
3967
3967
3967
3967
3966
3966
3965
3964
3963
3962
3962
3961
3960
3960
3960
3959
3959
3958
3958
3958
3957
3957
3957
3956
3956
3956
3955
3953
3953
3952
3952
3952
3951
3951
3951
3951
3951
3951
3950
3950
3950
3949
3949
3949
3948
3948
3948
3946
3945
3945
3945
3945
3944
3944
3944
3943
3943
3943
3942
3942
3942
3941
3941
3940
3938
3937
3934
3934
3934
3934
3933
3932
3932
3932
3932
3932
3931
3931
3930
3930
3930
3930
3930
3929
3929
3929
3929
3929
3929
3928
3928
3928
3927
3927
3927
3927
3926
3926
3926
3926
3926
3925
3925
3925
3924
3924
3924
3924
3923
3923
3922
3922
3922
3921
3921
3921
3920
3920
3919
3919
3918
3918
3918
3918
3917
3917
3917
3917
3916
3916
3916
3916
3916
3916
3915
3915
3914
3914
3914
3914
3913
3911
3910
3910
3910
3910
3909
3909
3909
3909
3908
3908
3908
3908
3906
3906
3905
3905
3905
3905
3905
3904
3904
3904
3904
3903
3903
3903
3903
3902
3902
3902
3902
3902
3900
3900
3900
3900
3900
3899
3898
3898
3897
3897
3897
3897
3897
3897
3897
3896
3896
3895
3895
3895
3894
3893
3893
3893
3892
3892
3892
3892
3891
3891
3891
3891
3890
3890
3889
3889
3888
3887
3887
3887
3887
3886
3886
3886
3885
3885
3885
3885
3885
3884
3884
3884
3883
3883
3882
3882
3882
3882
3881
3881
3881
3881
3880
3879
3878
3878
3878
3878
3878
3877
3877
3877
3877
3876
3876
3875
3875
3875
3874
3874
3874
3873
3873
3873
3873
3873
3872
3871
3871
3871
3871
3870
3870
3869
3869
3869
3869
3868
3868
3868
3867
3866
3866
3865
3865
3865
3865
3864
3864
3864
3864
3863
3863
3862
3860
3860
3860
3860
3859
3859
3859
3857
3856
3856
3856
3855
3854
3854
3854
3907
3851
3851
3851
3850
3850
3849
3849
3848
3848
3848
3847
3847
3846
3846
3846
3846
3846
3845
3845
3845
3845
3845
3844
3844
3843
3842
3842
3842
3842
3841
3839
3839
3838
3838
3837
3837
3836
3836
3835
3835
3835
3835
3834
3834
3834
3833
3832
3832
3832
3832
3831
3831
3831
3831
3830
3829
3829
3829
3828
3827
3827
3826
3825
3825
3825
3825
3824
3824
3823
3823
3822
3822
3822
3822
3821
3820
3819
3818
3818
3818
3816
3816
3816
3816
3815
3815
3815
3815
3815
3815
3814
3814
3814
3814
3814
3813
3813
3813
3813
3812
3812
3812
3812
3811
3810
3810
3810
3810
3808
3808
3808
3807
3807
3807
3806
3806
3805
3805
3805
3805
3804
3804
3803
3803
3803
3803
3803
3802
3801
3801
3801
3801
3800
3800
3799
3799
3797
3797
3797
3796
3796
3796
3795
3795
3794
3794
3794
3794
3794
3794
3793
3793
3792
3792
3792
3791
3790
3790
3790
3789
3789
3789
3789
3789
3789
3788
3788
3788
3788
3787
3787
3786
3785
3785
3784
3784
3783
3783
3783
3783
3782
3782
3781
3780
3779
3779
3779
3779
3779
3778
3776
3776
3775
3775
3774
3773
3773
3772
3772
3771
3771
3771
3770
3770
3769
3768
3768
3768
3768
3767
3766
3766
3765
3765
3762
3762
3762
3761
3761
3761
3761
3760
3760
3759
3758
3758
3757
3756
3755
3755
3754
3754
3754
3754
3754
3753
3753
3753
3753
3752
3752
3752
3752
3751
3750
3750
3750
3749
3749
3749
3748
3748
3748
3747
3747
3747
3746
3746
3745
3745
3745
3744
3743
3742
3742
3741
3741
3740
3739
3739
3739
3738
3738
3738
3738
3737
3737
3737
3736
3736
3736
3735
3735
3735
3735
3735
3735
3734
3733
3733
3732
3732
3732
3732
3732
3730
3730
3730
3730
3730
3729
3729
3729
3729
3729
3728
3728
3728
3728
3728
3727
3727
3726
3726
3726
3725
3725
3725
3724
3724
3724
3723
3723
3722
3722
3722
3722
3721
3721
3721
3720
3720
3719
3719
3719
3719
3719
3719
3719
3718
3717
3717
3716
3716
3716
3715
3714
3714
3714
3714
3714
3713
3712
3712
3712
3712
3711
3711
3711
3710
3710
3710
3710
3710
3709
3709
3709
3708
3708
3708
3708
3708
3708
3708
3707
3707
3707
3706
3706
3706
3705
3705
3705
3705
3705
3705
3704
3704
3703
3702
3702
3702
3702
3701
3701
3701
3701
3701
3700
3700
3699
3699
3699
3699
3699
3698
3698
3697
3696
3696
3696
3694
3694
3693
3693
3693
3693
3692
3692
3692
3692
3680
3695
3691
3691
3690
3689
3689
3689
3689
3689
3688
3688
3688
3687
3687
3687
3687
3687
3686
3686
3686
3686
3685
3685
3684
3684
3684
3682
3682
3681
3681
3681
3680
3679
3679
3678
3678
3678
3678
3678
3677
3677
3676
3676
3676
3675
3675
3674
3673
3671
3671
3648
3671
3670
3669
3669
3669
3669
3669
3668
3668
3668
3668
3667
3667
3667
3667
3667
3666
3666
3665
3665
3665
3665
3665
3664
3664
3663
3663
3663
3663
3663
3662
3661
3660
3660
3659
3659
3657
3657
3656
3656
3656
3656
3656
3656
3656
3656
3656
3655
3655
3655
3655
3655
3655
3654
3654
3654
3654
3653
3653
3653
3652
3652
3652
3652
3651
3651
3651
3651
3650
3650
3650
3650
3650
3648
3648
3648
3648
3647
3647
3647
3646
3646
3646
3645
3645
3644
3644
3647
3644
3643
3643
3643
3642
3642
3642
3641
3641
3641
3641
3641
3640
3640
3640
3640
3640
3639
3639
3639
3639
3639
3638
3638
3638
3638
3637
3637
3637
3636
3635
3635
3635
3635
3635
3635
3635
3635
3635
3634
3634
3633
3633
3632
3632
3632
3632
3632
3632
3631
3634
3631
3631
3631
3631
3631
3631
3630
3630
3629
3629
3629
3628
3628
3628
3628
3627
3627
3627
3626
3626
3625
3625
3625
3625
3624
3624
3624
3624
3622
3622
3622
3621
3620
3619
3619
3619
3618
3618
3618
3617
3617
3617
3617
3617
3617
3616
3616
3618
3614
3614
3613
3612
3612
3611
3610
3610
3610
3610
3610
3609
3609
3609
3608
3608
3608
3608
3606
3606
3606
3606
3605
3605
3605
3605
3605
3605
3604
3604
3603
3601
3600
3600
3599
3597
3606
3597
3615
3596
3596
3596
3596
3595
3597
3595
3595
3595
3595
3594
3594
3594
3594
3594
3593
3593
3592
3592
3591
3591
3590
3590
3590
3590
3589
3589
3588
3588
3587
3587
3586
3585
3585
3585
3585
3585
3585
3584
3584
3583
3582
3582
3582
3582
3582
3581
3581
3581
3581
3581
3580
3580
3580
3579
3579
3578
3578
3578
3577
3577
3577
3576
3576
3576
3576
3575
3575
3575
3575
3574
3574
3574
3574
3574
3573
3573
3573
3572
3572
3572
3572
3571
3571
3570
3570
3570
3570
3570
3569
3569
3569
3569
3569
3569
3568
3568
3568
3568
3568
3567
3567
3567
3567
3567
3566
3566
3566
3565
3564
3564
3564
3564
3564
3564
3564
3564
3563
3563
3562
3562
3562
3561
3561
3561
3561
3560
3560
3560
3560
3560
3559
3559
3558
3558
3558
3558
3558
3558
3558
3557
3557
3556
3556
3555
3555
3554
3554
3554
3559
3553
3553
3552
3552
3552
3551
3551
3550
3550
3550
3549
3549
3549
3549
3548
3548
3548
3548
3548
3548
3547
3547
3547
3545
3545
3544
3544
3544
3543
3543
3543
3543
3543
3542
3542
3542
3542
3542
3542
3540
3540
3540
3539
3539
3538
3537
3537
3537
3537
3536
3536
3535
3535
3535
3535
3534
3534
3534
3534
3534
3534
3534
3533
3533
3533
3532
3532
3532
3532
3531
3531
3531
3531
3530
3530
3530
3530
3529
3529
3529
3529
3529
3529
3528
3528
3528
3528
3528
3528
3528
3527
3527
3527
3526
3526
3526
3526
3530
3525
3525
3525
3523
3523
3523
3522
3522
3522
3521
3521
3520
3520
3520
3519
3519
3519
3519
3518
3518
3518
3517
3517
3517
3517
3517
3516
3516
3516
3515
3515
3515
3515
3514
3514
3514
3513
3513
3512
3512
3512
3511
3511
3511
3511
3511
3511
3511
3510
3510
3509
3509
3509
3509
3508
3508
3508
3508
3507
3507
3507
3507
3506
3506
3505
3505
3505
3504
3504
3504
3503
3503
3503
3503
3503
3502
3502
3502
3501
3501
3501
3501
3501
3500
3500
3499
3499
3498
3498
3498
3497
3497
3497
3497
3497
3495
3495
3495
3494
3494
3494
3493
3493
3493
3493
3493
3492
3492
3492
3491
3491
3491
3491
3490
3490
3490
3490
3489
3488
3487
3487
3486
3486
3485
3485
3485
3485
3494
3484
3484
3484
3483
3483
3482
3482
3482
3482
3482
3482
3484
3481
3480
3480
3480
3480
3479
3479
3479
3479
3478
3478
3478
3478
3478
3478
3477
3477
3477
3476
3476
3476
3476
3475
3475
3475
3475
3474
3474
3474
3474
3473
3473
3473
3472
3472
3471
3471
3471
3471
3471
3470
3469
3469
3469
3469
3469
3468
3468
3467
3467
3467
3466
3466
3466
3465
3465
3465
3464
3464
3464
3464
3463
3463
3463
3463
3461
3461
3460
3460
3460
3460
3459
3457
3457
3457
3457
3457
3456
3456
3456
3455
3455
3455
3455
3454
3454
3454
3453
3453
3453
3453
3452
3450
3450
3450
3450
3450
3450
3450
3449
3449
3453
3449
3449
3449
3448
3448
3447
3447
3447
3447
3446
3445
3445
3445
3444
3444
3443
3442
3442
3442
3442
3442
3441
3441
3419
3441
3440
3441
3440
3440
3440
3440
3440
3439
3439
3439
3439
3438
3438
3438
3438
3438
3437
3437
3437
3437
3437
3437
3437
3436
3436
3436
3436
3435
3435
3435
3435
3435
3434
3434
3434
3434
3434
3434
3433
3433
3433
3433
3433
3433
3432
3432
3432
3432
3432
3432
3432
3431
3431
3431
3431
3431
3431
3430
3430
3431
3429
3429
3429
3428
3427
3426
3426
3425
3425
3424
3424
3424
3424
3424
3424
3423
3423
3423
3423
3450
3422
3422
3422
3422
3421
3421
3421
3421
3421
3419
3419
3419
3418
3418
3418
3418
3418
3417
3417
3417
3417
3450
3417
3417
3416
3416
3416
3416
3416
3416
3415
3415
3415
3415
3414
3414
3414
3414
3414
3414
3413
3413
3413
3413
3413
3413
3414
3412
3412
3412
3411
3411
3411
3411
3410
3410
3410
3410
3410
3410
3409
3409
3408
3408
3408
3407
3407
3407
3407
3406
3406
3404
3404
3402
3402
3402
3402
3402
3402
3401
3401
3401
3400
3400
3399
3399
3399
3398
3398
3398
3398
3398
3397
3397
3397
3397
3397
3397
3396
3396
3395
3395
3395
3395
3395
3395
3394
3394
3394
3394
3393
3393
3392
3392
3392
3392
3391
3391
3391
3390
3390
3390
3390
3389
3393
3389
3388
3388
3388
3388
3388
3387
3387
3387
3386
3386
3386
3385
3385
3385
3385
3385
3384
3384
3384
3383
3383
3383
3382
3382
3381
3381
3381
3381
3381
3381
3381
3381
3380
3380
3380
3380
3379
3379
3379
3379
3378
3378
3377
3377
3377
3376
3376
3376
3376
3376
3375
3374
3374
3374
3374
3374
3373
3373
3373
3373
3372
3372
3371
3370
3370
3370
3370
3370
3370
3370
3370
3370
3369
3369
3369
3369
3368
3368
3368
3367
3367
3367
3366
3366
3365
3365
3365
3365
3364
3364
3364
3364
3363
3363
3363
3363
3362
3362
3362
3362
3361
3361
3361
3361
3360
3360
3360
3360
3360
3359
3359
3359
3358
3358
3358
3358
3358
3357
3357
3357
3357
3357
3356
3356
3356
3355
3355
3355
3355
3354
3354
3354
3353
3361
3353
3352
3352
3352
3352
3352
3351
3351
3351
3351
3351
3350
3350
3350
3350
3350
3350
3350
3350
3350
3349
3349
3349
3349
3349
3348
3348
3348
3348
3348
3348
3347
3347
3346
3346
3346
3346
3346
3346
3345
3345
3345
3345
3344
3343
3342
3342
3342
3342
3342
3342
3341
3341
3341
3341
3341
3340
3340
3340
3339
3339
3339
3339
3339
3339
3339
3338
3338
3338
3337
3337
3336
3336
3336
3336
3336
3336
3335
3335
3335
3335
3335
3334
3334
3333
3333
3332
3332
3332
3331
3331
3331
3331
3331
3331
3330
3330
3330
3329
3329
3329
3328
3328
3328
3328
3328
3327
3327
3327
3327
3327
3326
3326
3326
3326
3326
3326
3325
3325
3325
3324
3323
3323
3322
3322
3322
3322
3322
3322
3322
3321
3321
3321
3320
3320
3320
3319
3318
3318
3317
3317
3317
3317
3316
3315
3315
3314
3313
3313
3313
3313
3312
3312
3311
3311
3311
3311
3311
3311
3311
3310
3310
3309
3309
3309
3309
3309
3308
3308
3309
3307
3307
3307
3306
3305
3305
3305
3305
3305
3305
3305
3304
3303
3303
3302
3302
3302
3302
3302
3301
3301
3301
3300
3300
3300
3300
3299
3299
3298
3298
3298
3298
3298
3298
3297
3297
3297
3297
3296
3296
3296
3296
3295
3294
3294
3294
3294
3294
3294
3293
3293
3293
3293
3293
3292
3292
3292
3292
3292
3301
3291
3291
3291
3290
3290
3289
3289
3289
3289
3289
3289
3289
3289
3289
3288
3288
3287
3287
3287
3286
3286
3285
3285
3285
3285
3285
3285
3284
3284
3284
3284
3284
3283
3283
3282
3282
3282
3282
3282
3281
3281
3281
3281
3280
3280
3280
3280
3280
3280
3280
3283
3279
3279
3278
3278
3278
3278
3278
3278
3277
3277
3276
3276
3276
3275
3275
3274
3274
3274
3274
3274
3274
3273
3273
3273
3272
3271
3271
3271
3271
3276
3270
3276
3269
3269
3268
3267
3269
3266
3266
3266
3266
3266
3265
3265
3265
3265
3265
3264
3264
3264
3264
3264
3264
3264
3263
3263
3263
3263
3263
3263
3262
3262
3262
3261
3261
3260
3260
3260
3259
3259
3258
3258
3258
3258
3258
3258
3257
3257
3257
3257
3256
3256
3256
3255
3255
3255
3255
3255
3253
3253
3252
3252
3251
3251
3251
3251
3250
3250
3250
3249
3249
3249
3249
3248
3248
3248
3247
3247
3247
3247
3247
3246
3246
3246
3246
3246
3281
3246
3244
3244
3244
3244
3244
3244
3243
3250
3243
3245
3243
3243
3243
3243
3243
3242
3242
3242
3242
3242
3242
3241
3241
3241
3240
3240
3240
3240
3240
3240
3239
3238
3238
3237
3236
3236
3236
3236
3236
3236
3236
3235
3235
3235
3235
3234
3234
3234
3234
3234
3234
3233
3233
3233
3233
3233
3232
3232
3232
3235
3232
3232
3236
3231
3231
3231
3231
3231
3231
3230
3230
3230
3230
3230
3229
3229
3229
3229
3228
3228
3228
3228
3227
3227
3227
3227
3225
3225
3224
3224
3223
3223
3222
3222
3222
3222
3222
3222
3222
3222
3221
3221
3220
3220
3220
3220
3220
3220
3220
3226
3219
3219
3219
3219
3219
3219
3218
3217
3217
3217
3217
3216
3216
3216
3216
3215
3215
3214
3214
3214
3213
3213
3213
3212
3212
3212
3212
3211
3211
3211
3211
3210
3210
3209
3209
3209
3209
3208
3208
3207
3207
3207
3207
3207
3207
3206
3205
3205
3204
3204
3204
3203
3203
3203
3203
3202
3221
3202
3202
3202
3201
3201
3200
3200
3199
3199
3199
3199
3199
3198
3198
3198
3198
3198
3198
3198
3198
3198
3197
3197
3197
3196
3196
3195
3195
3195
3195
3195
3195
3194
3194
3194
3197
3194
3193
3193
3193
3192
3192
3192
3191
3191
3191
3191
3191
3190
3190
3190
3189
3189
3188
3188
3187
3187
3187
3187
3187
3187
3187
3186
3186
3138
3186
3185
3185
3184
3184
3184
3184
3184
3184
3184
3184
3183
3183
3183
3183
3182
3182
3182
3181
3181
3180
3180
3179
3179
3179
3179
3179
3178
3178
3178
3178
3178
3177
3177
3177
3177
3176
3176
3176
3176
3176
3175
3175
3175
3175
3175
3174
3174
3174
3174
3174
3173
3172
3172
3172
3172
3172
3172
3172
3171
3171
3171
3171
3170
3170
3170
3170
3170
3170
3169
3169
3169
3169
3169
3169
3168
3168
3167
3167
3167
3167
3167
3167
3167
3166
3166
3166
3166
3166
3165
3165
3165
3165
3164
3164
3164
3163
3163
3163
3163
3162
3162
3162
3161
3161
3161
3160
3160
3160
3159
3159
3159
3163
3159
3158
3158
3158
3157
3157
3156
3156
3156
3155
3154
3154
3154
3154
3153
3153
3153
3152
3152
3152
3152
3176
3151
3150
3150
3150
3150
3150
3150
3149
3149
3155
3149
3149
3149
3148
3148
3148
3148
3148
3148
3148
3147
3313
3146
3146
3146
3145
3145
3145
3144
3144
3144
3144
3143
3142
3142
3142
3141
3141
3140
3140
3140
3140
3140
3140
3139
3139
3139
3139
3139
3138
3138
3138
3138
3138
3138
3138
3137
3137
3137
3136
3136
3136
3136
3136
3136
3136
3135
3135
3134
3134
3134
3134
3133
3133
3133
3133
3133
3132
3132
3132
3132
3132
3131
3131
3131
3131
3131
3131
3130
3130
3130
3130
3130
3130
3130
3130
3133
3129
3129
3127
3127
3127
3127
3127
3127
3126
3126
3130
3126
3126
3126
3125
3125
3125
3125
3125
3125
3125
3124
3124
3124
3123
3122
3122
3122
3122
3121
3121
3121
3121
3121
3121
3121
3121
3120
3120
3120
3120
3120
3119
3119
3119
3129
3118
3118
3118
3118
3118
3118
3117
3117
3117
3116
3116
3116
3115
3115
3115
3115
3115
3115
3114
3114
3114
3114
3114
3114
3114
3114
3113
3113
3113
3113
3113
3113
3113
3112
3111
3111
3116
3111
3111
3110
3110
3110
3109
3109
3109
3109
3110
3109
3109
3108
3108
3108
3108
3108
3108
3108
3107
3107
3107
3107
3107
3107
3107
3106
3106
3106
3106
3106
3106
3106
3105
3105
3105
3104
3104
3104
3104
3103
3103
3103
3103
3103
3103
3103
3103
3102
3102
3102
3102
3101
3101
3101
3101
3101
3101
3101
3101
3100
3100
3100
3100
3100
3099
3099
3099
3099
3099
3099
3098
3098
3098
3098
3098
3098
3098
3098
3098
3097
3097
3097
3097
3097
3097
3097
3096
3096
3095
3095
3095
3095
3095
3094
3094
3094
3094
3093
3093
3093
3092
3092
3092
3092
3091
3091
3091
3091
3091
3091
3090
3090
3090
3090
3090
3090
3090
3090
3089
3089
3089
3089
3089
3088
3088
3088
3087
3087
3087
3087
3087
3087
3087
3086
3086
3086
3086
3086
3085
3085
3084
3084
3084
3084
3083
3083
3083
3083
3083
3083
3083
3082
3082
3082
3082
3082
3082
3081
3081
3081
3081
3081
3080
3080
3079
3079
3079
3079
3078
3078
3078
3078
3078
3078
3078
3077
3077
3077
3077
3076
3076
3076
3076
3076
3076
3075
3075
3075
3075
3075
3074
3074
3074
3074
3074
3074
3073
3073
3073
3073
3073
3072
3072
3072
3072
3072
3071
3071
3071
3071
3071
3071
3071
3070
3070
3070
3070
3069
3069
3069
3069
3069
3069
3069
3068
3068
3068
3068
3067
3067
3067
3067
3067
3067
3066
3066
3066
3066
3065
3065
3065
3065
3064
3064
3064
3064
3063
3062
3062
3062
3062
3062
3062
3061
3061
3061
3061
3061
3061
3061
3060
3060
3060
3060
3060
3060
3060
3060
3059
3059
3059
3059
3059
3059
3058
3058
3058
3057
3057
3057
3057
3057
3057
3056
3056
3056
3056
3056
3055
3055
3055
3055
3055
3054
3054
3054
3054
3054
3054
3054
3053
3053
3053
3053
3052
3052
3052
3052
3052
3052
3052
3052
3051
3051
3051
3051
3051
3050
3050
3050
3050
3049
3049
3049
3049
3048
3048
3048
3048
3048
3048
3047
3047
3047
3047
3047
3046
3046
3046
3046
3046
3045
3045
3045
3045
3045
3045
3044
3044
3044
3044
3043
3043
3043
3042
3042
3042
3042
3042
3042
3042
3042
3042
3042
3042
3041
3041
3041
3041
3041
3040
3040
3040
3040
3040
3040
3040
3039
3039
3039
3039
3039
3039
3039
3039
3038
3038
3038
3038
3038
3037
3036
3036
3036
3036
3036
3036
3035
3035
3035
3035
3034
3034
3034
3034
3034
3034
3033
3033
3033
3033
3033
3033
3033
3033
3033
3032
3032
3032
3032
3032
3031
3031
3031
3030
3030
3030
3030
3030
3030
3029
3029
3029
3029
3029
3029
3028
3028
3028
3028
3028
3028
3027
3027
3027
3027
3027
3027
3027
3026
3026
3026
3026
3025
3025
3025
3025
3025
3025
3024
3024
3023
3023
3023
3022
3022
3022
3021
3021
3021
3021
3020
3020
3020
3020
3019
3019
3018
3018
3018
3018
3018
3018
3018
3017
3017
3017
3017
3016
3016
3016
3016
3016
3016
3016
3015
3015
3015
3015
3015
3015
3015
3014
3014
3014
3014
3014
3014
3013
3013
3013
3013
3013
3012
3012
3012
3012
3011
3011
3011
3011
3011
3010
3010
3010
3010
3010
3010
3010
3010
3009
3009
3009
3009
3009
3008
3008
3008
3008
3007
3007
3007
3007
3007
3006
3006
3006
3006
3006
3005
3005
3005
3005
3005
3004
3004
3004
3004
3004
3003
3003
3003
3002
3002
3001
3003
3001
3000
3000
3000
3089
