786379
589506
538167
449119
391472
329346
277923
274822
261063
255660
251217
244617
232920
227760
217980
215851
209132
208757
198656
180903
172875
161906
159260
157710
147886
146587
142508
130673
128647
126709
126682
124485
122546
117462
117124
115908
115575
111602
110860
109767
106992
103398
103060
102302
101933
101149
100511
98668
98228
97481
97270
96682
96194
95468
94161
92946
92667
91653
91470
89896
89520
89433
86455
86390
84945
84926
83419
82870
82174
81607
81373
80939
80552
80544
79998
78377
77822
77568
77200
76246
75723
75416
75396
75016
74275
73998
73927
73692
73230
73057
72634
72006
71805
71449
71026
70751
70672
70476
70266
69440
69229
68885
68821
68323
68318
68041
67473
67023
66644
65276
65194
64934
64337
63929
63774
63432
63180
63165
62756
62389
62231
62225
62142
61675
61624
61398
61311
61255
61223
60894
60818
60688
60630
60565
60519
59773
59371
59277
59056
59017
58772
58643
58487
57855
57644
57484
57128
56929
56742
56729
56710
56575
56543
56323
56081
56021
55964
55915
55734
55647
55472
55417
54683
54280
53968
53938
53665
53524
53445
52812
52533
52491
52469
52396
52377
52285
52267
52223
52137
51921
51700
51431
51304
51127
50889
50613
50460
50395
50108
49843
49526
49477
49405
49157
49126
48829
48505
48311
47980
47950
47905
47891
47455
47333
47007
46981
46855
46829
46780
46698
46604
46601
46599
46513
46415
46340
46226
46079
46045
45508
45123
44965
44862
44841
44737
44587
44584
44569
44163
44145
44064
43918
43779
43765
43710
43677
43587
43173
43110
43107
43037
42863
42818
42806
42784
42771
42712
42693
42659
42796
42528
42512
42447
42307
42142
42105
42090
42085
42042
41687
41671
41640
41624
41521
41501
41253
41192
41011
40945
40824
40807
40777
40754
40733
40721
40651
40555
40513
40403
40391
40245
40126
40036
39888
39857
39808
39792
39692
39664
39437
39429
39289
39226
39127
39123
39112
39070
38923
38838
38700
38649
38581
38521
38374
38353
38349
38341
38316
38285
38181
38161
37987
37921
37916
37885
37867
37858
37832
37575
37544
37417
37305
37290
37137
37033
36932
36910
36890
36886
36872
36794
36645
36571
36555
36523
36508
36485
36445
36434
36322
36307
36302
36263
36191
36153
36109
36103
36097
36067
36018
35972
35969
35803
35776
35692
35665
35644
35623
35589
35566
35557
35480
35469
35380
35327
35315
35294
35141
35118
35111
34991
34914
34832
34812
34780
34743
34702
34668
34649
34633
34580
34577
34542
34531
34404
34381
34375
34256
34220
34182
34136
34131
34123
34084
34020
34014
33945
33917
33855
33849
33840
33723
33707
33694
33652
33632
33578
33495
33490
33410
33357
33339
33168
33097
33080
33058
32866
32849
32838
32825
32740
32601
32599
32410
32372
32339
32320
32220
32184
32148
32110
32043
32023
31994
31899
31885
31842
31831
31783
31748
31703
31682
31531
31451
31424
31396
31369
31340
31291
31287
31169
31104
31103
31039
31032
30995
30959
30895
30875
30874
30845
30804
30764
30700
30569
30516
30479
30486
30478
30447
30443
30442
30396
30365
30347
30332
30268
30224
30185
30147
30144
30109
30087
30087
29997
29989
29987
29967
29895
29884
29851
29832
29766
29761
29667
29624
29620
29568
29518
29502
29420
29373
29351
29324
29284
29279
29291
29195
29122
29104
29101
29067
29049
29043
29021
29021
28963
28935
28929
28929
28895
28848
28847
28818
28718
28672
28666
28608
28538
28543
28525
28524
28501
28416
28374
28333
28317
28292
28266
28204
28162
28128
28129
28104
28088
28073
28054
28050
28037
28030
28027
28017
28015
27959
27883
27810
27776
27750
27718
27644
27640
27626
27594
27589
27578
27554
27546
27491
27483
27451
27428
27421
27395
27392
27388
27388
27354
27344
27323
27276
27264
27198
27156
27136
27125
27100
27065
27070
27043
27028
26952
26944
26940
26926
26910
26840
26839
26825
26795
26787
26741
26714
26722
26719
26700
26677
26666
26639
26635
26621
26609
26608
26553
26489
26473
26443
26391
26370
26296
26256
26254
26244
26227
26212
26193
26148
26133
26048
26031
25974
25971
25959
25864
25857
25855
25852
25846
25845
25834
25810
25789
25728
25725
25684
25678
25674
25663
25639
25633
25633
25629
25584
25582
25565
25502
25458
25432
25401
25379
25371
25334
25300
25312
25298
25246
25171
25109
25225
25096
25095
25030
24939
24917
24904
24854
24848
24821
24769
24758
24733
24731
24671
24668
24667
24662
24660
24656
24646
24645
24642
24634
24649
24626
24619
24572
24545
24540
24493
24484
24474
24445
24433
24370
24346
24331
24316
24284
24268
24234
24220
24212
24155
24092
24087
24035
24033
24021
23996
23979
23968
23967
23937
23927
23922
23888
23862
23836
23830
23819
23817
23704
23693
23691
23681
23634
23625
23620
23592
23555
23495
23471
23444
23403
23388
23373
23368
23349
23342
23336
23317
23304
23275
23273
23254
23222
23165
23156
23144
23112
23111
23070
23054
23031
23023
22994
22990
22985
22971
22944
22932
22879
22821
22788
22779
22774
22752
22713
22709
22687
22677
22630
22626
22607
22577
22574
22568
22544
22563
22532
22513
22501
22477
22455
22431
22417
22417
22402
22396
22372
22368
22367
22354
22347
22338
22337
22335
22323
22284
22259
22224
22212
22188
22162
22151
22142
22131
22116
22106
22100
22015
22002
21979
21978
21978
21971
21968
21939
21912
21913
21895
21894
21890
21856
21854
21824
21809
21750
21730
21708
21665
21645
21643
21637
21630
21603
21578
21574
21558
21528
21513
21487
21472
21467
21437
21427
21399
21388
21382
21360
21332
21327
21316
21269
21268
21264
21242
21241
21214
21206
21205
21169
21126
21124
21101
21073
21069
21060
21053
21046
21008
20996
20939
20924
20904
20870
20859
20847
20827
20812
20809
20799
20795
20784
20780
20738
20716
20708
20693
20682
20673
20666
20664
20652
20649
20644
20608
20606
20597
20593
20579
20551
20547
20528
20520
20499
20494
20481
20451
20430
20419
20396
20395
20383
20376
20346
20344
20343
20345
20315
20282
20251
20238
20221
20217
20208
20197
20178
20177
20167
20161
20159
20148
20141
20129
20126
20124
20135
20101
20085
20074
20070
20069
20046
20043
20042
20033
20036
20031
20021
20018
20007
20005
20003
19969
19960
19941
19927
19926
19914
19931
19909
19899
19884
19881
19880
19873
19872
19872
19863
19814
19813
19813
19800
19791
19771
19746
19744
19734
19716
19716
19689
19688
19659
19657
19635
19604
19601
19575
19572
19570
19551
19540
19537
19530
19525
19523
19525
19512
19511
19497
19475
19471
19451
19447
19437
19418
19416
19392
19370
19364
19348
19345
19344
19343
19331
19312
19309
19293
19282
19276
19265
19236
19236
19235
19227
19222
19191
19183
19161
19153
19153
19140
19138
19096
19052
19051
19049
18994
18972
18948
18944
18910
18890
18883
18866
18864
18832
18811
18783
18779
18777
18772
18769
18759
18744
18727
18701
18688
18669
18668
18657
18641
18637
18612
18601
18581
18570
18564
18554
18533
18520
18518
18520
18515
18506
18505
18505
18498
18477
18456
18455
18453
18423
18423
18415
18405
18404
18385
18383
18362
18356
18351
18340
18333
18322
18316
18314
18298
18277
18275
18236
18231
18228
18208
18192
18175
18170
18166
18138
18128
18110
18076
18065
18060
18101
18052
18049
18003
17998
17997
17995
17981
17970
17953
17962
17923
17923
17921
17912
17900
17899
17894
17892
17864
17849
17840
17814
17796
17794
17778
17776
17744
17738
17735
17728
17727
17719
17715
17708
17702
17693
17680
17679
17678
17670
17668
17629
17604
17587
17586
17581
17549
17521
17491
17482
17471
17469
17466
17466
17462
17451
17444
17442
17441
17440
17432
17430
17412
17405
17403
17400
17397
17374
17359
17345
17340
17330
17298
17289
17289
17283
17274
17272
17254
17239
17217
17216
17202
17194
17192
17177
17169
17166
17163
17159
17152
17148
17141
17139
17133
17117
17087
17078
17075
17070
17051
17047
17046
17022
17016
17016
17014
17013
17011
17004
16989
16970
16956
16926
16920
16905
16899
16891
16857
16852
16851
16848
16834
16821
16819
16815
16778
16766
16753
16737
16735
16725
16718
16704
16699
16699
16698
16693
16688
16687
16665
16651
16620
16613
16604
16601
16597
16591
16590
16583
16568
16575
16554
16532
16529
16518
16511
16511
16505
16501
16500
16495
16490
16491
16484
16481
16477
16448
16436
16431
16418
16418
16417
16404
16397
16378
16376
16367
16364
16363
16372
16357
16356
16345
16342
16332
16329
16321
16320
16318
16316
16313
16305
16290
16285
16283
16276
16268
16261
16258
16241
16237
16232
16212
16183
16170
16166
16165
16163
16159
16155
16137
16128
16122
16118
16115
16115
16110
16095
16093
16087
16085
16081
16054
16042
16042
16037
16036
16039
16029
16027
16006
15994
15990
15979
15978
15972
15950
15950
15948
15946
15943
15937
15933
15899
15897
15897
15894
15890
15883
15879
15878
15875
15874
15871
15867
15872
15845
15844
15844
15838
15831
15821
15808
15801
15797
15789
15781
15780
15780
15774
15765
15763
15744
15737
15736
15727
15717
15717
15711
15708
15695
15684
15683
15667
15658
15658
15655
15634
15627
15608
15599
15598
15595
15593
15585
15573
15564
15563
15559
15556
15531
15524
15518
15517
15515
15508
15504
15501
15495
15491
15482
15473
15453
15447
15440
15431
15404
15422
15420
15415
15405
15390
15375
15362
15358
15354
15349
15350
15342
15337
15299
15300
15294
15301
15278
15258
15254
15248
15191
15178
15173
15161
15159
15175
15148
15122
15122
15119
15119
15116
15107
15099
15098
15094
15092
15087
15079
15073
15071
15070
15057
15052
15050
15048
15019
15016
15010
15009
15007
15001
14991
14989
14988
14980
14980
14967
14966
14961
14953
14914
14914
14906
14890
14883
14881
14867
14861
14859
14857
14847
14836
14829
14827
14827
14817
14816
14813
14799
14788
14756
14786
14778
14753
14734
14731
14715
14709
14705
14705
14704
14703
14699
14698
14693
14678
14673
14669
14666
14662
14649
14645
14639
14638
14640
14628
14621
14616
14615
14600
14597
14593
14592
14581
14574
14573
14571
14560
14544
14538
14535
14533
14525
14517
14509
14501
14498
14495
14492
14492
14483
14479
14475
14464
14463
14463
14462
14458
14456
14445
14441
14437
14423
14419
14408
14402
14391
14384
14373
14370
14352
14350
14350
14350
14347
14344
14342
14342
14337
14332
14315
14305
14303
14302
14301
14298
14279
14274
14272
14269
14253
14253
14248
14248
14244
14243
14236
14228
14225
14220
14215
14213
14212
14211
14209
14207
14207
14203
14199
14198
14172
14171
14170
14164
14163
14161
14159
14151
14135
14120
14118
14113
14111
14109
14108
14090
14075
14067
14058
14052
14050
14047
14043
14042
14034
14028
14027
14027
13996
13986
13981
13974
13973
13966
13965
13955
13954
13949
13941
13936
13936
13935
13933
13920
13920
13931
13915
13912
13910
13900
13891
13891
13877
13872
13864
13863
13855
13853
13855
13842
13841
13837
13825
13822
13817
13803
13792
13783
13775
13788
13766
13737
13729
13720
13717
13712
13706
13704
13703
13697
13695
13685
13675
13668
13659
13657
13656
13649
13641
13629
13624
13620
13620
13618
13617
13617
13609
13534
13609
13598
13593
13587
13586
13584
13578
13574
13572
13571
13567
13556
13548
13547
13541
13541
13536
13535
13530
13529
13522
13522
13505
13505
13504
13501
13498
13489
13483
13482
13478
13478
13473
13465
13465
13464
13463
13457
13452
13441
13439
13437
13408
13400
13394
13391
13389
13379
13378
13375
13374
13368
13367
13364
13363
13337
13336
13336
13335
13334
13332
13331
13331
13327
13327
13324
13318
13316
13297
13296
13295
13284
13269
13268
13261
13257
13257
13250
13233
13230
13229
13226
13220
13220
13218
13213
13208
13200
13197
13196
13192
13191
13189
13189
13187
13163
13159
13154
13148
13136
13147
13122
13117
13115
13107
13105
13096
13094
13079
13075
13086
13068
13066
13064
13061
13060
13049
13046
13043
13040
13021
13016
13015
13015
13013
13002
12998
12995
12993
12992
12982
12982
12982
12980
12976
12971
12957
12956
12951
12949
12949
12941
12909
12909
12903
12899
12899
12894
12871
12868
12864
12861
12851
12851
12833
12832
12831
12850
12823
12820
12815
12811
12807
12803
12796
12795
12792
12788
12788
12785
12781
12778
12764
12754
12744
12743
12743
12737
12734
12738
12717
12715
12709
12717
12701
12690
12676
12672
12670
12695
12667
12659
12657
12654
12651
12650
12650
12647
12643
12642
12639
12636
12622
12617
12613
12609
12606
12620
12620
12598
12593
12596
12588
12583
12586
12578
12576
12570
12569
12561
12548
12547
12546
12544
12543
12541
12538
12532
12539
12527
12526
12522
12520
12515
12506
12512
12497
12497
12495
12488
12479
12468
12467
12467
12467
12464
12458
12447
12447
12445
12436
12435
12435
12428
12425
12417
12409
12407
12401
12395
12393
12387
12385
12385
12378
12378
12376
12373
12368
12363
12363
12358
12355
12352
12373
12350
12350
12349
12347
12339
12334
12330
12330
12329
12328
12323
12321
12319
12318
12317
12313
12307
12300
12298
12295
12294
12291
12283
12283
12280
12278
12277
12276
12269
12269
12268
12267
12258
12255
12255
12238
12231
12223
12217
12213
12206
12202
12198
12195
12189
12188
12178
12174
12173
12173
12169
12163
12160
12158
12150
12146
12135
12131
12131
12128
12126
12119
12118
12110
12110
12105
12096
12092
12090
12087
12076
12075
12074
12070
12062
12060
12057
12055
12041
12039
12036
12035
12033
12032
12065
12072
12023
12015
12012
12012
12008
11988
11995
11993
12019
11974
11971
11967
11963
11963
11961
11958
11957
11955
11955
11952
11951
11949
11948
11946
11946
11942
11928
11923
11922
11922
11917
11915
11914
11913
11909
11905
11904
11902
11902
11895
11891
11879
11877
11871
11859
11858
11853
11860
11844
11842
11840
11837
11827
11821
11816
11814
11809
11804
11792
11791
11786
11782
11776
11770
11704
11768
11764
11756
11748
11745
11744
11743
11743
11740
11740
11740
11735
11739
11735
11734
11733
11733
11730
11730
11724
11723
11721
11715
11715
11709
11701
11695
11694
11693
11691
11684
11677
11668
11666
11653
11653
11653
11652
11652
11650
11645
11645
11641
11638
11636
11634
11628
11620
11619
11618
11617
11615
11614
11603
11603
11602
11598
11597
11596
11591
11590
11587
11585
11585
11572
11566
11563
11558
11551
11545
11544
11544
11542
11538
11536
11535
11529
11529
11529
11528
11525
11527
11519
11515
11514
11513
11508
11504
11499
11499
11498
11501
11495
11495
11494
11468
11464
11455
11438
11434
11429
11428
11423
11435
11414
11413
11420
11409
11391
11390
11388
11383
11382
11381
11374
11372
11370
11365
11363
11363
11362
11360
11357
11357
11348
11347
11343
11342
11342
11341
11339
11334
11331
11331
11328
11322
11320
11313
11312
11310
11309
11306
11304
11304
11304
11300
11290
11281
11275
11268
11267
11264
11261
11256
11252
11249
11248
11244
11244
11239
11234
11230
11222
11222
11219
11219
11216
11214
11212
11210
11208
11206
11206
11203
11200
11199
11215
11186
11183
11182
11181
11180
11176
11171
11167
11167
11167
11165
11155
11152
11144
11144
11125
11124
11119
11118
11117
11114
11103
11099
11097
11092
11089
11084
11084
11083
11082
11080
11072
11074
11057
11056
11055
11054
11054
11053
11053
11049
11046
11042
11038
11036
11034
11031
11030
11027
11027
11025
11025
11025
11022
11017
11010
11004
11002
11001
11000
10999
10996
10996
10993
10993
10985
10985
10977
10975
10975
10973
10972
10968
10959
10958
10952
10950
10948
10946
10941
10934
10931
10931
10930
10925
10925
10925
10922
10920
10915
10912
10906
10906
10906
10905
10905
10915
10896
10888
10886
10883
10879
10878
10878
10875
10875
10870
10868
10864
10863
10861
10852
10845
10832
10831
10822
10820
10816
10813
10813
10812
10808
10808
10807
10799
10799
10793
10792
10792
10792
10787
10785
10782
10782
10781
10776
10774
10768
10766
10761
10772
10756
10749
10748
10744
10738
10737
10736
10734
10731
10728
10748
10721
10721
10720
10719
10710
10700
10694
10694
10691
10683
10679
10679
10678
10686
10678
10676
10675
10674
10670
10669
10668
10668
10667
10657
10656
10655
10652
10651
10652
10649
10647
10643
10641
10641
10636
10629
10626
10624
10623
10622
10644
10617
10616
10615
10614
10610
10608
10608
10601
10600
10595
10588
10588
10583
10582
10578
10569
10569
10564
10603
10562
10561
10561
10560
10558
10558
10556
10555
10555
10552
10545
10541
10538
10535
10541
10533
10532
10526
10518
10517
10513
10513
10510
10507
10506
10506
10500
10488
10484
10483
10482
10473
10469
10469
10467
10460
10458
10456
10452
10447
10442
10475
10444
10433
10430
10428
10422
10422
10415
10411
10404
10402
10401
10401
10425
10393
10392
10386
10387
10384
10377
10375
10374
10374
10371
10359
10359
10358
10356
10353
10352
10351
10350
10350
10346
10340
10338
10333
10331
10327
10325
10325
10325
10349
10324
10319
10318
10317
10315
10313
10313
10312
10309
10308
10308
10307
10306
10303
10303
10298
10295
10287
10285
10282
10282
10280
10279
10278
10278
10277
10273
10271
10269
10268
10266
10266
10266
10265
10262
10258
10255
10252
10250
10249
10248
10248
10246
10239
10238
10234
10231
10230
10229
10226
10223
10223
10222
10240
10221
10220
10212
10212
10106
10206
10204
10202
10200
10203
10188
10186
10183
10180
10179
10178
10176
10173
10171
10171
10170
10169
10167
10165
10162
10161
10161
10159
10158
10149
10147
10146
10142
10139
10137
10137
10137
10137
10134
10134
10130
10130
10129
10139
10125
10124
10124
10123
10123
10120
10117
10106
10105
10105
10104
10104
10104
10103
10098
10097
10093
10089
10088
10086
10080
10075
10072
10070
10067
10066
10056
10054
10054
10053
10051
10050
10050
10049
10048
10046
10039
10034
10029
10026
10025
10021
10021
10017
10014
10011
10004
10003
10001
9999
9997
9995
9993
9992
9988
9985
9984
9984
9982
9982
9981
9981
9977
9972
9970
9966
9956
9952
9954
9943
9938
9935
9935
9933
9931
9926
9926
9925
9934
9922
9918
9918
9917
9910
9908
9907
9907
9906
9905
9905
9903
9918
9900
9899
9898
9895
9894
9893
9887
9884
9884
9878
9877
9872
9868
9867
9865
9864
9861
9861
9861
9856
9848
9848
9847
9841
9840
9835
9835
9832
9827
9824
9816
9815
9810
9809
9809
9804
9802
9802
9802
9801
9800
9797
9791
9791
9791
9788
9787
9784
9782
9779
9778
9778
9777
9776
9775
9772
9771
9769
9768
9766
9763
9768
9758
9757
9754
9797
9753
9750
9749
9748
9745
9738
9738
9737
9733
9732
9732
9731
9730
9729
9747
9725
9722
9719
9715
9707
9713
9699
9697
9697
9695
9693
9693
9690
9686
9680
9680
9679
9677
9676
9674
9671
9671
9669
9667
9667
9666
9665
9663
9658
9634
9652
9650
9649
9649
9648
9647
9647
9647
9646
9644
9643
9640
9638
9631
9630
9628
9628
9627
9626
9625
9625
9624
9624
9621
9620
9620
9611
9609
9607
9598
9596
9591
9591
9590
9589
9587
9586
9578
9576
9575
9568
9568
9565
9564
9560
9559
9559
9558
9558
9555
9553
9553
9551
9544
9544
9542
9538
9540
9544
9518
9516
9513
9513
9508
9505
9503
9502
9499
9498
9496
9495
9544
9490
9496
9486
9485
9498
9479
9477
9477
9476
9471
9466
9466
9461
9459
9457
9456
9456
9455
9451
9444
9443
9443
9442
9440
9440
9434
9434
9431
9429
9429
9424
9423
9421
9439
9420
9419
9417
9416
9414
9413
9415
9411
9410
9410
9409
9403
9402
9402
9401
9399
9398
9397
9395
9395
9395
9391
9385
9384
9383
9383
9382
9381
9380
9376
9373
9371
9369
9368
9375
9367
9366
9364
9361
9359
9356
9355
9352
9348
9351
9337
9334
9331
9330
9328
9327
9325
9318
9314
9311
9308
9305
9299
9298
9297
9295
9294
9291
9289
9287
9285
9283
9280
9277
9274
9272
9272
9270
9269
9267
9264
9263
9263
9261
9260
9260
9260
9257
9257
9256
9254
9252
9251
9246
9243
9242
9238
9236
9234
9234
9233
9229
9229
9224
9224
9223
9224
9219
9218
9218
9216
9214
9214
9214
9211
9208
9208
9207
9203
9201
9198
9197
9194
9193
9191
9191
9191
9187
9184
9177
9175
9178
9169
9165
9167
9161
9160
9154
9147
9145
9144
9144
9142
9140
9139
9136
9135
9133
9128
9128
9126
9124
9110
9106
9106
9101
9098
9094
9093
9092
9087
9084
9081
9081
9078
9078
9078
9076
9075
9072
9071
9070
9066
9066
9063
9061
9061
9056
9056
9055
9048
9044
9044
9043
9039
9038
9065
9037
9037
9034
9033
9033
9031
9028
9027
9026
9025
9024
9023
9022
9021
9021
9020
9019
9017
9011
9011
9009
9009
9005
9005
9003
9002
9001
8997
8995
8994
8993
8992
8991
8991
8988
8985
8984
8981
8979
8978
8974
8973
8972
8967
8963
8961
8960
8959
8958
8958
8958
8954
8952
8952
8950
8944
8944
8942
8941
8935
8929
8927
8927
8927
8926
8923
8922
8921
8915
8915
8913
8912
8908
8907
8905
8903
8902
8899
8899
8896
8895
8926
8893
8881
8887
8877
8875
8874
8872
8870
8867
8870
8861
8859
8859
8856
8853
8852
8851
8849
8849
8849
8849
8843
8836
8834
8831
8831
8830
8814
8828
8827
8823
8823
8823
8816
8816
8813
8812
8807
8807
8807
8806
8802
8801
8800
8799
8799
8797
8811
8794
8793
8788
8786
8785
8785
8784
8780
8780
8778
8776
8772
8772
8771
8770
8765
8765
8762
8761
8761
8758
8753
8753
8751
8750
8749
8747
8746
8740
8739
8739
8738
8738
8735
8735
8733
8749
8733
8731
8727
8723
8723
8721
8720
8717
8713
8705
8704
8704
8703
8703
8698
8697
8696
8695
8692
8691
8691
8690
8690
8688
8685
8684
8684
8682
8681
8680
8679
8676
8675
8674
8674
8673
8673
8672
8671
8670
8668
8668
8666
8662
8659
8659
8653
8647
8645
8643
8640
8638
8638
8636
8660
8627
8625
8622
8622
8619
8618
8614
8611
8605
8603
8600
8599
8596
8596
8594
8594
8593
8593
8593
8588
8586
8583
8581
8580
8579
8578
8577
8576
8574
8571
8570
8568
8566
8564
8560
8560
8560
8559
8557
8557
8556
8550
8547
8544
8544
8542
8538
8537
8537
8536
8536
8533
8531
8530
8529
8528
8526
8524
8524
8523
8520
8518
8516
8513
8512
8511
8511
8510
8505
8504
8500
8500
8500
8494
8494
8493
8493
8492
8492
8489
8488
8487
8487
8484
8484
8482
8481
8480
8477
8477
8475
8475
8475
8470
8468
8467
8459
8459
8458
8470
8456
8451
8451
8447
8447
8447
8444
8443
8474
8441
8435
8433
8433
8431
8430
8429
8428
8425
8444
8422
8420
8417
8417
8415
8413
8412
8410
8408
8404
8404
8399
8393
8392
8391
8382
8380
8380
8376
8374
8373
8370
8365
8360
8357
8355
8352
8351
8351
8349
8349
8345
8345
8344
8341
8340
8335
8335
8330
8329
8327
8327
8322
8319
8316
8313
8313
8313
8313
8310
8308
8308
8305
8304
8304
8303
8298
8295
8294
8291
8291
8288
8286
8286
8285
8278
8278
8277
8274
8273
8272
8271
8270
8267
8266
8264
8264
8263
8263
8284
8261
8261
8260
8259
8259
8256
8255
8254
8253
8252
8251
8250
8250
8249
8248
8248
8248
8246
8246
8243
8235
8235
8235
8233
8230
8229
8227
8227
8227
8227
8224
8224
8224
8223
8221
8221
8219
8218
8217
8217
8267
8215
8214
8213
8212
8209
8206
8232
8203
8202
8201
8201
8201
8200
8199
8197
8196
8195
8194
8192
8191
8191
8191
8191
8191
8190
8189
8189
8188
8184
8182
8182
8178
8178
8177
8176
8176
8173
8169
8167
8167
8166
8166
8165
8165
8162
8162
8159
8157
8156
8152
8151
8151
8150
8147
8147
8146
8146
8144
8143
8143
8140
8140
8138
8138
8137
8134
8126
8125
8121
8121
8120
8120
8119
8118
8117
8114
8113
8112
8110
8108
8108
8107
8106
8106
8106
8105
8103
8102
8101
8098
8098
8097
8096
8094
8093
8090
8090
8088
8088
8086
8085
8104
8084
8079
8077
8074
8081
8068
8066
8069
8057
8056
8056
8049
8046
8046
8045
8044
8044
8044
8042
8042
8042
8039
8039
8039
8038
8038
8034
8033
8031
8044
8027
8026
8024
8022
8021
8040
8015
8015
8012
8012
8008
8008
8007
8007
8007
8006
8005
8002
8001
7998
7998
7996
8007
7993
7993
7993
8004
7991
7991
7990
7988
7984
7982
7982
7980
7978
7978
7977
7971
7971
7969
7968
7967
7967
7965
7964
7961
7961
7960
7958
7957
7957
7955
7953
7952
7951
7950
7950
7950
7948
7946
7946
7945
7945
7943
7943
7942
7941
7939
7938
7937
7935
7931
7929
7938
7929
7926
7925
7923
7923
7923
7921
7930
7919
7911
7909
7908
7908
7908
7907
7907
7907
7906
7904
7904
7902
7902
7902
7901
7897
7896
7892
7888
7888
7881
7876
7876
7875
7875
7872
7871
7869
7868
7867
7866
7865
7865
7865
7864
7863
7860
7858
7856
7853
7851
7846
7845
7844
7844
7843
7843
7846
7840
7838
7837
7837
7840
7831
7831
7865
7828
7828
7827
7827
7827
7827
7825
7825
7822
7822
7822
7821
7818
7818
7817
7816
7815
7813
7812
7810
7810
7808
7807
7825
7806
7805
7803
7798
7797
7789
7786
7783
7783
7785
7778
7776
7773
7772
7771
7770
7768
7768
7767
7765
7763
7757
7754
7754
7754
7753
7748
7748
7747
7746
7749
7746
7743
7740
7740
7740
7738
7731
7727
7724
7723
7722
7722
7722
7721
7721
7721
7718
7714
7712
7711
7708
7707
7706
7706
7702
7702
7700
7697
7696
7696
7695
7694
7694
7693
7693
7690
7689
7689
7688
7688
7687
7686
7685
7685
7684
7683
7683
7682
7681
7681
7680
7678
7677
7675
7674
7670
7668
7667
7666
7683
7664
7662
7660
7659
7658
7658
7658
7655
7654
7652
7648
7648
7648
7647
7647
7647
7645
7644
7643
7639
7637
7635
7634
7633
7632
7632
7631
7629
7628
7626
7624
7616
7622
7621
7621
7618
7617
7617
7636
7612
7609
7608
7605
7605
7601
7601
7600
7599
7598
7596
7596
7592
7592
7590
7590
7588
7588
7587
7587
7586
7583
7582
7582
7579
7537
7576
7575
7573
7573
7573
7566
7566
7565
7564
7562
7558
7556
7554
7554
7552
7547
7549
7545
7544
7543
7542
7538
7536
7535
7534
7534
7533
7533
7533
7532
7532
7532
7531
7530
7529
7527
7527
7527
7527
7526
7526
7523
7522
7521
7520
7519
7518
7516
7516
7514
7512
7507
7506
7503
7501
7497
7497
7496
7495
7495
7494
7494
7491
7491
7490
7488
7487
7487
7484
7482
7482
7481
7479
7478
7478
7478
7477
7476
7474
7474
7472
7471
7471
7467
7467
7467
7465
7463
7462
7462
7461
7461
7460
7458
7458
7456
7456
7468
7450
7450
7447
7444
7443
7441
7438
7436
7436
7432
7432
7429
7427
7426
7426
7424
7424
7422
7421
7421
7420
7417
7415
7414
7414
7414
7412
7407
7407
7406
7406
7406
7405
7404
7418
7401
7401
7398
7395
7394
7389
7389
7391
7385
7382
7381
7381
7380
7377
7375
7375
7371
7371
7370
7369
7366
7364
7360
7360
7359
7359
7358
7358
7358
7358
7357
7353
7352
7351
7351
7349
7348
7347
7347
7345
7343
7343
7341
7340
7341
7339
7340
7338
7338
7335
7334
7333
7331
7331
7330
7330
7329
7328
7328
7327
7324
7324
7305
7321
7320
7317
7316
7314
7312
7327
7310
7314
7309
7309
7309
7309
7308
7311
7307
7307
7305
7304
7303
7302
7301
7300
7299
7298
7297
7296
7296
7293
7301
7293
7292
7292
7303
7291
7290
7287
7284
7284
7284
7281
7281
7281
7276
7276
7275
7283
7273
7273
7270
7268
7266
7265
7232
7265
7264
7261
7260
7259
7258
7257
7256
7255
7255
7254
7253
7253
7250
7248
7245
7241
7240
7240
7239
7239
7244
7238
7237
7237
7235
7232
7231
7230
7229
7226
7226
7225
7225
7225
7236
7222
7222
7221
7219
7217
7216
7216
7216
7215
7214
7214
7213
7212
7210
7208
7206
7205
7203
7202
7200
7200
7198
7198
7196
7195
7195
7193
7193
7191
7191
7191
7190
7189
7186
7186
7184
7183
7192
7181
7180
7179
7179
7176
7174
7170
7170
7170
7167
7167
7163
7162
7151
7151
7150
7148
7146
7145
7145
7144
7143
7142
7142
7141
7138
7137
7135
7132
7131
7131
7126
7126
7124
7122
7121
7120
7120
7120
7120
7113
7114
7114
7113
7112
7111
7110
7110
7107
7103
7102
7102
7100
7099
7098
7094
7092
7092
7092
7091
7091
7090
7088
7087
7086
7086
7084
7083
7083
7083
7082
7079
7093
7076
7075
7073
7072
7072
7071
7070
7070
7070
7069
7067
7064
7063
7062
7069
7062
7059
7057
7057
7055
7050
7050
7049
7046
7046
7045
7045
7042
7044
7040
7040
7038
7032
7032
7031
7031
7031
7029
7041
7025
7024
7023
7022
7021
7020
7047
7016
7014
7013
7013
7012
7011
7009
7025
7007
7006
7006
7002
7001
7000
6999
6998
6997
6996
6994
6994
6992
6992
6990
6990
6990
6987
6987
6986
6982
6981
6980
6980
6979
6978
6978
6976
6974
6974
6973
6972
6972
6971
6970
6969
6967
6965
6963
6961
6961
6960
6958
6958
6957
6957
6955
6955
6954
6953
6952
6949
6946
6945
6945
6945
6943
6943
6941
6941
6940
6940
6940
6937
6931
6930
6929
6927
6927
6926
6926
6923
6923
6921
6921
6921
6919
6918
6916
6915
6915
6914
6913
6912
6910
6908
6907
6906
6904
6904
6904
6903
6901
6900
6898
6897
6895
6895
6895
6894
6893
6893
6892
6890
6890
6888
6888
6887
6885
6882
6881
6880
6880
6880
6880
6878
6878
6876
6875
6875
6874
6873
6896
6872
6869
6869
6869
6868
6865
6863
6861
6859
6860
6858
6857
6857
6856
6855
6852
6852
6850
6850
6850
6850
6850
6849
6848
6848
6848
6847
6855
6846
6845
6845
6845
6841
6840
6839
6839
6839
6838
6838
6834
6834
6834
6834
6833
6833
6831
6828
6828
6827
6826
6826
6826
6825
6825
6825
6832
6822
6821
6820
6819
6818
6817
6817
6817
6817
6815
6815
6815
6814
6814
6813
6813
6813
6813
6811
6811
6807
6807
6806
6806
6802
6802
6801
6800
6800
6799
6795
6795
6794
6794
6794
6791
6790
6789
6789
6785
6784
6783
6783
6782
6781
6780
6779
6779
6778
6777
6776
6775
6774
6772
6771
6770
6770
6770
6769
6767
6767
6766
6765
6767
6765
6764
6764
6763
6761
6760
6756
6756
6755
6754
6753
6753
6752
6751
6751
6751
6750
6750
6748
6746
6745
6745
6745
6743
6743
6742
6755
6739
6738
6737
6737
6737
6736
6730
6730
6730
6730
6729
6729
6729
6727
6725
6725
6719
6719
6719
6715
6712
6711
6711
6711
6710
6708
6707
6706
6706
6704
6704
6704
6703
6701
6699
6697
6693
6690
6689
6689
6688
6687
6687
6685
6685
6682
6680
6679
6679
6678
6677
6675
6675
6675
6673
6672
6668
6668
6665
6664
6666
6661
6659
6659
6659
6659
6658
6658
6658
6658
6658
6657
6652
6649
6648
6648
6646
6645
6645
6641
6641
6640
6640
6639
6639
6638
6635
6631
6631
6630
6628
6628
6628
6628
6627
6626
6626
6625
6624
6624
6622
6622
6622
6621
6617
6616
6616
6616
6614
6613
6611
6608
6608
6608
6606
6605
6605
6605
6604
6602
6602
6601
6599
6599
6602
6598
6595
6595
6594
6593
6591
6590
6589
6588
6588
6587
6583
6583
6586
6580
6580
6579
6579
6576
6573
6570
6570
6569
6568
6568
6567
6566
6565
6565
6562
6561
6559
6558
6558
6558
6558
6557
6557
6556
6555
6555
6554
6552
6552
6552
6551
6551
6550
6548
6548
6546
6545
6544
6542
6542
6541
6541
6540
6540
6538
6537
6514
6534
6533
6533
6533
6533
6531
6531
6531
6527
6526
6522
6522
6522
6522
6521
6520
6518
6517
6514
6512
6511
6511
6510
6509
6509
6509
6508
6508
6507
6506
6505
6505
6501
6500
6500
6499
6499
6498
6496
6496
6494
6493
6492
6489
6488
6487
6485
6485
6485
6485
6484
6481
6480
6477
6476
6473
6472
6474
6469
6467
6467
6463
6459
6458
6460
6457
6455
6454
6453
6451
6451
6450
6450
6448
6446
6444
6442
6441
6441
6440
6437
6437
6409
6434
6434
6434
6431
6431
6429
6429
6429
6428
6428
6424
6424
6421
6421
6420
6419
6418
6418
6416
6415
6415
6413
6413
6410
6409
6408
6407
6406
6406
6404
6404
6404
6404
6412
6399
6399
6399
6397
6395
6394
6392
6392
6392
6391
6390
6390
6389
6388
6387
6387
6385
6385
6385
6384
6384
6383
6383
6382
6382
6382
6381
6380
6380
6379
6379
6378
6378
6377
6376
6375
6375
6375
6373
6373
6372
6371
6370
6370
6369
6369
6368
6368
6368
6365
6365
6364
6363
6362
6361
6360
6360
6360
6357
6357
6354
6353
6353
6353
6353
6352
6350
6349
6349
6347
6347
6343
6342
6342
6341
6339
6339
6337
6336
6336
6335
6430
6333
6333
6332
6331
6326
6325
6334
6323
6322
6321
6319
6319
6319
6317
6316
6315
6314
6313
6316
6312
6310
6309
6309
6309
6309
6309
6308
6307
6306
6306
6305
6304
6303
6303
6302
6301
6301
6301
6300
6300
6299
6298
6297
6296
6296
6296
6294
6294
6293
6293
6292
6292
6291
6289
6289
6288
6285
6285
6283
6281
6280
6280
6280
6278
6278
6277
6277
6276
6275
6274
6274
6271
6271
6270
6269
6269
6267
6265
6265
6263
6263
6262
6261
6260
6259
6258
6257
6256
6260
6256
6255
6254
6254
6253
6252
6252
6261
6250
6249
6248
6248
6248
6247
6245
6258
6244
6242
6246
6242
6241
6241
6240
6237
6234
6234
6234
6233
6233
6233
6232
6232
6231
6229
6228
6228
6226
6226
6225
6224
6224
6223
6223
6241
6220
6218
6218
6217
6216
6214
6213
6213
6212
6211
6211
6211
6210
6210
6204
6204
6204
6203
6203
6201
6200
6200
6200
6200
6199
6198
6196
6195
6195
6192
6189
6188
6188
6187
6186
6183
6182
6180
6180
6180
6179
6179
6175
6174
6173
6173
6173
6172
6171
6171
6169
6169
6169
6168
6168
6168
6167
6166
6166
6166
6165
6165
6164
6162
6161
6161
6161
6160
6160
6159
6158
6158
6158
6157
6156
6156
6155
6155
6155
6153
6152
6150
6150
6149
6148
6145
6143
6142
6140
6138
6138
6135
6135
6132
6132
6132
6131
6131
6245
6128
6128
6123
6122
6121
6121
6120
6121
6120
6120
6119
6119
6117
6116
6116
6115
6114
6113
6112
6114
6111
6110
6110
6110
6108
6108
6108
6107
6105
6104
6102
6101
6100
6100
6099
6097
6097
6096
6095
6095
6095
6095
6095
6094
6094
6093
6092
6092
6092
6091
6090
6088
6088
6088
6085
6083
6082
6082
6081
6079
6079
6084
6077
6077
6076
6075
6073
6072
6071
6071
6070
6069
6067
6067
6066
6065
6064
6063
6062
6062
6062
6061
6064
6059
6056
6056
6056
6054
6054
6052
6052
6049
6049
6047
6047
6046
6046
6045
6044
6044
6041
6040
6040
6039
6038
6038
6037
6037
6051
6035
6035
6034
6034
6034
6033
6102
6030
6034
6029
6029
6028
6028
6028
6028
6027
6027
6027
6026
6026
6026
6026
6024
6024
6023
6022
6022
6020
6020
6020
6020
6017
6017
6017
6016
6015
6014
6014
6017
6012
6011
6009
6009
6007
6006
6119
6008
6001
6001
5999
5999
5999
5999
5998
5997
5997
5996
5995
5995
5994
5993
5993
5993
5992
5991
5991
5990
5989
5987
5987
5987
5986
5986
5984
5984
5984
5983
5981
5981
5980
5980
5978
5977
5974
5973
5972
5971
5970
5970
5970
5969
5968
5967
5963
5962
5961
5961
5960
5959
5958
5956
5955
5952
5952
5951
5954
5949
5947
5941
5940
5936
5948
5935
5933
5932
5932
5932
5929
5929
5927
5927
5926
5925
5924
5924
5924
5923
5922
5920
5919
5918
5918
5927
5920
5915
5886
5914
5914
5913
5912
5910
5908
5906
5905
5904
5952
5902
5899
5900
5900
5898
5898
5898
5896
5895
5895
5895
5894
5890
5889
5887
5886
5885
5893
5881
5880
5878
5876
5875
5878
5873
5896
5873
5883
5872
5872
5871
5870
5870
5869
5868
5867
5867
5867
5867
5867
5864
5864
5868
5862
5862
5859
5857
5855
5854
5854
5854
5852
5852
5851
5850
5849
5848
5848
5848
5848
5847
5846
5845
5844
5844
5844
5843
5843
5843
5842
5841
5840
5840
5837
5834
5834
5833
5833
5834
5833
5833
5831
5830
5829
5828
5826
5826
5825
5825
5825
5824
5823
5823
5822
5822
5822
5822
5822
5821
5820
5819
5818
5818
5818
5817
5816
5816
5816
5815
5813
5813
5813
5813
5813
5813
5813
5811
5811
5810
5810
5810
5810
5808
5807
5805
5805
5805
5804
5804
5803
5803
5803
5802
5800
5800
5800
5809
5798
5798
5798
5797
5795
5795
5794
5794
5794
5794
5793
5793
5793
5792
5792
5789
5789
5788
5788
5788
5787
5790
5787
5787
5786
5785
5784
5782
5781
5781
5778
5779
5778
5777
5777
5776
5776
5776
5773
5772
5772
5770
5770
5770
5766
5766
5766
5764
5764
5763
5780
5758
5757
5757
5756
5754
5753
5753
5751
5750
5749
5748
5746
5745
5745
5743
5743
5743
5741
5740
5738
5736
5735
5735
5734
5738
5733
5733
5732
5732
5731
5728
5728
5727
5727
5726
5723
5722
5721
5721
5720
5720
5740
5719
5718
5716
5716
5716
5715
5713
5713
5712
5711
5711
5710
5709
5718
5707
5707
5706
5706
5705
5705
5707
5702
5702
5700
5698
5697
5697
5696
5693
5692
5691
5691
5690
5690
5689
5688
5688
5688
5687
5687
5685
5684
5684
5682
5682
5679
5679
5678
5678
5677
5676
5676
5676
5676
5675
5675
5674
5674
5674
5673
5672
5672
5671
5668
5668
5666
5665
5665
5663
5661
5660
5660
5658
5658
5656
5655
5652
5651
5647
5646
5644
5644
5643
5643
5648
5642
5640
5640
5640
5640
5638
5638
5638
5637
5663
5635
5634
5634
5650
5633
5632
5632
5631
5631
5628
5626
5626
5626
5623
5623
5623
5622
5621
5621
5620
5620
5619
5618
5617
5617
5616
5615
5614
5614
5614
5613
5612
5612
5611
5610
5609
5608
5607
5607
5607
5607
5606
5606
5606
5605
5606
5604
5603
5602
5602
5599
5614
5599
5577
5597
5597
5597
5596
5595
5594
5593
5591
5590
5590
5588
5587
5587
5585
5585
5585
5585
5584
5584
5583
5582
5582
5581
5581
5580
5579
5579
5578
5578
5578
5577
5577
5564
5512
5576
5576
5575
5575
5575
5575
5574
5574
5574
5571
5571
5569
5568
5567
5566
5566
5566
5566
5565
5565
5564
5563
5563
5561
5560
5560
5560
5559
5558
5557
5557
5556
5556
5555
5555
5552
5552
5552
5551
5550
5550
5549
5549
5549
5546
5545
5545
5544
5543
5543
5542
5542
5542
5541
5539
5538
5537
5537
5537
5537
5533
5533
5532
5532
5532
5531
5531
5530
5530
5529
5528
5540
5528
5528
5527
5526
5525
5524
5523
5523
5522
5521
5521
5518
5516
5514
5513
5512
5511
5510
5510
5509
5509
5509
5508
5506
5505
5505
5505
5504
5504
5504
5504
5506
5502
5501
5501
5500
5500
5500
5498
5498
5497
5495
5494
5493
5492
5490
5490
5490
5488
5487
5487
5487
5485
5484
5484
5484
5483
5482
5481
5481
5479
5479
5479
5478
5478
5477
5477
5477
5475
5475
5475
5475
5473
5473
5473
5473
5472
5472
5470
5470
5469
5467
5467
5467
5466
5466
5465
5464
5463
5463
5461
5460
5460
5460
5459
5458
5456
5456
5455
5454
5453
5452
5450
5450
5448
5448
5447
5447
5445
5445
5445
5445
5444
5443
5443
5442
5441
5441
5440
5440
5439
5439
5438
5438
5438
5437
5436
5436
5433
5433
5432
5432
5432
5432
5431
5431
5430
5430
5429
5428
5428
5427
5427
5427
5425
5422
5422
5421
5421
5419
5419
5418
5418
5417
5417
5416
5415
5415
5414
5414
5413
5413
5412
5410
5408
5407
5407
5405
5405
5405
5405
5404
5404
5404
5403
5401
5401
5400
5400
5400
5397
5400
5397
5396
5396
5395
5393
5392
5392
5392
5391
5391
5391
5391
5389
5389
5388
5387
5384
5384
5382
5382
5382
5382
5382
5381
5381
5380
5397
5377
5377
5377
5376
5376
5375
5375
5373
5373
5371
5371
5371
5370
5369
5369
5368
5368
5368
5367
5365
5365
5363
5363
5363
5362
5362
5360
5360
5360
5358
5357
5356
5356
5355
5354
5354
5354
5354
5354
5351
5350
5350
5349
5348
5348
5347
5347
5347
5346
5346
5344
5344
5343
5343
5343
5342
5342
5341
5340
5340
5339
5338
5337
5337
5337
5336
5336
5336
5334
5333
5332
5331
5331
5330
5329
5329
5328
5328
5328
5327
5327
5327
5326
5326
5324
5324
5322
5321
5320
5327
5320
5319
5318
5318
5317
5316
5315
5314
5314
5312
5312
5311
5311
5323
5310
5309
5309
5308
5308
5307
5306
5306
5303
5303
5303
5303
5302
5301
5301
5299
5299
5298
5297
5297
5297
5297
5297
5296
5296
5294
5294
5294
5293
5292
5292
5292
5292
5291
5291
5290
5289
5288
5287
5286
5286
5285
5284
5284
5284
5284
5283
5283
5282
5282
5282
5281
5281
5281
5281
5280
5280
5280
5279
5279
5279
5277
5277
5277
5276
5276
5276
5276
5276
5275
5275
5275
5274
5274
5272
5272
5272
5272
5270
5270
5269
5269
5268
5268
5268
5268
5267
5267
5267
5267
5266
5262
5260
5259
5259
5258
5257
5257
5256
5256
5256
5256
5254
5253
5252
5251
5249
5248
5248
5248
5248
5247
5246
5246
5245
5244
5244
5244
5240
5240
5239
5239
5238
5236
5235
5234
5234
5234
5233
5232
5232
5232
5231
5231
5230
5230
5229
5229
5229
5225
5224
5224
5223
5223
5222
5222
5222
5221
5221
5221
5221
5220
5220
5220
5219
5218
5217
5217
5216
5216
5216
5215
5213
5212
5212
5210
5210
5209
5209
5209
5209
5209
5208
5208
5208
5207
5206
5206
5206
5204
5204
5202
5202
5202
5199
5199
5199
5198
5198
5197
5197
5196
5196
5196
5194
5194
5192
5210
5192
5191
5190
5188
5188
5188
5188
5187
5185
5185
5185
5184
5184
5183
5181
5181
5187
5177
5176
5175
5174
5172
5171
5171
5171
5171
5171
5169
5169
5169
5169
5168
5167
5166
5165
5165
5165
5164
5164
5162
5162
5161
5160
5159
5158
5157
5156
5156
5156
5155
5155
5154
5153
5153
5152
5152
5152
5151
5151
5150
5150
5150
5149
5149
5149
5149
5148
5147
5161
5147
5147
5147
5146
5201
5145
5144
5144
5144
5143
5143
5143
5143
5142
5142
5142
5144
5136
5136
5135
5134
5134
5134
5134
5134
5133
5133
5133
5132
5130
5129
5127
5124
5122
5122
5121
5121
5120
5120
5125
5119
5118
5118
5118
5118
5117
5116
5116
5115
5115
5131
5114
5113
5111
5111
5111
5109
5108
5107
5106
5106
5103
5103
5102
5102
5101
5100
5100
5100
5100
5100
5098
5098
5097
5097
5097
5096
5096
5095
5095
5094
5094
5093
5092
5092
5092
5091
5090
5090
5090
5090
5089
5089
5089
5089
5088
5087
5085
5084
5083
5080
5080
5079
5078
5078
5077
5076
5075
5074
5074
5072
5072
5071
5071
5070
5070
5070
5070
5068
5065
5064
5064
5063
5063
5062
5061
5061
5061
5060
5060
5059
5059
5059
5065
5056
5056
5055
5055
5054
5054
5053
5052
5052
5050
5048
5048
5048
5048
5046
5045
5045
5044
5043
5043
5042
5042
5041
5041
5041
5039
5039
5039
5037
5037
5037
5036
5036
5035
5033
5033
5032
5031
5031
5030
5030
5029
5029
5028
5028
5028
5028
5026
5025
5025
5024
5024
5023
5100
5021
5020
5017
5017
5016
5016
5016
5013
5013
5012
5012
5011
5009
5009
5008
5004
5004
5004
5002
5002
5001
5001
5001
5001
5000
5000
5000
4999
4999
4999
4999
4999
4998
4996
4996
4996
4995
4994
4994
4993
4993
4993
4992
4992
4992
4991
4990
4990
4990
4989
4988
4988
4988
4987
4986
4986
4985
4983
4983
4982
4982
4982
4981
4981
4980
4980
4979
4978
4977
4976
4976
4976
4975
4975
4975
4974
4973
4973
4973
4972
4972
4970
4970
4970
4970
4969
4968
4968
4968
4967
4966
4965
4965
4965
4964
4962
4961
4961
4959
4959
4959
4958
4955
4954
4954
4954
4953
4950
4950
4949
4948
4948
4948
4947
4947
4945
4945
4944
4944
4943
4942
4942
4940
4940
4940
4939
4939
4938
4937
4937
4936
4936
4935
4935
4935
4934
4934
4933
4931
4930
4929
4928
4927
4926
4926
4924
4924
4924
4923
4923
4922
4922
4922
4922
4921
4920
4919
4922
4918
4916
4916
4914
4913
4912
4912
4912
4913
4911
4911
4911
4910
4910
4910
4909
4908
4907
4907
4905
4905
4905
4903
4902
4902
4902
4900
4900
4899
4899
4898
4898
4898
4896
4896
4896
4895
4892
4890
4890
4888
4888
4887
4887
4887
4887
4886
4886
4885
4885
4885
4884
4884
4882
4882
4881
4879
4879
4879
4877
4877
4876
4876
4876
4876
4874
4872
4872
4871
4870
4868
4867
4866
4866
4866
4865
4865
4864
4863
4860
4860
4860
4859
4858
4858
4857
4857
4857
4855
4855
4855
4855
4869
4854
4853
4853
4853
4853
4853
4852
4852
4851
4850
4850
4849
4849
4854
4848
4847
4846
4846
4845
4845
4844
4844
4843
4843
4842
4842
4841
4841
4841
4840
4840
4839
4839
4839
4839
4835
4834
4833
4833
4833
4833
4831
4831
4831
4830
4830
4829
4829
4829
4829
4828
4828
4828
4827
4837
4838
4826
4826
4826
4825
4825
4825
4824
4824
4823
4823
4823
4822
4822
4821
4825
4821
4820
4820
4820
4820
4820
4819
4819
4818
4818
4817
4817
4817
4816
4815
4815
4814
4813
4834
4813
4811
4811
4811
4808
4807
4807
4806
4806
4806
4805
4805
4804
4804
4803
4802
4801
4801
4801
4800
4800
4799
4798
4797
4797
4796
4796
4794
4793
4792
4791
4791
4791
4790
4790
4790
4788
4788
4787
4787
4787
4787
4787
4786
4786
4786
4786
4786
4785
4785
4785
4784
4784
4783
4782
4780
4779
4778
4777
4777
4783
4776
4776
4776
4775
4775
4775
4774
4774
4774
4774
4773
4773
4772
4771
4771
4771
4770
4770
4773
4770
4768
4767
4766
4766
4766
4766
4765
4765
4763
4762
4762
4761
4761
4761
4760
4760
4759
4759
4759
4757
4757
4757
4759
4755
4755
4755
4755
4754
4754
4754
4754
4754
4752
4752
4749
4748
4748
4748
4747
4747
4747
4747
4747
4747
4746
4746
4745
4745
4745
4743
4742
4742
4742
4741
4740
4740
4740
4740
4739
4739
4738
4738
4738
4737
4736
4736
4735
4735
4735
4734
4733
4733
4741
4732
4731
4731
4730
4729
4729
4729
4728
4726
4726
4726
4726
4726
4724
4724
4724
4724
4723
4722
4720
4720
4720
4719
4719
4718
4718
4718
4718
4717
4717
4717
4715
4715
4714
4713
4713
4714
4713
4712
4712
4711
4711
4710
4709
4708
4708
4707
4707
4706
4706
4705
4704
4703
4703
4702
4700
4700
4700
4699
4699
4699
4698
4697
4696
4696
4696
4694
4694
4694
4693
4692
4692
4688
4690
4690
4688
4688
4687
4687
4686
4686
4685
4685
4684
4682
4681
4681
4681
4681
4680
4680
4680
4679
4679
4678
4678
4678
4677
4677
4677
4677
4676
4676
4676
4675
4675
4675
4658
4673
4672
4671
4671
4670
4674
4669
4669
4668
4668
4667
4667
4665
4665
4664
4663
4663
4663
4663
4662
4662
4677
4661
4661
4660
4660
4660
4659
4659
4659
4658
4658
4657
4656
4656
4656
4655
4655
4654
4652
4651
4651
4651
4650
4649
4649
4648
4648
4647
4647
4647
4647
4646
4644
4643
4642
4641
4641
4641
4639
4639
4638
4637
4636
4636
4636
4634
4634
4634
4633
4633
4633
4648
4632
4632
4631
4631
4631
4629
4629
4628
4628
4628
4627
4627
4627
4627
4626
4626
4626
4625
4623
4623
4623
4623
4622
4622
4621
4621
4621
4620
4619
4618
4618
4617
4617
4617
4617
4615
4671
4614
4614
4614
4613
4613
4612
4611
4611
4611
4611
4610
4609
4609
4609
4609
4609
4608
4607
4607
4607
4607
4607
4606
4606
4605
4605
4605
4605
4604
4604
4604
4604
4604
4603
4601
4602
4600
4598
4598
4597
4596
4595
4595
4607
4595
4594
4594
4594
4594
4593
4593
4593
4593
4593
4592
4592
4592
4592
4592
4591
4591
4591
4590
4590
4590
4589
4589
4589
4589
4588
4588
4588
4587
4587
4586
4586
4586
4585
4585
4583
4583
4583
4582
4582
4582
4581
4581
4580
4579
4579
4578
4578
4578
4577
4577
4577
4576
4575
4575
4575
4574
4574
4573
4573
4573
4572
4572
4571
4571
4571
4569
4569
4569
4568
4567
4567
4567
4566
4566
4566
4564
4655
4563
4563
4562
4560
4560
4560
4560
4560
4560
4560
4560
4559
4558
4557
4556
4556
4556
4555
4555
4554
4553
4553
4553
4552
4551
4550
4549
4549
4549
4549
4548
4548
4547
4547
4546
4546
4546
4545
4544
4543
4548
4543
4542
4540
4539
4539
4538
4537
4535
4535
4534
4534
4533
4532
4532
4531
4531
4531
4530
4530
4530
4529
4528
4527
4526
4526
4529
4523
4523
4522
4521
4541
4519
4519
4519
4519
4518
4518
4518
4517
4516
4516
4516
4516
4515
4515
4515
4515
4514
4513
4513
4512
4512
4511
4511
4511
4511
4543
4508
4508
4508
4507
4506
4506
4505
4504
4504
4503
4502
4502
4501
4500
4500
4499
4499
4498
4498
4498
4498
4497
4497
4496
4496
4496
4495
4495
4495
4495
4494
4492
4492
4492
4491
4491
4491
4490
4489
4488
4488
4488
4488
4486
4494
4485
4485
4485
4485
4485
4484
4484
4484
4484
4484
4484
4484
4484
4484
4483
4482
4481
4480
4479
4479
4479
4478
4478
4521
4477
4477
4477
4480
4501
4475
4495
4474
4473
4473
4472
4472
4472
4472
4472
4472
4471
4470
4469
4469
4468
4468
4467
4466
4465
4464
4464
4463
4463
4463
4462
4472
4462
4462
4461
4461
4461
4461
4460
4460
4460
4459
4459
4458
4458
4458
4457
4457
4457
4456
4455
4455
4455
4454
4453
4453
4453
4453
4452
4452
4452
4452
4452
4451
4450
4449
4449
4448
4448
4447
4446
4446
4446
4445
4445
4444
4443
4457
4443
4443
4443
4443
4442
4442
4441
4440
4440
4439
4439
4438
4438
4438
4438
4438
4438
4436
4436
4446
4436
4434
4434
4434
4433
4433
4432
4432
4431
4431
4430
4427
4426
4426
4426
4426
4425
4425
4425
4424
4424
4424
4422
4422
4422
4421
4421
4420
4420
4419
4419
4418
4418
4418
4418
4418
4418
4417
4417
4416
4416
4415
4415
4415
4414
4414
4413
4413
4412
4412
4412
4411
4410
4410
4409
4409
4409
4408
4406
4405
4405
4404
4404
4404
4404
4403
4403
4403
4402
4401
4401
4401
4401
4401
4401
4400
4400
4400
4399
4399
4399
4397
4397
4397
4405
4397
4396
4395
4395
4394
4394
4394
4393
4392
4389
4389
4389
4388
4387
4387
4387
4387
4386
4386
4386
4386
4384
4384
4384
4382
4381
4380
4380
4380
4379
4379
4378
4378
4378
4377
4377
4376
4376
4376
4375
4375
4375
4375
4374
4374
4373
4373
4373
4372
4374
4371
4371
4370
4370
4370
4369
4369
4369
4369
4369
4369
4369
4367
4367
4367
4366
4366
4366
4365
4363
4363
4363
4363
4363
4362
4362
4362
4361
4361
4361
4361
4360
4360
4359
4358
4357
4357
4357
4356
4356
4356
4355
4355
4355
4355
4355
4354
4354
4354
4354
4354
4354
4353
4352
4351
4350
4349
4349
4349
4348
4347
4347
4346
4345
4345
4344
4344
4343
4343
4341
4340
4340
4339
4339
4341
4337
4336
4336
4335
4335
4334
4333
4333
4341
4332
4332
4332
4331
4330
4330
4330
4329
4329
4328
4328
4327
4325
4325
4324
4323
4323
4323
4321
4321
4321
4321
4321
4320
4319
4319
4319
4319
4319
4318
4317
4317
4330
4316
4316
4315
4314
4313
4313
4313
4313
4312
4311
4311
4311
4311
4311
4310
4310
4310
4310
4309
4309
4309
4308
4308
4308
4307
4307
4306
4305
4304
4304
4303
4302
4302
4303
4302
4301
4301
4299
4299
4299
4299
4299
4298
4298
4298
4297
4296
4296
4295
4295
4295
4295
4295
4293
4291
4289
4289
4289
4288
4288
4287
4287
4287
4287
4287
4286
4286
4286
4285
4285
4284
4284
4284
4284
4284
4283
4283
4283
4282
4281
4283
4281
4280
4280
4279
4283
4278
4277
4277
4275
4275
4274
4274
4273
4273
4271
4271
4270
4270
4269
4268
4268
4267
4267
4266
4266
4266
4266
4265
4264
4264
4264
4264
4263
4263
4263
4263
4262
4262
4262
4262
4261
4261
4260
4260
4260
4259
4259
4258
4258
4257
4257
4257
4257
4256
4256
4255
4255
4254
4254
4254
4254
4252
4251
4251
4250
4250
4250
4249
4249
4249
4248
4248
4247
4247
4246
4246
4246
4245
4245
4245
4245
4244
4244
4243
4243
4242
4242
4241
4241
4241
4241
4241
4241
4240
4239
4239
4239
4239
4238
4238
4238
4238
4234
4234
4234
4234
4232
4232
4232
4232
4231
4231
4242
4231
4231
4231
4231
4231
4231
4231
4230
4230
4230
4229
4228
4228
4225
4225
4225
4225
4224
4224
4223
4223
4223
4221
4221
4221
4221
4221
4221
4220
4220
4220
4219
4219
4219
4219
4219
4229
4218
4217
4217
4217
4217
4217
4226
4215
4215
4214
4214
4214
4213
4213
4213
4212
4212
4212
4211
4211
4211
4211
4210
4210
4210
4210
4209
4209
4208
4206
4206
4206
4205
4205
4205
4205
4204
4204
4203
4203
4203
4203
4202
4202
4202
4202
4202
4200
4200
4200
4200
4200
4199
4199
4199
4199
4198
4198
4198
4197
4197
4196
4196
4196
4196
4194
4194
4194
4194
4194
4193
4193
4193
4192
4192
4192
4191
4189
4188
4188
4188
4188
4188
4187
4187
4187
4187
4186
4201
4184
4184
4184
4184
4183
4182
4182
4182
4182
4181
4180
4180
4180
4179
4174
4178
4178
4178
4178
4177
4176
4176
4176
4175
4175
4174
4174
4174
4173
4173
4173
4172
4171
4171
4176
4169
4169
4168
4168
4168
4167
4167
4166
4166
4165
4165
4165
4165
4164
4164
4163
4162
4162
4161
4161
4161
4161
4160
4160
4159
4159
4159
4159
4159
4159
4159
4158
4158
4164
4157
4157
4156
4156
4156
4156
4156
4155
4155
4155
4154
4153
4152
4152
4152
4152
4151
4151
4151
4151
4151
4150
4150
4150
4149
4148
4148
4148
4147
4147
4147
4147
4147
4147
4146
4146
4146
4146
4145
4145
4145
4145
4145
4145
4144
4143
4143
4143
4142
4142
4141
4141
4140
4140
4140
4139
4139
4138
4138
4137
4137
4136
4136
4136
4136
4136
4136
4136
4135
4134
4133
4132
4131
4131
4131
4130
4130
4130
4130
4129
4129
4127
4127
4126
4126
4126
4126
4126
4125
4124
4124
4123
4123
4123
4122
4122
4122
4121
4121
4121
4120
4120
4119
4119
4119
4119
4119
4118
4118
4117
4117
4117
4116
4116
4115
4115
4115
4115
4115
4114
4114
4114
4114
4114
4113
4113
4112
4112
4112
4111
4110
4110
4109
4109
4109
4109
4108
4108
4107
4105
4104
4104
4104
4102
4102
4101
4100
4100
4100
4100
4099
4098
4098
4098
4097
4096
4095
4095
4095
4095
4094
4094
4094
4094
4092
4092
4092
4092
4092
4091
4091
4090
4089
4088
4088
4088
4088
4087
4086
4086
4085
4085
4085
4084
4084
4083
4083
4081
4081
4081
4080
4080
4080
4080
4080
4079
4079
4079
4078
4078
4085
4078
4078
4078
4077
4077
4076
4076
4076
4075
4075
4075
4075
4075
4075
4074
4074
4074
4074
4073
4072
4072
4071
4071
4095
4070
4070
4069
4069
4069
4069
4069
4068
4068
4068
4068
4067
4067
4066
4066
4066
4065
4065
4064
4064
4064
4063
4063
4063
4062
4062
4061
4061
4061
4061
4060
4060
4059
4062
4059
4059
4059
4058
4057
4056
4055
4055
4055
4055
4055
4054
4054
4053
4053
4053
4052
4052
4052
4051
4051
4050
3984
4049
4049
4048
4047
4047
4046
4045
4045
4045
4045
4044
4044
4043
4043
4043
4042
4042
4042
4042
4042
4042
4042
4041
4041
4041
4040
4040
4040
4040
4039
4057
4038
4038
4038
4038
4037
4037
4036
4036
4035
4035
4034
4034
4034
4033
4033
4032
4032
4032
4031
4031
4031
4028
4027
4027
4027
4027
4027
4026
4026
4026
4025
4025
4025
4024
4024
4023
4021
4021
4020
4020
4020
4020
4019
4019
4019
4019
4019
4025
4017
4017
4016
4016
4016
4016
4015
4014
4014
4014
4013
4013
4013
4012
4011
4011
4011
4010
4009
4009
4008
4008
4007
4007
4007
4007
4007
4006
4006
4005
4005
3983
4005
4007
4003
4003
4002
4002
4002
4002
4001
4001
4001
4001
4000
4016
4000
4000
4000
4000
3999
3999
3998
3998
3998
3998
3998
3998
3997
3996
3996
3996
3995
3995
3995
3994
3993
3992
3991
3991
3990
3989
3989
3989
3980
3978
3988
3988
3987
3987
3987
3987
3986
3986
3986
3986
3985
3985
3985
3985
3984
3984
3982
3982
3982
3982
3982
3981
3981
3981
3981
3980
3982
3996
3979
3979
3979
3978
3978
3978
3977
3977
3976
3976
3976
3975
3974
3974
3974
3973
3973
3975
3972
3973
3971
3970
3970
3969
3969
3969
3969
3969
3967
3967
3972
3966
3966
3966
3965
3965
3965
3965
3964
3964
3964
3964
3963
3962
3962
3962
3961
3961
3961
3961
3960
3959
3959
3958
3958
3957
3957
3957
3956
3956
3956
3955
3955
3955
3955
3958
3954
3953
3953
3952
3952
3952
3951
3951
3951
3951
3951
3950
3950
3950
3949
3949
3884
3949
3948
3947
3946
3946
3944
3944
3943
3942
3942
3941
3941
3940
3940
3940
3939
3939
3939
3938
3938
3938
3937
3937
3936
3936
3936
3936
3934
3934
3933
3933
3932
3932
3932
3932
3931
3931
3930
3930
3930
3929
3928
3928
3928
3927
3927
3930
3927
3927
3927
3926
3926
3924
3924
3924
3922
3922
3922
3922
3922
3920
3920
3918
3918
3918
3918
3917
3917
3917
3917
3917
3917
3916
3916
3916
3916
3915
3915
3915
3915
3915
3915
3914
3914
3914
3914
3914
3914
3913
3913
3912
3912
3912
3912
3911
3910
3910
3910
3910
3910
3908
3908
3908
3907
3907
3907
3906
3906
3906
3905
3905
3905
3905
3905
3904
3904
3904
3907
3903
3902
3902
3902
3901
3901
3901
3901
3901
3900
3900
3900
3900
3900
3899
3899
3899
3898
3898
3897
3897
3897
3896
3895
3895
3894
3894
3894
3893
3893
3892
3892
3891
3891
3890
3890
3890
3889
3889
3889
3888
3888
3888
3888
3888
3902
3886
3885
3885
3885
3885
3885
3885
3884
3884
3884
3883
3883
3882
3882
3881
3881
3880
3880
3879
3883
3879
3878
3878
3877
3876
3876
3876
3876
3875
3898
3872
3871
3871
3871
3870
3870
3870
3869
3869
3869
3869
3868
3868
3867
3867
3866
3866
3866
3865
3865
3864
3864
3864
3863
3863
3863
3862
3861
3861
3860
3860
3859
3859
3859
3859
3859
3862
3862
3858
3858
3857
3857
3855
3855
3854
3854
3854
3854
3854
3853
3853
3852
3851
3851
3851
3850
3849
3849
3849
3848
3848
3848
3848
3848
3848
3847
3847
3847
3846
3846
3846
3846
3845
3845
3845
3845
3844
3844
3844
3844
3843
3843
3843
3843
3843
3842
3842
3841
3841
3841
3841
3841
3840
3839
3839
3839
3838
3837
3837
3836
3836
3836
3836
3836
3836
3836
3836
3835
3835
3834
3834
3834
3832
3832
3831
3830
3829
3829
3829
3829
3828
3827
3827
3826
3826
3825
3825
3825
3825
3825
3825
3825
3823
3722
3822
3822
3822
3822
3822
3822
3821
3821
3821
3820
3820
3820
3820
3819
3819
3818
3818
3818
3818
3818
3819
3817
3817
3817
3817
3817
3816
3816
3816
3815
3815
3814
3814
3813
3813
3813
3812
3812
3811
3811
3810
3810
3810
3809
3809
3808
3807
3807
3806
3805
3805
3804
3804
3804
3804
3804
3803
3803
3803
3802
3801
3833
3801
3801
3801
3800
3800
3800
3800
3800
3800
3799
3799
3799
3799
3799
3799
3798
3798
3798
3798
3798
3797
3797
3796
3796
3796
3796
3796
3796
3795
3795
3794
3794
3794
3793
3793
3793
3792
3791
3791
3790
3790
3790
3790
3790
3789
3789
3789
3789
3789
3789
3789
3788
3788
3791
3788
3788
3788
3788
3788
3789
3787
3787
3791
3786
3785
3785
3785
3784
3784
3783
3783
3783
3782
3782
3781
3781
3781
3780
3780
3780
3779
3779
3777
3777
3777
3777
3780
3776
3776
3775
3775
3775
3774
3774
3774
3773
3773
3772
3772
3771
3771
3771
3769
3768
3768
3768
3767
3767
3767
3767
3767
3767
3766
3766
3766
3765
3765
3764
3763
3763
3763
3763
3762
3761
3761
3761
3760
3760
3759
3759
3758
3757
3757
3757
3757
3756
3755
3754
3754
3754
3754
3754
3754
3752
3752
3752
3752
3752
3752
3750
3749
3749
3749
3749
3749
3749
3748
3747
3747
3747
3746
3746
3745
3745
3745
3744
3744
3744
3743
3743
3743
3743
3743
3742
3742
3742
3741
3740
3738
3742
3738
3738
3738
3738
3738
3737
3737
3736
3736
3735
3738
3735
3735
3734
3734
3734
3734
3733
3732
3732
3732
3732
3732
3731
3731
3730
3730
3730
3730
3729
3729
3729
3728
3728
3728
3727
3727
3727
3727
3726
3726
3726
3725
3725
3725
3724
3724
3723
3723
3723
3722
3738
3722
3722
3722
3721
3721
3721
3720
3720
3720
3703
3719
3718
3718
3718
3717
3717
3717
3716
3716
3716
3716
3716
3716
3715
3715
3714
3714
3715
3713
3713
3713
3713
3713
3712
3712
3712
3712
3712
3712
3712
3712
3712
3711
3711
3709
3709
3709
3708
3707
3707
3707
3707
3707
3707
3707
3706
3641
3705
3705
3704
3717
3704
3704
3704
3703
3703
3703
3703
3702
3702
3701
3701
3701
3700
3700
3700
3699
3699
3719
3699
3699
3699
3698
3698
3698
3698
3698
3698
3719
3697
3696
3696
3696
3695
3695
3695
3695
3694
3694
3694
3694
3693
3693
3693
3692
3692
3692
3692
3691
3691
3690
3690
3690
3690
3690
3690
3689
3689
3705
3689
3688
3688
3688
3687
3687
3686
3686
3686
3686
3686
3686
3686
3685
3684
3684
3683
3683
3682
3682
3682
3682
3682
3682
3681
3681
3680
3679
3679
3678
3677
3677
3680
3677
3677
3675
3674
3673
3672
3672
3672
3672
3672
3671
3670
3670
3669
3668
3668
3667
3667
3667
3667
3667
3665
3665
3665
3665
3665
3665
3665
3664
3664
3664
3664
3663
3663
3663
3662
3662
3662
3661
3661
3661
3661
3660
3659
3659
3659
3658
3658
3658
3658
3658
3657
3657
3657
3656
3656
3656
3655
3655
3654
3654
3653
3653
3654
3653
3652
3652
3651
3651
3651
3651
3650
3650
3649
3649
3649
3648
3648
3648
3648
3647
3646
3646
3646
3645
3645
3645
3644
3644
3643
3643
3643
3642
3642
3641
3641
3640
3640
3640
3639
3639
3639
3638
3640
3637
3637
3637
3637
3636
3636
3636
3636
3635
3635
3635
3635
3635
3635
3634
3634
3633
3633
3633
3633
3632
3632
3632
3631
3631
3631
3630
3630
3629
3629
3629
3629
3629
3628
3628
3628
3628
3627
3627
3627
3626
3626
3626
3625
3626
3625
3624
3624
3624
3623
3623
3623
3622
3622
3622
3622
3622
3622
3621
3621
3620
3619
3619
3619
3618
3618
3618
3617
3616
3615
3612
3615
3614
3614
3613
3613
3612
3612
3610
3610
3610
3610
3609
3608
3607
3607
3606
3606
3611
3606
3606
3606
3606
3605
3604
3604
3604
3603
3603
3603
3602
3602
3602
3601
3601
3600
3600
3600
3600
3600
3600
3600
3599
3599
3599
3598
3598
3597
3597
3597
3597
3597
3596
3596
3595
3595
3595
3595
3595
3595
3595
3595
3595
3594
3594
3593
3593
3593
3592
3592
3591
3591
3591
3591
3591
3591
3591
3591
3590
3590
3590
3590
3590
3589
3588
3588
3587
3587
3587
3587
3586
3586
3586
3586
3585
3585
3585
3585
3585
3585
3582
3582
3581
3601
3581
3581
3581
3581
3580
3580
3580
3578
3578
3577
3576
3576
3576
3576
3576
3576
3575
3575
3575
3575
3575
3575
3574
3574
3574
3574
3572
3572
3571
3571
3571
3570
3570
3569
3569
3569
3569
3568
3568
3575
3567
3567
3567
3567
3566
3566
3566
3566
3566
3566
3565
3565
3564
3564
3563
3563
3563
3562
3562
3562
3561
3561
3561
3561
3561
3561
3561
3560
3560
3560
3559
3559
3558
3558
3558
3557
3557
3557
3556
3556
3556
3556
3556
3555
3555
3554
3554
3554
3553
3552
3551
3551
3551
3551
3550
3550
3550
3549
3548
3548
3548
3548
3548
3548
3548
3547
3547
3547
3546
3546
3546
3545
3545
3545
3545
3558
3544
3544
3543
3543
3542
3542
3542
3542
3542
3541
3540
3538
3538
3538
3537
3537
3537
3537
3537
3536
3536
3536
3535
3534
3534
3534
3534
3533
3533
3533
3533
3531
3531
3531
3530
3530
3529
3529
3529
3528
3528
3539
3527
3527
3527
3527
3527
3561
3525
3523
3523
3523
3522
3522
3522
3522
3522
3522
3522
3522
3521
3521
3521
3520
3520
3520
3519
3519
3519
3518
3517
3517
3517
3516
3516
3516
3516
3516
3516
3530
3516
3515
3515
3514
3514
3514
3514
3514
3514
3514
3514
3513
3513
3513
3513
3513
3513
3513
3512
3512
3512
3511
3511
3516
3510
3510
3510
3509
3508
3508
3508
3508
3507
3507
3506
3506
3506
3505
3505
3505
3505
3504
3504
3504
3504
3503
3503
3503
3502
3502
3502
3502
3501
3501
3501
3500
3500
3500
3500
3500
3499
3499
3499
3499
3499
3498
3498
3498
3498
3498
3496
3496
3496
3495
3495
3495
3494
3494
3493
3493
3492
3492
3492
3491
3491
3490
3490
3490
3490
3489
3489
3489
3489
3489
3488
3487
3487
3486
3485
3485
3484
3484
3484
3484
3482
3482
3482
3482
3495
3481
3481
3481
3480
3480
3488
3479
3479
3479
3498
3478
3478
3477
3477
3477
3476
3476
3476
3475
3475
3475
3474
3473
3473
3473
3472
3484
3471
3471
3471
3471
3470
3469
3469
3469
3469
3469
3469
3468
3468
3468
3468
3468
3468
3468
3467
3467
3467
3467
3467
3466
3466
3465
3465
3465
3465
3464
3464
3464
3464
3464
3463
3463
3463
3463
3462
3462
3462
3462
3462
3462
3462
3461
3461
3461
3461
3460
3460
3460
3459
3459
3459
3459
3459
3459
3459
3458
3458
3458
3458
3458
3457
3457
3456
3456
3456
3455
3455
3455
3455
3455
3455
3455
3454
3454
3454
3453
3453
3452
3451
3451
3450
3450
3450
3449
3449
3449
3448
3448
3447
3447
3447
3447
3446
3446
3446
3446
3445
3445
3445
3445
3444
3444
3444
3444
3444
3443
3442
3442
3441
3441
3441
3440
3440
3440
3440
3440
3440
3440
3439
3439
3439
3439
3439
3438
3438
3438
3438
3437
3437
3435
3435
3435
3435
3434
3433
3433
3433
3433
3432
3432
3432
3431
3431
3431
3431
3431
3430
3430
3430
3429
3429
3429
3429
3428
3428
3427
3427
3427
3426
3426
3426
3425
3424
3424
3424
3424
3423
3439
3320
3421
3420
3420
3420
3420
3419
3419
3418
3418
3418
3418
3418
3418
3417
3417
3417
3417
3416
3416
3416
3416
3416
3415
3419
3414
3414
3414
3414
3413
3412
3412
3411
3411
3411
3411
3411
3411
3410
3357
3410
3409
3408
3408
3407
3407
3407
3407
3407
3407
3407
3407
3407
3462
3407
3407
3406
3406
3406
3406
3405
3405
3405
3404
3404
3404
3404
3403
3403
3403
3402
3402
3402
3402
3402
3402
3401
3401
3401
3401
3400
3400
3400
3399
3399
3399
3399
3399
3398
3398
3398
3397
3397
3397
3396
3396
3396
3395
3395
3395
3395
3395
3395
3394
3394
3394
3394
3394
3393
3393
3392
3392
3391
3390
3390
3390
3390
3390
3390
3390
3389
3389
3389
3389
3389
3389
3388
3387
3387
3386
3386
3386
3386
3385
3385
3385
3385
3385
3385
3385
3385
3387
3384
3384
3384
3384
3383
3383
3382
3382
3382
3382
3382
3381
3383
3381
3381
3381
3381
3381
3380
3380
3380
3380
3380
3380
3380
3379
3379
3378
3378
3378
3377
3377
3377
3377
3377
3376
3376
3376
3375
3375
3375
3375
3374
3373
3373
3373
3373
3372
3372
3372
3373
3371
3371
3371
3370
3370
3370
3369
3369
3369
3369
3368
3368
3368
3367
3367
3367
3367
3366
3365
3365
3364
3364
3364
3364
3363
3361
3361
3360
3339
3359
3359
3359
3359
3358
3358
3358
3358
3382
3357
3357
3357
3356
3356
3356
3355
3354
3354
3354
3354
3353
3353
3352
3352
3352
3352
3352
3352
3355
3351
3350
3350
3350
3350
3350
3349
3349
3349
3349
3349
3349
3348
3348
3348
3347
3347
3347
3347
3346
3346
3346
3346
3346
3346
3345
3345
3345
3345
3345
3344
3344
3343
3343
3343
3343
3343
3342
3342
3342
3342
3342
3341
3341
3341
3341
3341
3341
3341
3340
3340
3340
3340
3340
3340
3340
3339
3339
3339
3339
3339
3339
3338
3338
3338
3338
3338
3338
3338
3338
3337
3337
3337
3337
3337
3336
3336
3336
3336
3336
3336
3335
3335
3335
3334
3334
3334
3334
3334
3334
3334
3334
3333
3333
3333
3332
3331
3331
3330
3330
3330
3330
3329
3329
3329
3329
3328
3328
3327
3327
3327
3326
3326
3326
3324
3324
3324
3324
3323
3322
3322
3322
3321
3320
3320
3320
3319
3319
3319
3319
3319
3318
3317
3317
3317
3317
3317
3317
3315
3315
3315
3314
3314
3314
3313
3313
3313
3313
3313
3313
3313
3312
3312
3312
3312
3312
3312
3311
3311
3311
3311
3311
3311
3311
3310
3310
3309
3309
3309
3309
3309
3308
3308
3308
3308
3308
3307
3307
3306
3306
3306
3305
3305
3305
3305
3305
3304
3304
3304
3304
3304
3304
3303
3304
3303
3303
3303
3303
3303
3303
3303
3302
3302
3301
3301
3301
3300
3300
3299
3298
3298
3298
3297
3297
3297
3296
3296
3296
3296
3296
3296
3295
3295
3295
3295
3294
3294
3293
3293
3293
3293
3293
3293
3293
3292
3292
3292
3292
3292
3291
3291
3290
3290
3290
3290
3289
3289
3288
3287
3287
3286
3286
3286
3286
3285
3285
3285
3298
3284
3284
3283
3283
3283
3282
3282
3282
3282
3282
3282
3281
3281
3281
3281
3280
3280
3279
3278
3278
3277
3277
3277
3276
3275
3278
3275
3275
3274
3274
3274
3274
3274
3274
3273
3273
3273
3273
3273
3272
3272
3272
3272
3272
3272
3270
3270
3270
3270
3268
3268
3268
3268
3268
3267
3267
3267
3266
3266
3266
3266
3265
3265
3265
3265
3264
3264
3264
3263
3266
3263
3262
3262
3261
3261
3260
3260
3260
3259
3259
3259
3259
3259
3259
3258
3257
3257
3257
3257
3256
3256
3256
3256
3255
3254
3254
3254
3254
3253
3253
3253
3253
3252
3252
3252
3252
3252
3251
3251
3250
3250
3249
3249
3248
3248
3248
3248
3248
3247
3247
3247
3247
3247
3247
3247
3246
3246
3246
3246
3246
3246
3246
3245
3245
3245
3245
3244
3244
3244
3244
3244
3244
3243
3242
3242
3241
3241
3241
3241
3240
3240
3240
3240
3240
3240
3239
3239
3239
3238
3238
3238
3241
3237
3237
3237
3236
3236
3236
3236
3236
3235
3235
3234
3233
3233
3233
3233
3232
3232
3232
3232
3232
3232
3232
3232
3231
3231
3231
3231
3231
3230
3230
3230
3230
3230
3229
3229
3229
3231
3228
3228
3228
3227
3227
3226
3226
3226
3225
3225
3224
3224
3224
3223
3223
3223
3222
3222
3221
3221
3221
3221
3220
3220
3220
3219
3219
3219
3219
3218
3218
3217
3216
3216
3216
3215
3215
3215
3214
3214
3214
3213
3213
3213
3212
3212
3211
3211
3211
3211
3211
3210
3210
3210
3210
3210
3210
3210
3210
3210
3210
3209
3225
3209
3209
3208
3208
3208
3207
3207
3207
3207
3207
3225
3206
3206
3206
3205
3205
3205
3205
3204
3204
3203
3203
3203
3202
3202
3202
3238
3202
3202
3203
3201
3201
3201
3201
3201
3201
3201
3201
3200
3199
3199
3199
3199
3198
3198
3198
3197
3197
3197
3197
3196
3196
3196
3196
3196
3196
3196
3196
3196
3195
3195
3194
3194
3194
3194
3194
3194
3193
3193
3193
3193
3192
3192
3192
3192
3192
3194
3191
3191
3191
3190
3190
3190
3190
3190
3190
3190
3212
3189
3189
3189
3189
3193
3189
3188
3188
3188
3188
3188
3175
3188
3187
3186
3186
3186
3185
3185
3185
3184
3184
3184
3184
3184
3184
3183
3183
3183
3183
3183
3183
3182
3181
3181
3181
3180
3180
3180
3179
3179
3179
3179
3179
3178
3178
3177
3177
3177
3177
3177
3177
3177
3177
3177
3176
3176
3176
3176
3175
3175
3175
3174
3174
3174
3173
3173
3173
3173
3173
3173
3171
3171
3170
3170
3170
3170
3170
3169
3169
3169
3169
3168
3168
3169
3167
3167
3167
3167
3167
3167
3166
3166
3166
3165
3165
3165
3165
3165
3165
3164
3164
3163
3163
3163
3163
3163
3162
3162
3162
3161
3161
3161
3161
3161
3160
3159
3159
3159
3159
3159
3159
3158
3158
3158
3158
3158
3158
3158
3157
3157
3160
3156
3156
3157
3156
3156
3156
3155
3155
3154
3154
3154
3153
3153
3153
3153
3153
3153
3152
3152
3151
3151
3151
3151
3151
3150
3150
3150
3150
3150
3149
3149
3149
3149
3149
3149
3149
3148
3148
3148
3148
3148
3148
3148
3147
3150
3146
3146
3146
3146
3146
3145
3145
3145
3145
3146
3145
3144
3143
3143
3143
3143
3142
3143
3142
3142
3142
3141
3141
3141
3141
3141
3141
3140
3140
3140
3139
3139
3165
3139
3139
3139
3138
3138
3138
3137
3137
3137
3137
3137
3137
3137
3137
3136
3136
3136
3136
3135
3135
3135
3134
3134
3134
3134
3134
3134
3134
3134
3134
3134
3134
3133
3133
3133
3132
3132
3132
3132
3131
3131
3130
3130
3142
3130
3130
3130
3130
3130
3130
3130
3130
3130
3129
3129
3129
3129
3129
3128
3128
3128
3127
3127
3127
3127
3126
3161
3126
3125
3125
3125
3125
3125
3158
3124
3124
3124
3124
3124
3123
3123
3123
3123
3123
3122
3122
3122
3122
3122
3122
3121
3121
3121
3120
3120
3120
3120
3119
3119
3119
3119
3119
3118
3118
3118
3118
3117
3117
3117
3117
3117
3117
3117
3117
3116
3116
3116
3116
3116
3115
3115
3114
3113
3113
3113
3113
3112
3112
3112
3112
3112
3112
3112
3112
3112
3112
3112
3112
3112
3111
3111
3110
3110
3110
3110
3110
3110
3109
3109
3109
3109
3108
3108
3108
3108
3108
3108
3108
3107
3107
3107
3107
3107
3107
3107
3106
3106
3106
3105
3105
3105
3105
3105
3104
3104
3103
3103
3103
3103
3102
3102
3102
3102
3101
3101
3100
3100
3100
3099
3099
3099
3099
3099
3098
3098
3098
3098
3097
3097
3096
3096
3096
3096
3096
3096
3095
3095
3095
3095
3095
3094
3094
3094
3094
3094
3094
3094
3094
3094
3094
3094
3094
3094
3094
3093
3093
3093
3092
3092
3092
3092
3091
3091
3091
3090
3089
3089
3089
3089
3089
3088
3088
3087
3122
3087
3087
3087
3086
3086
3086
3086
3085
3085
3085
3085
3085
3085
3084
3084
3084
3084
3084
3083
3083
3083
3082
3082
3082
3082
3082
3082
3082
3082
3082
3081
3081
3080
3080
3080
3080
3080
3080
3079
3079
3079
3078
3078
3078
3078
3078
3078
3077
3077
3077
3077
3077
3077
3076
3076
3076
3092
3076
3076
3076
3075
3075
3075
3075
3075
3075
3074
3074
3074
3074
3074
3074
3074
3073
3072
3072
3072
3072
3093
3072
3072
3071
3071
3071
3071
3071
3071
3071
3070
3070
3070
3070
3069
3069
3069
3069
3069
3069
3068
3068
3067
3067
3067
3067
3067
3067
3066
3066
3065
3065
3065
3065
3065
3065
3065
3064
3064
3064
3064
3063
3063
3063
3063
3063
3063
3063
3062
3062
3062
3063
3062
3062
3062
3069
3061
3060
3060
3060
3059
3059
3059
3059
3058
3058
3058
3058
3057
3057
3057
3057
3057
3054
3057
3057
3056
3068
3055
3055
3055
3055
3055
3054
3053
3053
3053
3053
3052
3052
3052
3051
3051
3051
3051
3051
3050
3050
3050
3050
3050
3049
3049
3049
3049
3049
3049
3049
3048
3048
3048
3048
3048
3048
3048
3048
3047
3047
3047
3046
3049
3045
3045
3045
3044
3044
3043
3043
3043
3043
3043
3043
3043
3043
3042
3041
3041
3041
3041
3040
3040
3040
3040
3040
3040
3039
3039
3039
3039
3038
3038
3038
3038
3037
3037
3037
3037
3037
3037
3037
3036
3036
3035
3035
3035
3035
3035
3035
3034
3034
3034
3034
3033
3033
3033
3033
3032
3032
3032
3032
3032
3032
3031
3031
3031
3031
3030
3030
3030
3037
3030
3030
3029
3029
3029
3029
3029
3037
3028
3028
3028
3028
3028
3028
3027
3027
3027
3026
3026
3026
3026
3026
3026
3026
3025
3025
3024
3024
3023
3023
3023
3023
3022
3022
3022
3022
3022
3022
3026
3021
3021
3021
3021
3021
3021
3021
3021
3020
3020
3020
3020
3020
3020
3019
3019
3019
3019
3019
3019
3019
3018
3018
3018
3018
3018
3018
3017
3017
3017
3017
3017
3016
3016
3016
3016
3016
3015
3015
3015
3015
3015
3015
3014
3014
3014
3013
3016
3013
3012
3012
3012
3012
3012
3012
3011
3011
3011
3011
3011
3010
3010
3010
3010
3010
3009
3008
3008
3008
3008
3008
3008
3008
3007
3007
3007
3007
3006
3006
3006
3006
3006
3006
3006
3006
3005
3004
3004
3003
3002
3002
3001
3001
3001
3001
3001
3001
3001
3001
3000
3000
3000
3000
3000
3008
3024
