547638
396319
377549
322008
318770
290173
277711
240075
238496
235508
226004
224209
219500
208378
207889
207277
206262
204593
203399
202762
195049
194851
194590
192625
189611
187780
177764
176915
174958
165976
162511
161043
158296
157973
157233
153201
152600
151121
148681
147816
147188
145652
142198
141775
140350
139125
138207
138099
132299
130632
130621
130535
129864
129675
128791
127575
126555
125955
125605
124937
123087
122502
121410
120481
119475
119440
118496
117545
117506
117338
116737
116131
115562
115433
114601
114256
113831
113525
113352
112548
112510
112489
111854
111764
111652
111138
109329
108724
107817
107422
106844
106448
105924
104791
104701
104635
103579
103574
101973
101509
100694
100045
99900
99745
99653
99493
98453
98438
97878
96558
96524
95839
95777
95398
95019
94362
93891
93558
93104
93082
92877
92205
92137
92008
91850
91494
91232
91115
90752
90510
90103
89368
88786
88596
88543
88248
88102
87913
87452
87410
86679
85848
85674
85408
85379
85352
85334
85246
84362
84037
83706
83615
83555
83402
83209
82808
82587
81754
81313
81307
81273
81188
81175
80538
80324
79708
79657
79179
79143
79048
78904
78822
78785
78675
78577
78485
78336
78123
78094
77751
77535
77534
77492
77462
77417
77416
77202
77157
77015
76585
76572
76195
75354
74825
74678
74401
73836
73350
73009
72611
72465
72368
72261
72151
72077
71859
71818
71324
70953
70881
70607
70115
70109
69978
69805
69648
69545
69495
69438
69060
69033
68698
68677
68566
68530
68498
68462
68398
68178
68169
68125
68073
67976
67967
67924
67507
67216
67145
66582
66353
66312
66169
65899
65782
65742
65157
65119
65043
64959
64780
64778
64713
64585
64436
64357
64117
63708
63409
63367
63168
63056
62717
62379
62152
62060
62021
61883
61793
61720
61627
61625
61477
61167
61099
60922
60848
60832
60812
60693
60628
60338
60329
60213
60051
59984
59911
59861
59596
59587
59480
59416
59412
59345
59288
59245
59207
59082
59013
58966
58908
58858
58823
58752
58578
58459
58111
57648
57567
57516
57453
57279
57121
56993
56713
56709
56707
56641
56628
56439
56436
56320
56284
56282
56172
56126
56119
56004
55754
55657
55648
55488
55404
55262
55254
55237
55230
55201
55168
55125
55015
54921
54849
54847
54841
54838
54783
54727
54456
54200
54025
53965
53936
53797
53784
53728
53664
53516
53184
53049
53022
52985
52681
52575
52440
52341
52062
51998
51935
51884
51838
51779
51509
51500
51260
51192
51159
51147
50801
50794
50608
50474
50243
50229
50200
50194
50182
50158
50096
49996
49912
49870
49747
49649
49635
49595
49447
49393
49308
49284
49171
49174
49146
49126
49123
49043
48999
48975
48935
48875
48872
48811
48719
48559
48555
48377
48317
48196
48179
48112
47999
47898
47850
47799
47749
47732
47727
47438
47384
47352
47349
47218
47200
47100
47097
46927
46832
46790
46731
46678
46673
46670
46640
46558
46530
46453
46349
46336
46282
46273
46212
46128
46118
46074
46037
46003
46001
45996
45856
45839
45778
45710
45655
45445
45445
45416
45393
45342
45262
45259
45230
45181
44982
44977
44915
44906
44876
44860
44844
44694
44627
44424
44414
44362
44330
44166
44091
44087
44084
43958
43943
43910
43893
43754
43735
43670
43643
43556
43491
43462
43390
43296
43121
43091
43063
42981
42936
42926
42832
42663
42548
42379
42332
42330
42227
42169
42155
42023
42009
41970
41938
41853
41759
41729
41726
41649
41552
41456
41441
41429
41400
41395
41386
41260
41252
41251
41166
40945
40943
40925
40685
40679
40620
40604
40592
40583
40546
40484
40475
40376
40313
40135
40134
40103
40077
40038
39974
39961
39950
39928
39925
39909
39908
39847
39820
39793
39675
39641
39617
39553
39400
39392
39385
39376
39331
39211
39066
39053
38974
38886
38839
38813
38813
38806
38789
38773
38737
38658
38630
38600
38507
38497
38494
38488
38410
38332
38329
38311
38157
38126
38104
38086
38051
37850
37831
37756
37661
37639
37484
37440
37409
37390
37382
37378
37246
37224
37214
37184
37141
37136
37133
37086
37063
37060
36999
36932
36911
36896
36892
36854
36823
36797
36740
36674
36638
36632
36575
36565
36464
36463
36462
36462
36453
36375
36354
36263
36260
36254
36228
36224
36170
36145
36085
35981
35886
35871
35658
35629
35445
35438
35411
35403
35381
35376
35335
35293
35057
35032
35017
34997
34938
34932
34903
34864
34806
34779
34770
34727
34695
34693
34682
34648
34633
34611
34595
34594
34586
34520
34383
34359
34235
34208
34203
34192
34175
34170
34149
34132
34132
34121
34101
34024
33993
33932
33928
33926
33875
33785
33690
33671
33648
33640
33635
33599
33588
33566
33431
33375
33333
33323
33298
33279
33256
33256
33255
33177
33163
33149
33116
33108
33087
33065
33044
33039
33026
33002
32942
32827
32790
32767
32742
32728
32722
32717
32675
32674
32666
32624
32620
32588
32558
32535
32527
32519
32501
32424
32424
32422
32385
32367
32362
32340
32288
32276
32263
32241
32234
32210
32189
32171
32166
32149
32134
32107
32076
32041
32034
31981
31955
31947
31940
31936
31906
31883
31841
31813
31808
31762
31760
31733
31684
31665
31593
31500
31432
31427
31397
31389
31353
31337
31260
31229
31202
31202
31174
31085
31063
31024
31017
30949
30924
30897
30863
30859
30844
30843
30838
30806
30795
30788
30779
30700
30671
30662
30583
30534
30533
30475
30463
30446
30445
30438
30417
30387
30380
30384
30374
30278
30212
30207
30197
30188
30181
30167
30096
30079
30074
30067
30067
30031
29996
29924
29894
29886
29789
29738
29732
29720
29663
29662
29623
29613
29586
29524
29505
29432
29417
29415
29411
29382
29381
29373
29365
29331
29322
29286
29256
29261
29235
29203
29176
29144
29078
29059
29040
28973
28967
28924
28918
28867
28856
28841
28785
28783
28762
28732
28729
28691
28671
28609
28607
28590
28576
28496
28464
28463
28457
28394
28390
28389
28385
28379
28361
28333
28323
28308
28265
28233
28218
28136
28129
28110
28108
28101
28084
28032
28029
28009
27987
27975
27954
27950
27931
27929
27913
27896
27866
27837
27820
27788
27771
27718
27710
27700
27670
27668
27664
27647
27635
27612
27608
27557
27544
27517
27498
27477
27471
27411
27395
27384
27320
27290
27271
27237
27230
27231
27212
27211
27194
27166
27147
27106
27102
27090
27085
27082
27079
27067
27033
27027
27023
26993
26974
26963
26956
26948
26935
26928
26905
26900
26893
26874
26872
26868
26853
26852
26806
26785
26780
26776
26759
26749
26742
26706
26701
26674
26659
26615
26603
26572
26536
26506
26502
26487
26447
26423
26422
26417
26415
26406
26396
26369
26344
26340
26311
26300
26291
26278
26250
26245
26221
26210
26203
26182
26182
26164
26163
26142
26129
26097
26092
26079
26062
26053
26042
26037
25999
25985
25889
25889
25882
25874
25861
25850
25834
25820
25789
25785
25784
25776
25773
25753
25729
25728
25711
25673
25642
25638
25635
25624
25621
25620
25594
25590
25589
25556
25538
25519
25519
25505
25495
25467
25443
25440
25424
25420
25404
25379
25378
25326
25309
25292
25290
25277
25269
25265
25258
25242
25231
25183
25170
25141
25129
25073
25071
25068
25047
25022
25008
24991
24972
24958
24955
24936
24926
24894
24893
24879
24877
24858
24808
24782
24758
24746
24746
24734
24722
24721
24693
24667
24633
24614
24606
24598
24531
24526
24516
24498
24495
24493
24488
24479
24457
24447
24445
24437
24432
24428
24421
24421
24391
24390
24363
24359
24354
24345
24326
24309
24295
24291
24288
24287
24280
24271
24269
24252
24151
24138
24138
24134
24124
24117
24108
24102
24081
24046
24035
24028
24024
24024
24011
24000
23960
23892
23879
23855
23849
23827
23820
23802
23802
23798
23782
23775
23752
23733
23718
23715
23707
23703
23692
23667
23653
23632
23624
23622
23593
23588
23583
23575
23544
23530
23522
23512
23511
23510
23492
23489
23460
23410
23402
23400
23399
23371
23365
23353
23340
23284
23262
23242
23241
23238
23225
23203
23194
23166
23157
23148
23145
23132
23146
23114
23113
23076
23043
23039
23038
23005
22983
22974
22960
22949
22946
22938
22928
22905
22903
22897
22897
22865
22862
22804
22785
22785
22771
22754
22741
22726
22722
22720
22719
22714
22714
22701
22698
22658
22645
22618
22603
22593
22518
22506
22501
22468
22455
22428
22424
22408
22405
22398
22388
22378
22325
22321
22317
22310
22300
22292
22287
22283
22269
22242
22220
22214
22201
22196
22226
22183
22178
22161
22149
22145
22138
22131
22114
22109
22090
22077
22072
22071
22065
22064
22053
22040
22038
22026
21991
21965
21944
21890
21889
21886
21860
21825
21820
21818
21804
21804
21799
21777
21772
21769
21763
21762
21737
21726
21725
21718
21718
21716
21700
21695
21683
21669
21660
21656
21650
21622
21619
21612
21604
21603
21602
21599
21580
21525
21523
21504
21493
21488
21476
21475
21466
21454
21445
21438
21438
21416
21405
21386
21348
21334
21324
21316
21298
21270
21259
21253
21251
21239
21233
21222
21212
21202
21194
21209
21160
21158
21152
21148
21132
21130
21125
21116
21114
21104
21103
21102
21090
21068
21063
21063
21056
21054
21050
21049
21043
21028
21028
21019
21012
21005
20996
20992
20982
20973
20962
20957
20951
20932
20924
20916
20890
20883
20872
20865
20860
20831
20804
20797
20781
20758
20751
20740
20731
20731
20726
20726
20681
20672
20658
20653
20650
20648
20639
20627
20609
20589
20583
20568
20576
20559
20547
20541
20538
20525
20505
20479
20471
20461
20451
20443
20432
20413
20411
20395
20372
20354
20339
20327
20325
20324
20321
20308
20300
20295
20280
20278
20271
20267
20248
20238
20237
20217
20156
20141
20139
20111
20111
20106
20106
20100
20100
20093
20091
20086
20085
20082
20060
20057
20053
20034
20030
20024
19996
19993
19980
19978
19970
19940
19936
19935
19921
19919
19899
19897
19893
19881
19872
19845
19814
19812
19810
19806
19804
19802
19782
19775
19773
19746
19718
19711
19705
19683
19677
19676
19666
19658
19655
19653
19653
19630
19623
19620
19612
19610
19608
19608
19590
19580
19570
19557
19556
19555
19553
19532
19525
19510
19510
19502
19483
19463
19462
19459
19451
19431
19423
19402
19400
19399
19360
19334
19326
19320
19319
19318
19304
19303
19288
19286
19250
19242
19237
19236
19181
19180
19170
19152
19125
19118
19105
19077
19059
19053
19049
19047
19031
19022
19011
19011
19010
18997
18983
18973
18949
18928
18927
18916
18912
18910
18906
18883
18879
18879
18874
18858
18854
18839
18839
18839
18835
18830
18829
18827
18814
18813
18804
18802
18799
18792
18789
18782
18763
18755
18732
18719
18711
18698
18693
18691
18686
18683
18676
18647
18643
18639
18614
18604
18596
18614
18616
18591
18585
18575
18568
18566
18565
18553
18551
18548
18537
18515
18499
18488
18486
18484
18455
18449
18448
18447
18431
18424
18422
18415
18414
18387
18383
18381
18372
18369
18365
18364
18361
18360
18358
18356
18355
18391
18347
18341
18335
18335
18336
18324
18322
18315
18311
18302
18282
18278
18274
18292
18267
18263
18263
18261
18250
18232
18225
18218
18200
18198
18193
18188
18175
18173
18172
18164
18163
18162
18156
18152
18151
18132
18123
18121
18121
18115
18104
18099
18092
18086
18085
18070
18068
18059
18056
18047
18045
18030
18028
18010
18005
18004
17996
17988
17992
17982
17981
17978
17977
17972
17971
17968
17964
17962
17929
17925
17921
17896
17898
17874
17869
17862
17824
17814
17747
17776
17771
17761
17756
17743
17736
17725
17712
17710
17693
17691
17676
17663
17661
17652
17647
17644
17641
17640
17621
17617
17582
17567
17557
17533
17531
17518
17518
17517
17510
17502
17487
17486
17485
17473
17467
17454
17449
17424
17416
17404
17400
17396
17390
17380
17379
17367
17354
17353
17341
17335
17324
17314
17312
17310
17308
17296
17295
17291
17273
17268
17248
17246
17246
17234
17231
17204
17203
17198
17193
17193
17185
17184
17173
17159
17156
17154
17151
17149
17143
17143
17142
17142
17139
17132
17115
17095
17072
17070
17054
17046
17017
17013
17011
17008
16996
16988
16984
16984
16981
16979
16975
16975
16969
16953
16950
16928
16927
16927
16910
16910
16910
16906
16904
16900
16885
16882
16875
16856
16853
16846
16838
16829
16816
16809
16792
16783
16759
16734
16733
16731
16721
16703
16696
16696
16683
16682
16682
16681
16678
16669
16666
16642
16640
16633
16617
16615
16604
16602
16585
16583
16583
16580
16556
16546
16539
16516
16499
16463
16461
16461
16456
16453
16456
16439
16436
16428
16428
16422
16397
16369
16364
16359
16348
16345
16343
16331
16322
16313
16311
16295
16295
16294
16288
16288
16290
16279
16277
16272
16272
16269
16252
16251
16272
16246
16241
16240
16240
16231
16229
16220
16216
16212
16208
16204
16181
16176
16172
16167
16159
16159
16150
16149
16149
16143
16137
16136
16132
16110
16108
16105
16104
16104
16102
16100
16093
16091
16080
16079
16079
16074
16066
16066
16060
16042
16037
16036
16033
16009
16008
16003
16001
15994
15992
15970
15962
15945
15938
15936
15936
15924
15908
15905
15896
15885
15868
15861
15859
15853
15850
15853
15825
15819
15819
15819
15815
15803
15800
15794
15783
15776
15774
15772
15772
15762
15741
15738
15732
15732
15731
15728
15724
15722
15720
15718
15716
15706
15704
15699
15697
15690
15682
15658
15656
15649
15643
15639
15630
15628
15627
15621
15620
15616
15615
15603
15600
15595
15586
15584
15584
15583
15583
15582
15581
15580
15580
15568
15569
15546
15542
15530
15528
15515
15505
15504
15500
15498
15493
15492
15484
15444
15442
15436
15433
15431
15424
15422
15410
15410
15405
15403
15403
15401
15400
15394
15389
15381
15380
15364
15359
15356
15355
15351
15349
15347
15333
15331
15323
15322
15317
15301
15296
15295
15287
15284
15270
15266
15263
15255
15249
15245
15244
15240
15226
15225
15225
15225
15209
15206
15198
15197
15189
15188
15177
15176
15175
15171
15162
15161
15156
15151
15130
15128
15113
15110
15107
15104
15104
15085
15084
15084
15082
15077
15069
15062
15061
15054
15023
15015
15014
15009
14995
14977
14970
14959
14958
14957
14951
14944
14936
14915
14907
14905
14897
14895
14894
14885
14880
14875
14850
14848
14831
14826
14826
14824
14823
14819
14814
14808
14808
14796
14792
14804
14788
14785
14785
14784
14784
14781
14776
14776
14797
14774
14769
14768
14767
14764
14763
14759
14752
14749
14748
14746
14731
14727
14723
14719
14719
14718
14702
14701
14687
14681
14676
14664
14662
14653
14650
14648
14642
14641
14638
14631
14629
14624
14623
14615
14614
14609
14603
14588
14585
14573
14566
14565
14559
14551
14545
14543
14537
14529
14528
14526
14517
14515
14515
14513
14508
14501
14494
14490
14485
14485
14483
14481
14489
14479
14471
14466
14465
14466
14456
14453
14450
14445
14443
14441
14413
14411
14410
14403
14398
14394
14383
14381
14357
14353
14346
14344
14340
14337
14333
14330
14327
14322
14314
14309
14302
14284
14281
14271
14265
14262
14250
14250
14240
14240
14238
14229
14219
14213
14207
14205
14205
14205
14203
14195
14182
14175
14171
14162
14161
14160
14156
14155
14153
14147
14144
14142
14141
14136
14134
14130
14128
14127
14125
14124
14118
14097
14097
14096
14087
14079
14078
14072
14072
14068
14068
14044
14036
14017
14014
14012
14005
13998
13993
13989
13991
13978
13953
13951
13947
13946
13946
13944
13940
13939
13935
13929
13926
13925
13918
13915
13914
13910
13898
13896
13895
13889
13879
13875
13867
13866
13853
13847
13846
13846
13840
13839
13838
13829
13822
13816
13816
13815
13813
13810
13787
13786
13784
13783
13768
13760
13757
13752
13749
13747
13741
13737
13734
13723
13720
13719
13716
13715
13711
13698
13696
13688
13684
13679
13669
13669
13665
13665
13664
13662
13640
13635
13629
13627
13620
13619
13609
13607
13605
13604
13604
13592
13586
13586
13584
13583
13574
13572
13572
13571
13567
13556
13554
13553
13553
13550
13550
13545
13543
13536
13536
13534
13530
13524
13524
13508
13504
13502
13500
13486
13489
13483
13474
13465
13458
13458
13451
13451
13446
13445
13439
13437
13434
13430
13419
13411
13409
13407
13401
13397
13395
13394
13392
13381
13381
13374
13367
13366
13360
13358
13357
13351
13350
13345
13344
13334
13321
13320
13311
13310
13309
13303
13299
13293
13291
13289
13279
13276
13271
13269
13268
13268
13266
13266
13259
13252
13247
13247
13242
13241
13239
13239
13235
13230
13227
13225
13219
13213
13212
13216
13210
13209
13203
13199
13189
13188
13178
13180
13174
13164
13161
13155
13139
13138
13135
13126
13121
13119
13117
13108
13106
13102
13100
13098
13093
13092
13096
13080
13080
13067
13060
13055
13050
13050
13046
13042
13037
13035
13032
13023
13021
13018
13016
13007
13002
12995
12994
12983
12975
12971
12970
12963
12961
12960
12958
12947
12945
12940
12939
12929
12929
12919
12917
12914
12904
12900
12889
12896
12885
12879
12877
12875
12872
12870
12867
12861
12850
12856
12832
12832
12831
12831
12829
12828
12827
12827
12824
12820
12817
12816
12814
12811
12810
12843
12804
12785
12777
12773
12767
12763
12759
12759
12756
12750
12741
12734
12733
12720
12719
12716
12712
12705
12702
12701
12697
12687
12677
12676
12670
12663
12663
12659
12654
12650
12646
12642
12640
12639
12635
12634
12629
12625
12623
12622
12617
12617
12615
12614
12610
12606
12599
12598
12596
12589
12588
12586
12586
12585
12583
12580
12578
12575
12572
12560
12556
12553
12549
12549
12544
12538
12559
12535
12533
12524
12520
12526
12515
12509
12500
12490
12487
12485
12477
12473
12473
12472
12471
12459
12457
12450
12448
12442
12442
12439
12438
12430
12428
12422
12422
12416
12412
12410
12410
12409
12409
12408
12406
12405
12404
12403
12401
12396
12396
12393
12393
12390
12385
12383
12379
12378
12374
12365
12364
12359
12355
12347
12339
12339
12334
12334
12333
12327
12322
12313
12298
12292
12291
12290
12286
12291
12274
12268
12266
12265
12262
12257
12248
12243
12239
12231
12228
12227
12213
12211
12208
12205
12194
12193
12190
12188
12185
12182
12176
12168
12166
12166
12166
12158
12153
12151
12146
12130
12122
12119
12117
12109
12098
12096
12094
12091
12091
12088
12085
12082
12068
12068
12067
12064
12061
12059
12057
12053
12049
12046
12045
12040
12037
12037
12026
12024
12021
12015
12010
12009
12009
12008
12005
11999
11996
11993
11990
11985
11980
11979
11979
11978
11978
11975
11974
11973
11973
11968
11967
11967
11940
11939
11936
11922
11922
11912
11911
11902
11902
11899
11895
11876
11869
11856
11856
11854
11854
11852
11842
11840
11839
11836
11836
11828
11826
11824
11814
11810
11809
11802
11801
11798
11797
11796
11794
11793
11787
11785
11785
11783
11773
11771
11769
11757
11752
11744
11743
11741
11741
11739
11739
11737
11733
11725
11725
11725
11722
11719
11719
11716
11710
11707
11704
11703
11702
11702
11700
11699
11695
11694
11692
11691
11683
11680
11680
11678
11678
11677
11677
11675
11673
11669
11669
11674
11666
11662
11660
11656
11656
11653
11647
11647
11643
11633
11633
11632
11624
11621
11613
11610
11606
11605
11602
11599
11588
11587
11583
11571
11562
11559
11555
11554
11551
11550
11548
11547
11545
11543
11542
11542
11540
11537
11534
11533
11532
11528
11523
11521
11521
11516
11516
11511
11511
11510
11508
11506
11499
11498
11498
11497
11497
11495
11495
11480
11478
11477
11475
11468
11467
11464
11463
11462
11460
11460
11459
11458
11455
11454
11454
11452
11449
11448
11447
11446
11445
11445
11445
11445
11441
11436
11431
11431
11428
11426
11419
11410
11408
11408
11406
11405
11396
11396
11393
11392
11377
11375
11378
11373
11376
11362
11361
11350
11348
11342
11341
11339
11339
11337
11337
11328
11318
11316
11313
11316
11307
11305
11305
11297
11290
11288
11287
11283
11282
11268
11267
11255
11255
11252
11250
11247
11245
11245
11244
11240
11235
11234
11231
11228
11227
11226
11224
11222
11220
11211
11196
11195
11194
11192
11187
11181
11177
11171
11168
11168
11167
11167
11165
11164
11160
11159
11157
11154
11154
11153
11149
11143
11138
11134
11130
11130
11129
11127
11123
11121
11119
11116
11115
11113
11111
11110
11106
11106
11104
11101
11100
11094
11092
11091
11095
11086
11077
11076
11069
11064
11060
11060
11058
11053
11040
11039
11033
11032
11028
11023
11020
11020
11020
11011
11011
10998
10997
10995
10995
10987
10979
10977
10973
10970
10968
10965
10965
10958
10953
10953
10950
10950
10948
10941
10938
10937
10930
10924
10924
10923
10904
10899
10898
10895
10893
10893
10892
10884
10883
10880
10873
10872
10872
10872
10858
10856
10850
10845
10844
10840
10839
10838
10837
10835
10835
10833
10828
10822
10812
10811
10808
10802
10799
10795
10793
10792
10791
10791
10783
10777
10774
10772
10764
10761
10761
10760
10758
10758
10757
10755
10755
10754
10754
10747
10744
10738
10738
10737
10734
10732
10729
10725
10725
10727
10706
10704
10703
10694
10690
10684
10683
10676
10668
10659
10658
10652
10651
10648
10647
10643
10641
10638
10636
10636
10628
10622
10616
10614
10611
10607
10606
10601
10594
10584
10584
10583
10577
10571
10565
10561
10551
10548
10544
10542
10532
10529
10528
10528
10526
10523
10520
10516
10514
10510
10509
10504
10503
10502
10497
10495
10492
10490
10486
10485
10484
10479
10476
10476
10473
10466
10463
10460
10457
10455
10453
10451
10450
10448
10446
10446
10445
10443
10438
10437
10433
10433
10430
10421
10417
10409
10404
10404
10401
10399
10396
10394
10392
10391
10390
10390
10389
10389
10387
10383
10381
10379
10376
10375
10373
10365
10363
10362
10355
10353
10352
10352
10347
10347
10341
10340
10335
10335
10333
10333
10331
10328
10327
10326
10321
10320
10319
10319
10316
10315
10313
10305
10302
10301
10295
10291
10291
10289
10286
10279
10279
10276
10275
10274
10271
10270
10266
10265
10265
10263
10262
10262
10260
10260
10258
10255
10255
10254
10253
10244
10243
10242
10239
10235
10232
10231
10228
10223
10214
10214
10212
10208
10206
10199
10199
10191
10190
10188
10184
10180
10179
10178
10174
10171
10169
10167
10166
10165
10163
10163
10142
10135
10127
10127
10123
10119
10111
10108
10107
10104
10103
10095
10095
10093
10089
10088
10080
10080
10076
10075
10075
10074
10073
10068
10065
10062
10062
10061
10053
10051
10049
10048
10048
10038
10035
10035
10022
10021
10018
10014
10013
10011
10003
10001
9998
9996
9991
9982
9977
9976
9973
9969
9967
9966
9965
9964
9959
9959
9959
9958
9955
9947
9947
9942
9942
9940
9939
9937
9936
9935
9935
9934
9934
9932
9930
9923
9918
9916
9914
9913
9911
9902
9900
9894
9894
9892
9891
9891
9888
9886
9886
9883
9883
9881
9876
9872
9871
9865
9854
9850
9846
9845
9845
9839
9833
9830
9830
9830
9828
9825
9824
9824
9818
9810
9810
9829
9806
9804
9802
9797
9793
9793
9792
9792
9791
9789
9783
9783
9777
9772
9770
9770
9769
9768
9766
9766
9765
9764
9763
9762
9760
9758
9754
9752
9752
9749
9748
9746
9746
9741
9741
9740
9740
9739
9735
9735
9734
9734
9732
9730
9729
9727
9727
9724
9718
9713
9712
9709
9708
9706
9705
9699
9697
9693
9690
9685
9683
9679
9676
9676
9671
9665
9662
9659
9657
9650
9647
9640
9639
9638
9628
9627
9627
9618
9616
9614
9609
9604
9604
9603
9598
9598
9597
9595
9594
9593
9592
9586
9568
9567
9566
9562
9562
9560
9556
9548
9546
9545
9543
9541
9539
9533
9530
9530
9527
9527
9526
9523
9519
9512
9506
9503
9503
9498
9495
9491
9489
9484
9482
9480
9480
9474
9467
9467
9466
9460
9456
9454
9454
9453
9452
9450
9450
9449
9447
9446
9440
9436
9434
9426
9425
9425
9425
9422
9420
9414
9413
9412
9411
9407
9402
9395
9392
9391
9390
9388
9387
9386
9385
9375
9374
9370
9367
9367
9360
9359
9359
9357
9351
9348
9346
9342
9336
9332
9332
9329
9328
9322
9321
9315
9311
9310
9309
9307
9301
9300
9299
9298
9296
9294
9293
9293
9292
9290
9290
9290
9286
9283
9281
9278
9278
9276
9274
9274
9270
9269
9269
9278
9260
9258
9256
9254
9251
9251
9249
9248
9246
9243
9243
9239
9238
9236
9234
9231
9223
9213
9211
9209
9207
9205
9205
9203
9200
9197
9196
9196
9195
9195
9193
9191
9190
9188
9187
9187
9185
9182
9174
9169
9179
9164
9162
9162
9159
9156
9156
9155
9153
9149
9148
9148
9147
9144
9144
9142
9135
9133
9128
9125
9123
9123
9121
9120
9120
9115
9112
9112
9111
9110
9109
9108
9104
9102
9101
9100
9099
9097
9095
9095
9092
9092
9092
9090
9090
9090
9088
9088
9087
9087
9086
9084
9081
9078
9077
9077
9077
9076
9075
9073
9066
9065
9057
9056
9056
9056
9054
9051
9048
9043
9042
9041
9039
9038
9038
9033
9033
9030
9028
9021
9018
9018
9015
9013
9009
9006
9001
8997
8995
8995
8995
8995
8992
8992
8991
8984
8979
8975
8975
8973
8966
8965
8964
8962
8960
8959
8956
8950
8949
8942
8941
8940
8937
8935
8932
8932
8931
8931
8928
8926
8925
8925
8924
8923
8921
8918
8912
8909
8909
8907
8904
8902
8893
8891
8890
8889
8887
8885
8884
8880
8877
8876
8875
8873
8872
8871
8869
8868
8864
8863
8863
8861
8861
8858
8858
8857
8855
8855
8854
8853
8851
8849
8848
8853
8841
8838
8837
8837
8836
8833
8832
8832
8831
8829
8828
8828
8827
8826
8826
8826
8825
8822
8822
8819
8817
8816
8814
8807
8804
8803
8801
8801
8798
8794
8791
8791
8789
8788
8787
8784
8781
8780
8777
8773
8765
8765
8763
8761
8761
8760
8759
8757
8754
8758
8748
8743
8743
8737
8735
8735
8735
8733
8733
8728
8728
8720
8720
8719
8711
8710
8707
8713
8703
8703
8702
8699
8698
8697
8691
8686
8684
8684
8680
8675
8674
8674
8670
8667
8666
8665
8663
8659
8655
8654
8653
8652
8651
8646
8640
8639
8638
8637
8636
8635
8635
8634
8631
8630
8627
8620
8616
8616
8615
8614
8614
8613
8613
8605
8605
8602
8602
8601
8600
8593
8592
8590
8588
8588
8584
8580
8576
8573
8572
8569
8569
8568
8566
8566
8560
8558
8558
8555
8555
8553
8553
8552
8550
8557
8541
8539
8539
8539
8537
8537
8536
8533
8533
8533
8530
8528
8527
8519
8519
8518
8516
8516
8515
8513
8512
8506
8503
8501
8497
8497
8494
8491
8490
8485
8484
8482
8481
8475
8475
8469
8469
8468
8465
8464
8463
8461
8461
8461
8459
8458
8457
8450
8448
8444
8447
8441
8441
8438
8433
8433
8431
8429
8426
8426
8425
8422
8421
8421
8419
8416
8412
8410
8408
8402
8402
8400
8399
8397
8395
8394
8394
8393
8390
8390
8384
8383
8382
8379
8371
8370
8369
8368
8368
8368
8365
8360
8360
8355
8352
8352
8351
8338
8338
8336
8336
8336
8334
8332
8331
8331
8333
8330
8329
8328
8328
8327
8327
8327
8326
8324
8323
8323
8323
8320
8316
8315
8314
8314
8311
8310
8308
8307
8304
8298
8294
8293
8297
8291
8291
8290
8290
8282
8282
8279
8276
8275
8272
8271
8284
8268
8267
8263
8262
8262
8261
8260
8259
8253
8251
8248
8246
8245
8244
8243
8240
8240
8237
8236
8230
8229
8228
8219
8218
8217
8210
8210
8209
8207
8205
8204
8204
8203
8200
8199
8198
8193
8191
8191
8191
8186
8186
8184
8184
8180
8180
8174
8174
8167
8166
8166
8164
8163
8163
8161
8159
8159
8158
8155
8154
8150
8150
8150
8150
8146
8143
8142
8142
8139
8136
8134
8143
8130
8126
8126
8126
8124
8120
8114
8109
8105
8104
8097
8097
8096
8095
8095
8094
8094
8093
8093
8092
8091
8090
8089
8088
8087
8085
8083
8077
8076
8075
8073
8073
8071
8070
8070
8068
8067
8066
8066
8063
8062
8062
8059
8058
8057
8057
8056
8055
8054
8051
8048
8045
8040
8039
8038
8038
8037
8034
8033
8028
8028
8028
8027
8026
8025
8022
8022
8022
8020
8015
8014
8014
8010
8007
8004
8000
8000
7999
7998
7996
7994
7993
7987
7987
7982
7977
7975
7973
7972
7972
7971
7969
7967
7963
7962
7961
7960
7960
7953
7953
7953
7952
7952
7952
7952
7951
7949
7948
7945
7945
7942
7940
7938
7934
7933
7930
7930
7928
7925
7924
7923
7922
7920
7920
7918
7916
7916
7916
7915
7914
7907
7904
7902
7901
7900
7896
7894
7890
7887
7886
7884
7881
7881
7879
7877
7876
7876
7873
7872
7870
7869
7876
7868
7865
7865
7864
7862
7861
7860
7860
7860
7859
7856
7854
7851
7850
7850
7839
7836
7833
7831
7828
7827
7826
7825
7823
7820
7819
7817
7815
7815
7815
7813
7812
7811
7810
7809
7806
7804
7803
7799
7799
7798
7796
7794
7788
7783
7783
7782
7781
7779
7775
7774
7774
7772
7769
7769
7769
7766
7764
7761
7761
7762
7758
7755
7754
7753
7748
7746
7745
7745
7741
7741
7740
7731
7730
7730
7729
7727
7726
7723
7716
7715
7713
7713
7712
7711
7710
7710
7726
7701
7700
7697
7696
7694
7694
7692
7691
7688
7688
7686
7685
7681
7680
7678
7671
7669
7667
7664
7663
7662
7662
7661
7660
7659
7659
7659
7658
7655
7650
7649
7646
7646
7644
7632
7630
7627
7627
7625
7623
7621
7620
7619
7611
7611
7608
7607
7604
7603
7602
7601
7601
7600
7608
7594
7592
7590
7586
7583
7581
7579
7578
7574
7572
7570
7568
7567
7566
7562
7561
7558
7558
7555
7552
7549
7548
7548
7546
7545
7544
7541
7539
7538
7537
7531
7529
7529
7529
7526
7525
7524
7523
7523
7523
7523
7522
7519
7515
7515
7515
7513
7512
7512
7511
7511
7511
7507
7506
7501
7500
7498
7497
7497
7495
7494
7493
7493
7493
7492
7492
7490
7487
7486
7485
7482
7482
7481
7479
7478
7477
7476
7473
7472
7467
7467
7464
7463
7460
7458
7458
7455
7449
7449
7449
7448
7446
7445
7445
7444
7442
7440
7435
7431
7431
7431
7430
7430
7426
7425
7414
7413
7411
7410
7409
7408
7408
7407
7400
7399
7399
7396
7394
7394
7393
7390
7389
7389
7386
7386
7386
7385
7385
7383
7382
7380
7379
7373
7372
7371
7370
7370
7370
7369
7365
7363
7354
7365
7353
7353
7351
7350
7348
7347
7345
7344
7340
7339
7332
7331
7328
7326
7323
7320
7318
7318
7317
7317
7314
7314
7313
7313
7312
7311
7311
7309
7308
7304
7303
7303
7303
7302
7301
7299
7293
7293
7292
7292
7290
7288
7277
7277
7277
7275
7273
7272
7272
7269
7267
7266
7266
7262
7260
7259
7255
7253
7252
7249
7248
7246
7246
7243
7243
7236
7233
7233
7231
7229
7229
7228
7228
7227
7227
7226
7225
7224
7223
7222
7222
7220
7218
7218
7217
7214
7212
7210
7209
7203
7202
7200
7196
7194
7193
7192
7192
7191
7190
7189
7185
7184
7181
7181
7180
7179
7178
7176
7174
7170
7170
7170
7168
7168
7164
7163
7161
7159
7159
7158
7158
7157
7161
7154
7150
7150
7149
7148
7146
7145
7145
7143
7141
7140
7140
7136
7135
7134
7130
7129
7127
7126
7125
7125
7123
7123
7122
7120
7119
7116
7116
7113
7113
7113
7113
7112
7111
7111
7110
7110
7109
7109
7109
7103
7102
7100
7099
7099
7098
7098
7096
7095
7094
7092
7082
7079
7079
7078
7078
7077
7076
7074
7074
7072
7070
7069
7069
7069
7067
7065
7063
7060
7060
7059
7059
7059
7058
7057
7057
7054
7053
7052
7052
7051
7050
7050
7050
7049
7048
7043
7042
7042
7041
7038
7034
7034
7033
7031
7031
7030
7027
7026
7024
7024
7022
7018
7018
7017
7017
7017
7014
7013
7012
7012
7010
7008
7008
7008
7007
7003
7003
7003
6996
6994
6994
6994
6990
6989
6985
6984
6984
6981
6978
6977
6975
6974
6973
6973
6971
6970
6969
6969
6969
6968
6965
6964
6960
6960
6959
6958
6956
6955
6954
6952
6950
6949
6949
6947
6947
6945
6942
6942
6951
6940
6939
6939
6936
6935
6934
6932
6931
6931
6928
6927
6926
6926
6925
6925
6921
6920
6917
6913
6912
6912
6911
6906
6906
6905
6903
6903
6902
6901
6899
6898
6896
6894
6888
6887
6885
6881
6881
6879
6879
6877
6877
6875
6873
6871
6871
6870
6868
6868
6867
6865
6860
6854
6853
6851
6851
6849
6849
6849
6849
6847
6847
6847
6846
6845
6842
6841
6843
6840
6838
6837
6835
6834
6834
6833
6831
6828
6827
6825
6823
6823
6822
6818
6817
6815
6814
6812
6811
6811
6811
6808
6808
6806
6806
6803
6803
6803
6800
6800
6798
6798
6797
6797
6797
6796
6795
6792
6790
6789
6787
6795
6785
6783
6781
6778
6778
6778
6777
6785
6777
6777
6776
6776
6776
6774
6771
6771
6770
6769
6768
6766
6764
6764
6764
6762
6762
6759
6754
6752
6751
6751
6751
6750
6750
6750
6749
6743
6742
6740
6740
6739
6738
6738
6738
6735
6734
6734
6733
6733
6729
6728
6726
6726
6726
6723
6723
6723
6723
6723
6722
6722
6720
6719
6717
6715
6710
6709
6705
6704
6701
6700
6695
6695
6694
6694
6694
6693
6693
6693
6692
6690
6688
6686
6685
6684
6680
6679
6677
6675
6675
6674
6673
6673
6671
6670
6669
6667
6667
6664
6663
6662
6662
6661
6660
6658
6657
6657
6657
6657
6655
6654
6654
6653
6652
6649
6648
6645
6643
6643
6642
6642
6640
6640
6637
6636
6635
6634
6633
6633
6633
6633
6631
6628
6626
6623
6621
6620
6619
6619
6619
6617
6616
6615
6614
6613
6613
6611
6611
6610
6608
6608
6606
6604
6604
6601
6601
6601
6599
6599
6597
6596
6596
6595
6593
6593
6592
6591
6590
6589
6589
6589
6588
6587
6587
6586
6586
6585
6585
6584
6581
6580
6579
6575
6574
6573
6570
6568
6567
6565
6565
6561
6558
6557
6556
6554
6552
6552
6552
6550
6550
6549
6549
6548
6537
6537
6537
6534
6533
6533
6532
6530
6524
6522
6522
6519
6518
6518
6518
6517
6513
6513
6512
6512
6512
6511
6510
6509
6509
6507
6506
6505
6504
6504
6504
6503
6503
6503
6502
6502
6501
6501
6500
6500
6499
6499
6498
6496
6496
6495
6495
6494
6492
6491
6491
6491
6490
6488
6488
6487
6486
6483
6481
6480
6478
6478
6478
6477
6476
6476
6474
6472
6470
6468
6468
6467
6467
6466
6462
6461
6461
6461
6458
6458
6458
6457
6457
6456
6448
6447
6446
6445
6443
6442
6444
6441
6441
6440
6438
6438
6437
6435
6429
6428
6425
6425
6425
6423
6418
6417
6415
6414
6413
6412
6411
6409
6409
6408
6406
6403
6402
6402
6401
6401
6400
6400
6399
6398
6398
6396
6396
6390
6390
6389
6388
6387
6386
6384
6384
6380
6380
6380
6379
6378
6374
6374
6373
6373
6373
6373
6371
6370
6370
6370
6370
6369
6368
6368
6366
6364
6363
6363
6363
6358
6358
6363
6356
6355
6355
6355
6353
6353
6352
6351
6350
6349
6348
6344
6343
6341
6340
6340
6340
6339
6337
6337
6356
6330
6328
6328
6326
6319
6318
6317
6315
6315
6315
6314
6314
6313
6313
6312
6311
6310
6309
6307
6307
6306
6306
6305
6304
6303
6303
6302
6301
6300
6299
6299
6298
6298
6296
6294
6291
6290
6289
6287
6296
6285
6284
6283
6283
6282
6281
6280
6280
6280
6278
6277
6276
6274
6273
6271
6271
6270
6268
6267
6267
6266
6266
6265
6265
6265
6265
6263
6263
6258
6254
6254
6253
6253
6252
6252
6251
6248
6247
6246
6243
6239
6236
6236
6235
6235
6234
6234
6234
6232
6230
6229
6228
6224
6219
6217
6216
6216
6214
6214
6214
6214
6214
6212
6211
6209
6209
6209
6208
6207
6203
6209
6201
6200
6199
6198
6198
6198
6198
6196
6196
6194
6193
6192
6192
6188
6186
6182
6182
6181
6181
6180
6179
6179
6178
6178
6177
6175
6174
6172
6171
6171
6171
6171
6170
6170
6169
6168
6167
6166
6165
6163
6161
6161
6160
6158
6158
6158
6157
6155
6155
6151
6151
6149
6149
6146
6145
6145
6145
6145
6144
6142
6140
6138
6137
6135
6133
6133
6132
6131
6130
6130
6129
6129
6125
6125
6125
6138
6124
6124
6123
6121
6120
6117
6117
6117
6116
6116
6112
6111
6110
6109
6108
6108
6107
6106
6101
6098
6098
6097
6097
6097
6096
6094
6094
6093
6092
6092
6091
6091
6090
6086
6086
6086
6083
6082
6081
6080
6080
6080
6078
6078
6077
6077
6075
6075
6075
6073
6073
6072
6072
6071
6070
6069
6068
6068
6067
6063
6062
6062
6060
6059
6059
6058
6058
6056
6055
6055
6054
6054
6053
6050
6050
6050
6048
6048
6047
6047
6045
6045
6045
6044
6044
6041
6041
6041
6040
6038
6038
6034
6033
6033
6031
6030
6029
6029
6028
6027
6027
6026
6026
6025
6021
6021
6019
6017
6016
6013
6012
6011
6011
6011
6011
6011
6010
6009
6009
6008
6006
6005
6005
6004
6004
6003
6002
6001
6000
6000
5998
5997
5997
5996
5995
5989
5987
5987
5985
5985
5985
5985
5985
5983
5979
5979
5979
5978
5978
5976
5974
5973
5970
5969
5969
5968
5967
5966
5964
5964
5963
5961
5958
5958
5958
5958
5957
5955
5955
5954
5954
5953
5952
5952
5951
5950
5950
5949
5949
5948
5948
5948
5950
5945
5944
5942
5942
5942
5937
5936
5935
5933
5933
5933
5929
5926
5926
5926
5925
5924
5923
5922
5922
5922
5922
5921
5920
5920
5919
5918
5918
5918
5915
5913
5912
5911
5911
5911
5910
5909
5907
5907
5906
5905
5905
5904
5905
5904
5903
5902
5900
5899
5898
5897
5897
5897
5896
5896
5896
5894
5892
5890
5889
5888
5888
5892
5886
5885
5884
5884
5882
5881
5879
5879
5877
5877
5876
5875
5874
5873
5871
5869
5869
5868
5868
5865
5865
5864
5864
5862
5862
5859
5858
5858
5856
5854
5853
5853
5852
5852
5850
5848
5848
5847
5846
5846
5845
5845
5844
5843
5843
5843
5840
5840
5839
5838
5838
5836
5834
5834
5833
5833
5832
5827
5826
5823
5822
5822
5820
5819
5818
5817
5815
5813
5812
5812
5812
5810
5808
5808
5807
5807
5807
5805
5804
5803
5803
5801
5799
5799
5797
5797
5797
5796
5795
5795
5794
5793
5793
5792
5790
5786
5785
5784
5784
5783
5781
5781
5780
5779
5778
5778
5777
5777
5777
5776
5776
5776
5775
5774
5774
5772
5768
5768
5767
5767
5766
5765
5765
5765
5764
5762
5761
5760
5760
5770
5759
5758
5757
5757
5756
5755
5754
5754
5753
5753
5749
5747
5746
5744
5743
5743
5742
5742
5738
5738
5735
5734
5733
5732
5732
5731
5730
5728
5726
5725
5724
5723
5723
5723
5722
5721
5720
5719
5718
5715
5715
5714
5714
5714
5714
5713
5711
5711
5711
5710
5709
5709
5709
5708
5708
5707
5707
5707
5705
5705
5704
5702
5702
5702
5701
5700
5700
5700
5699
5699
5698
5698
5695
5698
5693
5692
5692
5691
5691
5690
5689
5689
5689
5688
5687
5687
5686
5685
5685
5678
5678
5677
5676
5674
5673
5671
5671
5671
5670
5668
5668
5667
5666
5666
5665
5664
5662
5659
5658
5658
5656
5656
5655
5655
5654
5653
5652
5650
5648
5647
5646
5646
5645
5644
5642
5640
5640
5638
5638
5637
5636
5635
5635
5635
5635
5634
5634
5633
5631
5631
5630
5629
5628
5628
5626
5625
5625
5621
5619
5618
5617
5616
5616
5611
5611
5609
5609
5608
5605
5599
5598
5596
5595
5595
5595
5595
5592
5592
5592
5592
5592
5591
5591
5590
5590
5589
5588
5587
5586
5585
5584
5584
5584
5583
5583
5583
5582
5581
5580
5579
5577
5575
5570
5570
5569
5568
5568
5567
5567
5567
5566
5566
5565
5565
5564
5563
5562
5561
5560
5558
5557
5557
5557
5554
5553
5553
5552
5551
5551
5549
5549
5548
5548
5546
5545
5543
5543
5543
5542
5541
5541
5543
5539
5538
5538
5537
5536
5533
5533
5532
5532
5531
5530
5529
5529
5529
5528
5528
5527
5526
5525
5525
5522
5522
5521
5518
5517
5516
5515
5514
5514
5513
5513
5511
5510
5510
5510
5509
5507
5506
5505
5505
5505
5505
5504
5503
5503
5502
5502
5501
5501
5500
5500
5500
5498
5497
5496
5496
5496
5495
5493
5491
5490
5489
5488
5487
5486
5484
5482
5481
5480
5479
5477
5476
5476
5475
5474
5474
5470
5467
5467
5467
5466
5466
5464
5461
5461
5461
5460
5460
5460
5460
5458
5457
5457
5455
5455
5455
5453
5453
5453
5452
5452
5452
5450
5448
5447
5446
5445
5445
5444
5443
5443
5440
5440
5439
5439
5439
5438
5438
5437
5437
5436
5435
5434
5433
5432
5432
5432
5432
5431
5430
5430
5430
5429
5427
5427
5425
5423
5422
5420
5419
5419
5419
5418
5417
5417
5417
5416
5416
5416
5415
5414
5414
5413
5411
5411
5411
5411
5410
5410
5409
5409
5409
5409
5408
5408
5406
5405
5405
5405
5403
5403
5401
5397
5395
5394
5394
5394
5393
5390
5390
5389
5389
5389
5388
5388
5388
5388
5386
5385
5385
5385
5385
5384
5382
5381
5380
5379
5379
5377
5376
5375
5375
5372
5371
5371
5371
5368
5367
5367
5366
5365
5365
5364
5364
5363
5363
5362
5361
5360
5359
5359
5359
5358
5358
5357
5355
5352
5351
5351
5349
5357
5346
5344
5343
5343
5342
5342
5341
5339
5339
5339
5338
5337
5335
5335
5335
5334
5333
5331
5340
5324
5332
5323
5322
5322
5321
5320
5320
5318
5317
5315
5314
5314
5313
5312
5312
5310
5309
5307
5306
5305
5305
5305
5305
5305
5305
5305
5303
5302
5302
5301
5301
5301
5300
5300
5299
5297
5296
5295
5295
5295
5294
5293
5291
5290
5290
5290
5289
5287
5287
5287
5285
5284
5283
5283
5280
5279
5278
5278
5278
5277
5277
5274
5274
5274
5274
5274
5273
5272
5272
5269
5268
5267
5267
5267
5265
5264
5264
5263
5263
5262
5262
5262
5261
5260
5260
5260
5259
5259
5258
5257
5257
5257
5256
5255
5252
5252
5251
5250
5248
5246
5246
5245
5242
5242
5240
5240
5240
5239
5237
5236
5236
5236
5236
5234
5233
5232
5230
5229
5229
5229
5228
5228
5227
5227
5227
5225
5224
5224
5222
5222
5112
5221
5221
5221
5221
5221
5220
5219
5217
5216
5216
5215
5215
5212
5211
5210
5210
5209
5209
5209
5207
5207
5206
5205
5205
5202
5201
5201
5200
5199
5199
5199
5197
5195
5195
5194
5193
5193
5189
5189
5188
5188
5187
5187
5185
5184
5183
5182
5182
5180
5180
5179
5179
5179
5179
5178
5177
5177
5177
5176
5176
5176
5175
5175
5174
5173
5173
5172
5170
5169
5169
5169
5167
5167
5166
5166
5165
5165
5164
5163
5163
5163
5163
5162
5162
5161
5161
5161
5161
5160
5159
5158
5156
5155
5155
5155
5154
5154
5153
5152
5151
5153
5151
5150
5149
5149
5149
5148
5148
5148
5148
5148
5147
5147
5147
5147
5146
5146
5146
5146
5146
5145
5144
5143
5140
5140
5139
5138
5138
5138
5138
5137
5137
5137
5136
5136
5136
5136
5136
5134
5134
5134
5132
5131
5130
5129
5127
5126
5125
5125
5125
5124
5124
5123
5123
5120
5119
5118
5117
5113
5113
5113
5113
5112
5112
5110
5109
5109
5106
5105
5102
5102
5099
5099
5098
5098
5097
5097
5097
5096
5096
5095
5095
5095
5094
5093
5092
5092
5091
5091
5090
5088
5088
5087
5087
5084
5084
5082
5082
5081
5080
5079
5077
5076
5076
5075
5075
5074
5073
5072
5070
5070
5070
5070
5069
5068
5068
5068
5067
5067
5067
5065
5063
5062
5058
5057
5057
5056
5056
5055
5055
5054
5052
5051
5051
5051
5050
5050
5049
5048
5048
5047
5047
5046
5046
5046
5045
5045
5043
5043
5041
5040
5048
5038
5037
5037
5037
5037
5036
5035
5034
5034
5034
5033
5033
5033
5033
5032
5032
5032
5031
5030
5030
5029
5028
5028
5027
5026
5026
5026
5026
5025
5023
5023
5021
5021
5020
5020
5018
5018
5016
5016
5016
5015
5014
5013
5009
5009
5009
5007
5007
5007
5006
5006
5006
5005
5004
5004
5004
5003
5003
5002
5001
5000
4998
4997
4997
4997
4996
4996
4996
4995
4995
4995
4995
4994
4994
4994
4994
4994
4993
4993
4992
4991
4990
4990
4989
4987
4984
4984
4983
4982
4982
4981
4979
4979
4979
4979
4977
4977
4976
4976
4975
4972
4971
4968
4967
4964
4964
4963
4962
4960
4959
4959
4957
4955
4954
4954
4953
4953
4952
4952
4951
4950
4950
4950
4949
4949
4948
4948
4947
4946
4946
4944
4944
4944
4943
4943
4943
4942
4942
4941
4941
4939
4939
4939
4938
4938
4937
4937
4936
4935
4933
4933
4932
4931
4930
4930
4930
4929
4928
4928
4927
4923
4923
4921
4921
4921
4921
4921
4920
4920
4919
4917
4917
4916
4916
4915
4914
4914
4913
4913
4911
4911
4909
4909
4909
4908
4906
4906
4905
4905
4903
4903
4903
4902
4901
4900
4900
4899
4898
4895
4895
4894
4894
4894
4892
4892
4890
4890
4890
4887
4886
4885
4884
4884
4884
4884
4912
4883
4883
4882
4882
4882
4881
4880
4880
4880
4879
4877
4877
4876
4875
4874
4873
4869
4869
4868
4868
4868
4868
4866
4866
4862
4862
4862
4860
4859
4859
4859
4859
4858
4855
4854
4853
4853
4853
4851
4850
4850
4849
4849
4849
4848
4846
4845
4843
4843
4840
4839
4838
4838
4836
4836
4835
4834
4833
4833
4832
4831
4831
4830
4830
4828
4827
4827
4826
4826
4825
4825
4823
4822
4821
4821
4821
4820
4819
4818
4818
4818
4816
4816
4814
4813
4813
4812
4812
4812
4811
4810
4808
4808
4808
4808
4808
4805
4803
4803
4802
4802
4802
4801
4801
4801
4800
4798
4798
4797
4797
4796
4796
4795
4795
4793
4793
4792
4792
4791
4790
4790
4789
4789
4789
4789
4788
4788
4788
4788
4786
4784
4784
4784
4784
4783
4782
4782
4782
4782
4781
4780
4780
4779
4779
4779
4779
4778
4778
4777
4777
4776
4776
4775
4775
4773
4772
4771
4771
4771
4771
4771
4771
4770
4769
4775
4767
4766
4764
4764
4763
4763
4762
4762
4762
4762
4761
4760
4760
4759
4758
4757
4757
4757
4757
4756
4756
4756
4755
4754
4754
4754
4753
4753
4752
4752
4752
4752
4751
4750
4750
4749
4749
4748
4747
4747
4747
4745
4745
4744
4742
4742
4741
4741
4740
4739
4739
4738
4738
4737
4737
4736
4735
4732
4731
4731
4730
4730
4730
4729
4729
4726
4725
4725
4723
4722
4722
4721
4718
4717
4717
4716
4715
4715
4714
4714
4713
4710
4710
4709
4709
4709
4709
4708
4707
4707
4706
4705
4705
4705
4704
4704
4703
4703
4702
4701
4701
4697
4697
4696
4696
4696
4695
4695
4695
4694
4694
4693
4691
4690
4689
4689
4688
4687
4687
4686
4686
4686
4686
4688
4685
4684
4684
4684
4683
4682
4682
4682
4681
4681
4681
4680
4680
4678
4676
4676
4675
4675
4675
4672
4670
4670
4669
4666
4666
4665
4663
4663
4662
4662
4661
4660
4660
4659
4659
4659
4658
4657
4654
4654
4654
4653
4652
4652
4652
4652
4651
4650
4650
4649
4649
4647
4646
4645
4645
4644
4644
4643
4641
4638
4637
4637
4636
4636
4635
4635
4634
4634
4633
4633
4633
4632
4650
4630
4629
4629
4629
4627
4627
4627
4626
4626
4626
4623
4622
4622
4622
4621
4621
4621
4621
4620
4620
4618
4618
4618
4617
4617
4617
4617
4616
4615
4614
4614
4614
4614
4613
4613
4613
4613
4612
4612
4612
4611
4611
4610
4609
4608
4608
4608
4607
4607
4607
4606
4606
4606
4606
4605
4604
4604
4604
4604
4604
4604
4602
4601
4600
4600
4599
4598
4598
4598
4597
4597
4596
4596
4596
4596
4596
4595
4595
4595
4595
4594
4593
4592
4592
4591
4591
4589
4589
4589
4589
4588
4587
4592
4586
4585
4585
4585
4584
4583
4582
4581
4579
4579
4579
4579
4583
4576
4575
4575
4574
4573
4573
4572
4571
4570
4570
4569
4569
4567
4566
4565
4564
4564
4563
4563
4563
4562
4561
4560
4560
4559
4556
4556
4555
4555
4554
4554
4554
4553
4552
4552
4552
4552
4550
4550
4549
4549
4549
4553
4548
4547
4547
4547
4547
4545
4542
4542
4541
4541
4541
4540
4540
4540
4539
4539
4538
4536
4534
4534
4533
4532
4532
4532
4532
4532
4530
4528
4528
4528
4526
4526
4525
4525
4525
4524
4524
4524
4523
4523
4523
4523
4523
4522
4521
4521
4518
4516
4516
4516
4515
4515
4514
4514
4513
4513
4512
4512
4511
4511
4511
4511
4511
4511
4511
4510
4510
4510
4509
4509
4508
4508
4508
4507
4511
4506
4506
4506
4505
4503
4502
4501
4501
4500
4500
4499
4499
4499
4498
4494
4494
4493
4492
4492
4491
4490
4489
4488
4488
4488
4488
4487
4487
4487
4487
4486
4486
4487
4485
4483
4482
4481
4481
4479
4478
4478
4475
4474
4474
4471
4470
4470
4468
4467
4466
4465
4464
4464
4464
4464
4463
4463
4460
4459
4458
4457
4457
4457
4457
4456
4456
4456
4455
4455
4452
4451
4448
4448
4447
4446
4446
4445
4445
4444
4443
4443
4443
4441
4440
4439
4438
4438
4438
4438
4438
4437
4437
4437
4440
4434
4433
4432
4431
4431
4431
4430
4430
4430
4430
4430
4429
4429
4429
4429
4428
4452
4428
4428
4425
4425
4424
4424
4423
4422
4422
4422
4421
4421
4421
4421
4421
4421
4420
4419
4419
4419
4419
4419
4418
4417
4416
4416
4414
4414
4414
4411
4410
4410
4409
4409
4408
4408
4405
4405
4405
4405
4404
4404
4404
4401
4401
4401
4400
4400
4400
4400
4400
4400
4400
4398
4397
4397
4397
4397
4396
4396
4395
4394
4394
4393
4393
4392
4392
4392
4391
4391
4390
4390
4389
4389
4388
4388
4387
4387
4384
4384
4384
4318
4382
4382
4382
4382
4382
4382
4381
4380
4380
4380
4379
4379
4379
4378
4378
4377
4376
4376
4375
4374
4374
4374
4372
4371
4371
4370
4370
4370
4370
4370
4368
4367
4367
4367
4367
4366
4365
4365
4365
4364
4364
4364
4363
4362
4362
4362
4362
4362
4361
4361
4360
4359
4359
4359
4372
4358
4358
4357
4357
4357
4356
4356
4356
4356
4356
4355
4354
4353
4353
4353
4353
4352
4352
4352
4351
4351
4351
4351
4350
4350
4350
4350
4349
4348
4348
4348
4347
4347
4347
4345
4342
4342
4341
4341
4341
4340
4340
4340
4340
4338
4337
4336
4335
4335
4334
4334
4333
4333
4333
4333
4333
4332
4331
4330
4328
4327
4327
4325
4324
4323
4323
4322
4321
4321
4321
4318
4318
4317
4317
4316
4315
4315
4315
4314
4314
4313
4313
4313
4313
4312
4312
4311
4311
4310
4309
4309
4309
4308
4308
4306
4306
4304
4303
4302
4302
4301
4300
4300
4300
4298
4297
4296
4296
4296
4294
4293
4293
4292
4292
4292
4292
4292
4292
4290
4290
4289
4289
4288
4288
4288
4288
4288
4287
4287
4287
4287
4286
4286
4286
4286
4286
4286
4284
4284
4283
4282
4282
4282
4281
4281
4280
4280
4279
4278
4277
4277
4276
4275
4274
4272
4271
4271
4271
4271
4270
4269
4268
4266
4266
4265
4264
4264
4264
4263
4261
4260
4259
4259
4258
4258
4258
4258
4257
4256
4256
4256
4254
4254
4253
4253
4251
4251
4251
4248
4248
4246
4246
4245
4245
4245
4245
4245
4245
4245
4245
4244
4244
4244
4243
4243
4243
4243
4243
4243
4242
4241
4241
4241
4240
4240
4240
4239
4239
4239
4237
4236
4236
4235
4235
4235
4236
4234
4234
4234
4234
4233
4233
4232
4232
4231
4230
4230
4229
4227
4227
4226
4226
4225
4225
4225
4224
4224
4223
4222
4222
4221
4221
4221
4220
4226
4219
4217
4217
4217
4216
4216
4215
4215
4214
4213
4213
4212
4212
4211
4211
4210
4210
4210
4209
4207
4207
4206
4206
4205
4203
4203
4203
4201
4201
4201
4200
4199
4197
4197
4196
4195
4194
4194
4194
4194
4193
4193
4193
4193
4193
4192
4190
4190
4190
4189
4193
4189
4188
4187
4186
4185
4185
4185
4185
4185
4185
4185
4185
4184
4183
4183
4182
4182
4181
4181
4181
4179
4179
4179
4179
4178
4177
4176
4175
4174
4174
4174
4174
4173
4173
4172
4171
4171
4171
4176
4170
4170
4170
4168
4168
4168
4167
4166
4166
4164
4164
4164
4163
4163
4163
4163
4162
4161
4161
4161
4160
4159
4159
4158
4158
4158
4158
4157
4157
4157
4156
4156
4156
4155
4155
4155
4154
4153
4153
4152
4152
4151
4151
4150
4150
4149
4149
4149
4149
4148
4147
4146
4145
4145
4144
4143
4141
4141
4141
4140
4140
4138
4138
4137
4137
4137
4137
4137
4136
4136
4135
4134
4134
4133
4133
4134
4132
4132
4131
4130
4130
4130
4129
4128
4127
4126
4126
4126
4125
4125
4124
4124
4123
4123
4123
4122
4120
4120
4120
4120
4120
4118
4118
4118
4117
4116
4116
4116
4114
4114
4114
4114
4114
4113
4112
4112
4110
4110
4109
4109
4107
4107
4107
4106
4106
4106
4105
4105
4111
4105
4105
4105
4104
4104
4104
4103
4102
4102
4102
4102
4101
4101
4101
4101
4101
4100
4098
4097
4097
4097
4097
4096
4095
4094
4093
4093
4093
4093
4093
4093
4092
4091
4091
4091
4090
4090
4090
4089
4089
4088
4088
4088
4087
4087
4087
4087
4086
4085
4085
4085
4084
4082
4080
4080
4080
4079
4079
4078
4078
4078
4078
4078
4076
4076
4076
4076
4073
4073
4072
4072
4072
4072
4071
4071
4070
4070
4070
4069
4069
4068
4068
4068
4068
4066
4066
4064
4064
4064
4064
4063
4063
4063
4062
4062
4062
4061
4061
4061
4060
4060
4059
4059
4059
4059
4059
4059
4059
4058
4058
4057
4056
4055
4055
4054
4053
4051
4051
4051
4049
4048
4048
4047
4047
4046
4046
4045
4045
4045
4044
4044
4043
4043
4041
4041
4041
4040
4040
4039
4039
4039
4038
4037
4036
4034
4034
4034
4032
4031
4030
4030
4029
4029
4028
4025
4024
4023
4022
4021
4021
4020
4020
4019
4019
4018
4017
4017
4017
4015
4015
4014
4014
4014
4013
4013
4013
4013
4012
4012
4011
4011
4011
4016
4009
4009
4008
4007
4007
4007
4006
4005
4004
4004
4004
4003
4003
4003
4002
4002
4001
4001
4000
4000
4000
4000
4000
3999
3998
3998
3998
3996
3996
3995
3994
3994
3884
3992
3992
3991
3991
3991
3991
3990
3989
3988
3988
3987
3987
3987
3986
3986
3985
3985
3985
3985
3984
3983
3983
3983
3982
3981
3980
3979
3979
3978
3978
3977
3976
3975
3975
3975
3975
3975
3975
3975
3974
3973
3973
3972
3971
3971
3970
3970
3970
3969
3969
3969
3969
3968
3968
3968
3968
3968
3967
3967
3967
3966
3966
3966
3856
3966
3965
3964
3964
3963
3963
3963
3962
3961
3961
3961
3961
3961
3960
3977
3959
3959
3959
3958
3958
3958
3957
3957
3957
3957
3955
3955
3955
3954
3954
3954
3954
3953
3951
3951
3949
3949
3948
3947
3947
3946
3946
3946
3946
3944
3944
3944
3943
3943
3943
3941
3940
3940
3939
3939
3939
3938
3938
3938
3937
3937
3937
3936
3936
3935
3935
3935
3934
3933
3932
3932
3932
3931
3930
3930
3929
3929
3929
3928
3928
3928
3927
3926
3925
3925
3925
3925
3925
3924
3924
3923
3923
3922
3922
3920
3920
3917
3916
3916
3916
3915
3915
3915
3915
3915
3915
3914
3913
3912
3911
3910
3910
3910
3910
3909
3909
3908
3908
3908
3907
3906
3906
3905
3904
3903
3902
3902
3901
3901
3901
3900
3900
3900
3900
3901
3898
3898
3897
3898
3897
3896
3895
3895
3895
3895
3895
3894
3894
3894
3893
3891
3890
3890
3889
3887
3887
3887
3885
3885
3884
3884
3884
3883
3882
3882
3882
3882
3881
3881
3881
3881
3880
3880
3879
3878
3877
3877
3877
3876
3876
3875
3874
3874
3874
3873
3873
3872
3872
3872
3871
3871
3871
3870
3870
3870
3870
3869
3869
3868
3867
3867
3867
3866
3865
3865
3865
3865
3864
3863
3862
3862
3862
3862
3861
3861
3861
3871
3860
3859
3859
3859
3858
3858
3857
3857
3855
3855
3855
3854
3854
3854
3853
3853
3853
3852
3852
3852
3851
3851
3851
3851
3850
3849
3849
3848
3847
3847
3847
3846
3846
3846
3846
3846
3845
3845
3845
3844
3843
3843
3842
3842
3842
3842
3842
3842
3842
3841
3840
3840
3840
3840
3839
3839
3839
3839
3839
3839
3837
3836
3836
3835
3834
3834
3834
3833
3833
3833
3833
3832
3832
3831
3831
3831
3831
3830
3830
3830
3830
3829
3829
3829
3829
3829
3829
3828
3826
3835
3825
3823
3820
3820
3820
3819
3819
3817
3817
3817
3817
3815
3814
3814
3814
3814
3814
3813
3813
3813
3812
3812
3812
3810
3810
3809
3808
3814
3808
3805
3805
3805
3804
3803
3803
3803
3802
3802
3802
3801
3801
3801
3800
3798
3797
3797
3797
3795
3794
3794
3794
3794
3794
3793
3792
3792
3792
3791
3791
3790
3790
3790
3789
3789
3789
3788
3788
3787
3786
3786
3786
3785
3785
3785
3784
3784
3783
3783
3783
3783
3783
3782
3782
3782
3782
3781
3781
3781
3780
3780
3780
3780
3778
3778
3778
3777
3777
3777
3777
3776
3775
3775
3774
3774
3773
3772
3771
3771
3770
3770
3770
3769
3769
3769
3769
3769
3768
3766
3765
3765
3765
3765
3765
3765
3764
3764
3763
3762
3762
3801
3762
3762
3761
3761
3761
3760
3760
3760
3759
3759
3759
3758
3758
3758
3758
3757
3757
3756
3756
3756
3754
3754
3754
3754
3753
3753
3753
3752
3751
3751
3751
3750
3749
3749
3749
3748
3747
3747
3747
3745
3745
3745
3745
3744
3744
3744
3743
3743
3743
3743
3743
3742
3742
3742
3742
3741
3741
3739
3739
3738
3738
3737
3736
3736
3735
3735
3735
3735
3734
3734
3733
3732
3731
3731
3730
3730
3729
3729
3728
3728
3728
3728
3727
3727
3726
3726
3726
3725
3724
3724
3724
3724
3724
3724
3723
3722
3722
3722
3722
3721
3721
3721
3721
3720
3720
3719
3719
3719
3718
3718
3717
3717
3716
3716
3715
3714
3714
3714
3714
3713
3713
3713
3713
3713
3713
3713
3712
3712
3712
3711
3711
3711
3711
3710
3709
3709
3709
3709
3709
3708
3708
3708
3707
3707
3707
3707
3707
3707
3706
3706
3704
3704
3704
3702
3702
3702
3701
3701
3701
3701
3701
3700
3700
3700
3699
3698
3697
3697
3697
3697
3697
3697
3696
3696
3696
3695
3695
3694
3692
3692
3692
3690
3690
3690
3690
3689
3689
3689
3688
3688
3688
3687
3687
3687
3687
3687
3686
3685
3685
3685
3685
3684
3684
3683
3683
3682
3682
3682
3682
3682
3682
3681
3681
3681
3681
3680
3680
3680
3679
3679
3679
3678
3678
3678
3676
3676
3676
3676
3675
3675
3675
3675
3675
3674
3674
3674
3673
3673
3672
3672
3671
3671
3669
3669
3669
3668
3668
3667
3666
3666
3666
3666
3665
3665
3665
3665
3664
3664
3663
3662
3662
3662
3662
3661
3661
3661
3660
3660
3659
3658
3658
3658
3657
3657
3656
3656
3656
3656
3656
3656
3655
3655
3655
3654
3654
3653
3652
3652
3652
3652
3652
3652
3651
3651
3650
3650
3650
3650
3649
3648
3648
3648
3646
3646
3646
3646
3646
3646
3645
3644
3644
3643
3643
3642
3642
3642
3641
3640
3640
3639
3639
3639
3638
3638
3638
3647
3636
3636
3636
3635
3635
3633
3633
3633
3632
3632
3631
3631
3631
3630
3630
3629
3629
3629
3628
3628
3628
3627
3627
3626
3626
3626
3626
3625
3625
3624
3624
3624
3623
3622
3622
3621
3620
3618
3618
3617
3616
3616
3616
3615
3614
3614
3613
3613
3627
3613
3613
3612
3612
3612
3611
3611
3611
3611
3611
3610
3610
3609
3609
3608
3608
3607
3606
3606
3606
3605
3605
3605
3605
3605
3604
3604
3603
3603
3603
3603
3602
3601
3601
3601
3600
3600
3600
3600
3599
3599
3598
3598
3598
3596
3596
3595
3594
3594
3594
3594
3592
3592
3591
3590
3590
3590
3590
3590
3590
3590
3589
3587
3610
3592
3587
3587
3586
3586
3585
3585
3585
3585
3584
3584
3584
3584
3584
3583
3583
3583
3583
3581
3581
3580
3580
3580
3580
3580
3579
3579
3578
3578
3578
3577
3576
3576
3576
3574
3574
3574
3574
3574
3573
3572
3572
3571
3571
3570
3570
3570
3570
3569
3569
3568
3568
3567
3567
3567
3567
3567
3566
3565
3565
3565
3564
3564
3564
3563
3563
3562
3562
3562
3562
3561
3560
3559
3558
3558
3557
3557
3557
3556
3556
3555
3555
3555
3555
3554
3554
3553
3553
3552
3552
3552
3552
3551
3551
3550
3549
3548
3548
3547
3547
3546
3546
3546
3546
3546
3546
3545
3545
3545
3552
3542
3541
3541
3541
3541
3540
3540
3539
3539
3539
3538
3538
3538
3537
3537
3537
3537
3537
3537
3536
3536
3535
3534
3533
3533
3533
3533
3533
3533
3532
3531
3531
3530
3530
3530
3530
3529
3529
3528
3528
3528
3528
3528
3528
3527
3527
3526
3526
3526
3525
3525
3524
3524
3524
3524
3523
3522
3521
3521
3520
3519
3519
3518
3518
3517
3517
3516
3516
3516
3516
3515
3515
3515
3515
3524
3514
3514
3513
3512
3512
3511
3511
3510
3510
3509
3508
3507
3507
3507
3507
3507
3506
3505
3504
3504
3503
3502
3502
3502
3502
3500
3500
3500
3500
3499
3499
3499
3498
3497
3497
3497
3496
3496
3496
3495
3495
3495
3495
3495
3494
3493
3493
3492
3492
3491
3490
3490
3490
3489
3489
3489
3489
3488
3488
3487
3487
3487
3487
3487
3486
3485
3485
3485
3485
3484
3484
3483
3498
3482
3482
3482
3481
3481
3481
3481
3481
3480
3479
3479
3478
3478
3477
3477
3477
3477
3477
3476
3476
3476
3475
3474
3474
3474
3473
3473
3473
3473
3472
3472
3472
3471
3470
3469
3469
3468
3468
3468
3468
3466
3465
3465
3464
3464
3464
3463
3463
3463
3462
3462
3462
3462
3461
3461
3461
3461
3461
3461
3460
3460
3460
3460
3459
3458
3458
3458
3458
3457
3457
3457
3457
3456
3456
3456
3456
3456
3456
3455
3455
3454
3454
3454
3454
3454
3453
3453
3453
3452
3452
3452
3451
3451
3451
3451
3450
3450
3449
3448
3447
3446
3446
3446
3446
3446
3446
3445
3444
3444
3443
3443
3441
3441
3441
3441
3441
3440
3440
3440
3439
3437
3437
3436
3435
3435
3435
3434
3433
3433
3433
3432
3431
3431
3431
3431
3431
3431
3430
3430
3429
3428
3428
3428
3427
3427
3427
3426
3426
3426
3425
3425
3424
3424
3423
3423
3423
3423
3423
3422
3422
3422
3421
3421
3420
3420
3420
3420
3419
3419
3419
3417
3417
3417
3417
3417
3416
3415
3415
3415
3414
3414
3414
3413
3413
3412
3412
3412
3412
3411
3411
3411
3410
3410
3410
3409
3408
3408
3408
3408
3408
3407
3407
3406
3406
3406
3406
3406
3406
3404
3403
3403
3402
3402
3402
3402
3404
3406
3401
3401
3401
3401
3400
3399
3399
3399
3399
3398
3398
3397
3396
3396
3396
3395
3395
3395
3394
3393
3393
3392
3392
3392
3391
3391
3391
3391
3391
3391
3391
3391
3390
3389
3389
3389
3388
3388
3387
3387
3387
3386
3385
3384
3383
3383
3383
3383
3383
3383
3383
3382
3382
3382
3381
3381
3381
3380
3380
3380
3378
3377
3376
3376
3375
3375
3374
3374
3374
3374
3373
3372
3372
3371
3371
3371
3371
3371
3371
3370
3369
3369
3368
3368
3367
3367
3366
3366
3366
3366
3366
3365
3364
3364
3364
3364
3364
3363
3363
3363
3363
3362
3362
3362
3361
3360
3360
3360
3360
3359
3359
3359
3358
3358
3357
3356
3356
3356
3355
3354
3353
3353
3352
3352
3351
3350
3350
3350
3350
3349
3349
3349
3349
3349
3348
3348
3348
3348
3348
3347
3347
3347
3346
3346
3346
3346
3345
3345
3344
3344
3343
3343
3343
3342
3342
3341
3341
3341
3341
3340
3340
3339
3338
3338
3338
3338
3337
3337
3337
3337
3336
3336
3336
3336
3336
3336
3335
3334
3333
3333
3333
3333
3332
3331
3335
3331
3331
3331
3331
3331
3330
3330
3330
3329
3329
3329
3328
3328
3328
3328
3327
3327
3326
3326
3325
3325
3324
3324
3324
3324
3324
3324
3324
3323
3323
3322
3322
3322
3321
3320
3320
3320
3319
3319
3319
3318
3318
3318
3322
3318
3317
3317
3317
3316
3316
3316
3315
3315
3315
3315
3314
3314
3314
3314
3313
3313
3313
3312
3312
3312
3311
3311
3311
3311
3310
3310
3310
3310
3310
3309
3309
3308
3307
3307
3306
3306
3306
3306
3304
3304
3303
3303
3303
3303
3302
3302
3302
3302
3301
3301
3301
3301
3301
3300
3300
3300
3300
3300
3300
3300
3299
3299
3299
3297
3297
3296
3296
3295
3295
3295
3295
3294
3294
3294
3294
3294
3294
3294
3294
3294
3294
3293
3293
3293
3293
3293
3293
3293
3293
3292
3292
3292
3292
3292
3292
3291
3291
3290
3289
3289
3289
3289
3289
3288
3287
3287
3287
3286
3286
3286
3285
3285
3284
3284
3284
3284
3284
3283
3282
3282
3282
3281
3281
3281
3280
3279
3278
3277
3277
3277
3277
3276
3276
3275
3275
3275
3275
3274
3274
3274
3274
3274
3273
3273
3272
3272
3272
3272
3271
3271
3270
3270
3270
3269
3269
3268
3268
3267
3267
3267
3267
3267
3266
3266
3265
3265
3265
3264
3264
3264
3263
3263
3263
3262
3262
3261
3261
3261
3261
3260
3260
3260
3260
3260
3260
3259
3259
3259
3258
3258
3258
3257
3257
3256
3256
3256
3256
3256
3256
3255
3255
3255
3254
3254
3254
3253
3252
3252
3252
3251
3251
3251
3251
3251
3251
3251
3249
3249
3249
3249
3248
3248
3248
3247
3246
3246
3245
3244
3243
3243
3243
3242
3242
3241
3241
3241
3241
3240
3240
3238
3237
3237
3237
3237
3236
3236
3235
3235
3235
3234
3234
3234
3234
3234
3233
3232
3232
3232
3231
3231
3231
3231
3231
3231
3231
3231
3230
3230
3230
3230
3229
3229
3225
3225
3224
3224
3224
3224
3223
3223
3223
3222
3222
3221
3221
3220
3220
3220
3220
3220
3220
3220
3220
3217
3217
3217
3217
3217
3216
3216
3216
3216
3215
3215
3215
3214
3214
3214
3213
3213
3212
3212
3212
3212
3211
3211
3211
3211
3210
3210
3210
3210
3210
3210
3209
3209
3209
3209
3208
3207
3207
3207
3207
3206
3206
3206
3205
3204
3204
3204
3204
3203
3203
3202
3202
3202
3202
3201
3201
3201
3201
3200
3200
3199
3199
3198
3198
3198
3198
3198
3197
3197
3196
3196
3196
3195
3195
3195
3194
3194
3194
3194
3194
3194
3194
3193
3193
3193
3193
3193
3193
3192
3192
3192
3192
3192
3191
3191
3190
3190
3189
3189
3189
3189
3189
3189
3188
3188
3187
3187
3186
3186
3186
3185
3185
3185
3184
3184
3184
3184
3184
3184
3184
3184
3183
3183
3183
3183
3207
3183
3182
3182
3182
3181
3181
3181
3180
3180
3180
3180
3179
3178
3178
3177
3177
3176
3176
3176
3176
3176
3176
3175
3175
3175
3175
3173
3173
3173
3173
3173
3173
3172
3172
3172
3171
3171
3171
3171
3171
3171
3170
3170
3170
3170
3170
3169
3168
3168
3168
3168
3167
3167
3167
3167
3166
3166
3166
3165
3165
3165
3165
3164
3164
3164
3163
3163
3163
3163
3163
3163
3163
3163
3162
3162
3161
3161
3161
3161
3161
3161
3160
3160
3159
3159
3159
3158
3158
3157
3157
3156
3156
3156
3155
3155
3155
3155
3154
3153
3153
3153
3153
3152
3151
3150
3150
3150
3150
3150
3150
3149
3149
3149
3149
3149
3148
3148
3148
3148
3147
3147
3147
3147
3147
3147
3147
3146
3146
3146
3146
3146
3146
3146
3145
3145
3144
3144
3143
3142
3142
3141
3141
3141
3140
3140
3140
3140
3140
3139
3139
3139
3139
3139
3138
3138
3138
3138
3138
3138
3137
3136
3136
3136
3136
3136
3135
3135
3135
3135
3135
3135
3134
3134
3134
3134
3134
3133
3133
3133
3133
3133
3133
3132
3132
3131
3131
3131
3130
3129
3129
3129
3129
3128
3128
3127
3127
3127
3127
3126
3126
3126
3125
3125
3125
3125
3124
3124
3123
3123
3123
3123
3123
3123
3122
3122
3122
3121
3121
3121
3121
3121
3120
3120
3119
3119
3119
3119
3119
3118
3118
3118
3118
3117
3117
3117
3116
3116
3116
3116
3115
3115
3115
3115
3115
3114
3114
3113
3112
3112
3111
3111
3111
3110
3109
3109
3109
3109
3109
3108
3108
3105
3109
3105
3105
3105
3105
3105
3105
3104
3104
3103
3103
3103
3102
3102
3101
3101
3101
3101
3101
3100
3100
3100
3099
3099
3099
3098
3098
3098
3098
3098
3097
3096
3096
3095
3095
3095
3095
3094
3094
3094
3093
3093
3093
3092
3092
3092
3092
3091
3091
3090
3090
3090
3090
3089
3089
3089
3089
3088
3088
3088
3088
3088
3088
3086
3086
3086
3086
3086
3085
3085
3084
3084
3084
3084
3084
3083
3083
3083
3083
3083
3082
3082
3082
3081
3081
3081
3081
3081
3081
3080
3080
3079
3079
3087
3079
3078
3078
3078
3078
3077
3077
3077
3077
3077
3076
3076
3075
3075
3075
3074
3074
3074
3074
3074
3074
3073
3073
3073
3073
3073
3073
3072
3072
3071
3071
3071
3071
3070
3070
3069
3069
3069
3069
3069
3067
3067
3066
3066
3066
3065
3065
3065
3065
3065
3065
3065
3064
3064
3064
3064
3064
3064
3063
3063
3063
3062
3062
3062
3062
3061
3060
3060
3059
3059
3059
3059
3059
3059
3063
3058
3058
3058
3058
3058
3058
3058
3058
3057
3057
3056
3056
3056
3056
3055
3055
3054
3054
3054
3054
3054
3053
3053
3052
3052
3052
3052
3051
3051
3051
3051
3051
3051
3050
3050
3050
3050
3049
3049
3049
3048
3048
3048
3047
3047
3046
3046
3045
3045
3045
3045
3045
3045
3045
3044
3044
3044
3044
3043
3042
3042
3042
3042
3042
3042
3041
3041
3041
3041
3041
3041
3041
3040
3039
3039
3039
3039
3038
3038
3038
3037
3036
3036
3036
3036
3036
3035
3035
3035
3034
3034
3034
3034
3035
3033
3033
3033
3032
3032
3032
3032
3032
3031
3031
3031
3031
3031
3030
3030
3029
3029
3029
3029
3028
3028
3028
3027
3026
3049
3026
3026
3025
3025
3025
3025
3025
3025
3025
3025
3024
3024
3024
3024
3024
3024
3023
3023
3023
3023
3023
3023
3023
3022
3022
3022
3022
3022
3022
3021
3021
3021
3020
3020
3020
3020
3019
3019
3019
3019
3018
3018
3017
3017
3016
3016
3016
3016
3016
3016
3016
3016
3016
3016
3015
3015
3015
3015
3015
3014
3014
3014
3013
3013
3013
3012
3012
3011
3011
3010
3010
3010
3009
3008
3008
3008
3008
3008
3008
3007
3007
3007
3007
3006
3006
3006
3005
3005
3005
3005
3005
3004
3004
3004
3004
3003
3003
3002
3002
3002
3001
3001
3001
3001
3001
3000
3000
3000
3000
3000
