525985
503726
484775
443702
425739
384069
380370
377334
364566
321628
311523
296606
277397
269526
259759
243382
226727
225124
222840
219719
219109
218104
207651
203689
200030
199780
195193
190091
189402
183727
183462
182389
181650
179622
175248
168876
168004
157373
157296
157231
153778
153274
153077
149892
148882
148277
147260
147178
145453
145116
144091
140433
136960
136085
132299
132269
129355
128697
126734
125593
124305
118820
117293
116023
116007
115132
114232
112981
112735
112479
112139
111675
111514
110718
110390
109582
108849
108325
105978
105884
105489
103594
102024
101618
100938
100129
98372
98258
98106
97472
97397
97143
96747
96611
96420
95075
94282
94110
93946
93720
93461
93328
93135
92690
92523
92312
92295
92259
92025
91559
91534
90200
90119
90051
89583
89449
88122
87731
87277
87155
86360
86209
86206
86168
85597
85524
85394
85288
85215
85033
84887
84814
83920
83911
83865
83315
82155
82091
81917
81458
81262
80616
80552
80370
80162
80037
79924
79587
79529
79471
79357
79134
79022
79002
78890
78534
76304
76224
76166
76081
76050
76013
75895
75482
75437
74933
74613
74473
72997
72658
72596
72155
72132
72064
72007
71801
71741
71596
71562
71327
71194
70611
69949
69851
69732
69721
69178
69101
68418
67719
67641
66699
66669
66559
66245
66003
65740
65478
65465
65223
65008
64784
64324
64230
63976
63831
63814
63571
63496
63074
62980
62832
62363
62303
61930
61589
61441
61084
60984
60584
60300
60212
60031
59759
59715
59652
59318
58601
58589
58324
58138
57398
57301
57184
57167
56868
56776
55607
55010
54630
54598
54372
54315
54290
54192
54114
53982
53972
53930
53911
53848
53472
53467
53433
53374
53364
53261
53120
53021
52966
52731
52718
52574
52502
51910
51319
51275
50936
50573
50489
50410
50387
49861
49838
49694
49506
49417
49159
49120
48961
48309
48237
48199
47749
47622
47510
47438
47058
47002
46879
46659
46653
46608
46043
45996
45910
45814
45528
45523
45350
45312
45087
44932
44746
44717
44507
44445
44416
44404
44277
44093
44036
43753
43748
43551
43533
43514
43394
43249
43170
43155
43117
43050
43026
42416
42259
42217
41964
41915
41626
41612
41572
41532
41435
41345
41290
41075
41036
40870
40798
40669
40590
40556
40160
39916
39724
39630
39622
39616
39608
39536
39506
39296
39277
39263
39250
39179
39170
39087
38910
38858
38719
38696
38327
38222
38191
38083
37823
37645
37574
37520
37413
37383
37284
37257
37000
36952
36888
36853
36835
36746
36576
36525
36504
36490
36437
36310
36290
36160
35968
35702
35649
35646
35479
35474
35445
35319
35203
35071
35002
34993
34957
34933
34667
34657
34610
34354
34309
34149
34112
34102
34084
33975
33957
33946
33930
33923
33819
33790
33466
33178
33145
33119
33116
33073
33028
32819
32751
32528
32473
32422
32385
32382
32326
32256
32184
32121
32084
31749
31726
31709
31604
31569
31477
31474
31452
31347
31250
31224
31215
31196
31178
31112
30967
30950
30913
30816
30799
30681
30631
30445
30418
30418
30415
30335
30197
30192
30105
30083
30079
29982
29975
29929
29887
29863
29858
29832
29664
29630
29508
29503
29379
29306
29201
29188
29144
29137
29080
29050
29038
28924
28921
28901
28881
28817
28692
28682
28668
28664
28611
28601
28581
28572
28542
28541
28535
28418
28391
28270
28244
27962
27924
27917
27911
27897
27816
27787
27781
27623
27472
27452
27392
27375
27374
27301
27243
27210
27187
26848
26804
26674
26669
26629
26555
26490
26403
26376
26361
26331
26292
26265
26114
26103
26098
26086
26027
25991
25931
25884
25832
25832
25826
25748
25739
25734
25673
25627
25617
25607
25578
25533
25515
25320
25248
25190
25189
25073
25031
25015
25013
24969
24927
24893
24878
24802
24711
24653
24621
24617
24545
24473
24391
24364
24342
24322
24305
24239
24228
24201
24139
23981
23936
23901
23894
23840
23732
23731
23704
23689
23653
23554
23511
23338
23335
23320
23283
23125
23112
23082
23069
23004
22992
22966
22955
22885
22848
22846
22818
22800
22772
22757
22615
22580
22575
22575
22249
22230
22151
22113
21980
21973
21941
21932
21889
21874
21863
21742
21679
21666
21425
21410
21384
21355
21234
21228
21197
21142
21131
21116
21071
21026
20985
20960
20923
20885
20852
20844
20826
20824
20799
20764
20762
20684
20670
20651
20623
20607
20517
20507
20497
20422
20402
20371
20294
20283
20268
20259
20252
20244
20234
20209
20200
20153
20091
20088
20080
20074
20071
20049
19982
19981
19960
19872
19860
19852
19768
19698
19647
19644
19634
19621
19598
19586
19525
19486
19456
19401
19322
19267
19259
19118
19224
19187
19170
19161
19145
19107
19073
18982
18966
18912
18908
18902
18884
18826
18813
18800
18790
18778
18691
18680
18651
18579
18500
18476
18435
18300
18284
18269
18260
18244
18218
18191
18179
18179
18149
18056
18055
18022
18009
17989
17973
17970
17954
17930
17929
17915
17902
17812
17795
17781
17759
17757
17738
17643
17640
17601
17567
17548
17522
17518
17485
17470
17374
17370
17364
17353
17319
17249
17191
17178
17132
17126
17125
17124
17080
17068
17045
17034
17028
16995
16983
16973
16945
16944
16923
16914
16890
16821
16792
16780
16750
16748
16730
16635
16566
16545
16531
16485
16497
16431
16404
16379
16356
16354
16327
16314
16275
16272
16260
16247
16231
16217
16157
16140
16135
16105
16087
16081
16029
16023
15995
15972
15956
15951
15942
15900
15894
15892
15885
15881
15828
15824
15813
15776
15754
15728
15722
15708
15703
15701
15698
15696
15694
15666
15639
15616
15586
15504
15445
15424
15339
15334
15326
15303
15300
15282
15271
15257
15257
15242
15236
15194
15189
15187
15176
15171
15150
15148
15119
15114
15083
15079
15056
15054
15043
15041
14995
14994
14994
14955
14912
14909
14907
14848
14831
14827
14788
14776
14755
14754
14749
14740
14738
14733
14710
14710
14692
14674
14668
14659
14656
14646
14614
14572
14568
14558
14557
14511
14498
14484
14447
14428
14420
14386
14358
14321
14301
14284
14274
14235
14227
14162
14124
14109
14106
14098
14087
14049
14037
14005
13999
13979
13974
13962
13956
13929
13900
13877
13844
13841
13832
13828
13797
13776
13774
13752
13734
13706
13688
13682
13665
13650
13645
13645
13629
13628
13592
13548
13535
13532
13519
13515
13505
13501
13445
13436
13434
13419
13392
13355
13347
13301
13296
13288
13287
13261
13206
13195
13173
13165
13144
13109
13098
13089
13058
13053
13048
13036
13027
13014
13001
12994
12962
12943
12918
12918
12914
12908
12896
12894
12846
12842
12819
12819
12818
12780
12737
12736
12698
12675
12671
12662
12629
12626
12624
12585
12555
12551
12537
12525
12522
12513
12506
12505
12492
12488
12486
12485
12484
12474
12469
12465
12460
12449
12432
12390
12326
12306
12299
12298
12295
12279
12221
12209
12202
12187
12150
12106
12105
12102
12083
12081
12079
12076
12064
12059
12055
12049
12043
12004
11992
11991
11985
11980
11940
11937
11916
11901
11866
11864
11861
11855
11854
11840
11839
11831
11811
11769
11751
11745
11742
11722
11711
11717
11698
11676
11675
11644
11628
11562
11561
11556
11544
11522
11486
11473
11470
11462
11459
11456
11454
11452
11443
11428
11428
11424
11417
11414
11413
11413
11410
11381
11375
11373
11371
11371
11370
11367
11362
11359
11357
11353
11330
11327
11302
11300
11280
11257
11243
11235
11228
11224
11205
11178
11161
11156
11152
11143
11105
11091
11075
11073
11050
11047
11036
11015
11015
11012
11006
11003
10977
10976
10953
10949
10944
10941
10938
10926
10924
10920
10908
10900
10895
10880
10867
10852
10850
10820
10802
10791
10784
10767
10760
10745
10738
10730
10725
10700
10696
10682
10670
10665
10656
10650
10645
10629
10623
10586
10585
10575
10552
10544
10529
10526
10523
10516
10516
10499
10484
10463
10459
10456
10415
10443
10440
10406
10401
10399
10388
10388
10387
10385
10375
10374
10345
10341
10332
10331
10325
10324
10323
10311
10305
10304
10303
10292
10260
10255
10236
10217
10215
10214
10200
10198
10181
10180
10178
10177
10173
10171
10167
10167
10162
10161
10156
10143
10135
10133
10112
10109
10092
10091
10090
10085
10081
10079
10050
10007
9987
9966
9964
9955
9950
9923
9904
9901
9901
9889
9880
9875
9859
9852
9848
9844
9831
9801
9786
9785
9781
9781
9775
9773
9769
9746
9741
9740
9737
9733
9727
9725
9721
9710
9696
9693
9693
9689
9687
9681
9678
9756
9667
9664
9649
9648
9646
9643
9642
9640
9636
9634
9607
9600
9597
9587
9566
9563
9560
9550
9544
9541
9541
9538
9521
9502
9490
9488
9490
9470
9468
9463
9453
9440
9430
9425
9418
9410
9409
9407
9399
9390
9390
9395
9380
9359
9344
9336
9335
9323
9313
9299
9298
9296
9289
9285
9276
9268
9266
9262
9234
9232
9231
9225
9222
9202
9199
9177
9167
9167
9153
9148
9142
9140
9132
9132
9122
9121
9120
9105
9102
9101
9098
9085
9077
9075
9074
9053
9049
9046
9045
9043
9030
9018
9017
9015
9002
8996
8994
8986
8983
8976
8954
8949
8942
8940
8935
8933
8919
8916
8901
8918
8873
8876
8871
8868
8866
8857
8856
8848
8838
8835
8829
8827
8824
8822
8821
8810
8808
8808
8794
8783
8775
8770
8763
8748
8740
8737
8730
8726
8723
8712
8711
8705
8703
8700
8697
8688
8668
8651
8640
8636
8634
8626
8623
8621
8616
8594
8589
8575
8567
8567
8548
8543
8542
8542
8539
8533
8529
8525
8524
8505
8505
8493
8493
8493
8482
8472
8470
8468
8466
8465
8448
8444
8435
8431
8428
8427
8423
8404
8387
8384
8379
8362
8362
8361
8354
8340
8335
8332
8330
8318
8311
8300
8293
8286
8278
8262
8261
8260
8258
8255
8252
8248
8245
8243
8235
8234
8218
8184
8175
8170
8166
8159
8158
8153
8147
8136
8130
8130
8127
8118
8116
8107
8095
8094
8087
8081
8073
8064
8057
8039
8027
8025
8022
7994
7993
7991
7982
7979
7964
7958
7956
7951
7949
7948
7942
7937
7911
7910
7909
7906
7901
7789
7899
7893
7886
7875
7871
7864
7862
7859
7855
7855
7842
7823
7820
7814
7801
7788
7785
7778
7776
7764
7762
7765
7758
7747
7747
7744
7733
7731
7725
7715
7702
7700
7699
7692
7691
7691
7691
7679
7674
7674
7672
7670
7663
7655
7624
7619
7616
7610
7606
7597
7596
7593
7583
7581
7577
7564
7556
7551
7538
7534
7521
7511
7487
7483
7481
7476
7470
7470
7464
7455
7452
7438
7435
7433
7429
7427
7426
7424
7423
7417
7416
7413
7413
7411
7409
7409
7396
7396
7386
7385
7375
7372
7361
7355
7341
7338
7335
7323
7321
7321
7318
7317
7314
7307
7306
7301
7300
7294
7274
7269
7267
7260
7258
7258
7250
7248
7223
7189
7189
7186
7172
7161
7154
7150
7150
7142
7129
7128
7125
7119
7102
7101
7099
7092
7080
7062
7061
7060
7055
7050
7046
7039
7033
7033
7029
7021
7020
7018
7011
7011
7008
7004
7000
6998
6996
6995
6994
6979
6979
6969
6965
6965
6961
6957
6957
6948
6942
6939
6932
6921
6904
6898
6891
6881
6881
6881
6880
6876
6875
6872
6865
6858
6854
6850
6849
6843
6835
6825
6825
6823
6818
6806
6805
6804
6800
6798
6797
6795
6794
6773
6768
6767
6764
6762
6760
6760
6760
6757
6748
6748
6740
6729
6729
6728
6725
6723
6716
6704
6703
6701
6697
6680
6680
6680
6679
6650
6667
6624
6656
6654
6653
6649
6648
6627
6624
6623
6620
6618
6615
6611
6606
6605
6600
6595
6594
6593
6592
6585
6582
6582
6567
6565
6562
6561
6560
6556
6536
6535
6534
6534
6531
6523
6523
6522
6505
6504
6504
6502
6501
6497
6494
6490
6482
6470
6468
6466
6456
6447
6439
6437
6430
6428
6412
6394
6393
6392
6390
6388
6384
6380
6379
6375
6374
6368
6365
6355
6316
6311
6305
6303
6302
6283
6273
6270
6266
6261
6261
6258
6256
6255
6252
6251
6243
6240
6236
6234
6228
6227
6226
6217
6207
6203
6193
6192
6191
6178
6170
6168
6164
6164
6160
6156
6156
6154
6144
6123
6120
6119
6118
6115
6113
6112
6105
6102
6100
6097
6096
6092
6084
6081
6075
6073
6061
6059
6056
6055
6051
6044
6043
6036
6032
6030
6029
6029
6028
6025
6025
6024
6024
6024
6023
6021
6019
6017
6017
6015
6013
5998
5993
5983
5981
5981
5977
5973
5969
5965
5962
5957
5955
5951
5950
5948
5943
5942
5938
5936
5931
5922
5917
5916
5914
5905
5902
5901
5900
5899
5898
5892
5890
5889
5884
5879
5876
5875
5874
5871
5870
5868
5858
5849
5847
5833
5831
5827
5825
5824
5821
5819
5819
5815
5813
5812
5809
5809
5809
5809
5805
5804
5801
5794
5786
5783
5775
5774
5770
5749
5744
5734
5723
5723
5716
5715
5702
5702
5700
5699
5697
5693
5691
5690
5684
5677
5674
5665
5659
5656
5644
5639
5637
5629
5628
5625
5620
5619
5616
5615
5613
5613
5612
5605
5604
5598
5598
5597
5595
5594
5589
5586
5577
5572
5568
5561
5559
5556
5548
5543
5543
5536
5533
5533
5532
5534
5527
5524
5523
5517
5515
5513
5512
5507
5505
5503
5497
5491
5489
5488
5487
5481
5473
5468
5467
5463
5461
5453
5450
5448
5441
5440
5439
5434
5434
5427
5426
5423
5422
5419
5409
5405
5405
5403
5401
5393
5392
5392
5389
5389
5386
5382
5374
5354
5351
5348
5335
5335
5332
5327
5327
5326
5316
5313
5313
5308
5308
5304
5302
5301
5301
5295
5293
5288
5284
5276
5263
5262
5261
5260
5259
5241
5240
5234
5233
5232
5122
5229
5228
5226
5222
5221
5220
5219
5219
5219
5218
5216
5213
5213
5206
5203
5202
5201
5200
5199
5198
5196
5196
5195
5192
5189
5188
5186
5185
5184
5179
5178
5178
5173
5172
5169
5167
5165
5165
5161
5161
5158
5157
5153
5153
5153
5151
5149
5148
5146
5146
5138
5136
5136
5133
5130
5125
5124
5119
5109
5108
5099
5098
5096
5092
5091
5090
5088
5084
5084
5083
5076
5072
5071
5065
5063
5061
5060
5060
5060
5057
5056
5055
5055
5052
5051
5048
5046
5043
5035
5035
5028
5028
5028
5023
5023
5020
5017
5011
5011
5003
5001
4994
4992
4984
4980
4978
4976
4973
4971
4971
4966
4961
4954
4948
4939
4933
4930
4926
4904
4903
4902
4899
4897
4890
4890
4886
4886
4882
4882
4881
4881
4880
4871
4871
4870
4867
4866
4862
4851
4850
4850
4850
4849
4844
4844
4838
4829
4828
4827
4825
4825
4818
4818
4816
4843
4796
4794
4790
4782
4776
4775
4766
4766
4761
4754
4751
4751
4748
4747
4745
4739
4736
4736
4734
4732
4729
4729
4727
4726
4724
4722
4721
4721
4716
4716
4713
4713
4711
4699
4699
4697
4695
4694
4693
4692
4686
4684
4676
4676
4672
4670
4667
4665
4665
4662
4662
4659
4657
4657
4655
4655
4650
4647
4645
4644
4644
4644
4643
4643
4641
4640
4640
4635
4633
4631
4626
4625
4622
4620
4618
4606
4606
4603
4602
4595
4589
4584
4583
4577
4577
4576
4571
4570
4568
4567
4563
4559
4559
4555
4554
4554
4551
4550
4548
4545
4544
4543
4542
4540
4540
4539
4535
4534
4529
4527
4526
4525
4520
4519
4517
4517
4515
4514
4514
4514
4513
4513
4508
4504
4503
4502
4501
4494
4493
4492
4492
4489
4486
4486
4486
4485
4484
4483
4480
4479
4476
4475
4472
4468
4466
4465
4459
4455
4452
4449
4447
4445
4445
4443
4440
4436
4436
4436
4433
4426
4426
4422
4418
4412
4408
4406
4401
4398
4393
4390
4384
4380
4380
4380
4378
4376
4373
4368
4366
4365
4361
4357
4353
4350
4349
4347
4344
4343
4341
4340
4338
4336
4333
4332
4319
4317
4317
4315
4313
4310
4308
4304
4302
4300
4300
4299
4298
4296
4296
4294
4287
4285
4285
4280
4279
4279
4279
4278
4277
4272
4271
4269
4265
4264
4263
4261
4258
4258
4252
4251
4249
4246
4244
4242
4242
4237
4234
4232
4230
4229
4228
4227
4226
4225
4225
4224
4224
4221
4221
4218
4218
4216
4215
4214
4212
4207
4202
4198
4194
4192
4190
4190
4187
4182
4180
4179
4179
4177
4171
4165
4161
4160
4158
4156
4155
4154
4152
4145
4143
4141
4137
4136
4134
4129
4129
4126
4126
4125
4124
4123
4123
4122
4120
4113
4112
4111
4110
4109
4107
4104
4104
4102
4100
4099
4098
4098
4094
4090
4088
4087
4085
4084
4084
4084
4083
4080
4079
4079
4079
4078
4077
4076
4075
4073
4072
4068
4068
4067
4066
4065
4065
4063
4062
4060
4056
4052
4049
4048
4048
4046
4045
4044
4043
4042
4041
4041
4037
4032
4031
4028
4028
4025
4019
4018
4017
4013
4013
4011
4010
4005
4004
4000
3998
3997
3996
3994
3993
3993
3990
3985
3985
3985
3984
3980
3978
3978
3978
3969
3969
3968
3966
3965
3961
3961
3958
3958
3955
3955
3949
3949
3947
3946
3941
3935
3934
3929
3928
3928
3927
3927
3925
3925
3923
3918
3918
3917
3914
3912
3911
3911
3905
3905
3904
3900
3899
3898
3898
3895
3892
3889
3884
3884
3883
3880
3879
3877
3876
3875
3873
3872
3867
3866
3866
3861
3861
3860
3857
3856
3856
3855
3851
3850
3846
3844
3837
3834
3833
3833
3829
3828
3826
3826
3825
3823
3823
3822
3820
3819
3818
3818
3817
3815
3815
3812
3810
3810
3807
3806
3806
3804
3803
3792
3792
3789
3785
3785
3783
3783
3782
3779
3777
3772
3771
3767
3765
3764
3763
3763
3761
3761
3761
3759
3759
3758
3757
3757
3754
3752
3751
3751
3750
3746
3745
3745
3743
3743
3742
3740
3738
3738
3738
3736
3731
3730
3728
3727
3724
3717
3715
3715
3713
3711
3709
3706
3706
3703
3702
3700
3700
3699
3699
3698
3697
3697
3697
3697
3695
3693
3692
3690
3690
3689
3685
3682
3680
3678
3678
3678
3676
3676
3673
3667
3665
3665
3663
3663
3662
3662
3660
3657
3653
3652
3652
3650
3648
3648
3647
3646
3644
3643
3641
3640
3640
3638
3637
3635
3633
3632
3629
3628
3628
3627
3627
3625
3623
3621
3621
3619
3619
3618
3616
3614
3612
3612
3611
3610
3610
3610
3608
3606
3603
3602
3602
3599
3597
3597
3594
3591
3589
3588
3586
3581
3580
3579
3575
3573
3572
3572
3571
3569
3567
3565
3564
3562
3557
3554
3554
3554
3553
3552
3551
3549
3549
3546
3545
3545
3545
3545
3542
3538
3531
3530
3527
3527
3527
3527
3526
3591
3523
3519
3519
3519
3519
3517
3517
3516
3516
3516
3515
3514
3514
3511
3509
3508
3504
3502
3501
3497
3496
3493
3493
3493
3490
3490
3490
3489
3487
3487
3483
3482
3482
3480
3477
3477
3476
3475
3475
3471
3470
3470
3470
3470
3467
3465
3465
3465
3464
3463
3463
3462
3461
3459
3459
3458
3457
3456
3456
3455
3454
3453
3451
3451
3451
3450
3449
3448
3445
3445
3443
3442
3442
3442
3441
3440
3439
3439
3439
3438
3435
3435
3434
3431
3431
3426
3425
3425
3425
3420
3419
3415
3415
3415
3414
3414
3409
3408
3408
3404
3404
3403
3401
3400
3399
3398
3394
3391
3390
3390
3389
3388
3387
3386
3386
3385
3383
3383
3382
3381
3381
3380
3380
3377
3377
3376
3372
3372
3372
3370
3370
3369
3369
3365
3363
3363
3362
3362
3360
3359
3352
3352
3352
3352
3349
3349
3348
3347
3346
3345
3345
3345
3344
3343
3342
3342
3341
3338
3337
3337
3336
3336
3334
3333
3333
3331
3330
3329
3329
3327
3327
3327
3324
3324
3321
3320
3319
3318
3318
3314
3314
3310
3309
3302
3302
3297
3296
3296
3295
3294
3294
3293
3292
3292
3291
3291
3291
3290
3290
3285
3283
3282
3278
3274
3274
3274
3273
3271
3270
3270
3267
3266
3262
3262
3261
3260
3260
3258
3257
3256
3255
3255
3252
3251
3250
3250
3249
3249
3248
3248
3247
3246
3243
3243
3241
3241
3239
3238
3238
3237
3234
3233
3233
3232
3232
3231
3231
3229
3229
3228
3226
3225
3225
3225
3224
3224
3223
3223
3219
3217
3217
3217
3217
3214
3214
3212
3212
3212
3212
3209
3209
3208
3207
3206
3206
3205
3205
3201
3196
3196
3195
3194
3192
3190
3184
3184
3181
3179
3178
3177
3174
3173
3173
3173
3171
3171
3168
3165
3161
3160
3159
3159
3157
3156
3154
3153
3152
3152
3152
3148
3148
3147
3147
3147
3145
3145
3144
3143
3142
3142
3141
3141
3141
3141
3138
3138
3138
3137
3135
3135
3135
3133
3132
3130
3130
3129
3128
3128
3127
3127
3126
3125
3125
3124
3122
3122
3122
3121
3119
3119
3116
3115
3114
3113
3111
3110
3109
3109
3108
3107
3107
3107
3106
3105
3102
3100
3097
3097
3096
3091
3090
3088
3087
3087
3086
3084
3083
3083
3082
3081
3081
3080
3080
3079
3079
3078
3078
3077
3076
3076
3074
3073
3072
3068
3066
3064
3063
3063
3062
3062
3061
3059
3059
3059
3059
3058
3057
3056
3053
3052
3049
3046
3045
3044
3042
3039
3037
3037
3037
3037
3037
3035
3035
3034
3034
3033
3033
3033
3032
3031
3029
3028
3026
3025
3025
3023
3023
3022
3022
3021
3020
3019
3018
3018
3016
3014
3014
3012
3007
3006
3006
3006
3006
3005
3003
3000
3000
