289248
281349
269196
254442
182003
173949
153933
146961
141604
137611
136129
135157
131818
130363
126250
124200
122683
119655
113448
111140
107466
107171
106917
104710
100849
100235
99237
98718
98711
98367
98299
96744
96477
95730
95015
93024
92421
88449
84306
84237
84208
82868
82200
81914
80399
78998
78935
78770
78303
77530
77521
76640
76399
76191
75914
75687
75149
74713
74396
74084
73590
73463
72936
70955
69563
69379
68678
67966
67407
66774
66402
65812
65305
65236
65167
65071
64896
64235
63859
62946
62902
62783
62669
61931
61754
61225
61094
60533
60487
60439
59654
59587
59421
58658
58313
57686
57565
57397
57359
57252
56897
56868
56327
56159
56146
55942
55916
55701
55617
55542
55399
54672
54640
54616
54556
54474
54423
54385
54356
54273
54088
53914
53904
53845
53731
53690
53553
53462
53417
53378
52766
52600
52327
52280
52239
52209
52165
52056
51960
51613
51223
50831
50156
49919
49581
49380
49312
49196
49119
49046
48804
47705
47546
47408
47246
47175
46989
46980
46615
46598
46499
46478
46207
46202
46083
46032
45997
45885
45823
45803
45140
44885
44824
44780
44768
44511
44386
44164
43915
43901
43887
43671
43529
43481
43243
43185
43022
42683
42673
42567
42526
42500
42469
42376
42373
42267
42148
42005
41978
41974
41953
41924
41755
41711
41689
41564
41495
41388
41358
41286
41119
41108
40935
40860
40848
40834
40795
40648
40488
40343
40149
40062
39934
39923
39902
39689
39574
39521
39520
39304
39117
38755
38541
38298
38251
38129
38119
38054
37961
37958
37718
37591
37550
37210
37205
37196
37050
36720
36703
36692
36674
36575
36509
36469
36405
36287
36242
36220
35925
35923
35897
35892
35791
35754
35751
35555
35462
35331
35291
35201
35163
35069
35043
34884
34849
34794
34756
34730
34721
34557
34517
34410
34348
34301
34192
34192
34078
34029
34018
34014
33965
33920
33892
33866
33848
33800
33792
33753
33742
33713
33677
33573
33478
33430
33332
33202
32969
32893
32885
32884
32833
32461
32304
32267
32258
32162
32137
32029
32001
31939
31885
31879
31840
31815
31700
31653
31594
31594
31565
31554
31523
31470
31429
31361
31349
31333
31186
31117
31069
31014
30990
30884
30879
30839
30676
30650
30627
30577
30551
30499
30488
30443
30389
30329
30310
30296
30296
30292
30249
30204
30147
30143
30103
30027
30012
29934
29890
29882
29859
29802
29778
29721
29751
29718
29686
29587
29570
29536
29424
29396
29364
29361
29351
29342
29308
29173
29152
29073
28986
28958
28947
28925
28808
28736
28386
28229
28168
28156
28064
28051
28035
28009
27971
27895
27886
27838
27746
27695
27682
27667
27573
27517
27269
27231
27170
27148
27122
27114
27107
26991
26974
26954
26887
26887
26865
26784
26783
26670
26511
26453
26378
26369
26359
26306
26262
26254
26209
26202
26200
26164
26159
26078
26060
26047
26044
25994
25954
25944
25855
25816
25668
25654
25651
25491
25383
25365
25349
25318
25315
25279
25214
25208
25151
25075
25048
25037
25016
24979
24887
24806
24741
24737
24729
24702
24669
24617
24572
24521
24515
24397
24296
24263
24246
24213
24186
24109
24079
24030
24027
24023
24019
23979
23959
23932
23929
23863
23859
23808
23805
23791
23752
23751
23732
23662
23659
23658
23623
23602
23564
23549
23548
23546
23524
23503
23496
23495
23431
23417
23379
23351
23321
23325
23251
23210
23185
23190
23174
23128
23091
23091
23034
22993
22926
22861
22756
22751
22721
22704
22691
22669
22656
22604
22557
22526
22414
22383
22360
22339
22275
22248
22237
22221
22166
22114
22054
22046
22004
21994
21981
21974
21971
21950
21924
21916
21898
21881
21868
21809
21808
21783
21756
21744
21700
21697
21640
21631
21616
21597
21576
21545
21496
21480
21470
21443
21411
21389
21379
21373
21314
21312
21309
21267
21255
21240
21222
21201
21143
21125
21125
21094
21093
21088
21087
21060
21059
21041
21018
20875
20875
20850
20849
20835
20834
20830
20806
20805
20753
20707
20692
20674
20636
20631
20619
20592
20515
20505
20485
20474
20453
20446
20445
20441
20437
20408
20404
20401
20386
20355
20344
20327
20306
20257
20235
20228
20214
20207
20185
20183
20179
20165
20159
20156
20116
20083
20068
20028
20023
20020
20002
19960
19933
19889
19881
19865
19825
19817
19786
19773
19753
19732
19732
19697
19679
19677
19631
19616
19608
19589
19559
19501
19480
19451
19432
19410
19392
19362
19333
19330
19326
19316
19311
19292
19291
19262
19222
19207
19195
19171
19161
19155
19123
19100
19079
19056
19051
19006
18988
18942
18933
18898
18887
18864
18850
18850
18822
18819
18759
18755
18725
18721
18719
18704
18697
18691
18667
18666
18662
18657
18640
18633
18605
18600
18590
18583
18529
18509
18437
18390
18347
18346
18340
18335
18316
18297
18287
18249
18242
18228
18222
18221
18190
18180
18179
18117
18098
18095
18087
18046
18042
18018
18016
17994
17991
17927
17920
17917
17900
17897
17875
17835
17826
17813
17796
17790
17750
17743
17739
17722
17667
17654
17612
17601
17585
17547
17546
17543
17528
17491
17484
17484
17477
17440
17429
17424
17411
17411
17410
17394
17369
17326
17313
17303
17291
17257
17255
17212
17161
17153
17149
17089
17061
17045
17028
17022
17018
17009
17006
16991
16984
16966
16958
16951
16947
16940
16934
16901
16878
16814
16813
16802
16758
16745
16713
16712
16695
16671
16667
16630
16628
16612
16597
16575
16558
16558
16558
16554
16550
16549
16549
16542
16523
16511
16480
16476
16453
16452
16451
16447
16441
16438
16434
16424
16408
16388
16381
16379
16373
16349
16330
16321
16317
16328
16306
16295
16280
16211
16202
16183
16172
16171
16158
16133
16121
16116
16116
16113
16091
16073
16056
16047
16016
15954
15954
15953
15928
15919
15883
15872
15872
15854
15847
15821
15810
15795
15788
15759
15749
15715
15709
15695
15654
15643
15621
15587
15585
15584
15570
15550
15549
15542
15536
15526
15511
15475
15474
15461
15456
15448
15445
15430
15417
15405
15382
15379
15374
15365
15364
15346
15289
15283
15277
15276
15267
15264
15262
15258
15256
15250
15244
15238
15210
15202
15182
15175
15169
15167
15141
15135
15116
15113
15098
15081
15081
15077
15064
15049
15037
15034
15031
14994
14968
14965
14964
14954
14959
14910
14899
14893
14879
14833
14820
14794
14792
14791
14785
14780
14774
14737
14707
14695
14672
14667
14649
14645
14642
14628
14611
14592
14588
14583
14560
14557
14555
14540
14515
14503
14486
14469
14453
14446
14442
14415
14413
14410
14400
14389
14357
14341
14339
14329
14318
14317
14314
14313
14300
14296
14292
14253
14251
14249
14238
14226
14217
14214
14201
14193
14182
14166
14084
14083
14075
14075
14053
14046
14023
13966
13966
13946
13946
13931
13923
13922
13915
13912
13911
13893
13892
13890
13886
13883
13876
13854
13849
13820
13792
13788
13782
13737
13729
13719
13717
13715
13712
13707
13703
13701
13700
13692
13687
13677
13676
13655
13649
13646
13642
13637
13628
13623
13616
13615
13608
13605
13599
13598
13564
13564
13561
13508
13508
13496
13479
13474
13468
13462
13462
13456
13450
13416
13414
13404
13387
13380
13377
13371
13368
13352
13333
13333
13325
13324
13320
13302
13281
13271
13266
13249
13245
13244
13236
13230
13228
13227
13206
13196
13196
13190
13175
13166
13163
13160
13160
13145
13141
13132
13100
13092
13088
13082
13066
13062
13061
13050
13049
13046
13025
13024
12994
12992
12987
12982
12980
12975
12974
12970
12958
12945
12944
12923
12907
12905
12900
12890
12875
12864
12862
12828
12824
12814
12802
12769
12764
12755
12753
12744
12743
12741
12735
12716
12715
12709
12702
12702
12694
12689
12681
12665
12659
12607
12601
12595
12586
12585
12575
12548
12541
12531
12471
12464
12415
12404
12396
12380
12345
12344
12326
12323
12306
12292
12267
12256
12256
12253
12251
12249
12249
12243
12236
12232
12224
12223
12204
12188
12185
12184
12174
12166
12166
12159
12155
12151
12133
12126
12125
12117
12110
12104
12093
12086
12080
12075
12075
12073
12059
12057
12049
12047
12045
12040
12036
12033
12011
12010
11996
11987
11985
11981
11972
11972
11961
11950
11947
11947
11945
11939
11918
11913
11903
11895
11888
11876
11860
11851
11818
11811
11807
11785
11783
11777
11776
11771
11770
11754
11742
11742
11740
11734
11728
11724
11724
11710
11692
11653
11650
11627
11627
11609
11594
11587
11584
11578
11574
11572
11568
11540
11535
11533
11532
11531
11516
11515
11510
11495
11483
11467
11462
11459
11447
11447
11446
11445
11433
11427
11425
11421
11420
11416
11410
11408
11407
11401
11395
11381
11368
11367
11362
11359
11314
11312
11302
11299
11297
11295
11280
11280
11246
11245
11247
11238
11209
11207
11196
11178
11172
11166
11156
11146
11139
11139
11132
11131
11136
11120
11117
11114
11112
11098
11097
11092
11078
11068
11042
11041
11032
11027
11022
11005
11004
11001
10993
10984
10982
10971
10970
10965
10961
10961
10955
10955
10948
10941
10934
10933
10932
10925
10924
10922
10920
10913
10912
10910
10907
10900
10890
10890
10883
10873
10861
10849
10848
10847
10838
10819
10810
10767
10765
10745
10743
10738
10724
10706
10701
10699
10687
10686
10680
10674
10668
10659
10656
10655
10651
10649
10645
10643
10640
10636
10634
10626
10622
10607
10597
10596
10589
10582
10575
10573
10570
10554
10547
10547
10537
10532
10525
10518
10504
10491
10490
10489
10480
10470
10464
10464
10463
10436
10436
10430
10420
10415
10407
10405
10397
10392
10391
10390
10383
10381
10375
10374
10368
10361
10360
10355
10352
10340
10339
10334
10315
10309
10302
10298
10298
10295
10292
10289
10279
10271
10271
10268
10257
10238
10237
10228
10220
10215
10215
10209
10201
10199
10195
10183
10179
10169
10156
10153
10148
10143
10139
10132
10122
10110
10110
10101
10100
10096
10088
10087
10076
10075
10071
10054
10049
10048
10047
10046
10041
10040
10035
10031
10031
10030
10014
10012
10005
10004
10000
9993
9986
9985
9980
9977
9976
9974
9972
9968
9962
9950
9949
9947
9944
9943
9942
9931
9926
9926
9913
9913
9893
9893
9889
9883
9880
9880
9873
9861
9855
9838
9837
9825
9823
9822
9821
9814
9809
9805
9793
9786
9786
9781
9772
9757
9752
9748
9745
9722
9720
9714
9710
9698
9694
9694
9690
9687
9675
9664
9658
9656
9647
9646
9623
9617
9608
9607
9586
9584
9581
9579
9575
9573
9567
9556
9550
9543
9522
9520
9515
9513
9505
9504
9502
9489
9485
9485
9480
9474
9472
9468
9467
9458
9458
9456
9456
9453
9450
9447
9447
9445
9441
9437
9431
9428
9425
9407
9403
9392
9391
9388
9381
9378
9374
9371
9369
9360
9355
9352
9350
9338
9334
9325
9322
9319
9318
9308
9302
9271
9269
9268
9267
9260
9243
9225
9218
9217
9204
9196
9194
9192
9191
9182
9181
9170
9170
9158
9152
9144
9138
9133
9126
9121
9117
9109
9105
9105
9089
9086
9085
9085
9077
9074
9072
9066
9059
9044
9034
9025
9025
9024
9023
9019
9008
8991
8989
8987
8981
8978
8972
8971
8971
8971
8953
8947
8943
8940
8936
8932
8931
8923
8922
8919
8918
8914
8913
8913
8906
8906
8906
8902
8885
8883
8876
8875
8865
8858
8851
8844
8842
8841
8827
8810
8810
8809
8808
8804
8794
8792
8782
8777
8775
8769
8769
8763
8761
8757
8744
8742
8731
8727
8720
8715
8714
8713
8697
8697
8691
8689
8687
8685
8680
8680
8679
8669
8666
8663
8654
8653
8650
8646
8643
8640
8637
8635
8634
8631
8624
8623
8621
8619
8618
8614
8609
8595
8591
8578
8576
8574
8562
8560
8558
8557
8546
8546
8545
8536
8526
8518
8516
8512
8506
8504
8504
8497
8495
8493
8493
8489
8488
8483
8474
8471
8466
8462
8450
8442
8440
8430
8430
8428
8428
8427
8421
8418
8417
8414
8405
8401
8393
8391
8391
8384
8383
8379
8370
8367
8357
8356
8347
8337
8334
8314
8307
8305
8286
8280
8277
8266
8263
8256
8252
8251
8250
8249
8244
8244
8241
8232
8225
8225
8225
8220
8219
8214
8214
8211
8203
8203
8203
8192
8190
8185
8180
8176
8175
8165
8164
8160
8156
8144
8142
8140
8138
8134
8134
8132
8128
8126
8125
8125
8123
8123
8123
8117
8113
8109
8108
8107
8103
8098
8090
8082
8076
8070
8070
8065
8064
8063
8058
8057
8048
8047
8046
8046
8045
8041
8037
8036
8034
8031
8028
8027
8025
8021
8020
8018
8009
8009
8003
8000
8000
7999
7993
7992
7991
7988
7984
7985
7981
7980
7969
7969
7968
7967
7965
7962
7960
7960
7953
7942
7942
7935
7934
7933
7925
7925
7924
7917
7910
7906
7897
7890
7878
7873
7873
7872
7871
7868
7866
7862
7858
7858
7856
7855
7852
7844
7838
7835
7834
7829
7827
7823
7817
7814
7808
7807
7806
7803
7801
7797
7794
7788
7773
7771
7771
7770
7765
7763
7757
7755
7754
7746
7745
7743
7740
7739
7738
7737
7735
7732
7728
7722
7720
7715
7713
7710
7709
7705
7703
7698
7693
7691
7689
7688
7677
7673
7671
7666
7661
7647
7634
7634
7626
7625
7622
7612
7606
7597
7588
7582
7579
7578
7575
7569
7569
7567
7561
7561
7561
7560
7558
7552
7551
7547
7536
7536
7534
7534
7533
7531
7530
7528
7528
7527
7522
7521
7516
7515
7515
7513
7510
7507
7506
7502
7486
7474
7473
7468
7464
7464
7464
7462
7460
7452
7451
7449
7447
7445
7434
7430
7428
7419
7416
7415
7409
7408
7407
7406
7405
7405
7405
7394
7397
7393
7392
7390
7388
7379
7377
7377
7373
7369
7367
7362
7360
7348
7346
7346
7343
7338
7338
7338
7332
7331
7323
7313
7309
7309
7305
7302
7298
7294
7292
7290
7289
7287
7282
7288
7275
7274
7271
7267
7266
7265
7264
7260
7259
7259
7256
7254
7249
7244
7232
7232
7230
7222
7221
7220
7219
7207
7205
7200
7200
7197
7196
7189
7186
7181
7181
7179
7174
7169
7167
7163
7159
7154
7142
7139
7135
7132
7129
7124
7123
7122
7118
7116
7112
7104
7104
7100
7098
7098
7096
7090
7088
7087
7080
7080
7076
7076
7073
7072
7070
7067
7066
7064
7061
7059
7058
7058
7053
7048
7047
7043
7041
7039
7037
7036
7035
7033
7032
7030
7029
7026
7021
7018
7016
7004
7003
6999
6996
6992
6989
6981
6978
6975
6974
6972
6968
6964
6961
6942
6942
6941
6936
6931
6925
6922
6918
6916
6915
6914
6911
6911
6910
6907
6903
6901
6901
6899
6898
6896
6896
6893
6890
6885
6885
6880
6873
6871
6868
6862
6856
6855
6854
6853
6852
6850
6849
6845
6845
6845
6839
6835
6834
6832
6829
6827
6825
6822
6821
6815
6813
6809
6805
6802
6802
6799
6798
6796
6792
6791
6789
6788
6785
6784
6784
6782
6781
6779
6777
6776
6772
6769
6768
6758
6757
6751
6749
6747
6745
6745
6743
6739
6731
6729
6725
6722
6720
6717
6711
6704
6702
6701
6698
6698
6694
6693
6692
6688
6688
6682
6679
6678
6673
6673
6670
6662
6659
6656
6652
6640
6638
6627
6627
6624
6623
6621
6614
6613
6613
6612
6612
6608
6605
6598
6596
6582
6579
6579
6578
6578
6577
6574
6573
6569
6568
6567
6565
6560
6557
6555
6552
6551
6550
6549
6544
6544
6543
6542
6538
6535
6535
6528
6527
6525
6517
6514
6512
6510
6510
6501
6496
6495
6493
6490
6490
6490
6489
6489
6485
6479
6476
6461
6460
6456
6456
6453
6443
6442
6440
6434
6432
6432
6432
6431
6428
6426
6420
6419
6418
6415
6404
6398
6397
6393
6393
6392
6391
6391
6389
6386
6386
6385
6385
6383
6376
6370
6370
6367
6358
6353
6351
6350
6347
6343
6343
6343
6342
6340
6340
6339
6337
6333
6325
6321
6318
6312
6312
6311
6308
6303
6301
6297
6296
6293
6290
6284
6284
6280
6280
6280
6278
6276
6275
6274
6273
6271
6266
6265
6257
6256
6254
6250
6248
6245
6243
6234
6227
6224
6219
6215
6214
6212
6208
6206
6205
6205
6204
6204
6204
6204
6199
6198
6187
6185
6180
6178
6177
6176
6174
6172
6170
6170
6168
6163
6159
6151
6149
6145
6144
6144
6144
6143
6142
6141
6141
6138
6131
6131
6129
6128
6124
6123
6121
6121
6119
6119
6117
6116
6116
6113
6109
6108
6107
6106
6104
6099
6098
6097
6093
6092
6091
6085
6084
6083
6082
6082
6077
6072
6071
6069
6061
6056
6052
6051
6051
6048
6046
6045
6041
6035
6033
6032
6031
6030
6029
6028
6026
6025
6025
6025
6020
6018
6017
6012
6008
6006
6002
5998
5998
5989
5986
5984
5983
5975
5971
5967
5965
5965
5962
5958
5957
5957
5957
5955
5952
5951
5949
5949
5948
5947
5943
5942
5942
5941
5938
5938
5937
5936
5934
5931
5929
5926
5921
5921
5921
5921
5920
5920
5918
5916
5915
5908
5905
5904
5904
5900
5900
5899
5897
5895
5894
5885
5881
5877
5872
5871
5866
5865
5865
5857
5856
5856
5854
5851
5850
5849
5849
5846
5845
5843
5842
5839
5839
5839
5834
5826
5826
5822
5821
5820
5816
5816
5815
5814
5814
5814
5811
5811
5809
5804
5802
5802
5802
5799
5798
5797
5791
5790
5786
5785
5781
5781
5781
5780
5779
5778
5777
5775
5770
5770
5767
5765
5764
5762
5761
5761
5760
5759
5759
5756
5755
5753
5752
5752
5751
5749
5746
5745
5743
5743
5743
5743
5740
5740
5739
5734
5728
5726
5724
5723
5719
5717
5717
5716
5716
5715
5713
5711
5708
5707
5706
5705
5705
5703
5699
5697
5696
5694
5691
5689
5688
5687
5687
5687
5684
5684
5684
5680
5679
5677
5676
5675
5674
5674
5671
5671
5668
5668
5664
5661
5660
5659
5658
5658
5655
5653
5651
5650
5647
5644
5642
5634
5631
5623
5621
5617
5616
5614
5613
5613
5612
5612
5610
5607
5607
5606
5602
5601
5599
5597
5596
5595
5594
5594
5593
5593
5593
5591
5590
5586
5585
5584
5584
5579
5577
5575
5575
5572
5571
5570
5569
5569
5567
5562
5562
5562
5562
5561
5560
5559
5558
5556
5553
5550
5546
5542
5542
5542
5541
5541
5539
5538
5537
5534
5534
5533
5532
5530
5528
5524
5523
5523
5522
5520
5520
5517
5517
5515
5515
5514
5513
5511
5511
5506
5506
5505
5504
5501
5500
5498
5495
5494
5490
5489
5488
5486
5484
5484
5482
5480
5480
5478
5475
5475
5471
5471
5470
5469
5466
5466
5460
5458
5457
5457
5457
5455
5450
5450
5448
5447
5446
5446
5446
5440
5438
5436
5433
5433
5431
5430
5429
5429
5429
5425
5425
5425
5423
5420
5419
5418
5417
5416
5415
5408
5407
5407
5406
5405
5402
5402
5400
5399
5397
5397
5396
5395
5394
5391
5391
5390
5386
5384
5381
5381
5381
5379
5374
5374
5372
5371
5370
5368
5366
5366
5365
5365
5362
5362
5360
5357
5357
5354
5353
5353
5352
5350
5349
5347
5344
5343
5342
5339
5339
5338
5335
5335
5330
5329
5327
5327
5326
5324
5320
5318
5317
5316
5311
5308
5306
5305
5303
5302
5298
5295
5294
5294
5293
5292
5291
5289
5289
5288
5287
5287
5286
5284
5281
5279
5278
5276
5276
5275
5274
5273
5272
5272
5270
5270
5266
5266
5265
5264
5261
5260
5258
5251
5246
5244
5241
5240
5239
5237
5236
5234
5233
5231
5230
5229
5229
5227
5224
5223
5221
5219
5218
5217
5214
5214
5210
5210
5209
5209
5209
5209
5208
5207
5206
5205
5202
5201
5201
5200
5197
5194
5193
5191
5187
5186
5185
5182
5182
5181
5181
5181
5180
5179
5177
5176
5175
5175
5174
5173
5172
5170
5169
5169
5167
5166
5165
5163
5163
5161
5160
5160
5159
5158
5156
5155
5151
5148
5147
5147
5145
5141
5141
5141
5138
5138
5137
5136
5131
5127
5126
5124
5122
5121
5120
5116
5116
5115
5112
5112
5110
5109
5109
5108
5107
5107
5107
5107
5107
5106
5106
5105
5105
5104
5103
5101
5099
5099
5098
5097
5093
5092
5092
5092
5090
5088
5087
5087
5087
5086
5085
5085
5082
5082
5081
5081
5079
5079
5077
5077
5075
5075
5073
5072
5072
5069
5068
5067
5066
5064
5061
5061
5061
5056
5055
5055
5055
5051
5050
5049
5048
5047
5046
5046
5045
5041
5041
5040
5039
5038
5037
5036
5036
5035
5034
5034
5029
5028
5027
5026
5023
5023
5022
5020
5020
5018
5018
5018
5015
5015
5012
5011
5010
5009
5008
5007
5006
5006
5006
5004
5003
4999
4999
4998
4997
4997
4996
4995
4995
4993
4993
4992
4991
4990
4989
4988
4987
4987
4987
4984
4984
4980
4978
4977
4976
4976
4974
4973
4971
4969
4969
4968
4968
4968
4968
4967
4962
4962
4961
4959
4959
4958
4957
4957
4956
4955
4952
4951
4949
4946
4945
4944
4943
4942
4942
4939
4939
4938
4938
4938
4936
4936
4933
4933
4932
4931
4930
4929
4928
4928
4928
4928
4927
4926
4925
4923
4922
4921
4920
4919
4917
4916
4916
4914
4913
4913
4909
4908
4904
4903
4898
4896
4896
4895
4893
4892
4888
4888
4887
4821
4884
4882
4881
4879
4878
4878
4874
4871
4869
4869
4867
4866
4865
4864
4864
4863
4859
4858
4858
4857
4856
4855
4855
4853
4852
4852
4851
4847
4847
4845
4845
4844
4842
4841
4840
4836
4835
4835
4834
4833
4832
4829
4828
4827
4825
4825
4824
4822
4820
4818
4817
4815
4812
4812
4811
4810
4809
4804
4803
4800
4800
4799
4797
4797
4796
4794
4793
4792
4791
4791
4785
4785
4784
4779
4777
4769
4768
4766
4766
4764
4762
4761
4759
4758
4758
4757
4755
4751
4745
4740
4740
4736
4734
4734
4730
4723
4723
4723
4722
4721
4719
4717
4717
4716
4716
4711
4711
4710
4709
4708
4707
4707
4704
4704
4704
4703
4703
4700
4699
4698
4697
4697
4694
4693
4693
4693
4691
4690
4689
4687
4687
4686
4684
4684
4683
4682
4680
4678
4676
4675
4671
4669
4668
4667
4663
4662
4661
4660
4660
4659
4659
4659
4658
4658
4658
4658
4657
4657
4655
4653
4653
4651
4649
4648
4647
4645
4645
4645
4642
4641
4641
4636
4636
4634
4634
4634
4633
4631
4631
4631
4630
4628
4628
4625
4625
4623
4622
4621
4621
4620
4620
4617
4617
4617
4617
4616
4616
4615
4607
4605
4605
4604
4604
4603
4602
4602
4601
4600
4599
4599
4599
4598
4597
4597
4595
4594
4592
4592
4588
4587
4587
4587
4587
4586
4586
4586
4584
4583
4582
4581
4580
4578
4578
4578
4577
4576
4575
4572
4572
4570
4570
4570
4570
4570
4569
4569
4567
4567
4566
4564
4564
4561
4560
4560
4559
4557
4557
4556
4555
4554
4554
4553
4551
4580
4549
4548
4543
4542
4540
4538
4538
4536
4535
4535
4532
4531
4531
4530
4529
4524
4524
4523
4519
4517
4516
4516
4516
4516
4516
4515
4513
4513
4509
4507
4507
4507
4506
4505
4503
4502
4502
4500
4497
4496
4495
4494
4490
4488
4488
4487
4487
4485
4485
4483
4477
4477
4476
4475
4475
4475
4474
4473
4472
4471
4469
4469
4468
4468
4468
4467
4467
4466
4466
4465
4464
4464
4462
4462
4461
4460
4460
4460
4460
4459
4458
4456
4456
4455
4454
4454
4453
4452
4452
4452
4451
4448
4448
4446
4445
4444
4444
4444
4444
4444
4442
4442
4441
4439
4439
4437
4437
4437
4436
4434
4432
4432
4431
4430
4430
4430
4425
4424
4420
4420
4419
4418
4418
4418
4418
4416
4415
4408
4408
4407
4406
4405
4404
4403
4401
4400
4399
4398
4398
4398
4396
4394
4391
4391
4390
4390
4390
4390
4389
4388
4387
4385
4384
4383
4381
4378
4376
4376
4375
4375
4374
4373
4366
4365
4357
4356
4356
4354
4353
4349
4348
4348
4347
4347
4345
4344
4343
4343
4343
4341
4341
4339
4337
4336
4335
4335
4335
4334
4334
4332
4331
4331
4329
4328
4326
4324
4323
4323
4321
4321
4320
4320
4319
4318
4316
4315
4314
4313
4313
4313
4311
4310
4310
4310
4309
4308
4308
4306
4305
4304
4302
4302
4301
4296
4296
4295
4294
4302
4292
4292
4291
4291
4291
4290
4289
4288
4286
4286
4286
4285
4285
4281
4280
4279
4278
4275
4274
4273
4273
4273
4270
4269
4267
4264
4263
4261
4260
4258
4258
4257
4257
4256
4256
4255
4255
4251
4251
4250
4249
4247
4246
4243
4242
4241
4241
4240
4240
4239
4239
4238
4236
4236
4233
4232
4232
4232
4231
4229
4228
4227
4226
4225
4224
4224
4223
4223
4221
4221
4221
4220
4220
4219
4219
4219
4219
4217
4217
4216
4216
4215
4213
4212
4212
4209
4208
4208
4208
4207
4206
4206
4204
4204
4202
4201
4201
4201
4201
4201
4200
4199
4198
4198
4195
4194
4193
4193
4191
4190
4189
4188
4187
4187
4186
4185
4185
4183
4182
4182
4180
4178
4177
4177
4176
4176
4176
4176
4176
4175
4174
4174
4173
4172
4171
4171
4171
4170
4170
4169
4169
4167
4166
4165
4163
4162
4162
4161
4159
4158
4156
4154
4153
4153
4153
4153
4152
4151
4151
4151
4149
4149
4149
4148
4148
4145
4145
4144
4144
4143
4143
4141
4141
4141
4140
4137
4136
4136
4135
4133
4132
4129
4128
4126
4125
4122
4121
4121
4120
4118
4116
4116
4116
4116
4115
4114
4113
4112
4112
4112
4111
4110
4110
4108
4108
4104
4103
4103
4103
4102
4102
4101
4101
4100
4100
4097
4097
4096
4092
4090
4088
4088
4087
4087
4086
4085
4084
4084
4082
4081
4078
4077
4077
4076
4076
4073
4073
4072
4069
4068
4068
4067
4066
4066
4066
4065
4069
4065
4064
4063
4063
4063
4062
4062
4061
4060
4060
4057
4056
4056
4056
4055
4055
4055
4055
4055
4055
4055
4053
4053
4053
4052
4051
4050
4050
4050
4048
4046
4045
4044
4044
4044
4043
4043
4042
4041
4041
4040
4039
4038
4037
4037
4036
4035
4034
4034
4033
4033
4031
4031
4029
4029
4028
4027
4026
4025
4025
4025
4025
4025
4025
4024
4022
4021
4021
4021
4020
4020
4020
4020
4019
4015
4015
4012
4012
4010
4009
4008
4005
4005
4004
4003
4003
4002
4000
4000
3999
3999
3999
3998
3997
3997
3995
3994
3993
3993
3992
3992
3990
3985
3985
3985
3985
3985
3984
3983
3982
3982
3982
3980
3980
3979
3977
3976
3973
3973
3972
3972
3970
3970
3969
3969
3969
3968
3967
3966
3966
3966
3965
3965
3964
3963
3962
3961
3960
3960
3959
3959
3959
3959
3958
3957
3956
3954
3953
3953
3952
3951
3950
3949
3949
3948
3947
3947
3945
3944
3944
3944
3944
3943
3943
3943
3942
3942
3942
3941
3941
3941
3940
3939
3939
3937
3936
3936
3935
3934
3934
3933
3933
3931
3930
3930
3929
3929
3929
3927
3926
3925
3923
3922
3921
3920
3919
3918
3917
3917
3916
3916
3915
3914
3913
3912
3912
3912
3912
3912
3910
3910
3909
3907
3907
3906
3906
3906
3905
3904
3904
3904
3902
3902
3902
3902
3901
3901
3900
3900
3900
3899
3899
3898
3898
3897
3897
3896
3893
3893
3892
3892
3891
3891
3891
3891
3891
3890
3890
3889
3888
3888
3886
3885
3884
3884
3884
3883
3883
3881
3880
3880
3880
3880
3879
3879
3877
3876
3876
3873
3873
3872
3872
3872
3871
3870
3869
3869
3867
3867
3867
3866
3865
3864
3864
3862
3860
3860
3857
3857
3857
3855
3854
3853
3852
3850
3850
3849
3847
3847
3847
3846
3845
3844
3844
3843
3843
3842
3842
3841
3841
3839
3839
3839
3838
3837
3837
3836
3836
3835
3834
3834
3833
3832
3831
3831
3830
3829
3829
3829
3829
3829
3828
3826
3825
3824
3824
3824
3823
3822
3820
3820
3819
3817
3817
3816
3815
3813
3813
3810
3810
3809
3807
3806
3806
3806
3806
3806
3805
3804
3802
3802
3802
3800
3800
3800
3800
3799
3798
3797
3797
3797
3797
3796
3796
3796
3796
3795
3795
3793
3791
3789
3786
3785
3785
3784
3784
3783
3783
3783
3783
3781
3781
3780
3779
3779
3777
3777
3775
3775
3775
3774
3774
3774
3772
3771
3771
3769
3768
3766
3765
3765
3764
3763
3761
3760
3759
3759
3759
3759
3758
3757
3756
3756
3756
3755
3755
3753
3753
3752
3751
3751
3750
3750
3749
3746
3744
3744
3743
3743
3743
3742
3742
3740
3739
3739
3738
3737
3733
3731
3731
3730
3730
3730
3729
3729
3729
3729
3728
3728
3728
3728
3727
3727
3726
3726
3725
3724
3722
3722
3722
3721
3721
3721
3720
3719
3719
3718
3718
3717
3717
3716
3714
3714
3713
3713
3713
3712
3712
3711
3711
3711
3711
3710
3710
3708
3708
3708
3707
3707
3704
3704
3701
3698
3696
3696
3696
3694
3693
3693
3693
3692
3691
3689
3689
3689
3689
3688
3686
3685
3683
3682
3682
3682
3681
3681
3680
3680
3677
3677
3676
3676
3676
3676
3674
3674
3673
3673
3673
3673
3672
3672
3671
3670
3668
3668
3667
3667
3665
3664
3662
3662
3660
3658
3658
3658
3656
3656
3655
3655
3655
3654
3654
3653
3653
3653
3653
3651
3651
3650
3649
3649
3649
3648
3647
3646
3644
3644
3642
3642
3642
3642
3641
3641
3641
3639
3637
3637
3635
3634
3633
3632
3630
3630
3629
3629
3628
3628
3625
3625
3625
3624
3624
3623
3622
3621
3620
3619
3619
3618
3618
3617
3616
3615
3614
3614
3613
3613
3612
3612
3612
3611
3610
3610
3609
3607
3607
3607
3604
3600
3596
3596
3596
3592
3590
3588
3588
3587
3586
3586
3586
3585
3585
3583
3582
3581
3581
3578
3578
3576
3576
3575
3574
3573
3573
3572
3572
3571
3569
3567
3567
3567
3567
3566
3566
3565
3563
3561
3561
3561
3559
3557
3555
3554
3554
3553
3551
3551
3550
3550
3548
3548
3548
3548
3548
3546
3546
3546
3546
3545
3544
3542
3542
3541
3541
3540
3540
3539
3539
3538
3537
3536
3536
3535
3535
3535
3532
3532
3531
3531
3529
3528
3528
3528
3528
3527
3527
3526
3525
3524
3524
3523
3523
3523
3520
3518
3517
3516
3516
3515
3515
3515
3515
3514
3512
3511
3510
3510
3509
3508
3508
3506
3506
3506
3504
3504
3503
3503
3503
3502
3502
3502
3501
3500
3500
3499
3499
3498
3498
3498
3497
3496
3496
3495
3494
3494
3494
3493
3493
3492
3492
3491
3491
3489
3488
3487
3486
3485
3485
3485
3484
3484
3483
3482
3480
3479
3479
3479
3479
3478
3477
3476
3475
3475
3474
3474
3474
3474
3473
3471
3470
3469
3469
3466
3466
3466
3465
3465
3465
3464
3462
3462
3461
3461
3460
3460
3457
3456
3456
3455
3455
3455
3454
3454
3454
3454
3454
3453
3453
3452
3452
3452
3452
3451
3450
3450
3449
3448
3447
3447
3445
3442
3441
3441
3441
3440
3440
3439
3438
3437
3437
3437
3437
3437
3436
3436
3435
3434
3434
3433
3433
3432
3432
3432
3431
3428
3427
3427
3427
3448
3426
3426
3426
3425
3425
3425
3425
3422
3422
3421
3420
3420
3419
3419
3419
3418
3418
3418
3416
3416
3416
3415
3415
3414
3414
3412
3412
3411
3411
3410
3408
3408
3417
3407
3407
3407
3406
3406
3404
3404
3404
3403
3403
3402
3402
3402
3401
3400
3400
3400
3399
3399
3398
3396
3395
3395
3395
3394
3394
3394
3393
3393
3392
3389
3389
3389
3388
3387
3386
3385
3384
3384
3383
3383
3382
3382
3381
3380
3380
3380
3380
3379
3379
3379
3378
3377
3376
3376
3375
3380
3374
3374
3373
3369
3369
3368
3368
3367
3367
3367
3366
3366
3365
3364
3363
3363
3363
3362
3360
3359
3358
3358
3357
3357
3357
3357
3357
3356
3356
3355
3355
3354
3353
3353
3351
3351
3350
3348
3348
3347
3347
3346
3346
3345
3345
3344
3344
3344
3344
3343
3343
3343
3342
3342
3341
3341
3341
3341
3340
3339
3339
3338
3338
3337
3336
3336
3333
3333
3332
3332
3332
3332
3331
3329
3327
3327
3326
3326
3326
3325
3325
3325
3324
3323
3321
3321
3320
3319
3318
3316
3316
3315
3315
3205
3314
3314
3314
3313
3313
3312
3312
3311
3311
3310
3309
3309
3308
3308
3307
3307
3307
3307
3306
3306
3306
3305
3305
3304
3303
3303
3302
3301
3301
3301
3300
3300
3300
3300
3299
3299
3299
3295
3295
3293
3292
3291
3291
3291
3291
3290
3290
3290
3289
3289
3289
3289
3288
3287
3287
3287
3287
3287
3286
3285
3284
3283
3283
3282
3282
3280
3279
3279
3278
3278
3278
3278
3278
3277
3277
3275
3275
3275
3274
3273
3273
3272
3272
3271
3271
3271
3271
3271
3270
3268
3267
3267
3266
3265
3265
3265
3264
3264
3264
3263
3263
3260
3260
3260
3259
3257
3256
3256
3256
3255
3254
3253
3253
3253
3252
3251
3249
3249
3247
3246
3246
3246
3246
3245
3243
3243
3241
3241
3240
3240
3240
3239
3238
3238
3237
3236
3236
3236
3235
3235
3234
3234
3233
3232
3232
3232
3232
3232
3231
3231
3230
3230
3229
3229
3228
3227
3226
3226
3225
3224
3224
3224
3224
3223
3223
3222
3222
3222
3220
3220
3219
3219
3219
3218
3218
3217
3217
3215
3214
3214
3213
3212
3211
3211
3210
3210
3208
3207
3207
3206
3206
3206
3205
3204
3203
3202
3202
3201
3201
3201
3200
3199
3198
3198
3198
3198
3198
3197
3197
3196
3195
3195
3195
3194
3194
3194
3193
3193
3192
3192
3192
3190
3190
3190
3190
3188
3188
3188
3188
3187
3186
3186
3186
3186
3185
3184
3184
3184
3182
3181
3181
3180
3179
3179
3179
3179
3179
3179
3178
3178
3178
3178
3177
3176
3175
3175
3175
3175
3174
3173
3172
3172
3171
3171
3171
3170
3170
3170
3169
3168
3168
3168
3168
3167
3167
3167
3166
3166
3165
3165
3164
3163
3163
3163
3163
3163
3162
3161
3160
3160
3160
3160
3157
3157
3157
3157
3157
3157
3156
3156
3155
3155
3155
3155
3154
3153
3152
3152
3152
3150
3150
3149
3148
3147
3147
3147
3146
3146
3146
3146
3145
3145
3144
3144
3144
3143
3143
3140
3140
3140
3140
3140
3140
3139
3139
3138
3137
3137
3137
3136
3136
3135
3135
3135
3134
3134
3133
3133
3133
3132
3132
3132
3132
3132
3131
3130
3129
3128
3128
3127
3127
3126
3126
3126
3125
3124
3123
3122
3121
3121
3121
3120
3119
3118
3116
3116
3115
3114
3114
3113
3113
3113
3112
3112
3112
3111
3111
3111
3111
3110
3109
3108
3108
3107
3107
3107
3106
3106
3106
3106
3105
3105
3104
3104
3103
3102
3102
3101
3101
3101
3100
3100
3099
3098
3098
3098
3097
3096
3095
3095
3094
3094
3094
3093
3092
3091
3091
3090
3090
3089
3088
3088
3087
3087
3087
3086
3084
3083
3083
3082
3082
3080
3080
3080
3079
3079
3078
3077
3077
3076
3076
3076
3076
3075
3075
3075
3075
3073
3073
3073
3071
3071
3070
3070
3070
3069
3068
3068
3068
3068
3065
3065
3064
3064
3064
3063
3063
3063
3062
3062
3062
3061
3061
3061
3060
3060
3059
3057
3056
3056
3056
3054
3054
3054
3053
3053
3052
3052
3052
3051
3051
3050
3050
3049
3049
3048
3048
3048
3047
3047
3045
3043
3043
3042
3041
3040
3040
3040
3040
3039
3039
3038
3038
3037
3037
3037
3035
3035
3034
3033
3033
3032
3032
3032
3032
3031
3031
3030
3030
3028
3027
3027
3026
3026
3025
3025
3025
3025
3025
3025
3024
3024
3024
3024
3024
3023
3022
3022
3022
3022
3021
3021
3021
3020
3020
3019
3019
3019
3018
3018
3018
3017
3017
3016
3016
3015
3015
3015
3014
3014
3012
3012
3012
3011
3011
3011
3010
3010
3009
3009
3009
3008
3008
3007
3007
3005
3005
3004
3004
3003
3002
3002
3001
3001
3000
