58139
55575
50890
50211
40130
39484
35802
32324
32092
30514
29860
29431
28166
26222
26200
26141
26033
25707
25596
25292
24711
24526
24195
22852
22382
22250
22064
21170
20891
20565
19819
19603
19512
19206
18745
18718
18438
18292
18275
18125
17831
17672
17648
17526
17523
17219
17072
16672
16602
16360
16245
16181
16053
15824
15506
15399
15299
15284
15278
15065
14992
14909
14803
14730
14546
14379
14252
14167
14153
14126
14102
14070
13990
13920
13733
13688
13490
13484
13428
13414
13382
13275
13121
13031
13022
13019
13017
12917
12904
12823
12676
12581
12407
12402
12401
12383
12254
12237
12220
12122
12105
11991
11979
11878
11789
11788
11697
11667
11664
11581
11563
11467
11453
11443
11412
11368
11360
11290
11282
11262
11247
11243
11174
11115
11020
11015
10990
10799
10782
10767
10752
10737
10693
10575
10518
10473
10415
10379
10297
10243
10238
10221
10216
10185
10142
10093
10074
10066
10034
10033
10003
9985
9959
9932
9927
9913
9909
9905
9870
9848
9800
9791
9782
9754
9704
9678
9668
9660
9650
9628
9606
9606
9547
9539
9525
9521
9516
9497
9494
9488
9448
9437
9432
9424
9388
9379
9363
9307
9283
9273
9228
9222
9190
9181
9145
9138
9110
9099
9081
9065
9052
9044
9033
9004
8990
8987
8949
8940
8881
8858
8840
8837
8832
8788
8766
8750
8732
8708
8703
8683
8678
8646
8632
8630
8625
8611
8586
8586
8578
8569
8540
8532
8514
8509
8484
8472
8419
8419
8418
8412
8337
8329
8311
8309
8274
8243
8210
8209
8178
8176
8175
8164
8162
8113
8094
8087
8061
7987
7979
7945
7942
7930
7909
7909
7906
7906
7883
7881
7877
7861
7846
7787
7781
7774
7765
7765
7748
7739
7712
7710
7700
7699
7691
7643
7609
7599
7570
7569
7567
7566
7542
7535
7535
7534
7524
7523
7509
7504
7476
7465
7464
7456
7447
7444
7443
7439
7427
7415
7411
7382
7377
7336
7328
7312
7312
7304
7292
7283
7280
7277
7272
7265
7263
7251
7232
7230
7205
7201
7199
7181
7173
7156
7144
7141
7137
7098
7056
7054
7044
7022
7006
7005
7000
6995
6989
6976
6975
6971
6944
6943
6928
6923
6914
6905
6879
6874
6872
6868
6866
6846
6844
6823
6812
6807
6805
6797
6786
6741
6716
6705
6704
6684
6675
6671
6662
6662
6637
6630
6624
6607
6602
6591
6590
6588
6582
6581
6575
6560
6545
6542
6522
6521
6511
6505
6502
6500
6489
6487
6486
6475
6465
6459
6447
6424
6422
6410
6405
6400
6378
6367
6335
6332
6324
6304
6282
6272
6257
6237
6234
6227
6200
6193
6190
6190
6185
6184
6163
6159
6151
6145
6140
6103
6103
6098
6094
6079
6049
6041
6036
6032
6020
6003
5980
5972
5965
5963
5960
5948
5939
5936
5896
5893
5892
5880
5845
5843
5837
5835
5831
5828
5822
5816
5812
5804
5803
5795
5775
5763
5761
5759
5758
5752
5749
5748
5747
5734
5703
5698
5688
5687
5684
5678
5677
5677
5676
5674
5671
5655
5644
5634
5634
5634
5632
5622
5608
5607
5605
5603
5597
5590
5589
5582
5580
5575
5575
5573
5571
5557
5541
5534
5527
5517
5517
5511
5507
5496
5474
5450
5449
5443
5435
5383
5375
5361
5357
5354
5353
5347
5333
5332
5329
5317
5315
5314
5309
5308
5303
5296
5288
5287
5277
5277
5268
5266
5260
5256
5244
5243
5242
5242
5238
5232
5218
5217
5216
5206
5205
5196
5196
5190
5184
5173
5163
5162
5158
5151
5147
5139
5136
5133
5133
5132
5125
5116
5114
5105
5104
5096
5095
5092
5087
5085
5085
5075
5058
5050
5040
5035
5024
5023
5014
5012
5006
4994
4992
4978
4974
4964
4961
4961
4957
4954
4940
4939
4934
4932
4928
4927
4907
4900
4898
4892
4866
4866
4863
4862
4860
4860
4857
4857
4851
4848
4839
4832
4829
4825
4823
4822
4819
4813
4810
4808
4806
4805
4800
4797
4789
4784
4783
4779
4774
4773
4747
4744
4743
4740
4723
4720
4711
4706
4700
4697
4689
4688
4685
4682
4680
4660
4657
4656
4645
4641
4639
4636
4634
4627
4613
4610
4609
4603
4592
4592
4589
4584
4572
4568
4561
4558
4549
4548
4535
4533
4528
4526
4526
4522
4513
4512
4511
4506
4502
4501
4499
4496
4488
4486
4481
4479
4470
4465
4465
4457
4450
4445
4426
4423
4422
4417
4416
4413
4412
4404
4393
4386
4375
4367
4365
4361
4355
4344
4344
4342
4341
4336
4333
4332
4331
4323
4321
4321
4316
4316
4314
4307
4307
4304
4301
4298
4296
4293
4291
4288
4288
4286
4284
4284
4281
4280
4276
4275
4274
4271
4254
4250
4241
4229
4225
4225
4223
4222
4220
4219
4212
4210
4209
4209
4209
4208
4207
4205
4199
4197
4196
4194
4192
4176
4174
4171
4170
4166
4166
4160
4159
4158
4148
4148
4146
4144
4140
4139
4138
4136
4131
4130
4130
4129
4125
4124
4123
4123
4122
4105
4105
4104
4103
4101
4098
4097
4091
4089
4084
4082
4079
4077
4072
4067
4064
4062
4054
4046
4044
4044
4044
4043
4035
4031
4024
4023
4016
4009
4006
4000
3999
3999
3987
3982
3981
3977
3975
3970
3966
3961
3959
3953
3949
3945
3942
3941
3936
3933
3926
3924
3922
3920
3919
3918
3912
3908
3906
3896
3885
3885
3881
3881
3881
3880
3879
3875
3865
3865
3863
3862
3858
3854
3847
3846
3846
3840
3837
3835
3834
3834
3833
3829
3827
3822
3820
3816
3810
3810
3810
3803
3800
3798
3796
3796
3793
3781
3780
3780
3771
3771
3768
3767
3764
3760
3760
3751
3749
3741
3737
3723
3721
3721
3720
3715
3714
3710
3709
3709
3708
3706
3694
3693
3687
3680
3676
3671
3670
3669
3667
3665
3664
3663
3661
3657
3657
3656
3656
3656
3654
3649
3645
3639
3639
3639
3635
3630
3630
3627
3626
3614
3614
3613
3611
3610
3608
3606
3599
3595
3591
3591
3587
3587
3586
3583
3579
3578
3577
3576
3575
3573
3567
3561
3559
3556
3555
3552
3549
3547
3547
3545
3545
3545
3543
3542
3539
3536
3533
3532
3531
3531
3531
3527
3526
3525
3520
3515
3515
3513
3511
3509
3508
3503
3495
3494
3493
3491
3490
3488
3484
3482
3482
3480
3479
3476
3471
3470
3469
3469
3465
3455
3448
3447
3446
3445
3445
3440
3436
3433
3430
3429
3426
3426
3426
3425
3423
3423
3423
3422
3421
3417
3409
3406
3403
3400
3399
3399
3397
3394
3392
3391
3390
3389
3387
3380
3379
3377
3375
3370
3369
3369
3368
3361
3354
3353
3353
3353
3351
3345
3344
3342
3342
3341
3333
3333
3332
3331
3330
3330
3323
3322
3320
3317
3314
3310
3301
3300
3297
3295
3294
3293
3291
3289
3289
3289
3289
3285
3281
3278
3274
3274
3273
3271
3271
3268
3263
3262
3262
3258
3257
3256
3254
3253
3250
3247
3247
3246
3245
3244
3243
3236
3234
3234
3232
3232
3229
3227
3227
3226
3225
3223
3221
3218
3217
3216
3215
3212
3210
3210
3207
3205
3205
3204
3200
3197
3197
3196
3195
3193
3191
3189
3185
3185
3181
3177
3174
3170
3170
3167
3167
3167
3166
3165
3163
3162
3153
3152
3152
3151
3151
3150
3149
3147
3143
3140
3140
3140
3131
3129
3128
3127
3127
3126
3124
3122
3120
3119
3118
3118
3118
3112
3109
3106
3105
3104
3102
3098
3097
3097
3096
3094
3093
3092
3092
3087
3086
3085
3085
3082
3079
3073
3070
3067
3065
3065
3060
3058
3058
3057
3057
3056
3055
3055
3052
3050
3048
3045
3044
3041
3041
3037
3036
3035
3031
3029
3027
3025
3017
3017
3016
3012
3009
3008
3006
3003
3003
3002
3001
3000
