331732
293702
240713
201503
201147
188304
181821
171608
160447
152540
146682
143569
142077
139566
136328
134242
133590
131415
128234
124243
115322
111341
111005
109897
109877
109591
108556
101591
100913
96577
94755
94245
92046
91442
90725
89570
88462
88350
87177
86011
85089
84863
82424
81030
80662
79818
79326
77832
76709
75469
75505
74508
73995
73124
71527
70288
69202
67512
66280
65957
65905
65614
65031
63589
63414
63161
61717
61662
61360
61298
59878
59449
58700
58345
57282
57261
57183
57103
56808
56412
56290
56028
54712
54651
54568
53809
53104
52624
52481
52311
52308
51635
51359
51235
51205
51187
51174
51125
50907
50175
49674
49506
49500
49460
49405
49283
49166
49025
48699
48686
48574
48562
47403
46840
46769
46557
46189
46078
46077
46039
45724
45722
44663
44542
44366
44236
44214
43870
43759
43630
43398
43380
42756
42555
42532
42237
41942
41335
40724
40698
40665
40172
40029
39940
39905
39756
39754
39726
39676
39425
39357
38998
38810
38656
38492
38456
38217
37992
37823
37630
37566
37482
37462
37406
37226
37164
36880
36839
36816
36714
36628
36467
36343
36194
36148
36100
36019
35704
35387
35298
35185
35154
35137
35012
34919
34905
34875
34797
34794
34767
34681
34649
34395
34314
34198
34166
34116
34109
34109
34026
33994
33985
33984
33899
33825
33723
33675
33660
33656
33595
33576
33399
33371
33344
33336
32897
32897
32821
32799
32710
32576
32545
32400
32201
32024
31982
31918
31856
31785
31684
31671
31615
31559
31483
31436
31428
31201
31200
31173
31153
31153
31117
30958
30955
30947
30915
30757
30650
30281
30280
30274
30242
30155
30124
30097
30009
30002
29944
29853
29752
29678
29673
29482
29375
29317
29293
29169
29071
29057
28897
28825
28814
28786
28743
28567
28502
28479
28476
28415
28405
28322
28315
28232
28120
28120
28104
28098
28043
28016
28008
27998
27944
27851
27847
27818
27786
27739
27715
27681
27653
27640
27569
27509
27482
27388
27359
27302
27184
27148
27144
27121
27058
27053
27019
26913
26760
26744
26688
26673
26592
26581
26533
26368
26334
26290
26166
26162
26060
26023
26017
26016
25980
25928
25870
25791
25782
25742
25713
25600
25412
25402
25291
25220
25213
25207
25201
25198
25082
25067
25055
25021
24950
24916
24877
24838
24648
24643
24618
24616
24517
24501
24491
24452
24373
24178
24078
24043
23985
23974
23923
23904
23901
23862
23862
23841
23798
23790
23766
23757
23608
23597
23587
23577
23576
23562
23560
23557
23527
23498
23481
23469
23392
23285
23248
23232
23230
23209
23200
23131
23124
23087
23074
23072
23013
22979
22962
22928
22911
22861
22859
22756
22713
22672
22664
22634
22613
22536
22460
22441
22394
22374
22235
22212
22204
22193
22190
22153
22132
22117
22105
22039
22025
22003
21994
21988
21986
21983
21977
21963
21955
21951
21937
21898
21862
21809
21785
21746
21767
21672
21626
21526
21526
21517
21511
21441
21432
21426
21420
21417
21362
21359
21350
21265
21264
21232
21225
21224
21197
21177
21155
21152
21085
20892
20864
20790
20786
20742
20723
20686
20662
20662
20641
20605
20594
20579
20559
20556
20540
20487
20463
20351
20348
20318
20315
20313
20267
20260
20239
20207
20178
20161
20139
20037
20030
20001
19985
19966
19946
19926
19910
19885
19859
19844
19831
19829
19806
19799
19784
19780
19770
19684
19683
19649
19627
19602
19575
19520
19513
19471
19468
19461
19433
19419
19413
19413
19366
19340
19332
19311
19307
19278
19274
19248
19241
19225
19182
19180
19190
19159
19150
19136
19127
19120
19071
19017
18989
18982
18903
18883
18854
18767
18747
18725
18713
18697
18675
18653
18639
18638
18593
18578
18548
18453
18408
18373
18313
18307
18299
18290
18284
18284
18277
18275
18258
18252
18226
18220
18206
18196
18183
18181
18173
18160
18152
18150
18132
18128
18111
18109
18103
18103
18084
18067
18033
18020
18008
18003
17954
17948
17941
17938
17928
17926
17879
17868
17845
17803
17782
17785
17720
17713
17704
17680
17675
17597
17589
17567
17552
17543
17505
17505
17505
17464
17448
17439
17436
17433
17428
17414
17412
17411
17386
17347
17322
17320
17317
17311
17295
17285
17278
17263
17262
17256
17241
17227
17220
17199
17188
17133
17128
17122
17118
17051
17049
17048
17045
17029
17027
16995
16987
16936
16915
16903
16900
16867
16832
16810
16803
16802
16793
16745
16744
16670
16634
16620
16609
16605
16587
16572
16571
16555
16554
16534
16520
16505
16494
16475
16456
16451
16423
16407
16385
16372
16370
16342
16339
16339
16336
16317
16307
16298
16286
16263
16225
16215
16176
16160
16137
16154
16102
16101
16077
16073
16052
16051
16032
16021
16012
16006
15985
15984
15983
15980
15966
15947
15941
15925
15921
15881
15862
15859
15859
15830
15821
15818
15797
15772
15766
15748
15737
15735
15722
15720
15716
15707
15704
15703
15690
15689
15678
15660
15656
15652
15637
15621
15609
15603
15585
15581
15559
15553
15546
15532
15509
15504
15488
15476
15469
15451
15444
15421
15421
15418
15398
15383
15362
15360
15345
15325
15320
15296
15280
15278
15276
15266
15264
15237
15233
15228
15225
15203
15191
15175
15144
15137
15131
15121
15115
15110
15106
15102
15094
15093
15086
15068
15061
15058
15057
15047
15044
15039
15032
15024
15017
15013
15009
15003
14992
14981
14975
14974
14972
14948
14947
14918
14898
14873
14868
14859
14858
14856
14800
14800
14786
14754
14749
14708
14682
14680
14663
14662
14661
14653
14652
14648
14553
14543
14535
14532
14531
14530
14519
14517
14512
14502
14495
14494
14486
14476
14425
14406
14403
14382
14370
14323
14321
14320
14315
14312
14312
14267
14254
14252
14251
14243
14232
14222
14218
14211
14191
14184
14162
14152
14152
14148
14120
14116
14114
14114
14110
14099
14078
14062
14048
14043
14028
14014
13999
13998
13995
13974
13971
13970
13964
13962
13946
13940
13938
13937
13920
13914
13910
13907
13906
13896
13893
13882
13874
13874
13843
13842
13839
13827
13826
13824
13823
13817
13760
13753
13747
13734
13731
13723
13716
13641
13619
13609
13593
13580
13579
13573
13572
13564
13562
13557
13523
13522
13520
13518
13510
13499
13490
13490
13487
13462
13454
13454
13442
13409
13375
13368
13365
13353
13331
13307
13291
13284
13274
13256
13253
13246
13239
13231
13230
13202
13191
13189
13188
13176
13167
13166
13164
13162
13151
13150
13133
13132
13124
13112
13107
13080
13080
13077
13063
13057
13039
13031
13028
13014
13013
12998
12993
12989
12981
12971
12960
12958
12956
12951
12950
12948
12940
12913
12912
12901
12894
12886
12884
12870
12866
12866
12860
12857
12833
12831
12828
12822
12812
12811
12802
12793
12782
12773
12770
12770
12764
12764
12755
12746
12745
12735
12735
12729
12719
12708
12700
12698
12694
12692
12685
12684
12683
12679
12674
12665
12657
12656
12652
12650
12650
12647
12645
12639
12631
12629
12611
12591
12590
12575
12571
12562
12560
12532
12527
12511
12496
12557
12494
12493
12491
12488
12483
12468
12461
12435
12435
12428
12423
12423
12410
12380
12379
12378
12368
12367
12348
12343
12341
12335
12329
12327
12303
12299
12285
12255
12254
12253
12249
12230
12205
12202
12192
12192
12184
12177
12175
12173
12167
12163
12145
12125
12118
12097
12095
12081
12078
12076
12075
12070
12068
12064
12043
12043
12042
12038
12032
12016
12014
12009
11996
11994
11959
11976
11952
11936
11933
11913
11906
11900
11893
11863
11855
11842
11841
11835
11827
11810
11779
11772
11741
11732
11707
11691
11691
11678
11660
11652
11650
11650
11635
11624
11623
11622
11620
11615
11608
11602
11594
11592
11571
11566
11565
11563
11557
11552
11552
11545
11536
11533
11526
11526
11519
11519
11518
11510
11500
11497
11490
11482
11478
11473
11466
11460
11459
11454
11453
11441
11440
11427
11427
11425
11421
11416
11416
11413
11410
11410
11394
11392
11390
11374
11374
11371
11370
11361
11354
11351
11351
11350
11337
11315
11292
11291
11286
11283
11265
11261
11256
11252
11250
11245
11244
11237
11234
11228
11225
11223
11213
11211
11194
11188
11186
11184
11180
11178
11174
11171
11169
11167
11164
11164
11162
11150
11147
11146
11144
11136
11134
11129
11124
11121
11121
11119
11115
11114
11108
11097
11095
11077
11075
11070
11067
11065
11057
11049
11028
11027
11012
11012
11007
11002
10995
10994
10992
10979
10978
10974
10957
10947
10946
10942
10939
10932
10923
10917
10916
10904
10900
10892
10888
10879
10870
10869
10854
10845
10842
10831
10829
10827
10823
10820
10806
10803
10795
10788
10774
10772
10767
10761
10760
10755
10748
10747
10753
10741
10741
10730
10725
10721
10720
10717
10716
10715
10704
10694
10690
10689
10681
10679
10676
10674
10640
10632
10629
10624
10614
10609
10607
10607
10606
10599
10596
10593
10589
10584
10581
10578
10576
10576
10568
10564
10560
10552
10551
10550
10549
10546
10546
10538
10536
10534
10530
10514
10512
10504
10502
10502
10487
10472
10471
10467
10466
10461
10458
10452
10445
10437
10427
10418
10410
10409
10400
10400
10396
10393
10385
10379
10370
10368
10366
10365
10362
10352
10343
10341
10333
10328
10314
10308
10289
10287
10286
10284
10272
10271
10264
10253
10246
10245
10230
10229
10227
10224
10221
10212
10212
10211
10207
10203
10202
10201
10191
10191
10148
10148
10147
10147
10142
10141
10133
10120
10119
10117
10116
10116
10116
10108
10103
10082
10066
10053
10052
10051
10042
10041
10038
10037
10032
10029
10027
10026
10021
10020
10020
10018
10013
10011
10011
10010
9999
9999
9975
9972
9971
9967
9956
9949
9948
9944
9940
9938
9925
9923
9920
9919
9917
9909
9905
9904
9904
9901
9894
9892
9890
9887
9884
9883
9881
9880
9878
9868
9863
9867
9862
9856
9855
9853
9851
9848
9846
9846
9845
9832
9831
9826
9826
9820
9816
9813
9804
9802
9800
9800
9797
9797
9796
9794
9793
9762
9758
9732
9726
9722
9712
9709
9708
9702
9696
9691
9691
9684
9670
9659
9659
9658
9657
9651
9648
9647
9646
9644
9637
9630
9628
9627
9625
9623
9620
9618
9614
9606
9603
9602
9599
9599
9597
9595
9584
9584
9576
9569
9567
9566
9563
9552
9547
9546
9545
9544
9541
9541
9540
9537
9534
9531
9530
9523
9521
9514
9506
9496
9494
9481
9475
9469
9467
9454
9430
9423
9408
9396
9393
9391
9388
9385
9375
9374
9372
9371
9363
9355
9354
9346
9345
9342
9341
9341
9337
9336
9333
9324
9320
9318
9318
9314
9311
9310
9310
9308
9308
9304
9296
9284
9281
9280
9280
9275
9275
9266
9255
9248
9245
9243
9240
9219
9216
9206
9203
9203
9202
9194
9194
9193
9191
9191
9189
9186
9185
9185
9184
9176
9174
9171
9162
9160
9153
9151
9145
9141
9140
9126
9125
9120
9120
9119
9112
9107
9104
9102
9101
9083
9080
9080
9078
9055
9054
9051
9044
9043
9043
9043
9041
9039
9037
9033
9027
9027
9021
9020
9020
9015
9009
9002
8998
8997
8993
8973
8972
8970
8964
8962
8959
8957
8952
8946
8939
8918
8914
8900
8896
8889
8886
8871
8865
8855
8851
8850
8849
8847
8840
8840
8832
8829
8827
8823
8820
8817
8812
8808
8807
8803
8802
8799
8785
8785
8783
8783
8781
8779
8778
8776
8773
8772
8772
8770
8768
8766
8757
8756
8754
8752
8752
8737
8730
8728
8725
8725
8721
8715
8714
8710
8701
8699
8697
8696
8689
8688
8686
8679
8678
8675
8674
8665
8655
8642
8639
8632
8632
8628
8619
8619
8614
8608
8605
8599
8598
8617
8589
8579
8571
8569
8566
8562
8561
8559
8539
8537
8537
8533
8531
8516
8509
8507
8505
8501
8499
8493
8488
8483
8481
8478
8470
8469
8467
8466
8466
8464
8464
8463
8458
8458
8452
8452
8451
8447
8446
8445
8444
8439
8437
8433
8430
8427
8421
8421
8416
8413
8411
8408
8404
8399
8397
8397
8395
8393
8391
8389
8387
8386
8383
8375
8365
8362
8354
8351
8346
8343
8333
8333
8333
8329
8328
8328
8321
8319
8319
8317
8312
8310
8304
8292
8284
8281
8278
8276
8272
8270
8269
8263
8260
8260
8259
8255
8254
8251
8244
8234
8234
8227
8227
8226
8221
8219
8218
8212
8211
8211
8210
8209
8208
8204
8200
8191
8185
8184
8182
8179
8173
8171
8157
8155
8155
8154
8152
8146
8145
8139
8138
8135
8132
8132
8131
8131
8130
8129
8126
8125
8123
8119
8118
8114
8112
8111
8105
8100
8099
8097
8097
8093
8092
8086
8081
8073
8065
8064
8063
8061
8057
8057
8056
8055
8053
8050
8050
8046
8046
8043
8039
8039
8039
8038
8032
8032
8020
8016
8011
8008
7994
7994
7992
7988
7985
7981
7981
7964
7964
7963
7961
7959
7959
7957
7955
7951
7950
7947
7945
7944
7943
7941
7936
7935
7929
7925
7921
7920
7915
7915
7909
7908
7903
7896
7895
7891
7891
7870
7861
7852
7846
7834
7834
7834
7832
7827
7826
7825
7824
7823
7823
7821
7820
7820
7820
7812
7809
7808
7807
7806
7804
7798
7797
7789
7788
7785
7784
7784
7778
7776
7773
7773
7771
7767
7765
7756
7751
7751
7749
7749
7747
7743
7743
7732
7730
7728
7727
7723
7721
7721
7719
7718
7716
7713
7708
7701
7697
7697
7696
7682
7680
7666
7666
7664
7656
7651
7640
7640
7633
7633
7632
7629
7620
7618
7618
7617
7616
7611
7611
7610
7609
7605
7604
7602
7600
7599
7596
7589
7588
7583
7583
7582
7581
7578
7570
7566
7555
7544
7543
7541
7539
7528
7527
7527
7524
7523
7510
7510
7509
7509
7508
7507
7507
7500
7498
7497
7493
7492
7489
7488
7485
7484
7481
7477
7475
7470
7466
7465
7463
7462
7459
7459
7452
7451
7449
7449
7448
7446
7440
7438
7438
7436
7435
7434
7429
7429
7428
7427
7427
7426
7423
7423
7418
7417
7401
7401
7397
7394
7390
7388
7384
7381
7379
7376
7374
7374
7372
7368
7365
7360
7359
7356
7354
7351
7349
7347
7344
7344
7340
7338
7334
7329
7327
7324
7322
7316
7310
7309
7306
7302
7296
7288
7287
7287
7287
7282
7279
7275
7275
7271
7270
7269
7264
7261
7258
7249
7249
7246
7245
7242
7239
7239
7237
7237
7237
7236
7233
7233
7230
7226
7224
7222
7216
7214
7214
7213
7209
7203
7202
7200
7200
7200
7199
7199
7198
7196
7191
7186
7179
7179
7178
7178
7178
7175
7172
7171
7171
7171
7165
7162
7161
7161
7157
7154
7148
7148
7143
7142
7141
7141
7141
7139
7132
7130
7128
7126
7123
7123
7109
7108
7105
7103
7103
7102
7118
7099
7096
7091
7086
7086
7084
7081
7081
7080
7078
7076
7075
7070
7068
7065
7063
7063
7061
7060
7059
7058
7056
7055
7055
7050
7048
7045
7044
7044
7038
7037
7033
7026
7023
7022
6909
7014
7012
7008
7006
7005
6997
6988
6986
6985
6985
6984
6982
6981
6980
6978
6977
6976
6976
6975
6971
6968
6967
6966
6964
6963
6961
6961
6956
6952
6952
6952
6950
6945
6941
6940
6939
6935
6935
6934
6929
6929
6926
6924
6920
6917
6917
6916
6915
6911
6910
6908
6904
6903
6903
6901
6900
6898
6897
6891
6890
6888
6879
6877
6872
6872
6864
6863
6863
6860
6858
6858
6857
6853
6853
6846
6845
6841
6839
6839
6837
6836
6833
6831
6820
6818
6818
6812
6811
6808
6802
6800
6797
6790
6789
6788
6785
6784
6782
6782
6782
6790
6777
6777
6775
6769
6767
6764
6764
6764
6651
6757
6749
6748
6746
6745
6743
6740
6739
6737
6735
6727
6726
6723
6722
6722
6721
6717
6717
6715
6714
6711
6710
6707
6707
6704
6704
6703
6703
6702
6701
6699
6695
6693
6685
6683
6683
6679
6679
6676
6675
6673
6672
6668
6667
6667
6663
6661
6660
6658
6658
6653
6653
6653
6650
6650
6645
6645
6643
6639
6638
6637
6635
6633
6631
6631
6631
6629
6626
6626
6625
6625
6622
6622
6619
6616
6616
6612
6610
6605
6603
6602
6601
6601
6594
6593
6591
6590
6587
6584
6579
6592
6577
6577
6577
6575
6573
6567
6565
6564
6562
6562
6562
6561
6561
6559
6554
6553
6548
6546
6546
6546
6545
6544
6544
6540
6539
6536
6535
6534
6534
6533
6525
6524
6523
6520
6519
6518
6518
6517
6515
6515
6514
6513
6510
6509
6504
6502
6501
6496
6495
6495
6492
6491
6490
6487
6487
6487
6487
6482
6477
6476
6476
6476
6474
6473
6473
6472
6472
6472
6468
6465
6465
6460
6459
6459
6456
6454
6448
6447
6446
6445
6444
6443
6441
6440
6437
6440
6434
6433
6433
6432
6426
6425
6424
6421
6418
6416
6416
6414
6413
6412
6407
6407
6406
6405
6398
6390
6388
6388
6386
6379
6379
6378
6378
6377
6376
6376
6376
6374
6374
6371
6371
6370
6369
6368
6368
6368
6362
6361
6360
6355
6355
6351
6351
6348
6348
6347
6343
6343
6343
6342
6341
6338
6338
6334
6330
6324
6323
6320
6319
6319
6318
6317
6316
6316
6343
6313
6313
6313
6311
6309
6308
6304
6304
6300
6299
6297
6297
6296
6296
6294
6294
6291
6291
6290
6290
6289
6288
6288
6288
6283
6280
6280
6279
6277
6275
6273
6271
6268
6266
6265
6263
6260
6259
6258
6256
6255
6255
6255
6255
6252
6252
6249
6247
6245
6244
6243
6241
6241
6240
6238
6234
6232
6232
6231
6230
6227
6227
6224
6221
6219
6214
6210
6209
6204
6203
6202
6201
6201
6199
6198
6196
6195
6192
6192
6190
6190
6188
6187
6184
6184
6184
6181
6180
6178
6177
6176
6172
6170
6169
6169
6166
6163
6161
6161
6158
6157
6157
6151
6150
6149
6149
6148
6147
6145
6138
6136
6136
6136
6133
6130
6126
6123
6123
6122
6119
6116
6114
6114
6113
6109
6105
6102
6100
6100
6099
6095
6092
6083
6083
6080
6073
6073
6072
6071
6070
6065
6065
6064
6061
6060
6060
6058
6058
6057
6056
6055
6050
6048
6047
6046
6046
6045
6044
6044
6041
6041
6038
6038
6037
6037
6032
6032
6030
6029
6028
6024
6024
6022
6021
6017
6016
6013
6013
6009
6008
6008
6008
6007
6006
6005
6002
5997
5995
5994
5992
5992
5989
5988
5987
5986
5985
5981
5979
5978
5973
5970
5970
5970
5969
5965
5958
5958
5957
5957
5957
5951
5950
5949
5945
5939
5939
5937
5937
5936
5934
5933
5932
5931
5929
5922
5920
5920
5916
5913
5912
5908
5908
5907
5907
5904
5903
5902
5901
5900
5899
5898
5898
5893
5891
5891
5885
5884
5882
5879
5878
5876
5874
5871
5870
5869
5866
5866
5861
5858
5857
5856
5849
5849
5849
5847
5845
5843
5836
5834
5833
5827
5826
5824
5822
5821
5813
5809
5806
5804
5804
5802
5801
5801
5800
5798
5798
5797
5796
5793
5792
5792
5791
5791
5790
5788
5787
5786
5784
5780
5779
5777
5777
5775
5775
5774
5773
5772
5771
5770
5770
5767
5765
5764
5762
5761
5760
5759
5759
5757
5756
5756
5755
5755
5753
5752
5752
5751
5748
5747
5746
5745
5745
5745
5743
5743
5742
5742
5741
5739
5739
5738
5735
5728
5725
5723
5721
5720
5719
5715
5714
5713
5710
5710
5709
5709
5709
5705
5704
5704
5704
5702
5702
5700
5694
5693
5692
5691
5690
5684
5684
5680
5677
5674
5673
5668
5666
5666
5665
5664
5664
5664
5663
5661
5659
5658
5653
5651
5650
5647
5643
5642
5640
5639
5639
5635
5634
5632
5629
5627
5627
5623
5623
5622
5620
5618
5617
5612
5612
5611
5609
5608
5607
5604
5603
5602
5600
5599
5598
5590
5594
5593
5593
5590
5590
5587
5584
5582
5579
5578
5577
5577
5575
5575
5574
5573
5572
5571
5570
5570
5565
5560
5560
5559
5558
5558
5555
5555
5554
5554
5553
5551
5545
5545
5544
5542
5540
5539
5539
5533
5533
5533
5529
5528
5525
5524
5521
5521
5517
5516
5515
5515
5514
5513
5512
5511
5510
5509
5505
5500
5496
5496
5494
5493
5493
5491
5487
5487
5486
5486
5485
5484
5481
5481
5480
5478
5477
5476
5475
5475
5473
5473
5470
5465
5464
5460
5458
5458
5458
5452
5451
5448
5447
5444
5444
5443
5440
5440
5439
5436
5432
5430
5427
5424
5424
5424
5422
5421
5420
5418
5416
5416
5416
5415
5411
5411
5410
5407
5407
5407
5404
5401
5401
5401
5397
5394
5389
5388
5387
5385
5383
5383
5380
5380
5378
5378
5378
5376
5376
5372
5371
5370
5370
5368
5368
5367
5366
5361
5358
5357
5356
5355
5347
5346
5344
5343
5343
5343
5343
5338
5333
5332
5332
5331
5330
5329
5327
5326
5326
5324
5323
5322
5319
5316
5316
5315
5314
5313
5308
5308
5308
5307
5307
5305
5304
5304
5304
5302
5301
5303
5300
5299
5299
5292
5290
5289
5288
5288
5285
5284
5283
5278
5276
5275
5275
5273
5272
5271
5269
5269
5266
5264
5262
5260
5260
5260
5258
5258
5258
5257
5256
5256
5255
5255
5254
5252
5251
5249
5249
5246
5246
5244
5241
5241
5241
5241
5241
5238
5238
5238
5235
5234
5234
5233
5230
5229
5226
5225
5222
5219
5219
5219
5215
5214
5213
5211
5211
5208
5208
5207
5202
5200
5199
5199
5199
5196
5194
5194
5194
5194
5192
5191
5189
5188
5186
5183
5181
5180
5179
5178
5178
5177
5177
5174
5172
5168
5165
5165
5162
5160
5160
5160
5158
5156
5154
5153
5152
5152
5152
5151
5150
5150
5150
5147
5147
5146
5146
5144
5143
5142
5140
5139
5138
5137
5135
5133
5132
5132
5131
5131
5128
5127
5127
5124
5122
5122
5121
5120
5118
5115
5109
5108
5107
5107
5107
5106
5106
5105
5103
5103
5102
5101
5098
5097
5096
5094
5093
5092
5088
5083
5081
5081
5081
5081
5075
5074
5071
5070
5066
5066
5065
5069
5058
5057
5055
5054
5053
5051
5049
5048
5047
5045
5045
5045
5039
5038
5037
5036
5036
5035
5033
5032
5032
5032
5031
5031
5030
5030
5029
5029
5027
5027
5025
5024
5024
5023
5020
5019
5019
5018
5018
5014
5014
5014
5013
5013
5011
5010
5009
5008
5007
5006
5005
5004
5004
5003
5002
5002
5002
5001
4999
4998
4997
4996
4994
4991
4989
4987
4985
4983
4983
4981
4974
4974
4972
4971
4970
4970
4969
4967
4967
4966
4963
4962
4961
4960
4960
4959
4958
4957
4956
4955
4953
4953
4952
4952
4952
4951
4951
4951
4949
4949
4945
4944
4943
4942
4941
4940
4937
4937
4936
4936
4932
4931
4931
4930
4928
4924
4922
4919
4918
4917
4916
4915
4915
4915
4911
4910
4909
4908
4906
4904
4901
4901
4901
4898
4897
4897
4894
4892
4892
4891
4886
4885
4884
4884
4882
4881
4881
4880
4877
4875
4874
4873
4873
4872
4872
4872
4872
4871
4869
4869
4869
4868
4866
4864
4863
4862
4860
4859
4856
4856
4854
4853
4853
4852
4850
4850
4848
4844
4844
4841
4840
4837
4835
4835
4833
4831
4831
4830
4829
4827
4827
4825
4824
4823
4822
4821
4820
4820
4820
4819
4817
4817
4814
4814
4811
4811
4809
4807
4807
4807
4805
4804
4804
4804
4802
4802
4802
4800
4800
4799
4798
4798
4798
4797
4794
4793
4791
4788
4788
4787
4785
4781
4779
4778
4777
4776
4775
4774
4773
4772
4771
4769
4768
4767
4765
4764
4838
4763
4763
4763
4762
4759
4757
4756
4755
4752
4752
4751
4751
4751
4751
4749
4748
4748
4748
4747
4746
4745
4745
4744
4743
4741
4741
4739
4738
4738
4737
4736
4736
4735
4734
4734
4734
4733
4732
4731
4730
4729
4729
4726
4724
4724
4723
4723
4723
4721
4721
4719
4719
4718
4715
4714
4714
4713
4713
4712
4712
4711
4710
4707
4707
4706
4705
4705
4705
4705
4704
4704
4703
4702
4702
4701
4698
4697
4696
4696
4693
4693
4693
4692
4692
4692
4691
4689
4687
4687
4687
4687
4681
4681
4681
4681
4680
4678
4678
4677
4675
4675
4674
4673
4672
4671
4670
4670
4669
4668
4668
4668
4667
4667
4667
4666
4666
4663
4662
4660
4660
4659
4658
4658
4657
4657
4656
4654
4653
4652
4652
4651
4651
4651
4649
4648
4645
4645
4643
4643
4642
4641
4640
4640
4639
4636
4636
4634
4633
4631
4631
4630
4629
4626
4623
4622
4622
4621
4621
4620
4620
4619
4617
4616
4615
4615
4614
4613
4610
4609
4608
4608
4605
4605
4603
4603
4602
4602
4601
4599
4598
4593
4593
4592
4590
4590
4590
4586
4584
4582
4582
4582
4580
4577
4575
4574
4573
4572
4572
4570
4569
4567
4567
4566
4565
4564
4563
4562
4559
4558
4558
4556
4556
4553
4548
4546
4546
4545
4544
4543
4540
4539
4536
4536
4534
4532
4532
4531
4530
4530
4530
4530
4529
4526
4526
4526
4526
4542
4523
4523
4519
4518
4517
4517
4516
4515
4514
4514
4510
4507
4507
4504
4503
4503
4503
4503
4502
4502
4501
4500
4498
4498
4497
4496
4495
4495
4492
4490
4490
4489
4489
4487
4487
4487
4484
4484
4483
4482
4482
4481
4481
4480
4479
4478
4478
4478
4478
4478
4477
4477
4477
4476
4476
4474
4474
4474
4472
4471
4471
4471
4469
4469
4467
4467
4464
4464
4464
4463
4462
4461
4460
4460
4459
4458
4458
4458
4457
4456
4455
4451
4450
4449
4449
4449
4448
4447
4446
4446
4441
4441
4439
4439
4439
4437
4437
4434
4434
4434
4433
4433
4432
4431
4431
4431
4430
4430
4427
4426
4425
4423
4422
4421
4420
4418
4417
4416
4415
4415
4413
4412
4412
4411
4411
4411
4411
4409
4408
4408
4407
4405
4404
4404
4402
4402
4402
4400
4400
4400
4397
4397
4397
4396
4396
4395
4395
4395
4395
4394
4394
4392
4392
4391
4390
4389
4389
4387
4383
4382
4378
4378
4377
4374
4373
4372
4371
4371
4371
4371
4370
4369
4367
4366
4366
4366
4366
4364
4363
4363
4362
4359
4356
4355
4354
4354
4354
4352
4351
4351
4348
4348
4347
4347
4346
4346
4345
4345
4340
4340
4340
4339
4339
4337
4337
4337
4337
4337
4337
4336
4335
4332
4332
4331
4331
4331
4330
4329
4328
4328
4326
4325
4323
4323
4322
4322
4321
4320
4319
4318
4316
4316
4313
4313
4313
4312
4312
4310
4309
4308
4307
4307
4306
4306
4305
4304
4302
4298
4296
4296
4295
4294
4291
4291
4290
4289
4289
4287
4286
4286
4285
4284
4283
4283
4282
4281
4280
4280
4280
4276
4275
4275
4275
4274
4274
4274
4272
4271
4271
4271
4270
4268
4268
4268
4267
4267
4266
4264
4263
4263
4262
4262
4262
4261
4260
4259
4258
4258
4257
4256
4256
4255
4254
4252
4252
4251
4251
4250
4250
4249
4249
4247
4244
4244
4243
4243
4242
4240
4240
4237
4236
4234
4233
4232
4231
4231
4230
4230
4230
4229
4228
4227
4224
4224
4223
4222
4222
4222
4221
4221
4218
4217
4213
4213
4212
4211
4211
4210
4209
4207
4207
4207
4206
4206
4205
4203
4202
4201
4201
4199
4199
4198
4198
4197
4196
4195
4195
4194
4194
4190
4189
4189
4189
4187
4186
4186
4185
4184
4183
4182
4181
4179
4179
4178
4178
4177
4177
4176
4175
4175
4174
4174
4173
4172
4170
4169
4169
4169
4169
4169
4168
4164
4164
4164
4162
4162
4160
4160
4160
4160
4160
4159
4157
4155
4155
4153
4152
4151
4151
4150
4147
4143
4142
4139
4137
4134
4134
4134
4133
4133
4131
4131
4131
4130
4129
4129
4129
4129
4128
4128
4128
4128
4127
4126
4126
4126
4126
4124
4124
4124
4123
4122
4122
4120
4118
4117
4117
4115
4115
4114
4114
4111
4111
4109
4109
4108
4107
4106
4106
4105
4105
4103
4103
4103
4103
4102
4099
4099
4097
4097
4096
4095
4094
4092
4092
4092
4091
4091
4089
4089
4088
4088
4086
4085
4085
4083
4082
4082
4082
4081
4081
4077
4077
4077
4076
4075
4075
4073
4072
4072
4069
4066
4066
4066
4064
4064
4063
4062
4061
4061
4060
4060
4059
4059
4058
4058
4057
4057
4056
4056
4055
4055
4054
4054
4052
4051
4050
4050
4049
4048
4048
4047
4047
4047
4047
4046
4044
4042
4042
4041
4041
4041
4040
4040
4039
4039
4039
4038
4038
4038
4035
4035
4035
4035
4033
4033
4032
4032
4032
4032
4031
4031
4031
4028
4027
4027
4027
4026
4026
4025
4025
4028
4024
4024
4023
4022
4022
4022
4022
4020
4020
4017
4017
4016
4016
4016
4015
4013
4013
4013
4013
4012
4012
4012
4011
4011
4009
4008
4008
4007
4004
4004
4004
4003
4002
4002
4002
4002
4001
4001
4000
4000
3999
3999
3996
3995
3995
3995
3995
3994
3994
3993
3993
3993
3991
3991
3991
3991
3990
3990
3990
3989
3989
3988
3988
3986
3986
3984
3982
3981
3981
3980
3979
3978
3976
3974
3973
3973
3973
3972
3971
3971
3969
3969
3968
3968
3968
3967
3966
3966
3966
3965
3965
3964
3963
3962
3961
3960
3960
3958
3958
3957
3957
3957
3957
3957
3955
3955
3953
3953
3953
3952
3952
3952
3952
3952
3952
3952
3951
3950
3949
3949
3949
3946
3945
3945
3945
3944
3943
3942
3939
3935
3934
3934
3933
3931
3930
3930
3929
3929
3928
3928
3926
3925
3923
3923
3922
3920
3920
3920
3920
3920
3919
3918
3917
3917
3916
3915
3915
3915
3912
3912
3911
3910
3909
3908
3908
3908
3907
3907
3906
3906
3906
3905
3905
3902
3902
3900
3900
3900
3900
3899
3898
3897
3896
3896
3896
3894
3893
3892
3890
3889
3889
3888
3887
3887
3887
3886
3884
3884
3884
3884
3883
3882
3881
3880
3880
3877
3877
3877
3876
3876
3874
3872
3872
3872
3871
3871
3871
3871
3868
3868
3868
3867
3867
3866
3866
3866
3864
3864
3864
3863
3861
3861
3859
3859
3859
3858
3856
3856
3855
3854
3854
3854
3854
3853
3852
3852
3847
3847
3847
3846
3845
3845
3845
3843
3842
3842
3842
3842
3841
3841
3841
3841
3841
3839
3839
3838
3838
3838
3837
3837
3836
3836
3835
3834
3833
3833
3833
3833
3832
3831
3830
3827
3825
3825
3823
3823
3823
3821
3821
3820
3819
3819
3818
3818
3815
3815
3814
3813
3813
3813
3812
3812
3811
3810
3810
3810
3810
3810
3810
3810
3809
3807
3807
3806
3806
3805
3805
3804
3804
3803
3803
3803
3802
3802
3801
3800
3799
3799
3798
3797
3797
3795
3794
3793
3792
3790
3789
3788
3788
3787
3785
3784
3782
3782
3781
3780
3779
3778
3778
3777
3774
3774
3773
3773
3773
3772
3772
3770
3768
3767
3765
3765
3765
3764
3763
3763
3762
3762
3762
3762
3761
3761
3760
3759
3759
3758
3756
3756
3756
3755
3755
3755
3755
3754
3754
3754
3752
3752
3752
3752
3751
3750
3750
3750
3749
3748
3747
3746
3745
3745
3744
3743
3742
3741
3740
3739
3737
3737
3737
3737
3737
3734
3732
3732
3731
3730
3729
3728
3727
3727
3727
3727
3727
3726
3726
3726
3726
3726
3726
3726
3726
3724
3724
3722
3721
3721
3720
3718
3718
3717
3717
3717
3717
3716
3714
3714
3714
3713
3712
3712
3711
3711
3709
3707
3707
3706
3706
3706
3706
3706
3706
3705
3705
3704
3704
3703
3702
3702
3701
3701
3701
3701
3700
3699
3698
3697
3696
3696
3696
3695
3695
3695
3694
3693
3693
3691
3691
3691
3691
3691
3690
3690
3689
3689
3688
3687
3687
3684
3683
3682
3682
3681
3680
3680
3679
3679
3679
3678
3678
3677
3676
3676
3676
3676
3673
3673
3673
3673
3673
3672
3672
3672
3671
3671
3681
3670
3670
3669
3669
3669
3668
3666
3665
3665
3665
3663
3663
3663
3662
3661
3661
3661
3659
3657
3656
3655
3655
3655
3654
3653
3652
3652
3650
3650
3649
3649
3648
3648
3646
3646
3645
3644
3643
3642
3642
3641
3638
3637
3637
3637
3636
3636
3636
3635
3634
3633
3633
3632
3632
3631
3631
3630
3630
3630
3628
3626
3625
3625
3625
3624
3624
3623
3623
3622
3621
3621
3619
3618
3618
3617
3614
3614
3613
3613
3613
3611
3611
3611
3611
3610
3610
3610
3609
3608
3608
3608
3607
3607
3607
3607
3605
3604
3604
3604
3604
3589
3600
3600
3600
3600
3599
3598
3596
3596
3595
3595
3594
3593
3592
3592
3591
3591
3591
3590
3590
3589
3588
3588
3588
3587
3586
3586
3585
3583
3583
3582
3582
3582
3580
3579
3579
3578
3577
3576
3575
3574
3574
3574
3571
3571
3570
3569
3569
3568
3567
3566
3566
3565
3564
3564
3563
3563
3563
3562
3562
3561
3561
3559
3559
3558
3558
3557
3557
3556
3555
3554
3554
3554
3554
3553
3552
3552
3551
3551
3549
3548
3547
3547
3546
3546
3546
3546
3545
3544
3543
3543
3543
3542
3541
3539
3539
3539
3539
3539
3538
3538
3538
3538
3538
3537
3537
3537
3535
3535
3533
3533
3532
3532
3532
3531
3530
3529
3529
3528
3528
3527
3527
3527
3526
3526
3525
3525
3525
3524
3524
3524
3524
3524
3523
3523
3522
3521
3521
3521
3520
3520
3520
3519
3519
3519
3519
3519
3519
3519
3517
3516
3516
3516
3512
3511
3511
3510
3510
3510
3508
3508
3508
3507
3506
3505
3504
3501
3500
3500
3499
3499
3499
3498
3498
3498
3498
3498
3498
3496
3496
3496
3495
3494
3493
3493
3492
3492
3491
3490
3489
3489
3489
3489
3488
3487
3486
3486
3486
3485
3485
3481
3481
3481
3480
3479
3478
3478
3478
3477
3477
3476
3476
3476
3474
3474
3473
3473
3473
3473
3473
3559
3471
3470
3469
3469
3469
3469
3468
3468
3465
3465
3465
3465
3465
3464
3463
3463
3462
3462
3462
3461
3461
3461
3460
3459
3459
3459
3458
3458
3458
3457
3457
3456
3456
3455
3455
3455
3454
3453
3453
3453
3452
3452
3450
3450
3449
3449
3449
3445
3445
3444
3444
3444
3444
3443
3440
3440
3440
3439
3439
3439
3438
3438
3437
3437
3437
3437
3437
3436
3436
3435
3435
3433
3432
3431
3431
3431
3430
3428
3428
3428
3428
3427
3427
3427
3426
3425
3425
3424
3424
3423
3422
3421
3419
3419
3419
3418
3414
3414
3413
3412
3412
3412
3411
3411
3410
3410
3408
3408
3407
3407
3407
3406
3406
3406
3406
3405
3404
3403
3403
3402
3401
3401
3400
3400
3400
3399
3398
3397
3396
3395
3394
3393
3393
3392
3392
3392
3392
3391
3390
3390
3389
3389
3389
3389
3389
3388
3387
3387
3387
3387
3386
3386
3386
3384
3383
3381
3380
3380
3380
3379
3378
3378
3378
3377
3377
3376
3375
3375
3375
3374
3374
3373
3372
3372
3371
3371
3371
3370
3369
3368
3368
3368
3368
3367
3365
3365
3365
3364
3364
3363
3362
3362
3361
3361
3361
3358
3357
3357
3357
3356
3355
3355
3355
3355
3354
3354
3351
3350
3349
3349
3349
3349
3348
3347
3347
3347
3346
3346
3346
3345
3345
3344
3344
3343
3343
3342
3342
3342
3342
3342
3341
3341
3341
3340
3340
3340
3340
3338
3338
3338
3337
3337
3336
3336
3335
3335
3334
3332
3331
3331
3330
3330
3329
3328
3328
3327
3327
3327
3327
3326
3326
3326
3326
3325
3325
3324
3323
3321
3321
3320
3319
3318
3318
3317
3317
3315
3315
3314
3313
3312
3312
3311
3311
3311
3311
3309
3309
3309
3308
3308
3308
3307
3307
3307
3307
3306
3306
3306
3306
3305
3305
3305
3304
3303
3303
3303
3302
3302
3302
3302
3302
3300
3299
3298
3295
3294
3293
3293
3293
3292
3292
3292
3292
3291
3291
3290
3288
3288
3287
3287
3287
3287
3287
3286
3285
3284
3284
3283
3283
3282
3282
3282
3281
3281
3280
3279
3278
3277
3276
3276
3275
3274
3274
3274
3274
3273
3273
3273
3272
3271
3269
3269
3268
3267
3267
3267
3265
3265
3264
3264
3263
3263
3262
3262
3262
3261
3261
3260
3260
3260
3259
3259
3259
3258
3257
3257
3257
3257
3256
3256
3255
3255
3254
3254
3254
3254
3253
3252
3251
3251
3250
3248
3248
3248
3247
3247
3247
3246
3246
3244
3244
3244
3244
3243
3243
3242
3242
3242
3241
3241
3241
3241
3241
3240
3239
3239
3237
3237
3237
3237
3237
3237
3237
3236
3235
3235
3235
3235
3234
3234
3234
3233
3233
3233
3233
3232
3232
3232
3232
3231
3231
3231
3231
3231
3230
3230
3228
3228
3228
3228
3228
3228
3227
3227
3226
3226
3225
3225
3224
3224
3224
3223
3223
3223
3222
3222
3222
3221
3221
3220
3220
3220
3220
3219
3219
3219
3219
3218
3218
3217
3217
3217
3215
3215
3215
3214
3213
3213
3212
3212
3211
3211
3211
3210
3210
3210
3209
3209
3208
3208
3207
3207
3206
3205
3205
3205
3204
3204
3204
3204
3201
3201
3201
3200
3200
3199
3199
3199
3198
3198
3196
3196
3195
3195
3195
3194
3194
3193
3193
3193
3192
3192
3192
3191
3191
3191
3190
3189
3189
3188
3188
3188
3188
3187
3187
3187
3187
3186
3186
3185
3185
3185
3184
3184
3183
3183
3183
3183
3183
3181
3181
3180
3179
3178
3178
3178
3177
3177
3176
3176
3176
3175
3175
3175
3175
3174
3174
3174
3174
3174
3174
3173
3172
3172
3172
3171
3170
3170
3169
3168
3167
3167
3167
3167
3166
3166
3166
3166
3166
3165
3164
3162
3162
3162
3162
3161
3161
3160
3160
3159
3159
3158
3158
3158
3157
3157
3156
3155
3155
3155
3155
3154
3154
3154
3153
3152
3151
3150
3150
3150
3150
3149
3149
3148
3148
3148
3147
3147
3146
3146
3146
3145
3145
3144
3144
3144
3143
3142
3142
3141
3141
3139
3138
3137
3136
3136
3135
3135
3135
3135
3135
3135
3134
3134
3134
3133
3133
3132
3131
3130
3130
3130
3129
3129
3129
3129
3128
3128
3127
3126
3125
3125
3124
3124
3123
3123
3123
3123
3122
3121
3120
3119
3119
3119
3117
3116
3114
3114
3113
3112
3112
3111
3110
3110
3110
3109
3108
3108
3108
3108
3107
3107
3107
3106
3104
3103
3103
3102
3101
3101
3101
3101
3100
3099
3099
3099
3098
3098
3097
3097
3097
3097
3096
3096
3095
3095
3095
3095
3094
3094
3093
3093
3093
3093
3093
3093
3092
3092
3091
3091
3091
3091
3090
3090
3089
3089
3089
3089
3089
3088
3087
3087
3086
3086
3084
3083
3083
3083
3082
3082
3082
3081
3081
3081
3080
3080
3079
3079
3078
3077
3077
3077
3077
3076
3076
3076
3075
3075
3075
3075
3074
3073
3072
3072
3072
3071
3071
3070
3070
3070
3070
3069
3069
3069
3068
3068
3068
3067
3067
3067
3067
3067
3066
3066
3066
3066
3065
3065
3065
3065
3064
3064
3064
3063
3062
3062
3062
3061
3061
3061
3061
3061
3061
3060
3060
3058
3058
3058
3058
3057
3057
3056
3056
3055
3055
3055
3055
3054
3054
3054
3053
3053
3053
3053
3052
3052
3051
3050
3050
3050
3049
3047
3047
3046
3046
3044
3044
3044
3043
3043
3043
3042
3042
3041
3041
3040
3040
3039
3039
3038
3038
3038
3038
3038
3037
3037
3037
3037
3037
3037
3037
3036
3036
3035
3034
3033
3033
3033
3032
3032
3032
3032
3031
3031
3031
3029
3029
3029
3029
3029
3028
3028
3027
3027
3027
3027
3027
3027
3026
3026
3026
3026
3026
3025
3025
3025
3025
3025
3024
3023
3023
3023
3023
3023
3021
3020
3020
3020
3020
3019
3019
3019
3019
3018
3018
3017
3017
3017
3016
3015
3015
3015
3015
3014
3014
3014
3013
3012
3012
3011
3011
3011
3011
3011
3011
3011
3010
3010
3010
3009
3009
3008
3008
3007
3007
3006
3005
3005
3005
3004
3003
3003
3003
3003
3002
3002
3001
3001
3000
3000
