316267
280413
216356
195306
191967
190482
188198
187685
164208
163474
162091
159373
158238
155044
146154
144674
142460
142124
139532
132330
130423
125661
125443
125161
124537
124423
124334
116593
116092
115553
115048
114656
114433
112846
112304
111955
108639
105057
102607
95977
95304
92860
91302
88634
88502
84451
83532
83372
83169
81951
81778
80863
80746
80648
80483
79518
78750
78370
77709
77425
75249
75084
74975
74380
73254
72891
72218
72115
70388
70035
69432
69406
68898
66825
66147
66107
65545
65007
64123
63517
63432
63418
63098
62792
62257
61966
61946
61313
58726
58458
58012
57959
57312
57243
56312
56140
56093
55796
55710
55668
55136
54751
54671
54509
53968
53954
52811
52633
52460
52231
51890
51539
51460
51177
51107
50792
49993
49575
49065
49021
48521
48375
48239
48211
48027
47821
47157
46891
46867
46530
46042
46041
45871
45524
45514
45360
44505
44252
44196
44089
44059
43602
42961
42174
41889
41674
41375
41312
40849
40808
40629
40583
40566
40552
40490
40377
40208
39923
39889
39803
39742
39696
39416
39349
39210
39190
38836
38783
38674
38623
38576
38558
38443
38322
38299
38245
38153
37790
37310
37119
37113
37089
37044
37032
36910
36893
36874
36750
36738
36582
36548
36467
36305
36274
35410
35390
35340
34961
34911
34903
34831
34804
34778
34698
34647
34505
34440
34261
34173
33964
33947
33923
33881
33753
33488
33405
33298
33157
33011
32541
32189
32121
31926
31905
31901
31896
31894
31846
31721
31550
31486
31388
31265
31073
31065
31032
31005
30960
30829
30808
30795
30726
30604
30426
30299
30206
29933
29832
29747
29604
29412
29408
29390
29379
29273
29104
29103
29096
29035
28992
28823
28768
28763
28640
28517
28501
28394
28353
28342
28205
28083
28043
27916
27788
27697
27691
27595
27568
27558
27508
27386
27301
27277
27244
27229
27192
27004
26964
26807
26713
26700
26691
26681
26647
26627
26609
26427
26398
26336
26334
26292
26247
26192
26215
26158
26090
26041
25956
25775
25767
25749
25706
25701
25680
25632
25625
25580
25512
25478
25441
25320
25278
25230
25207
25115
25007
25004
24994
24917
24815
24780
24780
24712
24648
24599
24588
24574
24562
24502
24427
24359
24349
24312
24312
24207
24164
24139
24129
24124
24116
24109
24001
23929
23922
23771
23736
23679
23630
23612
23593
23541
23453
23383
23356
23350
23258
23244
23241
23223
23204
23162
23152
23150
23118
23112
23032
23029
22955
22906
22852
22835
22810
22764
22762
22714
22691
22621
22598
22560
22522
22509
22482
22453
22438
22432
22372
22337
22337
22314
22276
22258
22256
22214
22199
22162
22159
22147
22123
22070
22046
22029
21990
21929
21926
21909
21900
21879
21832
21827
21772
21718
21670
21666
21656
21622
21553
21539
21538
21402
21384
21369
21369
21367
21355
21321
21258
21231
21180
21169
21148
21134
21124
21109
21100
21075
21061
21060
21044
21042
21033
20973
20925
20880
20875
20847
20796
20777
20774
20763
20683
20672
20638
20630
20623
20594
20584
20577
20547
20545
20531
20528
20507
20481
20456
20450
20414
20407
20392
20358
20318
20313
20310
20297
20273
20233
20185
20124
20120
20084
20062
20054
20046
20019
20007
19950
19931
19899
19826
19813
19808
19787
19775
19753
19750
19719
19716
19688
19668
19662
19657
19640
19624
19611
19603
19593
19582
19576
19557
19535
19505
19436
19433
19371
19352
19342
19339
19299
19294
19293
19276
19265
19259
19223
19197
19195
19193
19175
19174
19144
19128
19108
19106
19081
19045
19009
19001
18988
18964
18937
18918
18917
18866
18864
18855
18837
18804
18798
18797
18783
18735
18733
18714
18686
18684
18678
18670
18665
18664
18605
18595
18565
18565
18561
18520
18463
18442
18429
18395
18390
18373
18364
18336
18332
18303
18280
18211
18189
18176
18175
18162
18109
18108
18101
18098
18088
18043
18030
18013
17997
17991
17986
17974
17955
17911
17891
17889
17888
17851
17846
17842
17830
17818
17806
17805
17788
17782
17763
17716
17704
17672
17645
17639
17622
17597
17590
17575
17550
17545
17545
17519
17470
17469
17457
17430
17414
17377
17336
17330
17320
17300
17289
17241
17240
17207
17206
17186
17181
17168
17163
17132
17113
17097
17081
17063
17056
16974
16953
16939
16901
16894
16878
16871
16865
16850
16795
16754
16744
16740
16725
16719
16617
16614
16586
16532
16527
16492
16490
16436
16436
16436
16405
16402
16400
16398
16392
16387
16380
16379
16380
16363
16335
16297
16291
16287
16285
16280
16269
16263
16245
16236
16206
16179
16169
16154
16152
16146
16136
16122
16105
16089
16084
16032
16018
16017
15986
15977
15967
15966
15959
15954
15949
15931
15911
15897
15895
15893
15893
15892
15880
15878
15857
15856
15853
15828
15809
15808
15806
15789
15785
15778
15778
15753
15739
15734
15711
15709
15706
15694
15688
15653
15630
15623
15610
15601
15597
15596
15590
15586
15579
15576
15565
15546
15517
15509
15500
15494
15480
15479
15441
15430
15398
15388
15373
15354
15353
15337
15333
15315
15310
15290
15278
15293
15244
15243
15242
15218
15215
15208
15189
15175
15155
15142
15122
15114
15108
15106
15102
15097
15092
15089
15088
15083
15078
15073
15074
15049
15034
15011
14989
14968
14948
14940
14934
14933
14932
14930
14925
14919
14901
14841
14806
14798
14796
14772
14764
14757
14730
14722
14720
14720
14715
14710
14698
14690
14684
14674
14662
14637
14628
14604
14558
14555
14545
14533
14532
14524
14517
14497
14470
14468
14464
14456
14451
14443
14435
14430
14423
14417
14415
14408
14406
14347
14337
14328
14326
14323
14315
14313
14309
14301
14283
14260
14259
14247
14244
14242
14238
14235
14235
14231
14220
14199
14198
14185
14179
14177
14140
14129
14110
14103
14082
14073
14068
14045
14043
14034
14005
14000
13994
13991
13940
13937
13929
13923
13910
13906
13887
13885
13842
13839
13809
13789
13781
13778
13764
13753
13741
13736
13730
13728
13728
13719
13713
13703
13686
13684
13679
13672
13671
13669
13667
13607
13605
13603
13600
13584
13572
13569
13567
13565
13564
13563
13552
13551
13539
13495
13485
13484
13465
13455
13430
13416
13411
13386
13383
13377
13361
13361
13360
13359
13352
13348
13326
13321
13317
13304
13302
13292
13273
13261
13220
13212
13211
13197
13195
13188
13175
13174
13171
13159
13144
13133
13130
13122
13102
13081
13078
13073
13062
13049
13042
13041
13036
13019
13019
13008
13008
13005
12993
12992
12989
12985
12973
12962
12954
12952
12951
12935
12921
12913
12907
12889
12876
12869
12869
12866
12835
12835
12832
12822
12820
12786
12784
12781
12780
12775
12765
12754
12751
12745
12740
12735
12732
12731
12730
12701
12677
12657
12651
12648
12634
12628
12625
12620
12617
12605
12595
12594
12592
12579
12569
12560
12547
12541
12539
12537
12535
12529
12523
12509
12505
12500
12495
12483
12479
12471
12466
12462
12458
12455
12463
12439
12439
12432
12431
12423
12421
12419
12411
12407
12401
12400
12397
12380
12375
12371
12369
12359
12355
12313
12310
12294
12294
12289
12264
12261
12258
12252
12243
12239
12235
12226
12220
12211
12200
12165
12164
12159
12147
12140
12137
12128
12127
12114
12117
12106
12096
12096
12092
12090
12085
12083
12083
12083
12079
12078
12074
12070
12065
12065
12059
12058
12057
12052
12040
12035
12027
12019
12004
12000
11994
11991
11976
11972
11969
11968
11956
11948
11939
11935
11932
11930
11925
11916
11914
11911
11907
11903
11885
11885
11883
11875
11868
11865
11864
11860
11856
11848
11848
11845
11844
11841
11828
11828
11816
11816
11810
11809
11808
11805
11781
11771
11768
11768
11764
11754
11746
11745
11744
11723
11722
11718
11714
11693
11685
11681
11678
11666
11662
11655
11641
11632
11627
11625
11622
11620
11599
11592
11590
11586
11586
11584
11582
11577
11573
11565
11559
11557
11553
11548
11542
11541
11537
11536
11528
11521
11515
11512
11510
11499
11498
11497
11495
11493
11492
11482
11478
11470
11467
11464
11463
11463
11453
11446
11438
11435
11432
11430
11427
11423
11421
11420
11411
11407
11403
11403
11401
11400
11396
11394
11392
11389
11384
11383
11382
11373
11368
11358
11357
11356
11354
11353
11346
11344
11343
11331
11326
11317
11304
11297
11294
11288
11274
11274
11267
11267
11266
11260
11256
11253
11208
11207
11203
11198
11189
11182
11184
11170
11166
11164
11161
11153
11147
11147
11143
11135
11124
11116
11106
11095
11081
11079
11078
11071
11071
11058
11051
11046
11035
11011
11005
11002
10994
10992
10977
10976
10972
10969
10968
10968
10953
10949
10947
10930
10929
10929
10918
10914
10906
10905
10905
10889
10882
10878
10876
10871
10865
10865
10862
10858
10854
10851
10850
10845
10842
10830
10800
10794
10794
10786
10776
10770
10764
10749
10737
10733
10733
10729
10728
10710
10708
10703
10695
10690
10683
10673
10671
10664
10662
10661
10656
10655
10646
10641
10628
10628
10619
10612
10610
10606
10594
10593
10582
10581
10581
10574
10574
10570
10569
10565
10563
10557
10554
10553
10539
10538
10535
10531
10529
10537
10515
10502
10502
10499
10497
10490
10484
10483
10482
10480
10479
10478
10474
10473
10468
10454
10453
10438
10422
10421
10420
10418
10411
10407
10391
10386
10385
10371
10370
10368
10363
10363
10357
10355
10348
10343
10343
10341
10339
10337
10334
10331
10328
10323
10316
10313
10313
10309
10308
10304
10295
10295
10288
10288
10288
10272
10272
10266
10263
10256
10249
10248
10247
10247
10247
10244
10241
10239
10239
10230
10225
10212
10211
10206
10201
10200
10200
10195
10193
10188
10185
10181
10175
10167
10166
10163
10155
10154
10153
10150
10142
10140
10137
10136
10133
10128
10125
10114
10113
10105
10105
10103
10102
10101
10097
10095
10087
10084
10073
10071
10060
10053
10049
10048
10043
10041
10035
10031
10031
10013
10012
10008
10002
9997
9993
9983
9981
9978
9975
9974
9974
9973
9969
9962
9956
9954
9945
9944
9940
9938
9937
9936
9935
9934
9927
9925
9923
9921
9917
9915
9915
9905
9905
9904
9895
9894
9893
9882
9878
9877
9874
9873
9863
9861
9858
9856
9853
9852
9849
9849
9847
9847
9845
9733
9839
9828
9828
9824
9820
9819
9817
9816
9815
9809
9798
9798
9788
9785
9776
9770
9766
9764
9753
9752
9748
9746
9745
9744
9742
9740
9737
9734
9731
9729
9724
9720
9718
9718
9717
9715
9707
9704
9703
9701
9699
9699
9697
9696
9696
9692
9692
9690
9688
9687
9677
9673
9673
9672
9662
9661
9660
9651
9636
9635
9633
9628
9626
9617
9612
9612
9611
9608
9608
9605
9604
9596
9588
9587
9580
9572
9571
9567
9564
9563
9560
9559
9551
9547
9546
9545
9542
9540
9538
9536
9530
9525
9523
9520
9510
9501
9500
9498
9504
9496
9485
9483
9483
9481
9479
9479
9478
9476
9474
9465
9465
9463
9461
9455
9454
9450
9446
9444
9442
9442
9442
9435
9434
9432
9430
9422
9420
9417
9419
9416
9413
9405
9398
9396
9391
9388
9380
9378
9374
9371
9370
9369
9368
9366
9360
9372
9356
9354
9347
9346
9341
9335
9329
9325
9325
9319
9314
9313
9311
9310
9308
9305
9302
9298
9297
9296
9295
9290
9289
9286
9285
9283
9280
9274
9269
9261
9261
9259
9258
9253
9250
9249
9246
9248
9236
9232
9227
9223
9220
9220
9219
9216
9215
9214
9213
9213
9211
9199
9196
9191
9190
9178
9174
9174
9169
9166
9165
9161
9160
9160
9159
9131
9151
9150
9148
9137
9134
9133
9131
9127
9127
9123
9123
9120
9120
9114
9102
9100
9098
9090
9089
9081
9080
9072
9069
9069
9060
9057
9054
9049
9046
9044
9039
9032
9032
9029
9026
9025
9018
9015
9011
9004
9003
9002
8999
8999
8999
8996
8993
8990
8987
8985
8983
8981
8973
8964
8962
8960
8986
8956
8950
8946
8944
8943
8938
8930
8926
8922
8918
8916
8915
8911
8910
8906
8899
8893
8892
8888
8884
8882
8878
8875
8867
8866
8865
8863
8858
8856
8853
8852
8851
8846
8850
8843
8842
8841
8840
8840
8831
8831
8830
8827
8822
8819
8817
8816
8811
8811
8805
8802
8800
8798
8798
8792
8786
8784
8783
8779
8777
8771
8769
8765
8765
8750
8749
8748
8746
8738
8738
8735
8735
8733
8732
8731
8729
8727
8721
8720
8717
8716
8715
8714
8711
8694
8694
8694
8691
8685
8684
8681
8678
8676
8668
8667
8665
8664
8664
8662
8661
8653
8652
8647
8644
8643
8642
8636
8636
8633
8630
8629
8622
8621
8619
8618
8614
8608
8607
8606
8602
8596
8592
8589
8584
8583
8582
8581
8576
8576
8570
8569
8567
8567
8560
8557
8557
8556
8555
8552
8544
8543
8542
8542
8542
8541
8532
8530
8522
8517
8514
8513
8508
8504
8503
8499
8498
8498
8497
8494
8488
8485
8481
8480
8474
8472
8468
8464
8464
8459
8455
8451
8450
8443
8443
8442
8441
8439
8436
8436
8430
8427
8425
8422
8421
8416
8415
8413
8412
8410
8407
8406
8406
8403
8400
8399
8397
8394
8393
8384
8383
8381
8380
8380
8372
8369
8366
8365
8356
8355
8352
8351
8350
8350
8346
8343
8343
8341
8339
8339
8336
8334
8331
8330
8330
8329
8325
8324
8323
8322
8320
8319
8319
8318
8316
8315
8314
8314
8309
8308
8307
8306
8305
8305
8303
8301
8297
8295
8290
8289
8289
8288
8286
8284
8280
8277
8276
8274
8268
8268
8261
8260
8260
8258
8246
8246
8246
8243
8241
8241
8237
8236
8234
8232
8229
8229
8228
8225
8222
8221
8219
8218
8216
8214
8213
8209
8207
8205
8204
8198
8192
8190
8185
8183
8181
8181
8179
8177
8177
8172
8156
8156
8150
8148
8146
8145
8142
8135
8133
8132
8132
8128
8127
8125
8124
8118
8114
8110
8110
8109
8109
8109
8107
8104
8103
8100
8099
8090
8089
8086
8084
8084
8083
8081
8077
8075
8073
8070
8063
8059
8055
8055
8054
8053
8050
8048
8046
8045
8042
8042
8036
8036
8034
8028
8027
8027
8020
8007
8007
8007
8005
8004
8002
8002
8002
8001
7997
7994
7992
7991
7990
7988
7987
7986
7984
7983
7977
7971
7971
7970
7963
7961
7960
7958
7957
7957
7950
7944
7943
7933
7931
7929
7927
7925
7923
7919
7919
7915
7914
7913
7902
7894
7891
7891
7890
7886
7883
7881
7880
7877
7875
7869
7869
7868
7866
7864
7864
7863
7862
7852
7847
7846
7844
7839
7839
7838
7835
7835
7830
7827
7826
7826
7826
7813
7811
7809
7802
7800
7792
7789
7785
7785
7784
7782
7779
7777
7767
7764
7763
7761
7759
7759
7757
7756
7755
7754
7752
7747
7743
7740
7740
7739
7738
7736
7732
7731
7724
7717
7717
7712
7707
7699
7699
7690
7687
7687
7686
7686
7685
7680
7679
7679
7679
7677
7672
7669
7669
7668
7657
7655
7649
7648
7648
7646
7638
7638
7633
7633
7633
7632
7629
7628
7625
7631
7624
7623
7623
7623
7619
7617
7615
7615
7615
7612
7611
7619
7607
7605
7604
7602
7601
7598
7592
7592
7591
7590
7586
7585
7584
7584
7582
7578
7572
7563
7560
7559
7557
7556
7555
7554
7553
7552
7550
7547
7558
7543
7540
7530
7526
7521
7520
7519
7518
7516
7513
7511
7504
7504
7504
7504
7503
7501
7500
7498
7498
7494
7491
7488
7483
7483
7482
7481
7481
7479
7478
7476
7474
7472
7471
7469
7466
7464
7457
7456
7455
7453
7452
7450
7448
7447
7444
7442
7442
7440
7436
7436
7435
7432
7430
7428
7428
7426
7426
7424
7423
7423
7421
7417
7417
7416
7415
7415
7414
7414
7413
7407
7404
7402
7401
7398
7394
7394
7391
7386
7386
7385
7385
7382
7376
7372
7363
7362
7362
7358
7358
7358
7356
7354
7350
7349
7348
7346
7344
7342
7342
7341
7340
7340
7339
7338
7331
7330
7325
7324
7323
7320
7319
7319
7319
7318
7316
7313
7308
7308
7304
7304
7303
7299
7296
7295
7293
7292
7290
7284
7280
7278
7274
7272
7271
7270
7269
7267
7255
7254
7253
7253
7252
7250
7246
7246
7243
7243
7239
7238
7238
7237
7233
7228
7228
7225
7224
7223
7219
7213
7212
7207
7207
7207
7206
7206
7201
7200
7199
7196
7195
7195
7195
7194
7194
7193
7193
7193
7182
7182
7181
7181
7180
7179
7179
7171
7168
7167
7161
7160
7158
7154
7153
7151
7150
7146
7145
7144
7144
7143
7143
7141
7141
7138
7137
7136
7135
7134
7133
7131
7130
7126
7123
7122
7118
7115
7110
7110
7108
7106
7105
7105
7102
7093
7091
7090
7090
7088
7088
7087
7086
7083
7082
7077
7075
7074
7071
7068
7067
7066
7065
7064
7063
7062
7059
7058
7055
7055
7054
7053
7051
7050
7049
7048
7048
7048
7047
7044
7043
7043
7043
7043
7043
7043
7042
7040
7039
7033
7032
7026
7026
7024
7024
7024
7024
7024
7022
7020
7017
7015
7014
7014
7013
7012
7008
7004
7003
7001
6997
6995
6994
6993
6993
6991
6991
6990
6990
6988
6985
6984
6983
6983
6983
6982
6980
6978
6976
6973
6970
6970
6969
6969
6965
6964
6964
6963
6962
6962
6959
6959
6956
6951
6947
6944
6943
6943
6942
6939
6938
6938
6938
6937
6936
6935
6934
6933
6933
6932
6930
6928
6933
6920
6919
6918
6915
6914
6912
6907
6904
6904
6903
6902
6902
6900
6899
6898
6894
6892
6891
6890
6889
6888
6887
6884
6884
6880
6880
6878
6876
6875
6872
6872
6870
6870
6868
6864
6863
6861
6860
6857
6855
6854
6853
6852
6848
6847
6847
6842
6840
6839
6838
6836
6832
6831
6830
6830
6826
6826
6825
6825
6823
6819
6818
6817
6816
6815
6815
6802
6799
6799
6798
6797
6796
6794
6791
6790
6787
6786
6785
6777
6774
6772
6769
6767
6767
6766
6765
6765
6762
6762
6761
6761
6759
6759
6758
6757
6757
6755
6754
6754
6753
6753
6753
6751
6745
6744
6743
6741
6740
6739
6739
6737
6734
6732
6731
6731
6731
6730
6730
6729
6728
6728
6727
6722
6722
6721
6717
6717
6714
6709
6706
6706
6705
6704
6702
6698
6693
6691
6690
6686
6686
6683
6678
6677
6675
6675
6674
6669
6667
6666
6663
6660
6658
6657
6655
6652
6651
6649
6649
6648
6645
6645
6644
6644
6684
6641
6637
6635
6635
6634
6633
6630
6630
6629
6626
6626
6625
6625
6625
6624
6624
6623
6622
6620
6620
6620
6619
6617
6614
6614
6613
6611
6610
6608
6608
6607
6606
6606
6602
6602
6652
6601
6601
6599
6599
6598
6597
6596
6595
6594
6594
6593
6592
6592
6591
6589
6582
6579
6579
6576
6576
6575
6573
6571
6569
6568
6566
6565
6565
6564
6563
6561
6560
6559
6558
6556
6555
6553
6551
6550
6549
6548
6548
6544
6540
6540
6537
6537
6536
6535
6534
6533
6531
6531
6530
6528
6528
6527
6527
6527
6525
6524
6521
6518
6514
6513
6513
6513
6509
6509
6506
6505
6510
6503
6500
6497
6496
6495
6495
6491
6491
6490
6488
6487
6485
6484
6483
6481
6480
6479
6478
6476
6476
6473
6473
6470
6468
6467
6465
6462
6462
6460
6459
6457
6455
6453
6448
6446
6446
6446
6445
6443
6440
6440
6438
6438
6435
6432
6425
6424
6424
6424
6420
6416
6416
6416
6414
6414
6413
6413
6409
6408
6406
6404
6403
6401
6400
6398
6398
6397
6394
6393
6392
6392
6392
6390
6387
6385
6384
6383
6380
6378
6376
6375
6372
6372
6370
6369
6369
6369
6366
6366
6365
6365
6364
6364
6363
6377
6361
6359
6358
6357
6354
6352
6352
6351
6349
6349
6345
6340
6340
6337
6336
6334
6328
6328
6326
6324
6321
6320
6319
6317
6316
6315
6313
6312
6311
6305
6305
6304
6302
6304
6300
6297
6296
6294
6292
6292
6291
6286
6283
6281
6280
6279
6279
6278
6273
6272
6271
6271
6270
6265
6265
6264
6263
6263
6262
6260
6260
6260
6259
6258
6248
6247
6243
6240
6240
6239
6237
6235
6235
6232
6228
6227
6223
6222
6222
6219
6217
6220
6216
6216
6215
6214
6212
6211
6209
6208
6205
6205
6203
6203
6202
6201
6201
6193
6193
6193
6193
6192
6191
6190
6190
6189
6189
6188
6185
6183
6183
6182
6182
6182
6181
6180
6180
6179
6179
6177
6173
6170
6170
6167
6166
6164
6163
6161
6160
6159
6158
6157
6157
6153
6151
6151
6149
6148
6147
6146
6144
6141
6137
6134
6136
6130
6129
6129
6128
6128
6127
6125
6124
6122
6120
6120
6118
6116
6114
6114
6114
6114
6113
6112
6108
6108
6108
6108
6107
6107
6106
6105
6104
6103
6100
6099
6096
6096
6088
6087
6086
6085
6083
6081
6081
6080
6079
6079
6078
6076
6076
6076
6076
6075
6074
6074
6072
6072
6069
6069
6069
6063
6063
6062
6061
6060
6058
6053
6053
6053
6050
6049
6047
6047
6045
6045
6045
6044
6044
6041
6036
6034
6032
6032
6032
6032
6029
6028
6027
6025
6025
6024
6022
6021
6021
6021
6021
6020
6019
6017
6015
6014
6013
6011
6009
6008
6008
6007
6006
6004
6004
6003
6002
5999
5999
5997
5996
5994
5992
5991
5990
5990
5990
5989
5984
5982
5980
5980
5980
5979
5977
5976
5975
5975
5974
5970
5965
5964
5964
5964
5964
5963
5963
5963
5962
5960
5958
5957
5955
5953
5950
5949
5948
5947
5946
5946
5946
5945
5944
5942
5940
5938
5938
5938
5937
5935
5929
5929
5927
5927
5926
5926
5925
5924
5921
5920
5919
5917
5917
5914
5914
5913
5910
5909
5908
5908
5906
5906
5901
5901
5900
5895
5894
5893
5891
5890
5890
5889
5889
5888
5888
5882
5882
5880
5879
5878
5878
5874
5874
5874
5873
5872
5871
5869
5867
5862
5860
5859
5859
5857
5857
5856
5853
5853
5853
5851
5851
5851
5851
5850
5850
5847
5845
5845
5844
5842
5841
5839
5838
5835
5832
5831
5831
5828
5826
5826
5826
5826
5826
5824
5823
5822
5821
5820
5820
5817
5817
5816
5815
5815
5815
5815
5811
5809
5808
5808
5808
5807
5804
5804
5803
5803
5801
5801
5799
5798
5798
5794
5794
5794
5793
5793
5791
5790
5790
5787
5787
5785
5784
5784
5784
5780
5779
5778
5778
5778
5776
5775
5775
5790
5773
5772
5771
5770
5769
5769
5769
5766
5766
5765
5765
5763
5760
5758
5758
5757
5757
5757
5754
5752
5751
5751
5749
5746
5746
5744
5741
5741
5740
5739
5738
5737
5735
5733
5729
5729
5728
5727
5725
5725
5724
5724
5723
5722
5719
5719
5719
5719
5718
5717
5717
5716
5715
5715
5710
5710
5709
5707
5706
5705
5705
5704
5704
5704
5703
5703
5702
5702
5701
5701
5697
5696
5696
5694
5693
5693
5692
5691
5691
5689
5686
5686
5685
5683
5680
5680
5679
5678
5677
5676
5676
5675
5675
5674
5673
5673
5672
5672
5669
5667
5667
5666
5665
5664
5663
5662
5659
5659
5655
5655
5654
5653
5652
5662
5647
5646
5644
5644
5643
5643
5642
5642
5642
5640
5640
5639
5636
5636
5635
5634
5634
5633
5632
5627
5626
5624
5624
5623
5623
5622
5621
5621
5620
5620
5619
5619
5619
5617
5617
5619
5615
5613
5612
5610
5579
5609
5607
5609
5607
5607
5606
5604
5602
5601
5601
5599
5597
5597
5597
5596
5596
5595
5594
5592
5591
5591
5590
5589
5587
5587
5587
5585
5585
5583
5583
5583
5582
5582
5589
5581
5580
5580
5578
5577
5577
5573
5572
5569
5568
5568
5568
5568
5567
5566
5565
5565
5564
5561
5559
5556
5556
5555
5550
5547
5547
5545
5544
5544
5542
5539
5539
5537
5555
5536
5535
5524
5522
5519
5519
5518
5517
5516
5516
5516
5514
5514
5513
5513
5510
5510
5509
5506
5504
5504
5504
5503
5502
5501
5499
5498
5496
5495
5494
5494
5493
5491
5490
5490
5490
5490
5489
5488
5488
5488
5487
5487
5486
5485
5484
5484
5482
5481
5482
5480
5480
5480
5480
5478
5477
5477
5476
5476
5475
5471
5471
5471
5470
5469
5469
5468
5468
5468
5465
5462
5461
5461
5459
5459
5458
5456
5453
5453
5453
5451
5451
5451
5450
5449
5449
5447
5447
5446
5445
5443
5443
5443
5443
5442
5441
5439
5436
5435
5435
5433
5433
5432
5432
5432
5432
5429
5429
5428
5428
5427
5427
5423
5422
5422
5421
5420
5420
5418
5417
5416
5416
5414
5411
5410
5410
5406
5406
5405
5404
5401
5400
5399
5398
5395
5394
5393
5392
5390
5388
5386
5384
5384
5383
5383
5381
5381
5379
5378
5378
5377
5377
5376
5376
5376
5376
5375
5374
5373
5372
5370
5369
5369
5369
5369
5368
5368
5367
5366
5365
5365
5364
5363
5362
5362
5360
5359
5358
5357
5357
5357
5357
5357
5355
5355
5355
5355
5355
5353
5353
5351
5351
5351
5349
5349
5348
5345
5344
5343
5342
5342
5340
5337
5336
5336
5336
5335
5334
5333
5333
5331
5329
5327
5327
5327
5326
5326
5325
5324
5324
5323
5323
5323
5322
5321
5321
5319
5319
5319
5318
5317
5316
5315
5315
5314
5314
5314
5314
5312
5312
5311
5311
5310
5309
5308
5307
5307
5306
5304
5303
5303
5302
5301
5300
5300
5299
5298
5297
5296
5295
5295
5295
5295
5294
5293
5292
5292
5289
5288
5288
5287
5287
5286
5286
5285
5284
5283
5283
5282
5281
5280
5279
5279
5277
5276
5276
5276
5276
5274
5270
5270
5270
5269
5269
5268
5268
5268
5268
5267
5265
5263
5260
5260
5257
5256
5255
5255
5254
5253
5253
5253
5253
5252
5252
5251
5250
5250
5250
5248
5247
5246
5245
5244
5244
5241
5241
5240
5238
5237
5235
5234
5234
5233
5233
5230
5230
5229
5229
5228
5228
5228
5228
5228
5224
5223
5223
5223
5222
5221
5220
5219
5219
5218
5216
5216
5215
5215
5215
5213
5212
5212
5209
5208
5207
5207
5205
5203
5203
5202
5202
5202
5202
5201
5201
5200
5199
5199
5199
5198
5197
5196
5194
5194
5191
5190
5189
5189
5189
5187
5186
5185
5185
5183
5182
5179
5178
5178
5178
5175
5174
5174
5174
5174
5173
5170
5168
5165
5165
5160
5159
5156
5156
5155
5154
5154
5154
5154
5152
5151
5151
5146
5145
5144
5144
5144
5143
5142
5142
5141
5140
5140
5138
5136
5136
5135
5135
5135
5135
5135
5133
5131
5130
5130
5130
5130
5129
5128
5126
5125
5124
5123
5123
5123
5121
5120
5120
5119
5118
5118
5117
5116
5115
5115
5115
5114
5112
5112
5112
5111
5111
5111
5109
5109
5109
5108
5108
5108
5107
5103
5103
5103
5100
5100
5097
5095
5095
5094
5093
5093
5092
5091
5091
5091
5090
5089
5089
5088
5088
5087
5087
5085
5084
5082
5080
5078
5077
5075
5075
5075
5074
5073
5073
5072
5072
5071
5070
5069
5128
5067
5067
5066
5066
5065
5063
5062
5062
5061
5059
5065
5056
5056
5054
5053
5052
5052
5051
5051
5050
5049
5048
5048
5047
5044
5044
5042
5042
5041
5041
5041
5041
5040
5040
5040
5039
5037
5035
5035
5034
5032
5031
5031
5029
5029
5028
5027
5027
5026
5023
5023
5022
5021
5021
5021
5020
5019
5019
5018
5018
5017
5016
5015
5014
5012
5010
5007
5006
5005
5003
5002
5001
5001
5001
5000
5000
4999
4999
4998
4996
4996
4994
4992
4992
4991
4991
4988
4988
4987
4985
4985
4985
4983
4981
4980
4979
4978
4976
4975
4971
4968
4968
4968
4967
4966
4965
4963
4960
4960
4960
4960
4960
4959
4958
4957
4956
4955
4953
4952
4951
4951
4950
4950
4950
4948
4946
4945
4942
4942
4941
4940
4939
4939
4937
4936
4935
4935
4934
4934
4934
4933
4932
4932
4931
4931
4929
4929
4928
4928
4927
4926
4925
4925
4924
4923
4923
4919
4919
4918
4917
4916
4916
4916
4916
4915
4915
4914
4914
4914
4910
4908
4908
4907
4907
4906
4906
4906
4906
4905
4905
4900
4899
4899
4898
4897
4897
4894
4894
4894
4893
4893
4893
4892
4892
4892
4891
4890
4890
4889
4888
4887
4886
4886
4885
4885
4885
4884
4884
4883
4882
4881
4880
4880
4879
4879
4878
4878
4878
4878
4877
4877
4877
4877
4876
4876
4875
4872
4872
4870
4869
4868
4867
4867
4867
4866
4864
4864
4862
4862
4861
4861
4861
4860
4860
4858
4858
4858
4857
4855
4854
4853
4852
4851
4850
4849
4848
4848
4848
4848
4847
4847
4843
4843
4840
4840
4839
4839
4838
4838
4837
4837
4836
4836
4835
4835
4834
4833
4832
4832
4831
4835
4830
4829
4829
4829
4828
4828
4824
4823
4822
4820
4815
4815
4813
4812
4812
4812
4809
4809
4809
4808
4808
4806
4806
4806
4805
4804
4804
4802
4801
4801
4800
4799
4799
4799
4798
4796
4796
4796
4795
4794
4791
4790
4790
4790
4789
4789
4789
4788
4788
4787
4787
4787
4785
4785
4785
4784
4784
4784
4783
4782
4781
4781
4780
4779
4779
4778
4778
4778
4777
4777
4776
4777
4774
4773
4772
4771
4770
4770
4770
4769
4767
4766
4766
4765
4765
4761
4758
4758
4758
4758
4756
4755
4754
4752
4751
4751
4748
4746
4746
4745
4743
4743
4743
4742
4741
4741
4741
4741
4740
4740
4738
4738
4737
4736
4736
4736
4735
4734
4731
4731
4731
4730
4730
4730
4729
4729
4728
4726
4726
4726
4726
4725
4725
4725
4725
4724
4724
4723
4723
4722
4722
4722
4721
4720
4719
4718
4717
4717
4717
4717
4717
4717
4717
4715
4715
4713
4712
4711
4711
4709
4708
4708
4708
4708
4707
4707
4707
4706
4705
4705
4703
4703
4702
4699
4699
4699
4697
4697
4696
4696
4695
4694
4692
4692
4692
4692
4691
4690
4686
4686
4685
4684
4684
4684
4683
4682
4681
4681
4680
4677
4677
4676
4675
4675
4674
4674
4674
4674
4673
4672
4672
4672
4671
4671
4670
4670
4669
4668
4667
4667
4667
4667
4666
4665
4665
4663
4662
4662
4661
4660
4660
4658
4658
4657
4657
4656
4655
4654
4654
4653
4652
4651
4650
4650
4649
4649
4648
4648
4647
4646
4645
4644
4644
4644
4644
4643
4641
4641
4640
4640
4640
4639
4637
4636
4635
4634
4633
4633
4632
4632
4631
4629
4628
4628
4625
4624
4622
4621
4620
4619
4618
4618
4616
4616
4615
4615
4614
4614
4614
4614
4613
4612
4610
4611
4610
4609
4608
4607
4606
4605
4605
4606
4603
4603
4602
4602
4601
4600
4599
4598
4598
4598
4596
4596
4595
4594
4592
4592
4592
4592
4591
4590
4589
4589
4588
4588
4588
4588
4587
4587
4587
4587
4588
4587
4587
4586
4585
4584
4584
4583
4583
4581
4580
4580
4578
4577
4574
4572
4571
4571
4571
4570
4570
4569
4569
4569
4569
4568
4568
4567
4567
4567
4566
4565
4565
4564
4563
4566
4563
4561
4560
4559
4558
4558
4557
4557
4557
4556
4554
4554
4553
4552
4549
4549
4548
4547
4546
4546
4545
4544
4541
4539
4538
4536
4534
4533
4532
4531
4531
4530
4530
4529
4529
4527
4526
4526
4526
4524
4522
4520
4520
4520
4519
4519
4518
4518
4517
4517
4517
4516
4514
4513
4512
4512
4512
4510
4510
4509
4509
4509
4509
4508
4508
4508
4507
4507
4507
4506
4505
4504
4503
4501
4501
4501
4548
4499
4499
4499
4498
4498
4497
4496
4496
4496
4495
4495
4493
4492
4492
4492
4492
4491
4491
4491
4491
4490
4490
4489
4489
4489
4489
4489
4488
4488
4488
4487
4486
4486
4484
4483
4482
4481
4479
4479
4479
4477
4476
4476
4476
4475
4473
4473
4473
4471
4471
4470
4470
4470
4469
4467
4466
4466
4466
4466
4466
4465
4463
4463
4463
4462
4461
4461
4461
4460
4460
4458
4458
4458
4458
4454
4454
4453
4453
4452
4452
4452
4451
4450
4449
4447
4447
4446
4446
4446
4445
4445
4445
4444
4444
4444
4443
4443
4442
4441
4441
4440
4440
4439
4439
4439
4439
4438
4438
4438
4438
4437
4436
4436
4435
4434
4434
4434
4434
4433
4432
4432
4430
4430
4430
4430
4428
4428
4427
4427
4427
4426
4426
4423
4422
4422
4421
4418
4417
4417
4417
4417
4416
4416
4416
4415
4414
4413
4411
4411
4410
4410
4410
4412
4409
4408
4408
4406
4405
4405
4404
4404
4404
4403
4403
4403
4403
4403
4402
4402
4402
4402
4401
4401
4399
4399
4398
4397
4396
4395
4395
4395
4395
4395
4394
4393
4392
4391
4391
4391
4390
4390
4390
4389
4388
4386
4386
4385
4385
4385
4385
4384
4384
4382
4381
4380
4379
4378
4377
4377
4375
4374
4372
4372
4372
4372
4372
4371
4371
4371
4371
4371
4370
4369
4369
4369
4367
4366
4366
4365
4365
4364
4363
4363
4363
4362
4361
4361
4361
4361
4360
4360
4358
4357
4356
4356
4355
4355
4355
4355
4355
4355
4354
4354
4353
4354
4353
4353
4353
4350
4349
4349
4348
4348
4347
4347
4347
4345
4345
4344
4344
4341
4341
4340
4340
4340
4339
4339
4338
4337
4337
4336
4335
4335
4332
4331
4331
4330
4329
4329
4329
4328
4328
4327
4327
4326
4326
4325
4325
4325
4324
4323
4322
4321
4321
4321
4320
4319
4316
4315
4314
4314
4313
4312
4312
4312
4309
4309
4308
4308
4307
4307
4307
4305
4304
4302
4301
4301
4301
4299
4298
4297
4295
4294
4293
4293
4293
4292
4291
4291
4291
4291
4290
4290
4290
4290
4289
4288
4288
4287
4287
4286
4286
4285
4285
4285
4285
4284
4284
4284
4283
4283
4282
4281
4281
4281
4280
4280
4279
4279
4279
4278
4277
4277
4277
4277
4276
4275
4274
4274
4273
4272
4271
4271
4269
4269
4267
4267
4267
4266
4265
4261
4261
4259
4259
4259
4259
4258
4257
4257
4255
4254
4254
4254
4254
4252
4252
4252
4251
4251
4251
4250
4249
4249
4248
4246
4245
4245
4245
4244
4242
4241
4239
4238
4237
4237
4236
4236
4236
4244
4235
4234
4233
4233
4232
4232
4231
4231
4230
4230
4227
4227
4226
4226
4225
4225
4225
4224
4223
4221
4219
4219
4218
4218
4217
4217
4216
4216
4216
4215
4215
4215
4214
4214
4213
4213
4212
4211
4211
4211
4211
4211
4211
4210
4210
4208
4208
4208
4208
4207
4207
4206
4206
4205
4203
4203
4202
4202
4201
4200
4198
4198
4196
4196
4195
4195
4194
4190
4190
4189
4189
4188
4187
4187
4186
4186
4185
4185
4184
4184
4183
4183
4183
4183
4183
4182
4181
4181
4180
4179
4178
4177
4177
4176
4175
4175
4174
4172
4168
4167
4165
4165
4164
4164
4163
4162
4161
4159
4159
4158
4158
4158
4157
4157
4156
4155
4155
4155
4155
4155
4155
4154
4153
4152
4152
4152
4151
4151
4150
4150
4150
4150
4150
4150
4149
4148
4148
4147
4147
4147
4147
4147
4146
4145
4144
4144
4144
4143
4143
4141
4141
4139
4138
4138
4138
4137
4136
4136
4136
4136
4135
4135
4135
4134
4134
4133
4133
4133
4132
4131
4131
4130
4130
4130
4129
4129
4129
4128
4127
4127
4126
4126
4126
4126
4125
4125
4125
4124
4123
4123
4122
4121
4120
4119
4118
4118
4118
4118
4116
4116
4116
4116
4116
4115
4114
4112
4112
4112
4112
4111
4111
4110
4109
4109
4106
4106
4105
4104
4104
4103
4103
4103
4102
4102
4101
4100
4099
4099
4099
4099
4099
4098
4097
4096
4094
4094
4093
4093
4093
4093
4093
4093
4093
4092
4092
4092
4091
4091
4090
4090
4088
4087
4087
4087
4086
4086
4085
4086
4084
4084
4083
4082
4081
4081
4081
4080
4080
4080
4079
4079
4078
4077
4077
4076
4075
4073
4073
4072
4070
4070
4070
4070
4069
4069
4069
4069
4068
4068
4068
4068
4068
4068
4067
4067
4066
4066
4065
4065
4063
4062
4062
4062
4062
4060
4060
4060
4059
4058
4058
4088
4058
4057
4057
4055
4055
4054
4054
4054
4053
4053
4053
4051
4051
4049
4054
4047
4046
4046
4046
4046
4044
4044
4044
4043
4043
4043
4042
4042
4040
4039
4038
4037
4037
4036
4036
4036
4035
4035
4035
4035
4034
4034
4033
4032
4032
4031
4031
4030
4030
4030
4030
4028
4028
4027
4027
4026
4025
4025
4025
4025
4024
4024
4023
4023
4023
4022
4022
4022
4021
4021
4020
4020
4020
4020
4018
4018
4018
4016
4015
4014
4014
4013
4013
4013
4012
4011
4010
4010
4010
4009
4008
4008
4007
4006
4006
4006
4005
4005
4005
4005
4005
4005
4005
4002
4001
4001
4001
4001
4000
4000
4000
3999
3999
3999
3999
3998
3998
3998
3998
3997
3997
3996
3996
3996
3994
3994
3994
3994
3993
3993
3993
3992
3992
3992
3991
3990
3990
3990
3990
3988
3988
3988
3994
3987
3987
3987
3986
3985
3984
3984
3984
3983
3983
3982
3980
3980
3980
3979
3979
3978
3977
3977
3976
3976
3975
3975
3974
3973
3973
3972
3972
3972
3972
3971
3971
3971
3971
3970
3970
3969
3969
3969
3965
3965
3965
3964
3964
3963
3963
3963
3963
3962
3961
3960
3960
3960
3959
3959
3958
3958
3957
3957
3957
3957
3955
3955
3955
3955
3955
3954
3954
3954
3953
3953
3953
3953
3952
3952
3952
3952
3952
3952
3952
3951
3948
3948
3948
3948
3948
3947
3946
3945
3945
3945
3944
3943
3942
3941
3940
3940
3940
3940
3940
3938
3937
3937
3937
3936
3935
3933
3932
3932
3932
3932
3930
3930
3930
3929
3929
3929
3928
3936
3927
3927
3927
3926
3925
3925
3925
3925
3925
3925
3924
3924
3923
3923
3923
3922
3922
3921
3921
3921
3920
3920
3920
3919
3919
3918
3918
3918
3918
3918
3917
3917
3917
3916
3916
3916
3915
3915
3914
3913
3913
3912
3911
3909
3909
3909
3907
3907
3907
3906
3905
3904
3903
3901
3901
3900
3899
3899
3899
3898
3898
3898
3897
3897
3896
3896
3896
3896
3896
3894
3894
3894
3894
3894
3893
3893
3892
3892
3891
3890
3889
3889
3889
3888
3888
3888
3888
3887
3887
3886
3886
3885
3884
3884
3884
3884
3883
3881
3881
3880
3879
3879
3879
3879
3878
3878
3878
3878
3876
3876
3875
3875
3873
3873
3873
3873
3872
3872
3872
3872
3872
3871
3870
3869
3869
3869
3869
3869
3868
3868
3868
3868
3868
3867
3866
3866
3866
3866
3866
3865
3865
3865
3864
3863
3863
3861
3861
3861
3860
3860
3860
3860
3859
3859
3859
3858
3857
3856
3856
3855
3855
3855
3855
3854
3854
3854
3853
3853
3853
3852
3852
3852
3851
3851
3851
3851
3851
3850
3850
3849
3849
3848
3848
3848
3848
3847
3847
3846
3845
3844
3844
3844
3843
3843
3843
3843
3842
3842
3842
3842
3842
3842
3841
3841
3841
3839
3838
3837
3837
3837
3836
3835
3835
3835
3834
3833
3833
3833
3832
3831
3831
3831
3830
3830
3830
3829
3829
3829
3829
3827
3827
3827
3827
3827
3826
3826
3825
3825
3825
3823
3823
3822
3822
3819
3819
3819
3819
3818
3818
3818
3817
3817
3817
3817
3816
3816
3816
3816
3816
3816
3815
3815
3815
3812
3812
3812
3812
3812
3811
3811
3810
3810
3810
3809
3809
3808
3808
3808
3807
3807
3806
3806
3805
3805
3804
3825
3804
3803
3802
3802
3802
3801
3801
3801
3800
3800
3799
3799
3798
3798
3797
3797
3797
3797
3796
3795
3795
3794
3794
3793
3794
3792
3792
3791
3791
3790
3790
3790
3789
3789
3787
3787
3787
3786
3786
3786
3784
3784
3783
3782
3782
3781
3781
3779
3778
3778
3778
3776
3776
3776
3776
3776
3776
3775
3776
3775
3774
3774
3774
3774
3773
3773
3773
3772
3772
3772
3772
3772
3772
3771
3770
3769
3769
3768
3768
3768
3767
3767
3766
3764
3764
3764
3763
3763
3762
3762
3762
3762
3761
3761
3761
3760
3760
3760
3760
3759
3758
3758
3757
3757
3757
3757
3757
3756
3756
3754
3754
3754
3753
3753
3752
3752
3752
3752
3752
3752
3751
3751
3750
3750
3750
3750
3749
3749
3748
3748
3748
3748
3748
3748
3748
3748
3748
3747
3747
3747
3747
3746
3746
3745
3745
3745
3745
3744
3743
3743
3743
3743
3742
3742
3741
3741
3741
3741
3740
3740
3740
3740
3739
3738
3738
3737
3737
3737
3737
3736
3736
3736
3735
3735
3735
3734
3733
3733
3733
3733
3732
3732
3731
3731
3731
3730
3730
3730
3730
3729
3729
3729
3728
3727
3727
3727
3727
3726
3726
3726
3726
3726
3726
3725
3724
3724
3723
3722
3722
3721
3721
3721
3721
3720
3720
3719
3719
3718
3717
3716
3716
3715
3714
3713
3713
3713
3713
3712
3712
3710
3710
3710
3709
3709
3708
3708
3708
3708
3707
3705
3705
3705
3705
3704
3704
3703
3702
3702
3702
3702
3702
3702
3702
3701
3700
3700
3699
3699
3699
3698
3698
3698
3698
3698
3697
3697
3697
3697
3697
3696
3696
3696
3695
3695
3695
3695
3695
3693
3693
3693
3693
3692
3692
3691
3691
3691
3691
3690
3690
3690
3689
3689
3689
3689
3688
3688
3688
3687
3687
3687
3686
3686
3685
3685
3684
3684
3684
3683
3683
3683
3683
3682
3682
3681
3681
3681
3679
3679
3679
3678
3677
3677
3677
3676
3676
3676
3675
3675
3674
3674
3674
3673
3673
3673
3672
3672
3672
3672
3672
3672
3672
3671
3671
3671
3671
3670
3669
3669
3669
3669
3668
3668
3667
3666
3666
3666
3666
3665
3665
3664
3664
3664
3663
3663
3662
3662
3662
3662
3661
3661
3661
3660
3660
3660
3659
3659
3659
3658
3657
3656
3656
3656
3656
3656
3656
3655
3655
3655
3654
3654
3654
3653
3617
3652
3652
3651
3651
3650
3649
3649
3648
3648
3648
3648
3647
3647
3646
3645
3645
3645
3645
3645
3645
3644
3644
3643
3643
3643
3643
3643
3642
3641
3641
3641
3640
3640
3639
3639
3639
3638
3638
3638
3637
3637
3636
3636
3636
3635
3635
3635
3635
3634
3634
3633
3633
3633
3633
3632
3632
3631
3631
3630
3630
3630
3629
3629
3628
3628
3627
3627
3633
3625
3625
3625
3625
3624
3624
3624
3622
3622
3622
3622
3621
3621
3620
3621
3620
3620
3620
3619
3619
3619
3619
3618
3617
3617
3617
3617
3617
3617
3616
3615
3615
3614
3614
3614
3614
3614
3613
3613
3613
3613
3613
3612
3612
3611
3610
3610
3610
3608
3608
3608
3608
3607
3607
3607
3606
3606
3541
3604
3603
3602
3602
3601
3601
3599
3599
3599
3598
3598
3598
3598
3597
3597
3597
3597
3597
3597
3597
3596
3596
3596
3596
3596
3595
3595
3595
3594
3593
3592
3592
3592
3591
3590
3587
3587
3587
3587
3586
3586
3585
3584
3584
3584
3584
3583
3583
3583
3583
3582
3581
3581
3581
3581
3580
3580
3580
3579
3579
3578
3578
3578
3578
3578
3596
3577
3576
3576
3576
3576
3575
3575
3575
3575
3574
3574
3574
3573
3573
3572
3571
3571
3571
3570
3569
3568
3568
3568
3568
3567
3567
3566
3566
3566
3566
3565
3565
3564
3564
3563
3563
3563
3562
3562
3562
3561
3561
3561
3560
3560
3560
3559
3558
3557
3556
3556
3556
3556
3556
3556
3565
3555
3555
3555
3553
3552
3551
3551
3551
3551
3550
3550
3550
3550
3550
3549
3548
3548
3548
3548
3547
3547
3547
3546
3546
3545
3544
3544
3544
3544
3542
3541
3541
3541
3541
3540
3540
3540
3540
3540
3540
3540
3539
3538
3538
3538
3538
3538
3537
3537
3537
3537
3535
3535
3535
3535
3534
3534
3533
3532
3532
3532
3532
3531
3531
3530
3530
3529
3529
3529
3529
3528
3528
3528
3525
3525
3524
3524
3524
3522
3521
3521
3520
3519
3519
3519
3519
3518
3518
3518
3518
3518
3517
3517
3517
3517
3516
3516
3516
3515
3515
3515
3513
3513
3513
3513
3513
3512
3511
3511
3510
3509
3508
3508
3508
3507
3507
3507
3507
3505
3504
3504
3504
3504
3504
3503
3503
3502
3502
3502
3500
3500
3498
3498
3498
3497
3497
3497
3497
3497
3497
3496
3496
3496
3495
3495
3494
3494
3494
3493
3492
3492
3492
3491
3491
3491
3491
3490
3489
3489
3487
3487
3487
3486
3486
3486
3486
3495
3484
3484
3484
3488
3484
3483
3483
3483
3482
3481
3481
3481
3481
3481
3480
3479
3479
3478
3478
3478
3478
3477
3477
3477
3477
3477
3477
3476
3536
3475
3475
3474
3474
3474
3474
3472
3471
3471
3470
3470
3469
3469
3469
3469
3468
3468
3486
3467
3467
3467
3466
3465
3465
3465
3465
3464
3463
3463
3462
3462
3461
3461
3460
3460
3459
3459
3459
3458
3458
3458
3458
3457
3457
3457
3457
3457
3456
3456
3456
3455
3455
3454
3453
3453
3452
3452
3452
3451
3451
3451
3451
3451
3451
3451
3451
3451
3450
3450
3450
3450
3450
3449
3449
3448
3448
3448
3448
3447
3446
3445
3445
3445
3443
3443
3443
3443
3442
3442
3441
3441
3440
3438
3438
3438
3437
3437
3437
3436
3436
3436
3436
3436
3436
3436
3436
3436
3435
3435
3435
3434
3434
3434
3434
3434
3433
3433
3433
3432
3432
3432
3431
3431
3431
3431
3430
3430
3430
3430
3430
3429
3429
3429
3429
3429
3428
3428
3428
3427
3427
3427
3426
3425
3424
3424
3424
3424
3424
3423
3423
3423
3423
3423
3422
3422
3422
3422
3422
3422
3422
3422
3422
3421
3420
3420
3420
3420
3419
3419
3419
3419
3418
3418
3418
3418
3418
3418
3417
3417
3417
3416
3416
3416
3415
3415
3415
3415
3415
3415
3415
3415
3415
3414
3414
3414
3414
3413
3412
3412
3412
3412
3412
3412
3410
3410
3410
3409
3409
3409
3409
3408
3407
3407
3406
3405
3405
3405
3405
3404
3404
3404
3404
3403
3403
3402
3401
3401
3401
3401
3401
3400
3400
3400
3400
3400
3400
3400
3399
3399
3398
3398
3398
3397
3397
3397
3397
3397
3397
3397
3396
3396
3396
3396
3396
3395
3395
3394
3394
3394
3393
3393
3393
3393
3393
3392
3392
3390
3390
3389
3388
3390
3387
3387
3387
3387
3387
3387
3386
3386
3386
3386
3386
3386
3386
3386
3385
3385
3385
3385
3384
3384
3384
3384
3384
3384
3384
3384
3383
3382
3382
3381
3380
3379
3378
3378
3378
3378
3377
3377
3377
3377
3376
3376
3376
3375
3375
3375
3375
3375
3375
3374
3374
3373
3373
3373
3373
3373
3373
3372
3372
3372
3371
3371
3371
3371
3371
3370
3370
3370
3370
3369
3369
3369
3368
3368
3367
3367
3367
3367
3367
3366
3366
3366
3365
3365
3365
3364
3364
3363
3362
3362
3362
3361
3361
3361
3361
3361
3360
3360
3359
3359
3359
3359
3359
3359
3359
3358
3358
3358
3357
3357
3357
3357
3357
3356
3356
3356
3355
3355
3355
3354
3354
3354
3354
3353
3353
3353
3353
3352
3352
3352
3351
3351
3350
3350
3349
3349
3349
3349
3349
3348
3347
3347
3346
3346
3346
3346
3346
3345
3345
3345
3345
3345
3344
3344
3343
3342
3342
3342
3342
3341
3341
3341
3341
3341
3340
3340
3338
3338
3337
3337
3337
3337
3336
3336
3344
3335
3335
3335
3334
3334
3334
3334
3334
3334
3332
3332
3331
3331
3330
3330
3330
3329
3328
3328
3328
3328
3328
3328
3327
3327
3327
3327
3326
3326
3326
3325
3325
3324
3324
3324
3323
3323
3323
3322
3322
3322
3321
3321
3321
3320
3324
3320
3319
3319
3319
3319
3318
3318
3317
3317
3317
3317
3316
3315
3315
3315
3314
3314
3314
3314
3314
3313
3313
3313
3313
3313
3313
3312
3311
3311
3311
3311
3311
3311
3311
3311
3310
3310
3310
3309
3309
3309
3308
3308
3308
3308
3307
3307
3306
3306
3306
3306
3305
3305
3304
3303
3303
3303
3303
3303
3302
3302
3302
3302
3301
3301
3301
3300
3299
3299
3299
3299
3298
3298
3298
3298
3297
3296
3295
3295
3295
3294
3294
3294
3294
3294
3294
3294
3294
3293
3293
3293
3292
3292
3292
3292
3292
3292
3292
3291
3291
3291
3290
3290
3289
3288
3288
3287
3286
3285
3285
3285
3284
3283
3282
3282
3282
3281
3279
3279
3278
3278
3278
3278
3277
3277
3277
3277
3277
3276
3276
3276
3276
3275
3275
3275
3274
3274
3274
3274
3273
3273
3273
3273
3273
3273
3272
3272
3272
3272
3272
3271
3271
3270
3270
3269
3269
3269
3269
3269
3269
3268
3268
3268
3268
3267
3267
3267
3266
3266
3266
3265
3265
3265
3265
3265
3265
3264
3263
3263
3263
3262
3262
3262
3262
3261
3261
3260
3260
3259
3259
3259
3259
3259
3258
3258
3258
3258
3257
3256
3256
3256
3256
3255
3254
3254
3254
3254
3254
3253
3253
3253
3253
3253
3253
3252
3252
3252
3252
3251
3251
3250
3250
3250
3249
3249
3249
3249
3249
3249
3248
3248
3248
3247
3247
3246
3246
3246
3245
3245
3244
3244
3244
3244
3244
3244
3243
3242
3242
3242
3241
3241
3241
3240
3240
3240
3240
3240
3239
3239
3239
3238
3238
3237
3236
3235
3235
3234
3241
3234
3234
3234
3234
3233
3232
3232
3232
3232
3232
3231
3231
3231
3230
3230
3229
3228
3228
3228
3227
3227
3226
3226
3226
3225
3225
3225
3224
3224
3224
3223
3223
3223
3223
3222
3222
3222
3222
3221
3221
3221
3220
3220
3220
3219
3219
3219
3218
3218
3218
3218
3218
3217
3217
3217
3216
3216
3216
3216
3216
3216
3216
3216
3216
3216
3216
3216
3216
3215
3215
3214
3214
3214
3213
3213
3212
3212
3212
3211
3211
3210
3210
3210
3209
3209
3209
3208
3208
3207
3206
3206
3206
3206
3205
3204
3204
3203
3203
3203
3202
3202
3202
3202
3201
3201
3201
3201
3201
3201
3201
3200
3200
3200
3200
3200
3200
3199
3199
3199
3199
3198
3196
3195
3195
3195
3195
3195
3195
3195
3194
3194
3194
3192
3192
3191
3191
3191
3191
3191
3190
3190
3190
3190
3189
3189
3189
3188
3187
3187
3186
3186
3186
3185
3185
3185
3185
3184
3183
3183
3183
3183
3182
3182
3182
3182
3182
3182
3182
3182
3181
3181
3180
3180
3180
3179
3179
3179
3179
3179
3178
3178
3178
3178
3177
3177
3176
3176
3175
3175
3175
3174
3174
3173
3173
3173
3173
3172
3172
3172
3172
3172
3171
3171
3171
3171
3171
3171
3170
3170
3170
3170
3169
3168
3167
3167
3167
3167
3166
3165
3165
3165
3164
3164
3163
3163
3163
3163
3163
3162
3162
3162
3161
3161
3161
3161
3160
3160
3160
3160
3159
3159
3159
3159
3159
3159
3159
3158
3158
3158
3158
3157
3157
3156
3156
3156
3155
3155
3155
3155
3155
3154
3154
3153
3153
3153
3157
3152
3152
3152
3151
3151
3150
3150
3150
3150
3150
3149
3149
3148
3148
3148
3147
3147
3147
3146
3146
3146
3145
3145
3145
3145
3145
3144
3144
3144
3143
3143
3143
3143
3142
3142
3142
3142
3142
3141
3141
3140
3140
3140
3139
3139
3139
3138
3138
3138
3138
3137
3137
3137
3136
3136
3136
3136
3136
3136
3136
3136
3135
3135
3134
3134
3134
3134
3133
3133
3133
3133
3131
3131
3131
3131
3131
3130
3130
3130
3129
3128
3128
3128
3127
3127
3126
3126
3125
3125
3124
3124
3124
3122
3122
3122
3122
3122
3122
3121
3121
3121
3120
3120
3120
3120
3119
3118
3117
3117
3117
3116
3116
3116
3116
3115
3115
3115
3114
3114
3114
3113
3113
3113
3112
3112
3111
3111
3111
3111
3111
3110
3110
3109
3109
3108
3107
3108
3106
3106
3106
3106
3106
3105
3105
3105
3105
3105
3104
3104
3104
3104
3104
3104
3103
3103
3103
3103
3102
3102
3102
3102
3101
3100
3100
3100
3100
3100
3099
3099
3098
3098
3098
3098
3097
3097
3097
3096
3096
3096
3096
3095
3095
3095
3094
3094
3093
3093
3093
3093
3093
3093
3093
3092
3100
3092
3091
3090
3090
3090
3089
3089
3089
3088
3088
3087
3087
3087
3087
3087
3087
3086
3086
3086
3086
3085
3084
3084
3084
3084
3084
3083
3083
3083
3083
3082
3082
3081
3081
3081
3080
3080
3080
3080
3080
3079
3079
3078
3078
3078
3078
3078
3078
3078
3077
3077
3076
3075
3075
3075
3074
3074
3074
3074
3074
3074
3074
3073
3073
3073
3072
3072
3072
3072
3072
3071
3071
3071
3071
3070
3070
3070
3070
3070
3070
3070
3070
3069
3069
3068
3067
3067
3067
3067
3066
3065
3064
3064
3064
3063
3063
3063
3062
3062
3062
3062
3061
3060
3060
3060
3060
3059
3059
3058
3057
3057
3057
3056
3056
3056
3056
3056
3056
3055
3055
3055
3054
3054
3053
3053
3053
3053
3053
3053
3052
3052
3052
3052
3052
3052
3051
3051
3050
3050
3050
3049
3049
3049
3049
3049
3049
3048
3048
3048
3047
3047
3046
3046
3046
3046
3046
3045
3045
3045
3045
3044
3044
3044
3043
3043
3043
3043
3043
3043
3043
3042
3042
3041
3041
3041
3040
3039
3039
3039
3039
3038
3038
3038
3037
3036
3036
3036
3036
3035
3035
3034
3034
3034
3034
3034
3033
3033
3032
3032
3032
3032
3032
3032
3032
3032
3031
3031
3030
3030
3030
3029
3029
3029
3029
3028
3028
3027
3027
3027
3027
3027
3027
3027
3027
3025
3025
3024
3024
3024
3023
3023
3022
3022
3022
3021
3020
3020
3019
3019
3019
3019
3018
3018
3018
3017
3017
3016
3016
3016
3015
3015
3015
3014
3014
3013
3013
3012
3012
3012
3012
3011
3011
3011
3010
3010
3010
3010
3009
3009
3009
3009
3008
3008
3008
3007
3007
3007
3007
3006
3006
3006
3005
3005
3005
3005
3004
3003
3011
3003
3003
3003
3003
3002
3002
3002
3002
3001
3001
3001
3000
3000
3000
3000
3062
