338250
224000
205822
186024
175735
150076
146635
144451
132515
114166
109361
107810
104661
98850
98845
94169
93398
86545
85466
83026
80049
71211
68121
67710
66509
65736
65360
61847
61791
61138
60985
60040
58658
58516
56654
56620
56344
56326
54161
54061
53456
52521
52450
51741
51103
51026
50226
50128
49990
49461
47925
47802
46484
46145
45826
45526
44667
43045
42984
42772
42163
41555
41522
41457
41361
41311
41082
41048
40755
40711
40506
40145
40138
40120
40113
39929
39355
39248
39047
38811
38667
38608
38570
38335
38315
37864
37736
37678
36987
36823
36171
36007
34882
34415
34392
34355
33992
33969
33464
33453
33425
33351
33225
33184
33178
33173
33097
32748
32738
32467
32466
32431
32372
32255
32243
32065
31827
31783
31612
31168
30896
30773
30770
30377
30308
29904
29594
29520
29515
29442
29094
29078
28938
28743
28687
28597
28577
28414
28339
28302
28298
28197
27878
27828
27794
27749
27292
27278
27254
27154
27141
27138
27134
26902
26894
26705
26695
26220
26175
25965
25920
25708
25704
25640
25409
25259
25148
24949
24612
24528
24400
24339
23957
23839
23833
23745
23626
23577
23528
23523
23502
23437
23423
23202
23046
22993
22967
22891
22887
22694
22693
22619
22556
22534
22433
22383
22340
22219
22145
22108
22015
21986
21723
21707
21570
21485
21430
21373
21358
21349
21320
21267
21183
21153
21094
21081
21036
20983
20977
20950
20895
20771
20766
20764
20624
20569
20462
20436
20311
20218
20155
20145
20102
20089
20052
19878
19856
19814
19655
19593
19534
19526
19427
19406
19369
19367
19312
19292
19256
19239
19230
19200
19198
19196
19085
18964
18855
18839
18792
18750
18724
18540
18504
18361
18344
18332
18326
18186
18086
18067
18051
18042
17987
17958
17935
17930
17918
17912
17889
17888
17885
17867
17862
17806
17760
17744
17677
17612
17594
17539
17491
17472
17456
17446
17414
17409
17398
17385
17312
17311
17245
17227
17226
17108
17099
17066
17014
16999
16973
16966
16959
16958
16957
16934
16865
16859
16831
16785
16781
16755
16754
16747
16725
16722
16717
16701
16583
16522
16499
16435
16434
16377
16377
16359
16343
16325
16324
16323
16265
16244
16218
16212
16206
16205
16134
16095
16094
16093
16077
16077
16041
16027
16020
15987
15965
15927
15911
15885
15870
15867
15866
15860
15859
15803
15793
15729
15716
15687
15615
15597
15591
15599
15570
15525
15523
15505
15459
15458
15437
15403
15403
15397
15396
15392
15381
15368
15356
15313
15269
15236
15224
15211
15200
15196
15194
15174
15158
15124
15039
15024
15023
15009
15001
14984
14953
14946
14940
14939
14925
14904
14897
14894
14865
14828
14806
14802
14777
14745
14725
14715
14689
14639
14637
14633
14613
14593
14581
14576
14568
14551
14547
14432
14419
14418
14415
14359
14335
14305
14301
14298
14297
14273
14260
14254
14251
14223
14214
14204
14178
14154
14149
14134
14131
14097
14083
14044
14018
14012
14008
13966
13913
13892
13861
13857
13844
13831
13824
13821
13819
13807
13784
13772
13750
13746
13717
13713
13706
13620
13596
13564
13559
13552
13539
13532
13517
13471
13469
13467
13461
13456
13449
13430
13417
13318
13305
13295
13278
13274
13269
13268
13266
13254
13247
13234
13228
13222
13220
13215
13214
13195
13188
13148
13095
13088
13065
13053
13052
13050
13046
13045
13009
12996
12995
12990
12987
12979
12962
12961
12958
12905
12903
12900
12898
12897
12889
12857
12842
12838
12831
12809
12762
12754
12753
12742
12722
12716
12699
12696
12680
12671
12668
12660
12659
12633
12620
12617
12599
12598
12590
12572
12548
12538
12500
12489
12456
12455
12454
12433
12423
12422
12413
12404
12386
12374
12355
12334
12315
12281
12260
12232
12188
12161
12159
12159
12151
12101
12088
12085
12073
12067
12067
12020
12016
11969
11944
11941
11941
11902
11896
11888
11884
11877
11864
11848
11843
11836
11824
11815
11801
11784
11776
11776
11769
11745
11735
11723
11717
11711
11679
11674
11650
11643
11631
11629
11623
11612
11609
11608
11591
11585
11558
11511
11504
11496
11491
11486
11471
11471
11442
11426
11421
11419
11419
11414
11398
11386
11386
11375
11335
11309
11302
11297
11278
11277
11275
11267
11262
11259
11255
11238
11228
11226
11208
11207
11197
11194
11193
11189
11187
11186
11182
11182
11171
11159
11144
11125
11121
11118
11099
11097
11087
11057
11056
11023
11005
11002
10999
10989
10988
10965
10964
10942
10925
10905
10875
10870
10868
10868
10865
10862
10862
10854
10852
10845
10838
10838
10838
10822
10822
10813
10811
10786
10783
10778
10768
10732
10720
10716
10715
10712
10711
10707
10705
10694
10690
10688
10679
10676
10645
10641
10637
10630
10627
10616
10610
10604
10591
10589
10583
10567
10560
10553
10547
10540
10538
10537
10533
10528
10528
10522
10516
10483
10483
10476
10474
10450
10437
10434
10423
10422
10418
10413
10410
10405
10383
10380
10366
10361
10359
10358
10356
10345
10345
10343
10338
10336
10331
10331
10325
10324
10315
10313
10301
10300
10289
10286
10274
10249
10246
10232
10214
10196
10194
10191
10189
10169
10159
10156
10145
10140
10138
10131
10130
10130
10085
10084
10081
10070
10067
10067
10056
10040
10039
10031
10027
10021
10021
10001
9995
9994
9984
9978
9967
9964
9961
9959
9955
9947
9935
9929
9912
9907
9900
9896
9894
9888
9879
9879
9876
9870
9870
9864
9863
9862
9853
9847
9841
9813
9812
9810
9803
9799
9783
9782
9768
9743
9734
9733
9730
9725
9723
9716
9707
9706
9704
9702
9702
9700
9685
9678
9677
9671
9658
9649
9631
9625
9603
9592
9587
9587
9576
9575
9569
9567
9556
9554
9550
9542
9539
9525
9524
9520
9509
9506
9492
9471
9471
9452
9452
9448
9438
9431
9428
9422
9397
9395
9388
9377
9371
9368
9361
9357
9353
9350
9340
9336
9329
9315
9300
9297
9289
9288
9285
9284
9280
9267
9267
9262
9261
9260
9255
9252
9244
9241
9235
9234
9228
9228
9222
9219
9215
9215
9214
9213
9190
9189
9172
9171
9157
9147
9143
9142
9140
9136
9134
9129
9118
9114
9113
9107
9098
9097
9089
9086
9067
9052
9051
9051
9039
9020
9012
9002
9001
8994
8992
8991
8991
8987
8980
8970
8969
8959
8957
8956
8954
8950
8949
8935
8935
8922
8919
8915
8914
8902
8899
8893
8866
8864
8857
8841
8835
8834
8825
8817
8812
8811
8811
8803
8803
8793
8790
8789
8789
8779
8768
8762
8755
8752
8734
8726
8725
8724
8723
8722
8717
8712
8698
8696
8687
8686
8686
8685
8685
8680
8673
8672
8667
8664
8661
8660
8660
8655
8654
8650
8644
8637
8637
8622
8608
8596
8595
8594
8562
8555
8554
8543
8542
8538
8533
8530
8529
8526
8525
8518
8515
8514
8503
8503
8502
8500
8492
8485
8484
8477
8475
8474
8463
8461
8460
8456
8455
8444
8441
8433
8427
8427
8425
8417
8407
8402
8401
8397
8397
8394
8387
8387
8386
8381
8379
8366
8361
8354
8346
8345
8344
8327
8324
8318
8315
8314
8314
8311
8310
8309
8289
8286
8284
8274
8268
8267
8264
8253
8250
8249
8230
8227
8226
8225
8224
8221
8215
8213
8208
8202
8202
8199
8194
8187
8184
8180
8179
8176
8175
8174
8172
8169
8164
8163
8160
8159
8157
8153
8144
8140
8139
8137
8137
8135
8134
8134
8133
8121
8121
8118
8109
8109
8106
8094
8090
8083
8076
8072
8068
8056
8055
8054
8053
8053
8053
8048
8045
8035
8034
8022
8022
8021
8017
8013
8012
8007
8005
8001
7995
7995
7995
7988
7988
7984
7978
7973
7968
7965
7941
7939
7935
7933
7927
7923
7913
7910
7908
7908
7905
7890
7883
7882
7881
7871
7866
7861
7858
7851
7849
7845
7842
7841
7838
7835
7830
7828
7826
7823
7822
7821
7815
7811
7809
7806
7805
7804
7803
7802
7802
7801
7784
7783
7778
7776
7767
7767
7760
7759
7752
7747
7747
7743
7743
7733
7730
7730
7724
7724
7716
7716
7709
7703
7702
7695
7688
7683
7669
7667
7667
7666
7665
7665
7665
7662
7656
7651
7647
7646
7644
7642
7641
7640
7638
7636
7634
7630
7628
7621
7612
7612
7612
7603
7598
7595
7591
7590
7590
7589
7587
7586
7583
7583
7583
7581
7578
7566
7558
7558
7547
7545
7543
7542
7541
7541
7537
7532
7532
7531
7529
7528
7523
7521
7515
7515
7515
7511
7507
7502
7499
7499
7499
7498
7495
7495
7492
7491
7489
7489
7489
7486
7476
7465
7461
7454
7443
7439
7438
7435
7421
7420
7415
7409
7398
7392
7392
7386
7385
7384
7384
7383
7381
7375
7372
7372
7368
7367
7367
7366
7362
7361
7358
7357
7356
7355
7355
7351
7343
7341
7336
7335
7335
7334
7331
7330
7325
7323
7322
7319
7303
7292
7292
7291
7290
7285
7282
7280
7275
7272
7266
7262
7260
7259
7258
7250
7245
7244
7243
7240
7230
7226
7225
7223
7222
7216
7212
7208
7206
7201
7199
7199
7194
7186
7169
7166
7166
7162
7161
7159
7156
7154
7154
7145
7141
7139
7136
7135
7132
7132
7126
7126
7125
7119
7119
7112
7106
7105
7095
7095
7091
7086
7086
7086
7084
7082
7078
7078
7076
7074
7073
7071
7069
7058
7056
7053
7049
7049
7045
7110
7038
7037
7035
7033
7029
7028
7025
7016
7012
7010
7008
7008
7002
7001
6999
6992
6989
6982
6980
6972
6969
6967
6946
6944
6944
6943
6939
6935
6933
6933
6929
6926
6918
6915
6910
6901
6898
6898
6890
6884
6883
6881
6879
6877
6877
6874
6871
6865
6856
6856
6853
6850
6844
6842
6839
6826
6823
6814
6813
6803
6800
6799
6797
6796
6794
6794
6793
6793
6792
6790
6789
6783
6779
6772
6771
6771
6771
6770
6768
6764
6764
6757
6749
6746
6746
6743
6741
6738
6732
6732
6729
6722
6718
6717
6717
6717
6716
6713
6712
6711
6705
6704
6703
6698
6694
6689
6685
6680
6677
6674
6671
6671
6668
6666
6660
6659
6655
6653
6652
6652
6646
6645
6643
6638
6635
6631
6631
6627
6627
6619
6618
6610
6607
6601
6600
6600
6591
6590
6587
6587
6587
6585
6583
6579
6578
6573
6572
6571
6570
6568
6561
6559
6556
6555
6553
6552
6550
6544
6544
6543
6542
6542
6533
6530
6528
6517
6516
6514
6514
6510
6508
6506
6505
6503
6502
6496
6496
6493
6493
6489
6486
6485
6479
6477
6477
6477
6474
6472
6472
6472
6471
6470
6466
6465
6463
6463
6462
6462
6460
6460
6460
6446
6446
6443
6440
6439
6439
6434
6431
6430
6426
6423
6421
6419
6418
6417
6411
6406
6404
6403
6402
6401
6385
6379
6378
6377
6370
6368
6365
6364
6362
6362
6360
6357
6356
6356
6356
6354
6348
6344
6340
6337
6337
6335
6335
6334
6333
6333
6328
6327
6325
6325
6321
6321
6320
6319
6316
6313
6309
6309
6302
6301
6299
6299
6299
6298
6294
6292
6291
6288
6278
6277
6276
6274
6273
6270
6268
6259
6257
6256
6255
6252
6251
6249
6248
6245
6242
6235
6233
6232
6230
6227
6226
6222
6213
6210
6202
6201
6197
6192
6189
6188
6186
6181
6175
6175
6174
6168
6165
6165
6159
6154
6153
6152
6151
6150
6149
6149
6148
6145
6145
6144
6143
6142
6138
6133
6126
6125
6123
6123
6116
6115
6112
6111
6108
6107
6099
6098
6098
6091
6090
6082
6080
6076
6076
6074
6072
6069
6066
6064
6061
6061
6059
6052
6051
6051
6049
6048
6044
6040
6036
6033
6031
6028
6024
6022
6022
6012
6008
6007
6006
5997
5993
5990
5986
5986
5986
5981
5980
5980
5977
5976
5972
5972
5967
5966
5960
5946
5944
5937
5936
5934
5930
5925
5924
5922
5920
5917
5915
5913
5912
5905
5905
5904
5903
5901
5887
5887
5886
5886
5885
5884
5883
5882
5882
5881
5881
5880
5880
5879
5876
5874
5870
5865
5865
5863
5861
5861
5860
5860
5859
5856
5853
5851
5849
5849
5848
5847
5847
5843
5840
5839
5837
5831
5830
5826
5825
5824
5821
5818
5812
5810
5809
5805
5804
5800
5795
5794
5789
5788
5786
5786
5784
5782
5781
5781
5781
5775
5775
5775
5773
5771
5767
5763
5762
5762
5761
5760
5758
5756
5755
5754
5753
5751
5748
5744
5737
5736
5736
5735
5734
5731
5731
5730
5728
5722
5720
5718
5712
5702
5700
5698
5697
5697
5696
5693
5691
5691
5689
5688
5684
5684
5683
5683
5680
5680
5679
5677
5671
5670
5670
5670
5666
5665
5664
5659
5658
5654
5653
5651
5651
5650
5650
5650
5647
5646
5644
5641
5638
5637
5634
5630
5630
5630
5630
5628
5627
5622
5619
5619
5618
5617
5617
5613
5612
5611
5609
5608
5607
5605
5604
5601
5599
5594
5592
5590
5589
5588
5586
5584
5583
5580
5580
5577
5575
5574
5574
5573
5573
5573
5570
5569
5568
5567
5567
5566
5562
5562
5561
5560
5556
5553
5551
5548
5548
5546
5541
5540
5534
5534
5533
5533
5533
5529
5528
5525
5520
5519
5519
5515
5515
5514
5512
5511
5510
5509
5506
5503
5502
5502
5501
5500
5500
5499
5497
5496
5494
5490
5490
5488
5488
5487
5483
5482
5479
5476
5473
5469
5469
5463
5462
5461
5458
5456
5455
5453
5452
5451
5451
5451
5450
5449
5444
5443
5442
5441
5440
5437
5437
5436
5435
5435
5432
5430
5424
5424
5424
5423
5423
5422
5419
5418
5417
5417
5411
5410
5410
5407
5407
5406
5405
5404
5404
5403
5403
5403
5401
5398
5397
5396
5395
5393
5391
5390
5381
5380
5380
5377
5376
5375
5375
5374
5372
5371
5371
5369
5366
5366
5364
5364
5364
5363
5362
5360
5360
5359
5358
5356
5354
5353
5353
5352
5352
5349
5348
5348
5348
5347
5343
5341
5341
5341
5340
5339
5335
5333
5328
5327
5327
5323
5316
5310
5307
5306
5305
5302
5301
5301
5300
5299
5298
5295
5295
5294
5293
5292
5292
5291
5291
5289
5289
5288
5286
5284
5282
5279
5279
5276
5273
5272
5270
5269
5267
5263
5262
5260
5251
5250
5250
5247
5244
5244
5243
5241
5241
5240
5238
5238
5237
5235
5234
5232
5231
5231
5230
5230
5228
5225
5224
5223
5221
5221
5218
5218
5213
5211
5211
5210
5210
5207
5201
5200
5199
5195
5195
5194
5193
5193
5187
5187
5187
5187
5187
5186
5186
5185
5184
5181
5181
5179
5178
5178
5175
5174
5170
5170
5170
5169
5166
5162
5160
5160
5156
5151
5150
5146
5145
5145
5144
5140
5140
5138
5137
5136
5135
5133
5127
5127
5126
5124
5122
5121
5121
5120
5120
5119
5119
5118
5118
5116
5116
5114
5113
5113
5111
5107
5105
5105
5101
5098
5096
5095
5095
5091
5089
5084
5084
5083
5081
5076
5074
5073
5073
5072
5071
5071
5071
5067
5062
5062
5061
5061
5058
5054
5053
5051
5050
5050
5048
5046
5045
5045
5043
5042
5042
5041
5039
5037
5036
5035
5035
5035
5033
5032
5032
5032
5029
5029
5028
5026
5026
5025
5025
5025
5022
5020
5020
5019
5018
5016
5013
5013
5013
5012
5012
5012
5011
5010
5009
5004
5003
5002
4998
4997
4997
4991
4990
4988
4987
4983
4981
4979
4978
4977
4976
4975
4973
4972
4971
4970
4969
4969
4969
4965
4965
4962
4958
4958
4957
4956
4956
4956
4953
4951
4950
4948
4944
4943
4943
4943
4939
4938
4937
4936
4935
4933
4929
4929
4928
4927
4926
4926
4924
4923
4921
4921
4921
4920
4918
4917
4913
4913
4913
4912
4911
4911
4907
4907
4903
4902
4898
4896
4895
4894
4894
4892
4891
4891
4889
4888
4886
4886
4886
4885
4885
4883
4883
4883
4882
4882
4881
4881
4878
4877
4877
4877
4874
4874
4872
4870
4869
4869
4869
4868
4867
4867
4866
4866
4863
4861
4860
4859
4858
4858
4855
4855
4854
4854
4852
4852
4852
4852
4851
4850
4849
4848
4848
4845
4844
4844
4841
4838
4837
4836
4833
4831
4831
4829
4826
4825
4824
4823
4822
4819
4819
4817
4816
4816
4813
4811
4811
4810
4810
4809
4808
4807
4807
4806
4806
4805
4805
4804
4804
4802
4802
4799
4799
4799
4799
4799
4798
4796
4796
4796
4795
4794
4794
4793
4789
4787
4787
4787
4779
4774
4773
4829
4773
4772
4768
4765
4763
4763
4763
4758
4757
4757
4752
4751
4750
4750
4748
4747
4746
4745
4745
4745
4742
4741
4740
4738
4735
4734
4733
4732
4732
4731
4730
4728
4727
4727
4724
4723
4723
4720
4720
4718
4716
4715
4715
4715
4714
4714
4713
4712
4711
4711
4707
4705
4702
4702
4701
4701
4696
4694
4693
4690
4686
4685
4685
4682
4681
4681
4677
4677
4680
4676
4676
4671
4671
4666
4665
4665
4664
4663
4661
4661
4661
4657
4656
4656
4656
4656
4655
4655
4652
4651
4650
4649
4648
4647
4646
4646
4643
4642
4641
4640
4640
4640
4639
4636
4634
4632
4631
4630
4628
4626
4626
4626
4625
4625
4624
4623
4623
4622
4622
4620
4618
4617
4617
4616
4616
4615
4614
4607
4604
4604
4604
4602
4600
4598
4598
4597
4596
4593
4592
4591
4588
4587
4586
4586
4583
4579
4578
4578
4578
4576
4575
4573
4572
4571
4569
4569
4564
4564
4563
4563
4562
4558
4557
4557
4556
4556
4554
4554
4551
4549
4548
4546
4545
4541
4540
4538
4538
4537
4534
4532
4529
4529
4528
4528
4525
4524
4520
4520
4520
4519
4519
4518
4517
4516
4516
4516
4515
4513
4512
4512
4511
4511
4511
4509
4509
4507
4504
4503
4503
4501
4501
4501
4499
4499
4496
4495
4494
4493
4493
4490
4487
4486
4485
4485
4484
4484
4483
4482
4482
4479
4478
4475
4474
4474
4472
4472
4471
4469
4469
4467
4466
4464
4464
4462
4462
4461
4460
4460
4455
4455
4455
4454
4454
4453
4453
4451
4449
4449
4448
4448
4448
4445
4443
4440
4439
4439
4439
4438
4437
4435
4435
4434
4433
4430
4429
4429
4426
4425
4425
4424
4421
4421
4420
4420
4419
4419
4418
4418
4417
4417
4414
4412
4412
4411
4411
4411
4409
4408
4405
4405
4402
4402
4401
4401
4400
4400
4399
4397
4396
4396
4390
4390
4390
4389
4386
4382
4382
4380
4377
4375
4375
4374
4374
4371
4370
4370
4369
4367
4370
4367
4366
4365
4365
4364
4364
4363
4362
4361
4360
4357
4357
4356
4356
4355
4353
4352
4351
4351
4351
4351
4350
4350
4350
4350
4347
4344
4343
4341
4341
4338
4336
4335
4334
4333
4333
4333
4331
4331
4331
4330
4329
4328
4326
4325
4324
4323
4322
4319
4316
4313
4313
4312
4311
4310
4309
4309
4308
4308
4306
4305
4303
4302
4302
4302
4301
4298
4298
4296
4295
4294
4291
4287
4287
4287
4286
4286
4284
4283
4282
4282
4280
4280
4279
4277
4277
4275
4275
4273
4273
4270
4268
4268
4268
4268
4268
4266
4264
4264
4264
4263
4263
4259
4259
4258
4257
4257
4256
4255
4255
4255
4253
4251
4249
4249
4249
4247
4246
4245
4245
4244
4243
4242
4240
4237
4236
4235
4234
4232
4232
4230
4227
4224
4224
4223
4222
4221
4220
4220
4219
4217
4217
4210
4209
4208
4208
4208
4207
4207
4206
4205
4205
4205
4203
4201
4200
4200
4199
4197
4197
4196
4196
4195
4194
4192
4191
4191
4191
4189
4188
4187
4187
4186
4185
4185
4185
4184
4181
4179
4178
4178
4177
4177
4176
4174
4169
4167
4166
4166
4166
4165
4165
4165
4165
4165
4163
4163
4162
4162
4162
4158
4157
4156
4156
4156
4153
4152
4150
4150
4149
4149
4147
4147
4146
4144
4143
4142
4141
4140
4139
4136
4136
4134
4134
4134
4132
4132
4131
4131
4129
4128
4127
4126
4125
4125
4124
4124
4121
4121
4121
4119
4118
4118
4117
4116
4116
4115
4114
4114
4112
4112
4112
4111
4111
4111
4110
4110
4110
4110
4109
4107
4107
4105
4105
4104
4103
4102
4101
4101
4100
4100
4100
4100
4100
4097
4097
4096
4096
4095
4093
4092
4092
4091
4090
4090
4090
4088
4087
4086
4086
4085
4085
4084
4083
4082
4082
4081
4081
4080
4080
4079
4079
4077
4075
4074
4074
4074
4073
4070
4069
4066
4065
4065
4064
4061
4061
4060
4058
4054
4053
4052
4048
4047
4047
4043
4043
4042
4040
4040
4040
4039
4037
4035
4035
4035
4035
4034
4034
4032
4031
4031
4030
4030
4029
4028
4027
4027
4026
4026
4025
4024
4024
4024
4023
4023
4022
4022
4022
4022
4022
4021
4021
4021
4021
4020
4020
4020
4019
4018
4017
4016
4016
4016
4015
4013
4013
4011
4014
4010
4006
4005
4004
4003
4003
4003
4002
4002
4002
4002
4001
4001
4001
4000
3999
3999
3999
3999
3998
3998
3996
3996
3995
3994
3993
3991
3990
3989
3989
3988
3987
3986
3985
3984
3983
3982
3981
3979
3979
3978
3978
3978
3977
3976
3975
3975
3973
3972
3972
3971
3970
3970
3969
3968
3968
3967
3967
3966
3965
3964
3962
3961
3957
3956
3956
3955
3955
3954
3953
3951
3951
3950
3949
3949
3948
3947
3946
3945
3944
3943
3943
3942
3942
3941
3939
3937
3936
3936
3935
3934
3933
3933
3932
3931
3931
3929
3928
3928
3927
3927
3925
3924
3924
3923
3923
3922
3922
3918
3917
3916
3915
3914
3913
3913
3911
3910
3909
3909
3907
3907
3905
3905
3902
3896
3895
3895
3894
3894
3892
3892
3892
3888
3887
3887
3886
3886
3885
3884
3882
3881
3881
3880
3879
3878
3878
3877
3876
3875
3875
3875
3874
3871
3870
3868
3868
3867
3866
3866
3866
3866
3865
3865
3865
3864
3864
3862
3862
3862
3860
3860
3857
3857
3856
3855
3855
3854
3853
3852
3852
3852
3851
3848
3846
3845
3843
3842
3842
3841
3839
3837
3837
3833
3832
3832
3831
3831
3828
3828
3825
3824
3823
3822
3822
3822
3821
3818
3816
3815
3812
3809
3809
3808
3807
3807
3807
3806
3805
3804
3804
3803
3803
3803
3801
3801
3798
3798
3797
3797
3795
3794
3789
3788
3788
3787
3786
3786
3785
3781
3781
3781
3780
3779
3778
3775
3773
3773
3773
3772
3771
3771
3771
3771
3771
3770
3768
3768
3768
3767
3766
3766
3764
3764
3763
3763
3763
3762
3762
3761
3761
3759
3755
3755
3753
3749
3748
3746
3745
3744
3744
3743
3743
3742
3741
3740
3740
3739
3738
3738
3737
3733
3731
3731
3729
3729
3726
3725
3725
3724
3724
3724
3723
3723
3722
3721
3721
3721
3721
3720
3720
3720
3714
3718
3717
3716
3715
3715
3712
3712
3711
3710
3709
3709
3708
3708
3708
3708
3707
3706
3706
3706
3706
3705
3702
3701
3701
3700
3700
3699
3698
3697
3697
3697
3695
3695
3695
3694
3694
3693
3692
3692
3692
3692
3688
3688
3688
3687
3687
3686
3686
3685
3685
3684
3683
3681
3678
3677
3676
3676
3675
3675
3675
3672
3674
3672
3670
3669
3668
3667
3667
3667
3666
3666
3664
3664
3663
3660
3660
3659
3658
3657
3657
3655
3655
3654
3654
3654
3654
3652
3652
3650
3646
3645
3645
3645
3645
3645
3644
3644
3644
3644
3643
3642
3641
3641
3640
3640
3639
3639
3638
3638
3637
3636
3635
3635
3634
3632
3631
3631
3631
3630
3630
3629
3629
3628
3628
3627
3626
3626
3626
3623
3622
3621
3621
3619
3619
3618
3616
3616
3613
3612
3611
3610
3608
3608
3607
3607
3606
3606
3605
3605
3604
3604
3603
3602
3601
3599
3599
3598
3598
3597
3597
3597
3597
3596
3596
3596
3596
3596
3595
3595
3594
3593
3591
3590
3590
3588
3587
3587
3587
3587
3585
3584
3584
3583
3583
3583
3581
3581
3581
3579
3578
3577
3575
3575
3572
3571
3571
3571
3571
3571
3570
3569
3569
3568
3568
3566
3565
3565
3565
3564
3564
3562
3561
3561
3561
3559
3558
3558
3558
3557
3556
3556
3555
3554
3552
3551
3551
3550
3550
3550
3549
3548
3548
3548
3548
3547
3547
3547
3545
3544
3543
3543
3542
3541
3540
3540
3540
3538
3537
3537
3537
3537
3536
3536
3534
3533
3533
3532
3531
3530
3529
3529
3529
3528
3528
3528
3527
3526
3525
3524
3524
3522
3521
3521
3521
3520
3519
3519
3518
3518
3517
3517
3517
3516
3515
3514
3513
3512
3512
3511
3511
3508
3507
3506
3506
3505
3502
3502
3500
3500
3500
3500
3500
3499
3498
3497
3496
3495
3494
3494
3494
3492
3492
3492
3491
3491
3491
3490
3490
3488
3488
3487
3486
3485
3485
3485
3484
3484
3483
3482
3482
3481
3481
3479
3477
3477
3476
3474
3474
3474
3473
3473
3473
3472
3472
3472
3471
3470
3470
3470
3469
3469
3469
3469
3466
3466
3466
3465
3464
3464
3461
3460
3459
3459
3459
3459
3458
3458
3457
3456
3455
3455
3455
3454
3453
3452
3451
3451
3451
3451
3450
3450
3449
3449
3449
3448
3446
3445
3444
3444
3442
3442
3442
3442
3442
3440
3440
3440
3439
3439
3439
3439
3438
3436
3436
3435
3435
3433
3433
3433
3432
3432
3432
3431
3431
3430
3430
3430
3429
3428
3426
3425
3425
3424
3424
3423
3423
3422
3422
3422
3422
3419
3419
3419
3418
3417
3416
3414
3413
3412
3412
3411
3410
3410
3409
3408
3408
3405
3404
3404
3404
3404
3402
3401
3401
3401
3400
3400
3400
3400
3400
3399
3399
3399
3399
3398
3396
3396
3396
3395
3395
3394
3393
3393
3393
3392
3392
3391
3390
3390
3389
3388
3387
3386
3386
3386
3385
3385
3384
3384
3383
3380
3380
3380
3379
3379
3379
3379
3379
3378
3378
3378
3377
3377
3376
3376
3375
3375
3375
3375
3373
3373
3373
3370
3368
3367
3367
3366
3365
3364
3364
3363
3362
3359
3359
3359
3358
3358
3357
3356
3356
3356
3355
3354
3352
3352
3351
3351
3350
3347
3346
3346
3345
3345
3344
3344
3343
3343
3342
3341
3341
3340
3338
3338
3338
3338
3337
3336
3336
3335
3333
3333
3333
3333
3332
3332
3331
3331
3330
3330
3330
3330
3328
3328
3327
3326
3326
3326
3325
3325
3325
3324
3324
3324
3324
3323
3323
3323
3322
3322
3322
3321
3321
3319
3319
3319
3318
3317
3315
3315
3315
3313
3313
3313
3312
3312
3311
3310
3309
3308
3308
3308
3308
3308
3307
3306
3306
3305
3305
3305
3305
3305
3304
3304
3303
3303
3303
3303
3302
3302
3302
3299
3299
3299
3298
3297
3297
3296
3296
3296
3295
3293
3292
3292
3291
3290
3290
3289
3289
3289
3289
3289
3288
3288
3288
3287
3285
3284
3283
3283
3282
3282
3282
3281
3281
3280
3279
3278
3277
3277
3277
3276
3276
3275
3275
3275
3275
3274
3273
3272
3271
3271
3270
3269
3268
3268
3268
3267
3266
3265
3263
3263
3262
3262
3262
3261
3261
3259
3258
3258
3257
3257
3255
3255
3255
3254
3254
3253
3252
3251
3251
3251
3250
3250
3250
3250
3250
3249
3248
3247
3246
3246
3244
3243
3243
3243
3242
3242
3241
3241
3240
3240
3239
3239
3238
3237
3237
3237
3237
3236
3236
3235
3235
3234
3233
3232
3232
3231
3230
3230
3230
3230
3230
3229
3229
3227
3227
3227
3226
3225
3223
3223
3223
3222
3222
3222
3221
3220
3220
3220
3219
3218
3217
3217
3216
3216
3215
3215
3214
3214
3214
3212
3209
3209
3208
3208
3206
3206
3206
3205
3205
3205
3205
3204
3204
3204
3203
3203
3201
3201
3201
3200
3200
3197
3197
3197
3197
3197
3196
3196
3196
3195
3195
3194
3194
3194
3194
3194
3193
3193
3193
3193
3192
3191
3190
3190
3190
3189
3187
3186
3186
3186
3185
3184
3184
3183
3183
3183
3183
3183
3182
3182
3182
3181
3180
3180
3177
3177
3175
3175
3174
3174
3173
3173
3172
3172
3172
3172
3171
3171
3171
3171
3170
3167
3167
3165
3165
3165
3165
3165
3163
3163
3163
3162
3162
3162
3162
3160
3160
3159
3159
3159
3156
3154
3153
3153
3152
3151
3150
3149
3147
3147
3146
3146
3146
3146
3145
3144
3144
3144
3144
3147
3143
3142
3142
3142
3142
3142
3140
3140
3140
3138
3138
3137
3137
3136
3136
3135
3135
3135
3134
3133
3133
3133
3132
3132
3131
3131
3131
3130
3130
3130
3130
3129
3129
3128
3127
3127
3127
3127
3125
3125
3124
3124
3123
3123
3123
3121
3120
3120
3120
3119
3118
3118
3118
3117
3117
3117
3116
3116
3115
3115
3113
3113
3112
3110
3110
3110
3110
3110
3110
3109
3107
3106
3105
3105
3104
3103
3103
3103
3103
3103
3100
3100
3100
3100
3100
3099
3099
3099
3098
3098
3098
3098
3098
3097
3096
3096
3096
3095
3094
3093
3092
3091
3091
3091
3091
3090
3090
3090
3090
3089
3089
3088
3088
3088
3087
3087
3086
3085
3085
3084
3084
3083
3083
3083
3083
3081
3080
3080
3079
3077
3077
3077
3076
3076
3076
3075
3074
3073
3073
3072
3071
3070
3070
3070
3069
3069
3069
3069
3069
3068
3068
3067
3067
3067
3067
3066
3065
3065
3064
3064
3063
3063
3063
3062
3061
3061
3060
3060
3060
3058
3057
3057
3057
3057
3056
3056
3055
3054
3053
3052
3052
3052
3052
3051
3051
3050
3050
3049
3049
3049
3048
3048
3048
3047
3047
3046
3046
3045
3045
3045
3044
3042
3042
3042
3041
3041
3041
3040
3039
3038
3038
3036
3036
3035
3035
3035
3035
3035
3035
3034
3034
3033
3033
3032
3032
3031
3031
3031
3031
3030
3030
3029
3029
3029
3027
3027
3026
3026
3026
3024
3024
3024
3024
3024
3024
3024
3023
3022
3022
3022
3021
3019
3018
3018
3018
3017
3016
3016
3016
3014
3014
3014
3014
3013
3013
3013
3012
3012
3011
3011
3011
3011
3011
3010
3010
3010
3010
3010
3009
3009
3008
3008
3008
3007
3007
3006
3006
3006
3006
3006
3006
3005
3005
3005
3005
3004
3004
3003
3003
3003
3003
3003
3002
3002
3001
3001
3001
3000
3000
3000
3000
3000
