511632
401205
374438
347631
313004
309221
298261
285238
281300
267737
264937
255770
211866
205924
205762
205066
201334
193095
182795
174119
174042
173505
171798
168343
168316
160510
155129
153498
152562
149815
149688
145408
144931
138672
137359
136513
136245
134405
134273
133075
133071
124814
123936
121027
120876
120678
118570
117782
116413
114490
112306
111011
110959
110758
109137
104368
102617
102554
101460
100722
100290
100060
99863
97384
94902
94998
94353
93783
93446
92476
90782
90559
90435
90427
90203
90049
89022
88253
85874
84512
84154
83790
83285
83283
82941
82776
82200
81866
81124
80178
80019
79343
79308
79052
78962
78794
78387
78203
75839
74589
73999
73623
73065
73044
72655
72479
72197
72175
71893
71890
71564
70685
70099
69543
69438
69322
68377
68347
67705
66987
66889
66758
66436
66325
66188
65987
65645
65527
65429
64497
64336
64190
63647
63504
63312
63263
63233
62846
62675
62224
61943
61928
61500
61433
61194
61033
60952
60839
60626
59759
59596
59394
59204
59203
58723
58221
58156
57814
57796
57486
57445
57263
57178
57009
56979
56541
56121
55955
55719
55388
55090
55048
54580
54459
54433
54353
54309
54306
54154
54149
53755
53694
53589
53555
53514
53229
53137
52946
52907
52905
52677
52619
52315
51770
51205
51170
50444
50429
50184
50135
49474
49361
49293
49089
48848
48794
48715
48561
48412
48306
48239
48233
48222
47949
47818
47688
47523
47471
47440
47295
47282
47051
46857
46734
46531
46504
46462
46281
46250
46154
45847
45757
45746
45659
45493
45492
45343
45244
45129
45074
44693
44643
44637
44581
44456
44442
44329
44291
44250
44128
43733
43671
43527
43403
43345
43158
43049
42997
42989
42898
42857
42788
42669
42664
42637
42582
42248
42233
42100
42064
41652
41626
41487
41446
41387
41385
41332
41088
40984
40936
40733
40649
40447
40404
40387
40275
40244
40106
40087
40087
40019
40003
39835
39582
39410
39311
39246
39206
38853
38787
38735
38721
38685
38682
38677
38614
38404
38328
38313
38309
38233
37930
37648
37611
37608
37442
37425
37421
37412
37299
37254
37079
36930
36834
36797
36779
36715
36585
36571
36505
36482
36477
36438
36363
36284
36242
36096
36092
36069
36061
35994
35979
35935
35798
35787
35682
35650
35646
35549
35347
35250
35070
35053
34984
34832
34775
34691
34645
34538
34440
34430
34316
34275
34270
34233
34213
34212
34198
34185
34131
34087
33989
33907
33881
33847
33715
33707
33661
33660
33540
33532
33445
33441
33432
33382
33380
33369
33318
33184
33177
33076
33005
32958
32943
32942
32935
32916
32848
32784
32730
32579
32533
32485
32465
32420
32349
32331
32277
32273
32267
32188
32161
32103
32090
32081
32015
31980
31869
31823
31804
31782
31753
31728
31550
31498
31472
31458
31312
31312
31255
31161
31054
30868
30707
30639
30570
30521
30455
30391
30344
30284
30270
30268
30207
30171
30158
30128
30085
30083
29996
29933
29866
29851
29814
29697
29693
29692
29688
29663
29663
29611
29599
29537
29456
29446
29432
29366
29359
29350
29294
29285
29265
29231
29181
29133
29120
29014
28948
28916
28870
28836
28834
28821
28813
28728
28714
28713
28678
28672
28639
28625
28624
28586
28564
28546
28487
28444
28423
28332
28300
28290
28248
28118
28114
28026
28011
27978
27963
27904
27875
27859
27842
27832
27809
27787
27783
27761
27699
27693
27689
27650
27629
27589
27575
27401
27319
27305
27270
27242
27210
27184
27113
27099
27064
27036
26996
26989
26883
26868
26859
26849
26829
26696
26691
26645
26488
26459
26340
26339
26308
26280
26256
26237
26191
26175
26168
26012
25947
25900
25873
25791
25788
25734
25608
25585
25583
25570
25492
25491
25478
25454
25453
25395
25356
25348
25326
25311
25222
25170
25121
25088
25065
25047
25030
24998
24967
24822
24765
24743
24788
24700
24660
24642
24556
24372
24362
24326
24325
24260
24247
24207
24178
24172
24150
24141
24129
24124
24117
24112
24024
24007
24002
23987
23984
23977
23963
23956
23923
23902
23819
23787
23777
23732
23709
23695
23663
23660
23614
23603
23598
23506
23493
23446
23443
23440
23415
23402
23388
23381
23364
23348
23343
23340
23326
23312
23310
23291
23238
23163
23109
23099
23098
23093
23010
22998
22956
22949
22915
22896
22895
22876
22816
22784
22765
22762
22735
22730
22711
22681
22676
22671
22642
22640
22614
22577
22567
22510
22476
22475
22453
22451
22432
22386
22354
22332
22294
22291
22273
22262
22238
22187
22179
22175
22169
22155
22141
22140
22140
22117
22081
22059
22019
22013
22001
21962
21957
21928
21878
21862
21849
21838
21834
21807
21776
21743
21736
21727
21718
21711
21702
21699
21662
21622
21610
21606
21600
21583
21575
21559
21532
21524
21502
21477
21459
21456
21417
21406
21399
21394
21328
21325
21314
21252
21234
21225
21224
21205
21161
21149
21141
21135
21128
21121
21105
21094
21071
21069
21062
21042
21036
21015
20985
20953
20870
20839
20836
20809
20808
20787
20720
20702
20680
20664
20634
20630
20649
20610
20593
20543
20543
20530
20511
20506
20502
20498
20472
20469
20462
20455
20452
20447
20443
20426
20419
20411
20385
20322
20291
20229
20227
20146
20133
20125
20038
20019
19942
19904
19901
19896
19877
19870
19851
19823
19771
19755
19750
19749
19743
19714
19667
19664
19654
19644
19641
19629
19613
19594
19578
19572
19564
19557
19547
19544
19536
19531
19501
19444
19438
19433
19402
19401
19351
19338
19317
19279
19264
19162
19152
19132
19131
19130
19128
19122
19093
19092
19061
19050
19004
18996
18970
18966
18900
18899
18879
18860
18860
18856
18815
18813
18795
18780
18766
18756
18726
18700
18697
18686
18660
18644
18610
18533
18511
18493
18476
18465
18424
18423
18409
18403
18387
18377
18373
18373
18316
18301
18289
18279
18273
18265
18260
18257
18254
18243
18229
18210
18195
18188
18173
18165
18163
18153
18123
18123
18089
18085
18077
18077
18061
18020
18016
18000
17991
17980
17975
17971
17970
17968
17898
17883
17869
17834
17818
17802
17785
17758
17756
17673
17664
17659
17658
17658
17642
17631
17630
17624
17621
17607
17586
17584
17562
17558
17555
17545
17513
17510
17496
17494
17488
17438
17415
17410
17401
17400
17392
17366
17350
17335
17332
17285
17272
17266
17259
17233
17232
17219
17212
17188
17186
17179
17171
17168
17161
17146
17136
17100
17093
17085
17083
17076
17074
17064
17037
17025
17024
17019
17001
16989
16987
16948
16923
16919
16897
16878
16876
16871
16865
16859
16851
16850
16829
16824
16819
16814
16812
16805
16804
16802
16794
16782
16778
16776
16765
16755
16721
16720
16720
16719
16691
16678
16676
16665
16645
16643
16624
16594
16585
16576
16559
16557
16528
16520
16514
16513
16512
16510
16492
16488
16478
16472
16470
16444
16416
16415
16388
16382
16353
16320
16304
16304
16267
16266
16245
16243
16242
16236
16221
16220
16208
16207
16187
16184
16178
16151
16147
16146
16137
16121
16118
16104
16100
16096
16093
16089
16080
16064
16054
16041
16036
16034
16023
16018
16014
16005
15994
15938
15934
15921
15876
15866
15859
15855
15852
15850
15849
15847
15842
15840
15835
15820
15814
15791
15785
15776
15770
15763
15763
15747
15737
15736
15734
15710
15696
15694
15694
15686
15669
15660
15630
15624
15616
15610
15596
15563
15545
15529
15522
15521
15516
15502
15485
15476
15457
15446
15443
15435
15423
15417
15416
15386
15383
15383
15379
15375
15371
15369
15368
15367
15361
15347
15346
15337
15333
15317
15312
15309
15298
15293
15291
15280
15275
15268
15253
15248
15240
15229
15188
15152
15147
15119
15107
15097
15094
15093
15088
15083
15081
15073
15064
15057
15056
15034
15022
15011
14989
14985
14982
14974
14968
14965
14963
14942
14933
14919
14916
14886
14871
14861
14854
14852
14850
14833
14826
14826
14824
14821
14796
14795
14793
14787
14776
14771
14761
14746
14741
14741
14740
14734
14732
14724
14722
14716
14712
14704
14687
14677
14671
14668
14659
14651
14633
14612
14608
14601
14583
14582
14575
14569
14554
14549
14528
14506
14491
14473
14466
14455
14453
14449
14444
14441
14424
14419
14416
14392
14351
14349
14347
14346
14337
14322
14306
14293
14279
14272
14266
14264
14258
14256
14254
14251
14239
14236
14234
14224
14224
14223
14220
14218
14215
14213
14209
14205
14200
14188
14167
14154
14151
14138
14121
14117
14116
14109
14104
14102
14098
14097
14096
14088
14073
14068
14065
14064
14055
14050
14044
14042
14040
14029
14023
14018
14009
14008
13984
13978
13975
13974
13967
13956
13951
13949
13943
13937
13931
13925
13918
13908
13905
13895
13887
13874
13870
13862
13862
13853
13842
13834
13831
13818
13811
13811
13806
13801
13798
13794
13777
13774
13766
13763
13754
13754
13749
13747
13740
13740
13724
13723
13722
13713
13710
13704
13702
13699
13679
13670
13664
13649
13640
13633
13630
13623
13616
13613
13605
13601
13600
13599
13598
13596
13571
13556
13546
13544
13538
13517
13514
13508
13502
13498
13496
13478
13470
13470
13460
13452
13445
13443
13440
13435
13434
13431
13426
13423
13385
13385
13376
13374
13336
13324
13323
13312
13306
13300
13280
13276
13268
13266
13258
13256
13248
13241
13234
13233
13231
13230
13227
13223
13222
13222
13219
13207
13201
13197
13196
13195
13194
13194
13194
13188
13177
13173
13166
13162
13159
13146
13138
13130
13129
13121
13119
13117
13115
13105
13100
13098
13071
13071
13065
13051
13050
13043
13038
13028
13028
13024
13014
13011
13010
13008
13006
13003
13002
13002
13000
12998
12984
12978
12969
12956
12931
12929
12925
12923
12919
12911
12909
12889
12885
12842
12831
12825
12823
12819
12812
12801
12789
12787
12766
12764
12758
12752
12752
12751
12750
12747
12726
12721
12719
12714
12711
12706
12704
12704
12703
12701
12688
12679
12675
12675
12670
12668
12666
12661
12656
12645
12642
12637
12628
12616
12608
12604
12603
12595
12593
12583
12573
12572
12571
12570
12550
12567
12560
12551
12548
12548
12553
12635
12543
12540
12533
12532
12524
12524
12515
12511
12511
12510
12504
12502
12495
12494
12486
12483
12480
12470
12467
12457
12451
12436
12433
12424
12411
12407
12398
12391
12390
12380
12378
12375
12367
12367
12366
12359
12356
12344
12340
12337
12336
12336
12331
12323
12321
12312
12303
12302
12290
12288
12287
12287
12286
12282
12282
12282
12272
12269
12258
12251
12249
12244
12237
12217
12217
12216
12204
12200
12194
12190
12188
12158
12150
12142
12137
12129
12122
12116
12108
12106
12089
12084
12064
12061
12058
12054
12051
12049
12048
12045
12043
12041
12030
12018
12015
12014
12014
12012
12000
11997
11985
11981
11975
11953
11945
11941
11938
11936
11933
11928
11917
11911
11911
11906
11906
11904
11904
11903
11900
11907
11885
11883
11883
11880
11873
11864
11863
11848
11848
11844
11817
11809
11800
11799
11794
11794
11789
11787
11780
11780
11775
11774
11748
11741
11728
11717
11716
11712
11706
11696
11694
11686
11681
11680
11670
11668
11662
11661
11642
11638
11636
11631
11630
11627
11621
11620
11620
11617
11616
11608
11592
11592
11589
11562
11559
11558
11550
11541
11539
11535
11531
11507
11510
11510
11507
11503
11503
11499
11497
11496
11490
11489
11487
11486
11485
11466
11461
11459
11453
11451
11447
11447
11444
11440
11427
11423
11420
11415
11412
11410
11407
11406
11400
11391
11383
11383
11380
11372
11366
11366
11364
11358
11358
11350
11347
11345
11342
11340
11332
11329
11327
11324
11320
11319
11317
11315
11311
11311
11301
11301
11297
11289
11286
11284
11282
11280
11278
11277
11276
11271
11263
11262
11257
11256
11256
11251
11247
11246
11244
11241
11238
11237
11236
11235
11232
11226
11223
11223
11220
11214
11213
11211
11210
11205
11202
11202
11201
11196
11195
11194
11191
11182
11180
11178
11170
11165
11165
11154
11152
11145
11143
11139
11136
11133
11132
11128
11122
11119
11105
11093
11092
11081
11081
11080
11073
11065
11064
11057
11056
11053
11048
11035
11032
11023
11022
11021
11006
11006
10999
10997
10996
10995
10989
10988
10982
10981
10970
10968
10962
10953
10942
10941
10937
10931
10930
10924
10916
10915
10915
10914
10914
10904
10901
10895
10895
10892
10892
10891
10888
10886
10880
10883
10877
10873
10861
10856
10846
10839
10839
10838
10838
10837
10836
10835
10831
10829
10826
10824
10820
10819
10818
10817
10805
10792
10791
10783
10777
10777
10764
10764
10762
10760
10757
10756
10754
10742
10740
10739
10736
10733
10732
10728
10727
10723
10721
10720
10717
10706
10705
10704
10688
10688
10684
10683
10669
10666
10666
10655
10636
10634
10628
10625
10606
10604
10602
10633
10599
10598
10592
10589
10583
10581
10579
10578
10576
10574
10566
10564
10561
10548
10547
10543
10539
10535
10529
10528
10527
10523
10515
10514
10513
10513
10510
10509
10509
10513
10505
10501
10490
10489
10488
10487
10484
10480
10475
10470
10468
10464
10460
10460
10460
10453
10453
10452
10446
10442
10442
10438
10438
10438
10434
10434
10432
10432
10431
10428
10420
10407
10401
10399
10397
10396
10393
10393
10390
10387
10386
10385
10376
10376
10376
10375
10372
10366
10358
10356
10351
10350
10344
10341
10340
10328
10323
10321
10321
10317
10310
10301
10299
10297
10297
10293
10290
10288
10276
10275
10274
10274
10273
10266
10260
10260
10260
10259
10254
10250
10248
10247
10245
10240
10240
10231
10229
10227
10224
10218
10214
10212
10210
10210
10208
10205
10205
10194
10189
10189
10186
10181
10177
10174
10166
10165
10159
10157
10152
10151
10143
10142
10121
10120
10111
10107
10101
10099
10093
10092
10091
10084
10082
10080
10079
10077
10071
10066
10060
10059
10053
10046
10044
10044
10038
10032
10024
10021
10020
10018
10018
10017
10014
10010
10009
10000
9999
9999
9998
9997
9997
9992
9991
9990
9987
9983
9982
9982
9981
9977
9970
9968
9966
9962
9961
9961
9959
9958
9949
9949
9947
9946
9939
9938
9927
9916
9914
9908
9906
9902
9902
9898
9897
9894
9887
9883
9882
9874
9873
9872
9872
9864
9864
9863
9862
9859
9856
9855
9851
9851
9848
9848
9847
9843
9839
9838
9835
9832
9831
9828
9826
9825
9823
9816
9816
9812
9809
9809
9806
9801
9799
9795
9794
9789
9789
9780
9778
9778
9777
9772
9771
9771
9770
9768
9765
9760
9756
9755
9752
9751
9748
9744
9742
9734
9727
9724
9724
9715
9706
9705
9693
9692
9679
9678
9677
9673
9672
9662
9661
9661
9657
9656
9655
9650
9643
9641
9638
9637
9637
9635
9633
9627
9625
9623
9615
9614
9606
9606
9605
9603
9595
9593
9591
9589
9585
9582
9572
9572
9571
9569
9560
9553
9553
9551
9550
9546
9544
9543
9540
9539
9537
9537
9534
9532
9529
9528
9528
9524
9519
9518
9517
9516
9516
9515
9507
9506
9504
9504
9501
9501
9498
9495
9492
9487
9486
9479
9477
9476
9470
9469
9468
9467
9460
9458
9453
9445
9442
9433
9426
9425
9424
9421
9421
9412
9407
9406
9403
9396
9393
9389
9388
9385
9368
9362
9362
9360
9353
9352
9342
9341
9340
9336
9336
9330
9328
9323
9320
9311
9311
9308
9305
9304
9304
9303
9302
9302
9296
9294
9293
9283
9279
9278
9275
9272
9272
9268
9265
9263
9261
9257
9248
9248
9246
9246
9241
9239
9239
9236
9235
9234
9230
9225
9225
9222
9220
9218
9217
9216
9214
9211
9209
9206
9205
9205
9203
9190
9188
9188
9185
9181
9177
9175
9170
9167
9162
9161
9159
9157
9156
9156
9153
9143
9139
9138
9138
9136
9136
9135
9135
9134
9134
9134
9130
9127
9126
9120
9118
9117
9113
9112
9110
9110
9105
9094
9090
9089
9089
9087
9087
9082
9080
9077
9076
9075
9074
9072
9068
9067
9065
9063
9056
9050
9049
9044
9043
9043
9043
9042
9040
9031
9023
9021
9018
9016
9013
9012
9010
9009
9007
9003
9003
9003
9000
9000
9000
8999
8998
8997
8997
8996
8994
8991
8983
8982
8981
8979
8977
8977
8972
8968
8968
8962
8954
8952
8947
8946
8942
8939
8933
8932
8932
8930
8925
8921
8921
8919
8909
8906
8902
8901
8890
8889
8885
8885
8883
8883
8878
8877
8870
8869
8869
8869
8866
8865
8859
8858
8853
8849
8841
8840
8840
8836
8866
8831
8831
8829
8822
8820
8817
8815
8800
8799
8798
8795
8794
8782
8781
8780
8779
8778
8776
8776
8773
8773
8770
8767
8767
8754
8751
8750
8748
8748
8745
8742
8740
8735
8734
8734
8731
8724
8723
8720
8720
8720
8719
8717
8715
8715
8714
8709
8704
8704
8701
8700
8699
8699
8692
8691
8690
8687
8684
8684
8678
8691
8675
8674
8669
8666
8664
8663
8662
8662
8661
8660
8656
8656
8655
8654
8651
8650
8648
8647
8646
8646
8645
8643
8641
8640
8639
8634
8634
8634
8633
8631
8630
8629
8629
8629
8624
8619
8619
8618
8616
8615
8615
8612
8611
8609
8605
8603
8602
8601
8601
8599
8593
8591
8587
8587
8586
8581
8577
8576
8576
8568
8560
8560
8555
8551
8550
8548
8548
8545
8544
8537
8536
8536
8531
8530
8530
8530
8530
8526
8520
8519
8513
8510
8509
8505
8505
8496
8493
8491
8487
8480
8478
8478
8477
8476
8472
8470
8469
8468
8467
8463
8461
8461
8460
8458
8457
8457
8456
8452
8451
8449
8449
8449
8449
8444
8434
8431
8428
8427
8425
8420
8416
8415
8415
8408
8408
8404
8403
8402
8398
8396
8395
8386
8385
8385
8384
8383
8382
8374
8370
8370
8370
8368
8365
8365
8357
8352
8351
8350
8349
8349
8339
8337
8336
8334
8332
8330
8329
8328
8326
8326
8326
8323
8323
8322
8318
8316
8314
8311
8308
8308
8304
8303
8303
8303
8300
8297
8295
8285
8285
8282
8281
8268
8268
8268
8266
8266
8265
8265
8264
8263
8261
8261
8259
8253
8246
8246
8245
8241
8241
8240
8239
8238
8235
8235
8234
8226
8224
8222
8218
8216
8216
8213
8212
8210
8209
8208
8208
8207
8206
8206
8205
8205
8205
8201
8200
8196
8195
8194
8193
8189
8189
8188
8185
8184
8183
8178
8178
8171
8171
8167
8167
8164
8147
8142
8141
8138
8133
8132
8127
8127
8126
8123
8123
8120
8118
8118
8117
8114
8112
8111
8111
8110
8108
8105
8105
8104
8101
8100
8098
8098
8096
8095
8094
8091
8089
8089
8085
8083
8083
8083
8080
8078
8077
8077
8075
8075
8075
8071
8070
8068
8067
8060
8060
8058
8058
8057
8057
8054
8054
8052
8046
8046
8044
8044
8038
8032
8028
8028
8025
8025
8023
8022
8021
8019
8018
8020
8014
8009
8005
8003
7998
7996
7993
7990
7989
7988
7986
7985
7982
7976
7976
7975
7969
7968
7967
7963
7961
7960
7958
7956
7954
7949
7949
7946
7945
7945
7944
7943
7939
7939
7938
7927
7927
7921
7920
7918
7915
7914
7913
7912
7911
7910
7908
7905
7903
7899
7897
7891
7888
7888
7884
7881
7881
7878
7874
7872
7872
7867
7867
7866
7863
7855
7853
7853
7852
7846
7845
7844
7839
7838
7830
7829
7828
7823
7821
7820
7817
7817
7814
7810
7810
7808
7806
7805
7805
7806
7799
7799
7797
7796
7796
7795
7793
7792
7789
7787
7785
7782
7781
7779
7774
7771
7770
7767
7766
7762
7761
7761
7760
7755
7754
7753
7747
7746
7741
7739
7738
7735
7735
7731
7731
7730
7726
7725
7724
7724
7722
7720
7720
7717
7717
7716
7713
7712
7711
7708
7707
7706
7706
7702
7700
7700
7700
7697
7695
7693
7693
7691
7688
7685
7682
7678
7677
7677
7676
7674
7672
7670
7669
7668
7667
7667
7666
7660
7656
7655
7651
7648
7647
7646
7644
7644
7642
7641
7639
7636
7635
7634
7632
7631
7629
7627
7622
7621
7621
7619
7617
7615
7614
7614
7612
7608
7607
7604
7604
7604
7604
7602
7597
7597
7596
7595
7595
7594
7593
7592
7591
7590
7587
7586
7586
7584
7580
7578
7576
7575
7574
7574
7574
7573
7572
7571
7569
7569
7566
7557
7556
7555
7552
7550
7550
7548
7547
7547
7547
7586
7544
7543
7543
7543
7542
7538
7537
7536
7534
7532
7520
7518
7517
7517
7513
7513
7511
7510
7509
7508
7508
7503
7497
7494
7494
7489
7488
7483
7483
7478
7476
7470
7458
7455
7454
7454
7453
7452
7451
7449
7449
7444
7443
7442
7442
7442
7440
7439
7438
7436
7436
7435
7431
7430
7430
7428
7426
7426
7425
7424
7423
7423
7422
7421
7418
7416
7416
7413
7411
7409
7406
7405
7402
7402
7400
7400
7398
7397
7391
7386
7385
7384
7381
7381
7376
7375
7375
7371
7371
7365
7364
7364
7363
7362
7362
7358
7354
7354
7348
7344
7343
7342
7340
7337
7337
7332
7312
7327
7326
7323
7323
7317
7316
7313
7312
7307
7306
7304
7301
7301
7300
7299
7294
7291
7291
7289
7286
7286
7285
7285
7285
7282
7279
7279
7278
7277
7276
7275
7274
7274
7273
7272
7270
7270
7268
7265
7262
7259
7256
7254
7251
7250
7250
7247
7244
7244
7243
7235
7234
7232
7228
7224
7224
7223
7222
7221
7219
7217
7213
7211
7211
7210
7209
7202
7201
7199
7197
7196
7195
7191
7189
7189
7188
7186
7186
7184
7180
7180
7179
7177
7177
7177
7177
7176
7176
7170
7170
7168
7166
7166
7160
7159
7155
7154
7151
7147
7145
7142
7142
7142
7139
7134
7133
7129
7129
7129
7129
7125
7124
7124
7121
7120
7117
7115
7112
7111
7111
7110
7110
7106
7099
7099
7097
7097
7095
7093
7093
7091
7090
7090
7088
7088
7087
7080
7080
7078
7076
7074
7073
7073
7071
7068
7065
7065
7064
7064
7063
7062
7061
7060
7059
7056
7056
7056
7056
7055
7052
7046
7043
7041
7040
7037
7037
7037
7036
7035
7032
7031
7030
7027
7026
7025
7025
7024
7024
7022
7022
7021
7020
7020
7019
7017
7017
7016
7015
7014
7013
7012
7011
7009
7008
7007
7007
7006
7005
7001
7001
7000
6995
6993
6987
6986
6979
6979
6978
6976
6976
6976
6975
6972
6971
6971
6970
6968
6967
6963
6962
6960
6959
6953
6951
6951
6950
6947
6946
6944
6941
6939
6937
6936
6934
6925
6925
6924
6924
6923
6922
6919
6919
6918
6913
6912
6911
6909
6908
6908
6907
6906
6906
6906
6905
6903
6903
6899
6898
6897
6896
6895
6891
6889
6887
6887
6884
6884
6882
6882
6881
6878
6877
6877
6877
6876
6875
6875
6872
6872
6870
6869
6867
6864
6864
6862
6861
6860
6857
6857
6854
6852
6851
6850
6846
6843
6841
6838
6835
6833
6833
6832
6830
6829
6827
6827
6826
6825
6825
6823
6822
6822
6818
6817
6813
6812
6811
6806
6803
6801
6799
6796
6794
6792
6789
6788
6787
6787
6786
6786
6785
6779
6776
6775
6773
6772
6771
6771
6770
6770
6768
6768
6766
6765
6764
6763
6762
6761
6758
6757
6754
6750
6750
6749
6748
6746
6743
6743
6742
6741
6740
6740
6738
6734
6733
6731
6731
6730
6730
6729
6729
6727
6725
6725
6725
6724
6724
6709
6709
6709
6708
6707
6706
6706
6703
6700
6699
6698
6697
6696
6696
6695
6695
6695
6694
6692
6692
6692
6689
6688
6687
6687
6683
6682
6680
6679
6675
6674
6670
6669
6668
6665
6665
6661
6661
6661
6657
6656
6655
6647
6653
6652
6652
6652
6645
6645
6643
6639
6639
6638
6638
6638
6638
6637
6636
6631
6630
6625
6625
6624
6624
6624
6622
6621
6620
6619
6617
6617
6616
6616
6615
6614
6613
6612
6611
6609
6609
6606
6606
6605
6601
6599
6598
6598
6595
6594
6592
6592
6591
6590
6586
6585
6583
6582
6581
6581
6579
6577
6571
6571
6570
6570
6568
6568
6567
6567
6564
6560
6559
6558
6554
6551
6550
6547
6546
6545
6544
6544
6543
6543
6541
6540
6540
6539
6538
6536
6534
6531
6530
6530
6525
6524
6523
6522
6522
6522
6522
6521
6519
6517
6515
6514
6513
6512
6512
6510
6508
6504
6502
6498
6497
6495
6492
6491
6489
6488
6483
6483
6482
6482
6479
6477
6476
6476
6471
6468
6468
6467
6466
6466
6465
6464
6463
6462
6462
6461
6459
6458
6458
6458
6457
6456
6455
6455
6455
6454
6452
6452
6450
6450
6449
6447
6446
6446
6446
6445
6443
6439
6439
6439
6437
6435
6434
6433
6433
6432
6432
6428
6427
6427
6427
6424
6423
6420
6419
6419
6417
6416
6416
6413
6412
6411
6410
6410
6409
6408
6407
6407
6406
6405
6404
6403
6401
6401
6401
6399
6397
6397
6394
6392
6390
6389
6388
6387
6386
6384
6384
6383
6380
6379
6379
6378
6375
6374
6369
6368
6366
6366
6365
6365
6363
6363
6363
6359
6358
6357
6357
6357
6357
6356
6355
6355
6354
6351
6350
6348
6348
6345
6345
6345
6344
6344
6342
6340
6340
6337
6335
6334
6331
6329
6329
6329
6326
6325
6325
6323
6320
6319
6310
6308
6308
6304
6303
6303
6301
6300
6299
6299
6293
6292
6291
6291
6290
6288
6288
6287
6286
6286
6285
6284
6284
6283
6282
6277
6276
6276
6274
6273
6272
6272
6272
6271
6271
6266
6264
6263
6260
6260
6258
6255
6255
6255
6254
6254
6252
6249
6249
6248
6247
6244
6243
6242
6240
6237
6236
6235
6235
6232
6230
6230
6230
6229
6226
6225
6224
6224
6222
6222
6221
6218
6215
6215
6212
6210
6209
6206
6205
6205
6203
6202
6202
6200
6200
6198
6198
6196
6195
6194
6194
6193
6193
6193
6192
6191
6190
6190
6190
6189
6188
6188
6186
6185
6183
6183
6181
6181
6179
6178
6175
6174
6170
6103
6166
6165
6165
6163
6163
6162
6161
6160
6159
6159
6158
6158
6157
6157
6155
6153
6152
6152
6151
6151
6151
6150
6148
6148
6146
6146
6146
6146
6145
6141
6140
6139
6137
6136
6136
6136
6134
6133
6132
6131
6130
6129
6128
6127
6125
6123
6119
6117
6116
6115
6114
6113
6110
6106
6105
6102
6101
6100
6100
6095
6095
6095
6092
6091
6088
6088
6086
6085
6085
6083
6083
6082
6082
6080
6080
6078
6077
6077
6076
6074
6073
6073
6072
6069
6063
6063
6061
6060
6060
6058
6056
6056
6056
6055
6055
6054
6052
6049
6046
6045
6044
6043
6043
6040
6039
6039
6037
6035
6033
6033
6031
6031
6029
6028
6033
6023
6021
6020
6019
6019
6016
6014
6007
6006
6005
6003
6003
6003
6000
5999
5998
5997
5996
5988
5987
5987
5986
5984
5982
5980
5979
5979
5978
5978
5976
5974
5973
5972
5972
5970
5970
5969
5976
5965
5965
5964
5963
5959
5957
5956
5955
5953
5951
5948
5948
5948
5948
5945
5942
5942
5942
5941
5939
5939
5935
5934
5934
5932
5931
5931
5931
5930
5929
5928
5928
5928
5926
5925
5924
5924
5922
5922
5921
5921
5920
5917
5916
5914
5910
5910
5909
5908
5906
5906
5905
5905
5905
5903
5903
5902
5902
5901
5901
5899
5896
5896
5892
5891
5891
5889
5889
5887
5887
5886
5884
5883
5882
5878
5876
5875
5875
5874
5872
5872
5871
5869
5869
5869
5868
5867
5867
5866
5865
5863
5859
5858
5857
5856
5856
5855
5855
5853
5853
5852
5851
5850
5849
5848
5846
5845
5842
5842
5841
5839
5839
5838
5862
5836
5835
5835
5834
5830
5830
5829
5828
5826
5825
5823
5823
5822
5822
5820
5819
5819
5818
5818
5818
5817
5816
5815
5814
5813
5811
5811
5811
5811
5810
5808
5807
5807
5806
5806
5804
5804
5801
5801
5800
5797
5796
5796
5795
5790
5789
5789
5789
5789
5789
5789
5788
5788
5787
5784
5784
5783
5782
5781
5780
5779
5779
5777
5777
5776
5774
5774
5773
5773
5772
5769
5768
5767
5764
5763
5763
5762
5761
5760
5758
5758
5757
5756
5756
5755
5755
5755
5754
5752
5752
5752
5751
5750
5749
5749
5748
5746
5746
5745
5744
5743
5741
5741
5741
5740
5739
5739
5737
5735
5735
5734
5732
5731
5730
5730
5730
5729
5726
5725
5723
5722
5722
5719
5719
5717
5715
5715
5714
5713
5711
5711
5710
5709
5706
5704
5703
5702
5702
5700
5698
5698
5697
5696
5696
5696
5695
5695
5694
5694
5694
5691
5690
5690
5689
5689
5688
5688
5688
5685
5684
5681
5681
5679
5679
5678
5678
5677
5676
5675
5674
5674
5674
5672
5671
5667
5666
5666
5666
5665
5664
5663
5661
5661
5660
5660
5660
5658
5655
5655
5653
5652
5652
5649
5648
5648
5647
5647
5646
5646
5645
5644
5644
5643
5641
5641
5641
5640
5639
5639
5638
5638
5638
5636
5636
5636
5632
5632
5629
5627
5624
5623
5623
5623
5622
5621
5620
5619
5619
5619
5617
5614
5614
5614
5613
5612
5611
5610
5610
5607
5605
5604
5603
5601
5601
5598
5597
5591
5590
5590
5589
5589
5588
5588
5581
5581
5580
5580
5579
5578
5578
5577
5577
5576
5576
5576
5573
5569
5568
5567
5567
5565
5564
5563
5563
5561
5559
5559
5558
5558
5558
5554
5554
5553
5551
5551
5550
5549
5549
5547
5547
5546
5544
5544
5544
5543
5543
5540
5539
5539
5539
5539
5538
5535
5535
5535
5532
5532
5532
5529
5528
5528
5528
5526
5525
5522
5522
5521
5520
5519
5519
5517
5516
5515
5515
5514
5513
5509
5509
5508
5505
5505
5503
5503
5502
5499
5498
5497
5497
5497
5496
5496
5492
5492
5492
5490
5489
5488
5487
5487
5486
5486
5486
5485
5483
5483
5482
5481
5479
5478
5477
5476
5476
5474
5473
5470
5470
5467
5465
5462
5462
5462
5462
5461
5460
5460
5460
5460
5458
5457
5456
5455
5455
5454
5453
5453
5451
5450
5450
5449
5448
5447
5447
5447
5447
5446
5446
5444
5444
5443
5442
5442
5442
5442
5441
5441
5437
5437
5435
5435
5434
5433
5433
5431
5429
5428
5427
5426
5426
5426
5425
5422
5422
5421
5419
5417
5416
5415
5413
5412
5412
5410
5410
5410
5410
5409
5408
5407
5405
5404
5404
5404
5403
5402
5402
5401
5401
5401
5400
5400
5397
5396
5395
5393
5393
5391
5389
5389
5384
5384
5383
5383
5383
5383
5382
5382
5382
5381
5380
5380
5380
5380
5379
5378
5377
5377
5376
5374
5374
5374
5373
5372
5372
5372
5372
5371
5371
5370
5368
5367
5366
5366
5366
5366
5363
5362
5362
5359
5356
5355
5355
5355
5353
5353
5353
5346
5345
5345
5343
5343
5342
5342
5341
5341
5340
5339
5339
5338
5338
5338
5337
5337
5336
5334
5334
5333
5333
5330
5328
5328
5326
5326
5326
5324
5324
5324
5323
5323
5322
5322
5319
5319
5318
5318
5318
5318
5318
5317
5316
5316
5314
5313
5312
5312
5310
5308
5307
5307
5306
5306
5305
5304
5303
5301
5300
5300
5299
5299
5299
5297
5296
5294
5294
5294
5294
5292
5292
5292
5290
5290
5289
5289
5288
5288
5287
5287
5282
5280
5280
5278
5277
5277
5276
5273
5273
5271
5271
5269
5268
5268
5266
5264
5263
5262
5261
5260
5259
5259
5259
5258
5258
5256
5256
5256
5256
5255
5255
5255
5254
5253
5253
5252
5251
5249
5249
5249
5249
5247
5247
5246
5246
5243
5242
5240
5238
5237
5235
5235
5235
5234
5232
5231
5231
5231
5230
5229
5229
5228
5228
5227
5226
5225
5225
5224
5223
5223
5222
5221
5219
5219
5217
5217
5216
5215
5214
5213
5213
5213
5213
5212
5211
5228
5210
5209
5209
5208
5208
5206
5205
5204
5203
5203
5200
5199
5198
5197
5193
5193
5191
5191
5190
5190
5189
5187
5187
5187
5183
5182
5181
5181
5181
5180
5180
5184
5180
5179
5179
5179
5177
5176
5176
5175
5175
5175
5174
5173
5172
5172
5170
5168
5168
5168
5168
5167
5166
5165
5165
5161
5160
5159
5159
5158
5158
5156
5156
5156
5153
5151
5151
5150
5149
5147
5147
5145
5145
5144
5144
5143
5143
5143
5140
5137
5136
5135
5135
5133
5133
5131
5130
5130
5130
5129
5129
5128
5128
5127
5126
5125
5125
5124
5123
5122
5121
5120
5120
5119
5115
5114
5113
5113
5111
5110
5110
5109
5109
5106
5106
5105
5105
5102
5102
5102
5099
5097
5097
5096
5096
5096
5130
5095
5095
5095
5094
5094
5093
5092
5091
5090
5089
5089
5088
5088
5088
5086
5086
5085
5085
5085
5085
5084
5084
5084
5083
5082
5082
5082
5081
5081
5081
5080
5079
5078
5078
5078
5078
5078
5077
5076
5076
5072
5072
5071
5070
5069
5069
5068
5067
5066
5065
5062
5062
5061
5057
5057
5056
5055
5054
5053
5053
5053
5050
5049
5048
5048
5047
5047
5047
5046
5046
5046
5044
5043
5043
5042
5042
5042
5040
5039
5037
5036
5036
5036
5034
5033
5032
5031
5030
5029
5029
5028
5026
5025
5024
5023
5023
5022
5022
5022
5022
5021
5021
5019
5019
5018
5018
5018
5018
5018
5018
5017
5017
5015
5015
5014
5014
5014
5013
5012
5010
5009
5009
5007
5006
5006
5005
5005
5005
5003
5001
5001
5001
5000
5000
4999
4999
4998
4998
4998
4996
4995
4993
4993
4992
4991
4990
4990
4988
4987
4987
4986
4984
4984
4982
4982
4980
4979
4979
4977
4977
4977
4977
4975
4975
4975
4974
4973
4973
4972
4971
4971
4971
4971
4970
4969
4968
4967
4966
4965
4965
4965
4963
4963
4960
4960
4960
4960
4959
4957
4957
4956
4955
4954
4953
4951
4951
4950
4949
4948
4948
4947
4947
4945
4943
4943
4942
4938
4937
4934
4934
4933
4931
4930
4928
4928
4928
4928
4926
4926
4926
4924
4922
4922
4922
4919
4918
4918
4916
4915
4910
4909
4909
4908
4907
4907
4906
4905
4905
4904
4904
4904
4904
4903
4901
4901
4900
4899
4898
4898
4897
4896
4895
4895
4894
4893
4891
4891
4890
4889
4889
4887
4886
4886
4885
4884
4884
4884
4883
4882
4882
4882
4881
4880
4880
4880
4880
4879
4879
4876
4876
4876
4876
4872
4872
4872
4872
4871
4871
4871
4871
4871
4871
4870
4870
4869
4868
4868
4867
4867
4865
4863
4862
4862
4862
4861
4860
4860
4860
4859
4859
4858
4857
4854
4854
4853
4853
4852
4852
4850
4849
4849
4847
4847
4845
4843
4843
4842
4842
4842
4841
4841
4841
4840
4839
4839
4838
4838
4837
4836
4836
4832
4831
4831
4830
4829
4829
4829
4829
4829
4829
4828
4828
4828
4826
4825
4825
4824
4824
4820
4817
4816
4815
4812
4809
4809
4809
4808
4807
4807
4806
4806
4805
4805
4804
4803
4801
4797
4797
4795
4795
4795
4794
4794
4793
4792
4791
4791
4791
4791
4791
4790
4790
4788
4787
4787
4786
4786
4785
4784
4783
4783
4782
4781
4779
4778
4778
4777
4777
4776
4776
4775
4775
4774
4774
4773
4773
4773
4772
4772
4772
4771
4771
4771
4768
4767
4765
4764
4764
4764
4763
4763
4761
4761
4761
4760
4759
4759
4758
4757
4770
4756
4755
4754
4753
4753
4752
4751
4751
4750
4750
4749
4749
4748
4747
4746
4746
4745
4745
4744
4742
4742
4741
4741
4737
4737
4737
4737
4736
4735
4732
4732
4730
4729
4728
4727
4726
4725
4725
4725
4724
4724
4724
4724
4724
4723
4723
4721
4720
4720
4719
4717
4717
4716
4716
4714
4714
4714
4714
4713
4713
4712
4711
4711
4711
4710
4709
4709
4707
4707
4706
4706
4706
4706
4705
4704
4704
4703
4703
4702
4702
4702
4701
4700
4700
4700
4699
4699
4699
4698
4698
4697
4697
4697
4697
4697
4695
4694
4694
4693
4693
4692
4691
4691
4690
4690
4689
4688
4688
4688
4686
4685
4685
4684
4683
4682
4682
4681
4680
4678
4676
4675
4675
4673
4673
4673
4672
4671
4671
4670
4667
4663
4663
4663
4662
4661
4660
4659
4659
4658
4658
4657
4657
4656
4656
4655
4655
4655
4654
4652
4648
4646
4645
4645
4645
4644
4644
4642
4642
4641
4640
4639
4638
4638
4637
4637
4636
4636
4635
4634
4634
4634
4633
4632
4632
4631
4631
4629
4629
4628
4627
4626
4626
4625
4625
4624
4623
4621
4620
4605
4618
4617
4617
4616
4615
4615
4615
4615
4613
4613
4613
4612
4612
4612
4612
4611
4611
4611
4611
4611
4610
4610
4609
4609
4608
4608
4607
4606
4606
4606
4606
4604
4604
4604
4603
4602
4602
4602
4602
4601
4601
4601
4599
4598
4598
4598
4598
4598
4596
4595
4595
4594
4594
4593
4592
4591
4589
4588
4587
4587
4587
4587
4585
4585
4584
4583
4583
4582
4582
4581
4581
4580
4580
4579
4577
4575
4575
4573
4570
4570
4570
4569
4569
4568
4566
4565
4565
4565
4564
4564
4564
4564
4563
4562
4561
4560
4559
4559
4559
4558
4558
4557
4557
4557
4556
4556
4556
4556
4555
4555
4555
4552
4552
4548
4548
4548
4547
4547
4547
4544
4544
4542
4541
4541
4540
4539
4538
4538
4535
4535
4533
4533
4532
4531
4531
4531
4530
4528
4528
4527
4526
4525
4525
4524
4524
4524
4520
4520
4519
4519
4518
4517
4516
4515
4515
4515
4514
4513
4513
4513
4513
4512
4512
4512
4512
4512
4511
4509
4509
4509
4507
4506
4505
4504
4504
4503
4502
4501
4499
4498
4497
4497
4496
4495
4492
4492
4491
4490
4489
4487
4486
4486
4486
4485
4483
4482
4482
4481
4481
4479
4479
4479
4478
4478
4478
4477
4477
4477
4475
4475
4475
4474
4474
4474
4474
4473
4472
4471
4471
4471
4471
4469
4469
4468
4468
4467
4467
4466
4466
4460
4460
4460
4459
4457
4457
4455
4454
4454
4453
4452
4451
4451
4451
4451
4450
4450
4449
4448
4447
4447
4443
4443
4441
4441
4440
4440
4439
4439
4439
4439
4439
4437
4437
4437
4437
4434
4433
4432
4431
4430
4430
4430
4430
4429
4429
4429
4428
4428
4426
4422
4422
4422
4421
4420
4419
4419
4416
4416
4415
4414
4413
4413
4412
4412
4411
4410
4410
4408
4408
4407
4403
4403
4403
4402
4402
4402
4400
4400
4400
4399
4399
4398
4398
4397
4396
4396
4396
4395
4395
4395
4394
4393
4392
4392
4392
4391
4390
4387
4386
4386
4385
4384
4384
4383
4383
4382
4380
4380
4380
4378
4377
4376
4376
4375
4374
4374
4374
4373
4371
4371
4370
4369
4369
4369
4368
4368
4367
4367
4366
4365
4365
4363
4363
4363
4361
4361
4361
4360
4360
4360
4360
4359
4358
4358
4357
4357
4392
4356
4356
4355
4354
4354
4353
4353
4352
4351
4351
4351
4348
4347
4347
4347
4347
4345
4341
4341
4340
4339
4339
4339
4338
4338
4338
4338
4337
4336
4336
4336
4334
4334
4334
4333
4333
4333
4333
4328
4328
4326
4324
4323
4323
4323
4322
4322
4321
4321
4321
4320
4320
4320
4319
4319
4318
4317
4317
4316
4316
4313
4313
4313
4312
4311
4310
4309
4309
4308
4306
4306
4306
4305
4304
4304
4304
4304
4304
4304
4304
4303
4303
4303
4303
4302
4302
4302
4302
4302
4301
4301
4300
4300
4300
4299
4299
4298
4298
4297
4297
4297
4295
4294
4294
4293
4291
4290
4290
4290
4290
4290
4289
4288
4288
4287
4287
4285
4285
4285
4285
4284
4284
4283
4283
4283
4283
4282
4282
4282
4280
4280
4279
4278
4278
4278
4278
4277
4276
4275
4275
4275
4274
4274
4273
4271
4271
4271
4270
4269
4269
4268
4268
4267
4267
4267
4266
4265
4264
4264
4263
4261
4261
4260
4259
4258
4257
4257
4256
4255
4255
4254
4254
4254
4254
4253
4253
4253
4253
4252
4252
4251
4250
4250
4250
4250
4249
4249
4249
4248
4248
4248
4246
4245
4244
4244
4243
4242
4242
4241
4241
4241
4241
4240
4240
4240
4239
4239
4239
4238
4237
4236
4235
4234
4234
4234
4234
4234
4233
4232
4232
4232
4231
4230
4230
4230
4229
4228
4227
4227
4227
4225
4225
4225
4225
4224
4222
4221
4219
4219
4219
4219
4218
4218
4217
4216
4216
4216
4216
4216
4214
4214
4214
4211
4211
4211
4210
4208
4208
4208
4207
4207
4206
4204
4204
4204
4203
4201
4201
4200
4200
4199
4198
4198
4197
4197
4197
4197
4195
4195
4195
4195
4194
4193
4191
4188
4188
4187
4186
4186
4186
4185
4185
4185
4185
4185
4185
4184
4184
4184
4184
4183
4183
4183
4183
4182
4181
4180
4180
4180
4179
4179
4179
4178
4178
4178
4178
4177
4177
4176
4173
4172
4172
4172
4172
4171
4169
4167
4167
4167
4167
4166
4166
4164
4164
4163
4163
4163
4162
4162
4161
4161
4161
4160
4159
4157
4157
4156
4155
4155
4155
4155
4154
4154
4153
4150
4149
4149
4147
4147
4147
4145
4144
4144
4143
4143
4142
4141
4140
4139
4139
4139
4138
4137
4137
4137
4136
4135
4135
4135
4134
4134
4132
4132
4132
4132
4132
4132
4132
4131
4131
4131
4131
4130
4129
4128
4128
4127
4126
4125
4125
4125
4122
4122
4121
4121
4121
4120
4120
4120
4119
4119
4118
4117
4116
4114
4114
4114
4113
4112
4112
4112
4111
4111
4111
4110
4108
4107
4107
4103
4103
4103
4102
4102
4101
4101
4101
4100
4099
4099
4098
4097
4097
4096
4096
4096
4095
4095
4094
4093
4093
4091
4091
4091
4091
4090
4089
4089
4089
4088
4088
4087
4086
4086
4086
4085
4084
4083
4082
4080
4080
4080
4079
4079
4077
4077
4075
4075
4075
4074
4074
4074
4073
4073
4072
4072
4071
4070
4069
4068
4068
4068
4067
4066
4064
4064
4063
4061
4061
4061
4060
4060
4060
4059
4059
4058
4058
4057
4056
4055
4055
4055
4054
4054
4053
4053
4053
4053
4053
4051
4051
4051
4051
4050
4049
4048
4048
4048
4047
4047
4046
4045
4043
4043
4043
4042
4042
4042
4042
4041
4041
4041
4041
4040
4039
4039
4037
4037
4036
4036
4036
4036
4036
4036
4035
4035
4035
4034
4034
4033
4033
4033
4032
4032
4032
4031
4030
4029
4029
4029
4028
4028
4026
4025
4025
4025
4025
4024
4023
4023
4023
4022
4021
4021
4021
4020
4019
4019
4019
4019
4018
4017
4017
4017
4016
4016
4015
4014
4014
4012
4011
4011
4010
4008
4008
4008
4008
4007
4007
4007
4007
4006
4006
4005
4005
4004
4004
4004
4003
4002
4001
4001
4000
4000
4000
3999
3999
3998
3998
3997
3997
3997
3996
3994
3992
3992
3992
3991
3991
3991
3988
3988
3988
3988
3987
3987
3987
3986
3986
3986
3986
3984
3984
3984
3983
3983
3983
3983
3982
3982
3982
3982
3982
3981
3981
3981
3979
3979
3979
3978
3978
3978
3977
3977
3977
3977
3977
3975
3975
3974
3973
3973
3972
3972
3972
3970
3969
3969
3969
3968
3968
3968
3965
3965
3965
3965
3965
3964
3963
3963
3962
3962
3961
3961
3960
3960
3959
3959
3958
3958
3958
3958
3957
3956
3954
3954
3954
3953
3952
3952
3952
3952
3949
3948
3948
3948
3947
3947
3947
3946
3946
3946
3946
3946
3945
3944
3943
3943
3943
3942
3942
3941
3940
3939
3939
3938
3938
3937
3937
3937
3937
3937
3936
3935
3934
3934
3933
3933
3933
3932
3932
3932
3931
3930
3930
3929
3928
3928
3927
3927
3926
3925
3924
3924
3924
3923
3923
3923
3922
3921
3920
3920
3920
3919
3919
3919
3919
3918
3918
3917
3917
3917
3917
3917
3916
3916
3916
3915
3914
3911
3911
3911
3909
3909
3907
3907
3906
3906
3906
3906
3906
3904
3904
3904
3903
3903
3903
3902
3901
3899
3899
3899
3899
3898
3897
3897
3896
3896
3893
3893
3892
3892
3891
3889
3889
3889
3888
3888
3888
3887
3887
3886
3886
3885
3884
3884
3884
3884
3883
3883
3883
3883
3882
3881
3881
3880
3880
3879
3878
3878
3876
3876
3875
3875
3874
3873
3873
3873
3873
3872
3872
3871
3871
3871
3870
3870
3869
3869
3868
3868
3868
3868
3866
3866
3865
3865
3864
3863
3862
3862
3862
3861
3861
3861
3861
3860
3860
3859
3859
3859
3858
3858
3858
3857
3857
3855
3855
3854
3854
3854
3854
3853
3852
3851
3851
3851
3850
3850
3850
3849
3849
3849
3849
3848
3848
3848
3846
3846
3845
3845
3844
3842
3842
3842
3841
3840
3840
3839
3839
3839
3838
3837
3837
3836
3836
3836
3835
3835
3834
3834
3833
3833
3833
3833
3832
3832
3832
3831
3831
3831
3831
3830
3830
3829
3829
3828
3828
3827
3825
3825
3825
3825
3824
3823
3823
3821
3820
3820
3820
3820
3820
3819
3819
3819
3818
3818
3817
3814
3813
3812
3812
3812
3811
3810
3810
3809
3807
3806
3805
3805
3805
3805
3804
3804
3803
3803
3803
3802
3802
3802
3801
3801
3801
3801
3801
3800
3800
3800
3800
3799
3799
3798
3797
3796
3796
3794
3794
3794
3793
3793
3792
3791
3791
3791
3791
3791
3790
3790
3789
3789
3789
3789
3788
3787
3786
3786
3786
3785
3785
3784
3782
3782
3781
3780
3780
3780
3780
3779
3779
3778
3778
3778
3778
3778
3777
3777
3776
3776
3776
3775
3775
3774
3774
3774
3774
3774
3773
3773
3772
3772
3771
3771
3770
3770
3770
3769
3769
3769
3768
3767
3767
3764
3764
3765
3764
3763
3763
3762
3762
3762
3761
3761
3761
3761
3761
3761
3760
3759
3758
3758
3758
3758
3757
3757
3757
3755
3755
3755
3755
3754
3754
3754
3754
3753
3753
3753
3752
3752
3751
3751
3751
3750
3750
3748
3748
3747
3747
3746
3746
3745
3745
3745
3745
3745
3745
3745
3744
3744
3744
3744
3743
3743
3743
3742
3741
3739
3739
3738
3736
3736
3735
3735
3734
3734
3734
3733
3732
3732
3731
3731
3730
3729
3729
3729
3728
3728
3728
3727
3726
3725
3725
3725
3725
3724
3724
3723
3723
3723
3723
3722
3722
3721
3721
3720
3720
3720
3720
3719
3719
3718
3718
3717
3716
3716
3716
3715
3714
3714
3713
3713
3713
3712
3712
3711
3711
3711
3710
3710
3710
3710
3710
3709
3709
3708
3708
3707
3707
3707
3706
3706
3706
3705
3703
3703
3702
3701
3701
3701
3699
3699
3698
3698
3697
3697
3697
3697
3696
3695
3695
3694
3694
3693
3692
3691
3691
3691
3690
3690
3690
3690
3690
3689
3689
3689
3689
3689
3688
3688
3688
3687
3687
3687
3686
3686
3686
3685
3684
3684
3683
3683
3683
3683
3683
3682
3682
3681
3680
3680
3679
3679
3678
3677
3677
3676
3675
3675
3675
3673
3673
3672
3672
3672
3672
3672
3672
3671
3671
3670
3670
3670
3669
3669
3669
3668
3667
3667
3666
3666
3665
3665
3665
3664
3664
3664
3663
3662
3662
3662
3661
3661
3660
3660
3660
3659
3659
3659
3659
3659
3658
3658
3657
3657
3656
3656
3655
3655
3654
3654
3654
3653
3652
3652
3652
3651
3651
3651
3651
3651
3649
3649
3647
3647
3647
3646
3646
3645
3645
3645
3645
3644
3644
3644
3644
3643
3643
3643
3642
3641
3641
3641
3639
3639
3639
3639
3639
3639
3638
3637
3637
3636
3636
3635
3635
3635
3634
3633
3633
3632
3632
3632
3632
3631
3631
3630
3630
3629
3629
3628
3627
3627
3627
3626
3626
3626
3625
3625
3625
3623
3623
3623
3623
3622
3621
3621
3621
3621
3620
3619
3619
3619
3619
3619
3619
3618
3618
3617
3617
3616
3615
3615
3615
3615
3614
3612
3612
3611
3611
3611
3610
3610
3609
3608
3608
3607
3606
3606
3606
3605
3605
3605
3604
3604
3604
3604
3604
3603
3603
3603
3603
3601
3600
3600
3599
3599
3599
3599
3598
3598
3597
3597
3596
3596
3595
3595
3594
3594
3594
3594
3593
3593
3593
3592
3592
3591
3591
3591
3590
3590
3589
3589
3588
3588
3586
3586
3586
3584
3584
3583
3582
3582
3582
3581
3581
3581
3581
3580
3580
3580
3579
3579
3579
3579
3578
3578
3578
3578
3578
3577
3576
3576
3576
3575
3575
3575
3575
3574
3574
3573
3573
3573
3572
3572
3572
3571
3571
3570
3570
3570
3570
3570
3569
3569
3568
3568
3567
3567
3567
3567
3566
3565
3564
3564
3564
3564
3563
3563
3562
3562
3562
3560
3559
3559
3559
3558
3558
3558
3558
3557
3556
3556
3556
3555
3554
3554
3554
3553
3553
3552
3551
3550
3550
3550
3549
3549
3549
3549
3547
3547
3547
3546
3542
3542
3542
3542
3541
3541
3540
3540
3538
3538
3537
3537
3536
3534
3533
3532
3532
3531
3531
3531
3530
3530
3530
3530
3530
3530
3529
3529
3529
3529
3528
3527
3526
3526
3526
3525
3524
3524
3523
3523
3523
3523
3522
3522
3522
3522
3522
3521
3521
3521
3520
3520
3519
3519
3519
3519
3519
3518
3517
3517
3517
3516
3515
3515
3515
3514
3514
3513
3513
3512
3512
3510
3510
3510
3509
3509
3508
3506
3506
3506
3504
3504
3503
3502
3502
3501
3501
3500
3500
3499
3499
3498
3498
3497
3497
3496
3496
3496
3495
3495
3494
3492
3492
3491
3491
3490
3489
3489
3489
3489
3489
3488
3487
3487
3487
3486
3486
3485
3485
3484
3484
3483
3483
3483
3483
3483
3482
3482
3481
3480
3480
3479
3478
3477
3477
3477
3475
3475
3474
3473
3472
3471
3471
3470
3470
3470
3469
3469
3468
3468
3468
3467
3467
3466
3466
3466
3465
3465
3464
3463
3462
3462
3461
3461
3461
3460
3460
3460
3459
3459
3458
3458
3457
3457
3456
3455
3455
3455
3455
3454
3454
3453
3453
3452
3452
3452
3452
3450
3450
3449
3449
3449
3449
3448
3448
3448
3447
3447
3447
3447
3446
3445
3445
3445
3445
3445
3444
3444
3444
3443
3442
3441
3441
3441
3440
3440
3440
3439
3439
3439
3439
3438
3438
3438
3438
3438
3437
3437
3437
3436
3435
3435
3435
3434
3434
3434
3433
3433
3433
3433
3433
3433
3433
3432
3432
3432
3432
3432
3432
3431
3431
3430
3430
3429
3429
3428
3428
3427
3427
3426
3426
3443
3426
3426
3425
3425
3424
3424
3422
3437
3422
3422
3422
3422
3422
3421
3420
3420
3419
3418
3418
3417
3417
3417
3416
3416
3416
3415
3415
3414
3414
3413
3413
3413
3413
3413
3413
3348
3413
3412
3412
3412
3412
3411
3411
3411
3410
3408
3408
3407
3407
3407
3407
3406
3406
3405
3405
3404
3404
3404
3403
3402
3402
3402
3401
3401
3399
3399
3398
3398
3397
3397
3395
3394
3394
3394
3394
3393
3393
3393
3392
3392
3392
3391
3390
3389
3389
3389
3388
3388
3427
3388
3387
3387
3387
3386
3385
3384
3384
3384
3383
3383
3383
3383
3383
3382
3381
3380
3380
3380
3379
3379
3379
3378
3377
3377
3377
3376
3376
3376
3375
3375
3375
3375
3374
3374
3374
3374
3374
3373
3373
3373
3373
3372
3372
3372
3372
3371
3371
3371
3370
3370
3370
3369
3369
3369
3368
3368
3368
3368
3368
3368
3367
3367
3367
3366
3366
3366
3366
3366
3366
3364
3364
3363
3363
3363
3362
3362
3362
3361
3361
3360
3360
3360
3360
3359
3359
3359
3358
3357
3357
3357
3356
3356
3355
3354
3354
3354
3354
3353
3353
3352
3351
3350
3349
3349
3349
3349
3349
3349
3349
3348
3348
3348
3348
3348
3347
3347
3347
3347
3346
3346
3346
3345
3345
3345
3345
3344
3344
3344
3343
3343
3342
3342
3342
3341
3341
3341
3341
3340
3340
3340
3339
3339
3339
3338
3338
3338
3338
3338
3337
3337
3336
3336
3336
3335
3335
3335
3335
3335
3333
3333
3332
3332
3332
3332
3331
3331
3331
3331
3330
3330
3329
3329
3329
3329
3328
3328
3328
3328
3327
3326
3326
3325
3325
3325
3324
3324
3324
3323
3323
3323
3323
3322
3322
3321
3320
3320
3320
3319
3319
3319
3318
3318
3318
3317
3317
3317
3317
3317
3316
3316
3316
3316
3316
3315
3314
3314
3314
3314
3313
3312
3312
3312
3312
3312
3311
3310
3310
3310
3309
3309
3309
3309
3309
3309
3308
3307
3307
3307
3307
3306
3306
3306
3305
3305
3304
3303
3303
3303
3302
3302
3302
3302
3302
3302
3300
3300
3300
3300
3299
3298
3298
3298
3298
3298
3297
3297
3297
3297
3297
3297
3296
3296
3296
3296
3296
3296
3296
3296
3296
3295
3295
3295
3295
3294
3294
3294
3293
3293
3293
3292
3292
3291
3290
3290
3290
3279
3290
3290
3290
3289
3289
3289
3289
3289
3289
3288
3288
3288
3287
3286
3286
3286
3286
3285
3285
3285
3285
3283
3283
3283
3283
3282
3282
3281
3281
3280
3280
3280
3279
3279
3279
3279
3278
3277
3277
3277
3277
3277
3277
3277
3275
3275
3275
3275
3274
3274
3274
3274
3274
3274
3273
3273
3271
3271
3270
3270
3269
3269
3268
3268
3268
3267
3267
3266
3266
3265
3264
3264
3263
3262
3261
3261
3261
3261
3261
3261
3261
3260
3260
3260
3259
3258
3258
3258
3257
3257
3257
3257
3257
3256
3256
3256
3256
3254
3253
3252
3252
3252
3252
3252
3252
3251
3251
3251
3250
3250
3250
3249
3249
3249
3248
3248
3248
3248
3248
3247
3247
3247
3247
3247
3246
3246
3246
3246
3246
3246
3245
3245
3245
3245
3245
3244
3244
3244
3243
3243
3243
3242
3241
3241
3241
3241
3241
3240
3240
3240
3239
3238
3238
3238
3236
3236
3236
3236
3235
3235
3235
3234
3234
3233
3233
3233
3232
3232
3231
3230
3229
3229
3229
3228
3228
3227
3227
3227
3227
3226
3226
3226
3225
3224
3224
3223
3223
3222
3222
3222
3221
3221
3221
3221
3221
3220
3220
3219
3219
3219
3218
3218
3218
3218
3217
3217
3217
3217
3216
3215
3215
3215
3214
3213
3213
3213
3212
3212
3212
3212
3210
3210
3210
3210
3210
3209
3209
3209
3209
3207
3207
3207
3206
3206
3205
3205
3205
3205
3204
3204
3203
3203
3203
3203
3203
3203
3201
3200
3200
3200
3200
3199
3199
3199
3198
3198
3198
3197
3196
3196
3196
3196
3195
3195
3195
3194
3194
3193
3193
3193
3193
3192
3191
3191
3190
3189
3189
3187
3186
3186
3186
3186
3186
3185
3185
3184
3184
3184
3183
3183
3182
3182
3182
3181
3181
3181
3181
3180
3180
3180
3179
3179
3179
3179
3178
3178
3177
3176
3176
3175
3174
3174
3174
3174
3172
3172
3170
3170
3170
3170
3170
3170
3169
3169
3169
3168
3167
3167
3167
3166
3166
3166
3166
3166
3165
3165
3165
3164
3164
3164
3164
3164
3164
3162
3161
3161
3161
3161
3160
3160
3160
3159
3159
3158
3158
3157
3156
3155
3154
3154
3154
3154
3154
3153
3153
3153
3152
3151
3151
3151
3151
3151
3150
3150
3148
3148
3148
3148
3148
3148
3148
3147
3147
3147
3146
3146
3146
3146
3145
3143
3143
3143
3142
3142
3141
3141
3141
3140
3140
3140
3140
3140
3139
3139
3139
3138
3138
3138
3138
3137
3137
3137
3137
3137
3136
3136
3136
3135
3135
3134
3134
3134
3134
3133
3133
3133
3133
3132
3132
3132
3131
3131
3131
3130
3129
3129
3129
3129
3129
3129
3128
3128
3127
3127
3127
3127
3127
3127
3127
3126
3126
3125
3125
3125
3125
3125
3124
3124
3123
3123
3123
3122
3122
3122
3121
3121
3120
3120
3120
3120
3120
3120
3120
3119
3119
3117
3117
3117
3117
3117
3117
3116
3116
3116
3115
3115
3115
3115
3114
3114
3114
3114
3114
3113
3113
3113
3113
3113
3112
3111
3110
3110
3110
3110
3109
3109
3108
3108
3108
3108
3108
3108
3108
3108
3108
3108
3108
3107
3107
3107
3107
3107
3107
3106
3106
3105
3105
3104
3104
3104
3104
3104
3103
3103
3103
3102
3102
3102
3102
3101
3101
3101
3101
3101
3100
3100
3099
3098
3098
3098
3097
3097
3097
3096
3096
3096
3096
3096
3096
3096
3095
3094
3094
3093
3093
3093
3093
3093
3092
3092
3092
3091
3091
3091
3090
3090
3089
3089
3089
3089
3089
3089
3089
3089
3088
3088
3088
3087
3086
3086
3085
3085
3085
3085
3085
3084
3084
3084
3084
3083
3083
3083
3082
3082
3082
3082
3080
3080
3079
3079
3078
3077
3077
3077
3076
3076
3076
3075
3075
3075
3075
3074
3074
3072
3072
3072
3071
3071
3071
3071
3071
3071
3071
3071
3070
3070
3070
3069
3069
3069
3068
3068
3068
3067
3067
3066
3066
3066
3065
3065
3065
3064
3063
3063
3063
3062
3062
3062
3062
3062
3062
3061
3061
3061
3061
3061
3061
3061
3060
3060
3060
3060
3060
3059
3059
3058
3058
3058
3057
3057
3056
3056
3056
3056
3055
3055
3055
3054
3054
3054
3054
3054
3053
3053
3053
3052
3052
3051
3050
3050
3050
3049
3049
3049
3049
3048
3048
3048
3048
3047
3047
3047
3046
3046
3046
3046
3045
3045
3045
3045
3045
3045
3044
3044
3043
3043
3043
3043
3043
3042
3042
3042
3042
3042
3042
3041
3041
3041
3041
3041
3040
3040
3039
3039
3039
3039
3038
3038
3038
3038
3037
3037
3037
3035
3035
3034
3034
3034
3033
3033
3033
3033
3032
3032
3031
3031
3031
3031
3030
3030
3030
3029
3029
3029
3029
3029
3029
3028
3027
3027
3027
3027
3027
3027
3026
3026
3025
3024
3024
3024
3024
3023
3023
3023
3022
3022
3022
3022
3022
3021
3021
3021
3021
3020
3019
3019
3019
3018
3018
3018
3018
3017
3017
3017
3016
3016
3015
3014
3014
3013
3012
3012
3012
3012
3012
3011
3011
3011
3011
3011
3011
3010
3010
3010
3009
3009
3009
3007
3007
3007
3007
3007
3007
3006
3006
3006
3006
3006
3005
3005
3004
3004
3004
3004
3004
3003
3003
3003
3003
3002
3002
3002
3002
3002
3001
3001
3001
3001
3000
3000
