485214
281144
263798
160146
153605
151360
138280
125167
119444
92522
80124
76214
75132
71330
61814
60216
60033
56059
55215
55003
54861
51834
50655
48150
45765
44202
43403
42315
41729
41497
41270
41199
41131
40742
40527
38849
37136
36265
35350
34969
34453
34414
34349
33724
32042
31214
31213
30156
30151
29677
28921
28868
28332
28315
28237
28209
27637
27541
27407
27302
26521
26520
26189
26177
26084
25606
25068
24739
24605
24174
23497
23001
22914
22733
22622
21821
21810
21719
21615
21573
21557
21545
21445
21442
21442
21318
21266
21224
21218
20981
20717
20696
20654
20641
20600
20573
20222
20077
20000
19997
19957
19724
19695
19645
19547
19534
19520
19492
19104
19029
18830
18735
18693
18646
18636
18455
18300
18220
18198
18187
17937
17604
17604
17602
17441
17397
17224
17192
17134
17108
16931
16871
16614
16541
16345
16344
16317
16241
16164
16135
16106
16059
15955
15930
15916
15838
15784
15758
15728
15649
15619
15447
15444
15430
15319
15252
15177
15120
15070
15064
14921
14761
14677
14582
14557
14541
14518
14491
14364
14300
14292
14290
14287
14265
14255
14223
14217
14206
14177
14165
13891
13871
13867
13694
13619
13548
13394
13337
13333
13311
13309
13268
13292
13208
13173
13064
13058
13034
13032
12990
12950
12911
12901
12893
12891
12882
12835
12817
12790
12643
12572
12554
12467
12465
12461
12423
12401
12390
12386
12379
12366
12329
12329
12313
12281
12243
12236
12189
12154
12144
12144
12008
11995
11960
11917
11913
11879
11831
11805
11793
11790
11765
11763
11737
11736
11666
11652
11644
11529
11496
11469
11448
11370
11363
11348
11311
11301
11274
11271
11223
11151
11149
11143
11131
11119
11084
11052
11044
11008
10966
10944
10882
10862
10860
10827
10819
10753
10744
10732
10718
10704
10695
10675
10664
10658
10652
10638
10630
10599
10568
10529
10522
10517
10500
10494
10492
10431
10419
10402
10382
10367
10356
10350
10346
10327
10257
10231
10228
10224
10192
10173
10153
10114
10047
10047
10044
10032
10013
10006
9950
9947
9922
9897
9897
9881
9881
9745
9828
9771
9762
9746
9726
9720
9714
9637
9607
9599
9565
9549
9544
9532
9504
9494
9478
9477
9470
9459
9447
9447
9422
9397
9374
9365
9356
9321
9321
9308
9303
9296
9296
9296
9248
9228
9208
9189
9188
9187
9182
9167
9156
9121
9092
9090
9079
9074
9019
8962
8957
8952
8942
8897
8880
8862
8861
8848
8842
8839
8776
8760
8750
8724
8719
8715
8714
8676
8664
8654
8648
8647
8627
8619
8608
8600
8597
8582
8579
8576
8574
8562
8559
8545
8539
8528
8457
8455
8428
8410
8390
8368
8345
8312
8306
8300
8266
8254
8219
8199
8195
8182
8163
8114
8097
8089
8084
8083
8065
8044
8041
8037
8019
8008
8008
7999
7983
7977
7968
7957
7955
7912
7886
7886
7875
7873
7873
7850
7844
7833
7833
7828
7799
7771
7772
7769
7762
7760
7752
7747
7735
7729
7713
7699
7696
7690
7683
7681
7680
7656
7652
7650
7641
7634
7622
7616
7615
7614
7613
7608
7607
7606
7602
7591
7591
7589
7582
7564
7564
7562
7557
7541
7534
7505
7489
7474
7466
7457
7454
7438
7423
7421
7419
7391
7387
7378
7362
7357
7356
7354
7343
7343
7338
7329
7316
7295
7286
7277
7272
7271
7255
7252
7222
7212
7207
7204
7203
7195
7192
7191
7186
7182
7182
7180
7176
7173
7173
7172
7169
7168
7165
7161
7156
7155
7151
7144
7110
7092
7092
7089
7084
7080
7079
7059
7057
7045
7039
7023
7018
7012
7009
7007
7006
7005
7005
7004
6998
6997
6990
6982
6979
6979
6976
6973
6971
6970
6969
6982
6958
6952
6948
6944
6942
6937
6928
6919
6915
6902
6871
6871
6869
6868
6864
6851
6831
6828
6807
6761
6761
6759
6758
6753
6751
6742
6739
6738
6719
6718
6715
6714
6713
6708
6706
6695
6690
6681
6677
6666
6641
6629
6625
6623
6613
6610
6609
6607
6582
6582
6570
6569
6561
6537
6531
6530
6528
6527
6521
6512
6507
6505
6505
6502
6501
6487
6467
6465
6457
6454
6440
6438
6431
6428
6420
6406
6404
6398
6394
6387
6381
6376
6374
6366
6366
6364
6364
6354
6353
6349
6348
6344
6341
6337
6336
6346
6323
6314
6305
6304
6302
6298
6289
6282
6274
6273
6268
6267
6264
6264
6263
6260
6245
6243
6230
6229
6221
6216
6206
6204
6201
6197
6194
6190
6174
6159
6151
6147
6144
6132
6124
6119
6114
6107
6104
6100
6097
6086
6085
6084
6082
6081
6071
6071
6066
6056
6046
6040
6039
6028
6015
6015
6015
6013
6009
6007
6002
6007
5996
5976
5976
5973
5972
5970
5965
5957
5954
5950
5949
5947
5943
5942
5935
5929
5914
5912
5905
5899
5893
5882
5878
5877
5877
5876
5873
5863
5856
5851
5847
5845
5835
5831
5826
5825
5817
5814
5808
5806
5797
5797
5792
5792
5789
5767
5761
5753
5751
5748
5746
5740
5740
5737
5734
5730
5728
5726
5724
5717
5707
5700
5695
5694
5694
5691
5686
5681
5680
5678
5675
5673
5672
5670
5666
5657
5656
5654
5654
5653
5650
5649
5641
5640
5635
5625
5619
5605
5603
5600
5600
5595
5583
5580
5580
5568
5564
5555
5555
5551
5549
5548
5548
5545
5543
5540
5539
5537
5532
5532
5531
5529
5528
5524
5523
5517
5516
5516
5515
5505
5500
5499
5494
5491
5486
5486
5485
5484
5483
5482
5477
5477
5472
5469
5465
5464
5460
5457
5455
5455
5453
5451
5448
5413
5409
5408
5408
5403
5403
5398
5397
5395
5393
5393
5380
5375
5368
5358
5353
5350
5345
5334
5332
5331
5330
5325
5325
5322
5313
5312
5307
5306
5301
5295
5291
5290
5287
5285
5283
5280
5274
5273
5271
5266
5264
5262
5259
5255
5239
5239
5239
5237
5237
5236
5234
5233
5230
5227
5224
5224
5223
5221
5214
5208
5201
5192
5190
5188
5182
5181
5180
5143
5176
5174
5170
5169
5164
5164
5163
5162
5157
5157
5157
5157
5149
5149
5148
5144
5139
5138
5137
5135
5134
5131
5131
5128
5127
5120
5118
5115
5113
5112
5104
5102
5101
5101
5097
5096
5091
5088
5088
5087
5086
5085
5083
5082
5075
5071
5070
5066
5061
5060
5055
5055
5054
5048
5047
5042
5025
5021
5018
5017
5016
5013
5007
5004
5004
5003
4998
4996
4993
4990
4980
4979
4970
4969
4961
4960
4958
4957
4953
4949
4945
4944
4943
4942
4942
4939
4936
4936
4939
4932
4931
4928
4927
4924
4923
4921
4919
4916
4916
4911
4909
4906
4904
4901
4901
4901
4894
4893
4888
4887
4884
4884
4883
4881
4880
4876
4874
4866
4861
4860
4859
4856
4853
4848
4846
4844
4842
4842
4841
4835
4835
4830
4828
4828
4827
4823
4828
4818
4812
4812
4809
4804
4804
4802
4799
4793
4789
4785
4785
4782
4780
4777
4772
4771
4769
4763
4759
4758
4756
4752
4745
4744
4744
4743
4741
4741
4739
4721
4718
4715
4713
4712
4711
4711
4708
4708
4703
4701
4695
4694
4693
4692
4691
4689
4685
4685
4678
4673
4669
4665
4673
4665
4665
4661
4660
4660
4659
4656
4655
4652
4651
4646
4645
4644
4639
4637
4636
4632
4630
4628
4625
4624
4624
4624
4624
4623
4622
4618
4616
4616
4615
4613
4611
4608
4607
4603
4603
4603
4600
4599
4594
4593
4590
4582
4582
4578
4577
4576
4576
4576
4575
4573
4572
4570
4569
4565
4565
4563
4563
4559
4555
4552
4549
4545
4542
4542
4541
4535
4535
4535
4533
4529
4528
4520
4519
4517
4515
4513
4513
4510
4510
4509
4508
4507
4505
4502
4502
4501
4500
4499
4498
4497
4497
4495
4495
4491
4487
4477
4477
4474
4473
4473
4473
4476
4468
4467
4463
4462
4460
4457
4454
4454
4450
4447
4445
4442
4440
4430
4429
4428
4428
4428
4426
4424
4423
4421
4420
4416
4416
4414
4410
4410
4409
4408
4407
4406
4405
4404
4403
4398
4395
4393
4392
4391
4388
4385
4383
4382
4382
4380
4369
4368
4366
4366
4362
4360
4360
4357
4356
4348
4348
4348
4347
4339
4338
4334
4334
4333
4332
4328
4326
4326
4325
4325
4325
4323
4320
4318
4316
4315
4311
4311
4310
4307
4303
4301
4303
4230
4292
4291
4290
4290
4286
4286
4284
4283
4280
4279
4278
4276
4272
4271
4265
4259
4256
4256
4255
4251
4247
4244
4243
4239
4239
4239
4235
4234
4234
4231
4231
4228
4228
4224
4222
4221
4219
4219
4217
4217
4217
4216
4216
4211
4209
4208
4206
4204
4203
4203
4201
4198
4196
4194
4192
4191
4189
4189
4185
4182
4179
4179
4176
4176
4175
4175
4174
4167
4166
4166
4160
4158
4158
4157
4153
4151
4148
4146
4145
4141
4141
4140
4139
4135
4134
4133
4130
4130
4129
4127
4126
4126
4125
4123
4120
4120
4120
4118
4118
4117
4114
4113
4110
4110
4110
4108
4105
4105
4103
4102
4102
4099
4096
4096
4097
4089
4087
4087
4087
4087
4083
4083
4079
4079
4078
4078
4076
4072
4069
4069
4068
4067
4065
4065
4065
4062
4060
4057
4055
4052
4051
4051
4050
4048
4047
4045
4035
4033
4023
4022
4021
4019
4015
4013
4011
4009
4007
4005
4043
4002
4000
4000
4000
3998
3998
3991
3989
3988
3986
3986
3985
3984
3983
3983
3979
3977
3977
3976
3976
3975
3974
3970
3970
3964
3964
3964
3962
3961
3961
3961
3960
3958
3957
3956
3953
3949
3948
3948
3948
3946
3946
3946
3944
3940
3939
3935
3933
3930
3928
3928
3926
3926
3926
3922
3916
3915
3914
3912
3911
3910
3903
3902
3902
3901
3899
3898
3897
3897
3895
3891
3887
3885
3884
3882
3881
3879
3875
3875
3873
3873
3873
3869
3866
3864
3863
3862
3862
3861
3860
3860
3859
3859
3858
3857
3857
3857
3857
3855
3855
3855
3854
3851
3851
3850
3846
3845
3845
3844
3844
3842
3838
3837
3835
3834
3834
3833
3832
3831
3831
3829
3827
3827
3825
3825
3823
3823
3822
3818
3817
3816
3816
3813
3812
3810
3808
3806
3805
3805
3801
3801
3800
3796
3796
3795
3794
3793
3792
3791
3791
3791
3788
3787
3787
3786
3785
3785
3785
3784
3779
3779
3778
3778
3778
3778
3777
3777
3776
3775
3773
3771
3770
3770
3769
3766
3766
3765
3763
3762
3762
3761
3758
3757
3757
3754
3754
3754
3749
3744
3742
3739
3734
3733
3732
3731
3731
3730
3728
3725
3721
3720
3720
3720
3720
3720
3718
3715
3714
3713
3711
3710
3710
3708
3707
3705
3702
3700
3699
3697
3696
3695
3692
3691
3690
3689
3689
3688
3687
3686
3686
3685
3685
3683
3682
3682
3680
3679
3678
3678
3671
3669
3663
3661
3661
3660
3659
3658
3657
3657
3656
3655
3655
3654
3653
3651
3650
3649
3648
3645
3645
3645
3644
3644
3642
3637
3637
3635
3633
3633
3631
3631
3631
3630
3630
3629
3626
3625
3621
3620
3617
3616
3613
3612
3612
3611
3611
3611
3610
3609
3609
3608
3605
3605
3602
3602
3600
3599
3599
3597
3597
3596
3595
3591
3589
3587
3587
3587
3586
3586
3584
3583
3581
3581
3579
3579
3579
3577
3576
3576
3574
3574
3573
3572
3571
3570
3569
3568
3566
3566
3566
3565
3565
3563
3562
3560
3560
3560
3559
3558
3556
3555
3553
3552
3551
3547
3547
3543
3543
3542
3539
3538
3537
3536
3535
3534
3533
3531
3531
3530
3529
3529
3527
3523
3521
3521
3520
3520
3519
3518
3517
3514
3514
3513
3513
3511
3511
3510
3509
3509
3508
3508
3508
3506
3503
3500
3500
3499
3497
3497
3497
3494
3492
3491
3491
3490
3489
3484
3484
3483
3481
3480
3479
3477
3477
3477
3476
3476
3475
3474
3473
3472
3472
3471
3471
3471
3470
3470
3470
3467
3466
3466
3465
3465
3465
3463
3463
3462
3462
3462
3460
3460
3458
3456
3455
3453
3452
3449
3449
3448
3448
3447
3447
3446
3446
3445
3445
3445
3445
3443
3440
3440
3439
3439
3437
3437
3437
3434
3434
3432
3432
3430
3428
3427
3426
3425
3425
3424
3422
3422
3420
3419
3416
3434
3414
3414
3414
3412
3410
3408
3406
3406
3406
3404
3402
3401
3400
3398
3397
3397
3396
3392
3390
3390
3387
3386
3386
3495
3382
3381
3377
3377
3377
3375
3374
3374
3374
3373
3372
3371
3371
3371
3370
3369
3367
3366
3366
3366
3366
3364
3364
3364
3364
3362
3360
3359
3359
3357
3355
3355
3354
3353
3353
3352
3352
3351
3349
3348
3347
3346
3345
3345
3344
3343
3342
3338
3337
3336
3335
3333
3333
3330
3330
3330
3328
3328
3326
3325
3324
3323
3321
3320
3318
3317
3316
3316
3314
3314
3316
3311
3310
3310
3309
3309
3307
3306
3306
3306
3305
3304
3302
3302
3300
3300
3300
3300
3298
3297
3296
3295
3295
3295
3294
3294
3293
3293
3293
3291
3291
3289
3285
3285
3284
3283
3281
3281
3280
3278
3273
3272
3272
3271
3271
3270
3268
3268
3267
3266
3265
3264
3263
3263
3262
3262
3262
3259
3259
3257
3257
3257
3255
3254
3254
3254
3253
3252
3252
3251
3250
3250
3249
3249
3245
3244
3242
3242
3242
3242
3241
3241
3238
3236
3234
3232
3229
3229
3228
3223
3223
3223
3223
3223
3222
3220
3220
3219
3219
3219
3219
3218
3217
3216
3215
3215
3213
3212
3211
3211
3215
3207
3207
3206
3204
3203
3202
3201
3200
3199
3199
3199
3199
3198
3198
3198
3197
3196
3195
3194
3194
3194
3193
3192
3192
3191
3188
3188
3188
3186
3185
3184
3182
3182
3182
3182
3182
3181
3190
3180
3180
3180
3179
3179
3179
3178
3176
3174
3174
3171
3171
3171
3171
3169
3176
3163
3163
3163
3163
3163
3162
3161
3161
3161
3160
3160
3158
3158
3157
3157
3155
3155
3154
3153
3150
3150
3148
3148
3148
3148
3148
3145
3146
3143
3142
3141
3140
3139
3139
3137
3137
3136
3133
3133
3132
3132
3132
3132
3131
3130
3130
3128
3128
3128
3126
3124
3123
3122
3122
3121
3120
3120
3118
3118
3116
3115
3113
3113
3113
3109
3108
3108
3108
3107
3105
3104
3104
3103
3101
3100
3099
3099
3099
3098
3097
3096
3095
3093
3091
3090
3090
3090
3089
3088
3087
3087
3086
3085
3085
3084
3082
3081
3078
3077
3076
3075
3075
3074
3074
3072
3072
3072
3071
3071
3070
3069
3069
3069
3068
3068
3067
3067
3065
3061
3061
3061
3060
3059
3059
3059
3058
3058
3057
3056
3056
3056
3056
3055
3055
3055
3054
3054
3053
3053
3053
3053
3053
3053
3052
3052
3049
3048
3048
3046
3045
3045
3044
3044
3044
3044
3043
3042
3042
3040
3040
3040
3038
3038
3038
3038
3037
3037
3037
3036
3036
3035
3038
3032
3032
3031
3030
3030
3029
3029
3028
3027
3027
3026
3026
3025
3025
3024
3022
3021
3019
3019
3019
3019
3017
3012
3012
3012
3012
3011
3011
3010
3009
3008
3008
3008
3007
3006
3006
3005
3004
3004
3003
3001
3010
3001
3001
3000
