259044
248860
240719
225882
177268
171734
169874
169069
161286
152963
151992
144535
137489
136492
133040
128174
124002
119442
118176
116655
114750
114253
113717
113227
111447
109807
108296
108083
107614
107008
106425
106306
103426
102433
100747
100446
99507
97248
96473
95980
95484
94904
94511
93640
92120
91746
91715
90280
89393
88455
87672
85296
84639
84286
83862
83426
80702
79730
79472
79324
78563
77702
77518
74021
73699
71916
71857
71766
70293
70203
69997
69964
69070
67877
65135
64280
64019
63279
63241
63044
62946
62919
62701
61983
61646
61227
60416
60098
59879
59876
59667
59572
59348
59142
58854
58047
57732
57531
57354
57193
57098
56592
56378
56162
56128
55388
55277
54411
54210
53875
53813
53541
52961
52956
52944
52837
52698
51608
51014
50601
50401
49781
49625
48989
48343
48301
47710
47140
47013
46960
46915
46653
45890
45765
45759
45618
45247
45080
44939
44112
43914
43912
43548
43317
42845
42734
42603
42541
42422
42387
41848
41545
41484
41431
41399
41356
40936
40481
40287
40208
39912
39845
39689
39556
39332
39123
38878
38786
38680
38571
38536
38512
38369
38259
38162
38160
38144
38039
37898
37757
37636
37622
37380
37224
36866
36760
36680
36643
36606
36386
36380
36369
36359
36312
36232
36146
35982
35913
35855
35832
35579
35491
35461
35283
35265
35202
35134
35017
35009
34932
34712
34685
34403
34391
34262
34155
34116
34051
33882
33795
33631
33610
33107
32985
32949
32815
32723
32588
32558
32498
32363
32296
31842
31747
31410
31325
31308
31213
31185
31005
30923
30779
30676
30632
30626
30496
30447
30225
29934
29920
29866
29833
29766
29727
29694
29491
29441
29281
29191
29183
29178
29132
29057
28924
28673
28612
28525
28466
28351
28220
28165
28146
28132
28011
27902
27839
27433
27384
27370
27369
27345
27339
27319
27152
27150
27003
26972
26874
26845
26775
26757
26747
26731
26518
26448
26438
26414
26377
26361
26330
26297
26280
26251
26207
26169
26146
26047
25946
25885
25863
25824
25756
25749
25743
25665
25558
25551
25385
25306
25242
25215
25151
25015
24910
24855
24837
24826
24699
24595
24567
24556
24517
24470
24403
24341
24316
24296
24142
24086
24075
24012
23831
23823
23803
23779
23670
23639
23601
23589
23576
23567
23466
23436
23406
23363
23289
23284
23275
23158
23142
23134
23010
22973
22917
22903
22833
22776
22760
22704
22654
22570
22519
22369
22333
22320
22304
22303
22288
22140
22057
22051
21968
21955
21934
21890
21880
21874
21863
21775
21674
21619
21575
21545
21541
21500
21496
21419
21354
21341
21313
21306
21296
21296
21286
21278
21195
21146
21139
21137
21128
21123
21123
21080
21042
21029
21021
20984
20970
20966
20962
20756
20753
20668
20656
20623
20602
20566
20490
20453
20404
20385
20357
20356
20351
20345
20295
20238
20228
20179
20164
20161
20149
20095
20083
20029
19985
19979
19957
19947
19918
19912
19908
19906
19807
19731
19715
19709
19700
19668
19618
19594
19590
19579
19456
19428
19414
19406
19328
19302
19274
19260
19214
19212
19208
19204
19191
19185
19150
19141
19111
19098
19070
19014
18988
18914
18805
18804
18800
18790
18781
18776
18774
18758
18716
18715
18686
18684
18634
18620
18609
18607
18595
18581
18545
18544
18525
18492
18470
18455
18418
18404
18403
18377
18321
18321
18313
18301
18274
18258
18223
18173
18164
18161
18148
18148
18126
18102
18101
18080
18033
18027
18027
18016
17999
17985
17938
17864
17856
17838
17811
17801
17745
17744
17732
17731
17707
17655
17616
17611
17598
17561
17546
17542
17540
17530
17514
17503
17500
17463
17453
17451
17418
17401
17382
17355
17349
17340
17325
17312
17306
17293
17292
17270
17251
17249
17209
17196
17140
17112
17103
17087
17072
17072
17067
17049
17030
17029
17009
16994
16956
16929
16919
16910
16902
16882
16853
16851
16831
16822
16809
16765
16765
16737
16688
16684
16682
16677
16668
16666
16640
16505
16504
16484
16478
16466
16463
16442
16431
16430
16426
16388
16314
16302
16288
16283
16272
16267
16262
16262
16253
16241
16223
16218
16216
16214
16199
16196
16173
16155
16143
16138
16136
16125
16116
16105
16064
16045
16021
16001
15987
15984
15979
15966
15947
15911
15909
15900
15897
15881
15877
15861
15860
15856
15852
15840
15836
15814
15806
15772
15766
15759
15758
15734
15730
15695
15662
15652
15585
15580
15579
15569
15565
15556
15540
15535
15522
15507
15504
15499
15496
15486
15479
15453
15435
15426
15417
15411
15400
15399
15399
15380
15375
15353
15338
15337
15314
15307
15262
15225
15225
15218
15218
15215
15210
15171
15162
15150
15104
15044
15006
14951
14946
14945
14911
14902
14883
14882
14877
14862
14840
14774
14752
14752
14751
14746
14705
14652
14650
14628
14626
14585
14566
14556
14547
14544
14540
14504
14499
14479
14453
14435
14415
14411
14406
14386
14355
14348
14344
14342
14331
14291
14263
14246
14239
14235
14213
14211
14205
14195
14161
14156
14147
14121
14107
14094
14092
14081
14074
14064
14052
14037
14034
14005
13987
13980
13977
13929
13926
13866
13863
13854
13815
13811
13783
13773
13755
13725
13724
13721
13690
13681
13655
13641
13637
13635
13633
13619
13619
13598
13565
13563
13561
13551
13540
13502
13472
13450
13446
13445
13441
13425
13424
13422
13394
13375
13367
13312
13307
13305
13298
13282
13261
13256
13253
13241
13238
13236
13219
13219
13205
13202
13192
13186
13174
13128
13125
13116
13112
13111
13101
13099
13098
13076
13075
13067
13063
13053
13053
13045
13044
13039
13029
13006
13004
12990
12977
12965
12964
12963
12959
12942
12931
12924
12913
12903
12897
12883
12858
12856
12852
12829
12819
12816
12813
12811
12811
12810
12801
12800
12783
12776
12772
12748
12736
12721
12721
12717
12712
12711
12708
12695
12691
12686
12675
12672
12662
12658
12645
12637
12633
12627
12627
12619
12611
12607
12596
12591
12583
12576
12565
12561
12526
12517
12515
12514
12511
12505
12503
12500
12498
12496
12490
12463
12463
12459
12445
12445
12435
12432
12430
12422
12422
12416
12416
12402
12387
12362
12359
12359
12338
12327
12320
12319
12316
12314
12313
12307
12303
12301
12297
12297
12263
12260
12259
12257
12254
12253
12248
12244
12236
12233
12217
12202
12181
12171
12156
12152
12134
12132
12127
12121
12116
12113
12111
12098
12088
12085
12085
12075
12075
12065
12051
12049
12038
12032
12016
12015
12014
12007
12006
11984
11984
11982
11972
11963
11952
11950
11947
11930
11899
11894
11874
11844
11842
11819
11818
11813
11807
11803
11798
11795
11792
11785
11774
11771
11766
11755
11753
11745
11735
11734
11726
11722
11721
11721
11718
11716
11704
11704
11697
11661
11659
11653
11648
11646
11629
11623
11582
11579
11569
11565
11563
11553
11549
11545
11543
11537
11527
11521
11518
11509
11482
11480
11482
11473
11471
11467
11464
11463
11449
11448
11443
11440
11421
11419
11412
11408
11407
11406
11404
11398
11383
11380
11379
11375
11374
11372
11369
11359
11356
11335
11332
11328
11304
11303
11278
11265
11263
11258
11237
11234
11222
11214
11210
11210
11204
11199
11194
11191
11187
11186
11185
11158
11148
11136
11119
11106
11090
11054
11033
11027
11025
11015
11003
10997
10997
10996
10990
10987
10980
10976
10968
10952
10951
10945
10943
10937
10934
10926
10916
10906
10889
10863
10857
10838
10834
10829
10818
10800
10795
10795
10751
10741
10728
10712
10698
10692
10690
10674
10666
10664
10656
10655
10644
10642
10640
10638
10628
10625
10615
10612
10606
10604
10604
10601
10601
10595
10584
10578
10575
10568
10563
10559
10536
10527
10524
10512
10511
10510
10504
10502
10492
10486
10475
10471
10470
10470
10456
10454
10449
10438
10438
10432
10433
10426
10411
10410
10402
10395
10394
10393
10378
10367
10367
10362
10359
10345
10344
10343
10341
10334
10321
10316
10310
10308
10306
10304
10300
10291
10286
10275
10269
10234
10226
10226
10222
10215
10215
10202
10192
10191
10187
10186
10177
10170
10166
10163
10157
10157
10153
10153
10145
10144
10134
10128
10125
10125
10123
10121
10113
10112
10112
10109
10106
10105
10105
10101
10096
10091
10088
10087
10087
10086
10084
10083
10080
10070
10065
10057
10057
10041
10026
10018
10007
9995
9986
9986
9985
9984
9984
9980
9977
9972
9971
9971
9969
9967
9960
9945
9943
9942
9941
9932
9929
9926
9920
9911
9901
9895
9894
9886
9884
9883
9882
9881
9876
9871
9854
9845
9844
9837
9836
9834
9833
9829
9825
9818
9817
9808
9800
9799
9797
9791
9782
9779
9773
9772
9769
9768
9763
9759
9752
9751
9750
9749
9732
9730
9729
9727
9724
9717
9706
9704
9701
9684
9670
9661
9661
9646
9640
9638
9636
9635
9634
9631
9625
9624
9621
9615
9615
9612
9611
9607
9605
9604
9594
9592
9591
9590
9590
9589
9584
9577
9576
9576
9561
9556
9553
9553
9548
9547
9544
9540
9533
9523
9520
9515
9508
9507
9486
9485
9479
9474
9472
9470
9461
9460
9459
9457
9454
9453
9452
9450
9448
9439
9436
9436
9420
9418
9414
9410
9409
9404
9404
9394
9390
9388
9386
9383
9383
9379
9374
9374
9371
9367
9363
9362
9360
9353
9349
9342
9339
9337
9330
9330
9319
9317
9315
9315
9314
9312
9311
9300
9296
9292
9283
9277
9275
9274
9271
9267
9257
9255
9254
9253
9240
9238
9235
9231
9225
9225
9221
9210
9188
9180
9178
9177
9175
9170
9163
9156
9154
9151
9151
9144
9127
9109
9102
9101
9099
9099
9096
9090
9090
9085
9077
9069
9063
9062
9058
9053
9046
9039
9036
9035
9022
9019
9019
9015
9015
9013
9010
9006
9000
8997
8994
8994
8991
8991
8987
8980
8976
8975
8970
8964
8964
8960
8949
8946
8944
8942
8941
8935
8934
8934
8932
8928
8910
8909
8907
8902
8902
8894
8888
8871
8869
8869
8865
8863
8863
8862
8860
8856
8854
8849
8847
8843
8842
8825
8825
8823
8820
8816
8813
8803
8800
8797
8789
8787
8776
8775
8773
8773
8763
8761
8759
8759
8758
8755
8753
8752
8733
8725
8725
8720
8710
8709
8703
8686
8685
8682
8681
8680
8676
8675
8675
8675
8673
8673
8656
8655
8650
8650
8646
8638
8638
8632
8630
8629
8627
8624
8615
8607
8604
8595
8582
8576
8575
8572
8562
8558
8553
8551
8538
8537
8528
8515
8513
8510
8507
8497
8495
8493
8490
8484
8483
8481
8479
8477
8476
8470
8468
8466
8460
8451
8449
8434
8432
8429
8420
8418
8414
8414
8412
8403
8402
8400
8399
8391
8389
8387
8379
8373
8372
8368
8365
8363
8361
8361
8357
8356
8353
8349
8342
8334
8328
8327
8326
8319
8317
8315
8306
8302
8299
8292
8292
8288
8288
8286
8285
8283
8278
8277
8275
8268
8260
8258
8255
8253
8253
8251
8250
8248
8233
8232
8230
8225
8224
8222
8216
8214
8211
8206
8205
8202
8202
8193
8188
8185
8185
8180
8176
8175
8173
8168
8168
8160
8159
8158
8153
8150
8144
8140
8139
8137
8135
8133
8131
8130
8126
8123
8117
8114
8113
8112
8112
8109
8102
8101
8101
8101
8100
8098
8097
8090
8090
8088
8083
8073
8073
8070
8067
8056
8054
8054
8050
8050
8040
8040
8035
8035
8034
8032
8030
8025
8022
8021
8015
8011
8007
8006
8002
7999
7997
7997
7994
7991
7990
7983
7981
7979
7975
7974
7973
7971
7969
7965
7963
7963
7958
7956
7954
7954
7952
7949
7947
7943
7940
7937
7937
7930
7925
7925
7920
7918
7909
7909
7908
7908
7908
7905
7905
7905
7900
7900
7895
7889
7877
7877
7869
7868
7858
7854
7850
7849
7847
7846
7844
7842
7841
7839
7836
7835
7835
7834
7833
7833
7831
7830
7828
7826
7826
7821
7820
7820
7828
7813
7811
7811
7809
7808
7807
7807
7805
7804
7804
7803
7803
7807
7802
7801
7796
7796
7796
7795
7792
7792
7788
7787
7781
7777
7768
7768
7767
7760
7759
7754
7752
7745
7739
7732
7729
7729
7729
7729
7727
7725
7724
7723
7721
7717
7712
7711
7708
7708
7707
7706
7706
7703
7702
7695
7695
7693
7690
7690
7688
7687
7684
7684
7683
7673
7673
7669
7667
7665
7662
7662
7658
7657
7657
7656
7654
7654
7653
7648
7647
7646
7645
7643
7643
7642
7641
7637
7634
7633
7626
7622
7616
7613
7613
7605
7605
7598
7598
7593
7584
7584
7583
7582
7579
7569
7563
7561
7546
7544
7542
7540
7536
7534
7529
7526
7518
7518
7510
7505
7498
7497
7493
7491
7477
7477
7475
7469
7468
7468
7464
7464
7463
7462
7452
7448
7447
7446
7445
7444
7443
7438
7438
7427
7427
7423
7423
7419
7418
7416
7412
7411
7411
7411
7410
7410
7408
7407
7407
7406
7404
7400
7399
7397
7395
7394
7391
7389
7383
7380
7376
7374
7374
7373
7372
7369
7364
7363
7363
7359
7358
7358
7357
7356
7354
7352
7351
7351
7346
7346
7340
7340
7337
7336
7335
7335
7326
7321
7320
7319
7319
7318
7316
7316
7315
7313
7312
7311
7309
7309
7308
7300
7300
7300
7299
7296
7288
7286
7284
7284
7282
7281
7280
7278
7274
7273
7272
7270
7265
7264
7262
7261
7261
7258
7253
7253
7252
7245
7243
7241
7241
7239
7230
7227
7224
7224
7220
7218
7217
7215
7213
7212
7207
7207
7194
7186
7185
7183
7183
7175
7174
7172
7171
7171
7169
7168
7167
7167
7164
7163
7161
7159
7159
7157
7157
7156
7155
7152
7151
7149
7148
7144
7144
7143
7141
7137
7135
7135
7134
7134
7134
7131
7127
7125
7123
7114
7110
7109
7108
7108
7101
7101
7100
7093
7091
7083
7081
7078
7075
7074
7071
7071
7069
7068
7063
7059
7059
7057
7056
7056
7055
7054
7054
7050
7049
7048
7047
7046
7045
7044
7037
7034
7032
7028
7026
7025
7025
7023
7016
7016
7014
7013
7012
7012
7009
7004
7004
7003
7002
6998
6994
6991
6990
6988
6987
6986
6982
6977
6975
6973
6970
6961
6956
6943
6942
6939
6938
6934
6933
6927
6927
6918
6916
6916
6912
6906
6905
6899
6899
6897
6892
6888
6887
6881
6881
6879
6876
6872
6870
6869
6867
6867
6865
6865
6865
6860
6856
6848
6845
6844
6843
6840
6839
6835
6834
6831
6830
6829
6827
6825
6825
6833
6819
6819
6818
6817
6816
6812
6803
6801
6798
6797
6796
6794
6788
6785
6784
6783
6782
6781
6781
6776
6773
6773
6769
6768
6766
6766
6762
6756
6754
6752
6749
6749
6747
6747
6747
6743
6740
6740
6738
6735
6731
6731
6728
6727
6726
6725
6725
6725
6717
6716
6716
6713
6708
6701
6701
6700
6691
6689
6687
6685
6685
6684
6682
6682
6682
6681
6681
6678
6677
6676
6674
6671
6670
6667
6665
6660
6659
6658
6657
6656
6656
6654
6652
6649
6648
6644
6640
6639
6638
6637
6637
6635
6631
6631
6631
6627
6625
6623
6621
6621
6620
6619
6618
6614
6613
6612
6611
6611
6610
6610
6609
6608
6608
6607
6605
6604
6600
6597
6596
6596
6595
6595
6591
6590
6589
6584
6584
6582
6577
6576
6576
6573
6573
6570
6570
6569
6568
6563
6563
6561
6561
6558
6558
6556
6555
6555
6552
6551
6551
6549
6545
6544
6544
6543
6542
6539
6538
6537
6537
6535
6535
6534
6533
6533
6529
6527
6525
6525
6523
6515
6514
6513
6511
6510
6509
6509
6508
6506
6504
6504
6504
6503
6499
6498
6498
6496
6495
6494
6492
6491
6488
6485
6483
6483
6481
6480
6475
6472
6471
6471
6469
6466
6466
6463
6462
6471
6460
6457
6453
6453
6451
6450
6445
6445
6443
6442
6442
6440
6437
6437
6434
6433
6427
6426
6425
6422
6422
6418
6418
6414
6410
6410
6408
6408
6406
6402
6399
6398
6393
6393
6392
6392
6386
6386
6386
6381
6379
6377
6375
6373
6373
6370
6370
6368
6367
6365
6360
6359
6358
6357
6353
6351
6351
6347
6345
6344
6343
6343
6341
6341
6340
6340
6339
6338
6336
6336
6332
6332
6331
6328
6328
6326
6325
6325
6324
6322
6321
6317
6317
6322
6313
6312
6307
6301
6300
6300
6297
6293
6293
6292
6291
6291
6291
6289
6289
6282
6282
6281
6278
6277
6275
6274
6273
6273
6272
6270
6270
6270
6270
6266
6262
6259
6256
6254
6252
6251
6250
6250
6250
6249
6249
6246
6246
6246
6244
6243
6238
6236
6236
6235
6234
6232
6231
6231
6229
6228
6228
6225
6225
6224
6219
6219
6217
6215
6215
6213
6212
6208
6208
6207
6206
6204
6202
6197
6197
6193
6193
6192
6191
6191
6186
6185
6177
6177
6175
6173
6172
6170
6168
6167
6164
6163
6163
6162
6161
6161
6159
6155
6155
6153
6152
6150
6150
6148
6148
6146
6142
6136
6131
6125
6124
6121
6120
6119
6117
6114
6111
6111
6106
6105
6103
6102
6100
6099
6097
6096
6093
6091
6090
6083
6082
6081
6080
6079
6078
6077
6077
6076
6074
6074
6071
6068
6067
6063
6060
6058
6056
6051
6051
6049
6049
6046
6045
6041
6040
6040
6038
6037
6036
6035
6033
6033
6033
6030
6029
6028
6027
6025
6024
6022
6022
6015
6015
6015
6013
6012
6008
6007
6006
6005
6005
6005
6003
5999
5995
5995
5991
5989
5988
5987
5984
5982
5982
5982
5981
5981
5979
5978
5977
5977
5973
5973
5972
5971
5969
5969
5967
5965
5965
5960
5957
5956
5956
5954
5953
5953
5952
5950
5948
5948
5947
5946
5945
5942
5939
5938
5937
5937
5937
5936
5935
5934
5933
5932
5928
5927
5926
5923
5921
5920
5920
5917
5915
5915
5914
5912
5912
5910
5910
5908
5908
5907
5907
5907
5904
5901
5901
5900
5899
5897
5894
5894
5893
5893
5893
5892
5892
5891
5890
5890
5888
5888
5887
5887
5885
5884
5883
5883
5871
5867
5864
5864
5862
5861
5861
5858
5858
5857
5857
5855
5853
5853
5852
5846
5845
5843
5842
5842
5839
5838
5831
5829
5827
5827
5826
5821
5818
5817
5817
5816
5815
5812
5811
5810
5807
5805
5804
5804
5803
5802
5801
5801
5801
5801
5799
5797
5793
5789
5787
5786
5785
5784
5783
5782
5781
5781
5780
5779
5778
5776
5776
5776
5775
5775
5774
5773
5773
5772
5771
5771
5770
5768
5768
5767
5766
5764
5764
5764
5763
5761
5761
5760
5758
5755
5753
5751
5751
5747
5747
5742
5741
5741
5736
5736
5736
5735
5735
5735
5735
5734
5734
5732
5730
5729
5727
5726
5724
5723
5722
5719
5718
5718
5715
5715
5714
5711
5710
5710
5709
5709
5709
5706
5706
5702
5701
5701
5694
5694
5693
5691
5690
5689
5686
5685
5682
5678
5675
5673
5673
5667
5667
5664
5664
5663
5663
5661
5660
5658
5657
5656
5655
5655
5653
5652
5651
5650
5649
5647
5643
5640
5640
5640
5639
5637
5632
5630
5630
5628
5628
5628
5628
5625
5625
5624
5623
5622
5616
5620
5620
5619
5618
5618
5617
5616
5614
5613
5611
5610
5608
5606
5606
5606
5604
5600
5600
5600
5597
5597
5597
5595
5595
5586
5586
5584
5581
5578
5576
5576
5576
5575
5572
5572
5568
5564
5561
5557
5556
5554
5554
5553
5552
5551
5549
5547
5547
5547
5547
5547
5546
5546
5545
5545
5545
5544
5543
5542
5542
5540
5540
5540
5539
5538
5538
5538
5538
5535
5533
5532
5531
5531
5530
5528
5527
5526
5525
5524
5521
5519
5515
5513
5512
5511
5511
5511
5506
5505
5504
5504
5504
5502
5499
5497
5496
5495
5494
5492
5492
5490
5489
5488
5483
5482
5482
5481
5481
5478
5477
5474
5474
5474
5474
5472
5471
5471
5471
5470
5469
5469
5467
5467
5466
5465
5463
5463
5462
5461
5459
5458
5456
5456
5455
5455
5454
5454
5451
5450
5449
5448
5447
5445
5440
5436
5431
5430
5428
5427
5427
5425
5425
5425
5422
5420
5419
5419
5418
5417
5414
5413
5409
5409
5409
5406
5406
5403
5403
5401
5401
5399
5396
5394
5393
5393
5392
5388
5387
5387
5386
5383
5382
5382
5381
5380
5380
5380
5379
5378
5377
5375
5374
5373
5371
5370
5370
5368
5367
5367
5365
5365
5364
5359
5358
5358
5358
5356
5347
5347
5347
5345
5344
5342
5338
5336
5335
5332
5331
5331
5329
5328
5327
5325
5325
5325
5324
5322
5322
5319
5318
5318
5317
5316
5316
5315
5310
5308
5308
5307
5306
5306
5304
5302
5301
5301
5301
5300
5299
5299
5299
5299
5298
5294
5290
5289
5289
5288
5285
5285
5285
5284
5284
5283
5280
5279
5279
5277
5276
5273
5272
5270
5270
5270
5268
5268
5268
5266
5264
5261
5261
5261
5260
5257
5257
5255
5255
5254
5252
5247
5246
5246
5245
5245
5244
5243
5243
5241
5240
5240
5236
5236
5235
5235
5235
5234
5230
5230
5227
5227
5226
5225
5224
5223
5221
5220
5219
5219
5219
5216
5215
5222
5212
5212
5211
5211
5209
5209
5208
5206
5201
5201
5200
5199
5199
5198
5198
5198
5198
5198
5197
5196
5196
5194
5192
5190
5188
5186
5185
5183
5182
5182
5182
5182
5182
5178
5175
5174
5174
5172
5171
5171
5170
5168
5167
5166
5164
5164
5162
5161
5159
5157
5157
5152
5152
5150
5149
5149
5149
5148
5148
5146
5146
5145
5144
5141
5139
5138
5137
5136
5133
5133
5132
5129
5129
5126
5126
5125
5125
5124
5121
5119
5114
5112
5112
5111
5110
5107
5100
5100
5099
5098
5097
5097
5096
5096
5095
5095
5094
5093
5092
5091
5090
5089
5088
5088
5085
5084
5084
5084
5082
5081
5081
5080
5079
5074
5074
5071
5070
5070
5070
5070
5069
5068
5067
5064
5064
5064
5063
5062
5062
5061
5060
5059
5059
5057
5057
5056
5055
5055
5054
5053
5053
5053
5053
5050
5049
5048
5048
5047
5046
5045
5045
5040
5038
5037
5034
5034
5033
5026
5026
5026
5026
5025
5024
5023
5019
5019
5019
5018
5018
5017
5017
5016
5014
5013
5011
5009
5008
5008
5006
5006
5005
5003
5003
5002
5002
5001
5001
5001
5000
4998
4997
4995
4995
4993
4991
4990
4988
4987
4986
4985
4985
4978
4975
4974
4973
4972
4972
4972
4972
4970
4965
4962
4960
4957
4957
4956
4956
4956
4956
4954
4954
4953
4953
4952
4951
4951
4950
4949
4949
4949
4949
4948
4948
4948
4946
4944
4943
4943
4942
4941
4940
4940
4939
4937
4936
4936
4935
4935
4934
4932
4932
4930
4930
4928
4927
4926
4924
4924
4924
4924
4923
4923
4922
4919
4918
4918
4917
4917
4917
4916
4916
4914
4914
4914
4912
4908
4908
4907
4905
4904
4902
4902
4902
4901
4901
4901
4900
4899
4897
4896
4896
4896
4895
4895
4894
4894
4894
4894
4893
4893
4892
4892
4892
4890
4890
4889
4889
4888
4886
4881
4877
4876
4876
4875
4874
4873
4873
4872
4869
4867
4864
4864
4864
4863
4862
4860
4859
4858
4858
4857
4853
4853
4852
4852
4851
4848
4847
4846
4846
4846
4844
4843
4842
4841
4840
4839
4844
4838
4837
4837
4836
4835
4835
4834
4834
4833
4832
4831
4830
4829
4827
4827
4826
4826
4826
4825
4824
4819
4819
4817
4815
4814
4814
4814
4814
4812
4811
4810
4808
4807
4806
4806
4805
4805
4805
4805
4805
4804
4803
4801
4798
4797
4796
4794
4792
4791
4791
4791
4790
4789
4788
4788
4787
4787
4786
4785
4785
4784
4783
4783
4781
4779
4775
4772
4768
4767
4767
4766
4766
4765
4764
4761
4759
4758
4757
4756
4752
4750
4750
4749
4747
4745
4745
4745
4742
4741
4741
4740
4740
4740
4737
4737
4735
4735
4734
4734
4733
4733
4733
4731
4730
4730
4730
4729
4727
4727
4726
4725
4725
4723
4719
4718
4717
4716
4716
4715
4714
4713
4712
4712
4712
4710
4710
4710
4708
4706
4705
4705
4704
4703
4703
4702
4702
4702
4702
4700
4696
4696
4696
4695
4694
4694
4694
4690
4689
4688
4688
4686
4685
4685
4684
4683
4680
4680
4679
4679
4678
4677
4675
4673
4673
4672
4670
4670
4668
4668
4667
4666
4665
4659
4658
4656
4654
4652
4650
4649
4649
4648
4646
4646
4645
4645
4645
4644
4644
4643
4643
4643
4643
4639
4639
4639
4638
4638
4638
4638
4638
4637
4637
4636
4635
4634
4634
4632
4629
4629
4628
4627
4627
4626
4626
4626
4625
4625
4625
4624
4624
4621
4621
4620
4619
4619
4617
4617
4615
4615
4615
4614
4614
4613
4611
4610
4609
4608
4606
4606
4605
4604
4604
4603
4603
4602
4599
4599
4599
4599
4598
4598
4598
4596
4596
4595
4595
4594
4591
4591
4591
4589
4589
4588
4588
4586
4586
4585
4585
4585
4585
4584
4583
4581
4580
4579
4579
4579
4577
4576
4576
4574
4574
4573
4572
4571
4571
4571
4571
4571
4570
4568
4565
4565
4564
4563
4562
4562
4554
4550
4549
4549
4549
4546
4545
4544
4539
4539
4538
4538
4538
4536
4536
4535
4535
4535
4533
4532
4529
4525
4525
4524
4523
4523
4521
4520
4520
4519
4516
4514
4512
4512
4511
4510
4508
4508
4507
4505
4503
4503
4503
4502
4502
4500
4500
4500
4499
4498
4497
4496
4495
4494
4494
4491
4490
4490
4488
4487
4486
4485
4484
4484
4483
4481
4481
4481
4480
4480
4480
4480
4479
4479
4478
4477
4476
4475
4474
4473
4472
4472
4472
4471
4470
4470
4469
4468
4468
4467
4467
4466
4466
4465
4464
4462
4462
4460
4459
4458
4458
4457
4456
4456
4455
4455
4454
4454
4454
4453
4453
4452
4450
4449
4448
4448
4446
4445
4444
4443
4442
4441
4441
4439
4436
4435
4434
4433
4432
4429
4429
4427
4427
4425
4424
4424
4424
4424
4423
4423
4422
4421
4420
4419
4418
4418
4417
4417
4416
4415
4415
4413
4413
4412
4412
4412
4412
4411
4411
4411
4409
4408
4406
4406
4406
4405
4405
4404
4404
4403
4402
4401
4400
4400
4399
4398
4396
4396
4395
4395
4395
4392
4391
4390
4390
4390
4389
4389
4388
4387
4387
4387
4387
4386
4386
4385
4385
4383
4383
4382
4382
4382
4382
4381
4380
4378
4376
4376
4375
4375
4374
4373
4372
4372
4372
4371
4370
4370
4369
4368
4366
4365
4364
4363
4363
4363
4362
4362
4361
4360
4360
4359
4358
4358
4356
4355
4352
4352
4352
4347
4347
4346
4343
4343
4342
4342
4342
4342
4341
4341
4340
4339
4334
4332
4331
4331
4331
4330
4330
4329
4329
4329
4326
4325
4324
4323
4323
4322
4322
4321
4321
4320
4319
4318
4317
4316
4315
4314
4314
4312
4312
4312
4311
4310
4309
4308
4305
4305
4304
4303
4303
4302
4302
4302
4302
4300
4300
4300
4298
4297
4297
4295
4294
4293
4293
4293
4292
4290
4290
4289
4286
4286
4286
4285
4284
4284
4283
4283
4282
4282
4281
4281
4279
4277
4277
4276
4275
4271
4271
4270
4270
4268
4267
4267
4267
4266
4265
4265
4264
4263
4262
4261
4260
4260
4259
4259
4258
4257
4257
4256
4255
4255
4254
4251
4251
4250
4250
4250
4249
4248
4247
4247
4247
4245
4245
4243
4242
4239
4239
4238
4236
4236
4236
4234
4231
4231
4230
4229
4228
4228
4228
4228
4228
4227
4227
4225
4224
4290
4224
4223
4223
4223
4223
4222
4220
4220
4287
4218
4216
4216
4214
4213
4213
4213
4212
4211
4211
4209
4208
4208
4210
4206
4205
4204
4204
4204
4202
4202
4200
4198
4198
4197
4196
4194
4194
4193
4192
4190
4188
4187
4187
4186
4186
4186
4185
4185
4183
4183
4182
4181
4181
4180
4179
4179
4179
4178
4178
4176
4175
4175
4175
4173
4172
4170
4170
4169
4168
4168
4168
4167
4166
4165
4163
4163
4163
4162
4161
4160
4159
4158
4156
4156
4154
4153
4151
4150
4150
4149
4149
4149
4148
4148
4146
4145
4144
4144
4142
4138
4135
4134
4133
4133
4133
4132
4132
4132
4130
4130
4128
4127
4126
4126
4126
4124
4123
4122
4122
4121
4120
4116
4114
4114
4112
4111
4111
4109
4109
4109
4107
4107
4107
4107
4102
4102
4102
4101
4101
4100
4100
4099
4099
4099
4098
4097
4096
4095
4095
4094
4094
4094
4093
4093
4092
4092
4092
4091
4090
4090
4089
4088
4087
4087
4086
4084
4081
4080
4079
4079
4078
4078
4077
4076
4076
4075
4074
4073
4072
4071
4070
4070
4069
4069
4068
4068
4067
4067
4066
4066
4065
4064
4064
4063
4063
4063
4062
4062
4062
4062
4062
4061
4061
4061
4059
4058
4058
4057
4056
4054
4054
4053
4053
4051
4051
4051
4051
4050
4050
4047
4047
4046
4046
4045
4044
4044
4044
4042
4041
4041
4041
4040
4040
4039
4039
4039
4039
4038
4038
4036
4034
4034
4033
4033
4033
4033
4032
4032
4032
4029
4029
4028
4028
4025
4025
4024
4023
4021
4021
4020
4020
4020
4020
4020
4019
4019
4018
4017
4017
4017
4017
4016
4015
4015
4015
4014
4014
4013
4012
4012
4011
4011
4011
4010
4010
4010
4009
4009
4009
4008
4007
4006
4006
4003
4002
4002
4001
4001
3998
3998
3998
3998
3995
3995
3994
3994
3993
3993
3991
3991
3991
3990
3988
3986
3986
3985
3985
3985
3983
3983
3982
3982
3982
3981
3981
3979
3977
3977
3977
3976
3976
3974
3974
3972
3968
3968
3966
3965
3963
3962
3961
3960
3959
3959
3958
3957
3957
3956
3955
3955
3954
3954
3954
3953
3953
3952
3950
3949
3949
3948
3948
3948
3946
3945
3945
3945
3944
3944
3943
3942
3942
3942
3941
3941
3938
3938
3938
3938
3936
3935
3935
3935
3935
3935
3934
3934
3933
3933
3933
3931
3929
3929
3929
3928
3926
3925
3924
3924
3924
3923
3922
3921
3921
3921
3920
3920
3919
3918
3918
3916
3916
3913
3912
3911
3911
3911
3910
3910
3910
3909
3909
3908
3907
3907
3907
3906
3906
3906
3905
3905
3903
3903
3902
3902
3901
3900
3896
3895
3895
3894
3894
3894
3894
3893
3892
3892
3891
3891
3887
3886
3886
3886
3885
3885
3881
3881
3881
3879
3878
3878
3878
3877
3876
3876
3876
3873
3872
3872
3870
3869
3869
3869
3868
3868
3867
3867
3867
3865
3865
3864
3864
3862
3862
3861
3861
3861
3860
3859
3858
3857
3855
3855
3855
3855
3855
3854
3853
3853
3853
3852
3852
3851
3851
3850
3850
3850
3849
3849
3849
3849
3849
3849
3848
3847
3846
3846
3844
3844
3844
3844
3842
3842
3841
3841
3840
3840
3840
3840
3839
3838
3837
3837
3837
3836
3836
3834
3833
3833
3831
3831
3831
3829
3829
3829
3828
3828
3828
3826
3825
3825
3824
3824
3824
3823
3823
3823
3823
3823
3822
3821
3821
3820
3819
3818
3817
3815
3815
3815
3814
3813
3812
3811
3810
3810
3810
3808
3807
3806
3806
3806
3806
3806
3805
3805
3805
3804
3804
3804
3803
3802
3802
3802
3802
3802
3801
3801
3801
3800
3800
3800
3799
3798
3797
3796
3796
3794
3792
3792
3791
3790
3789
3789
3788
3786
3785
3785
3785
3784
3784
3784
3783
3783
3783
3782
3781
3779
3779
3778
3777
3777
3777
3776
3774
3774
3774
3774
3773
3771
3771
3767
3767
3766
3766
3765
3765
3765
3765
3765
3765
3764
3764
3763
3762
3760
3759
3759
3759
3758
3758
3758
3757
3757
3757
3756
3754
3754
3754
3753
3752
3751
3750
3750
3750
3750
3749
3749
3748
3746
3746
3746
3744
3744
3744
3743
3743
3743
3742
3742
3742
3742
3741
3741
3740
3740
3738
3738
3738
3737
3736
3735
3735
3735
3734
3734
3734
3732
3732
3732
3731
3730
3730
3729
3729
3728
3728
3728
3727
3727
3727
3725
3724
3724
3724
3724
3724
3723
3723
3723
3722
3722
3722
3722
3721
3720
3720
3719
3719
3719
3718
3718
3718
3714
3714
3714
3713
3713
3713
3713
3712
3711
3710
3710
3710
3709
3708
3708
3708
3706
3705
3703
3703
3703
3702
3701
3700
3699
3699
3699
3699
3699
3695
3695
3694
3693
3692
3692
3692
3692
3691
3691
3690
3690
3690
3689
3689
3688
3686
3686
3685
3684
3684
3683
3682
3682
3681
3681
3681
3681
3680
3679
3679
3678
3678
3678
3678
3678
3677
3677
3676
3676
3676
3675
3675
3674
3674
3674
3673
3673
3672
3672
3672
3672
3672
3672
3671
3670
3669
3668
3666
3666
3666
3664
3662
3662
3661
3661
3661
3660
3660
3660
3659
3659
3658
3657
3657
3656
3656
3656
3656
3655
3655
3655
3654
3654
3654
3653
3653
3653
3653
3653
3652
3652
3652
3652
3650
3649
3649
3648
3648
3648
3647
3646
3644
3643
3643
3643
3643
3642
3642
3642
3642
3641
3638
3638
3638
3637
3635
3635
3634
3633
3633
3633
3632
3631
3630
3629
3629
3629
3628
3628
3628
3628
3627
3627
3627
3627
3627
3626
3626
3624
3624
3624
3624
3623
3623
3622
3622
3622
3622
3621
3620
3620
3620
3620
3620
3619
3616
3615
3614
3614
3613
3613
3612
3612
3612
3612
3611
3610
3609
3608
3608
3607
3607
3607
3607
3606
3606
3605
3603
3599
3599
3599
3599
3599
3598
3598
3597
3596
3596
3596
3596
3595
3595
3594
3594
3593
3593
3593
3593
3592
3591
3590
3590
3590
3589
3589
3588
3588
3588
3587
3586
3586
3585
3585
3583
3581
3581
3581
3580
3579
3578
3578
3577
3577
3576
3575
3575
3574
3574
3573
3573
3572
3570
3569
3568
3567
3567
3566
3566
3565
3563
3563
3561
3560
3560
3559
3558
3558
3558
3557
3556
3556
3555
3554
3554
3552
3552
3551
3550
3549
3548
3548
3548
3547
3547
3547
3546
3545
3544
3543
3543
3542
3539
3539
3538
3538
3535
3535
3535
3535
3535
3535
3532
3532
3531
3531
3530
3529
3528
3528
3526
3525
3525
3525
3524
3523
3523
3523
3522
3522
3522
3521
3521
3521
3521
3520
3520
3519
3518
3518
3518
3518
3517
3516
3515
3514
3514
3513
3513
3512
3512
3510
3510
3509
3509
3509
3509
3508
3507
3506
3505
3504
3503
3503
3503
3503
3502
3502
3502
3501
3501
3501
3500
3500
3500
3498
3498
3497
3497
3497
3496
3495
3494
3494
3493
3493
3493
3493
3492
3492
3491
3491
3491
3490
3490
3490
3490
3490
3489
3488
3487
3486
3485
3484
3484
3483
3483
3483
3482
3482
3481
3481
3480
3479
3478
3477
3477
3475
3475
3475
3474
3474
3473
3473
3473
3473
3472
3471
3471
3471
3471
3471
3469
3469
3469
3469
3468
3468
3467
3467
3467
3465
3465
3464
3464
3464
3464
3463
3463
3463
3463
3463
3462
3462
3461
3461
3460
3460
3459
3458
3458
3456
3456
3455
3455
3455
3455
3454
3454
3453
3452
3452
3451
3451
3451
3451
3451
3450
3450
3450
3449
3449
3449
3449
3448
3448
3448
3448
3447
3446
3446
3446
3444
3444
3443
3441
3441
3441
3440
3440
3440
3439
3439
3438
3436
3436
3435
3435
3435
3433
3432
3431
3431
3430
3429
3429
3429
3428
3428
3428
3428
3427
3426
3426
3426
3426
3425
3425
3425
3425
3424
3424
3424
3423
3422
3422
3421
3421
3421
3421
3420
3418
3418
3417
3416
3416
3416
3416
3415
3415
3415
3414
3414
3414
3412
3411
3411
3411
3410
3410
3409
3409
3407
3407
3406
3406
3405
3405
3405
3403
3403
3402
3401
3401
3401
3400
3400
3400
3399
3399
3399
3399
3398
3398
3398
3397
3397
3396
3395
3395
3393
3393
3393
3392
3392
3389
3389
3388
3388
3387
3387
3386
3385
3384
3383
3382
3382
3381
3381
3381
3381
3380
3380
3379
3378
3378
3378
3377
3376
3375
3375
3373
3372
3372
3372
3372
3371
3371
3370
3370
3370
3369
3369
3368
3368
3366
3366
3366
3365
3364
3363
3363
3362
3362
3362
3362
3362
3362
3361
3361
3360
3360
3359
3359
3359
3359
3359
3359
3359
3358
3358
3357
3356
3355
3355
3355
3354
3354
3353
3353
3353
3352
3352
3352
3350
3350
3350
3350
3350
3349
3349
3349
3348
3348
3347
3347
3346
3346
3352
3345
3345
3345
3344
3343
3342
3341
3339
3338
3338
3338
3338
3338
3337
3335
3335
3334
3334
3333
3331
3331
3331
3330
3330
3330
3329
3329
3329
3328
3328
3328
3328
3327
3327
3327
3327
3326
3326
3326
3325
3324
3324
3324
3324
3323
3323
3323
3321
3321
3321
3320
3320
3319
3319
3317
3317
3317
3316
3315
3315
3315
3315
3314
3314
3314
3314
3314
3314
3314
3313
3313
3312
3312
3312
3312
3311
3311
3311
3311
3311
3311
3310
3310
3309
3309
3309
3308
3308
3308
3307
3307
3307
3306
3304
3303
3303
3303
3302
3302
3302
3302
3302
3302
3301
3301
3301
3301
3301
3301
3300
3300
3300
3300
3299
3299
3298
3297
3297
3297
3296
3295
3295
3295
3295
3295
3295
3294
3293
3293
3293
3293
3292
3290
3289
3289
3289
3288
3287
3287
3287
3287
3287
3286
3285
3285
3285
3285
3285
3284
3284
3284
3283
3283
3283
3283
3283
3282
3281
3281
3279
3279
3279
3279
3279
3278
3278
3278
3278
3277
3277
3277
3277
3277
3276
3276
3276
3276
3275
3275
3274
3274
3273
3273
3272
3272
3272
3272
3272
3271
3271
3270
3270
3270
3269
3269
3267
3266
3264
3264
3263
3263
3262
3262
3262
3262
3261
3261
3259
3259
3259
3259
3258
3257
3257
3257
3256
3256
3255
3254
3254
3254
3254
3254
3253
3252
3252
3251
3251
3251
3250
3249
3249
3249
3248
3248
3247
3247
3246
3245
3245
3244
3244
3244
3243
3243
3243
3243
3242
3241
3241
3240
3240
3240
3240
3239
3239
3239
3239
3239
3237
3237
3235
3235
3233
3233
3232
3231
3231
3231
3231
3231
3230
3230
3230
3228
3228
3228
3228
3228
3227
3226
3225
3224
3224
3223
3223
3221
3220
3220
3219
3219
3218
3218
3218
3217
3216
3216
3215
3215
3214
3214
3214
3213
3213
3212
3212
3211
3211
3210
3210
3210
3209
3209
3209
3208
3208
3208
3208
3207
3202
3207
3207
3206
3205
3205
3205
3205
3205
3205
3204
3204
3204
3204
3203
3202
3202
3200
3200
3199
3199
3199
3199
3198
3198
3197
3197
3196
3195
3195
3194
3194
3194
3194
3193
3193
3193
3192
3192
3191
3190
3189
3189
3189
3189
3189
3188
3188
3188
3187
3186
3186
3186
3185
3185
3184
3183
3183
3183
3183
3182
3182
3181
3180
3179
3179
3179
3179
3178
3178
3178
3178
3177
3174
3174
3174
3173
3172
3172
3172
3172
3172
3170
3170
3170
3169
3169
3168
3167
3167
3166
3166
3165
3165
3164
3163
3163
3162
3162
3162
3162
3160
3160
3160
3159
3159
3159
3158
3158
3158
3157
3157
3157
3156
3156
3156
3155
3155
3154
3154
3154
3153
3153
3153
3151
3151
3151
3150
3150
3150
3150
3149
3149
3148
3148
3148
3147
3147
3147
3146
3146
3144
3144
3142
3142
3142
3141
3140
3139
3138
3138
3137
3137
3136
3135
3135
3135
3134
3134
3134
3133
3133
3133
3133
3132
3132
3132
3132
3132
3131
3130
3129
3129
3127
3127
3127
3127
3126
3125
3125
3124
3123
3123
3122
3121
3121
3120
3120
3120
3119
3119
3119
3119
3119
3118
3118
3117
3116
3115
3115
3115
3115
3114
3113
3113
3111
3111
3111
3110
3110
3110
3109
3109
3108
3108
3108
3107
3107
3106
3106
3105
3105
3105
3104
3104
3104
3103
3103
3102
3102
3102
3101
3100
3100
3099
3099
3099
3098
3098
3097
3097
3097
3097
3097
3096
3096
3095
3094
3094
3094
3093
3093
3093
3092
3092
3092
3091
3091
3090
3089
3089
3088
3088
3087
3087
3087
3086
3086
3086
3086
3085
3084
3084
3083
3083
3082
3082
3082
3082
3081
3081
3081
3080
3080
3080
3079
3079
3079
3078
3078
3078
3077
3076
3076
3076
3075
3075
3074
3073
3073
3073
3073
3072
3072
3072
3072
3072
3071
3070
3070
3070
3069
3068
3068
3068
3068
3067
3067
3067
3067
3066
3066
3066
3066
3065
3064
3061
3061
3061
3060
3060
3058
3058
3058
3058
3058
3058
3058
3057
3057
3055
3054
3054
3053
3053
3052
3052
3052
3051
3050
3049
3049
3049
3048
3048
3047
3047
3047
3046
3046
3045
3045
3045
3044
3044
3044
3044
3043
3043
3042
3042
3040
3040
3040
3039
3039
3039
3039
3038
3038
3038
3038
3037
3037
3036
3036
3035
3035
3035
3035
3034
3032
3032
3031
3031
3030
3030
3029
3029
3028
3027
3027
3027
3027
3026
3026
3026
3025
3025
3024
3023
3028
3023
3023
3023
3022
3022
3021
3019
3018
3018
3017
3017
3017
3016
3015
3015
3015
3014
3014
3014
3014
3014
3014
3013
3013
3013
3012
3012
3011
3010
3009
3009
3009
3009
3009
3009
3009
3009
3008
3008
3008
3008
3008
3008
3007
3007
3007
3006
3006
3005
3005
3005
3005
3004
3002
3002
3001
3001
3001
3000
3000
3000
3000
