371395
355524
275896
253932
249712
248551
246845
246388
238909
237377
236837
227713
226020
224455
220718
219039
215968
214862
209797
209749
208129
198531
198363
196756
196370
195370
194316
189336
189159
188772
185747
184302
182544
178655
177339
176754
174032
172790
172721
171218
170432
169734
168480
168135
165779
165437
164241
158523
157760
157526
157232
156640
155702
154620
152732
151783
151548
151347
151123
150388
149525
149160
149160
148049
146142
146033
144873
141514
138002
137219
136561
136006
135345
135186
134987
134812
133574
133506
133273
132216
131122
130345
129318
129264
129031
128176
128048
125754
122176
122004
121354
120966
118558
118114
116905
116739
116107
114535
114353
114189
112760
112725
111435
111313
110888
110544
110151
109571
109233
108439
108363
108264
108175
107349
105911
105135
104382
104318
103899
103842
103561
103511
102966
102726
102016
101840
101806
101795
101328
100698
100094
99239
99165
98694
98558
98517
97934
96608
96422
96379
95247
95224
95107
94974
94582
94423
93875
93050
92408
92048
91517
91370
91105
89907
89097
88900
88406
88216
88170
88056
88039
87998
87919
87780
87681
87439
87429
87141
87069
87065
86998
86503
86419
86279
86220
86125
85403
85371
84428
84415
84110
84106
83887
83490
83401
82790
82587
82382
82216
82182
82110
81998
81967
81751
81686
81572
81429
81124
81053
81040
80563
80497
80408
80280
80202
79711
79632
79530
79064
79014
78861
78343
78296
78093
77970
77648
77174
77058
76832
76597
76420
75845
75763
75470
75348
75313
75162
73996
73987
73820
73775
73509
73278
73059
73015
72610
72460
72107
71903
71809
71665
71612
71579
71319
71133
71119
70974
70307
69720
69488
69419
69274
69129
69105
68918
68863
68813
68780
68289
68233
67682
67336
67015
66960
66901
66888
66453
66361
66119
65883
65812
65625
65311
64977
64912
64841
64760
64562
64446
64370
64069
63986
63900
63650
63479
63396
63257
63163
63081
62838
62817
62792
62683
62587
62114
62031
62019
61985
61917
61730
61691
61584
61507
61401
61389
61333
61315
61305
61282
61192
60991
60687
60666
60658
60198
60005
59827
59486
59479
59445
59312
59168
59137
59034
58905
58809
58463
58363
58133
57984
57982
57954
57886
57838
57819
57670
57661
57618
57328
57187
56987
56959
56928
56652
56539
56275
56099
56007
55965
55960
55839
55794
55675
55222
55006
54973
54866
54830
54776
54750
54298
54197
54154
54020
53865
53855
53684
53630
53508
53391
53368
53256
53208
53138
53121
53119
53112
52935
52894
52791
52691
52604
52587
52572
52537
52488
52412
52363
52274
52156
52097
52087
52068
52030
51991
51941
51716
51596
51528
51470
51299
51093
51068
51063
51024
50994
50933
50836
50522
50501
50431
50427
50313
50305
50254
50035
50028
50012
49919
49808
49581
49497
49469
49343
49328
49314
49161
49091
49058
48952
48923
48845
48745
48655
48585
48375
48322
48284
48260
48211
48208
48202
48139
48126
47957
47950
47861
47717
47673
47513
47430
47411
47394
47265
47246
47203
46905
46873
46706
46622
46619
46544
46497
46434
46353
46318
46169
45992
45985
45838
45835
45829
45750
45660
45505
45403
45387
45363
45319
45202
45171
45160
45155
45088
45070
45028
45010
44968
44959
44880
44863
44842
44793
44580
44561
44417
44334
44276
44225
44225
44178
44156
44074
44065
44037
44003
43995
43992
43897
43882
43810
43791
43783
43736
43734
43665
43566
43505
43400
43370
43322
43284
43276
43221
43057
43009
42892
42838
42725
42715
42686
42671
42606
42542
42459
42440
42435
42324
42234
42233
42218
42157
41973
41927
41812
41553
41515
41395
41253
40981
40903
40720
40720
40654
40638
40566
40492
40460
40397
40393
40365
40351
40224
40209
40070
40055
40001
39985
39962
39876
39865
39835
39785
39780
39735
39732
39545
39521
39508
39463
39430
39413
39357
39352
39328
39328
39324
39246
39202
39191
39166
39161
39083
39060
39028
38948
38867
38857
38808
38794
38769
38600
38567
38567
38542
38538
38496
38447
38404
38319
38189
38137
38112
38067
38049
38039
38026
37989
37920
37909
37856
37848
37813
37763
37716
37696
37654
37613
37588
37583
37560
37460
37403
37376
37333
37154
37146
37039
37038
36965
36947
36890
36872
36735
36712
36698
36504
36467
36386
36344
36292
36265
36116
36116
36091
36045
36032
35851
35833
35818
35801
35774
35757
35652
35636
35620
35602
35534
35465
35432
35421
35410
35396
35384
35345
35336
35336
35336
35112
35079
35000
34990
34974
34966
34889
34880
34838
34813
34771
34636
34602
34514
34426
34414
34391
34385
34310
34244
34219
34103
34081
34050
34049
34037
34035
34034
34031
33989
33960
33944
33916
33908
33891
33886
33849
33834
33824
33806
33793
33751
33735
33670
33651
33585
33530
33514
33420
33344
33284
33256
33236
33219
33168
33138
33076
33071
32937
32931
32912
32910
32909
32900
32874
32823
32792
32760
32754
32747
32704
32690
32518
32490
32483
32350
32348
32309
32301
32278
32193
32170
32150
32049
31978
31911
31905
31904
31898
31896
31848
31791
31741
31724
31712
31711
31685
31623
31616
31574
31528
31459
31442
31430
31403
31360
31266
31266
31216
31160
31126
31056
31018
30997
30961
30960
30893
30885
30834
30703
30662
30622
30590
30536
30446
30398
30344
30318
30253
30185
30150
30129
30097
30085
30059
30036
30027
30009
29979
29977
29976
29883
29848
29829
29805
29721
29711
29640
29626
29624
29604
29568
29550
29528
29509
29489
29482
29481
29476
29450
29430
29428
29387
29335
29308
29241
29230
29218
29216
29153
29142
29035
29017
28947
28838
28813
28752
28721
28644
28532
28468
28410
28409
28373
28354
28343
28343
28305
28294
28294
28287
28262
28251
28219
28205
28180
28094
28085
28065
28033
27987
27987
27978
27976
27908
27903
27881
27846
27835
27802
27776
27649
27640
27571
27553
27483
27376
27348
27343
27181
27137
27137
27109
27101
27097
27034
26993
26959
26902
26876
26861
26793
26730
26711
26707
26681
26661
26660
26653
26580
26571
26559
26472
26458
26406
26371
26345
26261
26214
26210
26199
26191
26186
26160
26064
26052
25951
25932
25828
25814
25797
25644
25638
25612
25596
25525
25450
25403
25385
25302
25299
25275
25262
25241
25237
25230
25226
25204
25196
25102
24988
24981
24944
24928
24903
24869
24868
24865
24858
24815
24788
24786
24772
24738
24724
24693
24679
24653
24606
24508
24503
24500
24464
24446
24383
24366
24352
24270
24249
24216
24191
24177
24124
24104
24093
24038
24021
23964
23948
23886
23871
23860
23836
23814
23810
23793
23789
23778
23764
23759
23711
23707
23686
23670
23635
23621
23620
23597
23581
23521
23513
23490
23480
23407
23378
23369
23311
23292
23282
23243
23221
23176
23139
23111
23108
23094
23089
22973
22952
22939
22935
22899
22864
22861
22838
22822
22772
22771
22736
22698
22667
22647
22644
22611
22603
22588
22588
22577
22561
22541
22498
22479
22475
22412
22397
22389
22383
22339
22329
22325
22321
22305
22303
22284
22278
22237
22227
22181
22142
22127
22107
22092
22075
22068
22065
22031
21960
21935
21929
21925
21905
21904
21878
21867
21860
21855
21850
21844
21802
21801
21766
21758
21757
21716
21694
21688
21664
21648
21646
21622
21602
21546
21543
21512
21481
21479
21460
21453
21385
21366
21363
21352
21310
21305
21299
21290
21268
21254
21188
21176
21173
21169
21145
21144
21101
21097
21062
21028
21001
20975
20951
20933
20918
20914
20908
20871
20816
20814
20802
20781
20727
20708
20707
20693
20689
20663
20656
20650
20625
20616
20610
20604
20575
20569
20565
20558
20541
20533
20513
20504
20502
20495
20473
20469
20462
20452
20452
20428
20425
20376
20366
20365
20353
20340
20297
20248
20242
20212
20207
20192
20187
20132
20131
20114
20107
20102
20098
20084
20036
20036
20035
20009
20001
19997
19973
19970
19966
19953
19952
19937
19923
19859
19836
19808
19806
19779
19772
19730
19730
19689
19685
19668
19627
19624
19604
19590
19579
19577
19552
19496
19419
19390
19382
19362
19285
19283
19283
19274
19270
19236
19228
19227
19225
19198
19180
19178
19169
19147
19054
19048
19019
19018
19003
18985
18968
18964
18958
18945
18945
18945
18939
18935
18933
18931
18929
18922
18879
18868
18858
18848
18834
18825
18819
18805
18799
18750
18749
18730
18703
18701
18698
18673
18621
18606
18601
18580
18517
18467
18456
18447
18408
18403
18397
18392
18389
18387
18336
18334
18324
18315
18298
18278
18253
18246
18240
18237
18232
18194
18189
18169
18162
18137
18108
18105
18091
18075
18068
18046
18033
18003
17962
17952
17946
17926
17913
17913
17913
17891
17883
17876
17864
17828
17807
17799
17779
17749
17742
17726
17713
17711
17708
17666
17635
17616
17612
17610
17607
17607
17585
17535
17519
17507
17503
17503
17495
17492
17491
17479
17466
17461
17443
17424
17419
17416
17370
17363
17361
17338
17328
17320
17317
17314
17302
17276
17274
17235
17229
17208
17194
17190
17147
17145
17139
17115
17080
17074
17063
17056
17033
16989
16972
16965
16950
16946
16945
16943
16938
16927
16913
16900
16871
16867
16862
16861
16841
16811
16799
16796
16776
16763
16757
16748
16743
16738
16679
16671
16645
16641
16623
16618
16617
16597
16594
16585
16569
16562
16553
16551
16529
16518
16500
16498
16492
16483
16466
16457
16453
16442
16441
16375
16371
16369
16362
16361
16325
16314
16304
16302
16302
16278
16259
16256
16239
16228
16223
16182
16181
16175
16175
16164
16159
16158
16158
16138
16134
16093
16015
16009
16005
15987
15980
15978
15962
15959
15956
15947
15944
15927
15915
15914
15912
15909
15905
15893
15881
15869
15854
15838
15803
15789
15788
15775
15769
15754
15742
15734
15723
15713
15713
15709
15681
15681
15678
15676
15674
15638
15627
15623
15614
15612
15607
15561
15555
15550
15541
15537
15535
15532
15529
15497
15492
15486
15477
15466
15465
15462
15447
15447
15379
15358
15336
15330
15329
15327
15319
15317
15310
15307
15300
15291
15249
15224
15218
15216
15193
15187
15185
15176
15166
15161
15157
15132
15131
15130
15130
15126
15122
15119
15100
15098
15092
15090
15087
15083
15082
15048
15039
15032
15018
15006
14943
14933
14931
14926
14923
14918
14916
14907
14907
14863
14863
14862
14862
14860
14846
14837
14804
14800
14775
14756
14742
14722
14721
14713
14702
14700
14695
14688
14664
14664
14657
14646
14621
14604
14592
14588
14579
14573
14547
14543
14527
14523
14521
14514
14511
14506
14359
14466
14463
14435
14427
14423
14419
14398
14395
14393
14382
14370
14341
14320
14307
14270
14253
14249
14248
14239
14220
14216
14212
14212
14204
14197
14166
14152
14148
14121
14077
14070
14061
14036
13992
13981
13975
13958
13944
13940
13928
13920
13915
13914
13911
13895
13879
13868
13858
13856
13855
13848
13841
13838
13837
13833
13825
13801
13801
13792
13787
13786
13779
13769
13765
13749
13739
13734
13717
13713
13710
13700
13673
13657
13637
13635
13635
13635
13617
13602
13589
13586
13585
13545
13543
13531
13510
13494
13493
13488
13466
13461
13452
13444
13437
13435
13422
13415
13413
13402
13400
13390
13375
13365
13361
13358
13352
13345
13342
13339
13324
13289
13270
13258
13255
13245
13240
13239
13232
13211
13175
13171
13168
13158
13123
13114
13111
13107
13105
13104
13097
13089
13079
13064
13054
13043
13033
13026
12999
12989
12980
12975
12925
12915
12910
12907
12878
12876
12872
12862
12854
12849
12847
12838
12830
12829
12816
12811
12806
12806
12805
12804
12789
12789
12784
12783
12782
12782
12766
12765
12757
12733
12719
12706
12703
12697
12691
12687
12676
12676
12672
12657
12646
12643
12635
12623
12622
12618
12605
12591
12572
12570
12555
12539
12529
12528
12505
12503
12500
12488
12486
12476
12460
12455
12446
12416
12416
12413
12412
12396
12385
12355
12351
12318
12317
12291
12290
12283
12277
12264
12254
12246
12239
12225
12220
12210
12204
12202
12177
12170
12169
12159
12152
12148
12139
12138
12136
12120
12119
12119
12102
12095
12093
12089
12073
12068
12053
12048
12041
12023
12009
12005
12002
11996
11980
11975
11973
11968
11965
11954
11930
11929
11921
11920
11892
11888
11862
11852
11851
11849
11847
11839
11831
11828
11821
11820
11819
11812
11810
11808
11801
11799
11785
11752
11739
11732
11729
11714
11713
11705
11702
11696
11671
11665
11662
11658
11657
11654
11646
11639
11635
11633
11630
11625
11620
11618
11617
11613
11607
11595
11580
11567
11563
11559
11554
11551
11551
11545
11537
11537
11529
11525
11519
11511
11500
11492
11481
11477
11473
11466
11461
11422
11420
11412
11400
11395
11393
11390
11375
11363
11360
11342
11342
11337
11333
11329
11327
11327
11324
11315
11314
11307
11298
11291
11291
11284
11250
11246
11242
11241
11237
11235
11226
11225
11223
11223
11211
11204
11200
11186
11176
11161
11148
11144
11142
11139
11126
11119
11110
11106
11106
11105
11096
11084
11081
11081
11077
11077
11077
11075
11065
11065
11054
11052
11050
11045
11035
11030
11025
11021
11016
11010
11007
10992
10978
10974
10967
10961
10955
10950
10942
10940
10938
10919
10914
10913
10912
10910
10909
10906
10904
10868
10865
10860
10853
10842
10838
10837
10836
10823
10809
10804
10802
10796
10782
10782
10781
10776
10772
10772
10765
10759
10759
10757
10753
10748
10736
10736
10733
10731
10707
10706
10706
10706
10703
10693
10687
10685
10665
10664
10659
10657
10643
10640
10630
10629
10627
10619
10607
10601
10599
10589
10578
10577
10570
10558
10556
10549
10546
10542
10428
10526
10526
10512
10505
10491
10482
10471
10452
10452
10444
10432
10427
10426
10424
10411
10410
10404
10400
10399
10393
10389
10388
10387
10382
10342
10328
10328
10324
10320
10309
10308
10304
10301
10299
10291
10287
10282
10276
10275
10259
10258
10251
10246
10229
10217
10212
10210
10209
10208
10204
10202
10201
10193
10193
10190
10182
10175
10172
10172
10170
10166
10145
10144
10144
10143
10139
10135
10124
10118
10116
10111
10104
10103
10097
10088
10085
10085
10079
10076
10067
10066
10060
10059
10058
10058
10054
10050
10050
10048
10047
10040
10032
10024
10024
10020
10015
10015
10012
10010
10005
9998
9996
9992
9988
9972
9970
9965
9961
9954
9945
9939
9929
9929
9927
9908
9901
9889
9885
9884
9879
9878
9878
9876
9868
9865
9865
9864
9850
9849
9849
9845
9840
9835
9834
9832
9831
9830
9828
9827
9816
9811
9808
9804
9804
9803
9800
9795
9788
9783
9780
9758
9751
9741
9734
9728
9724
9722
9720
9716
9703
9689
9687
9682
9681
9679
9676
9675
9671
9668
9667
9667
9664
9660
9650
9648
9643
9642
9637
9633
9633
9629
9624
9621
9612
9609
9607
9605
9605
9592
9591
9586
9576
9573
9572
9560
9559
9555
9552
9546
9546
9546
9544
9538
9535
9534
9532
9512
9512
9508
9495
9487
9487
9486
9485
9483
9473
9461
9453
9452
9440
9438
9434
9430
9421
9418
9412
9406
9402
9393
9389
9382
9380
9378
9376
9373
9372
9356
9355
9354
9350
9350
9347
9344
9340
9329
9328
9321
9319
9316
9315
9307
9303
9298
9297
9288
9284
9281
9278
9274
9270
9265
9260
9253
9253
9243
9242
9228
9218
9212
9210
9208
9208
9206
9204
9202
9201
9197
9186
9183
9181
9180
9179
9179
9177
9171
9169
9167
9167
9164
9156
9155
9152
9150
9149
9141
9135
9133
9130
9127
9126
9118
9113
9103
9101
9083
9067
9066
9061
9056
9054
9049
9046
9045
9045
9043
9043
9042
9041
9037
9027
9026
9026
9024
9019
9018
9018
9017
9016
9011
9010
9008
9006
9000
8992
8992
8990
8987
8985
8978
8977
8975
8971
8970
8968
8968
8965
8955
8949
8940
8939
8937
8934
8934
8933
8931
8927
8919
8907
8906
8901
8901
8899
8897
8896
8895
8892
8890
8888
8887
8866
8865
8862
8860
8859
8849
8848
8847
8846
8828
8817
8812
8812
8802
8794
8791
8790
8785
8784
8765
8759
8750
8749
8748
8744
8743
8734
8731
8728
8726
8719
8716
8706
8704
8691
8691
8689
8687
8687
8678
8677
8676
8669
8668
8667
8664
8660
8657
8654
8639
8633
8627
8614
8614
8606
8605
8605
8604
8602
8600
8593
8591
8591
8590
8589
8583
8578
8574
8571
8567
8567
8554
8552
8548
8547
8545
8541
8537
8533
8529
8527
8523
8521
8515
8512
8512
8508
8501
8501
8480
8478
8473
8467
8460
8457
8444
8440
8439
8436
8434
8431
8428
8422
8419
8416
8402
8401
8393
8389
8383
8377
8373
8373
8368
8366
8358
8356
8351
8351
8348
8339
8334
8326
8322
8307
8304
8303
8303
8302
8301
8292
8289
8288
8279
8279
8277
8276
8272
8271
8270
8268
8266
8262
8262
8261
8258
8258
8257
8254
8254
8247
8245
8244
8230
8226
8225
8223
8223
8221
8211
8208
8200
8199
8175
8174
8173
8164
8147
8146
8136
8132
8129
8129
8129
8128
8127
8119
8118
8111
8101
8100
8099
8096
8094
8093
8088
8072
8072
8070
8058
8047
8046
8042
8041
8037
8029
8028
8026
8025
8024
8014
8012
8011
8005
7998
7998
7993
7979
7976
7971
7968
7961
7960
7959
7959
7952
7952
7951
7951
7949
7948
7946
7935
7928
7917
7916
7914
7914
7912
7912
7909
7904
7904
7894
7888
7887
7880
7880
7878
7876
7872
7863
7861
7860
7859
7858
7857
7855
7854
7853
7853
7851
7851
7849
7844
7838
7823
7820
7817
7808
7807
7796
7796
7796
7789
7787
7785
7783
7782
7778
7777
7775
7771
7768
7767
7766
7757
7756
7753
7752
7751
7747
7746
7745
7744
7743
7739
7735
7735
7725
7719
7717
7715
7714
7712
7709
7702
7699
7697
7697
7693
7690
7689
7688
7685
7682
7681
7680
7678
7677
7676
7675
7670
7667
7666
7663
7662
7661
7661
7659
7656
7654
7649
7647
7646
7645
7643
7643
7643
7642
7640
7637
7633
7630
7629
7627
7623
7621
7620
7618
7617
7616
7616
7615
7615
7610
7607
7603
7603
7590
7584
7580
7571
7565
7565
7562
7559
7554
7553
7545
7534
7533
7530
7528
7527
7526
7525
7524
7520
7517
7515
7514
7513
7511
7503
7498
7494
7483
7476
7471
7464
7463
7462
7459
7458
7457
7457
7455
7452
7451
7442
7440
7438
7437
7437
7436
7435
7427
7426
7426
7423
7418
7416
7416
7413
7413
7411
7410
7409
7405
7403
7402
7390
7389
7387
7381
7379
7379
7379
7377
7377
7369
7355
7353
7352
7352
7349
7346
7345
7344
7343
7341
7340
7333
7328
7325
7324
7322
7320
7318
7314
7314
7312
7311
7310
7310
7309
7301
7297
7293
7292
7292
7287
7286
7277
7277
7277
7273
7272
7270
7269
7269
7268
7266
7260
7260
7259
7256
7253
7249
7242
7241
7241
7240
7238
7237
7235
7232
7232
7231
7229
7221
7219
7215
7215
7211
7210
7208
7206
7204
7200
7201
7196
7190
7186
7180
7178
7175
7173
7171
7167
7160
7158
7156
7153
7152
7147
7144
7142
7140
7137
7137
7135
7134
7133
7129
7128
7127
7127
7124
7123
7116
7114
7114
7113
7099
7092
7090
7090
7089
7088
7084
7084
7084
7076
7073
7067
7062
7062
7059
7057
7055
7054
7053
7050
7049
7047
7045
7041
7038
7037
7035
7034
7032
7025
7024
7024
7023
7023
7017
7016
7016
7014
7013
7012
7002
7000
6998
6996
6996
6988
6988
6985
6985
6983
6980
6980
6976
6968
6965
6958
6959
6955
6953
6953
6948
6948
6947
6945
6941
6937
6937
6936
6931
6918
6917
6914
6913
6911
6903
6902
6894
6894
6892
6889
6889
6886
6886
6885
6881
6881
6880
6880
6876
6876
6868
6868
6868
6866
6866
6865
6864
6859
6850
6850
6847
6846
6845
6842
6841
6837
6833
6830
6821
6815
6813
6808
6806
6806
6804
6798
6797
6793
6793
6788
6783
6782
6780
6775
6774
6773
6773
6772
6769
6766
6765
6765
6759
6753
6753
6748
6746
6746
6739
6737
6730
6730
6727
6725
6725
6723
6720
6718
6710
6707
6702
6702
6699
6699
6694
6692
6691
6687
6687
6684
6683
6682
6680
6678
6677
6673
6672
6671
6670
6670
6666
6664
6662
6659
6659
6657
6657
6657
6656
6655
6655
6652
6649
6645
6645
6643
6643
6640
6640
6638
6636
6633
6631
6631
6630
6627
6625
6621
6619
6618
6618
6616
6616
6614
6613
6616
6610
6600
6599
6598
6592
6592
6587
6587
6586
6584
6584
6583
6582
6579
6578
6577
6576
6575
6568
6567
6566
6565
6562
6562
6561
6560
6559
6558
6557
6556
6546
6546
6545
6544
6544
6544
6536
6536
6532
6530
6530
6529
6526
6524
6523
6519
6518
6517
6516
6514
6513
6511
6508
6507
6505
6504
6503
6498
6496
6494
6493
6492
6491
6495
6489
6489
6484
6482
6481
6480
6478
6477
6475
6468
6468
6462
6461
6458
6456
6456
6451
6447
6447
6441
6440
6439
6438
6437
6436
6433
6429
6427
6426
6422
6418
6414
6414
6411
6410
6407
6404
6402
6398
6398
6397
6395
6395
6394
6394
6393
6393
6388
6384
6381
6381
6378
6370
6368
6366
6363
6362
6360
6360
6358
6356
6351
6349
6349
6347
6346
6346
6343
6341
6339
6334
6332
6326
6324
6322
6322
6320
6319
6317
6314
6312
6311
6310
6307
6307
6304
6303
6302
6300
6299
6297
6292
6277
6277
6275
6273
6272
6271
6271
6270
6264
6264
6262
6262
6261
6258
6257
6256
6254
6254
6253
6251
6250
6246
6243
6238
6234
6232
6232
6220
6216
6214
6214
6209
6209
6207
6206
6204
6196
6194
6194
6189
6188
6186
6185
6185
6181
6180
6179
6177
6176
6176
6175
6174
6173
6171
6171
6169
6167
6163
6163
6162
6161
6160
6158
6155
6155
6154
6150
6149
6148
6147
6145
6145
6144
6138
6137
6137
6136
6132
6131
6128
6125
6124
6120
6119
6117
6116
6110
6107
6107
6106
6102
6100
6096
6094
6091
6090
6089
6087
6084
6081
6080
6079
6078
6078
6076
6075
6072
6072
6070
6067
6066
6062
6059
6059
6057
6057
6051
6051
6050
6049
6048
6048
6048
6045
6045
6045
6041
6041
6040
6039
6034
6032
6032
6031
6030
6027
6026
6018
6017
6012
6011
6006
6002
6000
6000
5999
5993
5989
5989
5984
5983
5983
5972
5972
5972
5968
5967
5965
5964
5964
5961
5960
5959
5959
5957
5957
5957
5956
5955
5950
5948
5947
5947
5945
5944
5944
5944
5941
5940
5938
5937
5936
5935
5932
5930
5930
5929
5928
5927
5926
5922
5919
5919
5917
5914
5913
5912
5910
5909
5906
5905
5905
5901
5897
5896
5893
5891
5890
5890
5889
5888
5886
5884
5882
5882
5880
5879
5871
5871
5869
5868
5865
5861
5861
5861
5859
5857
5855
5853
5853
5850
5846
5841
5837
5837
5835
5834
5834
5834
5834
5832
5831
5829
5829
5826
5825
5820
5819
5817
5816
5809
5808
5807
5802
5800
5800
5800
5799
5799
5798
5798
5798
5791
5790
5788
5788
5787
5787
5787
5787
5785
5783
5782
5778
5775
5771
5771
5763
5763
5762
5762
5760
5760
5755
5755
5753
5751
5750
5748
5748
5746
5746
5745
5740
5739
5737
5737
5735
5734
5732
5730
5723
5719
5718
5716
5713
5711
5711
5710
5709
5709
5707
5706
5704
5704
5703
5699
5697
5694
5687
5686
5685
5682
5682
5680
5679
5679
5678
5677
5674
5669
5668
5665
5661
5661
5660
5659
5656
5655
5650
5650
5646
5645
5643
5639
5638
5636
5635
5634
5633
5631
5631
5630
5627
5626
5621
5620
5620
5620
5619
5616
5616
5612
5610
5610
5607
5606
5605
5605
5604
5603
5602
5601
5597
5597
5596
5592
5591
5590
5590
5589
5581
5578
5577
5574
5573
5572
5568
5566
5566
5563
5562
5561
5560
5557
5557
5557
5557
5556
5555
5555
5552
5551
5547
5545
5540
5538
5537
5536
5536
5536
5535
5535
5534
5533
5533
5531
5530
5529
5527
5527
5525
5524
5523
5523
5520
5519
5517
5516
5515
5515
5514
5513
5511
5510
5510
5509
5508
5505
5496
5496
5494
5494
5492
5490
5489
5489
5489
5488
5479
5477
5474
5471
5470
5469
5469
5468
5467
5466
5465
5462
5461
5460
5459
5457
5455
5455
5454
5452
5450
5450
5448
5447
5446
5444
5438
5437
5436
5436
5435
5434
5434
5432
5430
5427
5426
5423
5422
5417
5415
5415
5415
5413
5412
5411
5410
5410
5409
5409
5409
5404
5402
5402
5402
5395
5394
5392
5392
5392
5391
5390
5389
5388
5388
5387
5385
5384
5381
5380
5379
5377
5374
5374
5372
5371
5371
5370
5369
5368
5367
5364
5363
5363
5362
5362
5362
5361
5361
5361
5361
5360
5358
5358
5357
5357
5356
5353
5349
5348
5342
5341
5341
5340
5339
5338
5335
5332
5331
5331
5330
5329
5328
5324
5324
5323
5320
5318
5316
5315
5313
5313
5312
5309
5306
5306
5303
5303
5302
5301
5297
5297
5297
5296
5288
5286
5285
5283
5281
5278
5273
5271
5270
5267
5265
5262
5260
5259
5258
5258
5258
5257
5256
5256
5247
5245
5243
5242
5241
5241
5240
5238
5236
5115
5222
5221
5221
5220
5220
5218
5217
5215
5212
5212
5207
5205
5204
5202
5202
5202
5191
5197
5197
5193
5189
5187
5186
5184
5184
5182
5181
5177
5176
5175
5174
5174
5173
5170
5170
5168
5168
5166
5165
5165
5161
5160
5157
5155
5154
5154
5153
5152
5149
5148
5148
5145
5144
5142
5141
5138
5138
5138
5134
5133
5132
5128
5128
5127
5126
5125
5124
5119
5119
5112
5112
5111
5109
5109
5106
5106
5105
5103
5101
5100
5100
5099
5099
5098
5097
5096
5095
5092
5092
5090
5086
5080
5079
5079
5078
5076
5075
5075
5074
5071
5071
5069
5064
5064
5064
5060
5058
5058
5058
5056
5055
5055
5054
5054
5051
5051
5051
5050
5049
5049
5049
5049
5045
5043
5042
5034
5033
5032
5032
5032
5031
5031
5029
5028
5028
5027
5027
5022
5021
5020
5019
5019
5018
5017
5016
5016
5015
5011
5011
5010
5008
5008
5008
5008
5005
5005
5003
5003
5002
5000
4997
4996
4995
4991
4988
4986
4985
4982
4982
4979
4977
4974
4974
4973
4969
4968
4967
4966
4966
4964
4963
4961
4959
4958
4956
4955
4953
4951
4951
4950
4949
4949
4947
4946
4945
4945
4944
4944
4944
4943
4941
4941
4941
4938
4938
4938
4937
4934
4934
4933
4933
4932
4932
4929
4929
4926
4925
4923
4920
4919
4918
4918
4916
4915
4913
4913
4913
4912
4912
4911
4911
4908
4908
4908
4907
4906
4906
4906
4903
4902
4902
4901
4899
4894
4894
4893
4890
4890
4889
4889
4887
4887
4886
4886
4884
4880
4880
4878
4874
4874
4872
4872
4870
4870
4867
4867
4866
4865
4864
4864
4864
4860
4860
4860
4858
4858
4856
4848
4847
4846
4845
4845
4845
4843
4842
4839
4839
4838
4837
4836
4832
4832
4831
4830
4829
4829
4827
4826
4824
4821
4820
4820
4818
4818
4818
4818
4817
4816
4816
4815
4815
4815
4811
4810
4809
4809
4809
4807
4807
4805
4805
4803
4801
4801
4796
4793
4790
4790
4787
4785
4785
4785
4784
4784
4783
4783
4782
4782
4782
4781
4780
4780
4778
4776
4775
4773
4773
4771
4768
4767
4767
4765
4763
4759
4758
4755
4755
4755
4754
4753
4753
4753
4750
4747
4747
4746
4738
4738
4737
4737
4736
4735
4733
4733
4732
4732
4732
4731
4729
4729
4728
4727
4725
4721
4720
4718
4717
4716
4716
4715
4714
4714
4713
4712
4711
4709
4709
4708
4707
4707
4707
4706
4704
4700
4699
4718
4698
4697
4695
4694
4694
4691
4691
4691
4690
4689
4689
4687
4687
4687
4685
4682
4678
4677
4677
4676
4675
4674
4673
4673
4672
4671
4670
4670
4667
4667
4665
4664
4663
4661
4661
4660
4659
4656
4655
4654
4653
4653
4651
4650
4649
4648
4647
4647
4647
4644
4643
4640
4639
4637
4637
4637
4635
4633
4630
4630
4630
4630
4628
4628
4626
4626
4626
4625
4625
4624
4623
4623
4622
4622
4621
4620
4616
4616
4610
4609
4609
4608
4608
4607
4607
4604
4603
4603
4602
4602
4602
4601
4598
4596
4596
4594
4588
4588
4587
4587
4587
4585
4583
4582
4582
4581
4577
4576
4574
4574
4572
4571
4570
4569
4568
4566
4564
4563
4562
4562
4561
4561
4560
4558
4558
4558
4557
4556
4556
4555
4555
4552
4552
4548
4547
4547
4544
4543
4543
4543
4542
4541
4538
4538
4536
4536
4536
4535
4535
4534
4534
4533
4533
4532
4531
4531
4531
4530
4529
4528
4527
4526
4526
4523
4523
4523
4523
4523
4521
4521
4520
4517
4516
4515
4513
4512
4511
4510
4509
4508
4503
4502
4500
4500
4498
4496
4496
4490
4487
4484
4482
4482
4480
4480
4480
4476
4476
4475
4475
4473
4471
4469
4465
4465
4465
4459
4458
4458
4456
4453
4453
4452
4452
4449
4449
4448
4446
4444
4439
4439
4438
4437
4436
4435
4435
4432
4431
4431
4430
4430
4430
4430
4428
4428
4425
4425
4424
4424
4423
4421
4420
4418
4417
4417
4417
4416
4415
4413
4411
4411
4408
4408
4407
4407
4407
4405
4403
4399
4399
4399
4396
4396
4396
4395
4395
4394
4393
4393
4393
4390
4390
4388
4385
4384
4383
4383
4382
4381
4377
4373
4373
4371
4371
4370
4369
4369
4368
4366
4365
4360
4359
4357
4357
4357
4356
4354
4350
4348
4348
4347
4347
4345
4342
4336
4335
4335
4335
4335
4334
4333
4329
4327
4327
4327
4326
4325
4324
4324
4324
4323
4322
4321
4320
4319
4314
4313
4313
4312
4312
4310
4310
4307
4306
4305
4305
4304
4302
4302
4302
4300
4299
4298
4298
4298
4298
4297
4297
4297
4297
4297
4295
4295
4294
4293
4293
4293
4293
4292
4292
4292
4290
4289
4288
4286
4286
4284
4284
4281
4281
4280
4279
4278
4278
4277
4276
4275
4274
4271
4269
4269
4268
4265
4265
4262
4262
4261
4260
4259
4259
4258
4258
4258
4257
4256
4254
4254
4254
4252
4248
4247
4247
4244
4242
4240
4238
4237
4236
4234
4234
4233
4233
4232
4229
4228
4228
4227
4226
4225
4225
4224
4223
4223
4223
4222
4220
4219
4218
4217
4217
4215
4212
4212
4210
4209
4208
4207
4207
4207
4205
4204
4202
4200
4200
4199
4196
4195
4192
4192
4191
4189
4189
4186
4185
4184
4180
4180
4180
4178
4175
4174
4167
4166
4165
4164
4162
4161
4160
4160
4158
4158
4158
4157
4157
4156
4155
4153
4152
4152
4150
4149
4146
4145
4145
4144
4143
4143
4141
4141
4139
4138
4138
4137
4136
4135
4135
4135
4133
4131
4131
4130
4129
4128
4128
4126
4123
4123
4123
4122
4121
4121
4119
4119
4119
4118
4116
4116
4114
4113
4113
4111
4110
4110
4108
4107
4106
4106
4106
4105
4104
4104
4104
4104
4103
4102
4102
4101
4097
4097
4095
4093
4092
4090
4089
4089
4088
4087
4087
4086
4086
4084
4084
4084
4084
4082
4082
4081
4081
4080
4080
4079
4077
4076
4074
4072
4072
4070
4069
4069
4069
4068
4067
4067
4064
4063
4063
4062
4062
4061
4060
4059
4058
4057
4057
4056
4055
4055
4054
4054
4053
4053
4053
4052
4051
4049
4049
4049
4048
4047
4047
4045
4045
4044
4044
4040
4040
4040
4039
4039
4038
4037
4037
4036
4034
4032
4031
4030
4029
4029
4029
4028
4027
4027
4024
4023
4021
4021
4020
4020
4019
4019
4018
4017
4017
4016
4015
4014
4014
4012
4012
4010
4009
4006
4005
4000
4000
4000
3999
3997
3997
3997
3996
3996
3994
3992
3992
3992
3991
3987
3985
3984
3983
3982
3982
3981
3981
3981
3980
3979
3979
3976
3976
3976
3976
3976
3975
3975
3973
3972
3971
3971
3970
3969
3969
3969
3967
3966
3965
3965
3963
3962
3960
3958
3957
3956
3954
3954
3954
3954
3951
3951
3949
3949
3948
3948
3948
3946
3946
3946
3944
3943
3943
3939
3938
3938
3936
3934
3934
3933
3929
3926
3926
3924
3922
3921
3921
3921
3920
3918
3917
3917
3916
3915
3914
3914
3913
3913
3911
3910
3910
3908
3908
3908
3908
3906
3905
3905
3905
3904
3901
3901
3899
3899
3898
3898
3897
3896
3893
3892
3892
3892
3891
3889
3889
3888
3888
3887
3887
3885
3885
3884
3884
3883
3882
3881
3880
3880
3880
3880
3880
3880
3879
3879
3879
3877
3877
3876
3876
3874
3874
3874
3872
3871
3866
3866
3866
3866
3865
3864
3864
3862
3862
3862
3862
3861
3861
3860
3860
3859
3858
3856
3852
3851
3851
3850
3848
3846
3846
3846
3846
3844
3844
3844
3844
3842
3840
3838
3838
3838
3837
3836
3836
3835
3834
3834
3834
3832
3832
3832
3832
3832
3831
3830
3830
3829
3827
3827
3826
3826
3824
3824
3823
3820
3820
3820
3820
3819
3819
3818
3817
3813
3813
3809
3807
3807
3806
3806
3805
3804
3803
3802
3802
3801
3801
3800
3800
3800
3800
3798
3798
3797
3797
3796
3796
3796
3796
3795
3794
3794
3792
3792
3791
3791
3790
3788
3787
3787
3787
3786
3784
3784
3780
3780
3779
3777
3775
3775
3774
3773
3773
3771
3771
3769
3769
3767
3765
3764
3764
3762
3762
3761
3760
3759
3758
3755
3753
3753
3753
3753
3751
3751
3751
3749
3748
3748
3747
3747
3747
3746
3743
3742
3741
3741
3741
3741
3741
3741
3740
3739
3739
3739
3739
3738
3738
3736
3736
3735
3735
3735
3734
3733
3733
3732
3732
3732
3730
3730
3730
3730
3729
3729
3728
3727
3726
3726
3726
3725
3724
3724
3723
3722
3722
3719
3717
3717
3717
3716
3715
3714
3712
3712
3708
3708
3707
3707
3707
3706
3704
3704
3703
3703
3701
3701
3700
3698
3698
3697
3697
3696
3696
3694
3693
3693
3692
3690
3690
3688
3688
3687
3686
3686
3684
3683
3683
3683
3682
3682
3677
3677
3676
3676
3675
3675
3674
3673
3672
3672
3672
3671
3670
3670
3670
3669
3668
3667
3667
3666
3665
3664
3663
3663
3661
3660
3660
3659
3659
3658
3655
3654
3653
3650
3650
3650
3649
3649
3648
3646
3646
3646
3645
3645
3645
3644
3644
3643
3642
3641
3639
3639
3637
3637
3637
3632
3632
3632
3632
3631
3631
3630
3630
3627
3626
3626
3626
3623
3622
3619
3618
3617
3617
3617
3616
3615
3615
3615
3615
3613
3613
3613
3612
3612
3611
3611
3611
3609
3609
3608
3607
3607
3606
3605
3605
3603
3603
3603
3600
3598
3598
3597
3597
3596
3595
3594
3593
3593
3593
3592
3592
3592
3591
3591
3590
3589
3589
3588
3587
3586
3585
3584
3584
3584
3583
3583
3583
3582
3581
3581
3579
3578
3578
3578
3577
3577
3575
3575
3574
3574
3573
3572
3571
3571
3569
3568
3568
3568
3566
3565
3564
3564
3563
3563
3562
3562
3561
3559
3559
3559
3558
3558
3557
3557
3555
3555
3554
3554
3554
3552
3551
3551
3550
3549
3548
3548
3545
3544
3544
3544
3543
3542
3541
3539
3539
3539
3539
3538
3538
3535
3534
3531
3529
3528
3527
3527
3526
3526
3526
3525
3525
3525
3525
3524
3522
3522
3520
3519
3518
3518
3517
3517
3517
3515
3515
3515
3515
3514
3512
3512
3511
3510
3510
3510
3509
3509
3508
3508
3506
3506
3505
3504
3504
3503
3501
3500
3499
3498
3498
3497
3496
3496
3496
3495
3493
3493
3493
3492
3491
3490
3490
3490
3489
3489
3487
3487
3486
3485
3485
3484
3484
3484
3482
3481
3481
3481
3479
3478
3477
3476
3476
3476
3473
3472
3471
3471
3471
3471
3468
3468
3468
3467
3466
3464
3464
3464
3463
3461
3461
3460
3459
3459
3457
3456
3455
3455
3452
3450
3450
3449
3447
3447
3445
3445
3445
3444
3443
3442
3442
3441
3441
3440
3439
3439
3438
3438
3438
3437
3435
3435
3433
3431
3431
3430
3430
3430
3427
3426
3426
3425
3425
3424
3423
3423
3422
3421
3421
3421
3420
3420
3419
3418
3418
3418
3416
3415
3415
3415
3412
3412
3411
3411
3410
3409
3409
3409
3407
3405
3403
3403
3403
3401
3401
3401
3401
3400
3400
3399
3398
3397
3397
3396
3395
3394
3394
3391
3388
3388
3388
3388
3387
3386
3385
3383
3383
3383
3382
3381
3381
3381
3381
3381
3380
3379
3379
3379
3379
3379
3378
3377
3376
3375
3375
3374
3374
3373
3373
3372
3372
3371
3370
3369
3369
3368
3367
3367
3367
3366
3365
3364
3364
3363
3359
3357
3357
3356
3356
3355
3355
3354
3354
3354
3353
3353
3352
3351
3351
3350
3350
3350
3350
3349
3348
3347
3347
3345
3345
3344
3343
3341
3341
3339
3339
3339
3339
3338
3338
3337
3336
3336
3336
3335
3334
3334
3333
3332
3332
3330
3330
3329
3328
3328
3328
3327
3326
3324
3324
3324
3324
3322
3322
3322
3318
3318
3318
3318
3318
3317
3317
3317
3315
3315
3314
3314
3312
3312
3311
3311
3310
3310
3310
3309
3309
3308
3308
3307
3307
3306
3306
3305
3305
3305
3304
3303
3303
3302
3302
3302
3301
3300
3299
3298
3297
3297
3296
3295
3294
3293
3293
3292
3292
3290
3290
3288
3287
3286
3285
3285
3284
3283
3283
3281
3281
3281
3280
3280
3279
3279
3278
3278
3278
3275
3275
3275
3274
3274
3273
3272
3271
3270
3268
3267
3266
3266
3266
3266
3265
3265
3264
3264
3263
3263
3262
3262
3262
3260
3259
3254
3254
3254
3251
3249
3248
3247
3245
3244
3243
3243
3243
3242
3242
3241
3241
3241
3241
3239
3238
3238
3237
3237
3236
3235
3235
3233
3233
3232
3232
3232
3232
3232
3232
3232
3231
3231
3230
3229
3225
3225
3224
3223
3223
3222
3222
3221
3221
3220
3219
3218
3216
3216
3215
3215
3212
3212
3212
3211
3211
3211
3210
3210
3210
3208
3208
3207
3207
3206
3205
3205
3203
3203
3202
3202
3200
3200
3200
3200
3199
3199
3198
3198
3197
3197
3197
3196
3196
3195
3195
3194
3194
3194
3194
3193
3192
3191
3191
3190
3190
3189
3189
3188
3188
3187
3187
3186
3185
3184
3184
3184
3184
3183
3183
3181
3180
3179
3179
3178
3177
3177
3177
3177
3176
3176
3176
3175
3175
3174
3174
3174
3173
3172
3171
3171
3171
3170
3170
3168
3168
3168
3166
3166
3166
3166
3165
3165
3164
3164
3163
3163
3162
3162
3161
3161
3160
3159
3159
3159
3158
3158
3156
3155
3155
3155
3154
3154
3154
3153
3153
3153
3153
3151
3151
3151
3150
3150
3148
3148
3147
3147
3147
3146
3145
3145
3143
3143
3141
3141
3141
3140
3140
3140
3140
3139
3139
3139
3138
3138
3137
3136
3134
3134
3132
3132
3131
3130
3129
3127
3127
3126
3126
3125
3125
3124
3124
3124
3123
3123
3123
3122
3122
3122
3122
3121
3121
3121
3120
3120
3117
3117
3117
3114
3113
3112
3111
3111
3110
3110
3110
3109
3109
3109
3108
3108
3107
3107
3107
3106
3105
3105
3105
3105
3104
3104
3104
3102
3102
3101
3101
3101
3103
3100
3099
3099
3099
3096
3096
3096
3096
3095
3094
3093
3093
3092
3092
3091
3090
3090
3090
3088
3088
3088
3088
3086
3085
3085
3084
3084
3083
3083
3083
3082
3081
3081
3081
3080
3079
3079
3079
3078
3077
3075
3075
3075
3075
3074
3074
3073
3072
3072
3072
3071
3071
3071
3070
3069
3069
3069
3069
3069
3068
3068
3067
3066
3065
3065
3064
3064
3064
3064
3063
3063
3063
3062
3062
3062
3061
3061
3061
3061
3060
3060
3059
3058
3058
3056
3056
3056
3056
3056
3055
3055
3055
3055
3055
3054
3053
3052
3052
3052
3051
3051
3051
3050
3049
3049
3049
3049
3047
3045
3045
3045
3043
3042
3042
3041
3040
3040
3040
3040
3039
3039
3038
3038
3038
3038
3037
3037
3037
3036
3036
3035
3034
3034
3033
3030
3030
3030
3029
3029
3029
3029
3027
3026
3024
3024
3024
3023
3023
3022
3022
3022
3022
3021
3019
3019
3019
3019
3019
3019
3019
3018
3017
3017
3017
3017
3017
3016
3016
3016
3016
3015
3015
3015
3015
3014
3013
3013
3012
3012
3011
3011
3011
3010
3010
3009
3009
3008
3007
3007
3007
3007
3006
3006
3004
3004
3003
3003
3002
3002
3001
3000
3000
