596674
508759
411601
394252
319381
317302
309914
284779
243340
240747
239625
229746
219840
206129
195357
194978
194968
190748
179029
177890
168744
167938
164376
163865
155494
154520
153213
152922
147229
144358
141183
137814
135152
134884
134831
132249
131017
130755
130544
129735
125973
125790
123200
121719
119593
119475
118998
118906
117923
116605
116209
115853
114744
114534
114389
113910
112360
112082
110298
110292
108535
107759
107731
107689
107574
106053
105501
105167
105098
104872
104670
104406
104379
104162
103766
103125
102691
102604
101848
100826
98299
97944
97560
96827
96079
95787
95643
95515
95389
94742
94586
94509
93998
93892
93226
93170
92779
91921
91154
90297
90224
90147
89795
89718
88970
88881
88105
88052
87898
87828
87509
87244
86983
86908
86676
86625
86258
86019
84527
84157
82913
81940
81636
81557
81559
81335
80709
80323
80171
80117
79639
79600
79382
79029
78918
78779
78328
78062
77948
77741
77645
77303
77183
77180
76166
76119
75730
75587
75350
75058
74975
74937
74903
74741
74515
74332
74267
74146
74136
74058
73876
73738
73509
73397
73338
73277
73027
72820
72679
72484
71866
71708
71640
71424
70683
70615
70483
70324
70133
70103
70000
69952
69739
69663
69611
69598
69206
69110
68892
68693
68595
68561
68331
68308
68225
68084
67982
68001
67936
67819
67764
67754
67682
67275
67094
67054
66981
66797
66640
66579
66432
66386
66168
66133
66101
65750
65730
65679
65640
65497
65145
65124
64946
64909
64775
64744
64652
64614
64562
64547
64378
64288
64194
64191
63998
63966
63711
63530
63330
63255
63007
62872
62599
62531
62261
62064
61798
61645
61640
61572
61377
61358
61312
61105
61060
61054
60954
60904
60893
60766
60625
60498
60477
60328
60189
60098
60034
59977
59769
59685
59629
59515
59391
59307
59148
58927
58896
58804
58797
58743
58696
58468
58431
58218
58206
58184
58018
57949
57876
57856
57813
57809
57521
57447
56991
56801
56738
56684
56652
56584
56486
56385
56162
56063
56053
55822
55817
55774
55770
55677
55665
55659
55533
55518
55371
55306
55295
55201
55170
55142
55153
55076
54814
54677
54671
54649
54607
54547
54351
54340
54314
54280
54231
54187
54086
54068
54016
53979
53908
53870
53759
53705
53652
53643
53624
53367
53347
53336
53311
53289
53197
53047
53010
53004
52786
52707
52693
52682
52653
52649
52646
52644
52642
52478
52435
52334
52274
52220
52151
52077
51987
51984
51971
51878
51813
51809
51627
51619
51612
51492
51459
51357
51351
51256
51080
50956
50867
50691
50647
50529
50464
50463
50315
50098
50066
49950
49768
49702
49552
49537
49517
49514
49493
49477
49400
49262
49207
49176
49090
49090
49029
48988
48950
48923
48918
48875
48810
48750
48697
48638
48532
48434
48418
48403
48350
48346
48345
48252
48249
48234
48119
48076
48048
48002
47845
47824
47822
47650
47573
47546
47310
47309
47271
47215
47105
47074
47068
47014
46963
46931
46865
46843
46772
46709
46707
46676
46567
46541
46526
46375
46357
46275
46232
46204
46190
46171
46117
46024
45994
45960
45950
45896
45772
45766
45747
45737
45732
45719
45653
45613
45597
45492
45487
45425
45386
45369
45310
45214
45178
45117
45107
45104
45075
45075
45069
44919
44909
44862
44849
44828
44810
44800
44793
44557
44547
44361
44037
44000
43991
43927
43909
43888
43762
43745
43743
43687
43674
43632
43624
43624
43585
43535
43447
43432
43378
43375
43363
43207
43120
43070
42848
42784
42699
42594
42590
42553
42537
42469
42465
42445
42439
42416
42414
42412
42350
42344
42332
42312
42279
42249
42208
42056
42043
41830
41782
41771
41741
41687
41675
41655
41528
41525
41523
41496
41461
41415
41406
41375
41317
41223
41208
41193
41143
41129
41119
41105
41031
41018
40982
40898
40893
40886
40862
40833
40752
40732
40585
40482
40453
40424
40344
40339
40294
40295
40268
40225
40191
40077
40047
40015
40007
39962
39953
39915
39728
39716
39715
39644
39615
39547
39518
39403
39391
39389
39325
39315
39284
39247
39178
39173
39136
39106
39100
39089
39039
39017
39017
38978
38967
38965
38942
38924
38883
38821
38801
38761
38707
38621
38596
38596
38579
38497
38476
38467
38429
38400
38360
38349
38310
38283
38269
38240
38232
38138
38154
38116
38062
38048
37981
37957
37933
37899
37844
37821
37811
37803
37776
37756
37750
37699
37651
37574
37567
37386
37361
37309
37336
37317
37239
37230
37239
37132
37074
37050
37020
36909
36866
36810
36761
36734
36726
36716
36702
36646
36524
36471
36458
36443
36438
36423
36410
36372
36360
36271
36269
36187
36170
36160
36129
36108
36050
36045
36043
35989
35981
35973
35946
35786
35769
35760
35738
35730
35729
35685
35660
35616
35553
35511
35474
35472
35446
35431
35382
35332
35308
35275
35261
35249
35205
35116
35013
34990
34988
34987
34959
34897
34893
34890
34861
34836
34814
34693
34674
34616
34616
34586
34528
34511
34504
34464
34459
34451
34413
34398
34302
34141
34239
34188
34151
34109
34088
34086
34046
33971
33933
33917
33910
33919
33896
33861
33836
33821
33756
33745
33729
33678
33666
33660
33658
33631
33621
33526
33454
33432
33362
33292
33291
33207
33167
33151
33084
33013
32991
32943
32930
32890
32867
32834
32802
32794
32778
32771
32748
32724
32671
32666
32645
32604
32582
32578
32569
32547
32518
32510
32387
32346
32339
32312
32286
32284
32265
32263
32239
32234
32207
32205
32190
32144
32117
32109
32095
32058
32029
31976
31926
31920
31844
31838
31753
31665
31663
31648
31646
31635
31590
31579
31553
31544
31534
31532
31516
31506
31492
31473
31460
31453
31437
31427
31394
31394
31355
31332
31324
31278
31250
31250
31227
31226
31194
31161
31146
31123
31077
31076
31054
31007
31003
31002
30961
30932
30920
30884
30871
30861
30834
30817
30816
30814
30772
30763
30729
30701
30637
30589
30569
30544
30521
30520
30491
30469
30494
30440
30384
30369
30317
30336
30243
30235
30228
30155
30081
30049
30055
30048
30047
30046
30029
30015
29995
29945
29851
29823
29793
29789
29780
29778
29761
29735
29721
29708
29707
29703
29744
29680
29663
29620
29606
29599
29582
29556
29527
29502
29490
29451
29445
29413
29401
29335
29298
29297
29255
29239
29221
29210
29190
29183
29170
29149
29135
29125
29103
29099
29097
29097
29081
29077
29059
29048
29027
28996
28943
28938
28932
28924
28881
28872
28856
28848
28819
28782
28782
28773
28771
28760
28749
28688
28662
28622
28605
28592
28578
28501
28490
28483
28483
28455
28431
28411
28400
28399
28378
28355
28351
28314
28298
28290
28269
28261
28258
28250
28248
28244
28179
28164
28148
28114
28065
28024
28007
27977
27959
27950
27894
27878
27875
27858
27854
27850
27850
27832
27832
27826
27816
27812
27798
27797
27775
27774
27754
27724
27724
27735
27670
27633
27633
27622
27610
27597
27588
27579
27571
27553
27546
27539
27537
27496
27470
27392
27381
27354
27333
27329
27326
27324
27305
27293
27291
27291
27274
27247
27238
27202
27190
27181
27144
27124
27108
27102
27097
27057
27055
27054
27044
27023
27016
27003
26961
26994
26962
26961
26941
26933
26926
26906
26906
26873
26823
26793
26798
26771
26757
26742
26718
26711
26701
26696
26693
26641
26641
26638
26637
26633
26576
26557
26545
26542
26560
26517
26517
26452
26449
26419
26404
26366
26353
26336
26320
26292
26279
26259
26251
26250
26244
26206
26208
26184
26174
26151
26147
26146
26028
26132
26109
26101
26075
26067
26062
26050
26025
25984
25981
25959
25957
25936
25918
25911
25904
25903
25884
25883
25876
25868
25852
25849
25847
25833
25808
25808
25764
25746
25745
25722
25711
25707
25700
25681
25674
25666
25644
25625
25616
25608
25602
25600
25598
25557
25532
25529
25515
25475
25452
25456
25388
25352
25348
25347
25337
25332
25322
25305
25323
25272
25229
25229
25208
25204
25151
25140
25098
25075
25046
25041
25039
25029
24983
24982
24947
24945
24937
24924
24922
24957
24913
24901
24877
24843
24829
24828
24822
24780
24766
24735
24729
24727
24708
24733
24678
24672
24650
24643
24632
24621
24609
24599
24573
24533
24530
24526
24522
24521
24514
24513
24505
24502
24498
24485
24443
24431
24428
24411
24397
24390
24385
24381
24370
24367
24327
24299
24286
24276
24267
24267
24251
24238
24233
24230
24229
24201
24132
24117
24069
24060
24045
23979
23962
23960
23950
23954
23935
23931
23914
23900
23890
23856
23856
23846
23856
23834
23780
23757
23751
23731
23715
23705
23696
23690
23718
23658
23626
23586
23576
23574
23568
23545
23545
23543
23534
23523
23504
23504
23499
23488
23487
23481
23477
23475
23460
23399
23375
23360
23309
23305
23293
23291
23228
23226
23194
23171
23157
23153
23150
23143
23134
23130
23124
23086
23081
23063
23059
23049
23045
23028
23027
23003
22985
22973
22942
22929
22915
22905
22873
22868
22858
22848
22841
22813
22810
22791
22784
22784
22780
22777
22776
22766
22756
22752
22751
22748
22725
22724
22708
22701
22678
22662
22640
22647
22610
22608
22553
22515
22505
22500
22486
22409
22399
22388
22383
22408
22374
22366
22313
22307
22298
22284
22276
22273
22267
22260
22257
22257
22256
22252
22222
22217
22217
22182
22169
22155
22145
22129
22129
22118
22100
22092
22064
22090
22053
22045
22038
22001
21963
21959
21953
21946
21938
21935
21929
21940
21909
21883
21852
21840
21830
21815
21802
21796
21794
21789
21789
21772
21761
21757
21737
21716
21692
21673
21657
21647
21641
21625
21608
21608
21583
21579
21567
21555
21535
21508
21493
21492
21490
21487
21470
21465
21454
21439
21432
21425
21393
21370
21351
21339
21331
21311
21308
21295
21293
21297
21293
21282
21279
21239
21233
21231
21212
21205
21202
21191
21146
21137
21134
21124
21124
21117
21103
21078
21055
21026
21024
21022
21019
21002
20986
20981
20974
20973
20964
20963
20952
20937
20937
20933
20923
20910
20894
20870
20865
20859
20859
20854
20852
20834
20818
20794
20790
20780
20766
20762
20755
20754
20742
20717
20714
20697
20694
20690
20674
20669
20659
20642
20636
20605
20586
20564
20557
20543
20539
20521
20511
20492
20431
20416
20392
20376
20374
20348
20323
20318
20316
20312
20301
20287
20282
20267
20252
20250
20207
20176
20173
20169
20168
20159
20155
20134
20126
20120
20117
20120
20103
20101
20080
20079
20064
20064
20058
20053
20014
20003
20000
19977
19970
19961
19952
19951
19951
19938
19937
19925
19912
19907
19901
19910
19892
19877
19872
19870
19870
19868
19855
19848
19848
19847
19845
19832
19832
19825
19823
19813
19813
19811
19806
19805
19800
19795
19775
19774
19772
19755
19751
19737
19727
19721
19714
19711
19708
19695
19691
19682
19677
19671
19670
19667
19660
19649
19620
19610
19581
19577
19556
19556
19596
19544
19494
19493
19489
19466
19459
19448
19422
19417
19407
19396
19395
19393
19366
19360
19348
19346
19335
19325
19325
19320
19281
19261
19261
19234
19214
19198
19186
19180
19170
19137
19136
19120
19118
19109
19105
19103
19123
19092
19092
19082
19075
19063
19050
19022
19019
18998
18996
18990
18988
18981
18976
18975
18967
18966
18945
18938
18926
18923
18920
18908
18883
18871
18870
18860
18853
18828
18812
18797
18781
18774
18802
18754
18736
18733
18719
18717
18716
18693
18692
18683
18680
18666
18653
18634
18633
18603
18585
18588
18563
18557
18553
18549
18537
18521
18510
18497
18494
18493
18476
18472
18470
18467
18462
18460
18458
18451
18446
18436
18425
18419
18416
18392
18378
18388
18373
18371
18368
18366
18363
18362
18361
18355
18348
18338
18333
18320
18315
18285
18294
18276
18271
18251
18287
18243
18241
18238
18238
18202
18181
18152
18123
18115
18105
18097
18096
18090
18087
18078
18046
18041
18032
18029
18024
18019
18009
17993
17967
17965
17946
17925
17919
17911
17906
17896
17894
17893
17877
17875
17862
17858
17846
17838
17827
17815
17810
17805
17802
17790
17784
17776
17756
17749
17737
17725
17710
17707
17702
17698
17673
17672
17662
17661
17654
17654
17644
17638
17629
17626
17618
17607
17601
17595
17589
17588
17586
17578
17575
17566
17543
17540
17531
17530
17529
17520
17513
17496
17494
17472
17458
17457
17449
17445
17444
17432
17429
17425
17424
17412
17408
17403
17392
17388
17386
17362
17351
17349
17346
17327
17323
17293
17281
17279
17273
17269
17267
17245
17242
17235
17210
17209
17205
17203
17200
17170
17160
17159
17147
17132
17120
17117
17110
17105
17104
17104
17102
17101
17083
17082
17079
17077
17075
17061
17059
17059
17044
17039
17030
17024
17001
16999
16991
16989
16986
16985
16975
16974
16960
16955
16930
16912
16897
16884
16883
16877
16876
16875
16871
16863
16857
16851
16846
16841
16819
16810
16807
16807
16780
16766
16752
16748
16745
16744
16743
16737
16718
16715
16708
16697
16677
16675
16672
16658
16655
16654
16653
16653
16640
16639
16623
16622
16620
16620
16620
16614
16605
16594
16589
16585
16583
16582
16582
16589
16570
16565
16563
16544
16526
16518
16513
16512
16511
16502
16491
16489
16482
16467
16462
16453
16440
16439
16437
16429
16426
16423
16420
16419
16417
16415
16414
16413
16446
16390
16372
16369
16346
16338
16335
16326
16320
16320
16313
16289
16287
16283
16282
16273
16263
16241
16241
16226
16217
16215
16209
16206
16205
16199
16198
16197
16187
16184
16178
16166
16162
16161
16156
16155
16153
16151
16149
16133
16129
16128
16127
16127
16126
16121
16115
16150
16093
16091
16078
16032
16031
16023
16020
16017
16015
16014
16010
16008
16006
16005
16000
15998
15991
15985
15985
15979
15973
15968
15961
15948
15948
15954
15944
15940
15939
15921
15914
15912
15909
15903
15897
15895
15887
15884
15881
15879
15872
15865
15862
15858
15848
15845
15842
15839
15828
15825
15826
15794
15789
15786
15783
15782
15768
15760
15758
15780
15754
15753
15730
15723
15722
15720
15714
15710
15709
15709
15709
15703
15697
15696
15686
15676
15663
15654
15646
15646
15644
15660
15630
15627
15614
15605
15599
15588
15585
15581
15580
15578
15563
15548
15530
15528
15528
15523
15517
15510
15507
15505
15496
15485
15462
15459
15458
15449
15442
15439
15428
15425
15425
15420
15417
15414
15413
15412
15411
15410
15403
15398
15410
15387
15386
15385
15384
15379
15371
15366
15357
15339
15329
15322
15322
15318
15317
15309
15303
15288
15288
15284
15284
15280
15276
15275
15273
15268
15264
15263
15242
15228
15227
15216
15206
15204
15200
15189
15187
15186
15176
15174
15170
15169
15168
15166
15154
15151
15144
15141
15141
15140
15127
15120
15116
15111
15107
15100
15097
15087
15077
15064
15027
15026
15027
15021
14993
14991
14988
14985
14973
14984
14971
14976
14949
14948
14945
14943
14931
14927
14925
14913
14908
14885
14883
14880
14880
14879
14864
14854
14849
14847
14844
14840
14837
14837
14830
14818
14805
14804
14800
14800
14794
14792
14792
14788
14780
14774
14773
14770
14755
14754
14747
14745
14738
14735
14732
14729
14726
14706
14685
14679
14678
14670
14667
14663
14654
14641
14633
14624
14613
14608
14606
14604
14599
14594
14585
14584
14584
14573
14564
14563
14552
14551
14546
14532
14532
14531
14522
14522
14521
14520
14517
14515
14402
14505
14503
14495
14495
14488
14486
14481
14480
14479
14475
14468
14465
14451
14450
14448
14445
14438
14424
14405
14405
14400
14388
14384
14376
14371
14366
14366
14365
14345
14342
14330
14327
14317
14310
14299
14298
14297
14293
14292
14291
14289
14288
14278
14278
14297
14263
14242
14237
14233
14229
14225
14222
14221
14219
14216
14198
14180
14174
14173
14169
14166
14175
14139
14137
14135
14135
14133
14118
14111
14092
14090
14090
14082
14080
14079
14079
14065
14062
14062
14061
14060
14058
14040
14042
14034
14083
14032
14030
14025
14022
14013
14005
14003
13989
13985
13970
13986
13948
13942
13932
13930
13930
13921
13919
13919
13924
13914
13913
13913
13909
13906
13902
13900
13897
13880
13875
13873
13871
13867
13863
13853
13850
13847
13841
13840
13833
13832
13814
13796
13788
13779
13770
13767
13757
13756
13746
13744
13738
13736
13734
13729
13728
13717
13751
13693
13687
13685
13679
13678
13670
13663
13658
13655
13642
13637
13634
13622
13619
13619
13617
13596
13590
13590
13588
13579
13566
13558
13556
13553
13547
13540
13536
13524
13519
13516
13510
13507
13504
13503
13499
13494
13483
13483
13476
13473
13465
13462
13462
13452
13436
13435
13427
13417
13415
13414
13406
13386
13390
13383
13380
13368
13365
13364
13363
13363
13359
13352
13349
13346
13338
13335
13328
13308
13298
13286
13277
13275
13269
13262
13253
13253
13253
13249
13237
13227
13210
13201
13189
13182
13181
13178
13176
13163
13160
13159
13158
13147
13147
13146
13144
13139
13135
13134
13133
13132
13123
13119
13110
13109
13107
13097
13095
13091
13088
13080
13073
13069
13067
13061
13060
13045
13042
13041
13040
13040
13032
13031
13024
13020
13014
13010
13008
13004
13000
12995
12975
12974
12972
12969
12983
12968
12952
12952
12941
12918
12890
12889
12888
12887
12853
12838
12824
12818
12811
12806
12798
12796
12784
12765
12765
12763
12762
12760
12774
12747
12746
12730
12719
12717
12714
12711
12703
12700
12697
12696
12692
12691
12690
12678
12677
12673
12670
12669
12661
12658
12653
12652
12650
12646
12642
12637
12633
12627
12620
12608
12598
12594
12584
12581
12580
12579
12574
12573
12571
12570
12565
12564
12560
12557
12555
12554
12552
12549
12548
12540
12540
12538
12532
12521
12519
12505
12504
12489
12489
12481
12479
12478
12473
12457
12456
12452
12435
12432
12430
12429
12428
12427
12424
12424
12420
12409
12408
12401
12399
12397
12388
12384
12382
12382
12379
12379
12371
12361
12360
12355
12332
12331
12326
12321
12320
12313
12300
12279
12279
12278
12275
12273
12267
12266
12253
12251
12248
12246
12245
12243
12241
12239
12238
12231
12230
12224
12219
12205
12203
12197
12191
12191
12190
12187
12183
12182
12166
12174
12159
12147
12145
12145
12144
12140
12139
12134
12109
12095
12090
12083
12078
12076
12073
12071
12069
12068
12067
12064
12060
12059
12059
12054
12053
12028
12026
12025
12024
12023
12023
12018
12012
12001
12000
11999
11996
11990
12003
11988
11988
11985
11982
11979
11972
11965
11960
11954
11953
11951
11951
11940
11939
11927
11950
11917
11913
11911
11909
11905
11903
11887
11880
11879
11864
11861
11851
11850
11848
11841
11825
11817
11815
11791
11811
11788
11786
11775
11772
11767
11765
11765
11762
11755
11748
11740
11724
11723
11723
11718
11717
11716
11709
11708
11707
11701
11696
11696
11688
11688
11671
11667
11651
11649
11648
11639
11633
11629
11628
11614
11613
11598
11596
11587
11587
11583
11582
11578
11577
11572
11568
11566
11564
11560
11557
11556
11555
11568
11552
11542
11540
11539
11529
11525
11525
11523
11522
11520
11519
11516
11515
11499
11482
11481
11480
11476
11475
11474
11473
11470
11468
11452
11448
11442
11437
11436
11435
11432
11432
11431
11426
11424
11417
11414
11402
11396
11395
11390
11382
11379
11376
11373
11372
11366
11366
11361
11358
11352
11356
11348
11338
11338
11334
11331
11330
11324
11323
11316
11312
11305
11299
11298
11289
11284
11320
11282
11281
11277
11272
11270
11263
11258
11256
11255
11246
11233
11231
11228
11221
11208
11206
11204
11199
11199
11197
11197
11194
11194
11192
11191
11189
11185
11184
11182
11180
11180
11176
11169
11166
11165
11165
11164
11163
11162
11157
11155
11153
11137
11135
11132
11128
11120
11118
11116
11102
11102
11101
11098
11094
11092
11092
11083
11080
11077
11077
11069
11064
11063
11057
11043
11040
11080
11035
11031
11025
11015
11014
11013
11012
11007
11003
11020
11002
10999
10998
10998
10993
10991
10989
10983
10982
10979
10979
10973
10971
10966
10964
10956
10949
10949
10947
10946
10942
10941
10937
10935
10931
10929
10929
10924
10911
10907
10903
10900
10898
10888
10881
10881
10880
10874
10868
10861
10861
10857
10855
10846
10846
10842
10841
10837
10836
10826
10824
10840
10818
10817
10811
10810
10809
10808
10806
10804
10803
10802
10799
10798
10795
10782
10782
10778
10777
10775
10774
10774
10773
10770
10769
10764
10763
10758
10756
10753
10752
10747
10743
10741
10740
10734
10731
10731
10724
10722
10717
10707
10704
10700
10694
10691
10683
10681
10675
10675
10674
10665
10662
10661
10650
10649
10647
10647
10647
10641
10640
10639
10625
10622
10614
10604
10587
10572
10570
10569
10568
10566
10566
10565
10559
10554
10553
10548
10546
10543
10539
10535
10534
10533
10531
10530
10527
10522
10520
10517
10515
10509
10508
10507
10505
10497
10495
10485
10478
10477
10475
10473
10472
10469
10469
10468
10468
10460
10494
10446
10444
10444
10441
10440
10437
10435
10435
10433
10430
10426
10424
10422
10420
10418
10415
10412
10411
10403
10410
10401
10429
10389
10425
10384
10399
10382
10380
10376
10369
10367
10367
10358
10355
10351
10350
10344
10341
10338
10337
10336
10322
10322
10318
10312
10307
10302
10301
10299
10298
10296
10291
10301
10277
10273
10272
10272
10269
10264
10263
10262
10252
10252
10252
10250
10249
10248
10248
10248
10240
10238
10232
10236
10229
10218
10216
10210
10207
10212
10196
10192
10188
10186
10183
10182
10181
10169
10166
10166
10165
10162
10162
10160
10159
10159
10157
10157
10157
10154
10152
10037
10140
10140
10134
10132
10131
10120
10119
10114
10104
10101
10101
10101
10096
10090
10089
10087
10082
10077
10077
10072
10071
10069
10068
10068
10060
10058
10055
10053
10051
10051
10050
10044
10044
10042
10039
10039
10032
10030
10024
10020
10016
10014
10014
10008
9998
9997
9995
9993
9992
9987
9986
9985
9985
9984
9978
9978
9977
9976
9973
9968
9964
9958
9956
9955
9950
9946
9938
9937
9935
9934
9933
9931
9926
9922
9921
9920
9913
9924
9911
9907
9903
9902
9892
9892
9890
9891
9888
9887
9887
9887
9882
9880
9878
9876
9874
9871
9870
9869
9869
9871
9864
9864
9862
9855
9853
9849
9848
9848
9846
9845
9839
9837
9832
9826
9816
9815
9813
9811
9806
9824
9799
9799
9798
9790
9790
9786
9786
9776
9773
9768
9764
9762
9760
9759
9759
9753
9750
9741
9741
9740
9740
9728
9721
9721
9720
9715
9715
9711
9710
9708
9708
9706
9706
9705
9705
9702
9696
9695
9686
9684
9683
9682
9681
9680
9677
9676
9672
9671
9670
9665
9664
9661
9659
9658
9656
9655
9654
9653
9652
9649
9646
9644
9643
9638
9635
9632
9631
9625
9624
9623
9621
9621
9620
9618
9616
9614
9612
9612
9606
9606
9601
9600
9598
9596
9595
9588
9585
9577
9572
9569
9567
9564
9561
9554
9549
9546
9542
9539
9539
9539
9536
9531
9528
9525
9521
9520
9510
9509
9504
9503
9501
9495
9492
9491
9491
9490
9489
9488
9484
9474
9469
9464
9461
9459
9454
9452
9449
9437
9429
9427
9435
9423
9422
9417
9412
9409
9408
9415
9404
9408
9401
9399
9437
9397
9396
9396
9395
9392
9387
9386
9385
9385
9384
9383
9382
9381
9378
9378
9389
9376
9374
9373
9369
9368
9366
9365
9365
9365
9362
9357
9356
9365
9348
9348
9347
9367
9341
9339
9337
9332
9329
9326
9322
9318
9315
9312
9310
9310
9308
9305
9303
9301
9298
9298
9294
9293
9290
9289
9282
9277
9271
9269
9265
9265
9262
9260
9259
9256
9256
9255
9253
9414
9246
9243
9240
9240
9240
9236
9236
9233
9229
9228
9226
9226
9224
9223
9219
9228
9214
9225
9213
9212
9212
9211
9208
9203
9196
9195
9187
9185
9184
9184
9182
9178
9176
9175
9173
9170
9168
9167
9167
9164
9163
9162
9161
9160
9159
9157
9155
9152
9148
9145
9144
9144
9143
9142
9141
9140
9139
9138
9134
9134
9133
9126
9129
9124
9123
9117
9116
9114
9113
9110
9110
9097
9107
9096
9095
9095
9093
9092
9091
9084
9084
9083
9082
9081
9074
9074
9071
9070
9069
9061
9061
9055
9051
9048
9048
9047
9046
9043
9043
9042
9040
9030
9030
9020
9020
9019
9019
9018
9011
8996
8991
8991
8988
8988
8985
8983
8983
8982
8979
8978
8974
8973
8969
8968
8967
8965
8961
8960
8955
8952
8951
8949
8949
8947
8945
8944
8944
8944
8938
8936
8935
8950
8926
8926
8924
8921
8915
8914
8911
8911
8908
8903
8900
8897
8897
8896
8886
8886
8881
8879
8879
8878
8876
8920
8874
8873
8868
8865
8862
8861
8857
8862
8850
8845
8843
8836
8835
8833
8824
8822
8821
8821
8818
8815
8812
8809
8796
8796
8791
8789
8786
8774
8772
8772
8767
8766
8765
8764
8751
8746
8739
8739
8751
8734
8731
8730
8730
8721
8719
8718
8718
8716
8721
8713
8712
8705
8700
8697
8696
8696
8695
8692
8690
8690
8690
8689
8689
8689
8688
8688
8679
8678
8676
8673
8672
8661
8660
8651
8651
8649
8648
8645
8645
8642
8640
8638
8630
8628
8625
8623
8620
8619
8619
8619
8618
8614
8612
8612
8608
8606
8600
8593
8590
8588
8584
8584
8584
8582
8581
8580
8574
8569
8564
8564
8563
8563
8558
8556
8552
8550
8548
8544
8543
8542
8542
8535
8539
8530
8529
8528
8527
8527
8526
8525
8523
8522
8521
8519
8519
8515
8514
8508
8508
8500
8499
8497
8511
8493
8492
8488
8505
8482
8474
8474
8474
8473
8469
8467
8465
8464
8463
8460
8458
8458
8457
8456
8455
8453
8450
8447
8444
8444
8443
8440
8440
8440
8438
8451
8434
8433
8433
8431
8430
8429
8424
8422
8417
8417
8417
8415
8413
8413
8431
8411
8410
8408
8407
8405
8405
8404
8404
8403
8400
8397
8396
8394
8392
8391
8390
8390
8389
8386
8382
8381
8381
8377
8376
8375
8373
8372
8372
8370
8362
8361
8361
8360
8359
8355
8352
8349
8349
8348
8347
8346
8344
8339
8336
8334
8334
8330
8329
8329
8328
8326
8323
8322
8320
8315
8308
8307
8304
8304
8303
8300
8299
8298
8293
8291
8291
8288
8288
8288
8286
8286
8284
8283
8281
8281
8279
8272
8264
8263
8260
8259
8256
8256
8255
8255
8253
8252
8251
8250
8249
8249
8248
8247
8246
8245
8244
8244
8241
8233
8232
8224
8223
8218
8217
8214
8212
8211
8211
8209
8209
8204
8204
8204
8203
8202
8201
8223
8195
8190
8189
8188
8181
8179
8177
8177
8174
8173
8171
8170
8168
8164
8163
8162
8162
8161
8160
8156
8155
8153
8153
8151
8149
8147
8141
8139
8137
8136
8134
8133
8133
8133
8150
8131
8129
8128
8128
8121
8121
8115
8113
8111
8128
8110
8107
8107
8107
8106
8102
8101
8101
8101
8100
8099
8096
8094
8093
8090
8089
8089
8087
8085
8085
8076
8075
8069
8064
8063
8057
8057
8056
8050
8051
8044
8040
8039
8034
8033
8033
8032
8032
8029
8027
8027
8025
8022
8021
8020
8019
8018
8016
8014
8011
8008
8020
8007
8006
8006
8005
7999
7999
7999
7999
7995
7993
7991
7990
7990
7988
7987
7986
7985
7984
7997
7977
7973
7972
8000
7967
7967
7966
7962
7960
7976
7959
7959
7959
7956
7953
7952
7950
7950
7950
7950
7948
7948
7943
7943
7939
7939
7938
7938
7938
7934
7933
7930
7930
7928
7927
7926
7960
7921
7916
7916
7915
7929
7910
7907
7904
7903
7901
7901
7896
7895
7891
7891
7890
7889
7888
7886
7885
7881
7879
7877
7876
7875
7874
7898
7873
7873
7874
7869
7869
7866
7864
7862
7860
7855
7852
7849
7846
7843
7843
7840
7838
7838
7838
7835
7834
7834
7833
7832
7841
7830
7829
7826
7823
7818
7818
7814
7811
7809
7807
7806
7806
7805
7799
7800
7791
7791
7790
7789
7788
7787
7787
7784
7783
7783
7783
7776
7776
7776
7773
7772
7770
7768
7768
7767
7766
7762
7761
7759
7758
7758
7758
7755
7755
7754
7753
7750
7750
7747
7745
7744
7743
7742
7742
7741
7741
7738
7738
7735
7733
7731
7726
7725
7724
7724
7721
7720
7719
7715
7713
7706
7705
7704
7704
7699
7693
7687
7674
7669
7668
7689
7665
7664
7663
7661
7661
7659
7657
7657
7657
7649
7648
7648
7643
7643
7642
7642
7641
7638
7638
7634
7633
7630
7630
7628
7626
7626
7626
7624
7624
7620
7618
7618
7617
7617
7616
7614
7613
7612
7620
7604
7602
7601
7595
7595
7593
7589
7588
7586
7583
7580
7577
7575
7575
7578
7573
7572
7571
7570
7569
7568
7567
7563
7561
7558
7557
7556
7589
7547
7539
7539
7534
7533
7532
7531
7531
7530
7529
7529
7527
7526
7524
7523
7522
7521
7518
7512
7512
7560
7512
7510
7509
7508
7506
7506
7505
7503
7502
7501
7500
7498
7496
7491
7488
7488
7485
7485
7482
7481
7479
7474
7472
7471
7501
7468
7466
7464
7458
7458
7457
7457
7455
7455
7453
7450
7446
7472
7445
7444
7443
7443
7441
7432
7430
7429
7427
7425
7420
7415
7427
7414
7409
7409
7407
7402
7401
7398
7397
7427
7395
7391
7386
7379
7378
7373
7367
7367
7365
7363
7361
7359
7358
7354
7352
7350
7348
7344
7343
7342
7341
7335
7333
7332
7331
7330
7326
7321
7321
7319
7314
7314
7313
7313
7312
7311
7310
7310
7310
7308
7307
7306
7306
7305
7304
7304
7301
7299
7298
7296
7290
7286
7285
7285
7285
7284
7283
7283
7282
7282
7280
7276
7275
7273
7273
7271
7270
7265
7264
7262
7261
7260
7259
7257
7255
7250
7249
7249
7248
7244
7243
7243
7240
7240
7239
7238
7236
7229
7227
7223
7222
7222
7220
7220
7219
7219
7215
7215
7210
7206
7205
7204
7203
7239
7199
7199
7198
7198
7198
7197
7195
7193
7191
7191
7188
7187
7187
7186
7186
7186
7185
7184
7182
7180
7179
7176
7174
7174
7173
7172
7175
7167
7165
7165
7165
7163
7161
7158
7157
7157
7154
7154
7150
7149
7147
7147
7147
7146
7142
7142
7141
7137
7134
7134
7133
7131
7130
7128
7138
7125
7122
7121
7120
7113
7107
7103
7102
7102
7101
7100
7098
7096
7093
7090
7089
7088
7087
7087
7086
7086
7086
7084
7084
7079
7078
7077
7074
7072
7070
7070
7066
7065
7064
7059
7059
7058
7057
7057
7056
7057
7052
7049
7049
7048
7047
7046
7046
7040
7040
7039
7038
7036
7035
7034
7033
7031
7030
7027
7023
7019
7018
7016
7016
7016
7014
7009
7009
7006
7006
7005
7001
7000
7000
6999
6998
6996
6995
6995
6995
6995
6993
6992
6990
6990
6989
6988
6987
6986
6985
6983
6982
6998
6981
6981
6980
6978
6978
6976
6976
6974
6967
6966
6965
6964
6964
6962
6960
6960
6959
6983
6958
6956
6955
6953
6953
6952
6951
6950
6947
6946
6946
6945
6945
6943
6941
6940
6938
6935
6935
6934
6932
6930
6937
6927
6925
6920
6954
6917
6932
6915
6914
6934
6912
6912
6911
6910
6908
6903
6901
6900
6900
6899
6899
6897
6896
6892
6891
6888
6883
6881
6881
6880
6876
6876
6875
6971
6872
6872
6872
6872
6869
6865
6863
6862
6860
6856
6855
6850
6847
6844
6842
6840
6840
6833
6832
6830
6829
6825
6824
6823
6823
6822
6822
6822
6821
6820
6816
6814
6829
6814
6814
6813
6813
6813
6807
6807
6807
6805
6805
6804
6804
6803
6802
6800
6799
6798
6797
6797
6797
6796
6794
6794
6793
6793
6793
6792
6790
6790
6790
6789
6787
6787
6785
6785
6784
6784
6784
6782
6781
6779
6778
6776
6773
6773
6769
6769
6768
6767
6766
6765
6765
6762
6762
6759
6758
6756
6755
6754
6753
6750
6750
6749
6747
6760
6746
6743
6742
6739
6739
6736
6736
6736
6736
6735
6734
6733
6732
6732
6731
6731
6728
6728
6728
6726
6724
6724
6723
6720
6719
6718
6717
6717
6714
6711
6711
6710
6709
6708
6707
6707
6707
6705
6702
6702
6702
6701
6699
6698
6698
6695
6695
6694
6690
6690
6685
6685
6684
6683
6683
6683
6682
6679
6676
6673
6673
6673
6678
6666
6666
6662
6662
6661
6660
6666
6658
6656
6655
6654
6652
6649
6648
6647
6642
6641
6638
6636
6634
6633
6632
6632
6631
6629
6628
6628
6627
6627
6669
6622
6621
6620
6619
6617
6617
6616
6614
6613
6611
6612
6610
6608
6608
6607
6606
6603
6602
6599
6596
6596
6593
6589
6588
6584
6561
6583
6581
6580
6577
6576
6574
6572
6571
6571
6569
6569
6569
6569
6569
6567
6563
6561
6561
6560
6558
6558
6558
6556
6554
6553
6549
6548
6546
6546
6544
6538
6538
6537
6535
6535
6532
6531
6531
6528
6527
6525
6523
6521
6520
6520
6520
6519
6518
6517
6516
6514
6513
6512
6512
6507
6505
6505
6505
6504
6504
6500
6500
6499
6499
6496
6495
6495
6493
6491
6491
6489
6487
6503
6486
6485
6485
6484
6484
6483
6482
6479
6479
6478
6476
6475
6477
6469
6469
6489
6467
6462
6463
6460
6458
6458
6454
6453
6452
6451
6451
6449
6448
6447
6446
6440
6439
6439
6438
6436
6436
6435
6435
6434
6434
6433
6432
6428
6427
6427
6427
6427
6425
6425
6424
6423
6422
6421
6420
6419
6414
6414
6412
6411
6411
6406
6404
6404
6404
6401
6400
6400
6399
6397
6393
6392
6391
6389
6387
6384
6383
6383
6381
6381
6380
6377
6376
6372
6371
6370
6370
6370
6369
6368
6367
6366
6365
6364
6363
6361
6361
6360
6358
6361
6355
6355
6348
6347
6344
6344
6345
6342
6342
6338
6337
6334
6334
6334
6333
6333
6332
6330
6329
6328
6328
6327
6326
6326
6325
6324
6324
6324
6323
6323
6319
6316
6312
6310
6307
6307
6306
6306
6310
6304
6302
6297
6295
6293
6291
6291
6290
6289
6288
6286
6285
6283
6281
6280
6280
6278
6277
6275
6274
6273
6273
6270
6268
6268
6262
6261
6257
6256
6253
6253
6252
6247
6247
6244
6245
6241
6241
6243
6238
6238
6238
6236
6233
6233
6230
6230
6227
6226
6224
6224
6222
6221
6220
6217
6217
6215
6214
6214
6219
6207
6206
6206
6205
6205
6204
6203
6202
6200
6200
6199
6199
6198
6198
6198
6197
6195
6195
6195
6193
6192
6191
6211
6190
6188
6185
6183
6183
6182
6180
6179
6178
6178
6177
6175
6170
6169
6169
6169
6169
6169
6169
6169
6168
6168
6167
6166
6166
6166
6164
6164
6161
6160
6160
6159
6158
6157
6157
6156
6155
6155
6154
6153
6153
6152
6152
6152
6152
6151
6151
6150
6150
6149
6148
6148
6147
6146
6145
6148
6144
6143
6142
6145
6140
6138
6136
6136
6135
6133
6133
6133
6132
6131
6131
6131
6130
6129
6129
6128
6128
6126
6126
6135
6126
6125
6125
6124
6122
6121
6120
6119
6115
6115
6115
6114
6114
6113
6112
6112
6108
6108
6105
6104
6104
6103
6103
6101
6099
6098
6098
6099
6095
6094
6094
6093
6092
6092
6089
6087
6083
6082
6080
6079
6079
6077
6077
6076
6075
6073
6072
6070
6069
6068
6067
6066
6064
6063
6061
6060
6059
6058
6057
6054
6053
6053
6050
6049
6049
6049
6049
6048
6047
6047
6047
6042
6041
6061
6039
6039
6037
6036
6035
6033
6033
6032
6032
6032
6031
6030
6029
6027
6025
6026
6022
6019
6019
6019
6019
6017
6041
6016
6016
6016
6015
6015
6018
6013
6012
6011
6011
6010
6009
6009
6008
6008
6007
6003
5999
5998
5998
5997
6037
5996
5994
5994
5988
5988
5987
5987
5987
5986
5985
5984
5983
5983
5981
5981
5980
5980
5977
5976
5975
5975
5972
5967
5967
5965
5963
5963
5962
5961
5960
5960
5959
5958
5957
5956
5956
5955
5954
5953
5953
5953
5952
5950
5949
5945
5945
5945
5945
5944
5941
5940
5939
5933
5933
5933
5931
5931
5930
5928
5927
5926
5926
5923
5921
5921
5921
5921
5919
5919
5917
5915
5914
5912
5911
5908
5906
5905
5903
5902
5902
5901
5900
5900
5900
5897
5897
5894
5893
5891
5890
5888
5887
5886
5886
5883
5911
5880
5880
5878
5875
5875
5874
5873
5872
5871
5869
5865
5864
5864
5864
5861
5859
5858
5855
5852
5849
5849
5849
5847
5846
5845
5844
5843
5843
5843
5842
5841
5840
5840
5840
5838
5834
5833
5833
5832
5832
5831
5830
5829
5829
5827
5826
5828
5823
5823
5822
5818
5817
5816
5815
5815
5823
5814
5813
5812
5812
5811
5810
5810
5809
5809
5808
5808
5806
5806
5806
5805
5801
5801
5798
5797
5796
5794
5794
5684
5792
5792
5791
5789
5788
5814
5787
5784
5782
5782
5781
5780
5775
5771
5770
5769
5768
5768
5767
5766
5764
5763
5763
5762
5761
5760
5758
5757
5757
5757
5756
5756
5755
5755
5752
5751
5769
5750
5750
5748
5746
5745
5751
5744
5743
5785
5742
5742
5739
5739
5739
5736
5753
5735
5735
5733
5732
5730
5730
5729
5728
5728
5727
5726
5725
5725
5724
5721
5721
5719
5719
5719
5718
5719
5716
5716
5716
5715
5714
5714
5713
5710
5709
5709
5709
5708
5706
5706
5755
5704
5702
5701
5701
5699
5698
5696
5694
5693
5693
5691
5689
5688
5686
5683
5683
5683
5683
5682
5681
5681
5680
5677
5676
5676
5673
5673
5672
5671
5670
5670
5670
5667
5666
5665
5664
5662
5660
5659
5658
5657
5655
5653
5652
5652
5651
5649
5649
5648
5647
5646
5645
5643
5648
5640
5639
5638
5638
5638
5635
5634
5599
5633
5632
5631
5630
5637
5629
5624
5622
5620
5620
5620
5619
5618
5617
5616
5614
5614
5614
5611
5610
5608
5608
5605
5604
5602
5601
5607
5600
5597
5596
5596
5595
5595
5595
5595
5595
5593
5592
5591
5589
5589
5589
5589
5588
5588
5587
5586
5586
5585
5585
5584
5583
5582
5582
5581
5580
5578
5577
5576
5576
5576
5574
5574
5573
5571
5571
5567
5566
5563
5563
5562
5561
5561
5561
5559
5559
5558
5556
5556
5556
5555
5555
5554
5553
5552
5552
5551
5550
5550
5546
5546
5545
5544
5543
5543
5542
5541
5540
5540
5538
5537
5536
5535
5533
5533
5533
5532
5531
5530
5529
5529
5528
5527
5525
5525
5524
5524
5523
5523
5521
5520
5517
5517
5516
5516
5515
5514
5512
5512
5511
5511
5509
5509
5507
5506
5503
5503
5511
5501
5501
5500
5499
5499
5498
5497
5496
5495
5495
5494
5492
5492
5491
5491
5491
5488
5488
5487
5486
5484
5483
5482
5482
5481
5479
5479
5478
5477
5476
5474
5474
5473
5473
5470
5470
5470
5470
5466
5460
5460
5459
5459
5459
5457
5457
5457
5455
5454
5454
5453
5453
5451
5451
5451
5457
5447
5447
5445
5445
5444
5443
5442
5442
5442
5438
5438
5438
5437
5437
5437
5434
5434
5433
5432
5429
5429
5428
5428
5425
5425
5423
5423
5422
5422
5421
5419
5419
5418
5418
5417
5415
5415
5415
5414
5414
5413
5413
5413
5413
5413
5412
5411
5411
5410
5409
5408
5408
5407
5405
5404
5401
5401
5400
5400
5393
5393
5393
5392
5392
5391
5391
5390
5389
5389
5388
5388
5387
5385
5384
5384
5383
5383
5383
5382
5380
5379
5378
5378
5378
5372
5372
5372
5369
5368
5412
5367
5367
5366
5366
5366
5365
5365
5365
5364
5363
5362
5361
5360
5359
5359
5359
5358
5358
5356
5355
5355
5354
5353
5352
5350
5349
5348
5346
5346
5345
5349
5345
5344
5344
5343
5342
5342
5342
5341
5340
5339
5339
5338
5337
5337
5336
5335
5334
5334
5334
5332
5331
5329
5324
5324
5323
5322
5320
5318
5318
5317
5317
5315
5313
5312
5312
5309
5309
5309
5308
5308
5307
5307
5307
5306
5306
5305
5305
5305
5304
5304
5303
5301
5301
5301
5300
5300
5299
5299
5298
5298
5297
5297
5297
5295
5295
5295
5294
5293
5298
5292
5291
5290
5290
5289
5288
5287
5287
5283
5283
5283
5283
5280
5280
5280
5279
5277
5276
5273
5272
5272
5272
5270
5268
5267
5267
5266
5266
5265
5264
5264
5262
5258
5256
5292
5254
5253
5253
5252
5250
5250
5250
5248
5247
5244
5243
5243
5241
5240
5239
5239
5238
5237
5236
5235
5234
5232
5232
5232
5231
5230
5230
5268
5227
5225
5222
5242
5222
5221
5219
5219
5219
5218
5218
5216
5216
5214
5213
5212
5210
5209
5208
5207
5206
5205
5204
5204
5203
5203
5202
5201
5201
5201
5206
5200
5198
5198
5198
5197
5192
5192
5192
5192
5191
5191
5189
5189
5188
5188
5187
5187
5186
5186
5184
5184
5182
5181
5179
5178
5177
5177
5176
5175
5174
5174
5173
5172
5172
5172
5172
5171
5171
5170
5169
5184
5168
5167
5166
5165
5165
5164
5163
5160
5158
5158
5155
5154
5154
5154
5154
5152
5152
5152
5151
5150
5149
5149
5148
5148
5148
5147
5147
5146
5144
5142
5142
5142
5141
5141
5139
5139
5139
5138
5138
5137
5132
5132
5131
5130
5130
5126
5125
5125
5126
5122
5122
5121
5121
5121
5121
5121
5119
5119
5118
5117
5116
5115
5115
5114
5113
5112
5111
5109
5108
5112
5107
5104
5104
5104
5102
5101
5100
5098
5098
5096
5091
5091
5089
5088
5087
5087
5087
5084
5083
5082
5082
5082
5079
5078
5077
5074
5074
5073
5073
5073
5072
5069
5069
5068
5068
5067
5067
5067
5067
5066
5066
5066
5065
5064
5064
5064
5063
5063
5063
5062
5061
5060
5060
5058
5058
5057
5073
5056
5054
5053
5052
5052
5052
5050
5048
5047
5044
5043
5040
5039
5036
5036
5035
5035
5034
5032
5032
5031
5031
5030
5027
5027
5025
5025
5024
5023
5023
5038
5020
5020
5020
5017
5015
5013
5013
5012
5011
5010
5010
5009
5008
5007
5006
5005
5004
5002
5001
5001
5000
4999
4999
4998
4996
4995
4994
4991
4990
4990
4989
4988
4992
4987
4987
4986
4985
4985
4983
4982
4981
4980
4980
4979
4977
4977
4976
4976
4975
4974
4973
4973
4972
4972
4969
4968
4968
4968
4967
4967
4967
4966
4966
4963
4963
4963
4961
4960
4959
4957
4956
4956
4955
4954
4951
4950
4950
4949
4948
4987
4947
4947
4946
4946
4946
4944
4944
4943
4941
4939
4939
4938
4938
4872
4936
4936
4935
4935
4934
4934
4934
4933
4932
4929
4929
4928
4927
4927
4927
4926
4924
4924
4924
4923
4922
4922
4920
4920
4919
4918
4918
4917
4917
4915
4914
4913
4913
4913
4913
4913
4912
4911
4911
4910
4910
4910
4910
4909
4909
4909
4909
4909
4908
4908
4908
4907
4907
4906
4906
4906
4906
4905
4905
4904
4903
4902
4900
4900
4899
4899
4898
4898
4897
4897
4897
4897
4896
4895
4895
4894
4893
4890
4887
4887
4886
4883
4883
4883
4882
4881
4881
4880
4880
4880
4879
4878
4876
4876
4875
4875
4874
4874
4873
4873
4873
4872
4871
4869
4869
4869
4869
4868
4868
4867
4867
4867
4865
4865
4865
4863
4862
4861
4861
4860
4859
4859
4859
4859
4858
4857
4856
4855
4855
4855
4853
4853
4852
4850
4849
4849
4849
4848
4847
4847
4847
4845
4845
4845
4844
4843
4842
4840
4840
4838
4837
4837
4836
4836
4835
4835
4835
4835
4834
4834
4843
4832
4829
4828
4827
4826
4826
4826
4826
4826
4824
4822
4822
4822
4821
4821
4821
4820
4820
4819
4819
4818
4817
4816
4816
4814
4813
4812
4812
4812
4810
4813
4810
4810
4810
4810
4809
4809
4809
4809
4809
4808
4808
4807
4807
4806
4805
4805
4805
4805
4804
4803
4801
4801
4800
4800
4800
4799
4799
4797
4796
4796
4795
4795
4795
4795
4795
4793
4792
4792
4791
4791
4789
4788
4788
4786
4786
4784
4784
4783
4782
4781
4781
4781
4779
4776
4775
4775
4775
4775
4774
4774
4774
4773
4772
4772
4772
4771
4771
4771
4770
4769
4767
4766
4764
4763
4762
4760
4760
4758
4758
4757
4757
4757
4755
4754
4753
4750
4749
4748
4748
4747
4746
4745
4743
4740
4740
4740
4738
4737
4736
4736
4735
4734
4734
4733
4733
4733
4732
4730
4729
4729
4729
4728
4728
4727
4726
4724
4722
4722
4722
4719
4718
4716
4715
4715
4715
4715
4713
4713
4713
4712
4710
4710
4709
4709
4708
4707
4707
4706
4706
4705
4705
4704
4704
4704
4704
4703
4702
4702
4701
4700
4700
4700
4700
4700
4699
4699
4699
4698
4698
4697
4696
4696
4695
4694
4693
4693
4693
4693
4692
4692
4691
4691
4690
4689
4687
4686
4686
4685
4684
4681
4680
4680
4679
4678
4677
4677
4676
4676
4676
4676
4675
4673
4672
4672
4672
4672
4671
4670
4669
4668
4667
4666
4665
4665
4663
4663
4663
4661
4657
4657
4654
4652
4652
4652
4651
4651
4651
4658
4649
4649
4649
4648
4648
4647
4647
4647
4646
4645
4644
4644
4644
4642
4641
4645
4638
4637
4637
4636
4636
4634
4633
4632
4632
4632
4631
4595
4630
4630
4629
4629
4628
4628
4628
4627
4626
4625
4625
4624
4624
4621
4621
4621
4664
4620
4619
4619
4618
4618
4617
4615
4614
4614
4614
4613
4613
4613
4612
4612
4609
4608
4607
4606
4606
4605
4604
4604
4603
4603
4603
4603
4602
4601
4600
4600
4600
4600
4599
4599
4598
4597
4596
4595
4594
4594
4593
4592
4592
4591
4591
4590
4589
4588
4588
4588
4587
4586
4586
4586
4588
4585
4584
4584
4583
4583
4583
4582
4581
4581
4581
4581
4581
4580
4580
4579
4578
4578
4576
4576
4575
4575
4575
4574
4574
4591
4573
4609
4594
4572
4571
4571
4569
4567
4566
4563
4562
4562
4562
4561
4561
4561
4561
4560
4560
4560
4559
4559
4559
4559
4558
4558
4566
4556
4556
4555
4555
4554
4553
4553
4553
4552
4552
4551
4551
4551
4551
4550
4549
4547
4547
4547
4546
4545
4545
4544
4544
4543
4543
4542
4541
4540
4539
4539
4538
4535
4534
4534
4532
4555
4531
4531
4531
4530
4530
4530
4529
4529
4527
4527
4526
4538
4526
4525
4524
4524
4523
4523
4522
4521
4520
4520
4519
4518
4518
4518
4517
4517
4516
4516
4516
4520
4515
4515
4515
4514
4513
4512
4512
4512
4511
4511
4509
4509
4509
4508
4507
4507
4506
4506
4506
4506
4506
4505
4504
4504
4504
4503
4501
4500
4499
4499
4499
4498
4497
4496
4496
4495
4495
4495
4494
4494
4493
4493
4493
4492
4492
4491
4490
4490
4490
4490
4489
4488
4488
4487
4487
4487
4487
4487
4498
4486
4484
4484
4482
4482
4481
4481
4481
4480
4480
4479
4478
4484
4477
4476
4475
4475
4474
4474
4474
4473
4473
4473
4472
4471
4470
4469
4468
4468
4467
4467
4466
4466
4465
4463
4463
4461
4461
4460
4458
4458
4457
4457
4457
4456
4455
4455
4455
4454
4453
4452
4452
4452
4452
4452
4452
4451
4451
4451
4451
4450
4448
4448
4448
4447
4446
4444
4443
4442
4441
4440
4440
4440
4440
4439
4438
4443
4437
4434
4434
4434
4434
4434
4433
4433
4432
4432
4431
4431
4431
4430
4430
4431
4430
4430
4429
4428
4427
4425
4424
4424
4424
4422
4421
4419
4418
4417
4416
4416
4415
4414
4413
4413
4413
4412
4412
4411
4411
4411
4410
4409
4408
4406
4405
4404
4404
4404
4403
4403
4402
4402
4401
4400
4400
4399
4397
4397
4397
4396
4396
4403
4394
4394
4392
4391
4389
4389
4389
4388
4388
4388
4387
4387
4387
4392
4386
4384
4384
4383
4382
4382
4382
4382
4381
4381
4380
4379
4379
4379
4379
4379
4379
4378
4378
4381
4377
4377
4377
4377
4375
4374
4373
4373
4372
4372
4372
4372
4372
4373
4371
4371
4371
4370
4369
4369
4369
4369
4369
4368
4368
4368
4367
4367
4367
4367
4366
4366
4365
4365
4364
4360
4358
4358
4357
4356
4356
4354
4354
4353
4353
4353
4352
4351
4351
4350
4350
4361
4350
4349
4349
4349
4348
4348
4347
4346
4346
4345
4344
4343
4343
4343
4342
4342
4341
4341
4341
4340
4339
4337
4336
4368
4335
4334
4334
4333
4333
4333
4330
4329
4329
4329
4329
4328
4329
4328
4328
4327
4327
4327
4327
4327
4326
4326
4324
4324
4324
4323
4323
4322
4322
4321
4321
4321
4320
4319
4319
4318
4318
4318
4318
4318
4317
4317
4317
4315
4315
4315
4315
4314
4314
4314
4314
4313
4313
4312
4351
4308
4307
4307
4306
4346
4310
4305
4304
4303
4302
4302
4302
4301
4301
4301
4301
4300
4299
4299
4298
4297
4297
4297
4297
4296
4296
4294
4294
4294
4294
4293
4293
4292
4292
4292
4292
4291
4291
4290
4290
4290
4290
4289
4289
4288
4287
4286
4286
4285
4284
4284
4284
4283
4283
4282
4281
4281
4280
4280
4279
4279
4278
4278
4278
4277
4277
4277
4277
4277
4276
4276
4276
4275
4273
4288
4272
4272
4272
4272
4271
4271
4271
4270
4267
4266
4266
4266
4265
4265
4264
4262
4262
4262
4261
4261
4259
4258
4257
4257
4256
4255
4255
4254
4254
4276
4252
4251
4251
4270
4250
4250
4249
4249
4249
4248
4247
4245
4244
4244
4244
4244
4243
4242
4242
4241
4241
4241
4240
4240
4240
4239
4239
4239
4238
4238
4238
4237
4237
4236
4236
4236
4236
4235
4235
4235
4234
4234
4234
4232
4231
4231
4231
4231
4230
4230
4230
4230
4229
4229
4229
4229
4228
4228
4228
4227
4227
4227
4227
4226
4223
4223
4223
4222
4222
4222
4221
4221
4221
4220
4220
4219
4218
4217
4217
4217
4215
4214
4214
4214
4214
4214
4214
4214
4213
4213
4213
4212
4212
4212
4210
4210
4210
4209
4209
4209
4209
4208
4208
4207
4206
4206
4206
4206
4205
4205
4205
4205
4205
4204
4240
4204
4203
4203
4203
4202
4201
4200
4199
4198
4198
4205
4197
4196
4196
4196
4195
4195
4195
4195
4194
4215
4203
4193
4192
4191
4190
4190
4189
4189
4189
4189
4189
4188
4188
4187
4187
4187
4186
4185
4185
4184
4184
4184
4182
4182
4186
4180
4180
4180
4179
4179
4179
4179
4180
4178
4177
4177
4176
4175
4174
4174
4174
4174
4173
4173
4172
4171
4171
4171
4170
4170
4166
4168
4168
4167
4166
4166
4166
4165
4165
4164
4164
4163
4163
4162
4162
4162
4161
4161
4160
4160
4159
4159
4158
4157
4157
4156
4156
4155
4154
4154
4152
4152
4150
4150
4149
4148
4148
4148
4147
4146
4146
4146
4144
4143
4143
4143
4143
4140
4140
4139
4138
4137
4137
4137
4137
4136
4135
4135
4135
4134
4134
4134
4134
4132
4132
4132
4129
4127
4125
4125
4124
4123
4122
4122
4121
4120
4120
4120
4120
4120
4118
4118
4118
4117
4117
4117
4116
4116
4116
4116
4115
4115
4114
4114
4113
4112
4137
4111
4111
4111
4111
4109
4108
4108
4107
4107
4106
4106
4104
4103
4104
4100
4100
4148
4099
4098
4097
4097
4095
4095
4095
4095
4094
4093
4093
4093
4092
4092
4092
4091
4090
4089
4089
4088
4087
4086
4086
4086
4086
4085
4085
4083
4083
4083
4083
4083
4083
4083
4082
4082
4082
4081
4080
4079
4078
4078
4078
4075
4075
4075
4075
4074
4073
4073
4072
4072
4072
4071
4071
4071
4070
4070
4070
4070
4068
4068
4067
4067
4067
4081
4066
4065
4065
4064
4064
4063
4062
4061
4060
4061
4057
4057
4056
4056
4056
4056
4056
4055
4055
4054
4054
4053
4052
4052
4052
4052
4052
4051
4050
4050
4049
4049
4047
4047
4046
4046
4046
4044
4044
4044
4043
4043
4043
4042
4042
4041
4041
4041
4041
4041
4041
4040
4040
4040
4039
4039
4039
4042
4038
4038
4037
4037
4036
4036
4035
4035
4035
4034
4033
4032
4032
4032
4037
4032
4032
4032
4030
4030
4030
4028
4026
4026
4065
4025
4024
4028
4022
4022
4022
4022
4022
4021
4020
4018
4018
4017
4017
4016
4016
4016
4015
4015
4024
4014
4013
4013
4013
4012
4012
4012
4011
4010
4010
4009
4009
4009
4008
4008
4008
4008
4005
4005
4004
4003
4002
4002
4002
4002
4001
4001
4000
4000
3999
3999
3999
3998
3997
3997
3997
3994
3994
3994
3993
3993
3992
3992
3991
3991
3990
3990
3989
3989
3989
3987
3987
3986
3985
3985
3985
3985
3984
3984
3984
3984
3984
3984
3983
3982
3982
3980
3980
3980
3976
3976
3975
3975
3975
3975
3974
3974
3974
3974
3973
3973
3973
3972
3972
3971
3969
3969
3969
3969
3968
3965
3963
3962
3962
3961
3960
3960
3958
3958
3958
3957
3956
3956
3955
3955
3954
3953
3964
3953
3951
3951
3951
3951
3951
3950
3950
3949
3949
3949
3947
3946
3946
3946
3945
3945
3944
3944
3943
3943
3942
3942
3941
3941
3941
3941
3940
3940
3940
3939
3939
3939
3939
3939
3937
3937
3937
3937
3936
3935
3935
3933
3933
3932
3932
3931
3931
3931
3931
3930
3930
3930
3929
3929
3928
3928
3927
3927
3926
3924
3924
3923
3923
3923
3923
3922
3922
3921
3921
3921
3920
3920
3919
3919
3918
3917
3917
3917
3916
3915
3913
3912
3912
3910
3909
3909
3909
3908
3908
3908
3908
3907
3906
3906
3905
3905
3904
3906
3903
3903
3902
3901
3901
3900
3900
3899
3898
3897
3897
3896
3896
3895
3895
3894
3894
3893
3893
3897
3892
3892
3892
3892
3891
3891
3891
3891
3891
3890
3889
3889
3888
3888
3888
3887
3887
3887
3887
3886
3885
3893
3885
3885
3885
3884
3882
3882
3881
3881
3880
3880
3880
3880
3880
3878
3878
3878
3878
3878
3877
3877
3877
3876
3876
3875
3875
3875
3875
3874
3874
3874
3873
3873
3873
3873
3872
3872
3871
3871
3870
3867
3866
3865
3865
3868
3864
3864
3864
3864
3863
3863
3871
3861
3861
3861
3861
3861
3860
3859
3857
3856
3856
3855
3855
3855
3855
3854
3853
3853
3853
3852
3852
3851
3851
3850
3850
3849
3849
3849
3849
3848
3848
3848
3847
3847
3847
3847
3847
3847
3846
3845
3845
3845
3845
3844
3809
3842
3842
3840
3840
3859
3840
3839
3839
3838
3838
3838
3838
3837
3837
3836
3836
3836
3834
3834
3834
3833
3832
3832
3832
3832
3831
3830
3830
3830
3829
3829
3829
3828
3828
3827
3826
3826
3826
3825
3825
3824
3824
3821
3821
3821
3821
3821
3821
3820
3819
3819
3819
3819
3818
3818
3817
3817
3816
3816
3816
3816
3815
3815
3814
3814
3813
3812
3812
3812
3811
3810
3809
3808
3808
3808
3807
3807
3806
3805
3804
3804
3803
3803
3803
3802
3802
3801
3801
3801
3801
3800
3800
3800
3799
3799
3798
3798
3798
3797
3797
3797
3796
3796
3795
3795
3794
3794
3793
3793
3793
3810
3793
3792
3792
3791
3789
3789
3789
3789
3789
3788
3787
3786
3786
3786
3786
3785
3785
3785
3784
3784
3784
3784
3784
3784
3783
3783
3783
3782
3782
3781
3780
3779
3779
3779
3778
3778
3778
3777
3777
3777
3776
3776
3776
3776
3776
3776
3775
3775
3775
3774
3774
3774
3773
3772
3772
3772
3771
3779
3771
3769
3768
3768
3768
3768
3767
3767
3767
3767
3767
3766
3766
3765
3765
3764
3764
3764
3764
3763
3762
3762
3761
3761
3760
3759
3759
3758
3758
3756
3756
3756
3755
3754
3754
3752
3751
3750
3750
3750
3750
3749
3749
3749
3748
3748
3748
3748
3748
3746
3746
3744
3744
3744
3744
3744
3743
3743
3742
3742
3741
3741
3741
3741
3740
3739
3739
3739
3739
3738
3738
3738
3738
3737
3737
3768
3737
3736
3736
3736
3736
3736
3735
3735
3734
3734
3753
3733
3733
3732
3732
3731
3731
3731
3731
3730
3730
3730
3730
3730
3729
3735
3729
3729
3728
3728
3728
3728
3728
3727
3727
3727
3727
3729
3725
3723
3723
3723
3723
3723
3722
3722
3722
3721
3720
3719
3718
3718
3717
3716
3716
3716
3715
3715
3715
3714
3714
3713
3712
3712
3712
3712
3711
3711
3710
3710
3708
3708
3708
3707
3707
3706
3706
3706
3706
3705
3705
3705
3705
3705
3704
3704
3704
3704
3704
3703
3702
3702
3702
3702
3701
3701
3701
3701
3700
3700
3699
3698
3698
3698
3697
3697
3697
3696
3696
3696
3696
3695
3695
3695
3694
3694
3694
3694
3694
3693
3693
3693
3692
3691
3691
3691
3691
3691
3690
3690
3690
3690
3689
3689
3688
3688
3687
3687
3687
3687
3687
3685
3684
3684
3684
3683
3683
3683
3682
3681
3681
3681
3681
3678
3678
3677
3677
3677
3677
3677
3677
3703
3676
3676
3675
3674
3671
3670
3670
3669
3669
3669
3668
3668
3668
3667
3667
3667
3666
3666
3663
3662
3662
3662
3661
3661
3661
3661
3660
3660
3660
3660
3659
3659
3659
3659
3658
3657
3657
3656
3656
3656
3656
3656
3655
3655
3654
3654
3653
3653
3653
3652
3651
3650
3650
3650
3649
3670
3649
3649
3648
3648
3648
3646
3645
3645
3648
3644
3644
3643
3643
3643
3642
3640
3639
3638
3637
3637
3636
3636
3634
3634
3634
3634
3634
3634
3634
3633
3631
3631
3631
3630
3630
3630
3629
3629
3629
3629
3629
3628
3628
3627
3627
3627
3626
3626
3626
3626
3625
3625
3625
3625
3624
3624
3623
3622
3622
3622
3621
3621
3620
3620
3620
3619
3619
3618
3617
3617
3617
3617
3616
3616
3616
3615
3615
3614
3614
3614
3613
3613
3613
3613
3612
3612
3612
3612
3612
3612
3611
3611
3611
3616
3610
3610
3610
3610
3610
3609
3609
3608
3608
3607
3607
3606
3606
3606
3606
3606
3605
3604
3604
3604
3603
3603
3602
3601
3601
3600
3600
3600
3614
3599
3599
3599
3598
3597
3597
3597
3597
3596
3596
3596
3596
3596
3595
3595
3595
3594
3594
3593
3593
3592
3591
3591
3590
3590
3589
3588
3588
3588
3588
3588
3587
3587
3586
3586
3586
3586
3585
3585
3584
3584
3583
3583
3583
3582
3581
3581
3581
3579
3579
3578
3578
3584
3577
3577
3576
3576
3576
3575
3575
3575
3574
3574
3574
3573
3573
3573
3573
3571
3571
3571
3570
3569
3569
3569
3567
3567
3567
3566
3566
3566
3566
3565
3565
3565
3565
3564
3564
3563
3562
3562
3562
3562
3562
3561
3561
3560
3560
3559
3559
3559
3559
3559
3558
3558
3556
3556
3556
3556
3555
3555
3552
3551
3551
3551
3550
3550
3550
3550
3550
3549
3549
3549
3549
3548
3548
3548
3547
3547
3547
3547
3546
3546
3546
3545
3544
3544
3543
3543
3543
3542
3542
3541
3541
3541
3540
3540
3540
3540
3538
3538
3538
3538
3538
3538
3538
3537
3536
3536
3536
3535
3535
3535
3535
3535
3532
3532
3531
3531
3531
3531
3529
3529
3529
3528
3528
3528
3528
3527
3526
3525
3524
3524
3523
3523
3523
3523
3523
3523
3522
3522
3522
3522
3521
3521
3521
3521
3520
3520
3520
3519
3519
3519
3519
3519
3518
3518
3517
3517
3517
3517
3517
3516
3516
3516
3516
3516
3515
3515
3515
3515
3515
3514
3514
3513
3513
3513
3512
3511
3511
3511
3511
3510
3510
3510
3510
3509
3509
3509
3509
3509
3508
3507
3513
3507
3507
3507
3507
3506
3505
3505
3505
3505
3505
3505
3504
3504
3504
3504
3504
3502
3502
3502
3501
3500
3500
3499
3499
3503
3498
3497
3497
3497
3497
3497
3496
3496
3496
3495
3495
3495
3494
3494
3494
3493
3493
3493
3492
3492
3491
3491
3490
3490
3490
3489
3488
3488
3487
3487
3487
3486
3486
3492
3486
3485
3485
3485
3485
3484
3483
3483
3483
3482
3482
3482
3482
3482
3482
3482
3480
3480
3480
3479
3479
3479
3478
3478
3477
3477
3475
3475
3473
3473
3472
3475
3471
3471
3471
3470
3470
3470
3469
3469
3469
3359
3469
3468
3468
3468
3468
3468
3467
3467
3467
3467
3467
3467
3465
3464
3464
3464
3464
3463
3463
3463
3463
3463
3463
3463
3463
3462
3461
3461
3461
3461
3461
3460
3460
3460
3459
3459
3459
3459
3458
3458
3457
3457
3456
3456
3456
3455
3455
3454
3453
3453
3453
3453
3451
3450
3450
3450
3449
3449
3449
3448
3447
3446
3446
3446
3445
3445
3444
3444
3444
3444
3444
3443
3443
3443
3443
3443
3443
3442
3442
3442
3442
3441
3441
3441
3441
3441
3440
3440
3440
3439
3439
3438
3438
3437
3436
3436
3436
3436
3435
3435
3435
3435
3434
3434
3434
3434
3433
3433
3433
3433
3432
3432
3432
3431
3431
3431
3431
3430
3430
3430
3429
3428
3428
3428
3427
3427
3427
3426
3426
3426
3426
3425
3424
3424
3424
3424
3424
3423
3423
3423
3423
3422
3422
3420
3418
3418
3418
3418
3418
3418
3418
3417
3417
3416
3416
3416
3416
3415
3415
3415
3415
3414
3413
3413
3413
3412
3412
3412
3411
3410
3410
3410
3410
3410
3409
3409
3409
3408
3407
3407
3406
3406
3406
3405
3404
3403
3403
3403
3401
3401
3400
3400
3400
3400
3400
3400
3399
3399
3399
3399
3399
3399
3398
3398
3398
3398
3397
3397
3397
3397
3397
3397
3397
3397
3397
3396
3396
3396
3396
3395
3395
3394
3394
3393
3393
3393
3392
3392
3392
3392
3391
3391
3391
3390
3390
3390
3390
3389
3389
3389
3389
3388
3388
3388
3388
3388
3387
3387
3387
3404
3387
3386
3386
3386
3386
3385
3385
3384
3384
3384
3383
3383
3383
3383
3383
3383
3382
3382
3381
3381
3381
3380
3380
3380
3379
3379
3379
3378
3378
3378
3378
3378
3378
3377
3377
3377
3377
3376
3375
3375
3375
3374
3373
3373
3373
3372
3372
3404
3371
3371
3370
3370
3370
3370
3369
3369
3369
3368
3368
3368
3367
3367
3367
3367
3366
3366
3364
3364
3363
3363
3363
3363
3362
3361
3361
3361
3361
3361
3360
3360
3360
3359
3358
3357
3357
3360
3356
3356
3355
3355
3355
3355
3354
3354
3353
3353
3353
3352
3352
3352
3352
3352
3352
3351
3351
3351
3351
3350
3350
3350
3350
3349
3349
3349
3349
3348
3348
3348
3348
3347
3346
3346
3345
3345
3344
3344
3343
3343
3343
3343
3343
3342
3342
3342
3342
3341
3341
3341
3345
3340
3340
3339
3339
3338
3338
3338
3338
3337
3337
3337
3337
3337
3336
3336
3336
3336
3335
3335
3334
3334
3333
3333
3333
3332
3332
3332
3331
3331
3331
3331
3330
3330
3329
3328
3328
3327
3327
3326
3326
3326
3326
3325
3325
3324
3324
3324
3323
3323
3322
3321
3321
3320
3320
3320
3319
3319
3319
3318
3318
3318
3318
3318
3317
3317
3316
3316
3316
3315
3315
3314
3314
3313
3313
3313
3312
3312
3312
3311
3311
3311
3311
3311
3311
3310
3310
3310
3310
3309
3309
3309
3308
3307
3307
3307
3307
3306
3306
3306
3304
3304
3304
3303
3303
3301
3301
3300
3300
3299
3299
3299
3299
3298
3297
3297
3297
3297
3330
3296
3296
3296
3296
3296
3295
3295
3294
3293
3293
3292
3292
3291
3291
3291
3291
3290
3289
3289
3288
3288
3287
3287
3287
3286
3286
3286
3286
3285
3285
3285
3285
3287
3284
3284
3284
3284
3284
3284
3283
3283
3283
3282
3293
3282
3281
3281
3281
3308
3279
3278
3278
3278
3278
3278
3277
3277
3277
3308
3276
3276
3275
3275
3275
3275
3273
3273
3273
3273
3272
3272
3272
3272
3272
3272
3271
3271
3270
3269
3268
3268
3267
3267
3266
3266
3266
3265
3265
3267
3264
3264
3263
3263
3262
3261
3261
3261
3261
3261
3260
3260
3259
3259
3258
3258
3258
3257
3257
3256
3256
3255
3255
3254
3254
3254
3254
3254
3253
3253
3253
3252
3252
3252
3251
3278
3248
3248
3247
3246
3246
3245
3245
3245
3245
3245
3244
3244
3243
3243
3243
3243
3243
3242
3242
3242
3242
3241
3246
3241
3241
3241
3240
3240
3239
3239
3238
3238
3239
3237
3237
3237
3237
3236
3235
3235
3234
3234
3234
3234
3233
3233
3232
3232
3232
3232
3231
3231
3231
3231
3230
3229
3229
3228
3228
3227
3227
3227
3227
3226
3226
3225
3225
3224
3224
3224
3224
3224
3223
3243
3223
3223
3222
3222
3220
3220
3219
3219
3219
3219
3219
3218
3218
3218
3217
3217
3217
3216
3215
3215
3215
3215
3214
3214
3214
3213
3213
3213
3213
3213
3213
3213
3213
3212
3212
3212
3212
3212
3211
3211
3211
3211
3211
3211
3211
3210
3210
3210
3210
3210
3209
3209
3209
3209
3208
3208
3208
3208
3208
3207
3206
3206
3206
3206
3206
3206
3206
3205
3205
3205
3205
3205
3205
3204
3204
3203
3203
3203
3202
3202
3201
3201
3201
3200
3200
3200
3199
3199
3199
3198
3198
3198
3197
3197
3197
3197
3195
3195
3195
3194
3194
3193
3193
3193
3193
3193
3193
3192
3192
3192
3191
3190
3190
3190
3190
3189
3189
3189
3189
3189
3188
3188
3188
3188
3188
3188
3188
3188
3188
3187
3187
3187
3187
3187
3186
3186
3186
3184
3184
3184
3183
3183
3183
3183
3182
3181
3181
3181
3180
3180
3180
3180
3179
3179
3179
3179
3179
3178
3178
3178
3178
3178
3177
3177
3177
3177
3177
3176
3176
3176
3176
3176
3176
3175
3175
3175
3175
3174
3174
3174
3172
3172
3172
3171
3171
3171
3171
3171
3170
3170
3170
3169
3168
3168
3168
3168
3166
3165
3165
3164
3164
3164
3164
3163
3163
3163
3163
3162
3162
3162
3162
3161
3161
3161
3161
3161
3161
3160
3160
3160
3160
3158
3158
3158
3157
3157
3156
3156
3156
3156
3156
3156
3155
3155
3182
3154
3153
3151
3151
3151
3151
3151
3150
3150
3150
3149
3149
3149
3149
3149
3149
3148
3148
3148
3147
3147
3147
3147
3146
3146
3146
3146
3145
3145
3145
3145
3144
3143
3143
3142
3142
3142
3142
3141
3141
3141
3141
3141
3141
3140
3140
3180
3140
3139
3139
3139
3139
3138
3138
3138
3138
3138
3138
3137
3137
3137
3136
3163
3136
3135
3135
3135
3135
3134
3134
3134
3133
3133
3133
3133
3133
3132
3132
3132
3132
3131
3131
3131
3131
3131
3131
3131
3130
3130
3129
3129
3129
3128
3128
3128
3128
3128
3127
3127
3126
3126
3126
3126
3125
3125
3124
3124
3124
3124
3123
3122
3122
3122
3122
3122
3122
3121
3121
3120
3120
3118
3136
3116
3116
3116
3115
3114
3114
3114
3113
3113
3113
3112
3112
3111
3111
3111
3110
3110
3110
3110
3109
3132
3109
3108
3108
3108
3108
3108
3107
3107
3106
3106
3106
3106
3106
3106
3106
3105
3105
3105
3105
3104
3135
3104
3104
3103
3103
3103
3103
3134
3103
3103
3102
3102
3102
3102
3101
3101
3101
3101
3101
3100
3099
3099
3098
3098
3098
3097
3097
3097
3097
3097
3097
3096
3096
3095
3095
3095
3095
3094
3093
3092
3092
3091
3091
3091
3091
3091
3089
3089
3089
3089
3089
3089
3089
3089
3088
3088
3088
3087
3086
3085
3085
3085
3085
3085
3085
3085
3084
3084
3084
3083
3083
3083
3083
3083
3083
3083
3082
3082
3081
3081
3081
3081
3081
3080
3080
3080
3080
3079
3079
3079
3078
3078
3077
3077
3077
3077
3077
3076
3076
3076
3075
3074
3074
3073
3073
3073
3072
3072
3072
3071
3070
3070
3070
3070
3069
3069
3069
3079
3068
3068
3067
3067
3067
3067
3066
3066
3065
3065
3065
3065
3065
3065
3065
3064
3064
3064
3064
3063
3063
3063
3062
3062
3061
3061
3060
3060
3059
3059
3059
3059
3059
3059
3059
3058
3058
3058
3058
3057
3057
3057
3057
3056
3056
3056
3055
3055
3065
3054
3054
3054
3054
3053
3053
3052
3052
3052
3058
3051
3051
3060
3049
3048
3048
3047
3047
3047
3047
3047
3046
3046
3046
3046
3046
3046
3045
3045
3044
3044
3044
3044
3044
3090
3043
3043
3042
3042
3042
3041
3041
3041
3041
3040
3040
3040
3040
3039
3039
3039
3038
3038
3038
3038
3038
3037
3036
3036
3035
3035
3035
3035
3035
3035
3034
3033
3033
3033
3032
3032
3032
3031
3031
3031
3030
3029
3029
3029
3029
3029
3028
3028
3028
3027
3027
3027
3027
3026
3026
3026
3026
3026
3026
3026
3026
3025
3025
3025
3025
3025
3025
3025
3025
3024
3024
3024
3024
3024
3024
3024
3023
3023
3022
3022
3022
3022
3021
3021
3021
3020
3020
3020
3020
3019
3018
3018
3018
3017
3017
3017
3017
3016
3016
3016
3016
3015
3015
3015
3015
3015
3015
3014
3014
3014
3037
3013
3011
3011
3011
3011
3011
3011
3010
3010
3010
3010
3010
3009
3009
3009
3008
3008
3007
3007
3007
3007
3006
3006
3006
3006
3006
3005
3005
3005
3005
3005
3005
3009
3005
3005
3005
3005
3003
3003
3003
3003
3002
3002
3002
3002
3001
3001
3010
