286696
240432
233132
225354
212452
206940
192682
186554
184646
180265
179716
170846
169973
160384
160062
158442
156159
153916
147239
143455
143166
137335
137066
134657
130924
128157
127268
124714
123494
123359
122209
120117
113571
112557
107702
107560
107414
102715
102692
101242
99953
98922
98823
98222
93490
93288
92978
91864
90931
89706
88840
85548
85409
85346
85045
84677
84628
84440
82538
81474
81423
80619
79948
79799
79343
77651
77640
77306
77116
76097
75817
75810
75758
74956
74941
74560
74288
73114
72831
72440
70867
70805
70752
69176
68658
68505
67998
67595
66795
66767
66580
65296
65136
65095
64876
64222
63923
63533
63316
62026
61852
61319
61297
61127
60835
60685
60625
60341
60023
59790
59669
59509
59478
58907
58835
58729
58616
58021
57948
57948
57610
57360
57251
57059
56943
56902
56622
56149
56119
55927
55912
55879
55811
55264
54545
54464
54305
53910
53696
53176
53128
52817
52744
52650
52296
51871
51708
51458
51321
50945
50878
50680
50533
50383
50166
49875
49803
49605
49378
49019
48891
48749
48349
48331
48287
48122
48108
48025
47982
47620
47501
47031
47023
46727
46707
46501
46041
45738
45655
45648
45439
45201
45185
45170
44902
44701
44444
44239
44107
43812
43626
43586
42894
42841
42512
42225
42129
42112
41920
41861
41637
41597
41497
41417
41351
41037
41009
40784
40664
40582
40573
40484
40450
40340
40286
39745
39684
39641
39468
39449
39345
39257
39160
39104
39049
38910
38885
38871
38699
38691
38585
38581
38472
38447
38395
38390
38369
38245
38001
37791
37660
37574
37413
37336
37228
37186
37129
37088
37008
36985
36952
36950
36937
36717
36629
36629
36617
36545
36527
36430
36333
36198
36188
36132
36121
36106
36047
36011
35959
35921
35906
35881
35672
35666
35594
35500
35477
35462
35319
35288
35254
35138
35118
35004
35004
34974
34864
34760
34733
34664
34579
34539
34468
34361
34273
34219
34219
34085
34074
33933
33851
33799
33658
33656
33577
33453
33382
33262
33218
33156
33107
33099
33019
32937
32920
32906
32786
32753
32745
32723
32686
32528
32525
32480
32441
32376
32317
32279
32255
32221
32181
32172
32132
32112
31942
31935
31933
31916
31904
31795
31739
31715
31551
31542
31534
31506
31476
31468
31374
31337
31266
31256
31197
31159
31056
31037
30978
30945
30938
30934
30878
30872
30850
30833
30804
30773
30767
30649
30602
30599
30420
30395
30390
30355
30344
30249
30212
30134
30131
30116
30068
30036
30021
30007
29998
29922
29921
29893
29764
29574
29546
29492
29448
29415
29354
29341
29319
29311
29300
29286
29243
29161
29120
29066
29027
28971
28870
28858
28825
28726
28670
28652
28592
28585
28565
28564
28561
28509
28486
28471
28353
28281
28249
28208
28191
28011
27957
27900
27852
27824
27754
27722
27721
27706
27687
27490
27471
27451
27435
27430
27382
27378
27328
27305
27138
27136
27115
27058
26992
26948
26860
26838
26834
26826
26810
26775
26770
26763
26693
26689
26541
26510
26505
26470
26353
26337
26317
26311
26234
26229
26203
26171
26169
26159
26021
25991
25967
25921
25739
25712
25700
25663
25658
25653
25579
25557
25523
25488
25455
25452
25431
25429
25395
25257
25254
25253
25235
25211
25176
25128
25106
25103
25032
24980
24972
24957
24956
24953
24937
24867
24792
24756
24703
24687
24659
24534
24528
24495
24468
24401
24346
24330
24323
24279
24271
24233
24205
24196
24167
24153
24125
24119
24105
24100
24059
24021
23999
23999
23980
23974
23940
23939
23892
23869
23865
23854
23835
23818
23771
23750
23737
23663
23610
23556
23530
23528
23495
23396
23360
23328
23273
23269
23264
23203
23166
23114
23106
23065
23057
23047
23004
23003
22930
22920
22893
22815
22808
22770
22755
22726
22722
22721
22707
22678
22624
22607
22594
22577
22548
22492
22490
22488
22470
22465
22456
22441
22429
22425
22396
22350
22307
22292
22237
22201
22153
22145
22140
22135
22131
22127
22083
22057
22051
22037
22034
22021
22019
22004
21995
21935
21883
21858
21839
21744
21730
21723
21708
21662
21658
21647
21597
21566
21518
21510
21499
21479
21469
21381
21374
21338
21322
21318
21277
21275
21261
21220
21219
21199
21191
21068
21028
21014
20975
20973
20948
20915
20901
20875
20863
20863
20854
20847
20821
20803
20791
20789
20744
20702
20693
20677
20614
20604
20590
20583
20569
20568
20557
20530
20527
20509
20508
20504
20492
20480
20475
20473
20467
20461
20460
20449
20425
20393
20375
20310
20302
20271
20262
20245
20229
20224
20190
20172
20149
20144
20132
20083
20070
20051
20035
20033
20033
19935
19934
19929
19890
19841
19824
19821
19796
19776
19743
19709
19703
19672
19667
19621
19602
19562
19524
19515
19512
19508
19505
19467
19424
19422
19419
19418
19416
19355
19351
19331
19330
19305
19198
19176
19173
19171
19162
19138
19111
19096
19094
19080
19072
19067
19059
19054
18974
18943
18938
18937
18917
18908
18833
18793
18791
18776
18723
18718
18717
18715
18660
18651
18648
18632
18622
18601
18595
18586
18577
18571
18568
18567
18552
18530
18493
18488
18476
18460
18448
18437
18404
18389
18376
18365
18330
18317
18304
18300
18252
18222
18188
18141
18120
18109
18104
18096
18083
18080
18060
18055
17987
17970
17917
17908
17901
17891
17872
17836
17834
17821
17800
17796
17742
17734
17731
17731
17706
17677
17614
17604
17600
17596
17583
17582
17558
17557
17553
17547
17529
17486
17476
17457
17443
17443
17434
17424
17404
17403
17392
17369
17351
17349
17306
17300
17290
17267
17262
17252
17248
17246
17210
17187
17184
17159
17151
17148
17124
17117
17116
17089
17083
17009
16952
16951
16916
16885
16875
16874
16872
16851
16837
16804
16768
16768
16740
16729
16722
16710
16709
16706
16693
16688
16672
16647
16636
16617
16614
16581
16553
16532
16526
16485
16481
16474
16474
16469
16448
16415
16414
16407
16365
16343
16321
16320
16314
16306
16305
16297
16281
16253
16235
16230
16229
16209
16204
16182
16181
16170
16156
16131
16119
16119
16115
16114
16101
16085
16082
16076
16070
16070
16054
16025
16002
15980
15975
15974
15972
15971
15947
15944
15932
15927
15907
15877
15859
15841
15834
15819
15818
15813
15799
15791
15756
15747
15718
15717
15691
15688
15673
15645
15637
15635
15629
15624
15618
15604
15599
15594
15591
15574
15561
15546
15541
15540
15540
15529
15502
15461
15448
15430
15408
15403
15367
15365
15355
15353
15350
15326
15325
15319
15306
15302
15273
15271
15266
15241
15215
15180
15165
15147
15140
15133
15133
15130
15125
15118
15113
15094
15091
15071
15061
15060
15055
15035
15032
15031
15024
15009
15005
14988
14964
14952
14913
14894
14883
14865
14858
14848
14847
14845
14826
14796
14781
14778
14767
14757
14741
14711
14686
14676
14657
14651
14650
14643
14624
14588
14585
14585
14567
14566
14560
14544
14533
14502
14487
14440
14410
14355
14335
14334
14332
14317
14315
14303
14299
14294
14284
14270
14242
14241
14228
14225
14210
14200
14190
14187
14184
14138
14135
14127
14121
14121
14099
14095
14091
14082
14077
14063
14060
14059
14034
14013
14007
13996
13966
13960
13955
13951
13936
13923
13919
13908
13906
13882
13875
13870
13842
13840
13803
13783
13782
13763
13759
13758
13749
13735
13728
13720
13716
13704
13700
13690
13688
13675
13670
13643
13626
13624
13623
13620
13603
13601
13574
13571
13570
13555
13539
13534
13533
13517
13508
13494
13455
13453
13452
13438
13428
13416
13397
13387
13362
13337
13329
13317
13315
13314
13311
13311
13298
13283
13273
13271
13265
13264
13264
13257
13245
13236
13219
13202
13175
13171
13144
13139
13128
13128
13116
13113
13093
13089
13079
13073
13067
13066
13057
13050
13044
13031
13003
13003
13001
12997
12971
12968
12968
12959
12906
12897
12891
12875
12870
12864
12861
12848
12845
12841
12828
12814
12813
12801
12797
12787
12785
12784
12772
12767
12760
12747
12732
12725
12720
12714
12701
12697
12692
12692
12683
12665
12659
12647
12639
12638
12634
12629
12624
12616
12610
12591
12586
12580
12555
12546
12544
12540
12536
12522
12499
12497
12492
12487
12482
12440
12440
12431
12418
12398
12383
12383
12381
12379
12363
12355
12351
12338
12338
12337
12336
12335
12331
12328
12316
12314
12313
12308
12305
12304
12296
12282
12259
12254
12254
12253
12244
12237
12229
12203
12195
12191
12189
12177
12168
12159
12156
12151
12144
12137
12127
12120
12110
12088
12085
12082
12076
12068
12056
12043
12042
12027
12024
11984
11972
11965
11951
11938
11935
11932
11930
11929
11919
11909
11903
11902
11892
11889
11888
11880
11874
11864
11859
11854
11846
11837
11837
11834
11834
11833
11822
11820
11819
11808
11808
11806
11779
11743
11740
11725
11704
11700
11695
11694
11690
11676
11671
11666
11657
11657
11656
11655
11652
11649
11627
11626
11598
11590
11587
11553
11549
11547
11545
11528
11521
11518
11516
11506
11500
11497
11489
11483
11478
11469
11468
11468
11465
11449
11431
11410
11381
11379
11379
11374
11367
11364
11363
11353
11353
11348
11346
11342
11330
11321
11311
11289
11288
11281
11271
11263
11252
11229
11206
11199
11195
11191
11184
11182
11162
11157
11157
11155
11147
11142
11142
11126
11118
11116
11114
11114
11105
11104
11103
11089
11076
11073
11072
11072
11064
11062
11058
11050
11050
11046
11044
11039
11026
11025
10997
10993
10993
10986
10973
10972
10972
10965
10955
10949
10948
10947
10932
10929
10928
10922
10921
10915
10914
10913
10912
10895
10895
10885
10872
10859
10859
10858
10856
10841
10835
10825
10820
10817
10809
10809
10807
10795
10776
10775
10770
10768
10760
10759
10759
10743
10742
10739
10738
10736
10734
10729
10726
10724
10718
10715
10713
10712
10706
10702
10700
10692
10687
10661
10683
10683
10673
10659
10655
10652
10649
10634
10628
10625
10624
10624
10615
10607
10606
10597
10593
10592
10591
10586
10584
10578
10577
10573
10571
10569
10561
10558
10555
10541
10535
10531
10530
10527
10522
10519
10518
10514
10513
10497
10487
10487
10486
10486
10481
10474
10459
10451
10447
10434
10429
10425
10424
10420
10412
10410
10402
10399
10388
10383
10380
10379
10378
10369
10368
10368
10360
10353
10340
10336
10336
10333
10329
10329
10320
10315
10301
10301
10290
10277
10276
10273
10267
10266
10265
10261
10256
10252
10252
10249
10247
10242
10231
10217
10216
10209
10194
10191
10183
10183
10182
10178
10172
10168
10167
10146
10138
10134
10133
10127
10124
10114
10113
10108
10101
10099
10096
10096
10094
10087
10083
10080
10078
10066
10030
10028
10023
10017
10017
10016
10008
10004
9997
9992
9991
9972
9971
9945
9942
9934
9933
9929
9929
9927
9925
9908
9898
9898
9894
9893
9888
9888
9886
9853
9840
9840
9836
9830
9820
9815
9806
9803
9796
9784
9773
9773
9768
9765
9749
9741
9739
9738
9738
9733
9732
9732
9730
9729
9727
9726
9725
9715
9709
9705
9695
9695
9694
9684
9683
9682
9678
9678
9675
9671
9668
9668
9658
9657
9657
9652
9646
9642
9636
9632
9629
9629
9626
9622
9620
9616
9615
9612
9608
9607
9606
9605
9603
9588
9577
9554
9551
9549
9544
9538
9537
9529
9529
9529
9522
9521
9518
9514
9513
9511
9511
9510
9508
9502
9502
9498
9497
9493
9488
9487
9484
9466
9464
9455
9454
9452
9452
9447
9440
9439
9411
9410
9408
9399
9398
9394
9393
9393
9390
9389
9385
9376
9372
9370
9367
9363
9363
9362
9362
9355
9353
9348
9348
9341
9333
9330
9325
9322
9321
9320
9319
9317
9310
9305
9304
9302
9296
9290
9289
9269
9267
9264
9261
9258
9247
9239
9235
9234
9234
9233
9228
9222
9220
9219
9216
9211
9211
9207
9207
9199
9197
9195
9190
9180
9178
9174
9173
9155
9142
9136
9133
9129
9121
9118
9113
9111
9109
9108
9106
9103
9102
9097
9094
9077
9075
9075
9074
9065
9060
9049
9048
9048
9046
9033
9030
9021
9020
9008
9007
9003
9001
9000
8998
8997
8993
8992
8987
8984
8982
8980
8977
8977
8969
8963
8953
8952
8951
8938
8936
8923
8923
8921
8921
8917
8904
8902
8902
8902
8897
8897
8878
8877
8875
8867
8863
8861
8860
8860
8855
8854
8850
8844
8844
8842
8836
8836
8831
8815
8813
8812
8807
8806
8791
8786
8785
8782
8780
8780
8776
8768
8767
8755
8753
8747
8744
8738
8738
8737
8735
8733
8715
8713
8712
8706
8706
8705
8705
8705
8696
8695
8693
8693
8691
8684
8681
8680
8678
8678
8678
8677
8675
8673
8669
8669
8667
8666
8658
8652
8650
8648
8645
8642
8641
8639
8637
8635
8631
8627
8623
8619
8617
8617
8616
8614
8612
8610
8608
8608
8603
8603
8602
8600
8591
8590
8586
8586
8585
8579
8578
8574
8573
8564
8563
8563
8562
8558
8557
8555
8552
8551
8550
8546
8542
8534
8529
8528
8528
8526
8520
8510
8508
8506
8506
8501
8500
8494
8492
8486
8486
8484
8484
8484
8482
8480
8469
8467
8469
8452
8447
8442
8441
8441
8435
8432
8427
8424
8424
8422
8420
8420
8416
8414
8413
8403
8401
8396
8396
8385
8382
8381
8376
8373
8372
8372
8371
8365
8364
8351
8351
8351
8349
8343
8343
8341
8324
8313
8309
8307
8302
8296
8295
8290
8290
8290
8289
8289
8288
8285
8279
8278
8277
8274
8273
8268
8257
8257
8251
8249
8246
8243
8237
8237
8229
8229
8226
8225
8223
8221
8218
8217
8216
8213
8211
8210
8207
8206
8206
8202
8202
8199
8194
8189
8189
8188
8180
8179
8176
8175
8170
8168
8162
8155
8154
8153
8150
8142
8138
8136
8135
8130
8120
8118
8109
8108
8108
8108
8107
8102
8101
8098
8089
8084
8078
8078
8077
8069
8068
8068
8066
8065
8065
8057
8056
8055
8055
8054
8053
8052
8052
8050
8049
8049
8045
8041
8030
8026
8022
8022
8021
8019
8018
8017
8017
8017
8016
8010
8009
8009
8007
8000
8000
7993
7989
7986
7986
7980
7974
7972
7972
7966
7966
7964
7951
7950
7945
7941
7941
7939
7936
7933
7932
7926
7920
7920
7914
7913
7908
7908
7905
7903
7898
7896
7895
7892
7889
7886
7886
7884
7883
7882
7881
7880
7876
7871
7866
7863
7861
7861
7861
7860
7853
7853
7852
7851
7851
7846
7843
7838
7836
7835
7828
7828
7823
7819
7815
7813
7808
7806
7804
7803
7802
7796
7785
7778
7775
7772
7772
7769
7768
7763
7758
7756
7756
7755
7751
7749
7746
7741
7731
7730
7726
7718
7709
7709
7707
7707
7705
7702
7702
7696
7694
7691
7687
7686
7681
7681
7681
7679
7679
7679
7677
7674
7673
7668
7667
7666
7665
7664
7660
7659
7658
7657
7655
7652
7649
7647
7646
7646
7645
7644
7638
7636
7626
7621
7616
7612
7609
7609
7604
7601
7598
7598
7597
7593
7593
7592
7591
7590
7587
7582
7581
7581
7581
7569
7565
7561
7560
7559
7557
7556
7548
7548
7543
7542
7537
7536
7531
7531
7529
7524
7522
7520
7520
7519
7515
7514
7513
7513
7505
7505
7503
7500
7500
7500
7499
7498
7496
7495
7493
7491
7484
7480
7479
7478
7477
7472
7471
7470
7469
7469
7468
7466
7462
7462
7460
7458
7457
7456
7455
7455
7454
7454
7452
7443
7441
7438
7436
7432
7431
7430
7430
7422
7416
7414
7411
7409
7402
7401
7399
7393
7392
7388
7387
7377
7375
7374
7374
7374
7373
7367
7366
7364
7363
7361
7360
7354
7353
7352
7352
7348
7346
7344
7340
7337
7337
7335
7332
7330
7329
7323
7323
7322
7318
7313
7313
7312
7308
7306
7303
7302
7295
7295
7293
7291
7286
7286
7285
7280
7278
7275
7262
7262
7261
7259
7259
7259
7256
7255
7255
7253
7252
7250
7250
7246
7246
7245
7244
7244
7240
7239
7236
7235
7235
7235
7232
7232
7232
7229
7229
7225
7224
7223
7226
7220
7218
7216
7216
7214
7214
7213
7209
7209
7208
7207
7206
7206
7206
7202
7201
7201
7201
7201
7198
7196
7193
7189
7188
7186
7183
7181
7181
7178
7178
7175
7174
7172
7171
7169
7166
7163
7163
7160
7159
7156
7155
7154
7148
7147
7143
7143
7140
7138
7133
7123
7117
7115
7111
7106
7100
7100
7100
7098
7096
7096
7095
7095
7094
7084
7083
7082
7082
7081
7081
7079
7075
7072
7071
7067
7067
7064
7062
7058
7056
7053
7051
7051
7047
7047
7046
7043
7042
7038
7033
7030
7030
7028
7028
7026
7023
7020
7019
7018
7014
7011
7003
7002
7002
7001
7000
6997
6994
6994
6991
6986
6985
6984
6984
6981
6981
6981
6980
6980
6980
6978
6977
6976
6974
6970
6970
6969
6964
6961
6960
6960
6960
6959
6958
6957
6955
6952
6946
6940
6939
6935
6927
6924
6916
6915
6913
6900
6899
6896
6892
6889
6889
6886
6885
6883
6877
6877
6874
6866
6862
6861
6859
6859
6857
6854
6853
6850
6847
6847
6845
6841
6840
6832
6830
6829
6827
6826
6826
6824
6823
6819
6819
6815
6804
6802
6800
6799
6797
6787
6786
6785
6780
6778
6777
6777
6776
6774
6768
6767
6767
6764
6763
6651
6758
6756
6754
6751
6750
6749
6742
6741
6740
6739
6738
6735
6734
6733
6733
6730
6728
6727
6726
6725
6723
6722
6722
6717
6717
6715
6712
6712
6708
6706
6705
6704
6703
6701
6700
6699
6698
6697
6697
6705
6695
6692
6690
6690
6689
6689
6688
6682
6680
6679
6679
6677
6677
6672
6671
6670
6667
6667
6664
6661
6659
6649
6647
6647
6645
6644
6650
6639
6635
6634
6634
6631
6630
6629
6625
6623
6621
6618
6617
6608
6607
6606
6606
6606
6605
6601
6596
6595
6595
6593
6592
6591
6590
6589
6587
6586
6586
6584
6583
6582
6581
6581
6579
6573
6572
6572
6568
6567
6565
6564
6562
6561
6561
6558
6557
6551
6551
6550
6548
6543
6543
6542
6536
6536
6536
6535
6535
6532
6532
6531
6526
6526
6525
6525
6519
6518
6517
6515
6513
6513
6510
6509
6507
6506
6502
6502
6502
6501
6500
6494
6493
6491
6490
6486
6485
6482
6480
6480
6480
6475
6475
6475
6473
6473
6472
6470
6475
6469
6468
6464
6462
6461
6454
6453
6452
6447
6447
6446
6444
6442
6442
6440
6439
6434
6431
6430
6427
6425
6420
6419
6418
6414
6414
6413
6409
6409
6409
6406
6406
6404
6404
6403
6401
6400
6399
6399
6398
6396
6396
6396
6395
6395
6392
6392
6391
6391
6390
6390
6388
6388
6387
6385
6385
6385
6381
6380
6378
6375
6373
6373
6372
6372
6368
6367
6362
6358
6356
6351
6343
6342
6341
6338
6335
6335
6330
6330
6330
6329
6325
6323
6323
6322
6321
6321
6319
6317
6317
6316
6316
6315
6313
6312
6312
6310
6309
6308
6306
6305
6303
6298
6297
6294
6293
6290
6289
6288
6282
6281
6276
6275
6275
6273
6272
6272
6271
6271
6267
6267
6265
6264
6264
6263
6263
6261
6260
6256
6255
6254
6252
6248
6244
6244
6243
6243
6241
6240
6238
6236
6236
6236
6233
6229
6229
6227
6224
6224
6222
6222
6220
6220
6219
6219
6217
6214
6213
6213
6212
6212
6205
6202
6199
6199
6196
6194
6191
6191
6191
6189
6189
6187
6187
6184
6181
6179
6179
6176
6175
6171
6166
6162
6162
6160
6159
6159
6154
6154
6154
6153
6150
6149
6148
6145
6144
6144
6139
6139
6135
6132
6131
6131
6128
6127
6126
6125
6121
6117
6116
6116
6115
6114
6111
6111
6109
6107
6106
6106
6105
6105
6105
6103
6102
6101
6099
6097
6090
6090
6087
6086
6082
6081
6080
6079
6079
6076
6075
6073
6072
6069
6068
6068
6067
6065
6064
6063
6061
6054
6054
6054
6053
6049
6048
6047
6047
6046
6045
6045
6043
6043
6041
6041
6041
6040
6039
6038
6037
6036
6034
6033
6028
6027
6026
6025
6024
6024
6022
6022
6020
6020
6014
6013
6011
6011
6008
6006
6006
6005
6004
6003
6000
6000
6000
6000
5996
5996
5994
5994
5993
5990
5989
5988
5985
5980
5978
5978
5978
5978
5976
5976
5975
5974
5971
5968
5968
5968
5967
5966
5965
5958
5956
5955
5950
5947
5947
5947
5946
5943
5943
5941
5941
5938
5935
5934
5932
5931
5926
5924
5921
5919
5918
5917
5915
5915
5914
5910
5909
5909
5905
5904
5903
5902
5902
5900
5898
5897
5894
5886
5886
5885
5885
5884
5882
5882
5881
5875
5869
5868
5866
5863
5863
5862
5861
5859
5859
5859
5857
5850
5848
5844
5843
5842
5841
5839
5838
5833
5831
5831
5830
5829
5829
5826
5826
5826
5825
5823
5822
5820
5819
5816
5816
5816
5815
5814
5812
5811
5810
5806
5806
5806
5805
5804
5802
5802
5802
5799
5798
5798
5797
5796
5796
5796
5795
5792
5791
5789
5788
5787
5786
5783
5778
5778
5777
5777
5775
5775
5774
5774
5772
5772
5771
5770
5770
5768
5765
5765
5765
5764
5761
5760
5759
5757
5757
5756
5755
5752
5750
5749
5747
5745
5744
5741
5741
5741
5740
5740
5739
5736
5735
5735
5734
5734
5733
5731
5731
5731
5731
5730
5729
5729
5728
5728
5725
5722
5721
5720
5720
5718
5717
5716
5714
5714
5713
5711
5709
5708
5707
5700
5698
5694
5694
5691
5690
5690
5689
5689
5688
5688
5688
5687
5686
5686
5684
5683
5682
5682
5679
5678
5675
5675
5675
5673
5671
5670
5669
5665
5665
5665
5660
5658
5656
5655
5654
5653
5651
5649
5649
5648
5647
5644
5643
5643
5642
5641
5640
5639
5638
5637
5636
5635
5630
5629
5629
5628
5628
5628
5627
5627
5624
5624
5623
5620
5618
5618
5616
5616
5616
5615
5614
5613
5612
5612
5610
5609
5609
5609
5608
5607
5604
5603
5601
5601
5600
5599
5597
5596
5595
5595
5594
5593
5593
5593
5592
5592
5591
5591
5590
5589
5588
5588
5587
5586
5584
5583
5581
5581
5579
5578
5577
5577
5575
5573
5572
5571
5570
5565
5565
5565
5564
5563
5560
5560
5557
5556
5556
5556
5555
5553
5552
5550
5549
5548
5548
5547
5546
5546
5546
5545
5545
5545
5541
5541
5539
5538
5538
5537
5536
5535
5532
5532
5531
5530
5529
5529
5528
5528
5526
5525
5525
5524
5522
5522
5521
5520
5519
5517
5516
5515
5511
5510
5510
5509
5509
5509
5507
5505
5503
5502
5499
5496
5494
5492
5489
5489
5489
5488
5488
5486
5486
5486
5483
5483
5482
5481
5481
5481
5480
5479
5478
5475
5475
5475
5473
5473
5472
5472
5470
5470
5469
5468
5468
5467
5467
5466
5466
5466
5465
5465
5464
5463
5463
5462
5461
5461
5459
5457
5451
5451
5450
5449
5448
5447
5445
5441
5440
5438
5437
5435
5433
5433
5431
5431
5429
5428
5428
5427
5426
5425
5424
5423
5423
5423
5423
5421
5420
5420
5420
5420
5419
5418
5417
5417
5416
5416
5415
5415
5415
5412
5411
5409
5407
5402
5401
5400
5399
5399
5397
5397
5397
5397
5396
5395
5392
5392
5391
5391
5390
5389
5389
5388
5386
5384
5379
5375
5374
5372
5371
5370
5368
5368
5367
5366
5366
5365
5363
5362
5362
5360
5360
5360
5360
5358
5356
5354
5352
5348
5347
5347
5347
5345
5344
5341
5341
5340
5340
5339
5338
5335
5332
5331
5329
5329
5326
5325
5324
5322
5322
5321
5317
5317
5316
5315
5315
5314
5313
5311
5311
5310
5309
5308
5306
5304
5301
5301
5300
5299
5298
5298
5298
5297
5297
5296
5296
5295
5294
5294
5292
5291
5287
5286
5285
5285
5284
5283
5283
5283
5282
5275
5274
5270
5270
5269
5269
5268
5268
5268
5267
5266
5264
5263
5262
5260
5258
5258
5257
5256
5255
5254
5253
5253
5253
5250
5249
5248
5246
5246
5246
5246
5243
5242
5240
5238
5237
5237
5235
5235
5234
5234
5233
5231
5231
5230
5230
5228
5226
5222
5222
5219
5219
5218
5217
5217
5216
5216
5216
5214
5211
5210
5209
5208
5206
5203
5201
5201
5200
5199
5198
5197
5196
5195
5193
5191
5190
5189
5187
5186
5186
5180
5179
5179
5179
5179
5178
5177
5177
5177
5175
5175
5174
5172
5169
5169
5168
5165
5164
5164
5162
5161
5161
5161
5160
5158
5155
5155
5153
5152
5151
5151
5151
5150
5146
5145
5145
5145
5144
5143
5142
5138
5137
5137
5137
5136
5136
5136
5135
5133
5128
5126
5124
5123
5122
5121
5119
5119
5114
5114
5113
5113
5112
5111
5111
5110
5110
5107
5106
5105
5105
5102
5101
5100
5100
5096
5093
5091
5091
5091
5090
5089
5086
5085
5084
5084
5084
5082
5081
5079
5078
5077
5077
5076
5076
5076
5076
5075
5070
5068
5067
5066
5066
5065
5064
5063
5063
5063
5061
5060
5060
5060
5059
5059
5059
5057
5057
5054
5053
5051
5051
5050
5049
5049
5048
5046
5044
5043
5043
5043
5041
5039
5039
5038
5038
5038
5035
5035
5033
5033
5030
5030
5029
5028
5028
5027
5025
5025
5024
5024
5024
5022
5021
5020
5018
5017
5016
5015
5015
5015
5014
5014
5012
5012
5012
5011
5010
5009
5008
5006
5005
5004
5004
5004
5003
5002
5001
5001
4999
4999
4999
4999
4997
4996
4995
4992
4990
4988
4988
4988
4987
4987
4987
4986
4986
4984
4984
4982
4981
4981
4980
4979
4978
4978
4978
4977
4975
4975
4974
4974
4973
4973
4972
4972
4971
4971
4970
4970
4969
4969
4967
4962
4962
4960
4959
4959
4958
4957
4957
4956
4953
4953
4952
4950
4950
4948
4945
4941
4940
4939
4938
4938
4935
4934
4931
4930
4930
4929
4927
4925
4919
4917
4916
4915
4915
4915
4915
4914
4912
4911
4910
4909
4909
4903
4901
4901
4900
4898
4897
4894
4892
4890
4890
4888
4886
4885
4885
4885
4883
4883
4882
4881
4881
4881
4881
4881
4879
4876
4876
4871
4870
4869
4867
4866
4866
4866
4865
4864
4863
4863
4863
4862
4862
4862
4860
4858
4858
4858
4858
4856
4856
4855
4855
4855
4853
4851
4850
4849
4846
4843
4843
4842
4841
4841
4840
4839
4837
4837
4837
4834
4834
4834
4834
4833
4832
4831
4831
4831
4828
4827
4824
4824
4823
4822
4820
4819
4817
4817
4816
4816
4815
4814
4813
4813
4812
4812
4808
4807
4806
4806
4805
4804
4804
4804
4803
4802
4802
4799
4797
4797
4796
4796
4796
4796
4792
4791
4790
4789
4789
4788
4787
4786
4786
4785
4784
4784
4781
4781
4779
4779
4778
4777
4776
4776
4775
4775
4775
4773
4772
4770
4770
4770
4769
4766
4765
4765
4764
4764
4763
4762
4762
4761
4760
4759
4759
4759
4755
4752
4752
4751
4750
4747
4746
4746
4745
4744
4743
4743
4742
4741
4739
4739
4738
4736
4735
4734
4734
4733
4732
4731
4731
4730
4728
4727
4727
4727
4727
4727
4725
4724
4723
4723
4723
4722
4721
4720
4719
4719
4717
4715
4715
4715
4714
4714
4714
4711
4709
4709
4708
4707
4707
4706
4705
4703
4701
4700
4699
4699
4697
4693
4692
4692
4691
4690
4690
4689
4688
4687
4686
4684
4683
4682
4682
4682
4682
4682
4681
4681
4681
4680
4679
4679
4676
4676
4676
4675
4674
4674
4672
4671
4670
4670
4669
4669
4669
4668
4667
4665
4668
4665
4663
4663
4662
4661
4661
4660
4657
4654
4653
4653
4652
4651
4651
4648
4647
4646
4646
4645
4645
4643
4643
4643
4642
4642
4638
4638
4637
4636
4634
4634
4632
4632
4632
4631
4630
4630
4630
4629
4628
4627
4627
4625
4623
4623
4622
4621
4617
4616
4616
4616
4615
4614
4614
4613
4613
4612
4611
4610
4610
4607
4606
4606
4603
4603
4603
4603
4602
4601
4600
4599
4598
4598
4598
4597
4596
4594
4594
4594
4594
4593
4592
4589
4593
4588
4587
4585
4585
4584
4583
4583
4583
4581
4580
4580
4580
4579
4577
4577
4575
4573
4573
4573
4573
4572
4571
4569
4568
4568
4568
4567
4566
4566
4565
4564
4563
4563
4561
4560
4558
4557
4556
4556
4556
4554
4554
4554
4554
4552
4551
4551
4551
4550
4548
4548
4547
4547
4545
4544
4543
4543
4542
4541
4541
4540
4540
4540
4539
4538
4538
4538
4537
4537
4537
4536
4535
4533
4532
4531
4531
4531
4531
4530
4528
4527
4527
4527
4527
4526
4525
4525
4525
4523
4522
4521
4518
4518
4517
4517
4517
4516
4516
4515
4513
4512
4511
4508
4508
4507
4507
4506
4506
4506
4505
4504
4503
4503
4502
4502
4501
4501
4501
4499
4498
4497
4496
4495
4494
4493
4493
4493
4492
4492
4492
4492
4491
4491
4490
4488
4487
4486
4486
4486
4486
4485
4485
4484
4484
4483
4483
4483
4481
4480
4480
4479
4477
4477
4477
4473
4472
4471
4470
4469
4469
4469
4468
4468
4467
4465
4465
4465
4465
4465
4463
4463
4461
4460
4460
4459
4457
4455
4455
4454
4454
4453
4453
4453
4453
4452
4451
4450
4450
4449
4449
4448
4448
4448
4446
4446
4445
4445
4445
4444
4444
4444
4443
4443
4443
4442
4440
4440
4438
4437
4437
4434
4434
4434
4434
4434
4433
4431
4431
4431
4428
4427
4426
4426
4425
4425
4424
4423
4422
4422
4421
4421
4421
4420
4419
4419
4418
4418
4418
4416
4416
4416
4415
4413
4413
4412
4412
4411
4411
4410
4409
4408
4406
4405
4405
4404
4404
4403
4400
4399
4399
4399
4398
4398
4396
4395
4394
4390
4390
4389
4389
4389
4388
4388
4385
4385
4385
4385
4384
4384
4382
4382
4381
4381
4381
4381
4380
4378
4378
4377
4376
4376
4374
4373
4372
4371
4371
4369
4369
4369
4369
4366
4365
4363
4363
4363
4363
4362
4361
4359
4359
4358
4358
4358
4357
4356
4355
4353
4350
4349
4349
4348
4348
4346
4346
4345
4343
4342
4341
4340
4340
4340
4340
4340
4339
4339
4337
4337
4337
4336
4335
4335
4335
4335
4335
4334
4332
4331
4330
4329
4327
4327
4326
4326
4325
4324
4324
4323
4323
4319
4319
4318
4318
4318
4317
4317
4317
4316
4316
4316
4315
4314
4314
4313
4313
4312
4311
4311
4311
4311
4310
4310
4310
4309
4309
4309
4308
4307
4306
4306
4306
4306
4305
4304
4303
4302
4300
4299
4299
4298
4296
4296
4295
4295
4295
4295
4294
4293
4293
4292
4291
4289
4289
4287
4287
4285
4285
4283
4283
4282
4282
4282
4277
4277
4276
4273
4273
4272
4272
4272
4271
4270
4270
4269
4268
4268
4267
4266
4265
4265
4262
4262
4262
4261
4261
4261
4261
4259
4258
4258
4258
4258
4258
4257
4256
4255
4255
4255
4254
4254
4254
4253
4253
4253
4251
4250
4249
4248
4248
4247
4247
4247
4246
4244
4243
4243
4242
4242
4241
4240
4240
4240
4240
4239
4238
4237
4237
4234
4234
4233
4233
4233
4233
4232
4232
4232
4232
4230
4230
4230
4229
4229
4229
4228
4228
4227
4226
4226
4225
4225
4224
4224
4223
4222
4221
4219
4219
4219
4218
4216
4214
4214
4213
4213
4213
4213
4211
4211
4210
4209
4208
4208
4207
4205
4205
4204
4204
4204
4203
4203
4202
4202
4201
4201
4201
4200
4200
4200
4197
4197
4196
4196
4195
4195
4194
4193
4192
4188
4188
4187
4186
4186
4186
4185
4184
4184
4184
4183
4182
4182
4182
4181
4181
4181
4180
4177
4177
4176
4176
4176
4173
4173
4173
4171
4171
4171
4170
4169
4169
4169
4168
4168
4168
4167
4167
4167
4167
4167
4165
4164
4164
4164
4163
4163
4163
4162
4160
4159
4157
4155
4155
4154
4153
4153
4152
4152
4152
4151
4151
4150
4149
4149
4149
4149
4148
4147
4147
4146
4144
4143
4143
4141
4140
4140
4139
4139
4139
4137
4137
4137
4137
4136
4136
4135
4135
4135
4132
4131
4131
4130
4129
4129
4128
4128
4128
4127
4127
4127
4127
4126
4126
4125
4124
4123
4123
4121
4121
4121
4120
4120
4120
4119
4119
4117
4117
4117
4116
4115
4114
4114
4114
4112
4112
4112
4110
4109
4109
4109
4108
4106
4105
4105
4104
4104
4104
4102
4102
4101
4101
4101
4100
4100
4100
4099
4099
4098
4096
4095
4094
4092
4092
4091
4091
4090
4089
4088
4088
4088
4087
4085
4084
4084
4082
4082
4081
4080
4079
4079
4078
4078
4077
4077
4077
4076
4075
4074
4074
4074
4073
4073
4073
4073
4072
4070
4070
4069
4069
4069
4067
4066
4065
4065
4064
4063
4062
4060
4059
4059
4058
4057
4057
4055
4055
4055
4054
4053
4051
4051
4051
4050
4050
4049
4049
4048
4047
4047
4046
4046
4046
4045
4045
4044
4044
4044
4043
4043
4042
4041
4041
4040
4039
4038
4038
4037
4036
4036
4036
4036
4035
4035
4035
4035
4035
4034
4034
4034
4033
4033
4033
4031
4030
4028
4028
4027
4026
4025
4025
4024
4024
4024
4023
4023
4021
4021
4021
4021
4021
4020
4019
4018
4017
4016
4016
4016
4015
4015
4015
4014
4014
4013
4012
4012
4011
4011
4011
4010
4010
4009
4009
4009
4008
4007
4007
4007
4007
4006
4006
4005
4004
4003
4003
4002
4002
4001
4000
3999
3999
3998
3997
3997
3997
3997
3996
3995
3995
3994
3993
3992
3990
3989
3988
3987
3986
3986
3985
3985
3983
3983
3982
3982
3981
3981
3979
3976
3975
3974
3974
3974
3979
3971
3971
3969
3969
3967
3966
3965
3965
3965
3964
3963
3962
3962
3961
3961
3961
3961
3961
3960
3957
3956
3956
3955
3955
3955
3954
3953
3952
3952
3951
3951
3951
3950
3950
3950
3950
3949
3948
3947
3947
3947
3947
3946
3946
3945
3945
3948
3944
3944
3943
3942
3942
3941
3940
3939
3939
3939
3938
3938
3937
3937
3936
3936
3936
3935
3935
3935
3935
3935
3935
3934
3933
3932
3932
3931
3931
3930
3929
3929
3929
3928
3928
3928
3927
3927
3926
3926
3924
3924
3924
3923
3923
3923
3923
3923
3922
3922
3921
3921
3921
3920
3920
3919
3918
3915
3914
3914
3913
3913
3913
3912
3911
3911
3911
3911
3910
3910
3910
3910
3909
3907
3907
3906
3905
3904
3904
3903
3903
3901
3901
3901
3899
3899
3897
3897
3897
3896
3896
3895
3895
3895
3894
3894
3893
3893
3892
3892
3891
3891
3891
3890
3889
3888
3886
3886
3886
3886
3885
3885
3885
3885
3885
3884
3884
3883
3883
3883
3882
3882
3881
3881
3880
3880
3880
3878
3875
3875
3874
3873
3873
3872
3872
3871
3871
3870
3870
3869
3869
3868
3868
3868
3867
3867
3867
3867
3866
3866
3866
3865
3865
3864
3863
3862
3862
3861
3861
3861
3860
3860
3860
3859
3858
3858
3857
3856
3856
3855
3854
3853
3852
3850
3850
3850
3850
3850
3849
3848
3848
3848
3848
3845
3845
3845
3844
3844
3842
3842
3841
3841
3839
3839
3837
3837
3837
3837
3836
3836
3836
3836
3836
3835
3835
3835
3835
3834
3833
3833
3831
3831
3831
3830
3827
3827
3825
3824
3824
3824
3824
3824
3824
3823
3823
3823
3823
3823
3823
3823
3822
3822
3821
3820
3819
3819
3818
3817
3817
3816
3816
3816
3815
3815
3815
3813
3813
3813
3813
3813
3812
3811
3811
3811
3811
3811
3810
3809
3809
3807
3807
3805
3805
3804
3804
3803
3801
3801
3800
3800
3799
3799
3798
3798
3797
3796
3795
3794
3794
3793
3793
3792
3791
3791
3791
3791
3790
3789
3789
3789
3789
3787
3787
3787
3787
3787
3786
3786
3786
3786
3785
3784
3783
3783
3782
3782
3782
3782
3782
3782
3781
3781
3780
3780
3780
3779
3779
3779
3778
3778
3778
3777
3776
3776
3775
3774
3774
3774
3772
3771
3770
3770
3769
3769
3768
3767
3767
3766
3765
3764
3764
3764
3763
3761
3761
3761
3760
3760
3759
3759
3759
3758
3757
3757
3757
3756
3755
3755
3755
3752
3750
3750
3749
3749
3748
3748
3746
3746
3745
3745
3745
3745
3744
3742
3741
3740
3739
3738
3737
3737
3737
3736
3736
3735
3735
3733
3733
3733
3731
3730
3730
3729
3728
3727
3726
3726
3726
3726
3725
3725
3725
3724
3724
3722
3721
3718
3718
3718
3718
3717
3716
3715
3714
3714
3714
3713
3713
3713
3713
3713
3712
3712
3712
3710
3709
3709
3708
3708
3708
3708
3707
3706
3706
3706
3706
3705
3705
3704
3704
3703
3702
3701
3701
3700
3700
3699
3699
3699
3699
3699
3698
3698
3698
3698
3697
3697
3696
3696
3696
3695
3695
3694
3694
3693
3692
3691
3691
3691
3690
3690
3690
3688
3688
3687
3687
3687
3686
3686
3686
3684
3684
3684
3684
3683
3683
3682
3681
3681
3679
3679
3679
3679
3677
3677
3677
3677
3676
3675
3675
3675
3674
3674
3672
3672
3672
3671
3671
3670
3670
3670
3669
3669
3669
3669
3669
3668
3668
3668
3668
3668
3667
3667
3667
3667
3667
3666
3665
3664
3664
3664
3662
3662
3662
3661
3661
3661
3660
3660
3660
3659
3659
3659
3658
3658
3656
3656
3655
3654
3654
3654
3654
3654
3653
3652
3652
3651
3651
3650
3649
3648
3648
3648
3647
3646
3646
3645
3645
3645
3645
3643
3643
3643
3643
3643
3642
3642
3641
3640
3640
3639
3639
3639
3637
3636
3635
3635
3634
3634
3634
3633
3633
3633
3633
3632
3632
3631
3631
3631
3630
3630
3630
3629
3629
3629
3628
3628
3627
3626
3626
3624
3624
3624
3624
3624
3623
3623
3622
3622
3622
3622
3621
3621
3620
3620
3619
3619
3619
3618
3618
3618
3617
3617
3617
3617
3616
3616
3616
3616
3616
3615
3615
3615
3615
3614
3614
3614
3614
3613
3613
3613
3612
3612
3612
3611
3611
3609
3609
3608
3607
3607
3607
3607
3606
3606
3606
3605
3605
3605
3605
3603
3603
3603
3602
3601
3601
3600
3600
3600
3598
3598
3598
3597
3597
3597
3596
3596
3596
3596
3595
3595
3595
3595
3595
3595
3593
3592
3592
3591
3591
3590
3590
3589
3588
3587
3587
3586
3584
3584
3583
3582
3581
3581
3580
3580
3580
3579
3579
3577
3577
3575
3575
3575
3575
3573
3572
3572
3571
3570
3570
3569
3569
3569
3569
3568
3568
3567
3566
3566
3566
3565
3565
3565
3564
3564
3564
3564
3564
3563
3560
3559
3559
3558
3558
3558
3558
3558
3557
3557
3557
3557
3557
3557
3556
3556
3556
3555
3554
3553
3553
3552
3551
3551
3550
3550
3549
3548
3546
3546
3546
3545
3544
3544
3544
3544
3544
3544
3543
3543
3541
3541
3540
3539
3538
3537
3537
3537
3537
3536
3536
3536
3535
3535
3535
3533
3533
3533
3533
3532
3532
3532
3532
3532
3531
3530
3529
3528
3528
3528
3527
3527
3527
3526
3526
3526
3526
3524
3524
3523
3523
3523
3522
3520
3520
3519
3518
3518
3518
3515
3515
3514
3514
3514
3514
3513
3513
3513
3512
3512
3512
3512
3512
3511
3511
3510
3510
3509
3509
3509
3509
3509
3508
3508
3507
3507
3506
3506
3505
3505
3504
3503
3503
3501
3501
3501
3501
3500
3500
3500
3499
3499
3499
3498
3498
3497
3497
3497
3495
3494
3494
3494
3494
3494
3493
3491
3491
3491
3489
3488
3488
3488
3487
3487
3486
3486
3486
3485
3484
3483
3483
3483
3483
3482
3482
3481
3481
3481
3480
3480
3478
3478
3478
3478
3478
3477
3476
3476
3475
3474
3472
3472
3472
3472
3471
3471
3471
3471
3470
3470
3470
3470
3469
3469
3469
3469
3469
3468
3468
3467
3467
3467
3467
3466
3465
3465
3465
3464
3464
3464
3463
3462
3461
3461
3462
3460
3460
3460
3460
3460
3459
3459
3459
3459
3459
3459
3458
3458
3458
3458
3457
3457
3454
3454
3453
3453
3453
3451
3451
3451
3451
3451
3451
3449
3449
3448
3448
3448
3448
3447
3447
3447
3446
3445
3445
3445
3444
3444
3444
3444
3443
3443
3442
3442
3441
3441
3440
3439
3439
3439
3439
3438
3438
3438
3437
3437
3437
3437
3437
3435
3434
3434
3434
3433
3433
3433
3433
3432
3432
3430
3430
3428
3428
3428
3428
3427
3426
3426
3425
3424
3424
3424
3423
3422
3422
3422
3422
3422
3421
3421
3421
3420
3418
3418
3418
3416
3416
3415
3415
3414
3414
3414
3413
3412
3412
3412
3412
3411
3411
3411
3411
3411
3410
3410
3410
3410
3409
3409
3409
3408
3408
3407
3407
3406
3406
3406
3406
3405
3405
3404
3404
3404
3404
3403
3403
3402
3402
3401
3401
3400
3400
3400
3400
3400
3399
3399
3399
3398
3398
3398
3397
3397
3396
3395
3394
3394
3393
3393
3393
3392
3392
3391
3391
3390
3389
3389
3388
3388
3388
3388
3387
3387
3386
3385
3385
3385
3383
3383
3382
3382
3381
3381
3381
3381
3379
3379
3378
3378
3378
3378
3378
3378
3377
3377
3377
3377
3376
3376
3375
3375
3375
3375
3374
3374
3374
3373
3372
3372
3371
3371
3371
3371
3371
3371
3371
3371
3370
3370
3370
3369
3369
3369
3369
3369
3369
3368
3367
3367
3367
3366
3366
3366
3365
3365
3364
3364
3364
3363
3363
3362
3361
3361
3360
3360
3360
3360
3360
3360
3360
3359
3358
3358
3357
3357
3357
3356
3356
3355
3355
3355
3355
3354
3354
3354
3353
3352
3352
3351
3351
3349
3348
3346
3346
3346
3346
3345
3345
3345
3344
3344
3344
3344
3344
3343
3343
3343
3343
3341
3341
3341
3340
3340
3340
3340
3340
3340
3339
3339
3339
3338
3338
3337
3337
3336
3335
3335
3335
3335
3334
3334
3333
3332
3332
3331
3331
3330
3329
3329
3329
3329
3328
3328
3328
3328
3328
3328
3327
3327
3326
3326
3326
3326
3324
3323
3323
3323
3322
3321
3320
3319
3318
3318
3318
3316
3315
3315
3314
3314
3314
3314
3313
3312
3312
3312
3311
3311
3310
3310
3310
3308
3308
3308
3307
3306
3306
3306
3305
3305
3304
3304
3304
3304
3303
3303
3303
3303
3303
3302
3301
3301
3301
3301
3300
3300
3300
3300
3300
3299
3299
3298
3297
3297
3297
3296
3296
3296
3295
3295
3295
3295
3294
3294
3293
3293
3293
3292
3292
3292
3291
3290
3290
3289
3288
3288
3288
3288
3287
3286
3286
3285
3285
3285
3284
3284
3284
3283
3283
3283
3281
3281
3280
3280
3279
3278
3278
3278
3278
3278
3277
3277
3277
3277
3276
3275
3275
3275
3275
3274
3274
3274
3273
3273
3272
3271
3271
3271
3271
3271
3270
3270
3270
3269
3267
3267
3267
3267
3267
3266
3266
3265
3265
3265
3264
3264
3264
3264
3264
3263
3263
3263
3262
3261
3261
3260
3260
3260
3260
3259
3258
3258
3258
3257
3257
3257
3256
3256
3255
3255
3255
3255
3255
3255
3254
3253
3253
3253
3253
3252
3252
3251
3251
3251
3250
3250
3250
3249
3249
3249
3249
3248
3248
3248
3248
3248
3247
3247
3247
3247
3246
3245
3245
3244
3244
3244
3243
3243
3243
3243
3243
3243
3242
3242
3242
3241
3241
3241
3240
3240
3239
3239
3239
3238
3237
3236
3236
3236
3236
3236
3235
3234
3234
3234
3233
3232
3232
3232
3232
3232
3231
3231
3231
3231
3230
3230
3230
3230
3230
3230
3229
3229
3229
3229
3228
3228
3228
3227
3227
3227
3227
3227
3227
3226
3226
3225
3224
3224
3224
3224
3222
3222
3222
3222
3220
3220
3220
3219
3219
3219
3219
3217
3217
3216
3216
3216
3215
3215
3214
3214
3214
3214
3213
3213
3212
3212
3212
3211
3210
3210
3210
3209
3209
3209
3209
3208
3208
3207
3207
3206
3206
3205
3204
3204
3204
3204
3202
3202
3202
3201
3201
3200
3200
3199
3198
3198
3198
3198
3198
3197
3197
3197
3197
3196
3195
3195
3195
3194
3194
3194
3194
3193
3193
3193
3192
3191
3191
3191
3191
3190
3189
3189
3189
3188
3187
3187
3187
3187
3186
3186
3186
3185
3184
3184
3184
3183
3183
3182
3182
3182
3181
3181
3181
3179
3179
3179
3185
3178
3178
3178
3177
3177
3177
3177
3176
3176
3176
3175
3175
3173
3173
3173
3173
3173
3172
3172
3172
3172
3172
3171
3171
3171
3171
3170
3170
3170
3169
3169
3169
3168
3167
3166
3166
3165
3165
3165
3164
3163
3163
3163
3161
3161
3161
3160
3159
3159
3158
3158
3157
3157
3157
3156
3156
3155
3155
3154
3154
3153
3153
3153
3153
3153
3152
3152
3152
3152
3152
3152
3151
3151
3151
3150
3150
3150
3149
3149
3149
3149
3147
3147
3147
3145
3144
3144
3144
3144
3144
3143
3143
3142
3142
3142
3141
3141
3141
3140
3140
3140
3140
3138
3137
3136
3136
3136
3136
3135
3135
3135
3135
3135
3134
3133
3133
3133
3133
3133
3133
3131
3129
3129
3129
3128
3128
3127
3127
3127
3127
3126
3126
3126
3126
3125
3124
3124
3123
3123
3123
3122
3121
3121
3121
3121
3120
3120
3119
3119
3119
3119
3119
3118
3118
3118
3118
3117
3116
3116
3116
3116
3115
3115
3114
3114
3113
3112
3111
3111
3109
3109
3108
3108
3108
3108
3108
3107
3107
3106
3106
3106
3106
3105
3105
3105
3104
3103
3103
3103
3101
3101
3101
3101
3100
3100
3099
3099
3099
3098
3098
3097
3097
3097
3097
3097
3097
3097
3097
3097
3096
3096
3096
3095
3095
3095
3095
3095
3094
3093
3092
3091
3091
3091
3091
3091
3091
3090
3090
3090
3090
3090
3089
3088
3087
3087
3087
3087
3086
3086
3086
3086
3086
3085
3085
3084
3084
3084
3084
3084
3084
3083
3083
3083
3083
3082
3082
3081
3080
3080
3080
3079
3079
3078
3078
3078
3077
3077
3077
3077
3077
3076
3076
3076
3075
3075
3074
3074
3074
3074
3074
3073
3073
3073
3073
3073
3073
3073
3073
3072
3072
3072
3071
3071
3071
3071
3071
3071
3071
3070
3070
3070
3070
3069
3069
3069
3069
3068
3067
3067
3067
3066
3066
3066
3066
3066
3066
3066
3065
3064
3064
3064
3064
3063
3063
3063
3062
3062
3062
3061
3060
3060
3060
3059
3059
3059
3059
3059
3058
3058
3058
3058
3057
3057
3057
3056
3055
3055
3054
3053
3053
3053
3053
3052
3052
3052
3051
3051
3049
3049
3049
3049
3049
3049
3048
3048
3048
3047
3047
3047
3047
3046
3046
3045
3045
3045
3044
3044
3044
3043
3043
3043
3042
3042
3041
3041
3041
3041
3040
3040
3040
3039
3039
3038
3038
3038
3038
3037
3036
3036
3036
3035
3035
3035
3033
3033
3033
3033
3033
3032
3032
3032
3031
3031
3031
3030
3029
3029
3028
3028
3027
3027
3027
3027
3026
3026
3025
3025
3024
3024
3023
3023
3023
3023
3023
3022
3022
3022
3022
3021
3020
3020
3020
3020
3020
3019
3019
3019
3019
3018
3017
3017
3017
3016
3016
3016
3016
3016
3016
3015
3015
3015
3015
3015
3015
3015
3014
3014
3014
3014
3013
3013
3013
3013
3012
3011
3011
3011
3011
3010
3010
3010
3009
3009
3009
3008
3008
3007
3007
3007
3007
3007
3006
3006
3006
3006
3005
3005
3005
3005
3005
3005
3004
3003
3003
3002
3002
3002
3002
3002
3001
3000
3002
