346093
307169
279592
254313
243030
238753
234759
210058
208369
172852
167764
167200
155083
147261
146671
144858
143542
138615
138291
133367
119630
119573
118652
114539
113874
112912
112028
109435
107644
107163
106463
102158
102110
99464
98916
89269
87462
85621
82971
82735
81224
79996
79554
79128
78637
76670
74458
73849
73743
73414
73381
72912
72902
71900
71330
70992
70648
70110
69934
67761
66902
66681
66288
65588
65228
65113
65051
64883
64783
64423
64193
63749
62888
62722
61995
61914
60462
60073
59685
59259
57737
57432
57269
57197
57061
56968
56108
54477
53828
53514
53249
53144
53131
52812
52461
51942
51939
51831
51598
51506
51040
50957
50488
50296
50284
49936
49893
49823
49711
49269
49036
48885
47835
47478
47196
46759
46441
46401
46374
45917
45852
45565
45176
45152
45117
45045
45033
45006
44973
44738
44727
44714
44157
43987
43776
43664
43606
43474
43321
43177
43040
43020
42794
42785
42627
42525
42380
42314
41928
41896
41531
41413
40991
40834
40525
40446
39849
39645
39603
39009
38804
38633
38576
38563
38509
38508
38479
38424
38397
38208
38114
38023
37967
37885
37858
37717
37359
37092
37085
37051
36952
36935
36934
36926
36886
36844
36659
36565
36217
36197
36075
35927
35922
35774
35752
35711
35666
35502
35323
35162
35160
35151
34834
34817
34696
34626
34572
34544
34492
34476
34324
34270
34180
34113
34004
33963
33872
33854
33654
33608
33590
33573
33448
33378
33307
33098
33061
32968
32936
32904
32834
32821
32802
32681
32636
32571
32491
32466
32429
32401
32397
32361
32248
32208
32191
32075
32027
32003
32003
31912
31671
31531
31509
31347
31249
31243
31175
31103
31025
31018
30979
30909
30896
30872
30860
30715
30654
30614
30585
30559
30474
30205
30101
30101
30080
30050
30003
29970
29929
29764
29729
29389
29336
29300
29249
29169
29149
29106
29102
29007
28795
28699
28696
28599
28568
28566
28389
28381
28347
28304
28299
28299
28292
28255
28078
28075
27950
27943
27922
27859
27818
27810
27767
27739
27641
27586
27581
27539
27471
27468
27457
27441
27341
27340
27334
27315
27268
27256
27248
27124
27101
27087
27081
26974
26962
26950
26857
26746
26535
26398
26379
26375
26332
26253
26134
26133
26070
26041
26025
26024
26017
25994
25978
25977
25921
25878
25866
25813
25635
25624
25597
25549
25437
25375
25343
25313
25160
25090
24937
24889
24825
24819
24815
24650
24554
24547
24513
24503
24491
24445
24401
24360
24343
24282
24151
24120
24114
24111
24100
24074
24068
24040
24024
23988
23980
23946
23878
23857
23843
23811
23708
23676
23645
23615
23613
23573
23562
23551
23493
23492
23428
23399
23346
23341
23340
23234
23222
23213
23194
23147
23089
23087
23025
22902
22899
22882
22851
22797
22780
22772
22723
22710
22645
22586
22549
22421
22387
22382
22320
22277
22215
22205
22188
22183
22149
22091
22086
22062
22042
22039
21986
21953
21844
21814
21753
21751
21744
21706
21612
21529
21510
21490
21444
21416
21412
21325
21324
21284
21231
21223
21157
21073
21046
21036
21034
21011
21010
21009
20967
20898
20804
20759
20748
20729
20716
20712
20652
20540
20448
20442
20439
20410
20386
20365
20355
20324
20305
20270
20268
20267
20263
20218
20198
20192
20152
20141
20132
20131
20109
20105
20080
20078
20057
20046
20023
19992
19981
19943
19921
19915
19883
19840
19807
19773
19761
19750
19716
19709
19670
19648
19620
19585
19536
19519
19486
19446
19419
19415
19409
19361
19347
19328
19309
19279
19277
19258
19251
19240
19227
19198
19193
19175
19165
19157
19144
19102
19078
19074
19072
19064
19047
19040
19027
19021
19010
18994
18974
18957
18947
18923
18920
18878
18878
18874
18858
18853
18840
18812
18766
18739
18708
18691
18689
18683
18639
18618
18598
18597
18577
18549
18542
18539
18526
18501
18492
18477
18476
18467
18437
18425
18420
18393
18366
18322
18305
18292
18288
18283
18271
18255
18253
18237
18236
18190
18184
18123
18098
18078
18066
18058
18015
17997
17929
17912
17893
17880
17845
17834
17828
17810
17803
17788
17719
17633
17628
17557
17520
17502
17497
17462
17420
17418
17397
17367
17365
17331
17328
17265
17264
17248
17216
17210
17187
17186
17172
17129
17128
17111
17059
17044
17032
17023
17018
17007
16982
16932
16931
16879
16874
16872
16869
16834
16834
16825
16817
16775
16773
16772
16743
16742
16738
16732
16696
16695
16692
16683
16649
16630
16624
16602
16590
16587
16557
16511
16503
16436
16427
16421
16421
16419
16418
16371
16356
16340
16317
16306
16290
16267
16252
16247
16244
16238
16214
16204
16201
16181
16175
16161
16160
16135
16118
16116
16110
16081
16073
16066
16041
16031
16028
16025
16010
16009
16000
15999
15976
15969
15954
15930
15923
15919
15915
15909
15897
15886
15854
15833
15829
15798
15787
15780
15772
15772
15810
15756
15749
15748
15743
15721
15711
15700
15682
15648
15619
15617
15609
15598
15558
15552
15521
15518
15499
15498
15485
15438
15417
15403
15397
15383
15350
15333
15308
15286
15282
15271
15265
15260
15252
15251
15209
15209
15206
15201
15193
15191
15166
15165
15159
15131
15128
15100
15096
15085
15080
15052
15052
15049
15046
15043
15038
15021
15012
15007
14980
14980
14960
14954
14901
14893
14888
14868
14868
14861
14850
14840
14826
14817
14817
14810
14806
14798
14769
14762
14762
14756
14728
14723
14718
14714
14710
14702
14688
14682
14665
14661
14601
14594
14582
14582
14575
14575
14572
14562
14560
14537
14526
14519
14505
14498
14496
14493
14483
14473
14458
14451
14438
14435
14433
14418
14407
14406
14392
14386
14363
14336
14313
14286
14270
14251
14243
14195
14191
14185
14160
14160
14158
14153
14149
14138
14137
14119
14100
14097
14076
14068
14065
14065
14061
14039
14038
14006
13994
13991
13988
13972
13971
13960
13944
13937
13919
13917
13903
13856
13809
13806
13786
13784
13769
13739
13736
13736
13735
13727
13696
13695
13669
13660
13658
13646
13632
13610
13608
13599
13592
13578
13573
13559
13550
13544
13522
13514
13511
13500
13497
13494
13480
13470
13466
13462
13462
13452
13447
13447
13443
13441
13439
13439
13409
13406
13390
13363
13362
13356
13345
13340
13323
13317
13311
13302
13295
13270
13269
13262
13241
13237
13234
13220
13214
13203
13194
13182
13181
13178
13152
13146
13143
13139
13135
13128
13125
13101
13089
13065
13064
13059
13047
13041
13035
13033
13030
13029
13026
13021
13019
12998
12983
12982
12973
12956
12954
12945
12935
12934
12927
12927
12920
12914
12910
12906
12890
12887
12885
12879
12873
12872
12871
12869
12852
12851
12848
12841
12809
12799
12790
12763
12747
12733
12726
12698
12693
12688
12667
12666
12661
12658
12655
12646
12622
12620
12616
12609
12606
12600
12600
12581
12576
12570
12566
12564
12551
12548
12533
12529
12528
12526
12509
12504
12487
12480
12468
12461
12460
12459
12453
12449
12446
12444
12434
12433
12432
12425
12421
12415
12411
12408
12408
12408
12399
12396
12391
12389
12385
12384
12356
12354
12349
12335
12325
12312
12310
12303
12302
12301
12296
12288
12282
12279
12279
12276
12265
12258
12251
12240
12234
12229
12227
12225
12225
12214
12212
12208
12195
12190
12187
12172
12164
12156
12155
12155
12154
12151
12147
12138
12138
12117
12116
12104
12100
12093
12092
12088
12079
12078
12078
12073
12057
12051
12047
12043
12006
12005
11999
11978
11974
11968
11954
11954
11942
11940
11928
11925
11914
11909
11905
11904
11902
11899
11895
11890
11889
11882
11866
11849
11847
11843
11838
11836
11828
11813
11811
11803
11799
11798
11782
11779
11778
11772
11768
11767
11760
11753
11747
11746
11742
11728
11721
11712
11708
11704
11698
11689
11687
11684
11683
11676
11675
11669
11652
11650
11638
11637
11628
11625
11619
11604
11598
11594
11579
11578
11577
11577
11560
11558
11554
11547
11541
11540
11532
11525
11523
11516
11515
11506
11489
11489
11487
11485
11479
11479
11459
11456
11443
11432
11435
11424
11420
11412
11404
11399
11397
11378
11378
11376
11371
11364
11362
11357
11352
11350
11349
11345
11343
11339
11338
11333
11325
11315
11305
11292
11289
11286
11286
11279
11278
11276
11276
11276
11269
11268
11260
11251
11246
11242
11229
11228
11227
11217
11202
11202
11196
11194
11188
11185
11183
11181
11178
11173
11147
11146
11143
11105
11100
11097
11095
11089
11072
11067
11056
11054
11048
11038
11035
11024
11016
11014
11014
11010
11010
11009
10997
10996
10993
10992
10991
10986
10986
10985
10977
10977
10976
10976
10974
10968
10955
10954
10949
10946
10945
10940
10936
10934
10933
10919
10914
10912
10911
10907
10906
10897
10890
10886
10886
10879
10871
10867
10862
10858
10851
10838
10830
10807
10803
10802
10794
10792
10792
10789
10774
10774
10766
10758
10756
10755
10748
10739
10736
10726
10723
10721
10720
10719
10688
10682
10678
10670
10663
10662
10655
10654
10650
10649
10648
10647
10642
10639
10636
10635
10632
10623
10621
10612
10609
10601
10594
10590
10586
10579
10578
10578
10575
10568
10567
10549
10536
10534
10531
10530
10519
10504
10497
10496
10494
10494
10481
10473
10470
10469
10456
10453
10450
10449
10444
10444
10442
10431
10427
10423
10419
10406
10392
10385
10384
10376
10374
10371
10369
10365
10355
10351
10347
10342
10339
10339
10328
10325
10316
10316
10312
10312
10304
10296
10293
10293
10292
10289
10289
10280
10277
10271
10268
10264
10260
10257
10246
10243
10240
10237
10236
10235
10235
10227
10219
10217
10214
10203
10202
10199
10199
10197
10190
10190
10190
10189
10188
10174
10168
10164
10164
10164
10158
10152
10151
10141
10134
10134
10120
10111
10109
10106
10097
10085
10082
10069
10063
10060
10054
10053
10049
10042
10040
10010
10009
10001
9983
9981
9980
9978
9970
9960
9959
9949
9948
9938
9938
9937
9935
9926
9917
9904
9901
9900
9898
9890
9886
9884
9884
9884
9883
9880
9880
9880
9866
9861
9856
9840
9840
9836
9832
9829
9828
9827
9826
9826
9824
9821
9819
9813
9812
9812
9809
9808
9808
9808
9807
9807
9800
9795
9790
9787
9787
9783
9778
9776
9773
9771
9757
9755
9753
9753
9751
9740
9732
9699
9697
9695
9691
9688
9685
9681
9680
9676
9674
9671
9671
9668
9667
9666
9649
9649
9643
9636
9635
9626
9622
9620
9618
9618
9616
9613
9608
9608
9607
9599
9583
9576
9568
9568
9563
9552
9549
9546
9545
9543
9539
9537
9534
9531
9524
9520
9514
9509
9509
9500
9496
9493
9482
9473
9466
9465
9495
9453
9449
9444
9437
9434
9431
9411
9410
9409
9408
9408
9406
9405
9390
9390
9389
9388
9386
9385
9384
9382
9377
9376
9370
9367
9358
9355
9354
9349
9347
9347
9345
9344
9343
9340
9340
9338
9338
9332
9329
9324
9319
9316
9315
9298
9287
9284
9280
9268
9264
9261
9257
9252
9246
9239
9238
9238
9229
9226
9220
9219
9216
9216
9211
9208
9207
9207
9202
9201
9201
9196
9193
9191
9191
9187
9182
9180
9180
9177
9177
9168
9165
9162
9148
9147
9147
9143
9141
9124
9124
9124
9123
9116
9116
9115
9112
9101
9092
9084
9082
9078
9077
9076
9075
9073
9068
9067
9060
9058
9055
9050
9048
9048
9045
9044
9041
9040
9039
9038
9037
9033
9031
9027
9026
9017
9012
9009
9003
9002
9002
8998
8998
8993
8991
8983
8975
8971
8966
8965
8960
8951
8950
8949
8948
8947
8947
8946
8944
8941
8941
8933
8931
8927
8924
8923
8921
8919
8917
8916
8913
8911
8910
8897
8891
8890
8887
8885
8881
8880
8879
8878
8873
8869
8868
8863
8863
8858
8856
8856
8855
8855
8851
8850
8849
8844
8844
8838
8836
8830
8827
8824
8824
8822
8811
8808
8808
8802
8801
8793
8788
8787
8785
8784
8784
8780
8778
8777
8773
8765
8758
8755
8752
8739
8734
8732
8724
8721
8714
8711
8709
8707
8704
8704
8695
8690
8683
8683
8682
8674
8670
8667
8666
8664
8662
8656
8655
8653
8652
8650
8649
8638
8637
8632
8631
8630
8628
8625
8625
8622
8622
8618
8618
8616
8600
8597
8580
8578
8575
8573
8572
8570
8567
8566
8563
8562
8559
8554
8542
8536
8536
8532
8521
8521
8510
8509
8507
8505
8504
8493
8492
8485
8485
8483
8483
8480
8480
8477
8476
8476
8473
8471
8470
8470
8468
8468
8466
8465
8465
8463
8463
8463
8462
8459
8456
8448
8446
8442
8442
8440
8435
8432
8417
8416
8407
8402
8396
8393
8392
8391
8390
8389
8385
8384
8380
8375
8373
8367
8361
8356
8355
8354
8346
8346
8345
8342
8338
8337
8332
8331
8326
8323
8321
8320
8319
8317
8314
8313
8313
8312
8311
8309
8305
8303
8299
8298
8290
8288
8288
8287
8283
8277
8277
8273
8273
8270
8269
8267
8263
8262
8261
8261
8259
8258
8256
8253
8251
8250
8248
8244
8240
8237
8236
8233
8228
8227
8223
8220
8220
8216
8213
8211
8204
8197
8197
8195
8189
8186
8184
8182
8180
8179
8170
8163
8163
8163
8161
8159
8156
8155
8154
8153
8149
8146
8144
8143
8141
8139
8139
8137
8135
8133
8132
8129
8127
8123
8120
8119
8116
8114
8111
8111
8104
8101
8097
8095
8088
8088
8086
8086
8086
8086
8083
8082
8081
8075
8072
8069
8068
8067
8066
8065
8062
8054
8054
8052
8052
8046
8041
8036
8033
8032
8031
8030
8023
8022
8019
8018
8017
8017
8016
8014
8014
8010
8010
8001
8001
7993
7991
7988
7985
7980
7978
7977
7975
7975
7971
7969
7968
7967
7961
7958
7957
7957
7940
7940
7938
7936
7935
7928
7925
7924
7919
7918
7916
7907
7906
7905
7900
7898
7894
7890
7890
7888
7888
7881
7878
7876
7875
7880
7874
7858
7857
7857
7852
7851
7850
7850
7849
7847
7842
7842
7835
7831
7829
7827
7822
7821
7820
7819
7818
7817
7813
7811
7811
7808
7808
7807
7806
7796
7795
7790
7789
7785
7785
7785
7784
7783
7783
7778
7776
7772
7769
7765
7760
7760
7757
7756
7754
7754
7747
7743
7743
7742
7740
7768
7733
7733
7732
7727
7727
7726
7719
7715
7710
7709
7708
7703
7698
7695
7695
7694
7693
7693
7693
7692
7689
7685
7680
7679
7677
7677
7673
7673
7671
7670
7669
7667
7667
7665
7663
7662
7662
7660
7658
7656
7653
7652
7647
7643
7641
7640
7635
7629
7629
7627
7625
7621
7617
7617
7614
7614
7614
7612
7612
7611
7608
7604
7603
7597
7596
7595
7589
7588
7587
7581
7579
7577
7577
7576
7575
7570
7569
7568
7567
7567
7566
7565
7563
7562
7559
7558
7557
7553
7553
7552
7545
7542
7536
7532
7532
7531
7530
7528
7525
7525
7524
7521
7521
7521
7515
7512
7512
7511
7510
7508
7507
7505
7503
7503
7501
7498
7491
7484
7481
7480
7478
7473
7465
7465
7465
7464
7464
7462
7462
7460
7459
7459
7458
7455
7450
7449
7448
7448
7446
7446
7446
7444
7441
7440
7440
7439
7435
7435
7431
7430
7429
7425
7425
7418
7418
7415
7412
7405
7405
7402
7401
7398
7393
7390
7387
7385
7383
7383
7380
7377
7372
7368
7363
7362
7351
7348
7344
7341
7340
7339
7336
7334
7327
7326
7330
7325
7323
7321
7320
7314
7314
7313
7308
7306
7306
7299
7294
7294
7292
7288
7284
7282
7279
7276
7271
7261
7259
7258
7258
7250
7247
7247
7242
7241
7240
7239
7239
7236
7236
7236
7233
7231
7231
7227
7224
7222
7222
7221
7218
7218
7216
7215
7210
7207
7206
7205
7204
7204
7204
7198
7197
7190
7189
7185
7184
7183
7182
7180
7180
7180
7179
7176
7175
7173
7174
7166
7164
7163
7161
7160
7159
7156
7156
7155
7154
7151
7150
7148
7148
7146
7143
7140
7139
7138
7138
7137
7135
7132
7124
7122
7121
7114
7112
7110
7106
7102
7102
7101
7099
7095
7095
7091
7091
7091
7084
7083
7081
7079
7078
7078
7077
7076
7072
7067
7063
7063
7062
7061
7059
7055
7053
7052
7051
7050
7049
7046
7044
7043
7043
7041
7041
7037
7034
7034
7032
7031
7028
7027
7026
7025
7022
7021
7018
7017
7017
7013
7013
7012
7010
7010
7006
7004
7003
7003
7001
7000
6997
6995
6994
6989
6989
6988
6988
6985
6983
6983
6977
6973
6972
6970
6969
6966
6963
6961
6955
6954
6952
6951
6949
6949
6945
6942
6940
6940
6936
6933
6933
6929
6928
6928
6926
6922
6921
6920
6919
6915
6914
6913
6912
6912
6903
6901
6901
6900
6898
6898
6895
6895
6894
6892
6891
6890
6882
6881
6879
6879
6875
6875
6874
6873
6872
6870
6870
6867
6867
6866
6864
6864
6863
6862
6852
6851
6849
6848
6846
6846
6846
6840
6838
6834
6834
6833
6833
6831
6831
6830
6829
6825
6824
6822
6821
6820
6813
6813
6811
6806
6806
6806
6805
6804
6803
6802
6801
6800
6794
6792
6792
6790
6788
6787
6779
6779
6775
6771
6770
6770
6769
6769
6767
6764
6762
6762
6651
6760
6760
6759
6759
6757
6754
6754
6750
6749
6747
6741
6737
6736
6732
6730
6725
6722
6720
6720
6720
6718
6717
6717
6709
6708
6707
6706
6705
6703
6703
6701
6701
6700
6695
6695
6694
6693
6684
6684
6684
6683
6682
6680
6676
6676
6676
6673
6673
6672
6671
6670
6670
6669
6667
6667
6663
6663
6661
6661
6658
6655
6652
6647
6645
6644
6644
6642
6639
6632
6632
6631
6628
6627
6619
6619
6619
6619
6618
6617
6617
6616
6615
6614
6608
6607
6605
6603
6602
6600
6600
6599
6597
6596
6595
6594
6591
6589
6588
6588
6587
6587
6584
6580
6579
6577
6576
6574
6574
6570
6568
6567
6564
6562
6557
6555
6554
6552
6550
6549
6548
6547
6546
6545
6543
6540
6539
6531
6526
6525
6524
6520
6517
6515
6512
6507
6498
6497
6494
6493
6493
6491
6491
6488
6484
6483
6482
6481
6480
6479
6470
6467
6467
6465
6465
6464
6459
6457
6454
6452
6449
6445
6445
6445
6443
6443
6441
6438
6438
6437
6435
6435
6433
6432
6431
6428
6427
6427
6426
6426
6422
6421
6419
6418
6418
6414
6404
6404
6402
6399
6395
6395
6394
6392
6392
6392
6391
6391
6389
6388
6388
6384
6382
6381
6381
6380
6379
6375
6372
6369
6368
6365
6365
6363
6363
6363
6361
6359
6358
6358
6356
6355
6351
6347
6347
6344
6340
6338
6337
6336
6333
6332
6331
6330
6327
6326
6326
6325
6324
6324
6322
6314
6314
6310
6310
6309
6307
6306
6305
6303
6303
6302
6301
6300
6300
6299
6294
6293
6292
6291
6290
6287
6284
6284
6283
6282
6281
6278
6278
6277
6277
6276
6275
6272
6272
6271
6270
6262
6262
6261
6261
6258
6258
6258
6257
6252
6250
6249
6248
6244
6243
6239
6238
6238
6235
6234
6234
6230
6228
6228
6224
6224
6224
6247
6221
6218
6218
6211
6211
6211
6210
6209
6209
6207
6207
6204
6201
6201
6200
6199
6198
6196
6195
6194
6193
6192
6190
6186
6185
6185
6183
6182
6182
6180
6179
6177
6176
6176
6175
6174
6173
6171
6169
6164
6162
6160
6157
6155
6154
6153
6153
6152
6149
6148
6148
6147
6139
6137
6135
6134
6133
6132
6132
6132
6131
6131
6130
6129
6127
6127
6124
6119
6118
6118
6117
6117
6115
6114
6114
6113
6113
6106
6104
6103
6100
6099
6099
6096
6094
6094
6092
6092
6092
6087
6086
6083
6083
6081
6078
6078
6078
6077
6076
6071
6069
6069
6067
6066
6066
6066
6063
6061
6061
6060
6060
6060
6059
6058
6052
6050
6050
6050
6048
6047
6045
6043
6042
6042
6041
6038
6037
6036
6035
6035
6033
6033
6031
6031
6031
6031
6028
6025
6022
6022
6021
6021
6019
6017
6015
6015
6014
6014
6013
6013
6012
6011
6008
6005
6004
6000
5999
5998
5997
5997
5994
5993
5986
5995
5985
5984
5983
5981
5978
5978
5976
5975
5975
5974
5973
5968
5967
5965
5963
5958
5958
5957
5956
5955
5954
5954
5954
5953
5951
5950
5949
5948
5945
5944
5943
5941
5940
5940
5939
5936
5935
5935
5934
5934
5933
5932
5931
5931
5931
5930
5929
5928
5927
5927
5927
5926
5926
5924
5924
5922
5922
5921
5919
5918
5917
5914
5912
5907
5906
5906
5905
5905
5904
5903
5902
5902
5901
5900
5899
5895
5894
5893
5893
5893
5893
5891
5885
5884
5883
5883
5882
5882
5879
5878
5877
5873
5871
5871
5870
5868
5866
5860
5855
5855
5854
5854
5852
5851
5848
5848
5847
5846
5841
5837
5836
5834
5833
5833
5831
5828
5828
5827
5827
5826
5825
5823
5820
5816
5816
5814
5813
5812
5811
5808
5805
5803
5803
5802
5801
5801
5800
5799
5798
5798
5797
5787
5785
5784
5782
5780
5780
5779
5779
5778
5777
5776
5776
5773
5772
5771
5767
5766
5762
5760
5760
5759
5756
5755
5754
5753
5753
5753
5749
5748
5747
5745
5744
5741
5740
5740
5738
5737
5736
5735
5733
5732
5731
5730
5729
5728
5728
5727
5726
5726
5725
5725
5724
5724
5723
5722
5722
5720
5718
5717
5714
5714
5714
5714
5713
5713
5711
5711
5711
5710
5709
5709
5707
5706
5705
5702
5700
5700
5697
5694
5694
5693
5693
5693
5693
5693
5693
5691
5689
5688
5686
5684
5684
5681
5681
5680
5680
5680
5680
5675
5675
5674
5673
5673
5671
5670
5669
5665
5665
5663
5657
5655
5653
5653
5653
5652
5651
5651
5650
5650
5650
5648
5644
5643
5643
5641
5641
5637
5637
5637
5636
5633
5633
5632
5628
5628
5627
5627
5627
5625
5623
5623
5620
5619
5619
5618
5616
5616
5614
5614
5613
5610
5610
5610
5610
5608
5607
5606
5605
5605
5605
5605
5604
5604
5604
5602
5602
5602
5601
5600
5598
5597
5597
5596
5596
5596
5594
5593
5591
5591
5589
5588
5584
5582
5580
5580
5577
5576
5575
5574
5573
5569
5567
5566
5564
5563
5561
5559
5557
5556
5554
5552
5552
5552
5552
5550
5550
5548
5546
5544
5543
5541
5541
5539
5539
5539
5539
5536
5535
5535
5532
5527
5526
5526
5524
5523
5522
5522
5519
5518
5517
5515
5515
5513
5512
5511
5511
5509
5506
5506
5505
5503
5503
5502
5500
5497
5497
5494
5491
5489
5489
5487
5487
5486
5486
5485
5485
5482
5482
5477
5475
5475
5475
5474
5474
5472
5470
5468
5468
5468
5465
5463
5463
5461
5460
5458
5458
5457
5457
5455
5455
5455
5454
5453
5447
5446
5446
5444
5443
5441
5440
5440
5438
5438
5437
5437
5436
5436
5436
5435
5434
5434
5433
5433
5432
5431
5430
5430
5429
5429
5427
5362
5427
5424
5423
5421
5421
5416
5413
5411
5410
5410
5407
5406
5405
5403
5401
5399
5399
5395
5395
5395
5394
5393
5390
5385
5383
5383
5382
5380
5380
5380
5377
5374
5365
5365
5363
5362
5361
5359
5356
5353
5353
5350
5346
5344
5341
5341
5339
5337
5337
5336
5334
5334
5334
5333
5333
5328
5327
5326
5326
5326
5326
5323
5320
5320
5319
5315
5315
5313
5312
5310
5310
5307
5306
5302
5302
5301
5299
5299
5299
5299
5299
5299
5298
5295
5293
5292
5291
5290
5290
5288
5286
5285
5285
5283
5283
5281
5280
5280
5279
5277
5275
5274
5274
5273
5273
5272
5271
5271
5270
5270
5268
5267
5267
5266
5266
5265
5265
5260
5259
5257
5256
5255
5255
5254
5253
5253
5253
5253
5249
5249
5248
5248
5245
5245
5245
5243
5243
5239
5239
5237
5236
5235
5234
5234
5234
5234
5232
5232
5231
5230
5229
5228
5227
5227
5225
5224
5224
5223
5223
5222
5222
5222
5220
5220
5219
5219
5216
5215
5214
5214
5213
5213
5212
5209
5208
5207
5215
5204
5202
5202
5200
5199
5199
5199
5198
5198
5196
5196
5195
5194
5192
5191
5189
5189
5188
5187
5186
5182
5180
5178
5177
5177
5177
5177
5176
5173
5173
5173
5172
5170
5170
5166
5165
5164
5164
5164
5164
5163
5162
5162
5160
5160
5160
5159
5158
5155
5155
5155
5155
5154
5152
5152
5150
5150
5147
5146
5146
5145
5145
5144
5143
5142
5141
5140
5139
5138
5137
5136
5135
5134
5133
5133
5132
5131
5130
5129
5128
5126
5125
5125
5124
5121
5121
5121
5120
5120
5120
5117
5116
5115
5115
5114
5112
5112
5111
5111
5110
5109
5106
5105
5105
5105
5099
5098
5098
5097
5095
5093
5091
5091
5090
5090
5089
5089
5089
5089
5089
5087
5085
5083
5081
5081
5080
5076
5076
5074
5074
5073
5072
5072
5070
5068
5067
5064
5064
5063
5061
5061
5061
5061
5060
5059
5055
5052
5052
5046
5046
5045
5045
5044
5044
5044
5043
5041
5041
5041
5039
5036
5035
5035
5035
5035
5034
5034
5034
5034
5031
5030
5028
5027
5026
5025
5024
5024
5023
5022
5022
5020
5018
5016
5015
5013
5011
5010
5009
5008
5005
5004
5003
5003
5002
5002
5000
5000
5000
4999
4998
4998
4997
4996
4996
4993
4993
4992
4992
4987
4986
4986
4985
4985
4985
4984
4982
4982
4982
4980
4978
4977
4977
4976
4975
4975
4974
4973
4972
4972
4971
4970
4970
4967
4966
4966
4965
4963
4963
4962
4962
4961
4960
4959
4959
4957
4956
4955
4954
4953
4953
4952
4952
4952
4951
4950
4947
4947
4947
4946
4946
4943
4943
4942
4941
4941
4939
4938
4938
4938
4934
4934
4934
4934
4933
4933
4933
4933
4930
4929
4929
4928
4927
4926
4924
4923
4922
4921
4920
4919
4919
4919
4918
4918
4914
4914
4914
4914
4913
4913
4911
4911
4911
4910
4910
4909
4909
4909
4908
4907
4907
4906
4905
4903
4901
4901
4901
4901
4900
4900
4899
4899
4898
4898
4897
4896
4896
4896
4895
4893
4893
4891
4889
4889
4887
4887
4885
4885
4885
4880
4876
4876
4875
4875
4873
4871
4871
4868
4865
4863
4863
4861
4861
4859
4857
4857
4857
4857
4856
4854
4854
4853
4852
4850
4848
4848
4845
4844
4844
4843
4842
4842
4840
4840
4840
4839
4838
4838
4837
4836
4836
4835
4835
4835
4833
4833
4829
4828
4825
4825
4825
4825
4824
4823
4822
4820
4820
4818
4817
4817
4814
4812
4812
4812
4810
4809
4809
4808
4806
4805
4805
4801
4801
4801
4801
4800
4800
4798
4794
4794
4793
4792
4791
4790
4790
4789
4788
4788
4788
4787
4787
4785
4785
4785
4784
4784
4784
4783
4782
4781
4780
4780
4780
4778
4772
4772
4771
4771
4769
4769
4769
4767
4766
4765
4764
4760
4759
4759
4758
4756
4756
4754
4753
4752
4750
4749
4748
4744
4741
4741
4741
4741
4741
4739
4739
4739
4739
4738
4737
4736
4735
4735
4734
4734
4733
4733
4731
4731
4731
4728
4727
4727
4726
4725
4724
4724
4723
4722
4722
4721
4720
4719
4719
4716
4716
4714
4712
4711
4709
4706
4706
4706
4705
4705
4705
4703
4703
4702
4702
4701
4701
4701
4700
4700
4700
4698
4698
4698
4697
4695
4695
4694
4694
4693
4693
4692
4690
4690
4686
4686
4685
4684
4684
4683
4682
4681
4681
4680
4679
4678
4678
4678
4676
4673
4671
4670
4670
4670
4670
4669
4669
4668
4667
4666
4665
4665
4664
4663
4663
4662
4660
4660
4659
4658
4658
4657
4656
4654
4654
4654
4653
4653
4653
4652
4652
4651
4649
4648
4648
4648
4647
4645
4645
4645
4644
4644
4643
4642
4642
4641
4641
4641
4640
4640
4639
4638
4638
4638
4638
4637
4637
4636
4635
4633
4632
4630
4629
4629
4627
4627
4627
4627
4625
4624
4621
4620
4620
4619
4619
4618
4617
4614
4613
4612
4611
4611
4610
4610
4609
4609
4609
4609
4609
4608
4608
4607
4607
4607
4607
4606
4605
4605
4605
4603
4602
4601
4601
4601
4600
4598
4596
4596
4595
4594
4594
4594
4594
4594
4593
4592
4592
4592
4591
4591
4591
4590
4589
4588
4587
4587
4587
4586
4585
4585
4583
4582
4582
4581
4581
4581
4580
4580
4579
4579
4578
4577
4576
4575
4575
4575
4574
4573
4571
4571
4570
4570
4569
4568
4568
4568
4567
4566
4565
4564
4564
4563
4563
4562
4562
4562
4560
4560
4559
4559
4558
4558
4558
4556
4554
4553
4551
4550
4550
4546
4545
4545
4543
4543
4542
4541
4541
4539
4538
4538
4537
4537
4537
4536
4536
4535
4534
4533
4533
4532
4531
4531
4530
4530
4530
4530
4529
4529
4528
4526
4525
4525
4524
4523
4521
4519
4518
4516
4515
4515
4514
4511
4510
4509
4509
4509
4508
4508
4505
4503
4503
4502
4501
4499
4499
4498
4497
4496
4495
4494
4494
4494
4493
4491
4491
4490
4490
4490
4490
4490
4489
4489
4489
4489
4488
4485
4485
4484
4483
4483
4482
4482
4480
4480
4478
4477
4477
4477
4475
4475
4472
4470
4470
4470
4469
4468
4467
4466
4465
4465
4462
4461
4460
4460
4459
4459
4459
4459
4458
4458
4455
4455
4454
4454
4454
4453
4453
4452
4449
4448
4447
4445
4445
4445
4445
4444
4444
4442
4442
4441
4441
4441
4440
4439
4438
4436
4435
4435
4433
4433
4432
4432
4430
4430
4429
4429
4429
4427
4427
4427
4427
4426
4426
4426
4425
4424
4424
4424
4422
4420
4420
4420
4419
4418
4418
4418
4418
4417
4417
4415
4413
4412
4411
4410
4410
4410
4409
4408
4406
4403
4403
4402
4402
4400
4398
4397
4397
4396
4395
4394
4394
4394
4393
4387
4387
4386
4385
4384
4384
4383
4383
4382
4382
4382
4381
4381
4379
4379
4378
4378
4378
4377
4377
4377
4376
4376
4376
4375
4373
4371
4371
4371
4371
4369
4368
4367
4367
4367
4366
4366
4365
4364
4363
4362
4362
4361
4361
4361
4359
4359
4358
4357
4357
4357
4357
4356
4356
4356
4354
4354
4353
4352
4352
4351
4351
4351
4350
4350
4348
4346
4346
4343
4342
4342
4342
4341
4340
4340
4339
4339
4336
4335
4335
4335
4334
4334
4332
4332
4331
4331
4327
4327
4326
4324
4324
4322
4322
4320
4319
4319
4317
4316
4316
4315
4315
4315
4313
4312
4308
4307
4307
4307
4305
4305
4304
4303
4303
4302
4302
4302
4301
4299
4299
4297
4297
4297
4297
4297
4297
4296
4294
4294
4293
4293
4292
4292
4292
4292
4292
4292
4291
4291
4291
4290
4289
4289
4286
4286
4284
4284
4282
4282
4281
4281
4280
4279
4279
4278
4278
4278
4277
4277
4277
4276
4275
4273
4273
4272
4272
4272
4272
4272
4271
4271
4270
4270
4269
4269
4268
4267
4265
4265
4265
4265
4264
4264
4263
4261
4261
4260
4260
4260
4259
4258
4258
4256
4255
4254
4253
4253
4253
4252
4252
4251
4251
4250
4249
4247
4246
4244
4244
4243
4243
4243
4242
4242
4241
4241
4240
4240
4239
4239
4239
4238
4237
4236
4235
4234
4234
4234
4233
4233
4232
4230
4230
4230
4230
4230
4228
4228
4225
4224
4223
4223
4221
4221
4220
4220
4220
4220
4219
4218
4217
4215
4215
4214
4214
4213
4212
4211
4211
4208
4207
4206
4205
4204
4203
4203
4202
4202
4202
4201
4201
4200
4199
4198
4198
4198
4197
4197
4196
4194
4194
4194
4193
4192
4192
4192
4192
4190
4190
4190
4190
4189
4189
4189
4189
4188
4188
4186
4185
4184
4183
4181
4181
4178
4177
4176
4176
4175
4175
4174
4174
4172
4171
4171
4170
4169
4169
4169
4169
4169
4168
4168
4167
4166
4166
4166
4165
4165
4165
4165
4164
4163
4163
4162
4161
4161
4160
4158
4158
4157
4157
4155
4155
4154
4153
4152
4152
4152
4151
4151
4149
4149
4147
4146
4146
4146
4145
4145
4144
4144
4144
4143
4142
4142
4141
4141
4141
4141
4139
4139
4138
4138
4137
4136
4136
4136
4135
4135
4134
4133
4133
4132
4132
4131
4130
4130
4130
4130
4130
4130
4130
4129
4127
4127
4127
4126
4126
4126
4125
4125
4125
4124
4124
4124
4123
4123
4122
4122
4121
4121
4119
4119
4118
4118
4118
4116
4115
4115
4114
4114
4113
4113
4113
4112
4112
4112
4112
4112
4111
4110
4110
4110
4110
4109
4107
4106
4105
4105
4104
4104
4104
4103
4103
4103
4102
4100
4100
4100
4100
4099
4099
4099
4099
4098
4098
4098
4098
4096
4095
4094
4094
4093
4092
4092
4092
4091
4091
4089
4089
4088
4088
4087
4087
4085
4085
4085
4083
4083
4082
4082
4081
4081
4079
4078
4077
4075
4075
4073
4071
4070
4070
4069
4068
4068
4068
4067
4066
4066
4065
4064
4064
4063
4063
4063
4063
4033
4061
4057
4056
4056
4055
4055
4055
4055
4054
4054
4053
4053
4053
4051
4051
4051
4050
4050
4049
4049
4048
4048
4047
4046
4046
4045
4045
4045
4044
4044
4043
4042
4042
4042
4042
4042
4042
4041
4041
4040
4040
4038
4038
4038
4037
4037
4037
4037
4037
4034
4032
4032
4031
4029
4029
4029
4028
4027
4027
4027
4026
4025
4024
4024
4024
4023
4022
4021
4020
4019
4019
4018
4018
4017
4017
4017
4017
4017
4016
4016
4015
4015
4015
4014
4013
4013
4011
4011
4010
4010
4008
4007
4007
4006
4006
4006
4004
4004
4004
4003
4002
4002
4002
4001
4001
4000
3999
3999
3998
3997
3997
3996
3995
3994
3994
3994
3994
3993
3992
3991
3991
3991
3990
3990
3990
3990
3990
3989
3988
3988
3987
3986
3986
3986
3985
3984
3983
3983
3982
3982
3982
3981
3980
3979
3979
3979
3978
3977
3977
3977
3974
3974
3974
3972
3972
3971
3970
3970
3969
3969
3968
3967
3966
3966
3966
3965
3965
3965
3965
3964
3964
3961
3958
3958
3958
3958
3958
3955
3955
3955
3955
3954
3952
3952
3952
3951
3951
3951
3951
3949
3948
3948
3947
3946
3946
3945
3944
3942
3942
3941
3940
3940
3939
3939
3939
3938
3938
3938
3937
3936
3936
3936
3935
3935
3935
3935
3934
3933
3933
3933
3932
3932
3930
3930
3929
3929
3929
3928
3927
3926
3926
3926
3924
3924
3923
3923
3921
3920
3920
3920
3920
3919
3919
3918
3918
3917
3917
3916
3916
3916
3916
3915
3915
3915
3914
3914
3912
3911
3911
3911
3910
3910
3908
3908
3908
3907
3907
3907
3907
3907
3907
3906
3906
3905
3905
3904
3903
3903
3902
3901
3901
3901
3901
3901
3900
3900
3900
3899
3899
3898
3898
3898
3898
3897
3896
3896
3896
3895
3895
3894
3894
3893
3892
3890
3890
3890
3889
3889
3888
3888
3887
3887
3886
3886
3886
3886
3884
3884
3884
3883
3881
3881
3881
3880
3880
3880
3879
3878
3878
3876
3876
3875
3875
3874
3874
3873
3872
3872
3871
3869
3869
3869
3868
3868
3867
3867
3867
3866
3866
3865
3865
3864
3864
3863
3862
3862
3861
3861
3860
3860
3859
3859
3857
3856
3856
3855
3855
3854
3854
3854
3852
3852
3851
3850
3850
3850
3849
3848
3848
3848
3848
3847
3847
3847
3847
3846
3846
3845
3845
3845
3843
3842
3841
3840
3840
3840
3840
3837
3836
3836
3836
3836
3834
3833
3833
3832
3832
3832
3832
3831
3830
3829
3829
3829
3829
3829
3828
3828
3827
3825
3823
3822
3822
3820
3820
3820
3820
3820
3819
3819
3819
3819
3819
3818
3817
3817
3817
3816
3816
3816
3816
3816
3815
3814
3814
3814
3812
3812
3812
3811
3810
3810
3810
3809
3809
3808
3808
3808
3808
3808
3808
3808
3806
3806
3804
3804
3803
3803
3803
3803
3803
3802
3802
3801
3800
3800
3797
3797
3797
3796
3796
3795
3795
3795
3795
3794
3794
3794
3793
3792
3792
3790
3790
3790
3790
3790
3790
3788
3787
3787
3787
3787
3785
3785
3784
3784
3784
3784
3784
3783
3782
3781
3781
3780
3780
3780
3780
3780
3779
3778
3778
3778
3777
3776
3776
3776
3775
3775
3774
3773
3773
3773
3772
3771
3770
3770
3769
3769
3769
3769
3768
3768
3768
3767
3766
3765
3765
3765
3765
3765
3763
3763
3763
3762
3762
3761
3761
3761
3761
3761
3760
3760
3759
3759
3759
3758
3758
3757
3757
3757
3756
3755
3755
3755
3755
3752
3752
3751
3751
3751
3751
3751
3750
3750
3750
3750
3749
3749
3748
3747
3747
3747
3746
3745
3744
3743
3743
3741
3741
3741
3741
3739
3739
3738
3737
3737
3736
3736
3736
3736
3735
3735
3734
3734
3734
3733
3731
3731
3730
3730
3728
3728
3728
3728
3728
3727
3727
3726
3726
3726
3726
3726
3725
3725
3724
3723
3723
3723
3723
3722
3722
3721
3721
3721
3721
3720
3719
3719
3719
3718
3718
3718
3718
3715
3713
3712
3712
3712
3711
3711
3711
3710
3710
3709
3709
3708
3707
3707
3706
3705
3705
3703
3703
3702
3702
3702
3701
3701
3701
3700
3700
3700
3699
3698
3697
3696
3695
3695
3695
3694
3694
3694
3693
3693
3692
3691
3691
3690
3689
3689
3688
3688
3687
3686
3686
3686
3686
3686
3686
3684
3684
3683
3682
3682
3682
3682
3682
3682
3681
3681
3681
3681
3680
3680
3680
3680
3680
3679
3679
3678
3677
3677
3677
3676
3676
3676
3676
3675
3675
3675
3674
3674
3673
3672
3672
3672
3671
3671
3669
3669
3669
3668
3668
3668
3667
3667
3667
3667
3667
3667
3666
3666
3665
3665
3665
3665
3665
3664
3664
3663
3663
3663
3662
3662
3661
3661
3660
3660
3660
3659
3658
3657
3656
3656
3656
3655
3654
3652
3651
3651
3651
3651
3651
3650
3649
3649
3648
3647
3647
3646
3646
3646
3645
3645
3644
3644
3643
3642
3642
3642
3640
3640
3639
3639
3638
3638
3638
3638
3637
3637
3637
3636
3636
3635
3635
3634
3634
3634
3634
3633
3633
3633
3633
3632
3631
3631
3630
3630
3630
3629
3629
3629
3628
3628
3627
3627
3626
3626
3625
3625
3625
3625
3624
3624
3623
3623
3623
3623
3622
3622
3621
3620
3619
3619
3619
3619
3618
3618
3618
3618
3617
3617
3617
3616
3616
3616
3616
3616
3615
3615
3613
3612
3612
3611
3610
3610
3610
3610
3610
3609
3609
3609
3608
3607
3607
3606
3606
3605
3603
3603
3603
3603
3603
3603
3602
3602
3600
3600
3599
3599
3598
3597
3597
3596
3596
3596
3596
3595
3595
3595
3595
3594
3594
3593
3593
3591
3590
3590
3590
3590
3589
3589
3589
3588
3588
3588
3587
3587
3587
3587
3587
3587
3586
3586
3586
3586
3586
3585
3585
3584
3584
3584
3584
3584
3582
3582
3582
3582
3581
3581
3580
3580
3579
3578
3577
3577
3575
3575
3575
3573
3573
3572
3571
3570
3570
3570
3570
3569
3569
3568
3568
3568
3567
3567
3567
3567
3566
3566
3565
3565
3565
3565
3565
3564
3564
3564
3563
3562
3562
3562
3561
3561
3561
3560
3560
3560
3557
3556
3556
3555
3555
3554
3552
3552
3552
3552
3552
3551
3550
3549
3549
3549
3548
3548
3548
3546
3546
3546
3545
3544
3544
3544
3544
3544
3543
3543
3543
3542
3541
3541
3540
3540
3540
3540
3539
3539
3539
3538
3538
3538
3535
3534
3533
3532
3531
3530
3528
3528
3527
3527
3527
3526
3526
3525
3525
3524
3524
3523
3523
3523
3521
3521
3521
3521
3520
3519
3518
3517
3516
3516
3516
3515
3513
3512
3511
3511
3510
3510
3510
3510
3510
3510
3509
3508
3508
3508
3508
3507
3507
3507
3507
3505
3505
3505
3505
3504
3503
3503
3502
3502
3501
3500
3500
3499
3499
3499
3498
3498
3497
3497
3495
3495
3495
3494
3494
3493
3492
3492
3491
3490
3490
3490
3490
3490
3488
3488
3486
3486
3486
3486
3486
3485
3482
3482
3482
3481
3481
3480
3480
3480
3479
3478
3477
3477
3477
3477
3476
3476
3476
3475
3475
3475
3475
3475
3475
3474
3473
3471
3471
3471
3470
3469
3469
3469
3469
3468
3468
3468
3468
3468
3467
3467
3466
3465
3465
3465
3464
3464
3464
3463
3463
3462
3462
3462
3462
3462
3461
3461
3461
3460
3459
3459
3459
3459
3458
3458
3457
3456
3456
3455
3455
3454
3454
3453
3453
3452
3452
3452
3451
3451
3451
3450
3450
3450
3449
3449
3449
3449
3448
3447
3447
3447
3446
3446
3444
3444
3444
3443
3443
3443
3442
3442
3442
3441
3440
3440
3439
3439
3438
3438
3433
3433
3432
3432
3432
3442
3431
3430
3430
3430
3430
3430
3429
3429
3429
3429
3428
3428
3428
3427
3427
3427
3426
3426
3425
3425
3425
3424
3424
3422
3422
3421
3421
3420
3419
3419
3419
3419
3419
3418
3418
3418
3417
3416
3416
3416
3415
3415
3415
3415
3414
3414
3413
3413
3413
3412
3412
3411
3411
3410
3409
3408
3408
3407
3407
3406
3406
3405
3405
3405
3404
3404
3403
3403
3403
3403
3402
3402
3402
3401
3401
3400
3400
3398
3398
3397
3397
3397
3396
3396
3394
3394
3394
3394
3392
3392
3391
3391
3391
3391
3390
3390
3389
3388
3388
3388
3386
3386
3385
3385
3384
3384
3384
3384
3383
3383
3383
3383
3382
3382
3381
3381
3381
3380
3379
3378
3378
3377
3377
3377
3377
3377
3377
3377
3376
3374
3372
3372
3372
3372
3371
3371
3371
3371
3370
3369
3368
3368
3367
3367
3367
3366
3366
3365
3365
3365
3364
3363
3362
3361
3360
3360
3360
3360
3360
3359
3359
3359
3359
3358
3357
3357
3355
3355
3355
3354
3353
3353
3353
3353
3353
3352
3352
3352
3352
3352
3351
3351
3350
3350
3348
3348
3348
3347
3347
3347
3347
3347
3346
3346
3345
3345
3343
3343
3343
3342
3341
3341
3341
3340
3339
3339
3339
3339
3338
3337
3337
3337
3337
3337
3336
3336
3335
3335
3335
3335
3335
3334
3334
3333
3333
3333
3333
3332
3331
3331
3331
3331
3330
3330
3330
3330
3329
3329
3328
3327
3326
3326
3326
3326
3324
3324
3323
3323
3323
3322
3322
3322
3322
3321
3320
3319
3319
3319
3319
3319
3318
3318
3317
3317
3316
3316
3315
3315
3314
3313
3313
3313
3311
3311
3311
3310
3310
3309
3309
3309
3309
3309
3308
3308
3308
3307
3307
3307
3307
3307
3316
3306
3306
3306
3306
3306
3305
3305
3305
3304
3303
3303
3303
3302
3302
3301
3300
3300
3299
3299
3299
3298
3298
3296
3296
3296
3296
3296
3295
3295
3295
3295
3294
3294
3293
3293
3293
3293
3293
3292
3292
3291
3291
3290
3290
3290
3290
3290
3290
3289
3289
3287
3287
3286
3286
3286
3286
3285
3285
3284
3283
3282
3282
3282
3282
3281
3281
3280
3280
3280
3280
3279
3279
3279
3279
3279
3279
3279
3278
3278
3277
3277
3274
3273
3273
3272
3272
3272
3272
3272
3271
3271
3271
3271
3270
3270
3270
3270
3270
3269
3268
3267
3267
3266
3266
3266
3266
3266
3266
3266
3265
3265
3265
3264
3264
3264
3263
3263
3263
3263
3263
3262
3262
3262
3261
3261
3261
3261
3261
3260
3260
3260
3259
3259
3259
3259
3259
3258
3258
3256
3256
3256
3256
3256
3255
3255
3254
3253
3252
3252
3252
3251
3250
3249
3249
3249
3249
3248
3248
3247
3247
3247
3246
3246
3245
3245
3244
3244
3244
3244
3243
3243
3243
3242
3241
3241
3240
3240
3240
3240
3239
3239
3238
3237
3236
3236
3236
3235
3235
3235
3235
3234
3234
3234
3234
3234
3233
3233
3232
3232
3232
3232
3231
3231
3230
3230
3230
3230
3228
3228
3226
3226
3225
3225
3225
3224
3223
3223
3223
3222
3221
3221
3220
3219
3219
3219
3219
3219
3218
3218
3218
3218
3217
3217
3217
3216
3216
3215
3214
3214
3214
3214
3214
3213
3213
3213
3213
3213
3212
3212
3212
3212
3212
3212
3212
3212
3210
3210
3210
3210
3209
3209
3209
3208
3208
3208
3208
3207
3207
3207
3207
3206
3206
3206
3206
3205
3204
3204
3204
3204
3204
3204
3203
3203
3203
3202
3202
3202
3201
3201
3201
3201
3201
3201
3201
3200
3200
3200
3200
3199
3199
3198
3198
3198
3198
3197
3197
3197
3197
3196
3196
3196
3195
3195
3195
3194
3194
3193
3193
3193
3192
3192
3192
3191
3191
3191
3191
3191
3191
3190
3189
3189
3189
3189
3188
3188
3188
3187
3187
3187
3187
3186
3186
3203
3185
3184
3184
3183
3183
3183
3183
3183
3183
3182
3182
3181
3180
3180
3180
3179
3179
3179
3178
3177
3177
3177
3176
3176
3175
3175
3174
3174
3174
3174
3173
3173
3173
3172
3171
3171
3170
3170
3170
3170
3169
3169
3169
3169
3169
3169
3168
3167
3166
3166
3166
3165
3165
3181
3165
3165
3165
3164
3162
3161
3160
3160
3160
3159
3159
3158
3158
3158
3158
3157
3156
3155
3155
3155
3155
3155
3155
3155
3154
3154
3154
3154
3153
3153
3153
3153
3152
3152
3151
3151
3150
3150
3150
3150
3149
3149
3148
3148
3148
3148
3147
3145
3145
3145
3144
3144
3143
3143
3143
3142
3142
3141
3141
3141
3141
3141
3140
3140
3140
3140
3139
3139
3139
3138
3138
3138
3137
3136
3136
3136
3136
3136
3136
3136
3135
3135
3135
3135
3134
3134
3134
3134
3134
3133
3133
3132
3132
3131
3131
3131
3131
3130
3130
3130
3130
3129
3129
3129
3128
3128
3127
3127
3126
3126
3124
3124
3123
3123
3123
3123
3123
3122
3122
3122
3122
3122
3121
3121
3120
3120
3119
3118
3118
3118
3118
3117
3116
3116
3116
3116
3116
3116
3116
3115
3115
3115
3115
3114
3114
3114
3113
3113
3113
3113
3112
3112
3112
3112
3112
3112
3110
3110
3110
3109
3109
3109
3108
3107
3107
3105
3105
3104
3104
3104
3104
3104
3103
3103
3103
3102
3101
3101
3101
3099
3099
3099
3099
3099
3099
3098
3098
3098
3097
3097
3097
3097
3097
3096
3096
3095
3095
3095
3095
3094
3094
3092
3092
3090
3090
3090
3090
3088
3088
3088
3088
3088
3087
3087
3087
3086
3085
3085
3085
3084
3084
3084
3083
3082
3082
3081
3080
3080
3080
3080
3080
3079
3079
3078
3078
3078
3077
3077
3077
3076
3076
3076
3075
3075
3075
3075
3075
3075
3075
3075
3075
3075
3074
3074
3074
3074
3073
3073
3072
3072
3072
3071
3071
3071
3071
3071
3070
3069
3069
3068
3068
3067
3067
3066
3065
3065
3065
3065
3064
3064
3062
3062
3062
3062
3062
3062
3062
3061
3061
3061
3060
3060
3059
3059
3059
3059
3058
3058
3057
3057
3057
3057
3056
3056
3055
3055
3055
3055
3054
3054
3054
3053
3053
3052
3052
3051
3051
3051
3049
3049
3049
3049
3048
3048
3047
3047
3047
3046
3046
3045
3044
3044
3044
3044
3043
3043
3042
3042
3041
3041
3041
3040
3040
3040
3039
3039
3039
3039
3038
3038
3038
3038
3038
3038
3038
3037
3037
3037
3037
3036
3036
3036
3036
3036
3036
3036
3035
3035
3035
3034
3034
3033
3032
3032
3032
3032
3031
3031
3031
3030
3029
3028
3028
3027
3026
3026
3026
3026
3025
3025
3025
3024
3024
3024
3023
3022
3022
3021
3021
3021
3021
3021
3021
3020
3020
3019
3018
3017
3017
3017
3017
3016
3016
3016
3015
3014
3014
3014
3014
3013
3013
3013
3012
3011
3010
3010
3010
3010
3010
3009
3009
3008
3008
3008
3007
3007
3007
3006
3006
3006
3005
3005
3005
3005
3005
3004
3004
3003
3003
3003
3003
3003
3003
3002
3002
3001
3001
