186328
160515
157195
137156
134429
120989
119387
112954
110444
106365
104562
96510
93371
92830
92088
92062
88660
88335
85096
83488
82637
81951
81380
81373
79285
76608
75008
74377
74376
74202
72838
72627
72111
69605
67898
67716
67246
67039
66277
66129
65899
64611
64126
63655
63586
63297
62976
62694
62596
61665
61376
60585
60546
60082
60079
59510
59233
58078
57464
57372
57083
56541
56481
55941
55403
55382
54914
54162
53158
52865
52750
52634
52527
52142
51725
51710
51399
51133
50719
49862
49720
49711
49358
49114
48769
48194
48097
47775
47765
46922
46885
46466
46308
46259
46149
45943
45906
45874
45847
45505
45483
45334
45178
44903
44867
44807
44605
44456
44128
43892
43841
43768
43677
43647
43405
43253
43208
43094
43039
42890
42803
42770
41892
41871
41807
41341
41050
40510
40294
39837
39804
39700
39605
39458
39455
38996
38912
38356
38236
37976
37659
37433
37307
36678
36669
36330
36264
35967
35288
35248
35225
35109
34995
34841
34778
34732
34667
34628
34552
34386
34381
34287
34207
34115
34034
33834
33784
33348
33288
33148
33125
33003
33001
32725
32444
32217
32173
32140
32118
31922
31866
31802
31752
31729
31578
31450
31437
31179
31160
31009
30966
30895
30711
30627
30501
30324
30263
30023
29828
29792
29755
29752
29723
29704
29628
29532
29458
29414
29413
29398
29106
29076
29068
29035
28983
28880
28814
28523
28488
28481
28474
28471
28351
28234
28209
28200
28132
28104
27978
27956
27921
27881
27820
27770
27575
27484
27442
27392
27063
27044
26962
26917
26881
26872
26844
26759
26571
26551
26453
26379
26352
26350
26324
26148
26072
26072
26052
26040
26022
25854
25851
25837
25762
25601
25578
25530
25508
25416
25381
25362
25354
25350
25232
25214
25204
25092
25071
24974
24947
24827
24817
24549
24533
24510
24456
24432
24265
24235
24151
24140
23945
23872
23868
23846
23752
23729
23643
23457
23333
23325
23312
23280
23243
23208
23093
23082
22964
22942
22928
22908
22891
22871
22858
22748
22708
22687
22680
22673
22605
22597
22580
22565
22551
22515
22423
22409
22401
22285
22042
22028
21973
21973
21960
21915
21911
21895
21815
21793
21789
21768
21755
21731
21731
21659
21600
21566
21492
21470
21427
21318
21307
21294
21183
21145
21103
21099
21051
20980
20936
20878
20857
20853
20829
20790
20773
20718
20643
20628
20607
20574
20546
20456
20339
20253
20178
20116
20068
20052
20014
19944
19943
19927
19886
19847
19770
19727
19682
19682
19650
19553
19530
19470
19467
19454
19435
19412
19293
19278
19268
19252
19243
19233
19232
19225
19216
19140
19130
19093
19065
19029
19023
19018
19021
18963
18878
18825
18778
18711
18688
18677
18662
18577
18556
18509
18475
18469
18447
18434
18408
18361
18299
18299
18275
18263
18188
18145
18143
18130
18118
18114
18078
18065
18023
18019
17969
17957
17937
17917
17913
17902
17884
17872
17858
17851
17838
17830
17828
17733
17720
17676
17674
17644
17624
17614
17549
17523
17519
17519
17518
17509
17506
17465
17445
17375
17344
17330
17326
17281
17270
17221
17197
17096
17087
17079
17069
17009
16996
16973
16964
16892
16877
16859
16830
16822
16811
16771
16770
16702
16695
16687
16687
16683
16675
16645
16626
16618
16532
16389
16382
16331
16331
16328
16193
16193
16184
16153
16131
16089
16067
16057
16041
16033
16026
16024
15943
15880
15857
15846
15835
15838
15831
15805
15802
15774
15752
15751
15711
15711
15679
15640
15627
15564
15547
15459
15380
15332
15331
15299
15272
15272
15268
15261
15260
15256
15204
15177
15173
15159
15141
15131
15120
15112
15111
15107
15079
15073
15067
15060
15049
15046
15011
15002
14994
14989
14988
14977
14967
14942
14935
14935
14922
14915
14879
14875
14845
14839
14822
14790
14787
14780
14763
14733
14728
14704
14692
14686
14683
14679
14674
14600
14574
14553
14508
14496
14492
14487
14475
14437
14389
14355
14337
14313
14291
14290
14270
14260
14256
14244
14238
14227
14206
14201
14187
14156
14153
14132
14127
14122
14115
14090
14067
14065
14038
14020
13974
13961
13935
13933
13920
13909
13907
13906
13887
13885
13876
13853
13851
13835
13822
13818
13794
13771
13769
13754
13748
13738
13735
13719
13675
13660
13638
13625
13612
13575
13507
13502
13480
13472
13470
13460
13455
13444
13443
13440
13438
13417
13412
13409
13363
13358
13356
13355
13310
13308
13301
13297
13288
13277
13268
13255
13235
13232
13226
13200
13176
13175
13175
13163
13142
13129
13125
13110
13092
13078
13071
13068
13064
13044
13032
12954
12951
12951
12941
12936
12930
12920
12919
12912
12909
12904
12866
12861
12860
12820
12812
12809
12807
12771
12740
12735
12667
12661
12659
12651
12637
12615
12611
12609
12607
12559
12526
12519
12481
12477
12450
12448
12432
12426
12381
12329
12328
12326
12294
12289
12287
12246
12234
12226
12224
12223
12203
12182
12172
12158
12103
12091
12090
12089
12062
12046
12023
12002
11991
11977
11976
11955
11948
11947
11945
11940
11930
11919
11919
11896
11890
11888
11882
11860
11856
11825
11818
11803
11795
11791
11785
11776
11762
11752
11751
11744
11736
11731
11730
11719
11712
11712
11705
11684
11684
11682
11681
11681
11677
11659
11652
11651
11631
11631
11619
11615
11609
11596
11557
11555
11549
11534
11512
11510
11508
11499
11487
11485
11484
11478
11451
11444
11444
11433
11428
11417
11415
11412
11407
11406
11404
11390
11383
11375
11365
11356
11341
11330
11320
11304
11299
11289
11289
11283
11283
11268
11260
11253
11248
11248
11238
11214
11209
11209
11198
11187
11174
11165
11164
11136
11104
11103
11103
11102
11095
11083
11077
11045
11026
11015
11010
11009
11002
10990
10979
10978
10964
10951
10950
10945
10939
10927
10912
10895
10878
10875
10868
10858
10847
10814
10814
10808
10805
10804
10776
10770
10763
10757
10756
10755
10753
10748
10747
10718
10695
10689
10670
10667
10665
10659
10654
10644
10629
10624
10623
10622
10619
10613
10608
10590
10586
10574
10564
10546
10534
10524
10521
10521
10505
10471
10471
10469
10468
10465
10460
10450
10446
10412
10399
10393
10382
10370
10365
10361
10360
10351
10336
10335
10328
10327
10317
10317
10311
10307
10296
10281
10278
10273
10259
10256
10251
10247
10240
10226
10222
10211
10204
10200
10185
10182
10178
10175
10157
10156
10153
10141
10131
10130
10128
10118
10117
10113
10109
10105
10094
10083
10065
10062
10061
10054
10051
10042
10029
10024
9997
9996
9992
9979
9979
9977
9954
9947
9944
9937
9925
9916
9910
9899
9918
9888
9872
9868
9865
9865
9861
9857
9857
9849
9840
9838
9829
9824
9821
9817
9805
9804
9796
9775
9768
9767
9754
9748
9748
9740
9731
9728
9728
9716
9713
9709
9708
9698
9690
9689
9688
9684
9675
9667
9662
9653
9652
9637
9626
9624
9613
9595
9594
9593
9592
9591
9590
9585
9576
9572
9571
9557
9557
9552
9542
9533
9525
9511
9487
9474
9453
9453
9443
9438
9437
9424
9420
9419
9411
9408
9407
9405
9404
9402
9402
9392
9391
9373
9368
9358
9358
9357
9355
9354
9349
9349
9346
9337
9336
9323
9321
9320
9318
9316
9312
9301
9294
9284
9282
9281
9279
9276
9269
9268
9266
9261
9252
9247
9233
9263
9218
9217
9217
9191
9171
9169
9168
9166
9157
9140
9139
9138
9134
9132
9122
9121
9116
9128
9108
9104
9101
9099
9098
9098
9097
9093
9086
9067
9066
9063
9062
9047
9032
9029
9023
9016
9012
8975
8974
8972
8969
8966
8960
8959
8955
8949
8935
8933
8933
8932
8931
8927
8915
8914
8913
8912
8911
8905
8904
8904
8901
8901
8894
8878
8877
8871
8870
8870
8865
8865
8856
8852
8849
8826
8814
8810
8807
8803
8797
8794
8793
8788
8771
8768
8761
8760
8753
8752
8749
8749
8742
8740
8731
8731
8729
8713
8709
8705
8703
8703
8692
8689
8684
8674
8672
8660
8660
8659
8644
8636
8631
8631
8626
8613
8610
8604
8602
8601
8594
8593
8585
8585
8585
8580
8578
8569
8563
8562
8558
8556
8551
8548
8546
8543
8534
8533
8529
8522
8519
8515
8514
8513
8512
8510
8509
8505
8496
8494
8493
8474
8473
8468
8466
8466
8455
8454
8450
8444
8434
8430
8424
8422
8401
8398
8396
8395
8393
8390
8389
8385
8384
8377
8376
8364
8363
8348
8339
8335
8326
8323
8323
8316
8315
8304
8298
8295
8295
8293
8291
8289
8273
8261
8261
8257
8252
8248
8247
8235
8234
8232
8231
8228
8227
8223
8221
8207
8200
8197
8181
8179
8179
8172
8171
8168
8164
8163
8162
8162
8159
8155
8151
8149
8144
8138
8130
8129
8127
8125
8121
8097
8096
8092
8092
8088
8082
8069
8069
8068
8066
8066
8054
8037
8032
8026
8025
8023
8019
8017
8015
8011
8007
8003
8002
7992
7990
7987
7986
7976
7970
7968
7963
7959
7958
7956
7953
7952
7950
7946
7943
7940
7939
7935
7924
7917
7913
7913
7908
7903
7899
7894
7893
7891
7888
7887
7880
7869
7868
7855
7851
7851
7876
7843
7837
7825
7807
7807
7794
7787
7781
7769
7762
7760
7758
7750
7743
7737
7734
7728
7725
7724
7721
7717
7712
7700
7698
7690
7689
7685
7672
7667
7666
7658
7657
7650
7650
7640
7639
7632
7628
7626
7624
7619
7612
7611
7609
7609
7607
7602
7599
7599
7594
7593
7589
7588
7586
7585
7585
7583
7578
7573
7577
7562
7559
7557
7555
7553
7552
7550
7539
7537
7535
7535
7534
7533
7533
7532
7530
7529
7525
7517
7507
7507
7501
7497
7495
7502
7492
7488
7488
7486
7482
7482
7475
7471
7470
7469
7465
7464
7463
7458
7445
7445
7443
7427
7424
7423
7416
7416
7410
7407
7402
7400
7397
7397
7394
7389
7389
7388
7383
7380
7374
7372
7370
7365
7364
7356
7352
7351
7345
7344
7341
7340
7336
7330
7330
7328
7327
7319
7314
7311
7310
7307
7305
7303
7303
7298
7296
7295
7294
7291
7289
7284
7280
7278
7276
7275
7274
7269
7267
7251
7248
7246
7240
7238
7235
7231
7229
7228
7223
7215
7212
7205
7205
7202
7202
7198
7193
7190
7190
7187
7185
7168
7167
7161
7157
7154
7154
7153
7152
7148
7139
7139
7136
7126
7126
7125
7121
7119
7115
7112
7107
7096
7089
7087
7086
7082
7081
7080
7074
7072
7065
7062
7055
7049
7046
7044
7041
7040
7037
7035
7035
7035
7035
7034
7029
7027
7026
7026
7020
7017
7016
7015
7012
7011
7000
6998
6996
6987
6979
6978
6974
6973
6973
6972
6964
6955
6953
6950
6946
6943
6940
6939
6938
6936
6934
6933
6922
6920
6915
6910
6905
6905
6898
6896
6893
6878
6878
6876
6872
6865
6865
6852
6851
6851
6849
6848
6846
6845
6839
6837
6834
6829
6828
6828
6825
6820
6819
6816
6814
6812
6799
6794
6793
6793
6786
6778
6774
6774
6772
6771
6768
6755
6754
6752
6744
6741
6734
6727
6727
6719
6715
6714
6711
6704
6704
6703
6702
6699
6696
6695
6695
6694
6691
6690
6690
6689
6689
6682
6682
6668
6667
6667
6666
6663
6660
6658
6655
6655
6654
6643
6639
6634
6628
6628
6623
6619
6614
6600
6606
6604
6595
6593
6590
6584
6584
6583
6576
6575
6572
6571
6571
6566
6563
6559
6558
6556
6554
6552
6551
6547
6545
6542
6539
6534
6530
6529
6523
6523
6522
6517
6513
6504
6500
6497
6496
6496
6495
6494
6486
6484
6483
6481
6477
6475
6474
6468
6466
6454
6453
6450
6448
6447
6444
6438
6435
6435
6434
6433
6431
6430
6425
6424
6423
6417
6415
6413
6411
6411
6409
6407
6405
6399
6413
6390
6387
6386
6380
6378
6369
6366
6365
6363
6361
6360
6358
6351
6347
6346
6345
6345
6341
6339
6334
6333
6333
6336
6331
6330
6326
6325
6324
6321
6321
6318
6318
6317
6315
6314
6313
6312
6307
6301
6299
6297
6296
6285
6285
6281
6281
6276
6274
6273
6268
6266
6265
6263
6251
6249
6249
6241
6233
6228
6226
6224
6221
6217
6214
6213
6212
6198
6197
6190
6188
6188
6182
6182
6180
6178
6174
6173
6168
6163
6161
6157
6156
6152
6151
6145
6144
6144
6142
6142
6141
6139
6138
6133
6132
6131
6127
6125
6121
6119
6112
6110
6106
6100
6098
6092
6085
6080
6079
6078
6077
6072
6072
6072
6069
6068
6068
6067
6060
6058
6055
6055
6054
6051
6050
6049
6046
6043
6041
6040
6039
6036
6035
6035
6034
6032
6028
6026
6023
6023
6022
6017
6016
6010
6005
6005
6002
6001
5999
5999
5995
5994
5994
5986
5983
5983
5982
5980
5979
5977
5971
5966
5966
5966
5964
5963
5963
5963
5959
5947
5947
5944
5940
5932
5932
5932
5921
5920
5914
5914
5913
5912
5912
5909
5908
5907
5902
5901
5901
5898
5897
5897
5892
5888
5887
5887
5885
5885
5881
5879
5876
5875
5868
5866
5858
5855
5850
5850
5848
5845
5840
5840
5838
5838
5838
5837
5836
5834
5828
5828
5826
5824
5822
5821
5820
5818
5817
5815
5811
5806
5805
5803
5799
5798
5797
5796
5788
5785
5784
5784
5780
5776
5775
5775
5774
5768
5766
5761
5756
5749
5748
5742
5730
5730
5724
5723
5716
5714
5714
5714
5711
5711
5711
5708
5707
5703
5702
5702
5701
5700
5697
5694
5692
5685
5685
5684
5684
5684
5680
5680
5676
5676
5674
5668
5665
5664
5661
5660
5658
5656
5656
5651
5649
5647
5646
5644
5643
5636
5634
5633
5633
5631
5631
5629
5628
5625
5624
5623
5623
5622
5617
5616
5612
5609
5605
5597
5597
5594
5593
5593
5588
5588
5586
5585
5585
5580
5578
5574
5574
5574
5572
5567
5565
5564
5561
5560
5558
5557
5556
5555
5555
5552
5551
5547
5547
5546
5540
5539
5535
5534
5534
5533
5528
5525
5523
5522
5521
5520
5519
5519
5517
5517
5516
5516
5514
5511
5509
5507
5506
5501
5499
5498
5498
5497
5496
5491
5483
5483
5482
5477
5463
5459
5459
5458
5455
5453
5452
5446
5446
5445
5442
5440
5434
5433
5429
5424
5423
5421
5415
5412
5409
5407
5407
5401
5401
5396
5395
5395
5393
5393
5393
5390
5388
5386
5385
5385
5384
5380
5379
5378
5377
5373
5368
5367
5363
5363
5361
5360
5357
5355
5350
5350
5348
5346
5346
5345
5344
5340
5340
5339
5336
5333
5330
5326
5325
5323
5321
5320
5318
5317
5315
5310
5306
5306
5305
5304
5302
5301
5297
5295
5293
5292
5290
5289
5284
5284
5283
5281
5280
5278
5275
5273
5272
5271
5269
5268
5260
5256
5256
5254
5253
5252
5252
5251
5245
5245
5244
5243
5239
5238
5235
5234
5231
5230
5227
5226
5222
5219
5218
5217
5217
5214
5211
5207
5207
5206
5203
5203
5203
5202
5202
5200
5198
5198
5196
5194
5187
5184
5184
5183
5179
5178
5178
5174
5172
5171
5169
5168
5166
5165
5163
5160
5159
5156
5155
5155
5154
5153
5149
5147
5145
5144
5144
5144
5142
5137
5136
5133
5133
5133
5132
5132
5131
5130
5127
5127
5127
5125
5124
5124
5124
5123
5123
5121
5119
5114
5113
5111
5107
5107
5105
5104
5102
5097
5096
5095
5093
5093
5090
5088
5086
5083
5082
5080
5077
5073
5071
5071
5067
5066
5065
5063
5061
5059
5057
5055
5052
5049
5047
5046
5045
5043
5043
5043
5041
5038
5036
5031
5030
5030
5030
5029
5025
5024
5024
5024
5023
5022
5016
5014
5013
5013
5013
5012
5009
5008
5003
5003
5000
4997
4996
4995
4994
4994
4989
4988
4987
4986
4984
4983
4982
4981
4981
4978
4977
4976
4975
4972
4969
4967
4966
4965
4964
4962
4962
4962
4963
4959
4957
4951
4949
4948
4947
4947
4947
4945
4942
4941
4940
4939
4939
4933
4933
4932
4931
4928
4928
4928
4924
4917
4915
4910
4909
4904
4900
4897
4896
4896
4895
4892
4891
4891
4891
4890
4890
4889
4886
4879
4877
4873
4872
4872
4871
4871
4871
4869
4867
4864
4863
4862
4859
4857
4856
4853
4853
4851
4850
4850
4849
4849
4847
4847
4846
4845
4844
4844
4844
4843
4841
4840
4833
4832
4831
4825
4824
4824
4822
4822
4819
4817
4816
4816
4810
4808
4808
4808
4807
4804
4804
4801
4800
4799
4797
4797
4795
4793
4793
4792
4790
4789
4788
4786
4786
4785
4785
4785
4783
4783
4782
4781
4778
4777
4774
4770
4764
4763
4762
4761
4760
4759
4756
4756
4755
4753
4751
4750
4747
4747
4747
4747
4746
4744
4743
4741
4741
4739
4739
4738
4738
4736
4736
4736
4736
4735
4733
4732
4732
4731
4730
4726
4725
4724
4722
4722
4722
4721
4720
4720
4719
4719
4718
4718
4718
4717
4712
4711
4710
4710
4709
4706
4705
4705
4703
4703
4702
4701
4699
4697
4695
4695
4693
4691
4688
4688
4685
4685
4683
4683
4682
4681
4679
4679
4678
4676
4676
4675
4675
4675
4675
4673
4673
4670
4670
4666
4666
4664
4663
4661
4656
4655
4655
4654
4652
4651
4649
4648
4647
4645
4645
4640
4638
4638
4637
4636
4633
4632
4628
4628
4627
4627
4626
4624
4623
4623
4622
4621
4620
4617
4614
4613
4612
4610
4610
4609
4605
4604
4604
4604
4604
4603
4601
4599
4598
4598
4595
4594
4594
4594
4589
4589
4589
4586
4584
4581
4581
4579
4579
4577
4576
4574
4574
4572
4570
4569
4567
4565
4564
4562
4561
4560
4560
4559
4559
4557
4557
4556
4552
4551
4550
4547
4543
4543
4541
4539
4539
4535
4533
4533
4532
4530
4529
4529
4529
4527
4527
4527
4525
4521
4520
4519
4519
4519
4519
4519
4518
4518
4517
4516
4513
4513
4512
4512
4511
4508
4508
4506
4506
4506
4505
4505
4502
4501
4501
4499
4498
4496
4494
4494
4494
4493
4491
4490
4488
4487
4487
4486
4486
4478
4477
4475
4472
4471
4471
4466
4465
4465
4465
4465
4462
4462
4462
4461
4461
4459
4457
4454
4453
4453
4453
4449
4448
4448
4447
4447
4445
4443
4442
4441
4441
4440
4439
4437
4436
4434
4434
4433
4432
4430
4430
4429
4426
4426
4425
4424
4423
4422
4422
4421
4421
4421
4421
4420
4420
4419
4417
4417
4416
4416
4416
4415
4413
4411
4410
4409
4408
4405
4405
4405
4405
4404
4404
4403
4402
4401
4399
4398
4396
4395
4394
4393
4392
4391
4391
4390
4387
4386
4384
4382
4382
4382
4381
4380
4380
4374
4373
4372
4372
4372
4371
4370
4369
4369
4369
4367
4366
4366
4365
4365
4364
4363
4362
4360
4360
4358
4358
4358
4356
4356
4353
4353
4363
4349
4347
4347
4345
4343
4340
4339
4337
4329
4326
4325
4324
4322
4321
4321
4319
4319
4317
4317
4316
4315
4311
4311
4309
4309
4307
4305
4305
4304
4304
4302
4301
4300
4299
4297
4297
4297
4296
4296
4295
4322
4290
4289
4287
4281
4280
4280
4279
4278
4277
4276
4275
4272
4271
4269
4266
4266
4268
4265
4264
4262
4262
4261
4260
4258
4258
4258
4258
4255
4254
4252
4252
4251
4251
4251
4250
4250
4250
4249
4249
4248
4248
4248
4247
4246
4243
4242
4240
4240
4238
4238
4237
4236
4235
4235
4234
4232
4231
4230
4230
4230
4229
4228
4228
4228
4228
4227
4227
4227
4226
4225
4224
4223
4222
4222
4222
4218
4215
4214
4213
4212
4210
4208
4208
4208
4205
4205
4205
4203
4199
4198
4197
4195
4194
4193
4192
4190
4190
4189
4186
4184
4181
4180
4180
4177
4175
4175
4174
4174
4173
4173
4172
4172
4172
4170
4164
4164
4164
4163
4163
4163
4162
4161
4160
4160
4159
4159
4158
4156
4156
4153
4152
4152
4151
4149
4148
4148
4147
4146
4144
4144
4144
4144
4142
4140
4140
4140
4139
4138
4124
4135
4135
4132
4131
4129
4126
4126
4124
4124
4122
4122
4122
4121
4121
4120
4120
4118
4118
4118
4117
4116
4113
4112
4111
4109
4108
4108
4108
4108
4105
4104
4103
4103
4102
4101
4100
4099
4099
4099
4097
4097
4097
4096
4094
4094
4093
4092
4089
4089
4087
4085
4084
4084
4084
4080
4079
4079
4078
4078
4077
4077
4076
4076
4076
4076
4074
4074
4073
4071
4070
4067
4066
4065
4064
4062
4061
4061
4060
4056
4056
4056
4056
4053
4053
4052
4052
4051
4050
4044
4042
4040
4039
4038
4035
4034
4034
4033
4031
4027
4025
4024
4024
4022
4022
4021
4021
4020
4019
4018
4018
4017
4017
4016
4015
4013
4007
4007
4006
4006
4006
4005
4005
4004
4002
4001
4000
4000
4000
3999
3999
3999
3998
3998
3997
3996
3995
3994
3993
3993
3993
3991
3990
3989
3988
3987
3987
3987
3986
3986
3985
3985
3984
3984
3984
3984
3973
3973
3971
3971
3970
3969
3968
3968
3967
3967
3965
3965
3963
3963
3961
3961
3960
3960
3959
3958
3956
3955
3955
3954
3950
3949
3948
3945
3944
3944
3943
3943
3943
3942
3940
3940
3939
3938
3938
3938
3936
3933
3932
3932
3931
3930
3927
3925
3923
3921
3918
3918
3918
3917
3916
3915
3913
3911
3908
3905
3905
3905
3904
3904
3903
3903
3900
3899
3896
3895
3893
3891
3891
3891
3891
3890
3887
3885
3885
3885
3880
3880
3880
3879
3878
3877
3870
3869
3868
3866
3865
3864
3864
3862
3859
3859
3857
3856
3855
3855
3854
3854
3854
3853
3853
3850
3849
3847
3844
3844
3843
3842
3841
3840
3838
3834
3833
3832
3832
3831
3830
3827
3826
3825
3825
3823
3821
3820
3820
3819
3818
3818
3818
3817
3817
3817
3817
3817
3816
3814
3814
3814
3812
3811
3811
3811
3811
3810
3806
3805
3804
3804
3804
3804
3803
3803
3803
3801
3800
3800
3800
3799
3799
3799
3798
3797
3797
3797
3796
3794
3791
3790
3789
3788
3787
3787
3787
3786
3783
3780
3780
3779
3779
3778
3777
3777
3776
3776
3775
3773
3772
3771
3771
3770
3770
3770
3770
3768
3767
3767
3766
3764
3763
3762
3761
3760
3759
3756
3754
3753
3753
3751
3750
3750
3747
3747
3743
3743
3743
3743
3741
3740
3740
3739
3739
3738
3736
3735
3735
3735
3734
3734
3733
3731
3731
3729
3729
3728
3727
3727
3727
3726
3725
3725
3724
3724
3724
3722
3721
3720
3720
3718
3718
3717
3717
3715
3714
3713
3711
3711
3709
3707
3706
3706
3706
3705
3705
3704
3700
3700
3699
3699
3699
3698
3698
3697
3697
3697
3696
3696
3695
3693
3692
3692
3692
3690
3690
3690
3688
3688
3688
3688
3688
3688
3687
3687
3687
3687
3684
3682
3682
3681
3681
3681
3680
3679
3678
3678
3678
3678
3677
3676
3676
3675
3674
3673
3670
3667
3666
3666
3664
3664
3664
3662
3661
3661
3661
3661
3661
3661
3660
3659
3658
3658
3658
3657
3657
3655
3654
3654
3652
3650
3650
3649
3647
3646
3646
3644
3643
3643
3643
3642
3642
3642
3641
3641
3640
3640
3639
3638
3637
3637
3636
3636
3635
3635
3632
3632
3629
3629
3628
3628
3626
3626
3624
3624
3623
3623
3621
3621
3620
3618
3615
3614
3613
3613
3613
3613
3611
3610
3610
3609
3608
3605
3605
3604
3603
3603
3603
3602
3601
3601
3600
3599
3597
3597
3597
3596
3596
3596
3596
3596
3596
3595
3595
3595
3593
3593
3592
3592
3592
3591
3591
3591
3590
3590
3588
3588
3587
3586
3581
3581
3579
3578
3577
3577
3576
3576
3576
3575
3575
3574
3573
3572
3571
3571
3571
3570
3569
3568
3568
3567
3566
3565
3564
3563
3560
3560
3560
3559
3559
3558
3558
3556
3555
3555
3554
3553
3551
3550
3550
3550
3549
3547
3546
3546
3544
3543
3542
3542
3542
3541
3541
3540
3539
3539
3538
3536
3533
3533
3533
3531
3531
3531
3530
3529
3527
3527
3527
3526
3526
3525
3524
3524
3524
3524
3523
3522
3522
3522
3521
3521
3521
3521
3520
3519
3519
3519
3518
3518
3518
3517
3516
3516
3515
3515
3515
3512
3512
3510
3510
3509
3508
3508
3507
3506
3505
3505
3504
3503
3503
3502
3499
3499
3498
3497
3496
3494
3494
3492
3492
3491
3490
3489
3488
3487
3485
3483
3483
3482
3482
3481
3480
3478
3477
3476
3475
3475
3474
3474
3473
3473
3472
3471
3471
3471
3470
3470
3470
3470
3470
3469
3468
3468
3468
3466
3465
3464
3464
3464
3462
3462
3462
3462
3472
3458
3458
3457
3457
3457
3457
3456
3456
3456
3455
3454
3454
3452
3452
3452
3450
3448
3448
3447
3447
3447
3446
3444
3444
3444
3444
3444
3443
3443
3443
3443
3443
3442
3442
3442
3441
3441
3440
3440
3440
3439
3438
3438
3438
3438
3438
3437
3437
3436
3436
3436
3436
3435
3435
3434
3433
3432
3431
3431
3430
3429
3429
3426
3425
3425
3425
3425
3424
3423
3423
3422
3421
3418
3418
3418
3417
3416
3416
3415
3414
3414
3411
3411
3410
3410
3410
3409
3408
3406
3406
3406
3406
3404
3404
3404
3403
3403
3402
3402
3401
3401
3401
3400
3400
3399
3399
3396
3396
3396
3393
3393
3392
3392
3392
3391
3391
3390
3390
3390
3389
3387
3386
3385
3384
3384
3384
3383
3383
3381
3381
3381
3381
3380
3380
3379
3379
3378
3373
3372
3371
3371
3371
3370
3368
3368
3367
3366
3365
3365
3364
3364
3363
3363
3363
3362
3362
3361
3360
3360
3359
3359
3359
3358
3357
3357
3357
3354
3354
3354
3352
3352
3352
3351
3350
3350
3349
3348
3348
3347
3346
3346
3346
3345
3345
3345
3344
3344
3343
3342
3342
3342
3341
3341
3341
3340
3339
3339
3338
3338
3337
3337
3337
3337
3337
3336
3336
3334
3334
3334
3333
3333
3333
3330
3329
3326
3325
3324
3323
3318
3318
3318
3317
3317
3316
3316
3313
3312
3312
3311
3310
3308
3306
3305
3305
3305
3304
3304
3303
3303
3303
3302
3301
3301
3301
3301
3301
3301
3300
3298
3298
3297
3296
3296
3296
3296
3296
3295
3295
3294
3292
3292
3292
3292
3291
3291
3290
3289
3289
3287
3287
3286
3284
3284
3283
3283
3281
3281
3281
3280
3279
3278
3278
3278
3277
3276
3275
3273
3273
3273
3273
3270
3270
3270
3270
3270
3269
3269
3269
3268
3268
3268
3266
3266
3265
3265
3265
3264
3263
3263
3261
3261
3261
3260
3260
3259
3258
3258
3255
3255
3254
3253
3253
3252
3251
3251
3251
3251
3250
3250
3249
3248
3247
3247
3246
3245
3244
3243
3243
3242
3242
3242
3241
3241
3241
3240
3240
3239
3239
3237
3237
3236
3234
3234
3233
3233
3233
3232
3231
3230
3230
3229
3227
3226
3225
3225
3224
3224
3224
3223
3222
3221
3221
3220
3220
3220
3219
3219
3218
3218
3217
3215
3215
3215
3215
3214
3212
3212
3212
3210
3210
3210
3210
3209
3208
3207
3207
3206
3205
3204
3204
3204
3204
3204
3203
3203
3202
3201
3200
3200
3200
3199
3199
3198
3198
3197
3197
3197
3197
3196
3196
3194
3193
3193
3192
3191
3191
3190
3190
3190
3190
3190
3189
3189
3189
3188
3187
3186
3185
3183
3183
3183
3182
3182
3181
3181
3180
3180
3178
3178
3177
3176
3176
3175
3175
3174
3173
3173
3172
3171
3171
3170
3170
3170
3169
3169
3169
3167
3167
3167
3167
3166
3166
3164
3162
3162
3161
3160
3160
3159
3159
3158
3158
3158
3158
3158
3157
3157
3156
3155
3155
3154
3154
3153
3153
3153
3152
3152
3151
3151
3150
3150
3149
3149
3149
3149
3147
3147
3146
3146
3146
3145
3145
3144
3143
3143
3143
3143
3143
3142
3142
3142
3141
3140
3140
3140
3140
3140
3139
3139
3139
3138
3137
3137
3137
3137
3136
3136
3136
3135
3135
3132
3132
3132
3131
3131
3130
3130
3130
3130
3129
3129
3129
3128
3128
3128
3127
3127
3126
3125
3124
3124
3124
3123
3122
3122
3121
3121
3121
3121
3121
3121
3121
3121
3120
3120
3120
3119
3119
3118
3118
3118
3117
3117
3116
3116
3115
3115
3114
3114
3114
3114
3114
3113
3113
3112
3112
3110
3110
3110
3110
3109
3109
3108
3108
3108
3107
3107
3107
3107
3107
3105
3105
3104
3104
3104
3104
3103
3102
3102
3102
3102
3100
3100
3099
3099
3098
3098
3098
3097
3095
3095
3095
3093
3093
3092
3092
3091
3091
3090
3090
3089
3089
3088
3088
3087
3087
3086
3086
3086
3085
3085
3084
3083
3083
3083
3081
3081
3081
3080
3080
3080
3080
3079
3079
3078
3078
3078
3077
3076
3075
3074
3077
3074
3074
3074
3067
3073
3070
3069
3069
3068
3067
3067
3067
3067
3066
3066
3066
3066
3063
3063
3062
3061
3061
3060
3059
3058
3058
3056
3055
3055
3055
3054
3054
3053
3053
3053
3052
3051
3051
3050
3049
3049
3048
3048
3047
3047
3046
3045
3045
3045
3045
3044
3044
3044
3043
3042
3042
3042
3042
3041
3040
3040
3039
3037
3035
3034
3033
3033
3033
3033
3032
3032
3032
3032
3032
3032
3031
3031
3030
3030
3030
3029
3029
3028
3028
3027
3026
3024
3024
3024
3023
3023
3022
3022
3022
3021
3021
3020
3020
3020
3019
3019
3017
3017
3014
3014
3013
3012
3012
3012
3012
3011
3011
3010
3010
3010
3009
3008
3008
3007
3005
3005
3004
3004
3003
3001
3001
3000
3000
