452124
333853
219386
196429
181487
171517
168587
164165
163308
155944
150869
143705
127747
120119
118105
112030
110140
102209
100051
97732
95131
94102
91861
91816
90610
89891
83934
82637
82388
81504
80410
80260
80213
78233
77493
76472
75766
75383
75138
72054
71623
70768
70176
70074
69070
69003
67378
66854
63783
63768
63595
63183
61049
58975
57147
56814
56304
56177
55868
55217
54809
54749
54494
54389
53749
53272
52467
51956
51461
50873
49994
49578
48993
48891
48279
48138
45592
45340
44630
44173
43135
42245
42039
41774
41394
41318
41276
41024
40997
40936
40376
39734
39546
39387
38721
38515
38316
38205
36902
36324
36300
36120
36102
35874
35711
35660
35354
35183
35100
35027
34969
34837
34594
34157
34119
33627
33335
33256
32918
32813
32775
32165
32164
31843
31813
31772
31565
31221
31204
30968
30938
30229
30225
30217
30004
29934
29885
29843
29663
29657
29626
29437
29323
28996
28977
28861
28620
28584
28133
28084
27982
27696
27660
27653
27374
27346
27141
27085
26690
26690
26569
26543
26500
26206
26119
26027
26018
25953
25907
25858
25847
25633
25561
25512
25438
25426
25401
25291
25280
25232
25225
25211
25150
25146
25061
24969
24958
24939
24872
24621
24599
24550
24459
24328
24294
24231
24189
24080
24024
23832
23711
23679
23666
23641
23553
23547
23524
23396
23385
23357
23350
23342
23286
23281
23175
23058
22970
22954
22822
22819
22724
22558
22547
22541
22347
22346
22231
22214
22202
22185
22097
22088
22067
21934
21929
21915
21900
21882
21874
21801
21793
21782
21769
21739
21596
21570
21533
21518
21471
21469
21405
21352
21340
21302
21263
21225
21156
21099
21077
21034
20961
20909
20877
20864
20797
20685
20547
20527
20489
20434
20343
20336
20313
20267
20263
20178
20172
20155
20147
20121
20096
20067
20059
20024
19958
19958
19940
19755
19714
19711
19676
19593
19565
19561
19499
19467
19457
19400
19389
19357
19294
19286
19270
19229
19159
19125
19112
19086
19062
19039
19037
19032
19000
18952
18945
18881
18837
18789
18679
18645
18560
18540
18529
18526
18521
18454
18441
18428
18328
18316
18287
18250
18209
18176
18163
18137
18115
18092
18072
18015
17994
17960
17922
17912
17879
17867
17828
17812
17803
17722
17709
17681
17651
17639
17600
17552
17505
17504
17485
17458
17399
17390
17326
17260
17217
17200
17199
17195
17189
17153
17142
17125
17122
17099
17062
17057
17049
17031
17013
17008
17007
16944
16921
16829
16814
16796
16794
16784
16771
16717
16699
16672
16669
16664
16642
16622
16596
16591
16576
16572
16557
16542
16541
16504
16458
16455
16471
16434
16429
16414
16405
16381
16376
16365
16362
16327
16284
16273
16223
16222
16219
16199
16190
16189
16172
16162
16160
16150
16125
16108
16076
16069
16048
16033
16021
16007
15942
15906
15884
15815
15799
15810
15777
15721
15688
15682
15687
15674
15667
15639
15624
15622
15610
15608
15597
15581
15568
15550
15524
15523
15514
15415
15407
15391
15383
15370
15356
15347
15341
15327
15310
15276
15270
15256
15241
15229
15205
15185
15170
15166
15104
15092
15070
15041
14998
14995
14994
14989
14989
14971
14962
14956
14940
14925
14899
14872
14859
14848
14838
14836
14816
14815
14804
14798
14793
14785
14776
14765
14757
14734
14733
14728
14697
14692
14679
14654
14650
14620
14609
14581
14571
14565
14555
14539
14501
14456
14449
14446
14443
14438
14436
14435
14432
14431
14409
14397
14397
14347
14341
14298
14290
14289
14285
14281
14278
14262
14242
14228
14214
14200
14158
14142
14142
14114
14111
14104
14075
14035
14021
14016
14012
13999
13998
13994
13978
13962
13951
13919
13890
13884
13863
13859
13839
13833
13826
13815
13802
13772
13767
13766
13763
13751
13746
13682
13667
13657
13633
13628
13619
13608
13605
13595
13582
13553
13546
13541
13537
13489
13481
13445
13442
13428
13421
13398
13385
13384
13373
13369
13328
13315
13314
13311
13306
13284
13277
13269
13267
13266
13258
13250
13243
13231
13229
13209
13199
13186
13180
13147
13143
13139
13118
13098
13084
13063
13050
13043
13036
13032
13018
13001
13000
12989
12955
12943
12936
12927
12889
12881
12876
12875
12868
12866
12854
12853
12853
12845
12843
12832
12831
12826
12826
12798
12795
12783
12745
12744
12739
12737
12719
12717
12715
12693
12680
12679
12675
12667
12665
12659
12653
12647
12628
12608
12591
12590
12574
12571
12570
12564
12561
12547
12531
12527
12514
12509
12507
12496
12485
12467
12463
12430
12418
12406
12400
12393
12389
12378
12365
12362
12356
12349
12343
12342
12333
12314
12308
12305
12301
12301
12292
12283
12242
12237
12231
12224
12223
12180
12163
12136
12126
12125
12125
12103
12101
12095
12089
12087
12072
12065
12062
12061
12049
12046
12039
12033
12032
12026
12020
12008
11995
11994
11975
11969
11960
11954
11953
11952
11952
11944
11931
11913
11909
11893
11889
11887
11871
11869
11861
11856
11854
11854
11851
11845
11834
11828
11805
11790
11787
11781
11776
11760
11758
11748
11739
11735
11734
11727
11721
11715
11712
11708
11692
11690
11679
11667
11666
11656
11655
11643
11643
11621
11620
11617
11616
11597
11594
11588
11588
11583
11577
11572
11568
11568
11563
11561
11550
11550
11538
11538
11533
11528
11526
11515
11514
11504
11487
11481
11481
11473
11460
11450
11447
11441
11440
11422
11407
11401
11398
11394
11378
11370
11363
11356
11352
11347
11341
11338
11334
11314
11306
11298
11286
11273
11269
11268
11265
11260
11247
11235
11232
11230
11217
11209
11195
11193
11186
11174
11169
11165
11152
11141
11135
11134
11130
11126
11125
11124
11120
11108
11107
11098
11096
11089
11084
11080
11079
11077
11054
11052
11011
11011
11000
10994
10987
10973
10950
10945
10945
10944
10944
10938
10924
10921
10914
10907
10894
10882
10873
10867
10855
10849
10848
10842
10841
10829
10815
10811
10810
10798
10793
10790
10782
10780
10766
10761
10761
10745
10743
10717
10708
10704
10702
10695
10686
10680
10675
10674
10663
10647
10646
10642
10641
10637
10633
10625
10633
10620
10620
10617
10601
10596
10581
10580
10579
10571
10551
10535
10526
10514
10513
10509
10507
10506
10496
10483
10482
10480
10468
10466
10462
10453
10441
10441
10430
10416
10414
10413
10408
10389
10381
10367
10365
10362
10334
10332
10332
10331
10327
10325
10307
10307
10302
10287
10272
10271
10269
10268
10260
10253
10251
10249
10248
10245
10244
10243
10238
10237
10234
10225
10214
10200
10200
10191
10187
10184
10182
10181
10178
10175
10165
10161
10160
10150
10145
10145
10134
10130
10127
10113
10109
10105
10087
10077
10069
10067
10064
10057
10046
10044
10036
10034
10033
10030
10028
10025
10024
10014
9999
9998
9998
9996
9994
9991
9989
9984
9977
9965
9963
9976
9948
9942
9942
9925
9913
9902
9902
9894
9892
9890
9876
9873
9859
9851
9845
9845
9842
9833
9831
9818
9817
9813
9812
9806
9806
9805
9798
9797
9790
9785
9785
9781
9777
9766
9765
9748
9743
9740
9735
9729
9729
9727
9726
9722
9704
9698
9696
9694
9691
9690
9681
9681
9679
9679
9677
9669
9666
9665
9663
9660
9656
9655
9647
9642
9640
9638
9637
9633
9628
9618
9610
9610
9600
9596
9530
9594
9594
9588
9579
9575
9561
9559
9550
9549
9534
9529
9525
9515
9506
9501
9493
9483
9483
9474
9472
9458
9454
9452
9451
9448
9439
9433
9426
9423
9423
9418
9414
9407
9400
9400
9397
9391
9379
9378
9377
9376
9376
9376
9374
9364
9364
9353
9353
9347
9347
9346
9345
9343
9326
9325
9314
9313
9313
9306
9305
9304
9301
9301
9289
9288
9283
9279
9273
9269
9265
9264
9263
9262
9262
9261
9258
9257
9253
9251
9250
9237
9236
9233
9228
9225
9217
9215
9212
9204
9195
9178
9177
9163
9162
9161
9158
9140
9138
9136
9130
9130
9129
9124
9122
9116
9112
9112
9109
9104
9102
9100
9098
9092
9084
9081
9080
9080
9077
9075
9072
9068
9068
9101
9065
9059
9057
9055
9053
9052
9038
9034
9033
9068
9028
9027
9023
9013
9012
9007
9001
8992
8992
8991
8990
8987
8984
8982
8980
8975
8971
8969
8965
8950
8946
8945
8937
8931
8928
8926
8904
8902
8897
8894
8893
8884
8878
8875
8875
8870
8864
8863
8862
8860
8858
8856
8856
8853
8853
8851
8836
8836
8835
8833
8833
8824
8822
8819
8800
8795
8790
8787
8787
8786
8786
8784
8781
8774
8772
8769
8763
8760
8753
8750
8745
8737
8735
8728
8727
8717
8715
8711
8710
8709
8708
8705
8702
8700
8697
8694
8691
8685
8685
8682
8693
8680
8675
8675
8671
8664
8664
8663
8657
8657
8650
8639
8639
8633
8632
8632
8626
8618
8614
8613
8612
8611
8610
8609
8608
8606
8604
8602
8599
8595
8593
8587
8587
8585
8579
8576
8573
8566
8565
8559
8556
8556
8490
8551
8541
8540
8523
8522
8518
8517
8517
8508
8504
8504
8497
8495
8495
8493
8487
8486
8479
8479
8477
8473
8471
8468
8468
8463
8462
8457
8456
8452
8443
8441
8436
8433
8429
8426
8424
8424
8416
8414
8409
8403
8403
8402
8397
8391
8378
8374
8369
8368
8358
8358
8359
8349
8345
8332
8330
8330
8326
8316
8296
8296
8295
8294
8286
8286
8274
8266
8266
8256
8252
8252
8252
8251
8241
8234
8233
8230
8226
8225
8218
8214
8214
8209
8208
8199
8194
8188
8181
8176
8171
8171
8164
8164
8163
8160
8156
8156
8154
8148
8145
8142
8138
8137
8137
8136
8134
8130
8130
8128
8123
8116
8113
8111
8109
8108
8103
8098
8098
8098
8097
8097
8096
8093
8092
8091
8084
8083
8081
8076
8065
8064
8061
8058
8057
8054
8047
8041
8039
8039
8034
8030
8027
8022
8018
8017
8017
8012
8008
8005
8004
8000
7994
7988
7986
7982
7974
7973
7973
7972
7971
7969
7967
7961
7959
7957
7955
7955
7954
7946
7946
7942
7940
7940
7938
7936
7933
7932
7927
7925
7922
7921
7921
7923
7918
7916
7916
7915
7914
7914
7910
7903
7902
7900
7899
7890
7885
7883
7869
7866
7861
7858
7857
7857
7855
7849
7849
7844
7839
7831
7825
7825
7824
7823
7821
7820
7819
7815
7813
7812
7810
7809
7805
7805
7803
7798
7797
7796
7794
7794
7794
7793
7792
7780
7778
7778
7776
7773
7771
7771
7769
7760
7758
7756
7752
7745
7744
7743
7743
7740
7738
7737
7735
7735
7734
7733
7727
7724
7724
7721
7720
7719
7718
7718
7715
7704
7702
7699
7696
7696
7694
7694
7692
7687
7683
7683
7679
7672
7669
7661
7659
7657
7657
7656
7656
7655
7653
7651
7650
7645
7643
7643
7640
7640
7640
7636
7623
7622
7613
7609
7608
7607
7603
7601
7599
7595
7593
7591
7591
7589
7589
7584
7576
7572
7572
7572
7572
7566
7565
7565
7563
7563
7559
7558
7558
7553
7548
7547
7547
7546
7545
7542
7539
7537
7525
7524
7523
7523
7520
7520
7515
7513
7511
7509
7491
7488
7486
7484
7480
7479
7479
7477
7477
7475
7472
7471
7467
7466
7465
7463
7461
7461
7455
7450
7450
7449
7445
7444
7442
7435
7435
7433
7433
7432
7431
7431
7430
7430
7426
7425
7424
7421
7415
7405
7402
7386
7385
7384
7382
7378
7374
7374
7371
7369
7369
7368
7367
7367
7362
7377
7357
7356
7353
7352
7350
7348
7347
7346
7343
7338
7338
7334
7329
7329
7328
7325
7321
7321
7319
7315
7314
7305
7301
7300
7298
7295
7293
7292
7290
7289
7288
7285
7280
7280
7275
7272
7272
7268
7257
7247
7246
7243
7239
7237
7236
7236
7234
7233
7230
7229
7228
7225
7225
7223
7221
7218
7217
7217
7214
7209
7209
7206
7206
7202
7200
7199
7197
7196
7188
7187
7184
7184
7183
7182
7180
7176
7175
7175
7175
7173
7173
7173
7171
7166
7165
7165
7163
7160
7160
7160
7160
7153
7153
7147
7142
7138
7135
7132
7131
7126
7125
7124
7124
7121
7117
7115
7114
7112
7110
7110
7109
7109
7108
7106
7102
7070
7096
7093
7093
7093
7091
7090
7090
7089
7084
7083
7080
7077
7067
7063
7059
7058
7055
7052
7050
7050
7046
7042
7032
7030
7026
7023
7020
7019
7015
7015
7014
7014
7013
7012
7012
7008
7005
7004
7001
7001
7000
6999
6995
6993
6993
6991
6991
7000
6987
6985
6984
6975
6974
6971
6969
6968
6967
6966
6961
6957
6956
6956
6955
6955
6948
6946
6945
6942
6941
6940
6936
6934
6933
6928
6928
6921
6917
6911
6908
6905
6902
6902
6900
6899
6897
6893
6890
6881
6880
6880
6878
6878
6877
6875
6875
6874
6871
6870
6867
6861
6854
6850
6849
6839
6839
6837
6836
6835
6834
6829
6828
6826
6825
6825
6824
6822
6820
6818
6818
6814
6813
6811
6811
6811
6810
6809
6807
6806
6806
6805
6805
6800
6798
6796
6793
6793
6793
6792
6787
6785
6783
6780
6779
6778
6766
6765
6651
6757
6753
6749
6747
6739
6739
6737
6737
6730
6730
6729
6726
6726
6726
6723
6720
6717
6713
6712
6711
6705
6705
6704
6703
6702
6698
6697
6696
6695
6689
6685
6684
6684
6683
6681
6679
6676
6675
6671
6667
6665
6664
6661
6660
6656
6656
6648
6647
6643
6637
6636
6634
6633
6633
6630
6629
6627
6625
6624
6623
6622
6621
6616
6616
6615
6613
6612
6609
6607
6607
6606
6606
6602
6596
6594
6593
6590
6589
6588
6587
6586
6582
6581
6578
6578
6577
6576
6574
6585
6573
6571
6568
6566
6562
6562
6562
6558
6556
6552
6551
6551
6548
6547
6546
6545
6544
6538
6537
6535
6526
6526
6524
6521
6520
6519
6514
6510
6508
6502
6500
6500
6499
6499
6498
6498
6496
6492
6491
6491
6491
6488
6488
6487
6487
6486
6485
6484
6483
6482
6478
6477
6475
6474
6473
6472
6471
6470
6469
6468
6467
6467
6465
6465
6464
6464
6463
6462
6461
6459
6477
6458
6454
6445
6444
6444
6444
6443
6443
6443
6442
6439
6438
6434
6433
6432
6431
6431
6431
6430
6429
6429
6427
6426
6421
6419
6417
6413
6412
6406
6405
6405
6404
6400
6398
6395
6393
6392
6358
6391
6388
6387
6386
6382
6372
6370
6369
6368
6366
6365
6365
6365
6363
6363
6362
6361
6359
6359
6356
6354
6352
6351
6350
6349
6348
6345
6344
6342
6342
6349
6338
6338
6338
6337
6336
6332
6331
6330
6322
6322
6321
6316
6314
6314
6312
6311
6311
6310
6308
6307
6303
6301
6301
6299
6298
6297
6297
6297
6295
6293
6292
6290
6289
6289
6288
6286
6282
6274
6272
6272
6271
6269
6268
6268
6265
6264
6260
6260
6256
6256
6254
6254
6253
6251
6250
6250
6247
6245
6245
6243
6242
6239
6235
6235
6234
6233
6231
6229
6226
6226
6224
6223
6217
6217
6215
6213
6213
6213
6211
6208
6207
6210
6205
6204
6202
6205
6200
6199
6208
6196
6194
6194
6191
6190
6189
6188
6186
6186
6185
6185
6184
6176
6174
6172
6170
6169
6167
6167
6165
6164
6164
6161
6161
6161
6160
6162
6156
6156
6154
6154
6153
6152
6152
6151
6151
6151
6148
6148
6142
6141
6138
6137
6137
6136
6136
6133
6133
6131
6130
6130
6129
6128
6127
6126
6126
6126
6124
6123
6120
6118
6118
6116
6113
6113
6111
6111
6111
6108
6106
6103
6103
6102
6101
6099
6096
6095
6094
6094
6093
6093
6092
6089
6084
6083
6082
6077
6077
6073
6073
6072
6071
6069
6069
6069
6068
6068
6065
6062
6061
6060
6059
6059
6057
6057
6057
6054
6053
6050
6050
6048
6043
6042
6042
6040
6039
6037
6036
6034
6032
6030
6029
6029
6029
6028
6027
6027
6026
6025
6024
6021
6017
6016
6015
6013
6010
6009
6007
6006
6005
6002
6002
6002
6001
5997
5996
5995
5995
5994
5994
5992
5992
5991
5989
5988
5988
5987
5983
5983
5981
5981
5979
5971
5970
5968
5966
5961
5955
5955
5954
5952
5950
5939
5939
5937
5936
5932
5929
5928
5926
5925
5925
5922
5913
5911
5909
5908
5907
5906
5905
5905
5902
5902
5898
5897
5894
5893
5882
5882
5882
5879
5878
5877
5875
5871
5868
5867
5864
5863
5861
5861
5861
5859
5859
5859
5858
5856
5856
5851
5846
5844
5840
5839
5839
5838
5841
5836
5835
5834
5833
5833
5831
5830
5827
5826
5823
5823
5823
5821
5815
5813
5812
5811
5810
5810
5809
5808
5807
5806
5805
5802
5801
5801
5798
5796
5792
5792
5791
5790
5785
5783
5783
5785
5779
5775
5774
5772
5771
5769
5766
5765
5764
5764
5756
5756
5753
5753
5749
5747
5745
5744
5743
5742
5741
5737
5741
5740
5732
5732
5732
5729
5726
5726
5723
5723
5721
5720
5718
5718
5718
5717
5717
5717
5717
5716
5716
5715
5714
5713
5709
5708
5706
5705
5704
5704
5704
5703
5702
5702
5702
5700
5700
5698
5698
5698
5698
5693
5690
5690
5688
5686
5685
5685
5682
5681
5678
5675
5675
5672
5666
5666
5664
5663
5658
5656
5656
5655
5652
5652
5652
5652
5652
5650
5649
5648
5648
5647
5647
5647
5645
5645
5645
5643
5642
5640
5637
5637
5631
5628
5627
5626
5626
5627
5626
5622
5622
5621
5614
5607
5606
5601
5599
5599
5595
5594
5593
5590
5588
5586
5586
5585
5583
5580
5579
5579
5578
5577
5576
5575
5572
5571
5571
5571
5571
5571
5570
5570
5569
5568
5568
5568
5565
5562
5560
5560
5558
5558
5556
5551
5549
5549
5549
5547
5545
5545
5545
5543
5542
5542
5541
5541
5540
5539
5538
5536
5534
5534
5531
5531
5530
5529
5526
5526
5524
5524
5523
5522
5521
5520
5519
5519
5515
5515
5515
5514
5514
5514
5513
5511
5510
5507
5504
5503
5503
5499
5499
5498
5495
5494
5494
5493
5490
5490
5488
5485
5483
5478
5477
5472
5472
5472
5471
5470
5467
5464
5463
5461
5459
5458
5457
5456
5454
5453
5453
5452
5452
5452
5450
5448
5457
5447
5446
5445
5445
5444
5444
5443
5442
5442
5375
5440
5438
5438
5436
5431
5430
5429
5429
5429
5429
5428
5426
5426
5423
5423
5422
5420
5420
5418
5418
5417
5416
5416
5414
5412
5412
5411
5411
5408
5406
5404
5403
5403
5403
5402
5401
5401
5401
5398
5397
5396
5395
5395
5389
5389
5385
5381
5381
5379
5379
5379
5376
5376
5376
5376
5375
5375
5374
5373
5373
5373
5369
5369
5369
5366
5366
5364
5364
5363
5360
5358
5356
5353
5351
5348
5348
5347
5345
5344
5344
5340
5338
5337
5331
5330
5329
5329
5329
5328
5327
5325
5324
5321
5320
5320
5319
5318
5316
5316
5315
5312
5311
5310
5309
5309
5308
5306
5306
5303
5301
5301
5299
5298
5295
5294
5293
5292
5292
5291
5291
5291
5290
5289
5287
5287
5283
5283
5279
5279
5276
5274
5272
5268
5267
5267
5266
5263
5262
5262
5262
5262
5262
5259
5258
5256
5256
5252
5252
5250
5250
5250
5249
5249
5248
5247
5245
5244
5244
5242
5241
5240
5239
5238
5236
5236
5236
5236
5236
5234
5234
5234
5231
5231
5229
5228
5227
5226
5224
5224
5223
5222
5222
5222
5222
5220
5218
5218
5217
5217
5213
5217
5213
5208
5207
5207
5205
5204
5203
5202
5200
5199
5198
5196
5195
5195
5193
5192
5192
5191
5191
5191
5190
5190
5190
5189
5186
5184
5182
5181
5180
5180
5177
5177
5174
5173
5172
5171
5169
5168
5168
5167
5165
5165
5165
5163
5162
5160
5159
5158
5156
5156
5154
5154
5152
5152
5151
5146
5145
5145
5144
5143
5143
5142
5142
5141
5140
5140
5139
5139
5138
5137
5137
5133
5133
5132
5129
5129
5128
5137
5126
5121
5121
5121
5118
5113
5111
5110
5103
5097
5097
5097
5097
5096
5095
5094
5092
5090
5087
5085
5081
5079
5078
5076
5075
5075
5073
5071
5070
5070
5070
5069
5068
5062
5061
5061
5060
5060
5060
5060
5059
5057
5056
5055
5054
5052
5052
5051
5050
5049
5048
5048
5047
5046
5046
5044
5044
5043
5043
5042
5039
5038
5037
5037
5036
5036
5033
5033
5032
5032
5029
5029
5028
5028
5025
5024
5024
5021
5021
5020
5019
5019
5018
5018
5018
5017
5016
5016
5016
5015
5015
5014
5014
5013
5013
5012
5011
5010
5009
5008
5006
5005
5005
5005
5003
5003
5001
5001
5000
4999
4998
4997
4996
4996
4993
4991
4990
4990
4987
4986
4986
4984
4983
4979
4978
4978
4978
4976
4976
4975
4972
4972
4971
4970
4970
4969
4966
4965
4965
4963
4960
4959
4958
4956
4956
4955
4955
4954
4952
4951
4951
4951
4949
4947
4946
4945
4945
4943
4943
4940
4939
4939
4939
4939
4939
4938
4937
4936
4936
4936
4935
4935
4934
4932
4931
4931
4931
4925
4924
4924
4923
4923
4923
4923
4921
4920
4917
4917
4916
4915
4915
4915
4914
4912
4911
4910
4910
4910
4910
4909
4909
4909
4908
4908
4906
4906
4905
4904
4904
4904
4903
4902
4901
4900
4896
4895
4896
4894
4893
4891
4891
4890
4890
4890
4889
4888
4888
4887
4886
4886
4886
4886
4884
4879
4879
4877
4877
4877
4876
4875
4874
4874
4874
4874
4873
4872
4870
4868
4867
4866
4864
4863
4863
4862
4860
4859
4858
4855
4855
4855
4854
4854
4854
4854
4852
4851
4851
4848
4847
4846
4846
4845
4850
4845
4845
4843
4843
4841
4838
4836
4835
4832
4832
4833
4831
4830
4829
4829
4827
4827
4827
4826
4825
4825
4825
4824
4823
4822
4821
4820
4820
4818
4817
4817
4816
4816
4816
4815
4815
4814
4814
4814
4812
4812
4812
4811
4811
4810
4809
4809
4808
4806
4805
4804
4818
4800
4799
4795
4795
4760
4794
4793
4792
4792
4791
4790
4790
4790
4789
4789
4788
4788
4785
4784
4784
4783
4781
4780
4779
4777
4776
4776
4776
4775
4775
4774
4774
4773
4772
4772
4770
4770
4766
4765
4764
4763
4762
4760
4759
4758
4757
4756
4755
4755
4754
4752
4752
4750
4750
4750
4749
4748
4747
4747
4746
4746
4745
4744
4743
4743
4743
4741
4741
4740
4740
4740
4739
4739
4738
4741
4737
4736
4735
4735
4735
4734
4733
4732
4732
4732
4730
4728
4727
4727
4726
4724
4724
4723
4719
4719
4718
4718
4717
4716
4715
4714
4712
4711
4711
4711
4709
4708
4708
4707
4706
4706
4705
4704
4703
4702
4702
4702
4699
4697
4697
4694
4692
4691
4690
4690
4689
4688
4688
4688
4686
4685
4685
4684
4683
4680
4677
4677
4676
4675
4673
4673
4669
4668
4668
4668
4665
4665
4663
4662
4660
4660
4659
4658
4658
4657
4657
4657
4656
4656
4655
4655
4654
4654
4653
4653
4652
4652
4652
4652
4652
4651
4649
4647
4646
4644
4642
4642
4642
4639
4639
4639
4639
4638
4637
4635
4635
4634
4634
4634
4633
4632
4632
4630
4627
4627
4627
4626
4625
4625
4622
4620
4620
4619
4616
4616
4614
4613
4613
4612
4612
4611
4611
4611
4611
4610
4610
4608
4608
4607
4606
4606
4605
4604
4603
4602
4602
4600
4599
4599
4598
4595
4595
4592
4592
4591
4595
4591
4590
4589
4589
4588
4588
4588
4584
4584
4584
4584
4583
4582
4582
4581
4579
4579
4583
4578
4578
4575
4575
4574
4574
4574
4573
4572
4572
4570
4569
4568
4568
4568
4565
4564
4564
4563
4562
4561
4560
4559
4557
4557
4574
4556
4556
4553
4552
4552
4552
4551
4551
4550
4549
4548
4547
4546
4546
4546
4545
4545
4545
4545
4543
4541
4540
4539
4539
4539
4538
4537
4537
4536
4535
4535
4532
4530
4529
4529
4526
4525
4525
4524
4523
4523
4522
4522
4521
4518
4517
4517
4517
4517
4516
4516
4514
4514
4512
4512
4512
4509
4509
4509
4508
4508
4507
4507
4507
4506
4506
4505
4503
4502
4500
4500
4498
4497
4495
4495
4495
4493
4492
4491
4490
4490
4489
4487
4487
4487
4487
4486
4484
4484
4481
4480
4480
4479
4479
4478
4476
4476
4476
4476
4476
4475
4474
4474
4473
4473
4469
4469
4468
4467
4467
4465
4465
4463
4462
4462
4460
4459
4458
4458
4458
4456
4456
4454
4454
4454
4454
4450
4450
4450
4449
4449
4448
4447
4447
4447
4447
4445
4444
4443
4442
4442
4442
4441
4440
4438
4438
4437
4436
4433
4432
4432
4431
4430
4430
4430
4425
4424
4424
4424
4423
4423
4422
4423
4421
4420
4419
4417
4417
4417
4416
4415
4415
4415
4415
4414
4414
4412
4412
4411
4411
4410
4410
4410
4409
4409
4408
4408
4406
4406
4404
4404
4403
4402
4402
4401
4400
4399
4398
4398
4397
4396
4394
4393
4393
4392
4391
4391
4391
4391
4390
4389
4389
4388
4386
4386
4385
4385
4383
4383
4382
4382
4381
4381
4380
4380
4379
4379
4379
4378
4377
4377
4377
4376
4375
4375
4374
4373
4373
4373
4372
4371
4371
4371
4371
4370
4370
4369
4368
4367
4367
4366
4365
4380
4363
4363
4360
4359
4359
4359
4359
4358
4358
4357
4356
4356
4354
4354
4354
4352
4354
4348
4348
4347
4347
4347
4347
4346
4346
4345
4345
4344
4344
4344
4344
4344
4344
4343
4342
4342
4342
4341
4341
4341
4340
4340
4339
4338
4338
4337
4337
4337
4337
4337
4337
4335
4333
4332
4332
4331
4331
4328
4327
4327
4327
4326
4326
4325
4325
4323
4323
4322
4322
4322
4321
4318
4318
4317
4316
4316
4315
4315
4315
4312
4312
4312
4311
4310
4310
4310
4310
4310
4309
4308
4306
4305
4305
4305
4305
4304
4303
4303
4302
4301
4300
4299
4298
4297
4297
4296
4295
4295
4294
4294
4293
4292
4292
4292
4291
4291
4290
4290
4290
4287
4287
4285
4284
4284
4283
4283
4282
4281
4280
4279
4279
4278
4278
4277
4277
4276
4276
4275
4275
4273
4271
4270
4270
4270
4269
4268
4268
4268
4268
4267
4265
4265
4265
4264
4262
4262
4260
4259
4258
4257
4257
4256
4254
4252
4252
4251
4251
4250
4247
4247
4244
4244
4243
4243
4242
4241
4241
4241
4240
4239
4238
4238
4237
4236
4236
4235
4234
4233
4233
4233
4233
4232
4232
4232
4231
4230
4229
4228
4227
4227
4227
4227
4225
4225
4224
4224
4222
4222
4222
4221
4221
4220
4220
4219
4219
4219
4219
4218
4218
4217
4216
4216
4216
4215
4215
4214
4214
4213
4213
4212
4212
4211
4210
4210
4209
4209
4208
4207
4207
4207
4206
4205
4205
4204
4203
4201
4201
4200
4200
4200
4199
4199
4198
4198
4198
4200
4196
4195
4195
4194
4194
4194
4194
4193
4193
4193
4192
4192
4192
4191
4191
4191
4189
4189
4153
4188
4187
4186
4186
4186
4185
4184
4183
4182
4182
4181
4180
4180
4180
4178
4177
4177
4177
4177
4176
4175
4175
4175
4174
4174
4174
4173
4173
4172
4171
4170
4169
4167
4167
4167
4167
4165
4165
4164
4164
4164
4163
4162
4162
4162
4162
4161
4161
4161
4160
4158
4158
4158
4158
4157
4156
4156
4156
4155
4155
4155
4159
4154
4153
4153
4152
4152
4152
4150
4150
4150
4149
4148
4146
4146
4146
4144
4144
4144
4142
4140
4139
4139
4139
4138
4137
4137
4136
4135
4135
4135
4134
4133
4133
4133
4132
4130
4130
4130
4129
4129
4128
4128
4128
4127
4127
4126
4126
4125
4125
4125
4124
4123
4122
4119
4118
4117
4116
4115
4114
4114
4112
4112
4111
4111
4110
4110
4109
4109
4108
4107
4107
4107
4106
4105
4104
4102
4102
4100
4100
4100
4099
4099
4098
4098
4098
4097
4096
4095
4095
4095
4095
4094
4094
4094
4093
4092
4091
4091
4091
4090
4090
4090
4089
4086
4084
4084
4084
4083
4082
4081
4081
4080
4077
4076
4075
4073
4072
4071
4071
4070
4070
4069
4069
4068
4068
4067
4065
4064
4064
4063
4061
4061
4059
4058
4058
4057
4057
4056
4055
4054
4054
4053
4053
4053
4052
4052
4051
4050
4049
4049
4048
4048
4047
4046
4046
4046
4046
4045
4045
4044
4043
4043
4039
4038
4037
4036
4036
4036
4036
4035
4035
4033
4032
4030
4036
4028
4028
4027
4027
4027
4026
4026
4026
4025
4024
4023
4023
4022
4022
4022
4021
4021
4021
4020
4019
4017
4017
4017
4017
4016
4015
4015
4013
4012
4012
4012
4011
4009
4009
4008
4007
4007
4006
4006
4005
4005
4004
4004
4003
4002
4002
4002
4001
4001
4001
4001
4001
4001
4000
4000
3999
3998
3997
3997
3996
3996
3996
3994
3993
3993
3991
3990
3990
3988
3988
3988
3988
3987
3987
3987
3986
3986
3986
3985
3985
3983
3983
3982
3982
3981
3981
3980
3980
3978
3978
3977
3977
3976
3974
3973
3972
3972
3971
3971
3970
3969
3969
3968
3968
3966
3966
3966
3964
3964
3963
3963
3963
3962
3962
3962
3960
3959
3959
3959
3958
3957
3956
3955
3954
3954
3951
3949
3948
3948
3947
3946
3945
3945
3940
3940
3940
3940
3940
3940
3937
3937
3936
3935
3935
3935
3934
3934
3934
3933
3933
3932
3931
3930
3929
3929
3929
3929
3927
3927
3927
3926
3926
3926
3925
3925
3925
3923
3922
3922
3922
3921
3921
3920
3919
3919
3919
3918
3918
3917
3917
3917
3916
3915
3914
3913
3913
3913
3913
3913
3912
3911
3910
3906
3906
3906
3905
3905
3905
3904
3904
3903
3903
3903
3902
3902
3901
3901
3900
3896
3895
3894
3894
3893
3893
3893
3892
3891
3890
3890
3890
3889
3889
3888
3886
3886
3886
3886
3885
3884
3884
3884
3884
3883
3883
3883
3881
3880
3879
3878
3877
3877
3877
3877
3876
3875
3875
3875
3874
3874
3873
3872
3872
3872
3871
3871
3870
3870
3870
3868
3868
3867
3866
3866
3865
3865
3864
3864
3864
3863
3861
3860
3859
3858
3858
3858
3856
3856
3856
3855
3854
3851
3850
3849
3849
3849
3849
3849
3849
3849
3848
3847
3845
3845
3845
3844
3844
3843
3843
3842
3841
3841
3840
3839
3838
3837
3837
3836
3836
3835
3835
3834
3834
3833
3833
3833
3832
3832
3832
3831
3831
3830
3830
3828
3825
3824
3824
3824
3824
3823
3823
3823
3822
3822
3822
3822
3820
3820
3820
3818
3817
3816
3814
3814
3813
3812
3812
3811
3809
3809
3809
3809
3808
3805
3804
3804
3803
3803
3803
3802
3801
3801
3801
3800
3800
3799
3799
3797
3796
3796
3795
3795
3794
3793
3792
3792
3791
3791
3790
3790
3790
3789
3789
3788
3787
3787
3786
3786
3786
3786
3785
3784
3784
3784
3784
3782
3782
3782
3781
3780
3779
3778
3778
3778
3778
3778
3775
3775
3773
3772
3772
3772
3772
3772
3772
3771
3771
3769
3769
3768
3768
3766
3766
3763
3763
3762
3761
3761
3761
3760
3760
3760
3759
3759
3759
3759
3869
3758
3758
3757
3762
3756
3755
3754
3754
3751
3751
3751
3750
3749
3749
3748
3748
3747
3746
3745
3745
3745
3745
3744
3744
3743
3749
3742
3742
3741
3741
3740
3739
3738
3738
3733
3732
3732
3732
3731
3731
3730
3735
3729
3729
3729
3728
3728
3728
3728
3727
3727
3726
3726
3725
3725
3723
3723
3723
3721
3720
3720
3719
3719
3718
3718
3717
3717
3716
3715
3715
3714
3714
3714
3713
3713
3712
3712
3711
3710
3710
3708
3708
3707
3707
3706
3704
3703
3703
3702
3701
3700
3699
3697
3697
3697
3696
3696
3695
3695
3694
3693
3693
3693
3693
3692
3691
3691
3691
3689
3687
3687
3687
3687
3686
3686
3686
3686
3686
3685
3684
3684
3683
3683
3686
3683
3682
3682
3682
3681
3679
3677
3677
3677
3676
3676
3675
3674
3673
3673
3673
3671
3671
3670
3670
3670
3669
3669
3669
3668
3668
3667
3666
3666
3666
3666
3666
3665
3665
3665
3665
3665
3664
3664
3663
3663
3662
3662
3661
3661
3660
3659
3659
3668
3658
3657
3657
3657
3657
3656
3656
3653
3653
3653
3653
3652
3651
3651
3651
3649
3649
3647
3647
3649
3646
3644
3644
3643
3643
3643
3642
3642
3641
3641
3641
3640
3640
3640
3639
3639
3638
3637
3637
3636
3635
3633
3633
3632
3631
3631
3630
3630
3629
3628
3628
3628
3628
3628
3627
3625
3625
3625
3624
3624
3624
3623
3623
3622
3622
3622
3622
3621
3621
3620
3620
3619
3619
3618
3618
3617
3617
3617
3615
3615
3614
3614
3613
3613
3613
3613
3612
3612
3612
3611
3610
3610
3610
3609
3609
3609
3608
3607
3606
3606
3551
3604
3604
3604
3602
3602
3602
3601
3601
3601
3600
3600
3600
3599
3599
3599
3598
3598
3598
3597
3597
3597
3596
3596
3596
3596
3596
3596
3595
3593
3593
3592
3592
3592
3591
3590
3590
3590
3589
3589
3589
3588
3588
3587
3587
3587
3587
3586
3586
3584
3584
3584
3584
3583
3582
3581
3581
3581
3580
3580
3579
3578
3578
3577
3583
3577
3577
3576
3574
3573
3573
3573
3572
3571
3569
3568
3568
3568
3567
3567
3566
3565
3564
3564
3562
3562
3561
3560
3560
3560
3560
3560
3559
3559
3559
3557
3556
3556
3555
3555
3554
3553
3553
3553
3552
3552
3551
3551
3551
3551
3550
3550
3549
3549
3549
3549
3548
3547
3547
3545
3545
3545
3545
3544
3543
3543
3542
3542
3541
3541
3540
3539
3539
3539
3538
3537
3537
3537
3537
3536
3536
3535
3535
3534
3532
3532
3532
3531
3531
3531
3530
3528
3528
3527
3527
3527
3527
3527
3526
3526
3525
3525
3524
3524
3524
3523
3523
3523
3523
3522
3522
3521
3520
3520
3520
3519
3519
3518
3518
3517
3516
3515
3515
3514
3514
3514
3514
3514
3514
3513
3511
3511
3510
3510
3509
3508
3507
3507
3506
3505
3504
3504
3503
3502
3502
3501
3501
3501
3500
3500
3500
3500
3499
3498
3497
3497
3497
3496
3495
3495
3495
3494
3491
3490
3490
3489
3489
3488
3488
3488
3488
3488
3486
3486
3485
3485
3485
3485
3485
3484
3484
3483
3483
3482
3481
3480
3480
3479
3479
3479
3478
3477
3476
3475
3475
3474
3473
3473
3473
3473
3473
3473
3473
3472
3472
3471
3470
3469
3468
3468
3467
3469
3467
3466
3466
3464
3464
3464
3464
3463
3463
3462
3461
3460
3460
3460
3459
3459
3459
3459
3459
3458
3458
3458
3457
3456
3456
3456
3455
3455
3455
3454
3454
3454
3454
3454
3453
3453
3452
3452
3452
3451
3451
3451
3451
3451
3450
3449
3449
3448
3448
3446
3445
3445
3445
3445
3444
3444
3443
3443
3443
3442
3442
3442
3442
3442
3442
3441
3441
3440
3440
3438
3437
3437
3437
3436
3436
3436
3434
3433
3433
3433
3433
3432
3432
3431
3430
3430
3428
3427
3427
3427
3427
3426
3425
3425
3425
3425
3424
3424
3424
3423
3423
3423
3423
3422
3422
3422
3422
3422
3421
3420
3420
3419
3419
3419
3418
3418
3418
3419
3416
3416
3414
3414
3414
3413
3412
3412
3411
3411
3411
3411
3410
3409
3408
3406
3405
3405
3405
3404
3403
3402
3402
3401
3401
3401
3401
3400
3399
3399
3399
3398
3398
3397
3397
3397
3397
3397
3397
3397
3396
3396
3395
3395
3394
3394
3394
3394
3394
3394
3394
3393
3393
3393
3391
3390
3390
3392
3390
3390
3390
3390
3389
3388
3388
3388
3388
3387
3387
3387
3386
3385
3385
3383
3383
3382
3382
3382
3382
3381
3381
3381
3380
3380
3379
3379
3379
3378
3378
3376
3376
3375
3374
3374
3373
3372
3372
3372
3371
3371
3371
3371
3370
3369
3369
3368
3368
3368
3368
3367
3367
3366
3366
3366
3366
3366
3366
3365
3365
3364
3363
3363
3362
3361
3361
3360
3360
3358
3358
3357
3357
3357
3357
3357
3359
3357
3356
3356
3356
3355
3355
3354
3352
3352
3352
3352
3350
3350
3350
3350
3349
3349
3349
3349
3349
3349
3348
3347
3347
3346
3346
3346
3346
3344
3344
3343
3343
3342
3342
3342
3342
3342
3342
3341
3341
3340
3339
3339
3339
3339
3338
3338
3338
3337
3337
3337
3336
3336
3336
3334
3334
3334
3334
3333
3333
3333
3330
3329
3329
3329
3329
3328
3328
3328
3328
3327
3327
3327
3327
3327
3326
3326
3326
3326
3325
3325
3325
3324
3324
3324
3324
3323
3323
3323
3322
3322
3322
3322
3321
3321
3321
3320
3320
3319
3319
3319
3319
3319
3318
3318
3317
3317
3317
3315
3315
3315
3315
3314
3314
3313
3312
3312
3311
3311
3310
3310
3310
3309
3309
3309
3308
3307
3306
3306
3305
3304
3304
3304
3304
3303
3303
3303
3303
3302
3302
3301
3301
3300
3300
3299
3299
3299
3299
3298
3298
3298
3298
3298
3297
3297
3296
3296
3296
3295
3295
3294
3294
3294
3294
3293
3293
3293
3293
3292
3292
3292
3292
3291
3291
3291
3291
3291
3290
3289
3289
3288
3288
3287
3287
3287
3287
3286
3286
3285
3285
3284
3284
3283
3283
3283
3282
3282
3271
3281
3281
3280
3280
3280
3279
3279
3279
3279
3278
3278
3277
3276
3276
3275
3274
3273
3273
3272
3271
3270
3270
3269
3268
3267
3267
3267
3267
3267
3266
3266
3266
3265
3265
3265
3265
3264
3263
3263
3261
3261
3260
3260
3260
3259
3259
3259
3258
3258
3257
3257
3256
3256
3255
3254
3254
3254
3254
3254
3254
3253
3252
3252
3250
3250
3250
3250
3249
3248
3248
3248
3247
3246
3245
3245
3244
3242
3241
3241
3241
3241
3240
3240
3240
3239
3239
3238
3238
3237
3237
3236
3236
3235
3235
3235
3234
3234
3234
3233
3233
3233
3232
3232
3232
3231
3230
3230
3229
3229
3229
3228
3228
3227
3227
3226
3225
3225
3225
3225
3225
3224
3224
3223
3223
3223
3223
3223
3223
3223
3222
3222
3221
3220
3220
3220
3220
3220
3220
3220
3219
3219
3219
3219
3218
3218
3217
3217
3217
3216
3216
3216
3215
3215
3215
3215
3215
3214
3214
3214
3214
3212
3212
3212
3212
3212
3211
3211
3211
3211
3210
3210
3210
3210
3210
3210
3209
3208
3208
3207
3206
3205
3205
3204
3204
3204
3204
3203
3203
3202
3202
3201
3201
3201
3201
3200
3200
3199
3199
3199
3199
3199
3199
3199
3198
3197
3197
3197
3197
3196
3195
3194
3194
3194
3194
3193
3193
3192
3192
3191
3191
3189
3189
3188
3188
3187
3187
3186
3186
3186
3186
3186
3185
3185
3185
3185
3184
3184
3184
3184
3184
3183
3183
3183
3182
3182
3182
3181
3181
3180
3180
3179
3178
3178
3178
3177
3177
3176
3176
3176
3175
3175
3174
3174
3172
3172
3171
3171
3171
3171
3168
3168
3168
3168
3167
3166
3165
3165
3164
3164
3163
3163
3162
3162
3162
3161
3161
3160
3160
3159
3157
3156
3156
3165
3154
3154
3153
3153
3152
3152
3152
3152
3152
3151
3151
3151
3150
3149
3149
3149
3149
3148
3148
3148
3148
3147
3147
3146
3146
3145
3145
3145
3144
3144
3144
3144
3143
3143
3142
3142
3141
3141
3141
3140
3140
3140
3140
3140
3140
3139
3139
3139
3139
3139
3138
3138
3138
3138
3138
3137
3136
3136
3136
3133
3132
3131
3130
3130
3129
3129
3128
3127
3126
3126
3126
3126
3124
3124
3123
3123
3123
3122
3122
3121
3120
3120
3120
3119
3119
3119
3118
3118
3118
3118
3118
3118
3117
3117
3116
3115
3114
3114
3114
3114
3113
3113
3113
3113
3113
3113
3112
3112
3112
3112
3112
3111
3111
3111
3111
3111
3110
3110
3110
3109
3109
3108
3108
3108
3107
3107
3106
3106
3106
3105
3105
3104
3104
3104
3104
3104
3103
3103
3103
3103
3102
3102
3102
3102
3102
3100
3100
3100
3099
3099
3098
3098
3098
3098
3098
3096
3096
3095
3097
3095
3095
3095
3095
3094
3093
3092
3092
3092
3091
3091
3090
3090
3090
3090
3090
3090
3088
3088
3088
3088
3087
3086
3086
3085
3085
3084
3084
3084
3083
3081
3080
3079
3079
3078
3077
3077
3076
3076
3076
3076
3075
3075
3103
3075
3075
3074
3226
3072
3072
3072
3072
3072
3072
3071
3071
3070
3070
3069
3069
3068
3068
3068
3068
3067
3067
3067
3067
3066
3066
3066
3066
3066
3065
3065
3065
3064
3064
3064
3064
3063
3063
3062
3062
3062
3062
3062
3062
3061
3061
3061
3061
3061
3061
3061
3060
3060
3060
3059
3059
3057
3057
3057
3056
3056
3056
3055
3055
3053
3053
3053
3053
3053
3052
3051
3051
3051
3050
3049
3049
3048
3047
3047
3046
3046
3046
3045
3045
3045
3045
3045
3045
3045
3044
3044
3043
3043
3043
3042
3042
3042
3041
3041
3040
3040
3039
3039
3038
3038
3038
3038
3037
3037
3035
3035
3034
3034
3034
3033
3033
3033
3033
3032
3032
3032
3032
3032
3031
3031
3030
3029
3029
3029
3029
3029
3028
3028
3021
3028
3027
3027
3027
3026
3026
3025
3025
3025
3025
3025
3024
3024
3024
3023
3023
3022
3021
3021
3020
3020
3020
3020
3020
3020
3019
3019
3019
3017
3017
3016
3016
3015
3015
3015
3015
3015
3015
3015
3015
3014
3014
3014
3014
3014
3013
3013
3013
3013
3013
3013
3013
3012
3012
3012
3012
3011
3011
3010
3010
3010
3010
3009
3009
3009
3008
3008
3008
3008
3008
3007
3007
3007
3006
3006
3006
3006
3004
3004
3003
3003
3003
3003
3003
3003
3002
3002
3001
3001
3000
3000
3000
3000
