87840
87215
71903
61789
61409
59446
59111
54826
50746
50232
48738
48413
47191
47136
46161
45387
42150
41558
40055
39617
38803
38688
38604
38572
38403
38141
37962
36856
36678
36183
35707
35693
35573
35168
34716
34413
34380
34323
34255
33847
33602
33548
33342
32779
32335
32181
31712
30993
30172
30164
29930
29479
29475
29414
29388
29087
28302
28229
28184
28180
27788
27774
27371
26952
26858
26686
26597
26420
26384
26135
26092
26072
26050
25928
25840
25797
24994
24815
24813
24801
24771
24715
24669
24598
24503
23941
23841
23783
23743
23509
23500
23388
23123
23098
22856
22731
22541
22447
22342
22338
22313
22234
22159
22157
22075
22043
22038
22002
21897
21884
21599
21593
21488
21485
21318
21278
21216
20809
20776
20718
20614
20484
20378
20358
20315
20253
19827
19734
19671
19541
19523
19510
19379
19332
19284
18964
18911
18854
18846
18814
18794
18668
18611
18489
18348
18320
18215
18095
18067
17979
17975
17964
17920
17872
17859
17824
17670
17641
17623
17586
17562
17548
17481
17480
17440
17374
17317
17311
17306
17266
17210
17125
17110
17017
16906
16881
16796
16788
16734
16608
16597
16591
16589
16563
16525
16290
16165
16113
16029
16007
15980
15974
15960
15949
15763
15741
15693
15657
15637
15632
15281
15275
15103
15098
15082
15055
15019
15011
14944
14906
14890
14821
14773
14687
14634
14614
14568
14564
14516
14458
14417
14355
14328
14261
14233
14176
14173
14131
14115
14110
14061
14020
13986
13966
13930
13904
13898
13866
13852
13848
13824
13797
13718
13653
13642
13578
13522
13519
13518
13486
13439
13430
13374
13350
13307
13300
13275
13221
13200
13104
13083
13065
13059
13048
13042
12990
12976
12957
12908
12893
12803
12788
12771
12750
12735
12713
12697
12687
12620
12543
12522
12518
12503
12496
12456
12391
12341
12329
12278
12267
12184
12161
12160
12137
12096
12075
12040
12024
12023
12015
11966
11847
11770
11742
11687
11640
11625
11548
11473
11467
11446
11437
11283
11277
11246
11231
11225
11146
11137
11137
11106
11099
11092
11026
10986
10967
10906
10875
10854
10806
10757
10754
10746
10704
10666
10647
10642
10593
10514
10490
10427
10422
10406
10342
10341
10282
10263
10224
10212
10160
10150
10135
10090
10083
10027
10017
9992
9966
9942
9923
9886
9873
9844
9835
9768
9747
9727
9717
9692
9691
9668
9666
9587
9525
9501
9491
9484
9484
9459
9433
9415
9398
9393
9383
9374
9359
9347
9334
9324
9317
9249
9234
9190
9184
9149
9125
9111
9106
9089
9081
9079
9078
9027
9020
8989
8966
8964
8938
8913
8863
8836
8800
8776
8700
8628
8592
8589
8583
8560
8522
8513
8500
8496
8456
8446
8440
8419
8409
8404
8397
8385
8357
8340
8329
8310
8298
8253
8245
8216
8216
8168
8138
8111
8100
8094
8075
8065
8054
8051
7973
7971
7955
7946
7886
7885
7880
7860
7845
7821
7816
7795
7783
7777
7774
7773
7759
7759
7744
7722
7718
7710
7693
7668
7644
7640
7628
7609
7582
7573
7558
7511
7487
7477
7473
7468
7463
7440
7437
7422
7415
7413
7407
7396
7393
7392
7384
7371
7371
7355
7327
7323
7291
7270
7267
7263
7222
7211
7198
7172
7168
7156
7150
7145
7144
7118
7092
7049
7028
7017
7016
7008
6998
6996
6962
6955
6950
6941
6898
6887
6861
6857
6839
6834
6833
6828
6823
6807
6780
6774
6771
6767
6761
6743
6734
6727
6718
6708
6698
6639
6635
6627
6616
6614
6597
6595
6573
6550
6548
6518
6496
6489
6484
6476
6474
6470
6431
6427
6423
6419
6415
6412
6411
6398
6394
6381
6377
6360
6342
6338
6321
6321
6301
6296
6283
6283
6275
6274
6265
6264
6250
6242
6224
6216
6212
6205
6195
6184
6171
6169
6168
6164
6135
6106
6071
6068
6061
6058
6053
6038
6028
6013
6003
5995
5995
5985
5979
5977
5976
5969
5967
5954
5950
5942
5940
5937
5919
5917
5884
5882
5876
5862
5853
5851
5844
5842
5824
5823
5802
5799
5798
5794
5787
5787
5770
5758
5735
5732
5716
5711
5709
5699
5699
5670
5670
5670
5650
5635
5630
5626
5617
5615
5614
5606
5597
5591
5574
5573
5571
5568
5567
5565
5560
5543
5542
5542
5536
5517
5512
5491
5487
5483
5481
5476
5473
5447
5421
5388
5381
5381
5377
5368
5352
5351
5339
5329
5316
5303
5296
5290
5282
5281
5280
5280
5278
5277
5272
5267
5264
5252
5247
5247
5243
5242
5240
5232
5224
5222
5220
5217
5215
5213
5207
5207
5192
5190
5187
5183
5174
5173
5168
5165
5154
5139
5129
5127
5123
5120
5116
5109
5108
5090
5062
5045
5043
5035
5031
5020
5016
5012
5010
5010
5000
4996
4991
4974
4973
4969
4969
4968
4968
4965
4953
4945
4941
4931
4924
4920
4916
4909
4902
4902
4913
4895
4883
4882
4857
4853
4839
4834
4828
4826
4825
4809
4807
4805
4799
4791
4787
4784
4781
4771
4771
4768
4767
4767
4766
4750
4745
4728
4724
4708
4695
4691
4689
4685
4685
4675
4674
4662
4658
4656
4646
4639
4619
4615
4614
4613
4611
4609
4609
4608
4605
4604
4596
4596
4592
4590
4588
4579
4577
4569
4553
4546
4543
4541
4539
4539
4526
4526
4524
4524
4520
4517
4514
4513
4510
4510
4508
4508
4504
4494
4492
4484
4482
4472
4464
4461
4456
4453
4449
4443
4437
4420
4415
4412
4409
4406
4404
4393
4387
4382
4382
4378
4376
4374
4372
4365
4363
4361
4353
4350
4336
4333
4332
4329
4325
4324
4310
4309
4308
4294
4288
4276
4258
4255
4240
4235
4231
4229
4224
4221
4216
4205
4187
4172
4171
4168
4158
4153
4152
4148
4142
4137
4133
4125
4107
4102
4098
4097
4094
4091
4086
4084
4084
4082
4082
4081
4080
4076
4075
4070
4065
4064
4064
4060
4054
4053
4051
4050
4044
4043
4041
4041
4036
4029
4025
4020
4020
4020
4015
4015
4015
4011
4000
3997
3991
3991
3991
3990
3984
3983
3979
3976
3975
3974
3973
3963
3957
3956
3950
3948
3946
3945
3944
3941
3938
3934
3933
3932
3932
3928
3924
3916
3912
3906
3904
3904
3903
3897
3885
3882
3881
3880
3876
3875
3871
3862
3861
3854
3850
3844
3844
3842
3839
3830
3827
3821
3817
3816
3813
3808
3807
3803
3800
3798
3792
3784
3783
3781
3780
3780
3779
3777
3775
3771
3770
3769
3769
3764
3761
3756
3755
3754
3754
3754
3750
3738
3736
3736
3733
3728
3727
3712
3709
3708
3708
3706
3700
3698
3697
3684
3673
3671
3668
3668
3665
3662
3661
3657
3654
3650
3647
3646
3643
3641
3637
3636
3634
3633
3632
3630
3624
3623
3619
3619
3618
3614
3613
3612
3608
3608
3608
3601
3601
3600
3599
3599
3596
3596
3593
3592
3592
3591
3590
3589
3579
3578
3572
3569
3568
3567
3566
3563
3559
3555
3547
3546
3546
3545
3543
3543
3538
3537
3533
3532
3528
3525
3521
3514
3512
3511
3507
3504
3503
3501
3501
3495
3493
3482
3477
3476
3475
3474
3470
3469
3468
3468
3467
3466
3456
3454
3448
3447
3445
3443
3439
3439
3438
3430
3428
3423
3423
3417
3416
3414
3414
3408
3408
3405
3404
3404
3403
3399
3397
3397
3397
3395
3393
3391
3388
3386
3386
3384
3381
3378
3377
3375
3374
3371
3371
3364
3363
3359
3356
3353
3351
3348
3346
3343
3342
3342
3341
3338
3338
3336
3334
3332
3327
3320
3320
3318
3314
3312
3311
3309
3307
3306
3305
3304
3303
3302
3302
3301
3298
3298
3296
3295
3289
3285
3285
3284
3282
3282
3279
3278
3272
3271
3271
3269
3268
3267
3266
3266
3264
3263
3263
3262
3259
3258
3258
3253
3250
3247
3246
3241
3240
3234
3233
3227
3227
3226
3220
3217
3216
3215
3213
3212
3211
3209
3209
3207
3206
3206
3205
3205
3205
3204
3204
3202
3201
3200
3191
3184
3181
3176
3174
3170
3169
3168
3161
3160
3160
3159
3159
3158
3157
3156
3155
3155
3153
3152
3151
3151
3150
3149
3144
3144
3141
3139
3139
3138
3136
3135
3135
3133
3129
3129
3127
3125
3124
3124
3123
3122
3116
3114
3114
3100
3099
3097
3096
3096
3095
3094
3094
3092
3088
3088
3086
3086
3080
3080
3079
3073
3064
3063
3063
3063
3062
3062
3061
3060
3059
3059
3054
3052
3050
3050
3049
3048
3047
3042
3035
3022
3018
3017
3015
3014
3012
3004
3003
3002
3000
