264711
191041
171927
152540
134629
122127
120765
116987
102323
101720
100850
95836
92690
91329
90384
89783
81634
81452
80099
75432
75218
74723
74502
73954
73727
71509
69837
69787
69144
68972
68626
68460
68059
66085
65920
63783
63475
63380
63355
63340
63187
62929
62459
62360
61778
61631
59840
59254
57925
57593
56909
56484
56460
56201
55634
55177
54939
54054
53866
53737
53477
51832
51131
51054
50962
50453
50320
49805
49746
49721
48956
48810
48725
48545
48036
47971
47499
47443
47350
47279
47139
46775
46654
46550
46237
46017
46000
45723
45348
45240
45212
45174
45065
44904
44878
44744
44381
44146
43945
43869
43778
43752
43735
43543
43254
43158
42976
42372
41865
41451
41216
40996
40947
40857
40721
40617
40570
40384
40121
39882
39786
39776
39445
39408
39348
39287
39270
39105
38758
38430
38129
38123
38064
37912
37825
37800
37718
37168
37045
36911
36904
36899
36790
36532
36408
36343
36071
35804
35578
35572
35276
35112
35085
35016
34626
34229
34168
34154
34125
34089
34074
33933
33854
33852
33717
33652
33632
33521
33499
33435
33348
33343
33274
33235
33183
33154
32935
32630
32626
32135
32024
31949
31726
31501
31282
31107
30773
30617
30464
30248
30202
30185
30027
29962
29955
29868
29858
29757
29663
29469
29323
29197
29141
28975
28870
28829
28671
28410
28405
28308
28066
27710
27403
27225
27035
27016
26930
26772
26729
26725
26540
26443
26436
26289
26253
26234
26223
26216
26189
26184
26173
26118
25936
25924
25913
25810
25792
25785
25624
25526
25506
25427
25072
25026
24984
24897
24891
24869
24765
24711
24683
24670
24646
24634
24634
24555
24528
24494
24321
24222
24203
24143
24085
24042
24020
23993
23980
23852
23838
23816
23801
23739
23727
23627
23582
23492
23397
23365
23354
23223
23011
22885
22857
22845
22837
22819
22766
22717
22705
22628
22597
22581
22566
22558
22442
22427
22414
22352
22313
22282
22203
22112
22074
22063
21898
21873
21836
21834
21827
21752
21643
21602
21553
21447
21439
21418
21409
21335
21251
21240
21213
21177
21132
21105
21101
21009
20979
20975
20855
20819
20792
20758
20712
20670
20529
20491
20490
20476
20449
20437
20302
20266
20230
20230
20214
20205
20193
20160
20091
20064
20049
20008
20008
19994
19975
19956
19947
19927
19893
19869
19768
19772
19736
19734
19658
19635
19617
19592
19506
19463
19427
19427
19426
19398
19347
19340
19297
19295
19282
19268
19220
19194
19144
19094
18959
18949
18921
18916
18901
18898
18879
18819
18675
18651
18648
18606
18567
18556
18520
18485
18459
18399
18386
18245
18218
18191
18152
18148
18094
18088
18076
18067
18056
18051
18048
18032
17989
17880
17877
17843
17837
17807
17798
17768
17730
17696
17691
17658
17657
17621
17605
17564
17538
17533
17532
17523
17491
17456
17438
17390
17305
17289
17238
17213
17211
17185
17136
17123
17107
17062
17027
16971
16961
16906
16825
16812
16793
16791
16787
16759
16829
16751
16743
16730
16730
16710
16689
16676
16627
16622
16621
16614
16590
16587
16528
16511
16484
16477
16431
16382
16367
16319
16239
16215
16214
16209
16203
16193
16172
16170
16148
16141
16134
16064
16055
16052
16039
16019
16008
16001
15992
15989
15971
15906
15878
15841
15829
15807
15737
15720
15713
15664
15646
15624
15600
15599
15599
15577
15497
15489
15469
15453
15435
15415
15397
15393
15390
15378
15373
15372
15360
15355
15328
15328
15305
15291
15187
15174
15141
15111
15065
15062
15055
15042
15041
15035
15026
15016
14972
14969
14914
14912
14896
14861
14844
14799
14798
14783
14780
14777
14764
14760
14748
14740
14739
14706
14697
14687
14677
14676
14659
14656
14638
14618
14605
14593
14554
14547
14527
14502
14500
14496
14487
14468
14462
14405
14380
14341
14297
14290
14273
14272
14249
14240
14211
14206
14189
14187
14170
14168
14137
14132
14130
14129
14123
14115
14110
14097
14088
13997
13960
13939
13897
13889
13883
13878
13845
13835
13823
13770
13749
13727
13699
13693
13683
13670
13668
13667
13650
13646
13646
13645
13640
13623
13622
13622
13613
13599
13587
13566
13545
13514
13500
13494
13456
13441
13429
13427
13397
13393
13391
13373
13342
13334
13312
13277
13271
13232
13218
13211
13208
13169
13119
13084
13078
13055
13054
13053
13029
13001
12981
12975
12974
12970
12924
12893
12866
12804
12797
12740
12736
12731
12729
12723
12713
12704
12689
12673
12645
12632
12628
12627
12605
12598
12583
12551
12535
12532
12523
12517
12513
12508
12505
12495
12487
12488
12469
12466
12448
12432
12415
12402
12395
12367
12339
12334
12328
12325
12319
12316
12314
12306
12301
12294
12278
12245
12229
12213
12209
12203
12200
12199
12195
12193
12182
12170
12134
12130
12120
12119
12102
12101
12085
12070
12066
12049
12032
12019
11999
11990
11981
11958
11942
11940
11938
11903
11903
11881
11877
11876
11869
11869
11862
11849
11846
11838
11787
11774
11774
11731
11729
11720
11712
11706
11705
11689
11680
11675
11670
11668
11659
11640
11635
11628
11618
11614
11612
11602
11598
11590
11582
11561
11551
11548
11544
11535
11534
11526
11522
11508
11498
11485
11478
11477
11463
11458
11455
11453
11449
11440
11418
11389
11384
11364
11362
11357
11348
11342
11334
11323
11314
11310
11292
11277
11270
11268
11267
11261
11242
11237
11237
11232
11232
11230
11225
11218
11216
11215
11203
11200
11195
11193
11169
11156
11156
11145
11132
11111
11106
11087
11071
11065
11054
11039
11030
11024
11015
10995
10987
10981
10966
10966
10966
10945
10930
10928
10923
10922
10910
10895
10894
10879
10874
10861
10857
10855
10848
10833
10833
10829
10822
10821
10811
10809
10811
10800
10790
10773
10750
10739
10700
10686
10676
10674
10670
10669
10667
10643
10639
10630
10618
10618
10617
10605
10581
10557
10555
10553
10549
10548
10547
10544
10542
10540
10520
10500
10495
10489
10485
10465
10459
10453
10453
10444
10441
10432
10427
10423
10420
10410
10405
10400
10399
10417
10388
10368
10360
10341
10333
10332
10331
10306
10287
10281
10277
10273
10267
10263
10249
10248
10233
10230
10223
10216
10210
10205
10202
10200
10197
10164
10149
10149
10125
10122
10102
10077
10074
10068
10063
10060
10045
10043
10042
10040
10036
10033
10032
10031
10025
10006
9994
9984
9973
9967
9957
9956
9953
9949
9946
9934
9929
9929
9917
9905
9882
9872
9870
9865
9847
9827
9812
9808
9803
9798
9789
9787
9782
9777
9781
9774
9773
9752
9751
9749
9742
9732
9732
9730
9720
9714
9683
9681
9678
9673
9667
9660
9658
9657
9655
9653
9649
9647
9646
9644
9621
9618
9581
9581
9568
9562
9562
9560
9558
9556
9553
9550
9545
9534
9534
9515
9478
9471
9463
9452
9448
9443
9439
9435
9434
9428
9426
9412
9408
9397
9390
9390
9390
9389
9386
9371
9369
9368
9355
9351
9350
9347
9346
9344
9329
9323
9309
9303
9298
9298
9269
9264
9261
9260
9259
9254
9244
9233
9218
9213
9212
9211
9202
9201
9198
9197
9187
9181
9167
9156
9154
9150
9123
9113
9107
9106
9103
9093
9070
9068
9060
9057
9050
9040
9031
9025
9019
9014
9011
9010
8994
8993
8986
8974
8963
8960
8958
8945
8941
8938
8931
8930
8923
8918
8915
8913
8913
8907
8896
8893
8880
8877
8862
8860
8853
8845
8845
8836
8830
8825
8818
8816
8805
8805
8804
8804
8798
8794
8789
8789
8788
8786
8782
8781
8770
8767
8764
8763
8760
8753
8752
8749
8745
8743
8733
8732
8732
8725
8723
8722
8720
8719
8710
8709
8708
8700
8700
8699
8697
8695
8692
8670
8664
8657
8656
8654
8649
8649
8646
8645
8642
8637
8630
8628
8619
8614
8609
8601
8598
8598
8596
8588
8583
8578
8576
8569
8569
8558
8551
8526
8524
8516
8513
8500
8498
8497
8496
8482
8475
8473
8465
8457
8455
8454
8452
8445
8440
8437
8436
8433
8424
8421
8417
8414
8413
8409
8405
8393
8390
8383
8377
8371
8366
8364
8360
8347
8343
8338
8337
8330
8325
8324
8318
8315
8306
8304
8304
8298
8290
8289
8281
8279
8265
8264
8254
8246
8241
8238
8236
8235
8234
8233
8233
8232
8224
8217
8215
8209
8208
8207
8204
8200
8199
8193
8190
8188
8203
8178
8170
8144
8138
8132
8131
8131
8115
8107
8103
8100
8098
8097
8097
8096
8091
8084
8081
8076
8075
8070
8065
8062
8061
8058
8057
8052
8049
8047
8040
8035
8027
8018
8015
8010
8008
8007
8002
8001
7991
7986
7983
7979
7976
7961
7959
7956
7955
7954
7947
7947
7943
7932
7929
7922
7922
7921
7918
7915
7912
7910
7909
7907
7906
7901
7900
7899
7898
7896
7895
7886
7877
7865
7855
7839
7835
7829
7826
7820
7819
7817
7808
7807
7800
7796
7794
7787
7784
7784
7781
7776
7775
7774
7772
7764
7763
7758
7746
7742
7740
7737
7733
7731
7719
7718
7717
7715
7710
7697
7694
7691
7680
7672
7671
7666
7659
7652
7652
7652
7649
7649
7648
7647
7646
7643
7642
7637
7637
7636
7633
7627
7621
7612
7609
7603
7601
7596
7594
7592
7591
7585
7580
7578
7570
7552
7552
7545
7538
7530
7525
7523
7522
7520
7518
7516
7511
7511
7508
7507
7505
7499
7498
7491
7484
7479
7462
7460
7452
7446
7441
7438
7437
7436
7435
7431
7430
7423
7419
7417
7410
7407
7406
7405
7403
7402
7397
7394
7386
7382
7381
7378
7376
7371
7368
7365
7357
7356
7342
7342
7339
7330
7313
7312
7305
7301
7296
7292
7285
7284
7283
7275
7273
7260
7259
7257
7251
7249
7248
7245
7240
7238
7235
7234
7233
7232
7228
7228
7225
7223
7219
7219
7216
7215
7215
7213
7210
7209
7208
7205
7205
7204
7201
7197
7197
7193
7183
7182
7176
7165
7164
7161
7160
7158
7155
7151
7151
7144
7142
7141
7141
7140
7137
7137
7133
7132
7130
7127
7126
7122
7107
7103
7103
7098
7097
7088
7087
7079
7079
7077
7077
7076
7075
7071
7069
7067
7060
7056
7052
7046
7045
7044
7042
7038
7034
7033
7032
7021
7019
7018
7018
7017
7017
7016
7013
7008
7004
6999
6992
6988
6987
6986
6983
6982
6981
6977
6973
6971
6971
6959
6952
6952
6951
6949
6949
6944
6941
6935
6935
6928
6916
6914
6911
6910
6908
6908
6901
6895
6892
6890
6887
6886
6885
6882
6881
6880
6878
6877
6864
6861
6856
6848
6837
6836
6827
6827
6827
6826
6823
6820
6820
6814
6810
6808
6802
6802
6797
6795
6793
6793
6789
6787
6783
6780
6776
6772
6768
6759
6758
6757
6756
6747
6741
6737
6735
6723
6722
6713
6701
6697
6690
6686
6684
6683
6680
6680
6679
6678
6674
6671
6669
6669
6668
6668
6666
6665
6662
6660
6659
6648
6647
6646
6646
6640
6638
6637
6625
6623
6619
6613
6613
6613
6607
6607
6606
6598
6594
6593
6592
6590
6588
6588
6587
6585
6580
6577
6571
6568
6562
6560
6555
6548
6547
6546
6545
6544
6544
6528
6528
6527
6526
6526
6526
6523
6519
6516
6512
6508
6505
6504
6494
6493
6493
6492
6490
6486
6481
6477
6475
6473
6469
6465
6464
6459
6459
6458
6457
6454
6453
6452
6451
6448
6448
6445
6442
6439
6438
6437
6434
6433
6429
6427
6429
6422
6420
6414
6414
6404
6403
6400
6399
6399
6396
6392
6391
6384
6384
6383
6380
6379
6379
6378
6378
6374
6368
6360
6360
6359
6358
6355
6352
6350
6348
6347
6346
6342
6335
6325
6323
6319
6315
6311
6310
6306
6298
6295
6289
6285
6280
6279
6275
6275
6267
6259
6256
6254
6254
6253
6252
6250
6249
6249
6248
6244
6243
6240
6235
6234
6233
6231
6230
6228
6228
6227
6226
6225
6223
6222
6222
6220
6215
6205
6201
6201
6200
6195
6192
6192
6190
6189
6188
6186
6175
6171
6168
6168
6165
6163
6162
6158
6158
6157
6154
6153
6151
6148
6145
6144
6143
6141
6140
6133
6128
6129
6125
6122
6118
6116
6115
6114
6112
6098
6098
6098
6094
6094
6092
6092
6100
6089
6088
6088
6080
6078
6077
6074
6071
6068
6066
6066
6064
6061
6059
6058
6049
6046
6043
6043
6042
6041
6039
6037
6036
6033
6032
6029
6027
6021
6018
6017
6015
6012
6008
6008
6007
6005
6001
5994
5994
5994
5991
5990
5989
5988
5988
5984
5980
5980
5972
5970
5970
5966
5963
5963
5962
5961
5959
5955
5954
5953
5948
5947
5943
5943
5943
5942
5942
5941
5939
5937
5931
5930
5927
5927
5925
5922
5922
5919
5917
5913
5911
5910
5909
5907
5907
5906
5902
5900
5899
5898
5894
5894
5894
5893
5897
5888
5887
5885
5883
5883
5867
5863
5862
5862
5857
5853
5852
5846
5845
5843
5839
5838
5834
5833
5832
5829
5827
5826
5825
5824
5824
5821
5816
5816
5812
5811
5808
5801
5801
5796
5794
5792
5783
5781
5781
5779
5775
5772
5771
5767
5762
5760
5756
5754
5753
5752
5748
5747
5743
5742
5741
5740
5736
5734
5733
5731
5731
5731
5728
5727
5725
5724
5722
5721
5720
5719
5717
5717
5715
5715
5715
5713
5713
5712
5711
5710
5698
5698
5698
5697
5696
5695
5694
5694
5693
5689
5688
5687
5681
5677
5673
5668
5667
5667
5666
5664
5659
5657
5656
5655
5655
5649
5645
5644
5643
5642
5638
5636
5634
5634
5631
5630
5622
5622
5621
5616
5616
5614
5611
5609
5609
5604
5603
5602
5600
5597
5596
5596
5595
5594
5593
5588
5586
5586
5581
5580
5579
5579
5574
5572
5572
5571
5571
5570
5569
5569
5568
5566
5564
5560
5559
5558
5556
5556
5547
5546
5546
5543
5541
5534
5532
5531
5530
5528
5529
5526
5523
5518
5515
5514
5512
5512
5511
5509
5506
5505
5505
5504
5394
5504
5502
5501
5494
5493
5492
5490
5490
5485
5481
5481
5481
5481
5478
5471
5471
5469
5469
5467
5460
5460
5460
5458
5457
5457
5457
5456
5455
5451
5449
5447
5445
5444
5437
5436
5434
5430
5429
5426
5420
5420
5420
5419
5416
5416
5412
5409
5405
5404
5402
5394
5392
5390
5390
5389
5387
5385
5379
5378
5378
5377
5377
5376
5375
5365
5364
5361
5360
5358
5354
5353
5351
5348
5347
5341
5339
5331
5329
5328
5328
5327
5327
5327
5326
5326
5322
5320
5320
5319
5318
5311
5310
5309
5306
5306
5304
5303
5298
5294
5294
5292
5291
5291
5288
5288
5284
5283
5282
5282
5282
5280
5280
5280
5279
5278
5276
5273
5272
5270
5269
5269
5269
5267
5267
5265
5264
5262
5262
5258
5257
5257
5257
5250
5250
5249
5246
5243
5242
5240
5239
5239
5238
5238
5234
5233
5224
5223
5222
5221
5221
5220
5218
5217
5215
5214
5213
5213
5213
5213
5212
5210
5209
5207
5204
5204
5198
5197
5196
5196
5195
5194
5193
5192
5188
5184
5183
5183
5180
5171
5170
5171
5168
5168
5168
5167
5164
5164
5162
5154
5150
5149
5144
5142
5142
5135
5125
5124
5122
5122
5120
5119
5116
5114
5112
5111
5109
5109
5107
5106
5106
5102
5100
5097
5097
5095
5094
5093
5091
5089
5089
5082
5081
5077
5076
5075
5074
5074
5072
5072
5072
5070
5070
5069
5068
5067
5066
5066
5065
5061
5057
5057
5057
5056
5054
5052
5049
5048
5047
5045
5045
5044
5044
5042
5041
5037
5036
5036
5035
5032
5031
5028
5028
5022
5022
5021
5018
5016
5014
5013
5013
5012
5010
5010
5009
5008
5005
5004
5004
5003
5002
4999
4998
4994
4993
4992
4988
4987
4987
4986
4986
4986
4985
4985
4985
4984
4983
4977
4977
4976
4976
4976
4974
4971
4971
4970
4970
4969
4965
4962
4957
4956
4955
4955
4949
4948
4946
4946
4946
4946
4944
4941
4940
4937
4936
4934
4934
4934
4929
4928
4924
4924
4923
4922
4917
4917
4917
4911
4908
4908
4907
4907
4905
4905
4904
4902
4900
4900
4899
4901
4895
4893
4893
4892
4891
4887
4886
4886
4886
4885
4884
4884
4882
4876
4876
4872
4870
4869
4868
4865
4865
4856
4856
4855
4855
4850
4849
4849
4847
4846
4844
4843
4841
4841
4839
4835
4835
4834
4833
4829
4828
4828
4828
4827
4825
4825
4824
4821
4820
4818
4817
4817
4815
4815
4813
4810
4809
4807
4807
4806
4806
4805
4801
4801
4799
4799
4798
4798
4797
4796
4795
4795
4792
4792
4790
4790
4788
4788
4787
4785
4783
4781
4780
4779
4779
4777
4777
4776
4775
4775
4775
4773
4772
4767
4767
4766
4764
4764
4763
4760
4760
4758
4757
4756
4755
4753
4753
4750
4747
4744
4744
4744
4742
4742
4739
4736
4734
4734
4734
4733
4733
4731
4728
4726
4725
4725
4721
4719
4718
4717
4716
4716
4715
4715
4712
4712
4711
4711
4710
4709
4708
4705
4705
4704
4703
4703
4702
4701
4699
4697
4697
4695
4694
4692
4692
4690
4689
4689
4688
4686
4686
4686
4681
4681
4679
4679
4676
4675
4672
4671
4669
4667
4665
4664
4664
4663
4661
4660
4658
4658
4657
4656
4656
4656
4654
4654
4647
4646
4646
4643
4643
4640
4640
4639
4639
4638
4637
4637
4636
4636
4636
4634
4633
4632
4631
4630
4630
4628
4627
4626
4626
4622
4621
4619
4619
4616
4614
4612
4611
4609
4605
4603
4602
4598
4592
4591
4588
4588
4583
4576
4574
4573
4571
4570
4569
4566
4564
4563
4563
4563
4563
4561
4560
4560
4558
4558
4558
4556
4555
4552
4551
4549
4547
4546
4546
4545
4543
4541
4539
4539
4538
4537
4535
4535
4535
4532
4532
4530
4530
4529
4529
4528
4527
4526
4523
4522
4521
4518
4517
4516
4515
4512
4511
4509
4509
4509
4509
4508
4507
4506
4506
4505
4504
4501
4500
4499
4498
4498
4496
4495
4495
4495
4494
4494
4493
4492
4492
4491
4491
4489
4485
4484
4484
4482
4479
4477
4477
4474
4473
4473
4471
4468
4468
4465
4464
4464
4462
4461
4459
4458
4457
4457
4452
4451
4450
4450
4445
4444
4441
4440
4438
4436
4434
4433
4432
4431
4430
4428
4426
4426
4426
4425
4424
4422
4422
4421
4421
4421
4420
4418
4416
4415
4415
4414
4414
4414
4413
4410
4410
4408
4407
4407
4406
4404
4403
4401
4400
4400
4400
4399
4398
4396
4395
4391
4390
4387
4387
4386
4386
4385
4384
4384
4384
4382
4381
4381
4380
4379
4378
4377
4374
4373
4372
4372
4371
4370
4365
4364
4364
4363
4362
4359
4358
4357
4355
4354
4354
4354
4354
4353
4353
4351
4351
4347
4344
4344
4343
4342
4339
4337
4336
4335
4331
4330
4330
4329
4326
4325
4344
4323
4322
4319
4318
4317
4316
4313
4313
4312
4309
4307
4304
4304
4303
4300
4298
4298
4297
4296
4295
4294
4293
4292
4291
4290
4288
4286
4286
4285
4284
4284
4278
4278
4277
4276
4276
4275
4274
4273
4272
4271
4270
4269
4269
4269
4268
4266
4264
4259
4258
4258
4257
4256
4254
4254
4253
4210
4248
4248
4244
4243
4242
4242
4241
4239
4234
4233
4233
4229
4225
4224
4224
4224
4224
4223
4222
4219
4219
4218
4218
4215
4214
4213
4213
4211
4210
4205
4200
4197
4196
4196
4194
4194
4193
4192
4187
4186
4185
4184
4184
4184
4182
4182
4181
4179
4178
4177
4173
4170
4169
4169
4167
4165
4165
4161
4161
4160
4160
4159
4159
4159
4158
4155
4154
4151
4150
4150
4148
4148
4146
4146
4146
4144
4143
4141
4140
4140
4139
4139
4139
4137
4133
4128
4127
4124
4124
4120
4119
4119
4118
4118
4117
4114
4113
4110
4107
4106
4105
4105
4103
4102
4101
4096
4096
4090
4089
4089
4089
4088
4087
4086
4086
4086
4086
4084
4083
4083
4079
4078
4078
4073
4073
4073
4070
4066
4065
4065
4065
4064
4060
4060
4058
4064
4057
4057
4057
4057
4056
4056
4055
4054
4054
4053
4053
4053
4052
4051
4051
4049
4049
4049
4047
4047
4046
4045
4045
4044
4044
4042
4041
4039
4038
4037
4036
4036
4034
4034
4031
4031
4031
4030
4027
4026
4026
4026
4025
4024
4024
4022
4022
4022
4018
4016
4016
4015
4013
4012
4011
4006
4005
4005
4003
4003
4003
4002
4000
4000
4000
3999
3999
3998
3996
3995
3995
3992
3992
3991
3991
3990
3989
3988
3987
3986
3985
3985
3985
3984
3984
3983
3983
3982
3982
3981
3979
3978
3978
3978
4002
3976
3976
3975
3973
3969
3966
3856
3966
3965
3960
3960
3957
3957
3954
3952
3950
3948
3947
3946
3944
3943
3942
3941
3940
3940
3939
3938
3937
3937
3936
3935
3933
3933
3933
3933
3933
3931
3931
3931
3929
3929
3928
3928
3925
3923
3923
3922
3922
3919
3919
3919
3918
3918
3917
3916
3915
3915
3914
3913
3913
3913
3913
3909
3909
3909
3908
3908
3908
3907
3907
3906
3903
3903
3901
3900
3899
3899
3898
3896
3895
3894
3894
3890
3889
3889
3888
3887
3887
3887
3883
3883
3882
3882
3881
3881
3878
3878
3875
3875
3873
3873
3873
3870
3868
3867
3866
3866
3865
3865
3863
3862
3861
3860
3859
3859
3858
3857
3856
3855
3855
3854
3852
3851
3851
3851
3850
3849
3848
3843
3842
3840
3837
3836
3836
3835
3834
3832
3832
3831
3831
3830
3830
3829
3828
3827
3826
3826
3823
3823
3822
3822
3818
3818
3818
3817
3817
3815
3815
3815
3815
3813
3812
3812
3811
3811
3811
3810
3809
3807
3804
3803
3803
3802
3802
3802
3802
3801
3800
3799
3798
3797
3796
3795
3800
3793
3791
3790
3788
3788
3786
3783
3780
3778
3778
3778
3777
3775
3773
3772
3771
3771
3770
3769
3767
3767
3767
3764
3762
3759
3758
3758
3758
3758
3757
3757
3756
3756
3755
3755
3754
3751
3750
3750
3750
3750
3749
3749
3748
3746
3745
3745
3745
3743
3742
3742
3742
3739
3736
3735
3735
3733
3733
3732
3731
3731
3729
3729
3729
3728
3728
3728
3727
3727
3726
3725
3721
3720
3719
3718
3718
3717
3717
3715
3714
3713
3712
3712
3712
3711
3711
3709
3709
3708
3707
3707
3705
3705
3705
3704
3704
3703
3702
3702
3701
3701
3700
3699
3697
3695
3695
3693
3692
3692
3692
3691
3689
3689
3688
3687
3687
3686
3685
3685
3685
3683
3683
3682
3681
3680
3679
3677
3677
3677
3676
3676
3675
3675
3675
3674
3673
3673
3673
3673
3672
3671
3671
3670
3670
3670
3667
3664
3663
3663
3662
3661
3660
3659
3657
3656
3654
3653
3651
3651
3650
3648
3646
3645
3645
3645
3643
3643
3642
3642
3642
3642
3640
3640
3639
3637
3637
3637
3635
3634
3633
3633
3632
3632
3631
3629
3628
3628
3627
3626
3626
3624
3624
3623
3623
3622
3622
3620
3617
3617
3616
3616
3615
3615
3615
3615
3614
3610
3608
3607
3605
3604
3603
3603
3603
3602
3602
3602
3599
3599
3597
3595
3594
3594
3593
3592
3591
3590
3590
3589
3589
3589
3589
3588
3588
3588
3587
3585
3585
3585
3585
3584
3583
3581
3581
3580
3579
3579
3578
3577
3577
3577
3577
3576
3576
3576
3576
3576
3574
3574
3574
3572
3569
3569
3568
3568
3567
3567
3566
3566
3565
3563
3562
3561
3560
3560
3560
3559
3559
3558
3557
3556
3556
3556
3556
3555
3554
3554
3554
3553
3553
3553
3553
3552
3552
3551
3550
3550
3549
3549
3547
3546
3546
3546
3545
3545
3542
3542
3542
3542
3537
3534
3534
3533
3532
3531
3531
3531
3530
3528
3528
3528
3527
3527
3527
3526
3526
3525
3525
3524
3524
3523
3523
3523
3522
3522
3521
3520
3518
3517
3517
3516
3516
3515
3515
3514
3512
3512
3512
3511
3509
3509
3508
3507
3506
3505
3505
3503
3503
3498
3498
3497
3497
3497
3495
3494
3494
3494
3493
3492
3492
3492
3488
3488
3487
3487
3487
3486
3486
3486
3485
3484
3484
3484
3484
3484
3481
3481
3481
3481
3481
3478
3478
3477
3476
3476
3474
3473
3472
3471
3471
3471
3470
3468
3467
3467
3467
3466
3465
3460
3459
3458
3458
3457
3457
3456
3456
3455
3454
3452
3452
3452
3451
3451
3450
3450
3449
3449
3448
3448
3448
3445
3444
3444
3440
3440
3439
3439
3439
3439
3438
3438
3437
3437
3437
3436
3436
3435
3435
3434
3434
3434
3432
3432
3432
3431
3431
3431
3426
3425
3423
3423
3423
3422
3421
3420
3420
3419
3417
3417
3415
3415
3414
3414
3413
3413
3412
3412
3412
3412
3411
3411
3411
3410
3409
3408
3406
3405
3404
3404
3403
3402
3402
3401
3400
3398
3397
3397
3395
3393
3392
3391
3390
3389
3389
3387
3386
3385
3383
3383
3383
3382
3380
3380
3380
3379
3379
3378
3378
3377
3377
3376
3374
3374
3373
3373
3372
3370
3370
3370
3369
3369
3369
3368
3368
3368
3367
3367
3366
3366
3366
3365
3365
3365
3365
3364
3364
3364
3363
3362
3361
3361
3359
3358
3358
3357
3356
3355
3354
3353
3353
3353
3352
3352
3351
3350
3350
3350
3349
3347
3345
3344
3342
3342
3341
3341
3342
3340
3340
3339
3339
3339
3338
3337
3337
3335
3335
3333
3333
3333
3333
3332
3332
3331
3331
3330
3330
3329
3326
3326
3325
3324
3324
3323
3322
3322
3321
3318
3317
3316
3316
3315
3315
3314
3313
3312
3311
3310
3310
3310
3309
3309
3306
3306
3305
3305
3305
3304
3303
3303
3303
3303
3302
3301
3300
3300
3299
3299
3298
3298
3297
3296
3296
3294
3292
3291
3291
3289
3289
3289
3289
3288
3288
3288
3288
3288
3288
3286
3285
3285
3285
3284
3282
3282
3282
3282
3281
3280
3279
3279
3277
3277
3277
3275
3275
3272
3272
3271
3270
3270
3269
3269
3269
3268
3267
3267
3266
3266
3264
3263
3262
3261
3261
3259
3257
3256
3256
3255
3254
3253
3253
3253
3253
3253
3252
3252
3251
3250
3250
3250
3248
3248
3247
3247
3247
3245
3245
3245
3244
3243
3243
3242
3241
3240
3238
3238
3238
3237
3236
3236
3235
3235
3233
3233
3232
3232
3230
3230
3229
3229
3229
3228
3228
3227
3227
3226
3226
3225
3225
3225
3223
3222
3222
3221
3221
3220
3220
3220
3219
3217
3215
3214
3213
3213
3213
3212
3212
3211
3210
3209
3208
3208
3207
3207
3207
3206
3206
3205
3204
3204
3203
3203
3201
3200
3199
3199
3198
3198
3195
3195
3193
3192
3191
3189
3189
3188
3187
3187
3187
3187
3187
3186
3186
3185
3185
3184
3183
3181
3181
3181
3180
3180
3179
3179
3179
3178
3177
3175
3175
3174
3174
3174
3174
3172
3172
3172
3170
3170
3169
3168
3168
3168
3167
3166
3166
3165
3165
3164
3164
3163
3163
3163
3163
3163
3162
3162
3161
3161
3161
3161
3160
3160
3159
3159
3158
3158
3158
3158
3157
3156
3156
3156
3156
3155
3155
3153
3153
3153
3152
3151
3151
3151
3150
3150
3150
3149
3149
3148
3148
3148
3147
3147
3147
3145
3145
3144
3144
3143
3142
3142
3141
3141
3141
3140
3140
3140
3140
3139
3139
3139
3139
3138
3138
3137
3136
3136
3136
3136
3136
3134
3143
3132
3132
3131
3131
3131
3130
3130
3129
3128
3126
3126
3125
3125
3125
3125
3124
3124
3123
3120
3120
3120
3120
3119
3119
3118
3118
3116
3116
3115
3115
3114
3113
3113
3113
3112
3112
3112
3111
3110
3110
3110
3110
3110
3110
3109
3109
3109
3108
3107
3106
3106
3106
3105
3103
3103
3102
3101
3101
3099
3099
3099
3099
3098
3098
3098
3097
3097
3097
3097
3097
3096
3094
3094
3094
3094
3094
3093
3092
3092
3091
3091
3090
3090
3090
3090
3089
3088
3087
3087
3086
3086
3086
3085
3085
3084
3083
3083
3083
3082
3080
3080
3080
3080
3078
3078
3077
3077
3077
3075
3074
3074
3074
3073
3071
3070
3069
3067
3067
3066
3066
3066
3064
3064
3064
3063
3062
3061
3060
3060
3060
3060
3060
3060
3059
3059
3058
3057
3055
3055
3055
3054
3054
3052
3052
3052
3049
3048
3044
3044
3044
3044
3044
3044
3044
3043
3042
3041
3041
3040
3040
3040
3040
3039
3038
3038
3038
3037
3036
3036
3035
3034
3033
3033
3031
3030
3030
3029
3029
3028
3027
3027
3027
3025
3024
3023
3023
3022
3021
3021
3021
3020
3020
3018
3017
3016
3016
3015
3014
3014
3013
3012
3012
3011
3009
3009
3008
3007
3007
3005
3004
3004
3003
3003
3003
3003
3001
3000
3004
