375768
354464
330782
258456
253346
251807
241704
241035
229331
137044
136165
131115
130490
128824
122885
117719
117622
114007
112340
111121
106156
93828
92872
91761
89393
87136
86137
85652
84633
83927
83773
80956
79667
77897
77631
77095
75854
75373
75189
75099
73376
72512
71702
71632
71460
71350
70429
69953
68696
68621
68454
67867
67697
67211
66959
66602
66062
66059
65654
65077
65047
64508
63049
62572
62477
62356
62340
61901
61696
60942
60668
60536
59748
59743
59704
59253
58654
58170
57951
57903
57651
57413
56830
56137
55601
55099
54286
53782
53768
53754
53536
53500
53217
53115
53094
52731
52487
52363
52212
51983
51808
51517
51270
51222
50565
49984
49239
48447
48249
48083
47993
47749
47642
47641
47628
47544
47542
47522
47165
47113
46568
46398
46161
44797
44536
44522
44341
43798
43424
43347
42748
42666
42641
42627
42608
42479
42368
42086
42038
41479
41458
41317
40716
40520
40493
40427
40390
40005
39912
39847
39473
39388
39022
38749
38683
38362
38242
38232
38171
38168
38167
38148
38074
37912
37807
37789
37779
37653
37567
37265
37176
37164
37111
37104
37101
36872
36751
36659
36601
36497
36346
36230
36126
36109
36080
35805
35759
35603
35411
35119
35052
35006
34995
34943
34939
34891
34855
34733
34725
34697
34544
34514
34510
34451
34061
33779
33641
33373
33324
33288
33255
33214
33188
33186
32912
32807
32721
32525
32503
32450
32393
32388
32350
32336
32204
32166
31939
31939
31912
31859
31663
31639
31607
31581
31369
31329
31091
31050
30992
30943
30608
30556
30519
30497
30465
30411
30320
30319
30249
30248
30241
30159
30142
30089
30070
29970
29931
29917
29908
29882
29789
29752
29626
29454
29425
29246
29190
29001
28956
28930
28662
28629
28480
28328
28265
28253
28194
28158
28072
27909
27731
27711
27638
27435
27434
27380
27214
27128
27123
27068
26709
26524
26453
26446
26395
26297
26267
26218
26157
26147
26108
26084
26008
25999
25973
25931
25910
25868
25766
25746
25745
25468
25468
25395
25385
25288
25287
25265
25238
25126
25118
25045
24974
24962
24948
24932
24868
24769
24745
24637
24446
24398
24361
24355
24276
24273
24236
24235
24216
24193
24171
24170
24163
24140
24090
24072
24063
24045
23998
23977
23942
23902
23894
23845
23803
23801
23768
23730
23719
23618
23575
23491
23356
23333
23280
23260
23256
23121
23102
23058
23047
23038
23027
22877
22854
22823
22802
22799
22777
22745
22725
22671
22642
22631
22629
22614
22529
22508
22464
22451
22443
22436
22408
22394
22378
22375
22357
22345
22325
22285
22250
22183
22182
22091
22064
22037
22012
21953
21936
21881
21881
21839
21700
21678
21639
21487
21484
21480
21458
21393
21384
21347
21293
21250
21251
21201
21159
21096
21082
21002
20998
20984
20982
20962
20959
20958
20919
20900
20853
20804
20791
20732
20716
20682
20676
20674
20640
20579
20533
20527
20471
20463
20444
20248
20234
20226
20142
20119
20113
20111
20062
20041
19994
19974
19967
19936
19873
19845
19806
19801
19799
19797
19781
19763
19743
19707
19688
19638
19608
19596
19575
19575
19571
19498
19402
19363
19360
19359
19325
19225
19219
19098
19059
19001
18980
18964
18906
18852
18838
18676
18612
18575
18547
18509
18423
18297
18276
18245
18238
18238
18238
18187
18151
18142
18131
18055
18028
18011
17990
17989
17908
17900
17854
17848
17843
17785
17779
17767
17759
17693
17648
17572
17570
17563
17508
17442
17433
17401
17333
17269
17260
17248
17241
17226
17210
17124
17122
17116
17104
17073
17073
17072
17032
17020
17009
16961
16959
16958
16947
16932
16899
16850
16840
16826
16737
16733
16725
16682
16676
16650
16613
16546
16496
16470
16453
16402
16401
16387
16382
16366
16353
16333
16305
16282
16275
16262
16260
16244
16240
16216
16138
16137
16129
16060
16050
16046
16051
15977
15958
15948
15946
15929
15912
15902
15900
15899
15855
15852
15845
15835
15773
15755
15710
15708
15660
15651
15590
15541
15529
15529
15515
15514
15467
15449
15448
15422
15420
15417
15383
15298
15295
15272
15252
15232
15217
15199
15188
15182
15112
15103
15100
15046
14948
14923
14905
14896
14871
14857
14844
14819
14780
14751
14698
14688
14688
14676
14674
14668
14630
14620
14603
14597
14595
14583
14564
14543
14509
14502
14457
14456
14453
14440
14405
14398
14350
14328
14300
14300
14290
14285
14284
14232
14230
14207
14191
14183
14176
14167
14157
14148
14141
14141
14126
14112
14052
14035
13976
13976
13975
13967
13958
13955
13954
13951
13896
13865
13862
13838
13819
13779
13761
13759
13752
13749
13716
13681
13665
13659
13657
13619
13612
13611
13602
13572
13572
13569
13566
13535
13530
13496
13469
13467
13465
13458
13455
13394
13393
13375
13370
13348
13335
13335
13333
13296
13293
13290
13273
13263
13241
13230
13225
13214
13193
13190
13190
13188
13181
13176
13149
13127
13119
13106
13100
13094
13087
13085
13073
13048
13041
13031
13018
13015
12983
12969
12958
12925
12920
12916
12896
12894
12886
12884
12883
12882
12854
12840
12826
12792
12788
12765
12761
12751
12744
12708
12702
12697
12688
12656
12655
12655
12653
12632
12604
12595
12595
12579
12565
12522
12512
12508
12480
12457
12447
12446
12435
12402
12395
12366
12357
12356
12355
12345
12332
12316
12296
12272
12246
12244
12209
12208
12167
12146
12145
12137
12131
12131
12127
12097
12088
12081
12070
12067
12062
12061
12061
12034
12000
11990
11976
11970
11950
11949
11942
11937
11936
11919
11919
11917
11906
11906
11897
11896
11892
11891
11864
11853
11834
11783
11755
11719
11703
11680
11664
11653
11651
11642
11615
11588
11583
11583
11551
11547
11533
11500
11499
11493
11491
11481
11468
11455
11446
11438
11432
11428
11419
11409
11405
11384
11365
11361
11357
11344
11328
11313
11289
11281
11279
11276
11259
11255
11250
11244
11243
11241
11238
11223
11194
11191
11179
11147
11138
11093
11093
11091
11035
11025
11019
11017
11010
10997
10992
10983
10958
10946
10943
10941
10934
10928
10891
10883
10880
10864
10858
10857
10840
10838
10835
10783
10744
10735
10716
10699
10699
10698
10691
10669
10662
10658
10639
10624
10623
10622
10617
10615
10610
10570
10551
10548
10545
10541
10525
10512
10502
10471
10461
10453
10449
10442
10440
10438
10426
10415
10411
10406
10406
10402
10396
10390
10385
10382
10360
10355
10353
10353
10306
10301
10300
10295
10293
10276
10272
10270
10268
10267
10262
10258
10227
10192
10182
10176
10152
10128
10121
10121
10098
10096
10084
10083
10083
10077
10069
10075
10056
10050
10049
10027
10016
10013
10009
9991
9991
9988
9987
9980
9980
9979
9964
9960
9955
9954
9938
9926
9913
9911
9891
9890
9883
9876
9866
9864
9864
9861
9860
9858
9858
9857
9832
9818
9815
9814
9801
9800
9796
9770
9759
9757
9753
9746
9740
9726
9721
9704
9703
9699
9685
9683
9673
9672
9669
9664
9640
9631
9625
9618
9615
9597
9588
9584
9581
9578
9569
9566
9549
9530
9530
9503
9502
9497
9496
9493
9491
9474
9462
9446
9443
9442
9430
9428
9426
9419
9419
9417
9416
9412
9407
9400
9399
9389
9384
9384
9381
9374
9353
9351
9348
9319
9310
9310
9304
9304
9287
9285
9279
9273
9265
9260
9249
9248
9247
9242
9230
9229
9224
9221
9219
9215
9186
9179
9176
9174
9172
9161
9154
9152
9150
9139
9138
9121
9104
9093
9092
9090
9087
9087
9076
9075
9063
9053
9050
9026
9025
9010
9009
8994
8990
8979
8965
8947
8944
8943
8932
8938
8926
8911
8910
8905
8900
8893
8877
8874
8865
8858
8851
8847
8845
8839
8818
8809
8798
8794
8790
8777
8766
8762
8757
8756
8728
8727
8726
8720
8715
8700
8699
8695
8668
8664
8662
8658
8646
8645
8639
8636
8636
8624
8622
8619
8618
8617
8607
8599
8599
8597
8594
8589
8570
8567
8562
8553
8545
8538
8529
8526
8523
8522
8520
8507
8507
8503
8496
8484
8472
8466
8465
8464
8464
8460
8449
8446
8444
8444
8435
8434
8431
8414
8412
8411
8408
8395
8393
8389
8377
8375
8372
8367
8357
8357
8346
8343
8339
8333
8331
8320
8317
8313
8313
8305
8304
8302
8297
8278
8268
8265
8262
8255
8251
8250
8244
8240
8238
8231
8229
8225
8209
8207
8202
8198
8197
8190
8186
8185
8183
8182
8181
8177
8174
8166
8156
8155
8146
8146
8146
8143
8141
8126
8121
8119
8108
8104
8099
8098
8094
8087
8078
8073
8068
8063
8062
8061
8051
8049
8025
8021
8014
8011
8010
7999
7994
7993
7992
7985
7982
7980
7975
7967
7965
7959
7959
7955
7951
7946
7946
7943
7943
7940
7934
7934
7934
7933
7929
7919
7914
7898
7896
7889
7887
7867
7862
7852
7845
7837
7836
7835
7833
7822
7816
7808
7799
7792
7789
7781
7780
7775
7771
7759
7756
7750
7741
7740
7731
7725
7721
7705
7694
7690
7687
7685
7684
7682
7677
7668
7666
7665
7654
7652
7650
7643
7628
7626
7612
7610
7609
7605
7595
7593
7591
7582
7581
7574
7574
7571
7570
7565
7563
7554
7552
7542
7541
7536
7533
7531
7527
7524
7523
7521
7519
7518
7514
7505
7503
7496
7495
7492
7490
7486
7479
7478
7475
7471
7468
7463
7459
7457
7451
7450
7448
7445
7443
7440
7440
7439
7435
7434
7430
7428
7427
7427
7420
7417
7415
7412
7409
7404
7404
7400
7396
7376
7373
7366
7365
7360
7358
7358
7344
7344
7344
7339
7338
7325
7337
7313
7313
7312
7308
7305
7298
7295
7294
7289
7287
7286
7278
7276
7275
7275
7274
7265
7264
7263
7261
7258
7257
7249
7246
7245
7242
7241
7237
7237
7229
7223
7214
7211
7209
7203
7200
7199
7195
7187
7182
7181
7179
7179
7178
7174
7165
7159
7154
7143
7136
7127
7121
7120
7119
7116
7114
7108
7099
7098
7088
7086
7083
7077
7070
7069
7063
7061
7061
7058
7057
7053
7052
7051
7049
7048
7045
7044
7023
7022
7015
7015
7013
7009
7005
7000
6998
6995
6992
6992
6991
6990
6990
6981
6976
6975
6961
6959
6956
6954
6950
6948
6934
6932
6931
6928
6923
6922
6918
6916
6916
6915
6901
6892
6888
6884
6884
6882
6880
6874
6872
6871
6871
6864
6851
6850
6848
6847
6846
6841
6841
6841
6838
6838
6834
6834
6828
6827
6822
6815
6810
6810
6809
6807
6805
6800
6796
6794
6792
6792
6791
6786
6783
6781
6780
6771
6761
6758
6755
6748
6744
6744
6740
6739
6738
6736
6736
6735
6732
6731
6720
6720
6718
6708
6708
6701
6698
6693
6681
6680
6676
6674
6670
6667
6665
6664
6662
6661
6660
6658
6655
6652
6644
6638
6619
6618
6614
6613
6613
6612
6612
6612
6609
6603
6603
6603
6603
6601
6601
6597
6586
6585
6584
6584
6581
6581
6573
6570
6564
6563
6560
6558
6553
6552
6546
6544
6544
6539
6537
6533
6533
6531
6527
6526
6525
6524
6523
6521
6512
6509
6509
6508
6505
6501
6495
6492
6491
6489
6489
6475
6474
6474
6473
6468
6463
6461
6458
6457
6450
6545
6445
6437
6435
6435
6433
6432
6424
6423
6412
6411
6407
6405
6404
6399
6398
6396
6395
6394
6372
6372
6360
6359
6355
6350
6348
6348
6345
6342
6341
6334
6325
6325
6320
6320
6311
6308
6306
6296
6296
6289
6288
6282
6274
6271
6270
6268
6265
6258
6254
6254
6252
6249
6249
6242
6240
6238
6233
6233
6230
6228
6223
6221
6221
6214
6213
6212
6205
6193
6193
6189
6187
6181
6181
6178
6170
6165
6164
6161
6152
6152
6149
6149
6145
6138
6134
6134
6132
6127
6115
6113
6105
6104
6103
6089
6088
6086
6083
6082
6077
6075
6075
6073
6071
6070
6070
6065
6060
6058
6058
6057
6054
6053
6048
6042
6040
6039
6034
6029
6029
6027
6026
6024
6023
6023
6022
6021
6021
6019
6015
6010
6010
6009
6003
5998
5996
5996
5995
5995
5992
5989
5986
5985
5972
5970
5964
5962
5958
5957
5957
5954
5952
5932
5930
5927
5925
5917
5915
5914
5910
5903
5897
5895
5892
5890
5883
5881
5876
5875
5872
5869
5845
5844
5844
5840
5833
5831
5831
5831
5828
5822
5817
5816
5815
5814
5803
5802
5802
5801
5799
5797
5796
5792
5790
5790
5788
5788
5787
5786
5775
5773
5771
5768
5768
5765
5755
5751
5747
5744
5742
5739
5738
5736
5735
5735
5733
5733
5731
5730
5727
5726
5719
5711
5702
5702
5700
5697
5695
5695
5692
5691
5695
5690
5688
5688
5688
5684
5683
5683
5681
5680
5676
5671
5667
5665
5664
5664
5664
5655
5654
5652
5650
5649
5648
5648
5647
5645
5644
5644
5639
5637
5632
5631
5631
5630
5629
5625
5622
5617
5615
5609
5607
5606
5605
5604
5602
5591
5591
5586
5585
5585
5583
5577
5577
5573
5572
5569
5568
5567
5565
5564
5562
5561
5559
5555
5554
5553
5550
5546
5544
5542
5539
5539
5538
5536
5535
5534
5531
5530
5527
5526
5526
5526
5526
5524
5523
5522
5518
5516
5514
5511
5506
5505
5504
5504
5503
5502
5496
5496
5496
5494
5494
5492
5492
5491
5486
5477
5473
5473
5469
5469
5467
5466
5466
5464
5453
5453
5451
5445
5445
5441
5440
5438
5435
5433
5432
5431
5429
5429
5428
5425
5424
5423
5421
5417
5417
5413
5413
5413
5410
5401
5400
5395
5392
5390
5388
5386
5384
5379
5377
5375
5374
5374
5371
5371
5368
5367
5367
5367
5365
5365
5365
5362
5362
5361
5361
5360
5354
5357
5352
5352
5351
5349
5343
5343
5342
5342
5341
5341
5338
5337
5334
5333
5328
5327
5324
5324
5321
5319
5314
5313
5312
5306
5303
5303
5302
5299
5299
5298
5297
5295
5294
5293
5290
5290
5289
5289
5287
5284
5284
5280
5289
5277
5276
5274
5271
5270
5269
5268
5268
5265
5265
5265
5264
5259
5258
5258
5256
5253
5252
5249
5247
5244
5234
5232
5229
5226
5224
5223
5223
5220
5220
5219
5217
5217
5216
5215
5213
5213
5208
5205
5205
5205
5201
5201
5199
5197
5197
5194
5193
5193
5189
5185
5183
5183
5180
5180
5175
5170
5167
5167
5162
5159
5158
5158
5151
5150
5149
5146
5146
5145
5145
5142
5142
5140
5139
5137
5134
5131
5131
5131
5128
5125
5123
5121
5117
5109
5108
5107
5107
5105
5103
5103
5092
5089
5089
5088
5088
5087
5086
5075
5074
5070
5068
5066
5066
5065
5065
5060
5059
5059
5057
5054
5054
5052
5050
5048
5046
5045
5044
5043
5040
5039
5034
5034
5034
5033
5033
5033
5031
5027
5026
5024
5022
5021
5014
5011
5010
5009
5007
5006
5006
5005
5002
5002
5001
4996
4996
4996
4991
4991
4990
4989
4986
4985
4985
4982
4980
4979
4975
4975
4963
4961
4960
4960
4957
4957
4953
4951
4950
4948
4947
4944
4942
4942
4939
4938
4938
4936
4936
4934
4932
4931
4931
4930
4928
4927
4926
4925
4924
4924
4923
4919
4917
4916
4915
4913
4912
4910
4910
4903
4903
4901
4897
4896
4894
4892
4890
4887
4887
4887
4886
4878
4877
4876
4875
4875
4875
4874
4871
4871
4870
4864
4861
4859
4858
4857
4856
4854
4853
4853
4851
4847
4845
4844
4843
4838
4835
4835
4832
4829
4829
4828
4828
4827
4825
4821
4813
4812
4812
4810
4810
4809
4808
4808
4807
4806
4805
4803
4802
4797
4797
4796
4794
4790
4788
4781
4780
4779
4778
4778
4777
4775
4774
4774
4774
4773
4766
4765
4765
4762
4760
4760
4760
4762
4757
4756
4756
4755
4755
4746
4746
4743
4742
4742
4741
4741
4741
4736
4733
4733
4731
4725
4720
4718
4718
4715
4714
4714
4714
4713
4711
4711
4710
4708
4706
4703
4702
4700
4700
4696
4694
4693
4691
4690
4688
4684
4682
4677
4676
4675
4675
4673
4672
4671
4671
4669
4667
4666
4665
4664
4664
4661
4660
4659
4656
4656
4655
4654
4651
4650
4649
4648
4648
4647
4645
4644
4644
4642
4641
4640
4637
4636
4634
4630
4628
4626
4625
4624
4624
4622
4621
4621
4618
4617
4616
4616
4615
4614
4613
4610
4610
4609
4609
4608
4607
4604
4601
4601
4600
4599
4597
4597
4597
4597
4596
4594
4589
4588
4588
4587
4585
4584
4583
4581
4581
4581
4579
4578
4576
4576
4574
4570
4570
4568
4568
4565
4564
4564
4561
4560
4560
4556
4553
4552
4549
4549
4547
4542
4541
4539
4539
4537
4533
4532
4532
4529
4529
4525
4524
4523
4523
4523
4523
4522
4521
4518
4515
4514
4514
4514
4514
4508
4506
4505
4505
4501
4501
4500
4497
4494
4491
4491
4490
4486
4486
4485
4483
4483
4482
4481
4481
4481
4480
4479
4479
4479
4478
4473
4473
4469
4468
4468
4468
4467
4465
4463
4463
4462
4462
4461
4461
4460
4460
4458
4456
4456
4455
4451
4450
4450
4448
4445
4444
4444
4443
4441
4441
4440
4439
4437
4437
4437
4436
4435
4434
4434
4433
4430
4428
4424
4423
4421
4420
4420
4418
4416
4416
4415
4413
4413
4410
4410
4406
4406
4405
4404
4401
4399
4396
4396
4395
4394
4394
4393
4393
4393
4392
4391
4390
4390
4390
4389
4386
4385
4385
4384
4382
4381
4379
4378
4378
4376
4371
4371
4370
4369
4369
4369
4368
4368
4367
4367
4367
4365
4365
4363
4363
4358
4356
4355
4355
4355
4353
4351
4350
4350
4345
4345
4344
4343
4343
4342
4342
4341
4338
4338
4337
4336
4336
4334
4334
4333
4333
4332
4329
4328
4328
4327
4321
4321
4321
4317
4315
4314
4312
4311
4311
4311
4309
4309
4308
4308
4307
4304
4304
4304
4303
4303
4302
4297
4295
4295
4294
4294
4294
4292
4291
4289
4289
4288
4288
4287
4287
4287
4286
4280
4280
4279
4276
4276
4275
4275
4274
4273
4273
4272
4271
4269
4269
4268
4264
4264
4262
4261
4261
4260
4260
4254
4251
4250
4249
4248
4247
4246
4246
4243
4243
4242
4242
4241
4240
4240
4239
4238
4237
4237
4237
4236
4236
4235
4230
4229
4229
4226
4226
4222
4220
4219
4218
4217
4216
4216
4215
4212
4212
4210
4210
4208
4208
4208
4204
4202
4201
4200
4199
4197
4197
4194
4193
4192
4192
4191
4190
4189
4187
4187
4183
4183
4180
4178
4177
4177
4176
4175
4175
4174
4171
4171
4170
4169
4168
4165
4165
4164
4164
4164
4163
4163
4162
4162
4160
4158
4158
4156
4156
4156
4155
4155
4154
4154
4152
4152
4151
4147
4145
4145
4144
4143
4138
4137
4136
4136
4135
4134
4132
4130
4128
4126
4125
4124
4123
4122
4120
4119
4118
4117
4114
4113
4112
4110
4110
4108
4108
4106
4104
4104
4103
4102
4101
4101
4097
4096
4096
4094
4091
4087
4084
4081
4080
4079
4077
4076
4071
4071
4068
4066
4065
4064
4064
4064
4063
4063
4061
4061
4059
4059
4059
4058
4058
4056
4056
4055
4055
4053
4052
4052
4052
4051
4050
4050
4049
4049
4048
4048
4047
4047
4046
4045
4045
4041
4041
4041
4040
4037
4036
4036
4034
4034
4033
4031
4031
4029
4027
4027
4026
4025
4025
4024
4024
4024
4023
4022
4018
4018
4017
4016
4014
4012
4012
4011
4011
4006
4003
4003
4002
4001
4000
4000
3999
3998
3998
3995
3995
3993
3992
3992
3992
3992
3992
3990
3989
3989
3988
3988
3987
3987
3987
3986
3985
3984
3984
3983
3980
3979
3978
3975
3975
3975
3974
3974
3972
3972
3970
3968
3968
3856
3965
3965
3964
3962
3962
3962
3961
3960
3958
3957
3955
3953
3952
3951
3950
3949
3948
3945
3945
3944
3944
3944
3943
3942
3941
3941
3941
3939
3936
3933
3933
3933
3932
3931
3930
3930
3929
3929
3928
3928
3925
3924
3921
3920
3913
3912
3910
3909
3907
3906
3906
3905
3905
3905
3905
3905
3903
3903
3902
3899
3898
3898
3897
3896
3895
3893
3892
3891
3891
3889
3888
3888
3884
3884
3883
3881
3880
3878
3876
3874
3872
3871
3870
3870
3870
3873
3869
3868
3867
3866
3865
3865
3865
3862
3860
3860
3859
3854
3853
3851
3850
3850
3850
3849
3848
3848
3847
3847
3846
3846
3845
3842
3840
3840
3836
3836
3833
3833
3832
3831
3827
3826
3825
3820
3818
3817
3816
3813
3812
3810
3810
3809
3807
3806
3806
3806
3806
3805
3805
3803
3803
3801
3799
3798
3797
3796
3796
3795
3792
3791
3789
3788
3788
3782
3781
3781
3779
3777
3777
3775
3774
3773
3772
3772
3771
3771
3770
3770
3768
3768
3767
3767
3767
3766
3766
3765
3763
3762
3760
3760
3760
3760
3759
3759
3759
3757
3757
3756
3755
3754
3754
3753
3753
3752
3752
3751
3751
3749
3748
3748
3748
3748
3747
3746
3745
3744
3744
3744
3743
3741
3741
3741
3740
3739
3739
3739
3739
3735
3734
3734
3734
3732
3732
3731
3731
3729
3727
3727
3726
3725
3725
3722
3722
3722
3718
3717
3717
3716
3716
3715
3714
3709
3709
3709
3709
3708
3707
3706
3705
3705
3704
3701
3701
3700
3700
3699
3698
3697
3693
3693
3692
3691
3691
3688
3687
3687
3686
3686
3685
3684
3684
3683
3683
3683
3683
3680
3678
3678
3676
3675
3674
3673
3673
3673
3672
3672
3672
3672
3671
3669
3669
3669
3669
3668
3667
3666
3666
3666
3665
3664
3664
3663
3663
3663
3662
3662
3661
3661
3660
3660
3660
3659
3658
3657
3655
3655
3654
3652
3652
3651
3650
3649
3649
3647
3646
3645
3644
3643
3642
3641
3641
3640
3640
3639
3639
3639
3639
3639
3639
3638
3637
3637
3637
3637
3637
3635
3633
3632
3631
3629
3629
3628
3627
3625
3624
3624
3623
3622
3622
3621
3620
3619
3619
3619
3615
3615
3614
3614
3613
3613
3612
3612
3610
3610
3610
3608
3607
3607
3607
3606
3606
3605
3604
3604
3602
3601
3600
3600
3600
3598
3597
3596
3595
3595
3595
3595
3593
3592
3592
3592
3592
3592
3591
3591
3590
3590
3589
3588
3587
3587
3586
3586
3585
3583
3582
3582
3581
3581
3580
3579
3577
3577
3576
3576
3575
3575
3573
3572
3570
3570
3569
3569
3568
3568
3568
3567
3567
3566
3565
3565
3564
3563
3560
3559
3559
3559
3559
3557
3557
3557
3557
3556
3554
3553
3552
3552
3551
3551
3550
3550
3549
3549
3548
3548
3547
3543
3543
3543
3541
3541
3540
3539
3539
3539
3537
3535
3535
3533
3533
3532
3532
3531
3529
3528
3522
3522
3521
3520
3519
3519
3518
3518
3518
3517
3517
3516
3516
3515
3515
3514
3513
3513
3513
3509
3508
3507
3506
3505
3505
3505
3505
3504
3503
3502
3501
3500
3499
3498
3497
3495
3495
3494
3494
3492
3491
3490
3489
3489
3489
3487
3487
3487
3487
3483
3483
3481
3480
3480
3478
3478
3477
3476
3475
3475
3475
3473
3473
3473
3471
3469
3469
3469
3468
3467
3466
3465
3464
3463
3462
3462
3461
3460
3460
3459
3458
3457
3456
3454
3454
3453
3453
3452
3451
3450
3450
3450
3450
3450
3449
3447
3447
3447
3445
3445
3445
3443
3442
3442
3441
3440
3439
3437
3437
3436
3435
3434
3433
3433
3432
3431
3431
3431
3430
3430
3429
3429
3428
3426
3426
3426
3426
3425
3422
3422
3422
3421
3420
3419
3419
3419
3419
3419
3418
3418
3417
3416
3416
3414
3413
3413
3413
3413
3413
3413
3412
3412
3412
3412
3412
3410
3409
3408
3407
3407
3406
3404
3403
3402
3401
3401
3399
3399
3399
3398
3398
3397
3396
3396
3395
3394
3394
3393
3393
3391
3391
3391
3391
3389
3388
3387
3387
3386
3385
3385
3377
3377
3376
3375
3375
3374
3372
3370
3369
3368
3368
3365
3364
3364
3363
3362
3361
3361
3361
3360
3360
3359
3359
3358
3358
3357
3356
3355
3354
3354
3353
3352
3351
3351
3350
3350
3350
3349
3349
3348
3347
3347
3346
3345
3345
3345
3343
3342
3342
3342
3342
3340
3340
3338
3338
3338
3338
3338
3337
3337
3337
3337
3336
3334
3332
3332
3331
3331
3330
3329
3328
3328
3328
3328
3327
3326
3326
3324
3323
3322
3322
3320
3318
3317
3317
3316
3316
3316
3316
3316
3316
3315
3315
3315
3315
3313
3313
3313
3310
3309
3309
3308
3307
3306
3305
3305
3304
3304
3304
3304
3303
3303
3301
3299
3298
3298
3298
3297
3295
3295
3294
3293
3293
3293
3290
3290
3288
3287
3287
3287
3286
3285
3285
3284
3281
3280
3280
3279
3277
3277
3277
3275
3274
3274
3274
3274
3273
3273
3273
3272
3270
3270
3269
3269
3269
3269
3268
3268
3267
3266
3265
3264
3264
3263
3262
3262
3262
3261
3260
3260
3259
3258
3257
3256
3255
3255
3254
3253
3252
3252
3252
3252
3252
3252
3252
3250
3249
3249
3249
3248
3247
3247
3247
3247
3247
3246
3246
3246
3246
3245
3245
3244
3244
3243
3243
3243
3242
3242
3242
3242
3241
3241
3241
3241
3240
3240
3240
3240
3239
3237
3237
3236
3235
3234
3234
3233
3232
3232
3231
3231
3231
3230
3230
3230
3229
3229
3229
3228
3227
3226
3226
3225
3224
3223
3223
3223
3223
3222
3222
3222
3222
3221
3221
3220
3220
3220
3219
3218
3217
3215
3214
3213
3213
3212
3212
3212
3211
3211
3210
3210
3210
3210
3209
3208
3208
3207
3207
3205
3201
3201
3200
3199
3199
3198
3198
3197
3196
3195
3194
3194
3194
3193
3191
3191
3191
3190
3190
3190
3190
3189
3189
3189
3187
3186
3186
3185
3184
3183
3181
3181
3181
3180
3180
3179
3179
3179
3179
3179
3179
3178
3178
3177
3174
3174
3174
3173
3173
3173
3173
3172
3172
3171
3170
3170
3169
3168
3168
3168
3168
3168
3168
3166
3164
3164
3164
3163
3163
3162
3161
3161
3159
3159
3159
3158
3158
3157
3157
3155
3154
3154
3154
3154
3153
3153
3152
3152
3151
3151
3150
3148
3147
3147
3146
3145
3144
3144
3144
3144
3143
3143
3142
3142
3142
3142
3142
3142
3141
3140
3139
3139
3138
3137
3136
3136
3136
3134
3134
3134
3133
3133
3132
3132
3132
3131
3130
3129
3129
3129
3129
3127
3126
3126
3126
3125
3125
3124
3124
3124
3123
3122
3121
3120
3119
3118
3117
3117
3117
3117
3117
3117
3116
3116
3115
3114
3113
3112
3112
3109
3109
3108
3108
3108
3106
3106
3105
3103
3102
3102
3102
3102
3102
3101
3101
3101
3101
3100
3100
3100
3100
3100
3098
3098
3098
3098
3098
3097
3097
3096
3096
3095
3095
3095
3094
3094
3094
3092
3092
3092
3091
3091
3090
3089
3088
3088
3088
3088
3087
3087
3087
3087
3086
3086
3085
3084
3084
3084
3084
3084
3083
3083
3082
3081
3079
3079
3078
3078
3078
3077
3077
3077
3077
3076
3076
3075
3075
3074
3074
3074
3073
3072
3072
3072
3072
3072
3071
3071
3071
3071
3070
3069
3069
3069
3069
3069
3069
3068
3068
3067
3067
3067
3067
3066
3066
3065
3065
3065
3065
3065
3064
3062
3062
3061
3061
3061
3060
3060
3060
3058
3057
3057
3057
3056
3055
3055
3055
3055
3054
3054
3054
3052
3052
3051
3050
3049
3046
3046
3046
3046
3046
3044
3044
3044
3044
3044
3044
3043
3043
3043
3043
3043
3042
3040
3039
3039
3038
3038
3037
3036
3036
3035
3034
3033
3033
3033
3032
3032
3032
3031
3031
3030
3029
3028
3028
3028
3027
3027
3027
3027
3027
3027
3026
3025
3025
3023
3022
3022
3022
3022
3022
3022
3021
3020
3019
3019
3018
3018
3017
3015
3014
3014
3014
3014
3013
3013
3012
3012
3012
3011
3011
3011
3010
3010
3009
3008
3007
3007
3006
3006
3006
3005
3005
3004
3004
3003
3003
3003
3002
3001
3000
3000
3000
3000
