229131
184554
134605
122224
116906
114422
110316
106434
106352
105344
101406
95933
89633
84729
82346
75478
73791
73702
73097
71798
71045
68378
68112
63608
63094
62639
61761
61151
60449
58915
57217
56906
56619
56548
56463
55728
55576
54684
54674
54607
54402
54214
53889
51584
50007
49820
49721
49532
48107
45837
45524
45314
44453
43984
43424
42873
42733
42699
42690
42487
42383
42262
41924
41770
41530
40989
40529
40394
40305
39033
38793
38188
37769
37751
37644
37517
37113
36929
36842
36356
36100
35860
35807
35625
35615
35581
35367
35192
35023
34928
34838
34454
33672
33638
33525
33541
33238
32891
32792
32583
32307
32195
32179
32165
32080
31782
31678
31312
31305
31130
31118
31096
30932
30804
30775
30652
30440
30304
30302
29739
29734
29650
29408
29266
29255
28701
28684
28664
28493
28399
28195
28060
27999
27614
27556
27297
27262
27182
27138
26837
26676
26566
26145
26137
25826
25701
25674
25601
25466
25336
25281
25086
25064
24966
24953
24935
24844
24841
24745
24709
24359
24358
24348
24275
24272
24066
24064
24022
23892
23761
23674
23625
23563
23495
23337
23233
23151
23109
23047
23046
23045
23000
22925
22883
22830
22794
22764
22558
22551
22543
22529
22510
22503
22439
22425
22335
22334
22290
22098
22032
21742
21574
21571
21556
21519
21422
21402
21311
21146
21104
21085
21045
20968
20876
20824
20579
20537
20324
20265
20252
20227
20167
20096
20085
20066
20056
20019
20008
19996
19952
19918
19864
19822
19795
19744
19724
19680
19660
19597
19492
19488
19452
19448
19432
19397
19295
19275
19183
19138
19135
19106
19093
19050
18984
18962
18951
18817
18799
18717
18672
18654
18652
18637
18571
18565
18523
18519
18483
18403
18380
18380
18376
18340
18278
18246
18186
18137
18123
18062
18011
18009
18002
17935
17906
17888
17863
17839
17774
17730
17656
17627
17486
17442
17437
17430
17427
17329
17294
17257
17232
17226
17209
17184
17184
17173
17149
17120
17108
17108
17063
17011
17004
17003
16978
16970
16882
16879
16832
16826
16758
16721
16712
16676
16676
16660
16651
16617
16607
16603
16531
16515
16491
16490
16482
16476
16393
16372
16348
16326
16316
16299
16285
16252
16214
16206
16194
16183
16179
16176
16124
16012
16009
15999
15985
15979
15972
15969
15932
15912
15874
15841
15830
15816
15800
15778
15772
15698
15665
15666
15657
15614
15609
15622
15607
15579
15574
15557
15527
15525
15512
15448
15427
15389
15378
15359
15350
15341
15332
15317
15314
15301
15301
15273
15247
15226
15224
15224
15157
15118
15112
15100
15100
15083
15081
15076
15073
15059
15023
15012
15010
15009
14983
14981
14977
14966
14955
14947
14929
14884
14870
14860
14836
14833
14811
14780
14764
14708
14680
14658
14614
14600
14585
14577
14557
14526
14509
14507
14477
14446
14443
14392
14385
14381
14358
14356
14355
14342
14323
14309
14293
14286
14260
14252
14250
14240
14237
14202
14200
14158
14175
14166
14150
14136
14108
14105
14070
14034
14034
14022
14008
13985
13962
13953
13928
13925
13888
13878
13870
13848
13812
13790
13776
13749
13748
13693
13679
13664
13643
13603
13596
13586
13557
13535
13529
13523
13448
13430
13431
13411
13387
13376
13371
13344
13329
13323
13281
13260
13221
13204
13183
13146
13122
13106
13096
13079
13071
13034
13027
13026
13012
13008
12988
12985
12983
12982
12951
12948
12943
12911
12894
12887
12853
12832
12829
12812
12805
12800
12780
12772
12764
12739
12738
12730
12719
12714
12705
12698
12697
12692
12669
12659
12656
12629
12629
12597
12589
12582
12547
12544
12542
12535
12528
12504
12503
12498
12498
12491
12489
12476
12446
12412
12412
12403
12383
12378
12362
12358
12354
12348
12347
12346
12339
12325
12315
12279
12277
12273
12252
12233
12232
12217
12182
12201
12172
12172
12150
12150
12122
12109
12102
12092
12081
12080
12064
12061
12056
12053
12038
12003
11999
11997
11992
11966
11960
11957
11955
11948
11938
11938
11889
11889
11876
11867
11864
11857
11842
11825
11824
11795
11790
11765
11731
11712
11708
11708
11691
11684
11682
11681
11681
11674
11670
11663
11657
11656
11593
11588
11567
11565
11556
11534
11531
11498
11496
11492
11487
11484
11476
11467
11465
11459
11458
11450
11429
11414
11408
11401
11396
11394
11354
11336
11326
11309
11304
11291
11290
11258
11257
11248
11240
11236
11226
11224
11212
11204
11193
11158
11154
11146
11136
11133
11125
11117
11125
11109
11102
11094
11084
11063
11057
11053
11043
11039
11003
11001
10992
10992
10987
10979
10976
10974
10974
10969
10958
10955
10948
10923
10903
10903
10898
10892
10890
10873
10873
10865
10860
10845
10828
10815
10810
10800
10795
10793
10792
10790
10788
10781
10781
10764
10751
10745
10740
10716
10709
10695
10694
10684
10683
10682
10679
10672
10669
10667
10662
10658
10649
10649
10646
10637
10623
10619
10613
10603
10592
10576
10564
10560
10555
10546
10541
10535
10528
10522
10511
10508
10507
10506
10484
10480
10475
10475
10470
10463
10459
10457
10449
10447
10438
10437
10425
10413
10405
10401
10417
10384
10382
10366
10353
10351
10350
10344
10344
10343
10335
10334
10334
10333
10308
10307
10303
10301
10287
10285
10282
10279
10272
10248
10244
10224
10217
10211
10209
10187
10181
10178
10177
10172
10163
10159
10141
10126
10113
10108
10106
10101
10097
10097
10097
10095
10091
10091
10088
10078
10071
10068
10064
10063
10057
10054
10053
10051
10048
10048
10046
10045
10028
10020
10005
10004
9990
9982
9979
9978
9975
9974
9974
9973
9967
9967
9966
9953
9949
9945
9945
9922
9905
9898
9895
9894
9890
9865
9863
9861
9854
9853
9852
9851
9838
9836
9822
9821
9819
9811
9809
9808
9798
9792
9792
9787
9786
9782
9781
9779
9779
9774
9768
9766
9763
9756
9748
9745
9745
9738
9726
9714
9712
9708
9708
9703
9698
9695
9685
9683
9676
9657
9647
9640
9637
9636
9633
9630
9630
9629
9615
9612
9612
9610
9610
9606
9603
9602
9602
9589
9583
9582
9581
9580
9578
9577
9574
9568
9566
9564
9554
9552
9547
9537
9527
9523
9519
9517
9514
9502
9478
9468
9468
9463
9441
9440
9440
9436
9427
9411
9407
9403
9401
9397
9395
9391
9386
9385
9377
9373
9371
9366
9365
9356
9353
9349
9339
9338
9337
9334
9330
9324
9316
9306
9300
9295
9287
9287
9284
9283
9261
9259
9255
9254
9253
9246
9244
9244
9243
9243
9237
9235
9235
9231
9224
9209
9209
9209
9209
9189
9181
9179
9174
9174
9165
9164
9160
9154
9152
9140
9137
9119
9113
9110
9107
9101
9084
9079
9079
9066
9060
9057
9047
9045
9042
9014
9013
9009
9005
9001
8999
8999
8993
8992
8983
8983
8978
8976
8967
8964
8964
8958
8951
8949
8948
8945
8940
8934
8922
8915
8915
8911
8908
8908
8900
8892
8885
8881
8880
8873
8866
8858
8853
8852
8831
8820
8817
8815
8807
8796
8793
8790
8789
8785
8780
8769
8767
8754
8745
8733
8729
8716
8710
8692
8685
8684
8682
8681
8665
8663
8661
8643
8643
8643
8638
8636
8627
8626
8624
8605
8605
8602
8596
8592
8591
8586
8568
8563
8560
8552
8546
8539
8539
8535
8538
8521
8516
8512
8511
8510
8501
8500
8498
8486
8485
8481
8479
8475
8469
8462
8457
8457
8449
8444
8443
8443
8439
8439
8437
8432
8431
8429
8423
8421
8416
8413
8412
8408
8407
8389
8383
8382
8369
8365
8360
8342
8338
8323
8320
8315
8308
8307
8305
8302
8291
8288
8285
8285
8284
8281
8280
8276
8260
8257
8254
8253
8251
8238
8237
8232
8230
8227
8227
8225
8224
8221
8220
8217
8215
8215
8207
8205
8202
8197
8195
8197
8192
8190
8186
8184
8175
8173
8159
8158
8156
8150
8150
8137
8135
8132
8130
8130
8118
8111
8103
8096
8094
8085
8080
8073
8071
8069
8066
8066
8064
8053
8052
8051
8051
8049
8046
8046
8041
8040
8039
8038
8031
8027
8022
8022
8019
8014
8013
8005
8002
8000
7999
7998
8066
7996
7992
7991
7989
7986
7985
7869
7975
7971
7967
7948
7942
7937
7936
7932
7931
7930
7929
7926
7925
7925
7918
7915
7913
7911
7903
7894
7893
7891
7887
7886
7885
7884
7871
7852
7851
7849
7846
7841
7838
7838
7828
7827
7823
7815
7813
7808
7808
7803
7801
7800
7797
7794
7793
7792
7791
7806
7787
7785
7784
7784
7782
7781
7780
7777
7772
7766
7764
7764
7758
7756
7755
7753
7746
7743
7738
7732
7730
7729
7719
7702
7693
7691
7680
7675
7674
7673
7670
7670
7722
7661
7659
7652
7651
7650
7648
7647
7637
7636
7627
7626
7623
7621
7608
7607
7601
7595
7593
7593
7587
7584
7581
7573
7571
7569
7566
7565
7560
7556
7552
7549
7543
7543
7539
7538
7529
7528
7528
7527
7520
7516
7513
7508
7498
7490
7488
7487
7486
7485
7482
7479
7472
7470
7465
7464
7464
7459
7456
7455
7447
7446
7446
7439
7438
7438
7436
7434
7432
7431
7430
7422
7419
7414
7414
7413
7412
7402
7401
7401
7394
7408
7384
7383
7382
7375
7372
7367
7362
7360
7356
7355
7354
7354
7353
7351
7350
7349
7347
7344
7339
7338
7335
7330
7326
7324
7320
7315
7315
7313
7312
7309
7308
7307
7307
7306
7305
7301
7301
7300
7313
7295
7291
7289
7287
7281
7276
7270
7268
7267
7265
7261
7259
7253
7252
7250
7249
7249
7247
7247
7244
7237
7234
7233
7229
7227
7225
7225
7225
7220
7220
7210
7206
7206
7204
7201
7196
7194
7193
7190
7190
7187
7182
7182
7181
7180
7179
7173
7174
7170
7168
7168
7166
7157
7155
7155
7155
7153
7150
7147
7140
7139
7136
7132
7132
7129
7121
7121
7120
7115
7104
7100
7099
7097
7096
7094
7091
7090
7086
7080
7080
7078
7077
7075
7071
7071
7071
7065
7065
7062
7061
7060
7056
7052
7051
7050
7049
7045
7044
7034
7030
7027
7023
7020
7019
7019
7018
7017
7016
7016
7010
7009
7008
7006
7006
6998
6988
6977
6976
6976
6975
6972
6972
6971
6971
6970
6968
6966
6965
6963
6961
6959
6957
6954
6945
6944
6931
6925
6916
6915
6913
6912
6912
6910
6906
6906
6905
6905
6902
6897
6889
6889
6889
6888
6886
6883
6881
6878
6877
6875
6873
6868
6868
6861
6856
6849
6848
6846
6843
6836
6835
6833
6830
6828
6826
6822
6821
6819
6818
6818
6812
6810
6809
6808
6808
6808
6808
6806
6810
6803
6801
6799
6798
6795
6786
6785
6784
6784
6783
6780
6779
6778
6777
6777
6774
6772
6771
6770
6768
6764
6762
6759
6755
6755
6753
6753
6753
6739
6738
6738
6736
6733
6728
6728
6727
6721
6720
6719
6718
6717
6716
6710
6709
6707
6706
6704
6701
6700
6700
6699
6699
6697
6691
6688
6687
6685
6684
6684
6681
6680
6678
6677
6675
6672
6672
6669
6669
6667
6666
6663
6660
6656
6656
6652
6649
6647
6647
6645
6644
6640
6640
6639
6638
6637
6636
6631
6630
6627
6620
6619
6613
6611
6611
6611
6609
6609
6607
6605
6603
6600
6599
6597
6595
6595
6590
6588
6582
6578
6574
6568
6564
6561
6559
6550
6548
6547
6546
6546
6542
6542
6541
6534
6534
6533
6528
6527
6526
6525
6517
6517
6514
6512
6507
6504
6501
6501
6498
6497
6497
6505
6490
6489
6489
6485
6483
6482
6480
6475
6475
6473
6473
6471
6470
6470
6470
6465
6464
6461
6461
6459
6455
6454
6452
6451
6451
6483
6450
6445
6438
6437
6436
6435
6429
6428
6425
6419
6417
6427
6414
6411
6410
6409
6406
6396
6394
6394
6394
6394
6329
6393
6393
6392
6391
6388
6384
6379
6375
6374
6373
6371
6370
6368
6367
6367
6366
6366
6364
6346
6359
6357
6352
6352
6351
6347
6346
6344
6341
6340
6338
6337
6332
6326
6325
6325
6322
6321
6315
6313
6313
6312
6311
6310
6309
6305
6304
6301
6298
6297
6297
6296
6295
6295
6295
6293
6289
6288
6284
6284
6283
6283
6283
6281
6280
6276
6274
6272
6271
6264
6264
6262
6261
6250
6249
6248
6248
6247
6245
6242
6239
6239
6237
6235
6231
6223
6223
6221
6220
6219
6216
6215
6215
6213
6213
6209
6207
6203
6200
6199
6198
6191
6189
6188
6188
6184
6183
6180
6179
6176
6174
6173
6173
6168
6167
6166
6166
6166
6165
6163
6158
6155
6153
6150
6148
6148
6145
6144
6144
6143
6142
6141
6130
6125
6124
6121
6118
6115
6114
6113
6113
6111
6110
6103
6099
6097
6097
6095
6092
6091
6091
6091
6080
6079
6074
6071
6070
6070
6068
6117
6066
6062
6061
6061
6059
6058
6056
6056
6052
6050
6050
6051
6044
6043
6041
6041
6039
6038
6036
6035
6031
6030
6028
6027
6026
6023
6022
6021
6021
6021
6020
6019
6018
6011
6009
6009
6007
6006
6003
6002
6001
6000
5993
5993
5992
5989
5989
5986
5985
5984
5983
5982
5978
5976
5976
5973
5970
5968
5967
5967
5965
5964
5963
5961
5955
5955
5957
5950
5949
5940
5937
5936
5936
5936
5935
5932
5929
5928
5924
5924
5921
5920
5919
5917
5916
5916
5915
5914
5913
5910
5908
5902
5902
5898
5896
5896
5894
5891
5891
5891
5890
5890
5889
5889
5886
5884
5884
5883
5882
5881
5879
5879
5876
5876
5872
5870
5869
5868
5867
5866
5865
5864
5863
5863
5860
5859
5858
5855
5854
5853
5849
5848
5841
5841
5839
5837
5836
5836
5835
5834
5832
5829
5827
5827
5825
5824
5824
5819
5819
5817
5814
5814
5814
5813
5812
5810
5810
5810
5807
5807
5803
5803
5800
5800
5800
5794
5792
5792
5787
5784
5784
5780
5778
5772
5770
5768
5767
5767
5766
5765
5764
5760
5756
5797
5756
5754
5753
5753
5751
5750
5749
5748
5747
5746
5746
5745
5744
5744
5743
5740
5737
5737
5736
5736
5732
5730
5729
5726
5726
5720
5718
5717
5717
5717
5717
5713
5712
5710
5710
5708
5706
5705
5704
5703
5703
5699
5698
5698
5698
5697
5696
5690
5690
5689
5687
5685
5683
5682
5678
5678
5676
5675
5669
5667
5666
5665
5660
5659
5655
5655
5653
5650
5650
5648
5647
5647
5645
5642
5641
5640
5640
5639
5638
5636
5636
5636
5635
5635
5634
5634
5633
5630
5628
5620
5618
5618
5618
5617
5616
5613
5620
5605
5601
5598
5593
5589
5589
5584
5583
5582
5582
5581
5580
5576
5575
5571
5570
5570
5570
5569
5569
5568
5565
5563
5562
5561
5560
5559
5559
5556
5556
5553
5553
5547
5547
5546
5546
5546
5545
5544
5542
5541
5532
5530
5529
5531
5528
5528
5526
5526
5525
5523
5519
5517
5515
5514
5512
5509
5508
5394
5504
5504
5503
5503
5502
5501
5498
5498
5494
5494
5490
5490
5489
5488
5486
5485
5484
5483
5478
5478
5476
5475
5475
5471
5470
5469
5469
5467
5467
5465
5462
5461
5459
5456
5455
5455
5454
5453
5452
5450
5448
5448
5446
5446
5445
5445
5445
5444
5442
5441
5440
5439
5437
5437
5436
5436
5434
5432
5431
5430
5430
5428
5428
5426
5425
5425
5424
5422
5421
5418
5418
5415
5415
5412
5412
5410
5410
5409
5409
5408
5407
5405
5404
5402
5397
5396
5395
5395
5395
5393
5393
5392
5390
5389
5386
5385
5384
5400
5383
5383
5383
5381
5380
5380
5379
5378
5374
5373
5371
5370
5370
5366
5366
5365
5365
5365
5364
5362
5362
5359
5359
5359
5358
5358
5357
5357
5360
5355
5355
5354
5354
5353
5353
5353
5353
5352
5351
5350
5345
5345
5345
5345
5344
5343
5340
5339
5333
5333
5332
5331
5331
5327
5326
5318
5316
5312
5312
5308
5308
5305
5305
5305
5304
5303
5302
5301
5301
5299
5296
5296
5295
5289
5289
5284
5280
5277
5276
5275
5272
5271
5267
5267
5266
5266
5265
5264
5262
5261
5259
5258
5258
5257
5256
5256
5252
5252
5251
5251
5249
5248
5246
5245
5245
5244
5240
5238
5238
5238
5238
5235
5234
5233
5230
5228
5226
5225
5224
5224
5223
5221
5221
5220
5220
5215
5215
5214
5214
5212
5212
5211
5205
5204
5204
5202
5202
5201
5201
5200
5199
5193
5189
5187
5186
5186
5185
5185
5184
5186
5154
5181
5180
5180
5180
5178
5176
5175
5174
5172
5172
5171
5167
5165
5165
5163
5162
5162
5154
5154
5151
5149
5148
5147
5145
5145
5143
5143
5141
5139
5138
5137
5134
5133
5132
5132
5131
5130
5129
5128
5128
5125
5125
5123
5122
5121
5119
5118
5116
5114
5113
5112
5112
5111
5109
5109
5108
5107
5107
5109
5106
5106
5105
5103
5103
5101
5101
5101
5098
5097
5097
5095
5095
5095
5091
5090
5088
5087
5085
5083
5079
5078
5102
5077
5077
5077
5076
5074
5073
5072
5071
5071
5069
5067
5079
5065
5063
5062
5061
5060
5060
5056
5055
5055
5052
5052
5050
5050
5050
5049
5048
5048
5047
5046
5045
5045
5044
5044
5044
5043
5043
5042
5042
5042
5042
5040
5039
5039
5038
5036
5036
5032
5032
5032
5030
5029
5029
5038
5026
5024
5024
5023
5018
5013
5013
5012
5011
5008
5008
5011
5006
5006
5005
5004
5004
5004
5002
5001
4999
4996
4995
4995
4994
4993
4993
4992
4989
4988
4988
4987
4985
4984
4981
4979
4978
4977
4977
4977
4976
4976
4975
4975
4974
4974
4973
4972
4971
4970
4969
4967
4967
4966
4962
4962
4960
4960
4959
4958
4957
4955
4954
4954
4954
4952
4952
4952
4950
4948
4948
4948
4948
4947
4946
4945
4943
4943
4942
4942
4941
4939
4936
4934
4933
4932
4931
4931
4930
4930
4928
4926
4924
4924
4919
4919
4917
4916
4916
4916
4915
4914
4914
4912
4910
4910
4908
4908
4906
4906
4905
4904
4903
4903
4902
4901
4900
4898
4894
4893
4890
4890
4890
4888
4886
4885
4884
4884
4883
4882
4882
4881
4881
4879
4879
4878
4878
4877
4875
4873
4873
4872
4870
4868
4866
4865
4864
4863
4863
4863
4861
4861
4859
4858
4858
4858
4857
4857
4856
4856
4852
4851
4851
4849
4848
4848
4846
4843
4842
4841
4839
4839
4838
4836
4835
4834
4833
4833
4830
4830
4829
4828
4827
4825
4825
4824
4823
4823
4822
4822
4822
4818
4817
4817
4817
4817
4816
4815
4815
4814
4811
4809
4809
4807
4805
4804
4804
4803
4803
4801
4801
4800
4799
4799
4796
4795
4795
4794
4793
4790
4789
4783
4783
4783
4783
4782
4782
4781
4780
4777
4776
4775
4773
4772
4771
4770
4770
4763
4762
4761
4761
4760
4759
4759
4756
4754
4795
4751
4749
4748
4748
4747
4746
4755
4744
4744
4743
4741
4740
4739
4739
4737
4736
4735
4734
4733
4731
4730
4730
4730
4729
4729
4729
4729
4728
4727
4725
4724
4723
4723
4722
4720
4719
4718
4717
4716
4716
4716
4714
4709
4709
4708
4707
4706
4705
4704
4704
4704
4703
4702
4701
4700
4700
4700
4697
4697
4694
4692
4692
4691
4691
4689
4687
4682
4680
4678
4677
4677
4676
4674
4673
4673
4672
4671
4670
4670
4667
4665
4664
4661
4661
4661
4658
4658
4657
4657
4656
4656
4656
4655
4653
4653
4652
4651
4648
4648
4647
4647
4643
4642
4642
4640
4639
4634
4634
4633
4631
4630
4630
4629
4629
4628
4628
4627
4627
4625
4624
4624
4623
4622
4615
4615
4613
4612
4611
4609
4609
4607
4606
4605
4604
4603
4603
4603
4602
4600
4599
4598
4596
4593
4592
4592
4591
4589
4588
4587
4586
4585
4584
4582
4582
4579
4578
4577
4575
4574
4574
4571
4570
4570
4569
4567
4563
4562
4561
4559
4558
4558
4558
4557
4557
4556
4556
4556
4555
4554
4551
4551
4550
4550
4550
4549
4546
4546
4546
4543
4542
4542
4542
4541
4541
4541
4540
4540
4537
4536
4535
4535
4535
4532
4532
4532
4532
4531
4531
4531
4530
4527
4527
4527
4525
4524
4523
4523
4522
4522
4522
4521
4519
4518
4518
4517
4517
4516
4516
4514
4514
4513
4513
4513
4512
4511
4510
4509
4508
4508
4506
4505
4505
4503
4502
4502
4501
4499
4499
4499
4498
4495
4493
4493
4490
4489
4494
4486
4484
4483
4480
4480
4479
4479
4478
4477
4475
4474
4474
4473
4473
4471
4469
4469
4467
4465
4464
4464
4463
4462
4462
4460
4459
4458
4457
4456
4456
4454
4454
4453
4450
4448
4448
4447
4447
4446
4445
4445
4443
4442
4438
4435
4434
4433
4433
4433
4432
4431
4430
4430
4429
4426
4426
4425
4424
4423
4422
4420
4419
4418
4417
4416
4416
4415
4415
4415
4415
4414
4414
4413
4411
4409
4409
4407
4406
4405
4405
4404
4404
4402
4402
4401
4401
4399
4398
4397
4394
4394
4393
4391
4390
4389
4392
4387
4387
4386
4386
4386
4386
4385
4384
4383
4383
4381
4380
4377
4374
4373
4372
4372
4372
4371
4371
4369
4369
4368
4367
4366
4365
4365
4364
4364
4362
4361
4360
4358
4358
4357
4355
4355
4355
4355
4353
4353
4352
4350
4349
4347
4347
4345
4345
4343
4342
4340
4340
4339
4338
4338
4338
4337
4337
4336
4335
4334
4334
4331
4331
4330
4330
4328
4327
4326
4325
4324
4324
4323
4323
4322
4322
4321
4321
4320
4320
4320
4319
4316
4315
4314
4314
4314
4314
4313
4309
4309
4309
4309
4309
4306
4306
4305
4304
4303
4302
4302
4301
4300
4299
4297
4296
4295
4295
4295
4295
4295
4293
4292
4292
4292
4291
4289
4289
4285
4285
4285
4283
4283
4283
4283
4282
4282
4281
4279
4279
4278
4278
4276
4275
4275
4273
4272
4270
4269
4269
4268
4267
4267
4266
4264
4263
4263
4261
4260
4259
4258
4258
4258
4258
4257
4257
4257
4256
4253
4253
4253
4252
4251
4251
4249
4247
4246
4246
4246
4245
4245
4244
4244
4244
4242
4242
4241
4240
4239
4239
4239
4239
4239
4238
4238
4238
4238
4237
4235
4234
4234
4232
4229
4229
4228
4228
4227
4226
4226
4225
4224
4223
4222
4221
4221
4220
4218
4217
4217
4216
4216
4215
4214
4213
4212
4211
4210
4209
4208
4207
4207
4207
4207
4204
4201
4201
4199
4199
4197
4196
4195
4195
4195
4194
4190
4190
4189
4188
4186
4185
4185
4184
4183
4183
4183
4183
4179
4178
4178
4178
4177
4176
4174
4173
4172
4171
4171
4171
4170
4169
4169
4168
4168
4168
4165
4164
4164
4161
4160
4157
4155
4154
4153
4152
4151
4151
4149
4148
4148
4147
4144
4144
4143
4143
4142
4142
4140
4140
4139
4139
4138
4137
4134
4133
4132
4132
4131
4130
4128
4126
4125
4125
4124
4124
4122
4122
4121
4121
4119
4119
4117
4117
4116
4115
4114
4114
4112
4109
4107
4104
4103
4103
4102
4102
4101
4101
4100
4098
4097
4097
4096
4096
4096
4096
4095
4095
4095
4101
4094
4094
4094
4092
4092
4091
4091
4091
4089
4088
4088
4084
4083
4083
4082
4082
4081
4081
4081
4078
4078
4077
4075
4073
4072
4072
4071
4071
4071
4071
4070
4069
4069
4068
4068
4067
4067
4066
4066
4063
4063
4062
4062
4062
4059
4059
4058
4058
4057
4057
4056
4056
4056
4056
4054
4054
4050
4050
4050
4049
4048
4048
4048
4046
4046
4045
4045
4044
4044
4044
4043
4041
4041
4041
4039
4038
4036
4035
4035
4035
4034
4033
4031
4030
4030
4028
4028
4028
4028
4027
4027
4026
4025
4025
4024
4024
4023
4022
4022
4021
4020
4020
4019
4019
4018
4018
4017
4017
4015
4014
4014
4013
4013
4013
4013
4011
4009
4008
4007
4007
4006
4006
4006
4005
4005
4005
4004
4003
4003
4003
4002
3998
3997
3995
3995
3994
3993
3992
3991
3991
3991
3990
3990
3989
3989
3988
3988
3987
3986
3985
3984
3998
3984
3983
3983
3983
3982
3981
3981
3981
3980
3979
3977
3976
3976
3974
3973
3973
3973
3973
3972
3971
3969
3968
3968
3968
3967
3967
3966
3856
3966
3965
3965
3964
3964
3963
3963
3963
3963
3962
3961
3961
3961
3960
3959
3959
3959
3958
3958
3957
3957
3957
3956
3956
3955
3955
3953
3951
3950
3950
3950
3948
3948
3948
3947
3947
3945
3945
3944
3943
3943
3943
3942
3942
3942
3939
3938
3937
3936
3937
3935
3935
3933
3932
3931
3930
3930
3930
3929
3929
3928
3927
3926
3925
3925
3924
3924
3924
3924
3924
3923
3923
3922
3922
3922
3922
3921
3919
3918
3918
3918
3917
3916
3916
3916
3916
3915
3915
3914
3914
3914
3913
3913
3912
3912
3911
3909
3909
3908
3908
3908
3907
3906
3906
3904
3904
3903
3903
3902
3901
3901
3900
3900
3900
3899
3899
3897
3897
3896
3893
3893
3893
3893
3892
3891
3891
3891
3891
3890
3890
3888
3887
3886
3886
3884
3884
3883
3883
3882
3882
3882
3880
3880
3878
3877
3877
3877
3877
3875
3875
3874
3874
3873
3873
3872
3870
3868
3868
3867
3867
3867
3866
3866
3874
3863
3863
3862
3861
3860
3859
3858
3857
3857
3855
3854
3854
3854
3853
3853
3853
3851
3850
3850
3850
3850
3848
3848
3847
3846
3845
3845
3844
3844
3843
3843
3843
3842
3842
3842
3842
3841
3840
3840
3839
3839
3839
3839
3838
3838
3837
3837
3836
3836
3835
3835
3833
3832
3831
3831
3831
3831
3830
3828
3828
3826
3824
3824
3823
3823
3822
3821
3821
3821
3819
3818
3817
3817
3816
3815
3815
3815
3815
3814
3814
3813
3813
3812
3812
3812
3812
3811
3811
3811
3811
3810
3810
3810
3810
3810
3809
3806
3806
3806
3806
3805
3805
3805
3804
3804
3804
3803
3803
3803
3901
3803
3803
3802
3800
3799
3799
3798
3797
3796
3794
3794
3793
3793
3792
3791
3791
3790
3790
3788
3787
3786
3786
3785
3785
3785
3784
3783
3783
3782
3782
3781
3781
3781
3780
3780
3779
3779
3778
3777
3777
3776
3774
3774
3774
3772
3772
3772
3770
3769
3769
3769
3767
3767
3767
3767
3766
3766
3764
3763
3763
3763
3763
3763
3763
3762
3762
3761
3761
3761
3760
3760
3760
3759
3758
3757
3757
3757
3755
3754
3754
3754
3753
3752
3752
3752
3751
3749
3749
3748
3748
3747
3746
3746
3745
3745
3744
3744
3744
3741
3740
3739
3739
3738
3738
3738
3738
3737
3737
3735
3735
3735
3734
3732
3731
3731
3731
3730
3730
3729
3729
3728
3728
3727
3706
3725
3725
3724
3723
3723
3723
3722
3722
3720
3719
3719
3719
3718
3718
3716
3715
3715
3715
3714
3713
3712
3712
3712
3711
3711
3710
3710
3709
3707
3706
3706
3704
3704
3703
3703
3702
3702
3702
3702
3701
3701
3700
3699
3698
3698
3697
3696
3696
3696
3696
3695
3694
3693
3692
3692
3692
3691
3689
3689
3688
3687
3687
3687
3686
3686
3682
3682
3681
3680
3680
3679
3679
3679
3679
3678
3678
3677
3675
3673
3673
3679
3671
3671
3671
3670
3669
3669
3668
3668
3668
3667
3666
3666
3665
3665
3664
3663
3662
3662
3662
3669
3661
3661
3661
3659
3658
3658
3657
3656
3656
3656
3655
3655
3655
3654
3654
3654
3653
3652
3652
3655
3651
3650
3650
3650
3648
3648
3647
3646
3646
3645
3645
3644
3644
3644
3643
3643
3642
3641
3640
3640
3639
3639
3638
3638
3637
3637
3637
3636
3636
3635
3634
3633
3633
3633
3631
3629
3629
3628
3625
3624
3624
3624
3623
3623
3622
3622
3622
3621
3620
3620
3618
3617
3617
3617
3616
3616
3614
3613
3613
3613
3612
3612
3611
3611
3610
3610
3610
3609
3607
3607
3606
3606
3606
3605
3605
3604
3604
3602
3599
3599
3597
3596
3594
3593
3593
3591
3589
3587
3585
3585
3584
3584
3583
3583
3582
3581
3581
3580
3579
3579
3579
3579
3578
3578
3578
3578
3577
3577
3577
3576
3575
3575
3575
3573
3572
3572
3572
3572
3571
3571
3569
3569
3568
3568
3567
3567
3566
3565
3564
3564
3563
3561
3561
3560
3560
3560
3559
3559
3558
3558
3558
3558
3558
3557
3557
3557
3556
3556
3555
3555
3554
3553
3553
3552
3551
3551
3550
3550
3550
3550
3549
3549
3548
3548
3547
3545
3545
3545
3544
3544
3543
3543
3542
3542
3542
3538
3538
3538
3537
3537
3535
3535
3541
3534
3533
3533
3532
3532
3531
3531
3531
3529
3529
3528
3528
3527
3527
3527
3527
3526
3525
3525
3525
3524
3524
3524
3523
3523
3522
3522
3521
3521
3520
3520
3520
3519
3519
3519
3518
3518
3517
3517
3515
3515
3514
3514
3513
3512
3510
3508
3508
3508
3507
3507
3506
3505
3505
3505
3503
3502
3501
3501
3501
3500
3500
3500
3499
3499
3499
3498
3497
3497
3496
3495
3495
3495
3495
3493
3493
3492
3492
3489
3500
3488
3487
3487
3485
3484
3483
3483
3483
3481
3480
3488
3479
3479
3478
3477
3477
3477
3477
3475
3474
3473
3473
3472
3472
3472
3471
3471
3470
3469
3469
3469
3469
3469
3468
3468
3466
3465
3463
3463
3462
3461
3461
3460
3460
3458
3458
3457
3457
3457
3457
3457
3456
3455
3455
3454
3453
3453
3453
3453
3452
3452
3452
3451
3451
3450
3547
3450
3450
3449
3448
3448
3448
3448
3448
3447
3446
3445
3444
3443
3443
3441
3441
3441
3441
3440
3440
3439
3438
3437
3437
3437
3437
3437
3436
3436
3435
3434
3434
3434
3437
3434
3433
3433
3432
3432
3432
3431
3431
3430
3430
3430
3429
3427
3427
3427
3426
3426
3425
3425
3424
3424
3423
3422
3422
3422
3421
3421
3418
3418
3418
3418
3417
3417
3416
3416
3415
3413
3412
3412
3411
3410
3410
3408
3408
3408
3408
3407
3405
3403
3402
3402
3401
3401
3400
3400
3399
3399
3399
3398
3398
3397
3396
3396
3396
3395
3394
3394
3394
3394
3394
3393
3393
3392
3392
3392
3392
3391
3390
3390
3387
3387
3386
3386
3386
3385
3385
3384
3383
3382
3381
3381
3381
3381
3379
3379
3379
3378
3378
3378
3377
3377
3376
3375
3375
3375
3372
3372
3372
3372
3372
3372
3370
3369
3368
3368
3368
3368
3367
3367
3367
3366
3366
3364
3364
3364
3363
3363
3363
3363
3362
3362
3362
3362
3362
3361
3360
3359
3358
3357
3357
3355
3355
3354
3354
3354
3353
3353
3352
3352
3351
3351
3351
3351
3349
3348
3348
3347
3345
3344
3343
3342
3342
3342
3341
3341
3341
3340
3340
3340
3339
3339
3339
3338
3337
3336
3336
3336
3335
3335
3334
3334
3332
3331
3330
3330
3330
3329
3329
3329
3328
3327
3327
3327
3326
3326
3325
3325
3325
3325
3325
3325
3324
3323
3323
3322
3322
3320
3320
3319
3318
3318
3316
3315
3315
3315
3315
3325
3314
3313
3313
3313
3312
3311
3311
3310
3310
3309
3309
3308
3306
3306
3306
3305
3304
3304
3304
3303
3303
3301
3301
3300
3300
3299
3299
3297
3297
3297
3297
3297
3296
3296
3295
3295
3295
3295
3295
3295
3293
3293
3292
3291
3291
3291
3290
3289
3289
3288
3286
3286
3285
3285
3285
3284
3283
3283
3283
3282
3282
3282
3281
3280
3279
3279
3278
3277
3277
3276
3276
3275
3274
3274
3272
3272
3271
3271
3270
3270
3269
3269
3269
3267
3266
3266
3265
3261
3260
3260
3260
3260
3259
3259
3259
3258
3257
3256
3256
3256
3256
3254
3254
3253
3253
3252
3252
3252
3252
3252
3251
3251
3250
3250
3250
3248
3248
3248
3248
3246
3246
3245
3245
3245
3243
3242
3242
3242
3241
3241
3240
3240
3240
3239
3239
3239
3239
3238
3237
3235
3235
3233
3233
3232
3231
3231
3231
3231
3231
3231
3230
3229
3228
3228
3227
3227
3227
3227
3226
3226
3226
3226
3225
3225
3225
3225
3225
3224
3224
3224
3223
3223
3223
3223
3223
3223
3223
3222
3222
3222
3222
3222
3221
3220
3220
3219
3219
3218
3217
3216
3215
3215
3215
3215
3212
3212
3212
3211
3210
3210
3209
3209
3209
3208
3208
3208
3206
3206
3206
3206
3206
3206
3205
3205
3204
3204
3204
3204
3203
3203
3202
3201
3201
3201
3201
3201
3200
3200
3200
3199
3198
3198
3197
3197
3196
3195
3195
3195
3195
3195
3194
3194
3193
3193
3192
3191
3191
3190
3190
3189
3188
3188
3188
3186
3186
3185
3185
3184
3184
3183
3182
3181
3180
3180
3180
3180
3180
3179
3179
3179
3179
3178
3178
3178
3177
3177
3175
3175
3175
3174
3174
3174
3174
3173
3173
3172
3171
3171
3170
3170
3170
3169
3168
3168
3168
3168
3167
3166
3165
3164
3164
3164
3163
3163
3163
3163
3162
3162
3161
3161
3160
3159
3158
3157
3157
3157
3155
3154
3154
3154
3153
3152
3151
3151
3150
3150
3149
3149
3148
3148
3148
3148
3147
3147
3146
3146
3146
3143
3143
3143
3142
3142
3141
3141
3141
3139
3139
3138
3138
3138
3136
3135
3135
3134
3134
3134
3133
3132
3132
3131
3130
3130
3130
3130
3130
3129
3129
3128
3127
3126
3126
3125
3125
3125
3125
3125
3124
3124
3123
3123
3122
3121
3121
3121
3120
3120
3120
3120
3119
3119
3118
3117
3116
3116
3116
3116
3114
3114
3112
3112
3111
3111
3110
3110
3109
3109
3109
3109
3108
3108
3107
3107
3107
3106
3106
3105
3104
3104
3103
3102
3102
3102
3100
3099
3099
3098
3098
3098
3098
3098
3098
3097
3097
3096
3094
3093
3093
3092
3092
3092
3091
3091
3091
3091
3090
3089
3089
3088
3088
3088
3087
3087
3087
3086
3086
3086
3085
3085
3084
3084
3084
3083
3083
3082
3082
3080
3079
3079
3079
3079
3079
3078
3078
3078
3077
3077
3076
3075
3075
3073
3073
3073
3072
3072
3071
3071
3070
3070
3070
3069
3069
3069
3068
3068
3068
3067
3067
3067
3067
3067
3066
3066
3065
3065
3065
3065
3064
3064
3064
3064
3064
3063
3063
3062
3062
3062
3062
3062
3062
3061
3060
3059
3058
3058
3057
3057
3056
3055
3055
3055
3054
3053
3053
3053
3053
3053
3052
3051
3051
3051
3051
3050
3050
3050
3050
3049
3049
3048
3048
3048
3045
3044
3043
3043
3043
3043
3043
3042
3042
3042
3042
3042
3042
3042
3041
3041
3041
3040
3040
3040
3040
3039
3039
3039
3039
3038
3038
3037
3037
3037
3037
3036
3036
3036
3033
3033
3033
3033
3033
3032
3032
3032
3031
3031
3030
3030
3030
3030
3030
3029
3029
3028
3028
3034
3027
3026
3026
3025
3025
3025
3024
3023
3023
3023
3022
3022
3021
3021
3020
3020
3020
3020
3019
3019
3018
3018
3018
3018
3017
3017
3016
3016
3016
3015
3014
3014
3014
3013
3013
3012
3012
3012
3011
3011
3010
3009
3009
3008
3008
3008
3008
3008
3007
3007
3007
3006
3006
3005
3005
3005
3004
3004
3003
3003
3003
3002
3002
3001
3001
3001
3000
3000
3000
3000
3000
