582901
534286
405094
379477
364911
350889
344185
268362
254988
254449
246315
242183
229718
225744
218664
217295
216114
212887
203705
203060
200035
198202
197988
187724
183979
182574
177850
172728
164801
164416
161616
160990
158487
156614
156499
154972
152755
151907
149039
147460
145167
143373
137624
137243
134366
128451
126323
124750
123311
121655
120929
119136
118522
117814
117609
115722
110652
108658
107131
106871
106391
106212
105769
100013
99906
99577
97931
97688
96085
95353
91262
91165
90854
90621
90119
89870
89004
87988
85489
85327
85279
84966
84598
83923
83775
83563
83523
81834
81413
80545
80175
78859
78825
78716
78395
77628
77435
77398
77366
77363
77183
76185
74766
74325
73824
73659
73286
73178
73143
72765
72651
71854
71753
71251
70797
70684
70469
70318
70087
70067
69632
69192
69116
68954
68918
68910
68671
66881
65623
64974
64890
63940
63801
63240
63055
62884
62604
62249
61651
61601
61484
61376
60276
60010
59750
59682
58662
58395
58287
58049
57259
56660
55559
55390
55314
55285
55237
55170
55150
54362
54354
54319
54238
54098
53584
53544
53452
52857
52680
52559
52227
51669
51584
51464
50959
50811
50521
50376
50288
50214
50126
49981
49872
49031
48929
48868
48812
48805
48531
48464
48439
48370
48330
48019
47886
47770
47470
47188
47034
46893
46848
46815
46508
46306
46149
45976
45898
45794
45445
45423
45300
45243
45010
44997
44944
44813
44456
44398
44330
44295
44280
44274
44025
43990
43903
43780
43775
43726
43706
43599
43503
43465
43435
43063
42995
42906
42853
42849
42733
42662
42470
42418
42318
41837
41681
41507
41351
41178
40850
40800
40623
40495
40461
40262
40135
40067
39957
39923
39545
39423
39396
39187
38883
38798
38698
38684
38620
38553
38418
38391
38261
38187
38164
38147
38064
38024
37977
37953
37938
37895
37832
37680
37576
37470
37439
37414
37316
37259
37233
37154
36928
36863
36567
36360
36348
36218
36162
36054
35852
35587
35547
35542
35504
35394
35311
35185
35162
35076
35023
34951
34909
34902
34887
34883
34740
34561
34421
34361
34272
34233
34190
34109
34045
33971
33966
33894
33806
33782
33774
33749
33687
33620
33570
33554
33485
33438
33417
33398
33322
33210
33026
33015
32973
32972
32630
32629
32514
32486
32335
32325
32223
32136
32135
32127
32121
32037
31976
31882
31866
31860
31816
31728
31672
31629
31591
31394
31388
31323
31303
31270
31143
30988
30926
30884
30796
30779
30520
30463
30329
30300
30276
30067
30058
30007
30003
29988
29865
29740
29666
29557
29545
29420
29343
29343
29321
29302
29298
29288
29260
29229
29127
29085
29070
29042
29036
28998
28957
28826
28801
28771
28732
28704
28598
28562
28478
28453
28447
28384
28365
28357
28353
28352
28335
28318
28305
28201
28169
28125
28123
28113
28102
28092
28050
28008
27935
27860
27832
27722
27695
27678
27665
27598
27598
27563
27498
27461
27429
27423
27408
27402
27358
27337
27321
27201
27187
27153
27099
27044
27037
27036
27016
27008
26998
26980
26866
26751
26726
26721
26651
26601
26451
26407
26307
26282
26259
26220
26175
26102
26050
25963
25948
25914
25828
25795
25722
25691
25651
25536
25526
25507
25501
25438
25411
25403
25372
25363
25188
25162
25141
25124
25111
25068
25028
24962
24939
24938
24900
24892
24875
24789
24716
24709
24703
24664
24641
24554
24473
24448
24393
24286
24280
24135
24127
24117
24082
23930
23901
23874
23861
23795
23674
23605
23530
23499
23462
23430
23345
23292
23240
23234
23194
23181
23147
23138
23113
23085
23073
23069
23045
23034
23032
23026
22973
22945
22909
22893
22871
22856
22835
22801
22752
22750
22660
22654
22671
22624
22599
22550
22456
22445
22442
22424
22415
22403
22367
22330
22327
22243
22242
22229
22166
22155
22139
22088
22062
22053
22034
22024
21997
21861
21836
21833
21758
21757
21749
21734
21713
21685
21661
21637
21606
21566
21528
21525
21522
21522
21494
21470
21444
21442
21370
21366
21356
21324
21317
21300
21279
21250
21219
21208
21150
21148
21134
21126
21092
21091
21054
21024
20957
20903
20872
20837
20822
20817
20807
20735
20696
20668
20666
20619
20586
20582
20571
20570
20541
20460
20457
20434
20417
20383
20343
20327
20318
20295
20236
20231
20218
20197
20176
20170
20167
20128
20124
20115
20104
20101
20087
20018
20000
19978
19935
19919
19910
19878
19846
19843
19818
19748
19745
19675
19674
19653
19641
19566
19551
19502
19384
19367
19364
19326
19302
19279
19261
19247
19227
19222
19197
19193
19171
19150
19118
19092
19038
19036
19036
18989
18962
18960
18952
18944
18916
18891
18863
18854
18841
18818
18817
18814
18802
18800
18766
18738
18708
18696
18677
18655
18654
18640
18611
18602
18601
18601
18541
18515
18497
18485
18480
18429
18420
18409
18401
18382
18376
18356
18335
18326
18330
18307
18302
18298
18268
18253
18245
18245
18243
18175
18172
18157
18114
18086
18080
18072
18069
18063
18042
18030
18023
18010
18005
17982
17956
17950
17944
17931
17883
17878
17863
17860
17852
17849
17846
17796
17778
17756
17740
17713
17711
17706
17696
17690
17686
17655
17649
17643
17630
17625
17622
17619
17618
17617
17616
17613
17606
17599
17586
17586
17543
17524
17520
17496
17491
17489
17480
17476
17475
17475
17446
17446
17444
17397
17386
17381
17366
17304
17276
17275
17270
17265
17245
17171
17163
17161
17157
17148
17142
17136
17125
17116
17114
17103
17100
17097
17075
17056
17043
17041
17021
17107
17013
17010
16980
16965
16949
16921
16915
16920
16908
16881
16871
16849
16849
16844
16842
16829
16824
16796
16781
16755
16732
16693
16626
16619
16611
16605
16568
16567
16559
16554
16553
16544
16531
16524
16496
16469
16456
16408
16380
16372
16359
16352
16331
16283
16262
16191
16185
16160
16141
16101
16097
16097
16081
16060
16059
16051
16042
16037
16014
15975
15954
15940
15940
15926
15924
15920
15907
15898
15883
15848
15814
15811
15799
15801
15783
15777
15749
15747
15745
15729
15728
15710
15708
15697
15682
15674
15671
15671
15659
15657
15652
15649
15645
15642
15607
15603
15601
15599
15599
15598
15593
15591
15589
15570
15566
15533
15503
15486
15481
15478
15466
15448
15435
15434
15424
15405
15400
15397
15390
15385
15362
15326
15323
15356
15279
15262
15247
15226
15220
15210
15194
15191
15185
15183
15170
15085
15064
15051
15037
15027
15026
15001
14997
14991
14990
14987
14985
14976
14962
14948
14943
14940
14936
14933
14915
14904
14895
14854
14851
14847
14794
14776
14772
14769
14769
14772
14768
14766
14766
14765
14752
14736
14733
14733
14682
14674
14657
14656
14642
14637
14632
14612
14594
14586
14581
14581
14579
14574
14572
14571
14543
14529
14521
14519
14497
14495
14489
14484
14484
14471
14464
14464
14455
14448
14423
14410
14381
14374
14372
14371
14350
14348
14346
14342
14336
14336
14328
14326
14325
14314
14312
14306
14304
14269
14262
14242
14214
14213
14208
14204
14195
14193
14189
14185
14182
14182
14154
14144
14142
14123
14114
14107
14106
14102
14088
14086
14082
14080
14035
14011
13995
13990
14061
13987
13970
13967
13954
13948
13939
13921
13895
13895
13890
13890
13878
13846
13806
13801
13784
13743
13729
13726
13725
13714
13713
13700
13687
13675
13660
13659
13649
13643
13637
13636
13625
13615
13610
13607
13606
13594
13589
13588
13577
13566
13564
13561
13560
13558
13538
13518
13515
13505
13502
13497
13497
13495
13493
13487
13473
13449
13413
13411
13402
13396
13394
13390
13389
13360
13357
13354
13354
13343
13338
13331
13323
13320
13320
13314
13302
13302
13296
13289
13265
13263
13259
13253
13244
13241
13225
13191
13187
13184
13162
13150
13145
13145
13141
13136
13131
13128
13121
13115
13110
13109
13092
13066
13066
13059
13050
13048
13042
13033
13013
13005
12999
12997
12993
12983
12978
12974
12971
12970
12961
12956
12955
12943
12937
12911
12882
12868
12863
12862
12861
12828
12822
12809
12786
12781
12768
12738
12735
12722
12718
12712
12709
12698
12698
12689
12683
12683
12640
12638
12632
12620
12618
12601
12596
12585
12584
12579
12556
12545
12521
12506
12505
12501
12497
12491
12475
12475
12468
12468
12465
12456
12452
12450
12441
12440
12439
12436
12419
12419
12418
12414
12413
12407
12406
12404
12398
12397
12387
12380
12379
12370
12363
12363
12357
12355
12354
12349
12339
12336
12335
12335
12327
12327
12326
12318
12308
12297
12289
12270
12258
12248
12247
12238
12232
12225
12225
12218
12217
12185
12170
12161
12151
12141
12133
12133
12132
12115
12110
12096
12060
12046
12042
12041
12040
12034
12035
12032
12015
12008
12003
12003
12002
12001
12001
11987
11983
11982
11962
11955
11954
11949
11941
11937
11935
11933
11932
11922
11917
11903
11887
11879
11877
11861
11849
11848
11839
11837
11827
11825
11811
11797
11787
11784
11773
11764
11763
11751
11748
11744
11730
11730
11727
11721
11719
11714
11707
11706
11703
11695
11691
11688
11684
11683
11665
11662
11660
11660
11659
11656
11653
11650
11649
11646
11642
11634
11628
11621
11618
11616
11599
11596
11590
11578
11575
11574
11574
11565
11564
11559
11557
11542
11541
11537
11532
11531
11524
11512
11506
11506
11504
11499
11485
11473
11470
11467
11465
11456
11439
11436
11420
11414
11414
11405
11399
11394
11393
11390
11387
11378
11357
11355
11346
11334
11329
11327
11320
11319
11312
11304
11302
11276
11262
11254
11251
11250
11243
11242
11235
11232
11230
11226
11218
11210
11202
11187
11182
11177
11177
11172
11164
11158
11157
11156
11151
11148
11111
11107
11103
11100
11091
11086
11074
11074
11072
11183
11055
11054
11050
11046
11044
11043
11039
11037
11022
11014
11013
11012
11011
11011
11010
11007
11004
10997
10997
10991
10989
10983
10980
10977
10969
10966
10966
10958
10955
10946
10946
10937
10936
10932
10923
10917
10909
10908
10900
10893
10893
10892
10890
10888
10887
10882
10878
10874
10867
10862
10844
10841
10826
10822
10821
10812
10812
10811
10810
10807
10805
10804
10800
10792
10781
10769
10760
10742
10734
10732
10730
10719
10718
10717
10714
10707
10706
10697
10695
10693
10685
10683
10670
10669
10668
10665
10660
10657
10655
10647
10646
10640
10637
10635
10628
10627
10624
10620
10598
10588
10587
10582
10581
10576
10575
10559
10557
10554
10553
10550
10547
10535
10530
10525
10498
10496
10491
10482
10479
10473
10470
10466
10463
10459
10458
10457
10452
10449
10444
10442
10434
10433
10426
10417
10415
10413
10411
10409
10383
10371
10370
10368
10365
10358
10356
10355
10343
10343
10328
10325
10319
10317
10287
10286
10285
10281
10279
10275
10254
10251
10250
10241
10232
10229
10222
10216
10215
10205
10195
10194
10187
10169
10162
10152
10138
10137
10128
10127
10120
10117
10113
10111
10105
10098
10096
10073
10073
10065
10064
10063
10048
10047
10041
10037
10034
10034
10022
10021
10019
10017
10009
10007
10004
10002
9985
9984
9982
9970
9968
9966
9961
9955
9954
9949
9949
9944
9941
9940
9938
9938
9928
9925
9923
9912
9911
9909
9907
9905
9902
9901
9901
9900
9891
9874
9872
9852
9852
9851
9844
9835
9832
9829
9827
9825
9824
9821
9815
9813
9803
9800
9798
9795
9793
9792
9787
9780
9778
9777
9770
9769
9768
9761
9755
9753
9752
9752
9737
9736
9727
9727
9725
9721
9718
9695
9691
9689
9687
9682
9681
9680
9679
9676
9671
9668
9667
9662
9662
9659
9656
9651
9646
9645
9644
9642
9641
9640
9639
9629
9622
9617
9603
9598
9597
9590
9590
9589
9587
9584
9572
9571
9568
9565
9563
9560
9557
9546
9546
9545
9542
9538
9534
9533
9530
9526
9521
9521
9520
9519
9517
9516
9513
9499
9497
9495
9489
9487
9481
9476
9478
9477
9474
9469
9459
9451
9447
9444
9434
9431
9429
9428
9427
9424
9419
9417
9416
9407
9399
9388
9383
9373
9372
9372
9369
9358
9357
9352
9349
9338
9338
9326
9320
9318
9315
9312
9307
9303
9299
9299
9295
9292
9290
9289
9286
9279
9278
9275
9268
9267
9266
9260
9259
9250
9240
9238
9234
9226
9226
9223
9222
9220
9217
9214
9198
9197
9195
9194
9192
9191
9184
9176
9173
9170
9165
9163
9158
9152
9143
9141
9134
9129
9125
9120
9106
9101
9086
9085
9085
9066
9064
9063
9055
9049
9049
9046
9042
9034
9032
9034
9030
9029
9028
9020
9019
9012
9010
9009
9009
9009
9008
9005
9001
9001
8990
8985
8984
8975
8973
8972
8972
8971
8967
8962
8960
8958
8953
8952
8951
8947
8947
8942
8942
8942
8940
8940
8937
8935
8930
8926
8920
8917
8916
8914
8917
8912
8908
8906
8905
8900
8910
8897
8896
8896
8895
8893
8891
8890
8869
8867
8860
8859
8858
8857
8847
8842
8842
8840
8839
8837
8836
8835
8833
8829
8820
8819
8816
8813
8813
8812
8812
8808
8801
8799
8793
8791
8786
8786
8778
8773
8770
8768
8766
8765
8761
8754
8750
8744
8742
8739
8739
8735
8731
8730
8730
8727
8720
8715
8710
8699
8696
8695
8694
8691
8689
8687
8686
8684
8681
8674
8673
8672
8668
8666
8664
8664
8658
8656
8627
8622
8622
8616
8615
8612
8609
8606
8602
8591
8582
8573
8571
8565
8562
8561
8559
8556
8552
8551
8550
8550
8547
8546
8546
8543
8541
8541
8540
8540
8533
8531
8529
8529
8521
8519
8517
8514
8514
8514
8513
8513
8512
8512
8512
8512
8507
8507
8507
8506
8502
8500
8500
8493
8475
8472
8457
8453
8451
8446
8443
8439
8439
8438
8437
8436
8422
8420
8418
8418
8415
8414
8410
8409
8408
8403
8398
8396
8392
8391
8390
8389
8389
8389
8381
8381
8376
8369
8368
8357
8349
8349
8345
8341
8334
8333
8329
8328
8324
8319
8314
8311
8305
8305
8304
8303
8293
8292
8290
8428
8287
8285
8283
8283
8279
8278
8278
8276
8271
8268
8266
8266
8266
8265
8261
8260
8259
8250
8247
8244
8243
8243
8242
8240
8238
8236
8235
8250
8232
8230
8230
8227
8226
8226
8226
8221
8219
8216
8211
8210
8206
8197
8195
8195
8191
8188
8185
8185
8184
8180
8176
8170
8169
8165
8160
8157
8155
8149
8148
8144
8140
8137
8133
8129
8128
8125
8122
8122
8119
8119
8110
8104
8102
8100
8100
8100
8097
8097
8095
8093
8085
8084
8076
8072
8068
8068
8061
8061
8061
8061
8060
8058
8057
8051
8050
8049
8049
8048
8045
8042
8033
8031
8028
8024
8019
8006
8009
7999
7999
7989
7985
7985
7982
7976
7974
7972
7968
7968
7964
7958
7954
7952
7951
7951
7945
7942
7940
7939
7934
7932
7928
7923
7920
7916
7911
7910
7900
7900
7898
7896
7891
7888
7887
7882
7880
7879
7879
7878
7878
7873
7865
7862
7880
7929
7858
7858
7848
7846
7845
7840
7831
7831
7829
7828
7828
7825
7825
7817
7816
7813
7807
7807
7797
7796
7790
7790
7790
7788
7788
7792
7772
7761
7758
7755
7754
7750
7746
7745
7744
7744
7744
7742
7742
7741
7737
7735
7734
7729
7720
7719
7719
7710
7708
7706
7705
7705
7705
7701
7700
7692
7687
7685
7683
7680
7670
7667
7664
7662
7661
7660
7657
7656
7654
7653
7644
7644
7634
7629
7629
7627
7626
7626
7626
7624
7622
7618
7618
7617
7614
7613
7606
7605
7604
7596
7594
7588
7584
7582
7581
7579
7577
7577
7571
7566
7559
7566
7551
7540
7539
7538
7537
7531
7530
7527
7526
7524
7546
7523
7522
7522
7520
7514
7510
7510
7508
7505
7502
7496
7496
7495
7490
7490
7488
7486
7486
7485
7478
7476
7473
7472
7469
7468
7466
7453
7451
7450
7435
7433
7431
7430
7429
7426
7426
7424
7423
7423
7422
7421
7419
7416
7415
7414
7413
7411
7411
7411
7411
7404
7401
7398
7395
7393
7392
7392
7389
7387
7386
7385
7383
7382
7377
7372
7372
7372
7374
7371
7363
7362
7360
7357
7356
7351
7337
7331
7329
7327
7324
7319
7316
7315
7313
7309
7308
7300
7299
7297
7297
7295
7292
7288
7286
7281
7280
7278
7277
7277
7273
7271
7269
7268
7263
7262
7257
7253
7253
7252
7252
7250
7249
7249
7242
7242
7239
7239
7237
7236
7234
7234
7223
7216
7213
7212
7208
7208
7207
7204
7204
7203
7201
7199
7199
7193
7182
7180
7177
7175
7174
7174
7173
7165
7164
7163
7161
7160
7158
7157
7156
7156
7154
7153
7152
7151
7147
7145
7142
7141
7138
7138
7137
7136
7134
7132
7130
7123
7116
7116
7114
7112
7104
7100
7097
7096
7096
7092
7088
7084
7084
7078
7077
7075
7074
7073
7071
7071
7070
7069
7065
7061
7058
7057
7051
7048
7046
7042
7039
7036
7032
7027
7026
7025
7025
7024
7022
7019
7017
7012
7010
7009
7005
7004
7004
7001
7001
7001
6995
6994
6992
6987
6985
6984
6983
6982
6981
6980
6979
6978
6976
6974
6973
6972
6971
6969
6968
6964
6961
6960
6960
6960
6960
6958
6958
6958
6956
6955
6954
6954
6952
6945
6944
6942
6942
6941
6936
6931
6930
6928
6925
6925
6923
6923
6922
6922
6922
6921
6920
6919
6911
6907
6905
6902
6893
6888
6887
6882
6881
6878
6877
6877
6876
6874
6873
6873
6870
6867
6866
6864
6863
6862
6860
6858
6858
6857
6857
6856
6852
6847
6842
6837
6837
6836
6835
6835
6837
6825
6818
6818
6816
6815
6815
6814
6807
6807
6805
6804
6802
6800
6800
6796
6796
6795
6794
6794
6792
6791
6789
6788
6788
6785
6783
6773
6773
6766
6757
6752
6751
6750
6748
6745
6744
6743
6741
6740
6738
6738
6735
6733
6726
6725
6725
6725
6724
6722
6721
6720
6715
6714
6713
6708
6706
6705
6703
6701
6701
6691
6690
6689
6687
6685
6683
6682
6681
6676
6675
6675
6669
6668
6666
6665
6665
6664
6663
6661
6661
6660
6659
6658
6657
6657
6657
6656
6652
6650
6643
6642
6638
6637
6630
6629
6627
6620
6617
6617
6615
6612
6611
6608
6605
6605
6604
6604
6603
6602
6598
6596
6596
6596
6596
6594
6592
6589
6589
6586
6582
6578
6578
6575
6572
6569
6564
6563
6562
6560
6559
6556
6556
6554
6553
6553
6552
6552
6552
6550
6548
6537
6537
6537
6536
6534
6531
6526
6526
6523
6523
6519
6517
6515
6515
6515
6514
6511
6511
6508
6507
6507
6506
6501
6498
6498
6497
6494
6494
6494
6493
6493
6493
6490
6490
6487
6483
6470
6468
6468
6467
6466
6464
6464
6462
6461
6460
6458
6455
6455
6448
6448
6443
6442
6441
6440
6439
6438
6435
6434
6433
6432
6431
6427
6426
6422
6422
6422
6418
6416
6410
6409
6401
6400
6400
6399
6398
6398
6397
6397
6396
6394
6387
6380
6377
6377
6377
6376
6376
6373
6371
6366
6365
6361
6359
6358
6357
6353
6349
6347
6344
6344
6342
6339
6339
6337
6336
6335
6335
6334
6334
6332
6331
6329
6329
6325
6324
6320
6319
6319
6316
6312
6305
6303
6303
6303
6300
6293
6292
6292
6287
6287
6285
6280
6279
6279
6276
6273
6272
6271
6271
6271
6270
6268
6267
6265
6260
6259
6257
6256
6252
6251
6250
6249
6247
6246
6244
6238
6237
6237
6235
6235
6230
6228
6223
6219
6217
6216
6215
6211
6209
6206
6202
6202
6200
6200
6199
6199
6199
6199
6196
6192
6189
6186
6185
6183
6182
6180
6178
6176
6173
6170
6169
6167
6167
6163
6152
6152
6151
6151
6146
6140
6138
6134
6128
6127
6125
6122
6121
6120
6117
6116
6115
6115
6110
6110
6108
6107
6105
6104
6102
6098
6091
6089
6087
6086
6086
6085
6085
6085
6085
6085
6083
6077
6076
6080
6066
6063
6061
6058
6057
6056
6047
6045
6041
6037
6036
6032
6031
6028
6028
6027
6027
6027
6027
6016
6016
6015
6014
6013
6012
6010
6010
6000
5996
5995
5994
5993
5991
5990
5990
5989
5987
5984
5980
5979
5976
5973
5970
5969
5964
5963
5963
5962
5962
5959
5957
5955
5954
5954
5953
5952
5943
5942
5941
5936
5928
5924
5922
5922
5919
5917
5916
5916
5914
5907
5906
5905
5904
5902
5901
5899
5899
5898
5897
5894
5892
5892
5888
5888
5844
5885
5884
5880
5878
5876
5875
5873
5873
5871
5871
5868
5866
5860
5859
5859
5858
5858
5857
5855
5851
5851
5849
5844
5844
5842
5842
5840
5840
5838
5838
5837
5837
5834
5830
5829
5829
5829
5828
5826
5825
5823
5822
5819
5818
5818
5818
5817
5816
5814
5811
5810
5808
5805
5804
5802
5797
5801
5796
5795
5794
5793
5792
5791
5791
5784
5784
5783
5779
5777
5777
5776
5774
5777
5773
5773
5771
5770
5770
5770
5767
5763
5762
5761
5761
5760
5758
5758
5757
5757
5756
5755
5754
5751
5750
5750
5748
5745
5742
5741
5739
5739
5738
5738
5732
5730
5729
5727
5721
5717
5715
5710
5710
5709
5708
5706
5705
5703
5702
5702
5701
5701
5699
5699
5697
5696
5690
5689
5685
5688
5684
5683
5680
5679
5679
5676
5674
5674
5670
5666
5663
5662
5660
5660
5659
5659
5659
5658
5658
5658
5657
5657
5656
5652
5646
5645
5644
5643
5642
5642
5640
5640
5640
5633
5633
5631
5629
5629
5628
5626
5626
5621
5619
5617
5613
5611
5610
5613
5607
5606
5606
5604
5602
5599
5594
5589
5587
5586
5584
5576
5574
5574
5574
5572
5569
5566
5565
5565
5564
5553
5551
5548
5545
5544
5540
5540
5539
5538
5537
5534
5533
5533
5532
5532
5531
5531
5531
5528
5527
5526
5526
5521
5521
5518
5515
5512
5512
5508
5506
5504
5504
5506
5498
5497
5496
5496
5496
5496
5494
5493
5492
5491
5490
5489
5489
5488
5487
5485
5483
5483
5483
5482
5481
5473
5472
5466
5464
5464
5461
5461
5460
5456
5454
5454
5453
5453
5452
5451
5451
5449
5448
5449
5444
5444
5442
5439
5439
5438
5437
5436
5432
5430
5426
5426
5426
5422
5421
5420
5418
5417
5415
5414
5414
5411
5410
5300
5409
5407
5407
5406
5406
5405
5405
5403
5403
5403
5401
5401
5400
5397
5396
5395
5393
5386
5385
5381
5381
5378
5378
5374
5374
5372
5371
5371
5370
5373
5370
5369
5369
5369
5368
5365
5365
5364
5364
5363
5363
5361
5359
5359
5358
5357
5355
5355
5354
5354
5352
5351
5350
5349
5344
5343
5343
5342
5341
5339
5338
5338
5336
5333
5327
5325
5325
5324
5323
5321
5319
5317
5317
5314
5313
5307
5306
5305
5303
5303
5302
5300
5299
5297
5294
5294
5293
5292
5292
5291
5289
5288
5287
5285
5283
5282
5281
5281
5281
5280
5279
5275
5273
5273
5271
5269
5268
5266
5263
5263
5262
5260
5258
5257
5256
5252
5248
5247
5246
5244
5239
5235
5233
5231
5230
5229
5228
5227
5227
5227
5226
5224
5223
5221
5220
5216
5212
5209
5209
5209
5208
5207
5206
5206
5204
5204
5204
5201
5201
5200
5200
5197
5196
5196
5195
5194
5194
5191
5190
5189
5186
5185
5181
5178
5178
5177
5176
5171
5170
5170
5168
5168
5166
5166
5166
5163
5159
5158
5156
5156
5154
5150
5148
5147
5145
5145
5144
5144
5143
5141
5139
5137
5137
5136
5136
5135
5134
5133
5133
5131
5130
5129
5127
5115
5125
5124
5123
5122
5120
5119
5119
5115
5115
5112
5111
5110
5109
5107
5105
5104
5103
5102
5100
5099
5098
5098
5098
5095
5093
5092
5092
5091
5091
5090
5090
5088
5087
5086
5084
5083
5082
5079
5078
5077
5077
5075
5075
5075
5075
5069
5068
5067
5066
5066
5063
5063
5062
5062
5059
5056
5056
5055
5055
5052
5049
5047
5046
5045
5045
5045
5044
5044
5039
5039
5037
5033
5033
5032
5031
5030
5029
5029
5029
5027
5026
5026
5025
5024
5023
5021
5021
5019
5019
5018
5014
5013
5012
5011
5011
5008
5006
5005
5004
5002
5001
4997
4992
4991
4989
4986
4985
4984
4983
4980
4980
4978
4978
4977
4977
4975
4972
4971
4970
4968
4966
4964
4964
4963
4962
4962
4961
4961
4960
4958
4958
4957
4956
4955
4954
4954
4952
4951
4949
4948
4947
4946
4945
4942
4938
4938
4938
4936
4935
4935
4935
4934
4933
4928
4928
4928
4927
4927
4926
4926
4925
4924
4923
4923
4922
4922
4922
4921
4919
4919
4917
4917
4916
4915
4915
4915
4913
4911
4910
4909
4909
4907
4906
4906
4905
4901
4901
4900
4900
4899
4898
4897
4893
4890
4889
4888
4888
4888
4887
4887
4886
4885
4884
4883
4883
4882
4882
4880
4878
4878
4875
4874
4874
4875
4873
4871
4871
4869
4869
4866
4865
4865
4864
4864
4863
4862
4858
4857
4855
4855
4853
4851
4851
4851
4850
4850
4850
4848
4845
4843
4839
4838
4837
4837
4836
4834
4833
4832
4830
4830
4830
4829
4828
4826
4826
4826
4826
4825
4824
4824
4822
4821
4819
4819
4817
4814
4814
4813
4813
4811
4811
4809
4808
4808
4807
4803
4801
4800
4799
4833
4799
4798
4797
4796
4796
4793
4791
4791
4790
4786
4786
4784
4779
4776
4775
4775
4770
4769
4768
4768
4766
4766
4765
4764
4764
4764
4763
4761
4758
4758
4757
4756
4753
4753
4752
4752
4752
4748
4747
4747
4747
4746
4744
4744
4743
4742
4742
4740
4740
4737
4735
4735
4734
4734
4732
4731
4730
4730
4729
4729
4729
4727
4725
4723
4722
4720
4720
4719
4717
4716
4715
4714
4714
4713
4712
4711
4707
4707
4707
4706
4706
4706
4706
4705
4704
4701
4698
4700
4695
4695
4691
4690
4689
4687
4687
4686
4685
4682
4680
4679
4678
4676
4675
4675
4674
4674
4674
4673
4673
4672
4672
4671
4669
4665
4664
4661
4660
4658
4657
4657
4656
4655
4655
4653
4651
4651
4650
4649
4649
4648
4648
4647
4645
4644
4642
4642
4641
4641
4640
4639
4638
4637
4632
4631
4631
4629
4627
4627
4627
4626
4626
4625
4624
4623
4622
4621
4620
4620
4620
4617
4614
4613
4613
4612
4611
4611
4611
4607
4605
4603
4601
4601
4600
4600
4599
4598
4597
4595
4593
4591
4589
4585
4585
4584
4584
4582
4581
4581
4578
4576
4575
4574
4573
4573
4572
4571
4571
4570
4570
4570
4569
4567
4567
4566
4564
4562
4561
4558
4555
4555
4554
4554
4554
4553
4553
4552
4550
4549
4548
4546
4545
4544
4543
4541
4540
4540
4530
4530
4528
4526
4526
4523
4522
4521
4519
4516
4516
4514
4514
4513
4513
4512
4512
4511
4509
4506
4505
4505
4505
4504
4504
4503
4503
4503
4502
4497
4496
4496
4493
4493
4492
4492
4491
4491
4491
4491
4490
4489
4489
4488
4487
4486
4486
4485
4485
4483
4482
4481
4480
4479
4476
4473
4471
4468
4468
4466
4466
4465
4465
4464
4463
4462
4461
4460
4459
4458
4457
4454
4454
4453
4453
4450
4448
4448
4448
4447
4446
4446
4446
4445
4445
4443
4442
4441
4440
4440
4439
4439
4439
4439
4439
4438
4437
4436
4435
4433
4432
4431
4431
4430
4430
4429
4427
4426
4425
4424
4422
4422
4420
4417
4416
4416
4415
4415
4414
4412
4410
4410
4409
4409
4408
4408
4407
4406
4405
4405
4404
4403
4401
4401
4400
4399
4398
4395
4392
4392
4391
4391
4389
4386
4386
4386
4386
4384
4384
4384
4383
4382
4382
4380
4380
4379
4377
4373
4372
4371
4371
4371
4370
4369
4367
4364
4362
4361
4360
4359
4358
4358
4357
4357
4357
4355
4354
4353
4353
4352
4350
4347
4347
4346
4344
4343
4343
4343
4342
4342
4342
4341
4341
4338
4338
4336
4338
4333
4333
4333
4332
4332
4330
4329
4329
4328
4328
4327
4326
4326
4325
4325
4324
4324
4323
4323
4322
4320
4319
4316
4314
4313
4312
4312
4308
4306
4305
4305
4303
4303
4300
4300
4300
4298
4297
4297
4296
4296
4294
4292
4292
4291
4290
4290
4290
4290
4289
4288
4288
4286
4284
4282
4281
4279
4279
4279
4278
4278
4277
4277
4277
4276
4275
4274
4274
4271
4271
4271
4270
4270
4269
4269
4266
4266
4266
4265
4263
4263
4263
4259
4258
4258
4257
4257
4254
4254
4252
4251
4250
4250
4250
4249
4249
4248
4247
4246
4246
4245
4245
4243
4243
4243
4242
4242
4242
4240
4239
4239
4238
4238
4237
4237
4236
4271
4236
4235
4235
4231
4231
4231
4230
4227
4226
4226
4226
4224
4224
4224
4223
4222
4222
4222
4220
4219
4219
4218
4218
4217
4216
4216
4215
4214
4214
4213
4213
4211
4210
4208
4206
4206
4206
4206
4205
4205
4205
4204
4203
4203
4203
4202
4201
4200
4200
4200
4200
4199
4198
4197
4197
4197
4196
4196
4195
4193
4193
4190
4189
4189
4188
4188
4186
4185
4185
4184
4183
4182
4181
4180
4179
4179
4178
4175
4174
4178
4174
4173
4173
4172
4172
4172
4171
4171
4170
4170
4169
4169
4168
4168
4167
4167
4165
4165
4164
4163
4163
4162
4160
4158
4158
4158
4158
4157
4157
4155
4155
4154
4153
4153
4151
4151
4150
4149
4148
4147
4147
4146
4145
4145
4145
4144
4140
4140
4139
4138
4136
4135
4135
4134
4133
4178
4129
4128
4126
4126
4124
4124
4124
4123
4122
4122
4122
4121
4120
4119
4119
4118
4117
4117
4116
4116
4115
4113
4112
4111
4111
4110
4107
4106
4105
4108
4104
4104
4104
4103
4101
4101
4100
4100
4099
4099
4099
4096
4096
4095
4094
4093
4093
4092
4092
4090
4090
4090
4089
4089
4089
4089
4088
4088
4084
4084
4083
4082
4082
4080
4080
4080
4080
4079
4079
4078
4078
4077
4076
4075
4075
4072
4070
4069
4067
4065
4065
4065
4063
4062
4062
4062
4060
4058
4058
4056
4054
4054
4053
4053
4052
4051
4050
4050
4046
4046
4046
4043
4043
4042
4041
4040
4038
4037
4037
4036
4036
4035
4034
4034
4033
4032
4031
4031
4030
4030
4029
4028
4028
4025
4024
4024
4024
4023
4023
4022
4020
4019
4019
4018
4012
4009
4009
4008
4007
4007
4005
4003
4003
4002
4002
4001
3999
3998
3998
3997
3997
3997
3995
3994
3994
3994
3993
3992
3991
3990
3990
3987
3987
3986
3986
3986
3984
3983
4042
3980
3979
3979
3979
3979
3979
3978
3976
3973
3971
3971
3970
3969
3968
3968
3968
3967
3966
3966
3964
3963
3959
3958
3958
3958
3957
3955
3955
3954
3953
3953
3953
3952
3951
3951
3950
3950
3950
3948
3947
3945
3945
3943
3942
3942
3942
3941
3940
3939
3938
3937
3937
3936
3936
3936
3935
3934
3933
3933
3933
3932
3932
3932
3931
3931
3930
3929
3928
3927
3926
3926
3925
3924
3923
3923
3923
3921
3919
3918
3917
3915
3914
3912
3912
3910
3910
3910
3910
3909
3909
3908
3907
3907
3907
3906
3904
3904
3902
3902
3902
3900
3898
3898
3897
3896
3896
3894
3894
3894
3893
3892
3890
3889
3889
3888
3888
3887
3887
3887
3885
3885
3885
3885
3884
3883
3883
3882
3882
3882
3882
3881
3880
3879
3878
3877
3877
3875
3873
3873
3872
3871
3871
3869
3869
3869
3868
3868
3867
3867
3865
3864
3867
3861
3861
3858
3858
3858
3858
3858
3857
3857
3856
3855
3855
3854
3854
3853
3852
3851
3850
3849
3847
3847
3847
3845
3844
3843
3843
3842
3841
3841
3840
3840
3840
3840
3839
3839
3838
3838
3837
3836
3836
3835
3834
3834
3834
3832
3831
3828
3828
3828
3828
3827
3827
3826
3826
3824
3823
3823
3823
3823
3821
3819
3819
3818
3817
3817
3815
3819
3815
3815
3815
3813
3824
3813
3813
3811
3809
3809
3809
3808
3807
3806
3806
3805
3804
3804
3804
3803
3800
3800
3796
3796
3796
3795
3794
3798
3793
3793
3792
3790
3789
3789
3788
3788
3788
3787
3786
3785
3783
3782
3781
3778
3778
3777
3776
3775
3775
3775
3772
3772
3771
3770
3770
3769
3763
3763
3762
3760
3757
3756
3754
3751
3751
3749
3749
3748
3747
3747
3747
3746
3746
3746
3746
3745
3745
3744
3742
3742
3742
3741
3740
3739
3738
3738
3738
3738
3738
3738
3737
3737
3736
3736
3734
3734
3733
3732
3732
3732
3731
3731
3731
3731
3730
3730
3728
3728
3728
3728
3727
3724
3724
3724
3723
3723
3724
3722
3721
3721
3720
3718
3718
3718
3716
3716
3715
3721
3714
3712
3712
3712
3712
3712
3711
3711
3711
3710
3708
3708
3708
3707
3706
3703
3703
3702
3702
3701
3699
3697
3696
3696
3695
3695
3695
3694
3694
3693
3691
3691
3691
3691
3689
3689
3688
3688
3688
3687
3687
3687
3686
3686
3685
3684
3683
3683
3683
3682
3682
3681
3681
3680
3680
3679
3678
3677
3677
3675
3674
3674
3673
3673
3672
3671
3671
3671
3671
3671
3670
3669
3669
3668
3667
3666
3665
3665
3663
3663
3663
3660
3660
3660
3659
3659
3658
3658
3657
3657
3656
3655
3654
3654
3652
3652
3652
3651
3650
3650
3650
3649
3649
3648
3648
3647
3647
3646
3646
3646
3646
3645
3645
3644
3644
3642
3641
3638
3637
3637
3636
3635
3633
3633
3633
3632
3631
3631
3630
3629
3629
3627
3627
3626
3626
3624
3624
3624
3624
3623
3623
3623
3622
3624
3621
3621
3620
3620
3620
3620
3620
3617
3616
3614
3614
3614
3613
3613
3613
3611
3611
3610
3610
3609
3609
3607
3607
3607
3605
3605
3603
3602
3602
3602
3600
3599
3598
3598
3597
3595
3594
3594
3594
3593
3592
3591
3591
3590
3589
3588
3587
3585
3585
3583
3583
3582
3580
3579
3579
3579
3579
3578
3578
3578
3577
3577
3576
3575
3574
3574
3572
3571
3571
3570
3569
3569
3569
3568
3567
3567
3566
3564
3563
3560
3560
3560
3559
3559
3559
3558
3558
3558
3557
3556
3555
3560
3555
3555
3554
3554
3552
3552
3551
3550
3550
3550
3550
3550
3550
3549
3549
3549
3549
3548
3548
3548
3547
3547
3546
3545
3545
3545
3543
3543
3542
3542
3541
3540
3539
3539
3539
3538
3538
3538
3537
3537
3537
3536
3535
3534
3532
3532
3531
3530
3530
3529
3528
3528
3527
3526
3524
3523
3523
3522
3521
3520
3518
3518
3517
3517
3517
3517
3516
3516
3514
3513
3513
3511
3511
3511
3511
3510
3510
3510
3509
3509
3509
3508
3508
3508
3507
3507
3506
3506
3504
3504
3504
3502
3502
3502
3502
3501
3500
3500
3500
3500
3499
3498
3498
3498
3498
3498
3498
3497
3497
3497
3496
3496
3496
3495
3495
3494
3492
3498
3490
3489
3489
3489
3488
3488
3486
3482
3482
3482
3481
3481
3480
3479
3479
3478
3477
3477
3477
3476
3476
3476
3476
3475
3473
3471
3470
3470
3470
3470
3470
3470
3469
3469
3468
3465
3464
3464
3464
3463
3463
3463
3462
3461
3460
3459
3458
3457
3456
3455
3455
3454
3454
3453
3452
3452
3452
3452
3451
3450
3450
3449
3448
3447
3446
3446
3444
3444
3443
3443
3443
3442
3442
3441
3439
3439
3438
3436
3435
3435
3435
3434
3434
3433
3433
3432
3431
3431
3430
3430
3429
3428
3427
3427
3426
3426
3426
3425
3425
3424
3424
3423
3423
3423
3422
3421
3420
3419
3419
3418
3421
3417
3417
3417
3413
3413
3412
3410
3410
3410
3410
3409
3409
3408
3408
3407
3407
3407
3405
3404
3403
3403
3403
3402
3401
3401
3400
3399
3399
3399
3398
3398
3397
3396
3395
3395
3394
3394
3394
3393
3393
3393
3393
3390
3390
3390
3388
3387
3386
3386
3384
3384
3383
3382
3382
3379
3379
3378
3377
3377
3377
3377
3376
3376
3375
3372
3372
3372
3372
3372
3371
3370
3370
3370
3370
3369
3369
3369
3367
3367
3367
3366
3366
3365
3365
3365
3364
3364
3364
3363
3363
3363
3363
3363
3362
3362
3361
3360
3360
3358
3358
3358
3356
3355
3355
3355
3354
3354
3353
3351
3350
3349
3349
3348
3348
3348
3347
3346
3346
3345
3345
3344
3344
3342
3342
3342
3338
3338
3337
3337
3336
3336
3336
3336
3336
3335
3335
3334
3334
3334
3333
3333
3330
3330
3330
3330
3329
3329
3329
3328
3328
3326
3325
3325
3325
3325
3324
3324
3323
3323
3322
3321
3321
3320
3319
3318
3317
3317
3316
3316
3315
3314
3314
3314
3313
3313
3312
3312
3312
3311
3311
3310
3310
3308
3317
3307
3307
3306
3306
3305
3305
3304
3303
3303
3302
3299
3299
3297
3295
3295
3295
3295
3294
3293
3293
3292
3291
3291
3290
3290
3290
3290
3289
3289
3288
3288
3287
3287
3287
3286
3285
3285
3284
3284
3283
3281
3281
3279
3278
3277
3277
3276
3276
3275
3274
3274
3274
3274
3273
3272
3272
3272
3271
3271
3271
3270
3270
3270
3269
3269
3268
3268
3268
3268
3268
3267
3267
3267
3266
3266
3265
3265
3265
3265
3264
3264
3264
3262
3260
3260
3259
3259
3258
3257
3256
3255
3255
3255
3255
3254
3253
3258
3251
3251
3251
3250
3250
3249
3248
3247
3247
3247
3246
3246
3245
3243
3242
3241
3240
3240
3240
3240
3239
3239
3236
3235
3235
3235
3234
3232
3231
3231
3231
3231
3231
3230
3230
3228
3227
3226
3226
3226
3226
3224
3223
3223
3223
3222
3222
3222
3222
3222
3221
3220
3220
3220
3220
3219
3219
3218
3217
3217
3216
3216
3215
3214
3214
3213
3213
3212
3212
3211
3210
3208
3208
3208
3208
3208
3208
3207
3206
3205
3205
3205
3204
3203
3203
3202
3202
3202
3202
3201
3201
3200
3199
3197
3197
3196
3195
3195
3194
3194
3193
3193
3193
3193
3192
3192
3191
3191
3190
3190
3189
3189
3189
3189
3188
3188
3188
3188
3188
3187
3186
3186
3185
3184
3183
3182
3181
3181
3178
3177
3176
3176
3174
3173
3173
3172
3172
3171
3170
3170
3169
3169
3168
3168
3168
3167
3167
3165
3165
3165
3164
3164
3163
3163
3162
3161
3160
3159
3159
3159
3158
3158
3158
3158
3158
3157
3157
3155
3155
3154
3152
3151
3151
3151
3151
3151
3150
3150
3150
3149
3149
3149
3148
3148
3147
3146
3146
3145
3144
3144
3143
3142
3142
3142
3142
3142
3141
3141
3140
3140
3139
3139
3138
3138
3138
3137
3137
3137
3136
3136
3136
3136
3135
3134
3134
3133
3133
3133
3133
3132
3131
3130
3130
3130
3130
3129
3129
3129
3129
3128
3127
3125
3125
3125
3124
3123
3123
3123
3122
3121
3121
3121
3120
3120
3120
3120
3119
3118
3117
3117
3117
3116
3116
3115
3115
3115
3115
3115
3115
3114
3114
3114
3114
3114
3113
3113
3113
3112
3112
3112
3112
3110
3109
3108
3108
3108
3107
3106
3106
3106
3106
3105
3105
3104
3103
3103
3103
3102
3102
3102
3101
3101
3100
3100
3099
3098
3098
3098
3097
3097
3097
3096
3096
3095
3095
3094
3094
3093
3092
3091
3091
3091
3091
3091
3090
3090
3090
3089
3087
3087
3086
3085
3085
3084
3084
3084
3084
3083
3081
3081
3080
3080
3080
3079
3078
3078
3077
3076
3076
3075
3074
3072
3072
3072
3071
3071
3070
3070
3068
3067
3067
3067
3066
3066
3065
3065
3065
3100
3064
3063
3062
3062
3062
3062
3061
3059
3058
3057
3057
3056
3054
3054
3053
3053
3052
3052
3051
3051
3051
3048
3047
3046
3045
3045
3044
3042
3042
3042
3042
3041
3040
3040
3040
3039
3038
3038
3037
3036
3039
3036
3035
3034
3034
3034
3034
3031
3030
3030
3029
3029
3029
3028
3028
3028
3026
3026
3025
3025
3024
3024
3024
3022
3021
3021
3020
3020
3019
3019
3018
3018
3018
3018
3017
3016
3016
3015
3015
3015
3014
3014
3014
3013
3013
3012
3012
3010
3010
3009
3009
3009
3009
3008
3008
3007
3007
3007
3007
3007
3006
3006
3005
3005
3004
3004
3004
3004
3004
3003
3002
3002
3001
