518123
448737
152853
135167
132068
130558
114788
108709
103526
101903
98303
94670
91532
87573
83276
82856
82568
79214
76850
71437
67366
64036
55580
53910
52853
52720
50012
47175
45404
43771
43492
43145
42292
40576
39527
39190
38744
36984
36751
36434
33939
33933
33916
33911
33510
33376
33111
33045
32809
32760
32276
31601
31542
31289
30471
30457
30273
29589
29548
28697
28521
28337
27476
27332
26714
26704
26415
25950
25416
25393
25097
25022
24610
23600
23313
22755
22440
22408
22176
21808
21660
21651
21422
21058
20714
20614
20554
20379
19623
19577
19452
19348
19215
19029
18683
18366
17986
17694
17687
17402
17335
17132
16997
16957
16821
16494
16415
16404
16284
16208
16129
16090
15799
15777
15677
15569
15492
15281
15240
15229
15140
14941
14820
14701
14560
14517
14472
14463
14321
14282
14249
13805
13778
13719
13675
13520
13471
13468
13425
13419
13265
13231
13095
13054
13030
12952
12695
12668
12664
12461
12439
12430
12380
12376
12172
12165
12164
12158
12118
12063
12059
11971
11910
11896
11801
11767
11702
11679
11624
11594
11519
11418
11418
11368
11347
11304
11274
11270
11259
11217
11161
11159
11093
11083
11054
11020
11008
10989
10940
10934
10884
10838
10835
10802
10783
10626
10593
10580
10517
10501
10443
10439
10430
10401
10397
10377
10333
10289
10164
10158
10013
10004
9987
9985
9971
9879
9784
9773
9739
9706
9682
9629
9608
9604
9598
9593
9568
9522
9482
9470
9468
9464
9449
9440
9435
9410
9373
9371
9355
9240
9214
9207
9207
9200
9145
9121
9115
9102
9069
9038
9037
9011
8979
8955
8954
8943
8931
8901
8877
8874
8877
8822
8789
8782
8781
8725
8718
8712
8707
8689
8669
8662
8643
8629
8598
8575
8550
8549
8493
8492
8481
8470
8430
8415
8415
8387
8381
8379
8376
8376
8367
8363
8342
8328
8312
8278
8269
8248
8235
8224
8208
8204
8196
8182
8170
8154
8142
8075
8060
8058
8037
8004
8001
7999
7984
7955
7907
7897
7891
7891
7887
7852
7835
7818
7771
7764
7757
7729
7728
7725
7719
7718
7709
7708
7708
7708
7654
7647
7617
7611
7610
7607
7593
7590
7551
7515
7509
7498
7487
7476
7476
7470
7462
7423
7399
7396
7390
7382
7371
7370
7367
7362
7356
7350
7345
7340
7338
7337
7330
7328
7322
7313
7304
7288
7286
7277
7273
7265
7250
7243
7224
7223
7222
7209
7200
7198
7146
7134
7110
7103
7102
6985
7079
7073
7057
7044
7038
7035
7023
7015
7014
6975
6974
6973
6955
6946
6940
6924
6908
6894
6864
6853
6830
6828
6815
6813
6812
6808
6786
6770
6769
6755
6751
6741
6738
6729
6707
6695
6686
6683
6673
6663
6657
6633
6600
6593
6564
6545
6543
6536
6533
6525
6524
6518
6517
6515
6490
6476
6459
6446
6445
6444
6441
6433
6431
6425
6423
6415
6413
6411
6408
6386
6383
6381
6378
6364
6358
6348
6344
6338
6336
6334
6332
6319
6316
6313
6303
6278
6269
6262
6249
6245
6228
6227
6222
6214
6200
6193
6193
6190
6183
6176
6151
6150
6147
6145
6141
6136
6131
6124
6124
6123
6119
6117
6113
6108
6106
6100
6100
6098
6091
6085
6081
6079
6065
6060
6057
6049
6044
6036
6033
6026
6023
6018
6011
6010
6005
6002
5989
5988
5984
5981
5979
5976
5974
5965
5960
5937
5931
5929
5927
5918
5913
5912
5904
5900
5898
5894
5893
5892
5888
5888
5879
5873
5861
5846
5845
5838
5836
5830
5814
5811
5808
5808
5798
5793
5772
5770
5770
5764
5760
5758
5758
5756
5745
5740
5737
5733
5730
5720
5708
5704
5703
5695
5688
5672
5665
5660
5659
5657
5655
5653
5647
5643
5639
5638
5637
5630
5606
5604
5599
5597
5592
5590
5584
5572
5571
5546
5537
5530
5508
5505
5503
5501
5487
5475
5472
5459
5456
5441
5433
5433
5432
5411
5410
5403
5377
5366
5365
5364
5361
5360
5358
5356
5350
5346
5344
5343
5332
5331
5324
5320
5317
5312
5311
5308
5304
5298
5294
5286
5286
5270
5265
5257
5256
5254
5244
5241
5240
5233
5225
5224
5223
5221
5215
5206
5205
5197
5194
5189
5180
5179
5174
5168
5166
5164
5155
5144
5142
5142
5140
5139
5125
5125
5115
5110
5106
5103
5096
5096
5092
5091
5086
5085
5083
5081
5081
5074
5062
5059
5057
5056
5054
5051
5051
5048
5046
5046
5042
5033
5029
5029
5019
5017
5012
5009
5008
5000
4998
4997
4996
4993
4993
4985
4981
4980
4979
4977
4973
4973
4972
4970
4967
4965
4963
4963
4959
4957
4956
4953
4947
4943
4938
4937
4922
4919
4912
4909
4901
4897
4893
4889
4889
4887
4863
4862
4861
4859
4857
4856
4854
4843
4840
4834
4830
4828
4825
4823
4820
4815
4808
4804
4792
4790
4788
4786
4785
4781
4778
4770
4769
4768
4766
4762
4761
4759
4743
4739
4730
4728
4727
4727
4726
4724
4724
4716
4716
4715
4715
4712
4703
4701
4695
4691
4691
4688
4685
4683
4676
4673
4668
4664
4658
4651
4647
4647
4645
4641
4640
4640
4638
4632
4631
4630
4624
4623
4621
4609
4609
4606
4603
4600
4594
4594
4587
4587
4581
4574
4570
4570
4566
4565
4564
4562
4554
4553
4551
4551
4548
4547
4543
4542
4536
4536
4536
4526
4525
4525
4522
4521
4519
4517
4506
4505
4504
4502
4501
4500
4497
4495
4495
4494
4493
4492
4488
4475
4467
4455
4452
4449
4448
4446
4441
4441
4439
4438
4435
4435
4429
4429
4425
4422
4415
4414
4413
4411
4410
4409
4408
4403
4402
4398
4398
4397
4397
4394
4393
4392
4390
4385
4384
4373
4372
4372
4371
4370
4369
4369
4368
4366
4366
4351
4348
4343
4342
4338
4337
4335
4334
4332
4332
4331
4321
4314
4312
4305
4304
4298
4294
4289
4288
4287
4286
4284
4282
4280
4278
4274
4273
4271
4270
4267
4266
4265
4263
4263
4261
4261
4259
4257
4255
4253
4253
4253
4251
4248
4234
4225
4219
4218
4215
4215
4212
4209
4209
4207
4207
4204
4201
4199
4193
4189
4184
4181
4181
4179
4176
4174
4167
4166
4166
4150
4147
4143
4141
4140
4130
4120
4120
4120
4116
4114
4103
4101
4100
4096
4093
4093
4093
4093
4092
4085
4084
4081
4080
4079
4077
4076
4075
4072
4060
4059
4056
4055
4054
4052
4048
4046
4045
4045
4044
4042
4037
4036
4035
4034
4031
4030
4030
4029
4026
4020
4019
4018
4016
4015
4010
4009
4009
4008
4004
4002
3997
3996
3995
3984
3983
3983
3981
3980
3977
3976
3976
3969
3968
3965
3965
3961
3960
3959
3958
3957
3957
3957
3955
3955
3954
3953
3952
3950
3950
3947
3943
3943
3940
3938
3935
3932
3928
3922
3919
3918
3914
3912
3912
3910
3908
3908
3905
3904
3902
3901
3898
3897
3895
3893
3891
3891
3889
3887
3884
3883
3883
3882
3881
3879
3874
3873
3873
3872
3867
3865
3864
3860
3860
3857
3852
3847
3842
3841
3838
3836
3835
3835
3831
3830
3827
3824
3821
3820
3818
3817
3817
3817
3816
3815
3815
3814
3813
3811
3806
3804
3801
3798
3796
3795
3793
3792
3791
3786
3782
3780
3773
3773
3771
3771
3766
3763
3762
3762
3761
3759
3756
3751
3750
3749
3749
3740
3739
3736
3732
3731
3727
3727
3724
3723
3720
3718
3716
3716
3715
3715
3714
3711
3709
3707
3706
3705
3705
3703
3699
3697
3697
3696
3695
3695
3694
3691
3688
3684
3684
3683
3682
3682
3681
3680
3677
3675
3672
3670
3668
3666
3666
3663
3663
3657
3657
3652
3651
3646
3645
3636
3636
3631
3628
3627
3624
3624
3624
3622
3621
3619
3616
3613
3610
3606
3594
3593
3592
3590
3588
3584
3576
3574
3569
3566
3565
3562
3557
3555
3553
3549
3549
3549
3548
3546
3540
3538
3537
3534
3531
3530
3529
3529
3528
3527
3524
3522
3518
3518
3517
3517
3516
3516
3515
3515
3514
3513
3509
3509
3501
3500
3500
3497
3495
3495
3494
3494
3492
3491
3491
3486
3486
3486
3486
3480
3480
3480
3479
3478
3477
3476
3476
3476
3473
3472
3472
3471
3471
3470
3466
3466
3466
3465
3463
3462
3461
3461
3459
3459
3457
3457
3452
3452
3451
3451
3450
3450
3449
3448
3447
3446
3445
3445
3445
3444
3444
3444
3438
3436
3435
3434
3433
3433
3433
3433
3432
3431
3431
3430
3428
3423
3422
3422
3422
3421
3421
3420
3419
3418
3418
3417
3417
3416
3415
3413
3412
3409
3408
3408
3406
3404
3400
3398
3395
3395
3393
3392
3391
3389
3386
3386
3385
3385
3384
3384
3379
3379
3378
3378
3376
3375
3374
3373
3372
3372
3371
3369
3368
3365
3364
3360
3359
3355
3353
3353
3352
3347
3345
3345
3344
3344
3338
3336
3334
3332
3331
3330
3329
3329
3329
3328
3326
3326
3324
3322
3319
3318
3317
3317
3315
3315
3314
3314
3311
3308
3307
3306
3306
3303
3301
3300
3299
3299
3297
3296
3293
3292
3291
3288
3287
3286
3285
3281
3279
3278
3278
3278
3277
3274
3273
3273
3266
3264
3263
3262
3261
3260
3258
3257
3257
3256
3255
3255
3254
3253
3252
3252
3252
3251
3250
3248
3247
3247
3247
3245
3243
3241
3240
3240
3238
3237
3237
3237
3236
3236
3236
3236
3234
3233
3233
3231
3231
3230
3229
3228
3227
3223
3222
3221
3220
3219
3218
3217
3216
3216
3216
3215
3215
3211
3210
3209
3208
3207
3206
3205
3204
3201
3200
3200
3199
3198
3197
3197
3196
3196
3194
3192
3191
3189
3185
3183
3183
3182
3182
3181
3179
3178
3177
3177
3176
3174
3173
3173
3172
3170
3168
3166
3166
3165
3164
3164
3161
3158
3157
3157
3157
3156
3156
3155
3154
3153
3152
3150
3149
3148
3148
3145
3145
3141
3139
3138
3138
3138
3137
3137
3136
3135
3132
3131
3130
3130
3129
3129
3129
3128
3127
3127
3125
3124
3123
3123
3123
3122
3122
3121
3120
3120
3119
3117
3117
3115
3115
3114
3113
3112
3112
3111
3109
3108
3108
3106
3106
3106
3103
3102
3102
3102
3101
3099
3099
3098
3098
3094
3091
3090
3090
3089
3089
3084
3083
3083
3082
3078
3077
3076
3075
3074
3074
3074
3072
3071
3071
3070
3070
3069
3069
3068
3065
3064
3063
3062
3059
3057
3057
3053
3053
3052
3049
3049
3048
3047
3046
3044
3043
3042
3041
3036
3034
3034
3034
3034
3032
3032
3031
3031
3031
3030
3030
3029
3028
3027
3027
3026
3025
3023
3020
3020
3017
3017
3014
3013
3013
3013
3012
3012
3005
3005
3004
3004
3003
3003
3003
3003
3002
3002
3001
