601681
395511
342066
270095
268528
253462
242175
214739
207046
206986
205985
200993
195458
188311
175575
174603
173303
168292
166968
165762
164469
164152
163357
158152
153039
150718
149279
143592
138312
136097
134026
129767
125964
124599
123956
122732
121885
119036
117523
116956
115575
112081
111427
109632
108569
107540
106368
105459
103847
102877
102595
102027
101986
101834
99877
98920
98744
97645
96799
96244
95800
95536
94914
94881
93998
93648
93333
93254
92536
92239
91871
90716
89481
89455
89113
88928
87959
87376
86809
86593
86571
86176
85919
85913
84465
84423
83507
82690
82665
82374
81702
80879
80141
80105
79688
79638
79460
79246
79195
79112
78448
78351
77871
77697
77463
77242
77217
77113
76548
76449
75684
75552
75429
75084
74261
74289
74091
74014
73725
73526
73421
73181
72873
72763
72496
72190
72072
71996
71306
71099
70993
70788
70768
70641
70629
70564
70437
70348
70339
70115
69769
69661
69230
68925
68916
68419
68331
68222
68050
67896
67809
67693
67479
67281
66983
66859
65880
65842
65644
65640
65585
65407
65089
64755
64730
64531
64470
64431
64424
63971
63675
63673
63434
63363
63179
63169
63007
62977
62872
62849
62731
62596
62550
62521
62121
61845
61634
61371
61138
61110
61070
61059
60798
60478
60440
60142
59151
59118
58958
58812
58742
58683
58419
58143
58136
57998
57964
57785
57449
57375
57365
57287
57082
56818
56722
56576
56444
56276
56032
55666
55436
55253
55219
55150
55133
54865
54788
54723
54671
54458
54274
54250
54228
54016
53940
53793
53789
53629
53415
53241
52938
52847
52841
52822
52752
52702
52662
52016
51911
51766
51736
51644
51398
51367
51296
51253
51140
51038
50963
50784
50820
50658
50601
50580
50347
50287
50107
49596
49234
49179
49158
48626
48440
48380
48316
48291
48203
48008
47824
47790
47780
47648
47582
47420
47411
47365
47260
47223
47220
46941
46924
46914
46865
46856
46848
46831
46813
46803
46794
46772
46768
46724
46721
46656
46650
46612
46532
46445
46305
46301
46232
46066
46063
45979
45795
45682
45621
45616
45508
45486
45389
45341
45228
45047
44991
44967
44829
44703
44662
44606
44557
44557
44551
44483
44454
44453
44441
44338
44124
44102
44089
44023
43917
43880
43758
43772
43728
43638
43517
43298
43196
43148
43128
43084
43081
43048
42911
42891
42886
42825
42794
42719
42681
42593
42486
42448
42412
42350
42156
42055
41986
41912
41895
41671
41616
41444
41418
41291
41267
40998
41014
40909
40837
40823
40771
40779
40698
40646
40518
40482
40442
40406
40392
40378
40378
40247
40206
40127
39935
39927
39926
39891
39861
39786
39780
39723
39716
39677
39505
39475
39275
39226
39176
39144
39110
39052
38974
38908
38835
38764
38730
38695
38675
38668
38661
38644
38651
38542
38379
38308
38263
38219
38174
38163
38088
37949
37837
37844
37771
37732
37705
37667
37591
37581
37432
37418
37402
37384
37323
37243
37164
37109
37079
37010
36952
36892
36885
36786
36739
36716
36539
36428
36424
36423
36408
36389
36306
36271
36189
36146
35981
35970
35836
35827
35748
35685
35682
35670
35656
35612
35504
35478
35464
35389
35205
35186
35127
35122
34987
34975
34948
34857
34728
34727
34627
34619
34608
34598
34555
34531
34479
34467
34460
34459
34310
34278
34251
34137
34112
34101
33966
33962
33934
33925
33888
33899
33769
33755
33704
33653
33629
33625
33599
33554
33497
33461
33463
33334
33334
33307
33276
33195
33190
33178
33164
33099
33076
33013
32976
32969
32926
32909
32855
32852
32816
32755
32736
32700
32666
32636
32621
32578
32590
32518
32514
32508
32460
32409
32362
32337
32322
32277
32258
32244
32219
32212
32198
32129
32122
32097
32090
32061
32031
31988
32017
31906
31886
31849
31829
31799
31751
31738
31678
31651
31621
31583
31581
31596
31554
31547
31481
31402
31270
31202
31198
31184
31146
31135
31119
31100
31022
30979
30954
30924
30898
30863
30854
30763
30744
30736
30742
30660
30653
30616
30616
30558
30498
30491
30481
30442
30388
30377
30309
30294
30243
30236
30218
30203
30203
30188
30150
30135
30044
30019
30002
30009
29942
29924
29883
29824
29806
29770
29779
29756
29754
29730
29700
29626
29618
29597
29570
29561
29519
29508
29483
29469
29452
29449
29439
29427
29411
29406
29388
29326
29246
29243
29237
29222
29210
29182
29160
29113
29082
29028
29005
28989
28986
28968
28951
28924
28889
28882
28858
28823
28760
28746
28726
28722
28694
28679
28678
28676
28635
28631
28597
28574
28567
28559
28532
28520
28497
28473
28417
28375
28364
28359
28249
28221
28206
28204
28203
28161
28073
28069
28024
28007
28026
27966
27931
27898
27857
27774
27724
27702
27538
27509
27497
27496
27495
27494
27461
27438
27396
27387
27360
27357
27268
27258
27228
27224
27202
27189
27145
27119
27115
27102
27079
27043
27020
27008
26960
26946
26914
26913
26898
26885
26779
26766
26760
26749
26727
26707
26702
26701
26700
26681
26666
26663
26646
26636
26636
26588
26556
26510
26499
26498
26491
26472
26453
26453
26453
26401
26387
26364
26360
26345
26331
26328
26297
26287
26272
26249
26247
26246
26242
26238
26219
26169
26167
26203
26150
26150
26059
26053
26047
25989
25940
25930
25914
25865
25857
25841
25820
25818
25791
25732
25718
25717
25703
25690
25666
25664
25651
25642
25598
25563
25533
25527
25515
25525
25507
25505
25470
25464
25434
25430
25419
25398
25373
25355
25367
25339
25334
25292
25292
25268
25263
25231
25228
25208
25195
25193
25154
25136
25132
25079
25060
25049
25038
25025
25022
25015
25001
25046
24958
24946
24945
24931
24965
24908
24905
24885
24882
24841
24815
24815
24773
24772
24753
24738
24724
24679
24674
24644
24628
24619
24615
24613
24610
24605
24605
24583
24541
24528
24545
24505
24471
24467
24450
24403
24384
24365
24355
24381
24348
24330
24283
24283
24271
24269
24263
24246
24235
24185
24175
24165
24157
24151
24137
24115
24113
24104
24097
24082
24080
24048
24021
24012
23978
23944
23925
23918
23908
23908
23885
23867
23825
23800
23781
23780
23774
23757
23736
23717
23707
23689
23686
23709
23640
23633
23630
23610
23606
23610
23579
23566
23563
23559
23554
23550
23525
23516
23473
23431
23414
23402
23394
23379
23366
23312
23301
23258
23256
23218
23213
23208
23206
23188
23173
23212
23158
23125
23095
23067
23055
23040
23015
23010
23008
23006
22991
22990
22969
22965
22950
22939
22935
22910
22906
22903
22837
22829
22814
22804
22794
22822
22784
22769
22762
22761
22738
22705
22701
22696
22696
22663
22648
22632
22627
22612
22597
22604
22588
22569
22555
22528
22506
22501
22493
22484
22453
22452
22440
22438
22433
22436
22442
22423
22399
22398
22377
22369
22366
22356
22336
22326
22316
22314
22309
22295
22295
22293
22254
22254
22250
22243
22225
22216
22211
22211
22194
22187
22159
22152
22133
22121
22099
22086
22085
22071
22057
22053
22073
22021
22007
22035
21986
21972
21929
21927
21893
21918
21874
21853
21846
21839
21823
21825
21798
21789
21735
21725
21723
21707
21704
21698
21657
21645
21630
21622
21607
21591
21561
21544
21524
21504
21501
21488
21468
21471
21429
21387
21365
21373
21347
21337
21326
21310
21295
21282
21294
21264
21262
21255
21288
21249
21245
21245
21247
21213
21205
21199
21188
21185
21166
21178
21164
21160
21124
21092
21090
21074
21064
21044
20980
20958
20921
20853
20851
20786
20781
20772
20763
20760
20763
20682
20655
20636
20587
20559
20556
20544
20543
20508
20465
20445
20438
20420
20420
20415
20401
20375
20370
20265
20247
20210
20188
20181
20173
20183
20164
20155
20145
20130
20126
20111
20102
20101
20073
20046
20046
20043
20039
20026
20025
20013
19971
19959
19956
19950
19953
19904
19901
19894
19891
19879
19859
19855
19819
19784
19736
19734
19732
19732
19718
19713
19711
19583
19582
19564
19552
19549
19511
19506
19499
19470
19448
19446
19437
19426
19422
19419
19420
19388
19386
19371
19360
19344
19310
19292
19258
19236
19194
19193
19160
19155
19146
19137
19127
19123
19115
19098
19092
19090
19089
19087
19086
19077
19060
19059
19051
19048
19029
19023
19016
19008
18988
18987
18988
18963
18948
18918
18914
18899
18897
18896
18890
18857
18852
18827
18823
18821
18819
18808
18804
18802
18795
18777
18760
18754
18733
18727
18699
18693
18675
18666
18630
18626
18618
18583
18570
18557
18547
18546
18539
18463
18516
18513
18495
18488
18487
18474
18472
18457
18444
18441
18428
18443
18420
18419
18405
18400
18396
18392
18380
18379
18376
18368
18391
18358
18318
18354
18347
18313
18306
18297
18286
18266
18239
18239
18236
18226
18223
18222
18218
18209
18202
18182
18161
18160
18148
18145
18114
18103
18101
18096
18079
18072
18069
18048
18047
18058
18046
18045
18008
17999
17975
17970
17969
17967
17954
17944
17934
17928
17926
17925
17914
17911
17908
17883
17879
17874
17864
17846
17841
17841
17830
17829
17845
17817
17810
17805
17810
17784
17782
17782
17776
17771
17789
17758
17751
17738
17736
17743
17698
17696
17677
17688
17662
17650
17644
17641
17641
17618
17613
17609
17599
17589
17588
17586
17574
17576
17569
17556
17555
17545
17540
17526
17516
17508
17484
17483
17482
17479
17478
17478
17483
17461
17460
17456
17455
17440
17426
17418
17393
17392
17396
17371
17358
17297
17294
17283
17272
17270
17247
17255
17227
17224
17223
17217
17212
17184
17174
17178
17174
17171
17166
17129
17124
17123
17112
17103
17095
17077
17074
17074
17071
17065
17058
17047
17043
17042
17040
17039
17035
17033
17006
17001
16993
16972
16965
16973
16946
16948
16937
16922
16921
16905
16899
16898
16856
16825
16812
16792
16784
16776
16774
16767
16757
16748
16736
16720
16698
16697
16690
16689
16682
16677
16655
16648
16642
16637
16631
16623
16617
16615
16642
16609
16609
16593
16579
16561
16547
16541
16527
16526
16504
16502
16504
16488
16487
16463
16453
16450
16449
16443
16437
16433
16421
16391
16362
16355
16349
16341
16326
16322
16327
16314
16307
16302
16286
16263
16261
16260
16251
16246
16231
16217
16216
16216
16214
16204
16195
16194
16192
16191
16191
16193
16190
16177
16168
16165
16162
16165
16152
16151
16149
16149
16148
16148
16147
16137
16117
16115
16107
16105
16104
16102
16099
16171
16085
16084
16075
16073
16073
16096
16064
16060
16079
16044
16040
16039
16035
16021
16014
16014
16003
15995
15990
15975
15988
15946
15943
15935
15924
15916
15910
15893
15920
15891
15878
15878
15877
15875
15865
15864
15863
15858
15827
15821
15817
15794
15789
15761
15751
15733
15717
15708
15701
15692
15684
15678
15677
15674
15658
15654
15644
15659
15639
15657
15633
15622
15621
15616
15629
15610
15629
15592
15585
15585
15570
15563
15575
15551
15560
15537
15537
15503
15502
15501
15500
15492
15488
15478
15476
15469
15433
15430
15461
15421
15414
15405
15404
15400
15390
15388
15378
15358
15358
15356
15353
15353
15349
15340
15333
15320
15316
15315
15324
15305
15301
15294
15287
15286
15281
15271
15268
15267
15263
15249
15243
15237
15230
15229
15195
15193
15177
15164
15157
15155
15154
15146
15142
15152
15130
15125
15121
15109
15107
15104
15099
15096
15093
15078
15042
15039
15035
15031
15023
15021
15018
15015
15010
14998
14989
14992
14983
14982
14968
14961
14952
14937
14931
14924
14944
14917
14910
14908
14908
14907
14883
14883
14878
14877
14865
14859
14898
14848
14842
14835
14823
14817
14807
14801
14798
14797
14787
14781
14775
14772
14769
14757
14751
14751
14758
14741
14730
14722
14712
14741
14704
14703
14693
14690
14690
14690
14681
14671
14665
14661
14657
14656
14643
14632
14629
14605
14598
14597
14597
14595
14586
14582
14576
14574
14571
14559
14556
14546
14587
14540
14540
14534
14532
14536
14482
14517
14504
14484
14481
14475
14471
14470
14454
14454
14452
14445
14427
14427
14424
14421
14413
14403
14398
14405
14393
14392
14390
14383
14375
14396
14367
14364
14363
14355
14353
14350
14341
14337
14332
14324
14341
14316
14308
14295
14290
14274
14263
14263
14256
14247
14245
14243
14236
14245
14227
14215
14210
14207
14190
14187
14186
14169
14185
14160
14149
14144
14129
14127
14118
14115
14113
14113
14094
14094
14092
14090
14088
14080
14079
14099
14074
14074
14074
14069
14061
14066
14057
14054
14034
14032
14006
14000
13999
13996
13983
13971
13966
13963
13962
13959
13948
13948
13940
13928
13893
13886
13873
13872
13872
13853
13851
13845
13843
13836
13831
13819
13802
13799
13788
13782
13766
13786
13750
13742
13726
13713
13710
13708
13693
13688
13675
13675
13652
13637
13634
13634
13626
13612
13597
13590
13592
13584
13580
13570
13567
13562
13561
13551
13545
13543
13541
13534
13533
13529
13528
13524
13516
13505
13497
13522
13485
13472
13466
13457
13454
13438
13435
13435
13434
13434
13433
13432
13418
13414
13408
13401
13397
13386
13379
13373
13393
13366
13364
13363
13359
13350
13339
13329
13329
13328
13328
13324
13324
13323
13316
13356
13282
13280
13278
13289
13276
13276
13266
13265
13259
13247
13245
13243
13243
13235
13234
13224
13223
13221
13221
13217
13209
13209
13206
13205
13196
13193
13188
13182
13182
13181
13178
13173
13162
13162
13150
13150
13146
13142
13139
13131
13128
13128
13122
13116
13113
13113
13110
13109
13109
13100
13098
13098
13098
13097
13087
13080
13069
13056
13045
13027
13026
13026
13018
13018
13019
13029
13007
13000
12987
12981
12971
12964
12965
12950
12942
12936
12934
12922
12908
12906
12902
12901
12900
12897
12888
12882
12882
12879
12877
12871
12868
12867
12862
12861
12858
12846
12853
12829
12825
12824
12821
12813
12813
12830
12808
12800
12780
12780
12778
12785
12771
12762
12760
12749
12779
12743
12741
12737
12732
12726
12722
12722
12714
12712
12712
12707
12706
12715
12702
12692
12686
12686
12675
12672
12657
12649
12651
12643
12638
12637
12630
12625
12625
12622
12616
12611
12606
12597
12587
12585
12571
12568
12562
12562
12554
12552
12564
12536
12533
12528
12521
12520
12532
12519
12497
12489
12482
12477
12475
12462
12442
12437
12432
12427
12427
12430
12425
12424
12423
12417
12417
12416
12416
12440
12399
12392
12392
12390
12389
12378
12376
12368
12363
12355
12354
12345
12327
12324
12317
12317
12315
12315
12313
12308
12292
12284
12290
12281
12278
12277
12271
12260
12282
12257
12256
12255
12253
12249
12246
12246
12227
12226
12224
12215
12214
12210
12210
12209
12204
12204
12202
12196
12191
12189
12173
12172
12166
12164
12163
12162
12153
12148
12147
12145
12145
12138
12130
12126
12124
12116
12113
12102
12102
12088
12081
12080
12088
12071
12053
12085
12048
12040
12034
12032
12030
12031
12017
12016
12016
12014
12012
11995
12029
11991
11996
11984
11984
11976
11975
11974
11968
11963
11958
11953
11951
11949
11943
11939
11935
11930
11926
11922
11921
11917
11916
11914
11901
11899
11899
11897
11891
11883
11880
11901
11870
11872
11864
11864
11860
11853
11851
11850
11850
11848
11850
11841
11818
11817
11814
11806
11805
11804
11801
11813
11795
11794
11782
11779
11777
11773
11764
11758
11752
11725
11724
11714
11689
11684
11680
11676
11668
11666
11662
11680
11649
11645
11640
11661
11637
11627
11623
11620
11618
11614
11613
11627
11605
11634
11602
11598
11636
11588
11585
11584
11582
11582
11576
11561
11551
11551
11548
11535
11531
11531
11528
11524
11521
11519
11519
11515
11511
11509
11500
11500
11499
11496
11487
11479
11477
11475
11473
11466
11463
11462
11457
11444
11441
11438
11436
11425
11420
11405
11402
11402
11392
11392
11384
11383
11383
11381
11375
11374
11369
11369
11362
11358
11356
11345
11344
11343
11343
11341
11351
11338
11336
11333
11329
11328
11326
11324
11324
11321
11317
11337
11304
11301
11301
11299
11297
11294
11293
11290
11290
11282
11280
11258
11254
11248
11246
11245
11257
11242
11234
11234
11233
11230
11227
11218
11216
11214
11207
11207
11197
11186
11182
11179
11174
11173
11172
11097
11160
11157
11156
11155
11150
11145
11140
11140
11136
11131
11128
11122
11118
11116
11111
11106
11098
11092
11086
11079
11069
11112
11053
11043
11080
11038
11026
11024
11023
11016
10995
10994
10994
10989
10983
10976
10968
10967
10957
10959
10974
10943
10941
10931
10931
10925
10925
10925
10923
10923
10920
10916
10909
10906
10899
10898
10898
10892
10884
10877
10887
10859
10858
10856
10855
10869
10853
10844
10843
10840
10836
10834
10829
10821
10826
10818
10817
10815
10811
10811
10830
10803
10803
10799
10791
10791
10790
10819
10788
10783
10783
10777
10774
10772
10771
10771
10768
10790
10749
10748
10777
10742
10741
10739
10738
10736
10735
10729
10727
10726
10725
10722
10718
10733
10715
10715
10704
10698
10695
10695
10688
10686
10686
10683
10683
10675
10674
10668
10667
10664
10658
10649
10648
10643
10640
10635
10635
10662
10634
10620
10652
10644
10610
10608
10628
10602
10601
10599
10638
10596
10595
10591
10591
10590
10588
10586
10581
10577
10568
10566
10557
10553
10549
10551
10543
10541
10566
10532
10531
10530
10529
10524
10520
10517
10517
10512
10509
10501
10496
10495
10495
10491
10484
10483
10477
10474
10472
10470
10469
10469
10467
10462
10459
10457
10455
10454
10446
10444
10449
10440
10443
10425
10422
10417
10410
10407
10403
10395
10392
10386
10384
10383
10377
10376
10370
10367
10367
10364
10359
10357
10368
10348
10350
10344
10344
10339
10333
10329
10328
10328
10328
10325
10325
10322
10322
10322
10319
10359
10314
10312
10307
10302
10296
10287
10279
10277
10276
10271
10271
10278
10265
10264
10261
10259
10250
10247
10232
10229
10215
10223
10210
10209
10210
10203
10197
10202
10195
10190
10182
10181
10179
10162
10158
10153
10037
10146
10146
10145
10142
10138
10183
10132
10128
10126
10125
10120
10120
10111
10105
10104
10102
10101
10096
10090
10089
10087
10093
10085
10082
10078
10077
10077
10067
10064
10056
10050
10048
10047
10043
10039
10037
10034
10023
10022
10021
10018
10014
10012
10008
10004
10002
10000
9993
9995
9988
9987
9984
9983
9981
9977
9970
9966
9956
9956
10032
9947
9947
9948
9941
9939
9938
9931
9930
9922
9916
9909
9907
9907
9903
9903
9902
9901
9901
9900
9897
9882
9882
9882
9875
9874
9905
9867
9866
9866
9861
9859
9861
9855
9853
9849
9851
9847
9846
9844
9844
9844
9840
9839
9836
9832
9832
9831
9828
9826
9816
9815
9830
9803
9801
9801
9800
9821
9799
9796
9795
9800
9789
9785
9782
9779
9775
9772
9792
9765
9763
9761
9760
9756
9746
9756
9738
9738
9737
9735
9732
9727
9708
9708
9707
9705
9700
9700
9696
9694
9687
9684
9683
9683
9681
9676
9684
9668
9667
9662
9661
9661
9657
9651
9649
9648
9644
9638
9635
9635
9624
9628
9617
9616
9608
9609
9637
9603
9599
9597
9595
9594
9591
9590
9601
9582
9583
9578
9578
9573
9572
9570
9563
9558
9549
9546
9545
9542
9541
9538
9538
9536
9532
9530
9530
9527
9525
9525
9515
9512
9561
9511
9511
9507
9504
9509
9502
9501
9498
9498
9496
9493
9489
9486
9486
9483
9483
9481
9478
9478
9471
9470
9464
9461
9460
9459
9456
9451
9450
9446
9438
9437
9436
9434
9433
9431
9427
9422
9421
9421
9418
9413
9413
9412
9405
9411
9398
9394
9389
9389
9403
9384
9371
9370
9369
9367
9363
9359
9355
9353
9348
9346
9344
9343
9339
9339
9339
9338
9332
9329
9371
9323
9322
9322
9320
9312
9312
9309
9309
9305
9304
9298
9297
9294
9290
9300
9287
9284
9283
9286
9276
9275
9275
9279
9271
9269
9269
9265
9262
9262
9262
9260
9258
9255
9258
9253
9253
9251
9245
9244
9242
9240
9236
9235
9235
9235
9232
9231
9232
9226
9211
9205
9202
9202
9202
9200
9207
9192
9189
9186
9185
9183
9181
9177
9175
9175
9168
9163
9163
9153
9161
9158
9157
9157
9158
9156
9156
9154
9153
9151
9151
9139
9136
9135
9132
9124
9121
9118
9117
9115
9121
9133
9107
9104
9103
9103
9101
9098
9097
9090
9085
9085
9085
9083
9081
9077
9074
9069
9062
9059
9057
9056
9055
9045
9043
9042
9042
9039
9037
9037
9036
9031
9030
9027
9019
9040
9015
9015
9014
9013
9012
9010
9008
9003
8996
8995
8994
8991
8991
8990
8981
8981
8980
8980
8972
8965
8907
8959
8959
8958
8957
8954
8953
8952
8951
8951
8946
8946
8943
8943
8942
8940
8938
8936
8935
8927
8925
8928
8921
8920
8911
8909
8905
8905
8900
8894
8891
8890
8882
8881
8877
8874
8871
8870
8870
8862
8862
8860
8857
8854
8852
8849
8845
8842
8841
8839
8839
8839
8837
8833
8832
8832
8829
8829
8828
8827
8826
8824
8823
8832
8860
8816
8814
8812
8812
8811
8810
8809
8808
8846
8802
8802
8799
8794
8794
8789
8787
8786
8786
8784
8782
8781
8779
8774
8769
8765
8763
8760
8759
8754
8753
8751
8751
8750
8740
8740
8748
8738
8735
8732
8730
8729
8727
8725
8724
8722
8719
8718
8716
8713
8711
8707
8707
8705
8703
8702
8699
8696
8695
8690
8690
8689
8688
8688
8687
8682
8680
8680
8683
8673
8673
8672
8669
8668
8667
8665
8659
8658
8656
8656
8648
8644
8668
8641
8640
8640
8639
8637
8671
8634
8633
8627
8623
8621
8620
8620
8616
8611
8608
8605
8603
8602
8601
8592
8591
8591
8589
8585
8620
8583
8583
8578
8578
8577
8596
8575
8574
8573
8613
8571
8569
8597
8567
8567
8565
8563
8559
8563
8556
8556
8553
8552
8564
8549
8549
8541
8519
8519
8518
8518
8515
8503
8502
8500
8497
8494
8492
8492
8490
8488
8487
8484
8481
8481
8480
8478
8473
8470
8503
8467
8466
8463
8461
8459
8457
8452
8451
8455
8446
8445
8437
8435
8433
8431
8430
8425
8422
8422
8418
8416
8412
8412
8411
8409
8407
8406
8405
8405
8396
8391
8388
8387
8386
8383
8383
8379
8377
8376
8373
8372
8370
8367
8361
8360
8357
8351
8347
8346
8342
8340
8340
8389
8344
8336
8334
8332
8331
8331
8328
8327
8325
8325
8323
8322
8316
8315
8311
8309
8305
8305
8304
8296
8295
8293
8294
8290
8285
8297
8284
8281
8277
8276
8274
8271
8268
8267
8272
8264
8263
8260
8267
8258
8256
8253
8251
8242
8242
8235
8228
8224
8221
8227
8218
8215
8213
8212
8212
8211
8248
8219
8208
8205
8203
8202
8199
8199
8199
8198
8132
8192
8191
8189
8189
8186
8182
8181
8177
8174
8172
8170
8170
8168
8167
8165
8163
8162
8162
8162
8162
8160
8156
8152
8151
8145
8144
8143
8153
8136
8135
8127
8117
8115
8102
8100
8099
8098
8092
8092
8089
8086
8085
8083
8082
8081
8079
8078
8076
8071
8067
8067
8064
8064
8063
8063
8062
8059
8061
8074
8047
8044
8043
8042
8039
8030
8022
8021
8021
8020
8016
8012
8011
8008
8006
8003
8003
7999
7999
7987
7991
7980
7980
7978
7976
7974
7968
8024
7963
7961
7955
7965
7950
7943
7940
7938
7934
7934
7933
7933
7933
7954
7930
7927
7925
7924
7922
7920
7914
7914
7910
7900
7900
7899
7897
7897
7895
7895
7895
7893
7916
7891
7890
7889
7880
7880
7904
7878
7877
7871
7869
7867
7864
7863
7860
7860
7857
7853
7853
7852
7851
7843
7838
7838
7837
7834
7833
7829
7826
7825
7822
7818
7817
7816
7815
7815
7814
7814
7813
7812
7822
7803
7801
7800
7800
7799
7794
7794
7792
7791
7791
7788
7787
7786
7786
7782
7781
7779
7776
7771
7770
7767
7767
7766
7765
7764
7763
7762
7759
7759
7758
7757
7756
7752
7749
7748
7748
7741
7736
7735
7735
7755
7733
7732
7731
7729
7729
7720
7718
7716
7714
7706
7704
7702
7700
7697
7696
7696
7695
7695
7694
7691
7690
7687
7686
7683
7684
7689
7670
7669
7669
7669
7668
7667
7664
7667
7656
7654
7654
7651
7651
7651
7649
7647
7644
7644
7641
7640
7634
7630
7629
7629
7641
7626
7624
7627
7622
7617
7614
7642
7609
7636
7609
7605
7605
7604
7599
7596
7593
7592
7592
7592
7590
7589
7586
7583
7577
7576
7585
7568
7567
7564
7562
7559
7558
7556
7556
7555
7556
7552
7552
7551
7572
7550
7550
7549
7547
7546
7545
7542
7540
7536
7534
7534
7528
7528
7527
7522
7522
7522
7521
7520
7519
7519
7519
7515
7514
7514
7511
7511
7511
7509
7509
7508
7507
7501
7500
7500
7499
7497
7497
7495
7494
7494
7491
7489
7487
7485
7485
7482
7473
7471
7471
7466
7458
7471
7455
7452
7455
7445
7442
7441
7441
7441
7439
7438
7437
7432
7431
7429
7425
7425
7600
7421
7416
7410
7407
7405
7401
7397
7393
7393
7389
7388
7388
7387
7387
7385
7385
7389
7382
7381
7381
7379
7379
7378
7377
7376
7375
7372
7372
7368
7368
7367
7360
7360
7358
7358
7355
7355
7355
7347
7345
7343
7343
7343
7343
7338
7337
7337
7336
7335
7334
7332
7329
7326
7323
7320
7318
7318
7318
7316
7315
7314
7314
7311
7309
7306
7303
7303
7302
7300
7298
7319
7296
7292
7290
7287
7286
7286
7285
7289
7282
7282
7279
7278
7274
7266
7265
7263
7262
7261
7257
7255
7249
7247
7247
7247
7247
7247
7245
7243
7239
7236
7233
7232
7230
7228
7233
7226
7226
7225
7224
7223
7220
7219
7219
7217
7213
7212
7211
7208
7208
7204
7203
7203
7201
7200
7198
7193
7193
7193
7189
7188
7187
7185
7183
7179
7178
7178
7177
7173
7168
7168
7166
7163
7151
7150
7147
7145
7143
7139
7159
7132
7131
7130
7129
7143
7127
7126
7125
7136
7120
7118
7117
7116
7115
7111
7110
7107
7105
7104
7104
7103
7100
7095
7093
7092
7128
7091
7117
7090
7089
7088
7088
7087
7085
7084
7082
7081
7079
7076
7075
7074
7074
7073
7071
7083
7070
7069
7068
7066
7066
7065
7064
7077
7063
7063
7062
7062
7056
7056
7055
7054
7054
7052
7051
7050
7048
7045
7045
7045
7045
7042
7041
7041
7036
7036
7075
7031
7027
7025
7024
7021
7019
7016
7012
7010
7010
7008
7007
7005
7005
7003
7002
6999
7004
6999
6999
6993
6993
6990
6989
6987
6985
6984
6984
6978
6978
6977
6976
6976
6976
6975
6970
6968
6963
6961
6971
6961
6959
6958
6956
6956
6953
6952
6949
6949
6948
6945
6952
6945
6941
6940
6939
6950
6938
6937
6932
6931
6943
6929
6927
6927
6925
6924
6924
6923
6923
6921
6921
6941
6920
6920
6919
6918
6916
6915
6933
6913
6912
6910
6910
6908
6907
6906
6904
6902
6899
6899
6897
6894
6894
6892
6891
6891
6890
6889
6888
6887
6889
6885
6880
6880
6879
6878
6875
6873
6872
6869
6867
6865
6864
6863
6860
6853
6852
6851
6848
6819
6846
6845
6845
6843
6842
6842
6841
6848
6837
6835
6837
6832
6831
6830
6829
6825
6823
6822
6825
6822
6821
6819
6819
6818
6817
6816
6813
6811
6811
6806
6805
6804
6803
6798
6797
6797
6797
6792
6792
6806
6788
6787
6782
6781
6779
6779
6777
6777
6776
6775
6775
6772
6807
6770
6769
6768
6766
6764
6761
6760
6759
6759
6758
6756
6753
6753
6752
6751
6750
6749
6748
6746
6746
6742
6740
6735
6735
6728
6722
6722
6719
6719
6719
6718
6734
6714
6714
6713
6712
6711
6710
6722
6708
6708
6707
6705
6704
6704
6703
6711
6691
6704
6688
6717
6679
6677
6671
6671
6671
6687
6669
6669
6666
6663
6661
6660
6660
6660
6660
6659
6658
6658
6656
6653
6650
6648
6647
6645
6645
6645
6642
6641
6640
6639
6639
6638
6637
6636
6635
6635
6633
6632
6633
6628
6627
6626
6625
6647
6622
6633
6619
6619
6617
6616
6615
6614
6613
6631
6633
6610
6609
6608
6608
6607
6607
6607
6606
6603
6602
6619
6601
6601
6597
6595
6593
6615
6591
6590
6589
6585
6584
6598
6583
6583
6581
6580
6578
6578
6577
6577
6576
6575
6574
6570
6570
6570
6566
6565
6564
6560
6558
6557
6554
6554
6553
6553
6551
6548
6546
6546
6545
6543
6541
6540
6540
6539
6537
6536
6535
6535
6531
6531
6530
6526
6524
6523
6522
6522
6520
6515
6515
6514
6514
6514
6511
6509
6509
6507
6506
6508
6504
6503
6502
6501
6496
6494
6493
6492
6492
6491
6491
6499
6489
6489
6486
6482
6481
6491
6480
6480
6479
6477
6476
6476
6475
6474
6472
6472
6470
6470
6459
6459
6474
6459
6458
6458
6457
6457
6451
6451
6482
6450
6448
6448
6448
6447
6446
6437
6437
6436
6430
6429
6427
6427
6427
6426
6432
6425
6423
6422
6419
6418
6417
6451
6415
6415
6410
6409
6408
6404
6403
6403
6403
6400
6399
6398
6396
6395
6392
6390
6384
6383
6382
6382
6382
6381
6380
6377
6377
6375
6374
6371
6369
6369
6368
6367
6365
6364
6364
6363
6363
6359
6358
6357
6357
6356
6354
6353
6353
6353
6352
6352
6349
6349
6348
6348
6347
6344
6340
6339
6338
6337
6333
6333
6332
6332
6342
6331
6330
6330
6328
6323
6320
6319
6314
6314
6313
6313
6312
6310
6307
6304
6304
6301
6300
6328
6307
6298
6298
6296
6295
6294
6294
6293
6292
6292
6290
6290
6289
6289
6289
6288
6286
6285
6281
6278
6274
6272
6266
6263
6291
6259
6257
6257
6256
6256
6253
6250
6245
6245
6263
6241
6241
6238
6235
6229
6235
6226
6223
6220
6219
6223
6218
6215
6213
6212
6211
6209
6208
6208
6207
6207
6205
6205
6204
6204
6202
6202
6201
6200
6200
6200
6199
6198
6196
6192
6192
6191
6190
6187
6185
6184
6183
6171
6169
6169
6169
6168
6167
6176
6167
6167
6166
6165
6163
6160
6159
6157
6154
6157
6152
6151
6151
6149
6149
6148
6148
6146
6164
6142
6141
6140
6139
6138
6138
6137
6136
6131
6130
6129
6134
6127
6127
6130
6122
6122
6122
6121
6121
6126
6118
6118
6117
6115
6114
6113
6112
6111
6111
6111
6104
6102
6131
6100
6100
6099
6099
6098
6095
6092
6089
6089
6088
6088
6087
6087
6086
6084
6078
6078
6078
6077
6077
6073
6069
6069
6068
6065
6064
6064
6091
6063
6062
6062
6060
6057
6055
6054
6053
6053
6053
6052
6052
6052
6052
6051
6050
6049
6059
6048
6053
6045
6041
6041
6039
6039
6038
6037
6033
6033
6032
6030
6029
6029
5999
6028
6028
6027
6025
6031
6023
6022
6020
6020
6019
6019
6018
6017
6017
6028
6011
6011
6010
6008
6007
6005
6023
6003
6032
6002
5996
5996
5995
6029
5994
5993
5993
5993
5992
5992
5989
5989
5987
5986
5985
5984
5984
5983
5982
5984
5980
5978
5977
5998
5971
5971
5971
5968
5964
5959
5958
5957
5957
5956
5956
5956
5952
5952
5951
5951
5951
5949
5948
5957
5961
5945
5945
5944
5956
5942
5942
5937
5937
5935
5933
5933
5932
5931
5930
5930
5930
5930
5929
5928
5928
5928
5926
5924
5922
5922
5921
5918
5917
5913
5913
5913
5912
5911
5911
5911
5913
5909
5908
5908
5908
5908
5903
5902
5901
5901
5898
5897
5896
5896
5895
5893
5891
5890
5889
5888
5888
5887
5885
5884
5881
5887
5879
5878
5875
5874
5872
5872
5872
5871
5871
5869
5868
5867
5867
5867
5867
5864
5864
5863
5863
5861
5858
5858
5856
5856
5851
5850
5849
5849
5848
5848
5848
5846
5846
5846
5841
5846
5840
5840
5838
5837
5836
5831
5833
5828
5827
5826
5832
5825
5824
5824
5824
5822
5821
5818
5817
5815
5815
5815
5815
5814
5810
5809
5809
5807
5807
5805
5815
5804
5801
5800
5799
5799
5797
5796
5795
5794
5684
5793
5791
5790
5787
5785
5785
5784
5784
5782
5782
5787
5780
5780
5780
5779
5779
5778
5778
5777
5777
5776
5773
5771
5771
5771
5770
5769
5769
5768
5768
5769
5766
5766
5764
5763
5762
5761
5760
5760
5756
5755
5753
5753
5752
5751
5751
5749
5755
5748
5745
5743
5743
5743
5737
5737
5737
5736
5732
5729
5728
5727
5727
5727
5725
5725
5724
5724
5724
5723
5719
5719
5718
5717
5713
5711
5710
5708
5708
5707
5707
5706
5706
5705
5704
5703
5702
5702
5702
5724
5699
5698
5696
5693
5692
5691
5689
5689
5693
5687
5684
5684
5683
5683
5683
5683
5682
5682
5681
5681
5681
5681
5681
5680
5679
5677
5674
5674
5672
5672
5668
5668
5667
5666
5665
5664
5664
5662
5657
5657
5656
5652
5652
5650
5646
5645
5645
5645
5645
5644
5644
5641
5637
5637
5634
5634
5631
5631
5630
5630
5629
5628
5627
5627
5625
5633
5623
5622
5619
5618
5618
5618
5617
5617
5615
5614
5613
5610
5610
5608
5605
5605
5605
5605
5608
5602
5601
5599
5599
5598
5597
5596
5595
5594
5590
5590
5590
5585
5584
5583
5582
5582
5581
5575
5574
5574
5574
5572
5572
5572
5572
5571
5571
5589
5566
5605
5563
5562
5561
5561
5561
5563
5559
5558
5557
5557
5554
5553
5553
5552
5550
5549
5546
5545
5544
5543
5541
5541
5539
5549
5535
5534
5533
5530
5528
5527
5527
5527
5525
5525
5525
5523
5522
5522
5522
5520
5520
5520
5517
5520
5514
5512
5512
5511
5511
5508
5508
5504
5504
5502
5501
5500
5500
5498
5498
5497
5496
5496
5495
5494
5493
5491
5491
5490
5490
5490
5489
5488
5487
5487
5486
5486
5486
5486
5486
5485
5479
5479
5478
5478
5476
5476
5475
5475
5474
5472
5472
5471
5471
5471
5468
5466
5466
5465
5464
5462
5462
5461
5466
5461
5461
5460
5460
5459
5459
5458
5458
5477
5456
5455
5454
5453
5453
5453
5453
5451
5449
5448
5446
5446
5446
5444
5443
5442
5442
5457
5440
5436
5435
5435
5435
5433
5432
5432
5432
5427
5426
5426
5425
5425
5422
5421
5421
5421
5420
5418
5417
5416
5414
5410
5409
5409
5408
5409
5407
5406
5405
5405
5405
5403
5403
5402
5402
5401
5398
5397
5396
5396
5396
5395
5395
5394
5393
5392
5392
5403
5389
5389
5387
5384
5384
5381
5381
5380
5380
5378
5377
5377
5377
5394
5376
5376
5375
5374
5374
5374
5373
5373
5372
5372
5371
5370
5368
5368
5368
5367
5365
5365
5362
5361
5361
5360
5360
5360
5359
5357
5357
5357
5357
5355
5355
5354
5354
5352
5352
5352
5351
5349
5349
5348
5346
5346
5345
5345
5345
5345
5344
5344
5344
5343
5342
5341
5341
5340
5340
5338
5337
5334
5332
5332
5330
5329
5327
5326
5325
5324
5323
5326
5322
5321
5320
5322
5319
5319
5318
5317
5312
5310
5309
5306
5305
5304
5304
5302
5301
5301
5301
5300
5299
5299
5298
5297
5297
5297
5296
5296
5294
5294
5294
5294
5292
5292
5291
5291
5290
5286
5286
5285
5285
5283
5282
5279
5279
5277
5277
5290
5276
5275
5275
5275
5275
5273
5287
5272
5272
5271
5268
5267
5267
5266
5266
5266
5263
5263
5262
5262
5261
5261
5261
5260
5259
5255
5255
5253
5251
5251
5250
5247
5246
5246
5245
5242
5241
5238
5236
5235
5234
5233
5232
5232
5231
5231
5230
5229
5228
5226
5241
5226
5225
5225
5224
5222
5220
5220
5218
5218
5218
5217
5217
5217
5216
5214
5214
5212
5212
5211
5211
5211
5210
5210
5209
5209
5209
5209
5208
5207
5207
5205
5205
5205
5204
5204
5203
5203
5203
5202
5202
5202
5202
5206
5201
5201
5201
5200
5200
5192
5192
5191
5191
5191
5188
5186
5232
5185
5185
5182
5182
5182
5181
5180
5180
5179
5179
5114
5178
5176
5176
5176
5175
5173
5171
5170
5170
5170
5169
5168
5165
5168
5163
5163
5161
5160
5160
5159
5159
5158
5158
5157
5157
5155
5154
5153
5152
5152
5152
5151
5150
5158
5149
5148
5148
5147
5145
5145
5144
5144
5143
5142
5143
5142
5141
5140
5140
5138
5138
5135
5134
5134
5133
5131
5131
5130
5128
5127
5127
5126
5124
5123
5123
5123
5122
5122
5122
5121
5120
5120
5118
5116
5115
5113
5110
5109
5108
5107
5106
5114
5105
5104
5103
5103
5102
5101
5100
5100
5100
5099
5099
5098
5097
5095
5095
5094
5094
5094
5093
5108
5092
5124
5089
5088
5084
5084
5084
5083
5082
5079
5079
5078
5077
5076
5075
5075
5075
5074
5074
5073
5072
5071
5070
5070
5070
5069
5067
5066
5065
5063
5059
5059
5059
5056
5053
5052
5051
5051
5050
5047
5046
5044
5044
5043
5043
5043
5042
5040
5039
5039
5039
5038
5037
5037
5036
5035
5035
5032
5032
5031
5042
5031
5030
5028
5026
5025
5022
5022
5021
5021
5020
5019
5018
5017
5017
5017
5016
5016
5015
5014
5014
5013
5012
5012
5012
5011
5011
5009
5007
5007
5006
5006
5005
5005
5003
5003
5003
5002
5008
5000
4999
4999
4999
4996
4995
4994
4991
4991
4988
4989
4987
4987
4985
4985
4984
4992
4982
4993
4982
4982
4981
4980
4979
4978
4977
4976
4975
4982
4973
4971
4970
4970
4969
4969
4968
4968
4967
4967
4966
4966
4965
4965
4963
4962
4961
4960
4960
4959
4959
4959
4958
4958
4957
4956
4956
4955
4955
4954
4954
4954
4951
4950
4949
4976
4949
4949
4949
4948
4947
4946
4943
4941
4940
4961
4936
4935
4934
4943
4934
4933
4932
4931
4929
4929
4927
4925
4923
4923
4923
4923
4922
4922
4920
4919
4919
4919
4918
4918
4916
4916
4915
4915
4914
4913
4911
4922
4909
4909
4908
4908
4907
4905
4905
4905
4905
4904
4903
4903
4903
4902
4902
4902
4899
4898
4897
4896
4895
4893
4892
4892
4890
4886
4885
4885
4883
4881
4881
4898
4879
4879
4877
4876
4876
4876
4875
4874
4874
4874
4874
4874
4873
4870
4869
4907
4866
4865
4865
4865
4864
4863
4862
4862
4858
4858
4858
4857
4847
4847
4845
4845
4844
4843
4842
4842
4838
4838
4837
4836
4834
4833
4833
4833
4839
4831
4850
4827
4826
4825
4830
4824
4823
4821
4818
4817
4817
4817
4816
4816
4815
4814
4814
4813
4811
4811
4810
4810
4810
4810
4810
4810
4809
4808
4807
4804
4803
4802
4802
4802
4800
4800
4799
4799
4798
4798
4798
4803
4797
4797
4796
4796
4795
4795
4794
4791
4790
4790
4789
4789
4789
4787
4787
4787
4786
4786
4785
4785
4784
4784
4784
4786
4783
4783
4782
4781
4781
4779
4779
4778
4777
4777
4777
4776
4776
4775
4775
4775
4780
4774
4774
4774
4773
4773
4772
4769
4768
4767
4767
4767
4766
4766
4766
4765
4765
4765
4764
4764
4763
4763
4762
4762
4761
4761
4761
4759
4754
4754
4754
4752
4751
4748
4748
4748
4746
4746
4745
4743
4743
4742
4742
4741
4741
4740
4740
4739
4738
4734
4733
4734
4738
4733
4730
4730
4729
4729
4726
4724
4722
4722
4722
4721
4721
4719
4719
4719
4719
4719
4718
4718
4715
4714
4714
4711
4711
4710
4710
4709
4708
4708
4707
4707
4705
4701
4700
4699
4699
4698
4697
4697
4697
4697
4696
4696
4695
4694
4694
4692
4692
4692
4691
4690
4690
4689
4687
4686
4684
4683
4681
4681
4680
4677
4677
4676
4676
4675
4674
4674
4689
4673
4672
4671
4669
4668
4668
4667
4667
4667
4666
4665
4669
4663
4663
4662
4660
4659
4656
4656
4655
4655
4654
4654
4653
4652
4652
4658
4651
4649
4649
4649
4648
4648
4648
4647
4647
4645
4644
4644
4644
4641
4638
4637
4637
4635
4634
4634
4632
4631
4631
4631
4630
4629
4629
4628
4628
4627
4626
4623
4649
4623
4623
4623
4622
4622
4622
4621
4620
4619
4618
4616
4616
4615
4614
4614
4614
4614
4614
4613
4613
4613
4613
4612
4611
4609
4609
4609
4609
4608
4608
4608
4607
4632
4606
4606
4604
4604
4604
4603
4621
4601
4601
4600
4599
4599
4597
4597
4596
4596
4596
4595
4595
4660
4594
4593
4593
4592
4591
4591
4590
4589
4589
4588
4588
4587
4586
4585
4585
4584
4582
4582
4582
4581
4581
4580
4580
4579
4579
4577
4575
4574
4574
4573
4572
4572
4571
4571
4569
4568
4568
4568
4566
4564
4562
4562
4562
4561
4559
4559
4558
4557
4556
4554
4553
4553
4552
4552
4552
4552
4551
4550
4569
4548
4548
4545
4545
4545
4544
4544
4544
4543
4543
4543
4542
4541
4541
4540
4540
4540
4539
4543
4539
4535
4535
4533
4531
4531
4529
4529
4529
4528
4528
4528
4527
4543
4526
4524
4523
4523
4522
4522
4522
4522
4521
4521
4521
4519
4519
4518
4518
4518
4516
4516
4515
4513
4513
4512
4511
4510
4518
4509
4508
4508
4508
4508
4508
4506
4506
4507
4506
4506
4504
4504
4503
4502
4502
4502
4501
4500
4500
4500
4499
4498
4498
4497
4497
4496
4496
4498
4502
4496
4495
4492
4491
4489
4488
4488
4488
4487
4487
4484
4484
4484
4482
4481
4481
4480
4478
4477
4477
4477
4477
4476
4476
4476
4475
4475
4474
4474
4474
4472
4471
4471
4471
4471
4470
4470
4469
4468
4468
4467
4465
4465
4464
4462
4462
4462
4461
4459
4459
4458
4470
4456
4456
4455
4455
4455
4454
4454
4454
4453
4453
4452
4450
4450
4449
4449
4448
4448
4447
4467
4446
4446
4445
4443
4441
4440
4439
4439
4438
4438
4438
4437
4437
4437
4435
4451
4435
4435
4435
4434
4434
4434
4433
4433
4431
4436
4430
4429
4429
4429
4428
4427
4426
4424
4424
4423
4423
4423
4422
4422
4422
4421
4420
4420
4420
4420
4418
4418
4417
4416
4416
4422
4414
4413
4411
4411
4410
4410
4408
4407
4407
4406
4406
4406
4402
4402
4401
4400
4400
4399
4398
4397
4397
4397
4397
4396
4395
4394
4394
4393
4392
4391
4391
4389
4388
4388
4388
4387
4385
4385
4385
4391
4383
4382
4382
4381
4380
4379
4378
4394
4377
4377
4376
4376
4376
4373
4379
4371
4371
4370
4369
4369
4369
4371
4370
4366
4366
4366
4365
4363
4362
4362
4362
4362
4361
4360
4360
4360
4359
4358
4357
4354
4354
4353
4352
4351
4350
4350
4348
4347
4346
4345
4344
4344
4344
4342
4341
4340
4340
4339
4339
4339
4339
4338
4336
4335
4335
4335
4335
4335
4335
4334
4334
4332
4332
4331
4330
4340
4327
4327
4326
4326
4326
4326
4322
4321
4321
4321
4320
4319
4318
4318
4317
4316
4315
4315
4315
4313
4313
4313
4320
4311
4311
4311
4310
4310
4310
4310
4310
4309
4308
4308
4308
4306
4306
4306
4306
4305
4305
4304
4303
4303
4302
4301
4301
4300
4300
4299
4299
4298
4298
4297
4296
4296
4295
4295
4295
4294
4294
4294
4294
4293
4293
4293
4292
4292
4291
4290
4288
4288
4287
4286
4286
4284
4284
4283
4281
4280
4279
4277
4277
4277
4276
4276
4275
4275
4271
4271
4271
4270
4268
4272
4267
4267
4267
4266
4266
4265
4265
4277
4260
4260
4260
4260
4259
4297
4259
4259
4269
4258
4258
4255
4255
4255
4254
4254
4254
4265
4252
4252
4250
4262
4249
4249
4249
4248
4248
4284
4247
4247
4246
4245
4245
4244
4243
4244
4242
4241
4239
4239
4261
4238
4238
4238
4238
4237
4236
4236
4236
4240
4234
4233
4232
4232
4232
4232
4231
4233
4230
4230
4230
4230
4235
4228
4227
4227
4227
4225
4224
4224
4224
4223
4222
4222
4222
4222
4221
4221
4219
4218
4218
4218
4217
4217
4216
4214
4214
4212
4211
4211
4211
4211
4210
4210
4209
4205
4205
4205
4205
4203
4203
4202
4202
4202
4201
4200
4198
4198
4197
4197
4197
4197
4197
4196
4195
4194
4194
4193
4192
4191
4191
4191
4190
4190
4190
4189
4188
4188
4196
4187
4187
4186
4185
4185
4184
4184
4183
4183
4182
4181
4181
4181
4181
4180
4180
4179
4178
4177
4176
4176
4176
4176
4173
4171
4171
4170
4170
4170
4169
4169
4168
4168
4168
4168
4168
4168
4168
4167
4166
4164
4164
4164
4164
4162
4159
4159
4158
4157
4169
4157
4157
4157
4157
4155
4155
4155
4154
4154
4153
4152
4152
4152
4152
4152
4152
4151
4166
4150
4166
4149
4151
4148
4147
4146
4146
4145
4144
4144
4144
4143
4143
4142
4141
4140
4140
4139
4147
4139
4139
4139
4138
4136
4136
4136
4135
4135
4134
4133
4133
4131
4130
4130
4130
4130
4129
4128
4127
4127
4126
4126
4125
4124
4124
4124
4123
4122
4121
4121
4120
4118
4118
4115
4112
4111
4111
4111
4110
4110
4109
4108
4108
4108
4107
4107
4107
4106
4106
4106
4104
4104
4103
4101
4101
4101
4101
4136
4099
4098
4097
4096
4096
4095
4094
4094
4092
4092
4091
4090
4090
4089
4089
4089
4088
4088
4087
4087
4087
4087
4086
4086
4085
4085
4084
4084
4084
4083
4082
4082
4082
4080
4080
4080
4079
4079
4078
4078
4077
4077
4077
4076
4091
4076
4076
4076
4075
4075
4074
4074
4074
4070
4070
4070
4070
4070
4070
4113
4069
4069
4068
4068
4067
4067
4067
4067
4066
4073
4065
4064
4063
4062
4062
4062
4061
4061
4060
4059
4059
4057
4057
4056
4056
4056
4056
4056
4056
4055
4055
4055
4054
4053
4053
4052
4052
4051
4050
4050
4049
4048
4048
4036
4047
4046
4046
4046
4046
4045
4044
4043
4041
4041
4039
4039
4039
4039
4036
4035
4035
4035
4035
4035
4034
4034
4034
4033
4032
4032
4032
4031
4031
4030
4030
4030
4029
4029
4029
4028
4028
4026
4026
4026
4025
4025
4025
4024
4023
4023
4023
4022
4030
4022
4022
4021
4021
4020
4020
4052
4019
4019
4018
4017
4017
4017
4016
4016
4016
4016
4013
4012
4012
4011
4011
4010
4010
4007
4004
4004
4003
4003
4003
4002
4001
4001
4001
4000
3999
3999
3998
3998
3998
3996
3995
3994
3994
3994
3993
3993
3992
3991
3990
3990
3990
3990
3989
3989
3989
3989
3989
3988
3988
3988
3988
3986
3986
3985
3985
3984
3983
3982
3981
3980
3979
3980
3977
3976
3976
3976
3975
3975
3975
3975
3974
3974
3971
3971
3970
3985
3970
3970
3969
3969
3968
3968
3967
3972
3967
3965
3965
3964
3963
3962
3962
3962
3961
3961
3961
3960
3960
3959
3959
3959
3957
3956
3956
3955
3953
3953
3953
3951
3950
3949
3947
3947
3945
3945
3945
3943
3943
3941
3940
3939
3939
3938
3937
3935
3935
3901
3934
3934
3933
3933
3940
3932
3932
3931
3930
3930
3929
3929
3928
3928
3928
3927
3926
3926
3926
3926
3925
3925
3925
3923
3923
3923
3922
3920
3920
3920
3919
3918
3917
3916
3916
3914
3914
3914
3914
3914
3913
3913
3913
3912
3911
3910
3909
3909
3909
3908
3907
3907
3905
3905
3905
3904
3904
3904
3903
3903
3903
3903
3903
3903
3902
3939
3921
3902
3901
3901
3899
3899
3897
3897
3896
3895
3895
3895
3893
3906
3892
3892
3900
3890
3889
3888
3887
3887
3887
3887
3887
3887
3886
3886
3885
3884
3883
3883
3931
3882
3882
3881
3880
3879
3878
3878
3878
3878
3876
3874
3873
3873
3873
3873
3873
3872
3871
3871
3871
3870
3870
3891
3870
3869
3868
3868
3868
3868
3868
3867
3867
3867
3866
3866
3865
3865
3865
3864
3864
3864
3864
3863
3863
3864
3860
3860
3859
3859
3859
3859
3868
3858
3858
3879
3855
3855
3855
3853
3853
3852
3851
3850
3849
3848
3848
3847
3847
3845
3843
3861
3843
3842
3842
3841
3841
3840
3840
3859
3840
3839
3838
3837
3837
3836
3836
3836
3836
3836
3836
3835
3835
3835
3835
3834
3834
3834
3833
3833
3833
3832
3832
3832
3831
3831
3830
3830
3830
3830
3829
3829
3829
3829
3828
3827
3827
3827
3826
3824
3824
3823
3823
3823
3822
3820
3820
3820
3820
3819
3819
3819
3818
3818
3818
3818
3817
3817
3816
3815
3815
3814
3814
3813
3813
3813
3812
3812
3811
3810
3808
3808
3808
3808
3807
3807
3806
3806
3806
3805
3805
3805
3804
3804
3804
3804
3803
3803
3803
3803
3803
3802
3810
3801
3801
3801
3800
3811
3798
3797
3796
3796
3794
3794
3794
3793
3793
3793
3792
3792
3792
3792
3792
3791
3791
3790
3790
3789
3789
3789
3788
3788
3787
3786
3786
3786
3784
3784
3783
3783
3782
3782
3781
3781
3781
3781
3780
3779
3779
3778
3778
3778
3776
3776
3776
3776
3775
3774
3774
3773
3773
3773
3773
3773
3772
3771
3771
3771
3770
3770
3770
3769
3768
3768
3734
3767
3767
3767
3767
3766
3766
3766
3765
3779
3763
3763
3761
3761
3762
3760
3760
3760
3759
3757
3757
3756
3756
3754
3754
3753
3752
3752
3751
3750
3750
3750
3750
3750
3749
3748
3748
3746
3745
3744
3743
3743
3758
3742
3742
3741
3741
3741
3741
3741
3756
3740
3740
3740
3740
3739
3738
3738
3738
3738
3737
3737
3735
3734
3734
3734
3733
3733
3732
3732
3731
3730
3730
3729
3729
3729
3728
3727
3726
3726
3726
3726
3725
3726
3724
3723
3722
3722
3721
3721
3720
3720
3719
3719
3719
3718
3717
3715
3715
3715
3715
3714
3714
3714
3713
3713
3713
3713
3712
3712
3711
3711
3711
3710
3710
3709
3708
3708
3736
3708
3706
3706
3705
3705
3704
3703
3703
3703
3702
3706
3701
3700
3699
3699
3700
3697
3697
3696
3700
3695
3694
3693
3693
3692
3691
3691
3691
3690
3690
3690
3689
3689
3688
3688
3688
3688
3688
3687
3796
3686
3685
3685
3684
3694
3684
3683
3683
3684
3683
3682
3680
3680
3680
3678
3678
3674
3673
3673
3673
3672
3672
3672
3671
3671
3670
3670
3670
3669
3669
3669
3669
3669
3669
3668
3667
3667
3666
3666
3666
3665
3665
3668
3664
3664
3664
3663
3663
3663
3663
3661
3660
3658
3658
3657
3657
3656
3654
3652
3652
3652
3652
3651
3650
3650
3648
3648
3648
3647
3647
3647
3646
3646
3646
3645
3645
3644
3643
3643
3642
3642
3642
3642
3640
3640
3640
3639
3643
3638
3638
3638
3638
3637
3637
3637
3639
3635
3634
3634
3633
3633
3633
3632
3632
3632
3632
3638
3631
3631
3631
3631
3630
3630
3629
3629
3629
3629
3628
3628
3628
3627
3628
3626
3625
3624
3624
3623
3623
3622
3621
3620
3637
3620
3620
3619
3619
3618
3618
3618
3618
3618
3617
3617
3616
3616
3615
3615
3615
3615
3615
3614
3613
3613
3613
3613
3613
3612
3612
3611
3611
3610
3610
3610
3609
3609
3608
3608
3608
3607
3607
3606
3612
3606
3605
3605
3605
3605
3603
3601
3601
3601
3600
3600
3599
3599
3598
3598
3598
3597
3597
3596
3594
3593
3593
3592
3592
3605
3591
3603
3590
3590
3589
3588
3588
3588
3587
3585
3585
3585
3585
3594
3584
3583
3583
3583
3583
3582
3582
3581
3581
3580
3579
3579
3578
3578
3578
3578
3577
3576
3576
3575
3575
3575
3575
3574
3573
3573
3573
3571
3570
3570
3568
3568
3566
3566
3566
3566
3566
3565
3564
3564
3561
3593
3560
3559
3559
3558
3558
3557
3557
3557
3556
3556
3556
3555
3555
3555
3554
3554
3554
3553
3552
3595
3552
3552
3551
3551
3551
3550
3550
3550
3549
3549
3548
3547
3547
3546
3546
3545
3545
3545
3545
3545
3545
3543
3542
3541
3541
3541
3541
3540
3540
3540
3540
3540
3539
3539
3539
3538
3538
3538
3537
3537
3537
3537
3536
3536
3535
3535
3533
3533
3532
3532
3531
3531
3530
3530
3529
3529
3529
3529
3528
3528
3528
3525
3525
3525
3524
3524
3530
3523
3523
3523
3523
3522
3521
3520
3520
3520
3520
3519
3519
3519
3518
3518
3518
3518
3517
3517
3516
3533
3515
3514
3514
3514
3514
3513
3512
3512
3512
3556
3512
3511
3523
3510
3510
3510
3509
3509
3508
3508
3505
3514
3505
3504
3504
3503
3503
3503
3501
3501
3500
3499
3499
3498
3498
3498
3498
3497
3497
3497
3496
3496
3495
3495
3495
3495
3495
3495
3495
3494
3494
3494
3494
3493
3493
3492
3492
3492
3491
3491
3490
3490
3489
3489
3489
3488
3487
3487
3486
3486
3486
3485
3485
3485
3485
3485
3484
3483
3483
3483
3483
3483
3483
3482
3482
3482
3482
3482
3481
3481
3480
3480
3480
3480
3479
3479
3479
3478
3477
3477
3476
3475
3474
3472
3472
3471
3470
3470
3470
3470
3470
3469
3469
3469
3469
3469
3359
3468
3468
3467
3466
3466
3466
3465
3464
3463
3463
3463
3462
3462
3461
3461
3460
3460
3460
3460
3460
3459
3459
3459
3459
3458
3458
3457
3457
3456
3455
3455
3455
3455
3454
3454
3454
3453
3453
3453
3452
3452
3450
3450
3450
3449
3449
3448
3448
3447
3447
3447
3447
3447
3446
3446
3446
3446
3445
3457
3444
3444
3444
3443
3443
3443
3443
3442
3441
3441
3441
3440
3439
3439
3439
3438
3438
3437
3437
3437
3436
3436
3435
3435
3435
3434
3433
3432
3432
3432
3432
3431
3431
3430
3430
3430
3430
3429
3429
3428
3427
3426
3426
3426
3426
3426
3425
3425
3448
3425
3424
3424
3424
3424
3424
3423
3423
3423
3422
3422
3422
3421
3421
3421
3420
3420
3419
3419
3419
3418
3417
3417
3417
3417
3416
3415
3415
3415
3414
3414
3414
3414
3414
3416
3413
3413
3412
3412
3411
3411
3411
3411
3410
3410
3410
3410
3410
3409
3408
3422
3408
3406
3405
3405
3405
3405
3446
3403
3403
3402
3402
3401
3401
3424
3401
3401
3400
3400
3400
3400
3399
3399
3399
3399
3398
3398
3398
3397
3396
3396
3396
3396
3395
3401
3395
3395
3395
3395
3395
3394
3394
3394
3394
3393
3393
3393
3392
3391
3391
3391
3390
3390
3389
3389
3389
3389
3389
3388
3387
3387
3387
3387
3386
3386
3386
3385
3383
3383
3383
3382
3382
3382
3382
3382
3381
3381
3381
3380
3380
3380
3379
3379
3378
3378
3377
3377
3377
3377
3377
3376
3376
3376
3376
3375
3375
3375
3374
3373
3372
3371
3371
3371
3370
3370
3369
3369
3368
3368
3367
3367
3367
3366
3366
3365
3365
3365
3364
3364
3363
3363
3363
3362
3362
3362
3361
3360
3360
3360
3360
3360
3359
3359
3365
3359
3358
3357
3357
3356
3356
3359
3356
3356
3355
3355
3355
3354
3353
3357
3352
3351
3351
3355
3350
3349
3349
3348
3348
3348
3348
3348
3348
3347
3349
3347
3346
3346
3345
3345
3345
3345
3344
3344
3343
3343
3342
3342
3342
3341
3341
3341
3340
3340
3340
3340
3339
3339
3337
3337
3337
3337
3337
3337
3336
3336
3335
3335
3334
3333
3335
3333
3332
3331
3331
3331
3330
3330
3330
3330
3330
3330
3329
3329
3329
3328
3328
3327
3326
3326
3326
3325
3325
3325
3325
3325
3324
3324
3324
3324
3323
3323
3323
3322
3322
3322
3322
3321
3321
3320
3320
3320
3320
3320
3320
3319
3319
3318
3318
3317
3316
3316
3315
3315
3314
3314
3314
3314
3313
3313
3313
3312
3312
3312
3312
3311
3311
3311
3310
3309
3307
3307
3307
3306
3306
3306
3306
3305
3304
3304
3304
3303
3303
3303
3302
3302
3301
3301
3301
3306
3301
3300
3300
3300
3299
3299
3298
3298
3298
3298
3297
3296
3311
3295
3294
3294
3294
3293
3293
3293
3297
3303
3292
3292
3291
3290
3289
3289
3288
3288
3288
3287
3287
3287
3298
3285
3285
3284
3284
3284
3284
3284
3283
3282
3282
3290
3281
3280
3280
3280
3319
3279
3279
3278
3277
3311
3275
3275
3275
3274
3274
3274
3283
3273
3273
3273
3273
3272
3272
3272
3272
3272
3271
3271
3271
3270
3270
3269
3267
3267
3266
3266
3266
3265
3265
3265
3279
3264
3264
3263
3262
3262
3262
3261
3261
3261
3261
3261
3261
3260
3260
3260
3258
3258
3257
3257
3257
3256
3256
3256
3255
3254
3254
3253
3253
3253
3251
3251
3251
3250
3250
3250
3249
3249
3248
3249
3248
3248
3248
3248
3248
3248
3248
3247
3247
3246
3246
3246
3245
3245
3245
3244
3244
3244
3243
3243
3243
3243
3242
3242
3241
3241
3240
3240
3240
3240
3239
3239
3238
3238
3238
3237
3237
3237
3236
3236
3265
3235
3235
3234
3234
3233
3233
3233
3232
3232
3231
3231
3230
3231
3229
3229
3229
3229
3228
3232
3228
3228
3227
3227
3262
3226
3225
3224
3224
3224
3223
3223
3222
3221
3221
3221
3221
3220
3220
3219
3218
3217
3217
3216
3215
3215
3215
3215
3215
3214
3213
3212
3212
3212
3212
3211
3211
3211
3211
3211
3211
3211
3211
3211
3211
3210
3210
3208
3208
3208
3208
3208
3207
3207
3207
3207
3206
3206
3205
3205
3204
3203
3202
3201
3205
3201
3201
3200
3200
3200
3199
3199
3199
3199
3197
3196
3196
3195
3195
3194
3194
3194
3194
3193
3193
3193
3193
3193
3192
3192
3191
3191
3191
3191
3211
3190
3190
3189
3188
3188
3187
3187
3187
3187
3186
3186
3186
3186
3186
3186
3186
3185
3185
3185
3185
3185
3185
3185
3184
3184
3184
3200
3183
3183
3182
3182
3182
3181
3181
3181
3180
3180
3180
3179
3179
3178
3178
3178
3178
3178
3177
3177
3177
3177
3176
3176
3175
3175
3175
3174
3174
3174
3174
3174
3172
3172
3172
3172
3172
3172
3170
3170
3170
3170
3170
3170
3169
3169
3169
3167
3167
3167
3167
3166
3166
3166
3166
3165
3164
3163
3162
3162
3161
3161
3161
3161
3160
3160
3160
3159
3159
3159
3159
3159
3158
3158
3157
3156
3156
3156
3155
3155
3154
3154
3154
3154
3152
3151
3151
3151
3150
3149
3149
3149
3148
3148
3148
3147
3147
3147
3146
3145
3145
3145
3144
3144
3142
3142
3142
3142
3141
3141
3141
3141
3140
3140
3140
3139
3139
3139
3139
3138
3138
3138
3138
3138
3138
3138
3137
3137
3136
3136
3136
3136
3135
3135
3135
3135
3135
3135
3135
3135
3134
3134
3134
3141
3133
3133
3132
3132
3132
3132
3131
3131
3131
3131
3131
3131
3131
3130
3130
3129
3129
3129
3129
3129
3129
3128
3128
3128
3128
3126
3126
3126
3126
3125
3125
3060
3124
3124
3124
3123
3123
3123
3123
3122
3122
3122
3122
3121
3121
3120
3119
3118
3117
3117
3117
3117
3117
3120
3115
3114
3127
3113
3113
3113
3112
3112
3112
3111
3111
3110
3110
3110
3110
3110
3110
3109
3109
3108
3108
3108
3108
3108
3107
3107
3107
3107
3107
3106
3106
3106
3105
3105
3105
3104
3103
3103
3103
3102
3105
3102
3102
3102
3102
3101
3101
3101
3101
3101
3101
3100
3100
3099
3099
3099
3099
3099
3098
3098
3097
3097
3096
3096
3096
3095
3095
3094
3093
3093
3093
3092
3092
3092
3091
3091
3091
3091
3090
3090
3090
3090
3090
3089
3089
3089
3088
3088
3087
3087
3087
3087
3087
3087
3085
3085
3085
3085
3085
3084
3084
3084
3084
3084
3083
3083
3083
3082
3082
3082
3082
3082
3081
3081
3080
3080
3080
3080
3080
3080
3079
3079
3077
3077
3077
3076
3076
3076
3076
3075
3075
3073
3073
3072
3072
3072
3072
3072
3070
3070
3070
3069
3069
3069
3068
3068
3068
3067
3067
3067
3067
3066
3066
3084
3065
3065
3076
3064
3064
3064
3064
3064
3063
3063
3063
3063
3062
3061
3060
3060
3060
3060
3059
3059
3059
3058
3057
3057
3057
3057
3056
3056
3056
3056
3056
3055
3055
3055
3055
3055
3055
3054
3054
3054
3054
3053
3053
3053
3053
3052
3051
3051
3051
3051
3050
3050
3048
3048
3048
3048
3048
3048
3067
3047
3047
3047
3046
3046
3046
3046
3046
3045
3045
3045
3045
3045
3044
3044
3044
3044
3043
3042
3042
3057
3041
3041
3040
3040
3040
3039
3039
3039
3039
3038
3038
3038
3037
3037
3037
3036
3036
3036
3035
3035
3035
3034
3034
3034
3033
3033
3033
3032
3032
3032
3032
3032
3031
3031
3030
3030
3029
3041
3029
3029
3029
3028
3028
3028
3028
3027
3027
3026
3026
3026
3026
3026
3026
3025
3025
3025
3024
3024
3024
3023
3023
3022
3022
3022
3022
3021
3021
3021
3021
3021
3037
3020
3020
3020
3020
3019
3019
3019
3018
3018
3017
3017
3017
3017
3016
3016
3016
3016
3047
3015
3013
3013
3013
3013
3013
3013
3012
3011
3011
3011
3011
3010
3010
3010
3010
3009
3008
3007
3007
3007
3007
3006
3006
3006
3006
3006
3006
3005
3004
3004
3004
3004
3003
3003
3003
3002
3002
3002
3002
3002
3001
3000
3005
3002
