451803
346371
340901
261399
251696
248708
236036
235602
229281
227515
226846
205987
204926
189356
184725
176540
174475
165236
163324
161717
142564
140344
140266
134510
132533
131167
129085
125028
122199
121919
117780
116446
112864
112058
110391
109540
107200
106914
103301
102647
102513
101558
101254
100835
100489
99083
98921
98240
93305
78688
76315
73589
71154
70182
69876
69587
68773
68163
67928
67587
64971
64622
64014
63672
63024
62455
61458
61451
61165
60935
60839
59183
58571
58440
57295
56888
56470
56255
55371
55302
55128
54893
54891
54827
54513
54358
54218
53727
53654
53265
52767
52761
52676
52620
52030
51742
51415
51368
50913
50766
50283
50224
49787
49265
49254
49239
48980
48804
48668
48202
48151
48117
47647
47518
47036
46991
46940
46675
46430
46380
45754
45417
45261
44862
44847
44722
44654
44587
44462
44283
44181
44179
44128
44095
43999
43915
43522
43310
43210
43207
42505
42462
42400
42332
41979
41944
41922
41827
41718
41645
41326
41253
41233
41099
40908
40777
40638
40215
39972
39817
39449
39449
39386
39364
39337
39336
39328
39001
38948
38842
38753
38728
38727
38674
38369
38299
38289
38276
37981
37854
37692
37561
37554
37499
37443
37416
37390
37289
37281
37194
37092
36827
36594
36439
36353
36248
36126
35919
35771
35762
35630
35553
35467
35420
35404
35401
35372
35371
35294
35231
35170
34778
34465
34373
34326
34265
34116
34032
33956
33898
33476
33473
33403
33253
33000
32987
32897
32749
32742
32572
32538
32391
32247
32064
32047
32044
31903
31889
31868
31705
31638
31632
31610
31584
31560
31372
31349
31238
31051
30735
30675
30601
30597
30411
30406
30404
30399
30396
30134
30118
30046
30023
29961
29933
29920
29777
29769
29718
29698
29506
29315
29271
29260
29207
29195
29187
29126
29056
28896
28842
28768
28736
28691
28667
28532
28480
28453
28281
28226
28024
27808
27797
27764
27734
27719
27662
27452
27367
27268
27233
27200
27196
27171
27136
27130
27034
26991
26986
26978
26932
26923
26920
26917
26917
26791
26736
26557
26491
26470
26449
26434
26383
26355
26206
26202
26196
26155
26152
26152
26102
26002
25922
25855
25796
25791
25683
25613
25518
25455
25422
25403
25398
25279
25241
25230
25214
25174
25159
25006
24895
24894
24833
24808
24800
24776
24708
24704
24645
24620
24614
24571
24542
24532
24523
24509
24422
24403
24325
24301
24295
24238
24225
24151
24128
24102
24032
24021
23919
23758
23755
23653
23628
23620
23592
23484
23460
23427
23297
23289
23254
23243
23239
23157
22928
22904
22871
22825
22824
22808
22782
22771
22769
22718
22671
22632
22608
22594
22441
22429
22405
22404
22404
22398
22379
22352
22269
22225
22211
22199
22191
22169
22127
22106
22065
22048
22040
21958
21933
21887
21850
21829
21670
21643
21638
21634
21584
21570
21562
21528
21505
21502
21422
21375
21299
21286
21279
21256
21250
21230
21221
21218
21197
21166
21158
21146
21140
21104
21036
20978
20958
20957
20846
20816
20809
20766
20764
20662
20640
20636
20616
20552
20511
20491
20466
20411
20405
20399
20356
20326
20318
20313
20305
20257
20237
20231
20192
20171
20168
20127
20106
20088
20080
20034
20028
20021
20017
19991
19949
19935
19929
19877
19872
19871
19836
19834
19833
19770
19770
19672
19634
19590
19541
19522
19505
19475
19467
19454
19435
19428
19394
19371
19358
19336
19319
19303
19260
19247
19240
19192
19111
19106
19104
19092
19091
19018
18940
18935
18897
18894
18852
18855
18778
18749
18728
18694
18689
18686
18680
18667
18657
18642
18595
18560
18510
18503
18500
18472
18465
18454
18437
18431
18396
18384
18359
18359
18282
18251
18248
18172
18164
18148
18112
18091
18053
18050
18042
18013
18008
18000
17998
17977
17971
17943
17938
17929
17917
17904
17885
17860
17856
17803
17795
17773
17770
17770
17768
17743
17740
17729
17657
17693
17691
17650
17619
17598
17594
17547
17543
17532
17495
17495
17472
17458
17428
17403
17391
17373
17364
17355
17333
17322
17272
17267
17253
17248
17238
17226
17186
17138
17130
17121
17109
17100
17087
17082
17074
17062
17050
17048
17016
17008
16995
16995
16952
16923
16911
16860
16851
16793
16792
16770
16753
16699
16651
16618
16614
16604
16581
16571
16539
16531
16484
16480
16473
16467
16462
16452
16439
16434
16411
16398
16373
16356
16340
16339
16336
16312
16298
16270
16215
16199
16193
16123
16095
16088
16081
16076
16075
16031
16030
16023
16021
16020
15998
15995
15995
15995
15993
15988
15985
15975
15975
15957
15947
15933
15915
15908
15878
15861
15858
15804
15778
15754
15746
15710
15687
15631
15627
15623
15545
15537
15497
15471
15465
15452
15440
15409
15368
15355
15340
15339
15315
15290
15290
15290
15266
15214
15199
15197
15193
15176
15169
15154
15135
15121
15114
15109
15062
15049
15027
14991
14981
14965
14963
14945
14940
14926
14905
14884
14878
14862
14853
14822
14773
14758
14694
14684
14674
14662
14641
14628
14619
14586
14582
14563
14558
14553
14541
14540
14519
14514
14507
14506
14493
14469
14466
14457
14455
14450
14445
14441
14437
14437
14424
14418
14384
14382
14359
14351
14345
14340
14336
14318
14315
14314
14302
14299
14298
14279
14269
14256
14254
14250
14223
14220
14209
14208
14205
14183
14175
14172
14165
14164
14161
14147
14142
14135
14127
14113
14108
14107
14084
14066
14056
14056
14056
14047
14045
14044
14023
14020
14005
14009
13994
13973
13969
13963
13930
13927
13922
13904
13890
13883
13836
13830
13783
13778
13761
13755
13742
13731
13714
13711
13704
13690
13668
13663
13641
13633
13628
13619
13606
13597
13596
13602
13594
13585
13584
13582
13575
13574
13573
13551
13547
13546
13540
13536
13533
13530
13516
13517
13511
13491
13487
13486
13468
13465
13457
13453
13452
13443
13440
13439
13431
13431
13416
13412
13411
13393
13357
13354
13345
13322
13317
13283
13282
13274
13272
13260
13258
13249
13244
13242
13238
13227
13227
13199
13184
13150
13136
13126
13124
13113
13102
13099
13091
13089
13081
13068
13058
13039
13038
13030
13022
13011
13005
12984
12982
12982
12971
12970
12957
12948
12930
12929
12920
12919
12907
12896
12894
12893
12886
12877
12868
12850
12850
12847
12845
12843
12830
12827
12798
12791
12785
12779
12743
12740
12726
12709
12706
12700
12698
12696
12686
12686
12681
12677
12670
12663
12650
12650
12643
12638
12600
12591
12586
12559
12557
12547
12547
12544
12539
12534
12532
12529
12522
12519
12515
12486
12483
12473
12461
12455
12455
12444
12442
12436
12430
12424
12421
12418
12412
12410
12399
12386
12382
12382
12366
12366
12362
12352
12351
12350
12349
12348
12326
12321
12320
12320
12310
12298
12289
12281
12278
12276
12242
12240
12218
12209
12206
12203
12203
12197
12186
12185
12185
12161
12154
12147
12146
12136
12112
12111
12110
12092
12089
12086
12086
12081
12077
12051
12047
12040
12020
12005
11998
11992
11986
11982
11981
11976
11975
11971
11970
11962
11933
11932
11930
11924
11923
11923
11920
11900
11881
11856
11843
11839
11825
11823
11815
11803
11801
11800
11793
11771
11769
11760
11751
11747
11745
11744
11735
11734
11734
11733
11731
11723
11717
11714
11712
11699
11683
11680
11673
11672
11668
11668
11665
11659
11642
11633
11632
11624
11618
11617
11616
11611
11594
11572
11563
11562
11562
11549
11545
11524
11522
11520
11506
11504
11497
11496
11485
11478
11467
11466
11461
11458
11455
11455
11448
11445
11444
11435
11426
11425
11422
11419
11415
11413
11412
11411
11410
11410
11409
11405
11399
11383
11380
11374
11358
11357
11351
11330
11321
11320
11317
11312
11303
11301
11300
11296
11294
11290
11290
11281
11275
11267
11266
11264
11260
11260
11250
11247
11247
11241
11224
11219
11210
11207
11193
11192
11190
11187
11185
11184
11176
11175
11173
11167
11155
11145
11138
11129
11126
11122
11121
11120
11119
11119
11116
11079
11058
11043
11029
11027
11025
11022
11018
11013
10968
10956
10953
10951
10945
10928
10926
10924
10915
10913
10909
10908
10898
10898
10892
10888
10888
10886
10882
10849
10845
10840
10838
10829
10828
10827
10820
10798
10797
10794
10791
10789
10783
10778
10774
10764
10764
10763
10758
10754
10752
10744
10741
10734
10725
10724
10722
10717
10712
10705
10701
10699
10692
10691
10688
10682
10677
10676
10671
10663
10662
10658
10647
10630
10603
10600
10597
10597
10595
10585
10577
10557
10550
10550
10548
10541
10538
10537
10522
10508
10501
10497
10494
10491
10491
10479
10463
10451
10451
10450
10449
10446
10422
10421
10419
10402
10400
10380
10370
10365
10365
10364
10363
10357
10354
10353
10339
10335
10319
10314
10314
10310
10304
10302
10300
10294
10289
10285
10281
10273
10272
10267
10264
10262
10254
10254
10253
10251
10249
10244
10237
10230
10217
10214
10213
10209
10207
10206
10206
10202
10200
10189
10189
10185
10181
10180
10157
10152
10137
10129
10127
10124
10123
10120
10119
10106
10094
10074
10063
10062
10061
10053
10053
10053
10047
10038
10037
10029
10035
10026
10026
10017
10006
10005
10001
10000
10000
9999
9991
9990
9990
9988
9986
9984
9984
9984
9973
9968
9964
9959
9958
9955
9948
9944
9931
9930
9926
9925
9923
9918
9915
9912
9906
9884
9883
9880
9876
9867
9862
9859
9852
9850
9850
9849
9849
9848
9845
9840
9833
9832
9830
9828
9827
9824
9817
9814
9806
9802
9797
9794
9786
9784
9781
9780
9773
9759
9753
9751
9749
9749
9748
9729
9726
9725
9725
9720
9715
9712
9702
9700
9691
9686
9685
9676
9671
9668
9662
9657
9661
9649
9645
9641
9638
9638
9637
9633
9632
9631
9623
9609
9607
9605
9604
9594
9594
9593
9591
9591
9588
9575
9570
9562
9561
9553
9552
9551
9547
9545
9545
9544
9536
9534
9531
9529
9519
9517
9508
9507
9506
9488
9483
9481
9479
9479
9477
9472
9471
9468
9459
9458
9455
9445
9441
9437
9433
9433
9431
9425
9425
9423
9416
9416
9412
9406
9405
9399
9397
9395
9392
9391
9381
9379
9377
9376
9371
9366
9365
9355
9354
9352
9352
9349
9346
9342
9342
9339
9336
9321
9321
9313
9312
9311
9311
9311
9310
9303
9301
9293
9288
9286
9286
9280
9275
9275
9272
9266
9261
9248
9239
9237
9237
9237
9235
9230
9224
9210
9206
9197
9189
9188
9186
9184
9178
9177
9165
9165
9162
9158
9158
9153
9151
9148
9143
9137
9134
9123
9119
9107
9106
9105
9104
9103
9093
9089
9089
9084
9081
9074
9073
9072
9068
9061
9055
9049
9046
9040
9036
9034
9031
9011
9007
9005
9004
8996
8996
8993
8989
8985
8978
8978
8975
8975
8966
8966
8961
8956
8948
8948
8937
8936
8931
8929
8928
8924
8921
8919
8916
8912
8912
8910
8908
8902
8901
8900
8899
8898
8896
8891
8890
8890
8888
8885
8871
8869
8866
8864
8863
8857
8852
8848
8846
8845
8843
8839
8835
8830
8822
8815
8814
8812
8811
8809
8807
8805
8799
8794
8784
8780
8776
8775
8775
8773
8764
8763
8763
8762
8762
8756
8751
8750
8749
8747
8745
8743
8739
8733
8732
8727
8722
8717
8708
8706
8701
8696
8695
8694
8693
8692
8689
8686
8683
8681
8681
8678
8673
8668
8663
8662
8659
8656
8655
8653
8650
8650
8646
8644
8644
8641
8637
8633
8624
8622
8618
8614
8612
8610
8606
8605
8604
8602
8600
8600
8596
8593
8586
8584
8582
8582
8579
8578
8578
8573
8572
8570
8568
8567
8561
8560
8558
8558
8557
8556
8552
8548
8548
8546
8543
8538
8536
8534
8520
8519
8516
8514
8514
8513
8510
8508
8494
8487
8484
8481
8478
8474
8471
8467
8460
8459
8458
8457
8457
8457
8456
8450
8446
8444
8441
8440
8435
8432
8429
8419
8419
8418
8417
8416
8415
8414
8408
8406
8404
8399
8398
8391
8387
8387
8386
8384
8374
8373
8372
8371
8369
8369
8364
8360
8357
8344
8344
8342
8334
8333
8333
8329
8328
8322
8319
8318
8317
8315
8313
8313
8312
8311
8305
8294
8293
8288
8287
8287
8284
8279
8278
8275
8275
8268
8268
8268
8267
8263
8260
8259
8257
8255
8251
8248
8239
8239
8238
8235
8234
8233
8232
8226
8224
8217
8214
8214
8210
8207
8200
8199
8195
8192
8187
8181
8179
8178
8178
8174
8168
8167
8167
8165
8160
8155
8155
8155
8150
8143
8141
8140
8139
8134
8130
8130
8129
8129
8124
8124
8119
8116
8113
8112
8109
8108
8107
8102
8096
8094
8094
8093
8093
8090
8083
8080
8076
8076
8071
8070
8067
8061
8045
8041
8040
8040
8037
8034
8033
8031
8029
8024
8020
8020
8017
8012
8011
8010
8007
7999
7998
7997
7995
7992
7989
7986
7982
7981
7979
7978
7970
7969
7966
7964
7963
7963
7963
7962
7962
7960
7955
7955
7954
7952
7951
7950
7950
7949
7949
7947
7947
7946
7944
7950
7943
7930
7929
7925
7922
7922
7921
7913
7912
7905
7904
7901
7897
7897
7896
7893
7892
7889
7886
7883
7873
7872
7867
7864
7863
7859
7857
7851
7848
7845
7843
7842
7841
7838
7836
7833
7832
7831
7830
7830
7826
7825
7823
7819
7817
7816
7808
7803
7800
7798
7798
7793
7788
7785
7784
7784
7783
7776
7770
7769
7769
7766
7766
7764
7762
7758
7756
7755
7752
7750
7747
7742
7741
7740
7738
7733
7731
7730
7728
7726
7724
7721
7721
7711
7710
7707
7706
7706
7704
7704
7704
7698
7697
7695
7691
7690
7687
7687
7686
7684
7683
7682
7682
7681
7681
7675
7669
7668
7667
7663
7661
7661
7659
7654
7654
7650
7645
7642
7640
7639
7639
7638
7637
7636
7636
7630
7629
7627
7625
7625
7625
7624
7620
7620
7617
7616
7616
7604
7604
7599
7589
7588
7587
7587
7583
7581
7578
7578
7574
7573
7572
7571
7569
7567
7567
7565
7565
7563
7551
7542
7542
7542
7541
7540
7538
7536
7533
7529
7529
7529
7528
7528
7526
7522
7522
7518
7515
7514
7512
7511
7507
7495
7493
7490
7489
7486
7483
7481
7478
7477
7476
7475
7474
7471
7472
7465
7463
7459
7459
7458
7455
7455
7453
7453
7452
7450
7448
7448
7445
7445
7443
7442
7441
7440
7434
7429
7422
7420
7419
7419
7417
7413
7411
7409
7408
7405
7400
7399
7396
7396
7394
7392
7391
7391
7387
7383
7381
7380
7380
7375
7374
7373
7372
7370
7368
7367
7363
7361
7359
7358
7357
7356
7351
7350
7349
7347
7346
7343
7340
7339
7339
7339
7338
7336
7333
7332
7331
7328
7327
7323
7322
7321
7319
7313
7305
7305
7304
7304
7304
7298
7297
7296
7294
7294
7292
7291
7288
7285
7285
7284
7283
7282
7279
7277
7277
7275
7272
7270
7270
7266
7266
7264
7261
7260
7257
7251
7250
7250
7247
7245
7243
7239
7235
7235
7230
7229
7228
7226
7224
7221
7221
7220
7220
7209
7201
7201
7199
7199
7197
7194
7190
7190
7190
7187
7186
7186
7185
7184
7183
7181
7175
7173
7173
7172
7168
7166
7165
7163
7161
7160
7157
7150
7149
7149
7148
7147
7147
7146
7144
7143
7140
7140
7134
7133
7132
7130
7129
7129
7128
7124
7122
7119
7118
7111
7110
7105
7104
7103
7103
7096
7092
7089
7088
7080
7074
7072
7072
7071
7070
7070
7070
7068
7067
7065
7060
7058
7057
7045
7044
7042
7041
7040
7039
7038
7037
7033
7031
7029
7025
7024
7018
7016
7008
7008
7005
6999
6997
6996
6987
6985
6982
6980
6980
6979
6973
6970
6968
6963
6961
6957
6955
6953
6950
6948
6948
6947
6946
6944
6944
6943
6940
6937
6934
6934
6933
6932
6931
6928
6926
6923
6921
6916
6916
6910
6907
6904
6902
6901
6899
6897
6897
6895
6890
6890
6889
6885
6885
6883
6882
6880
6878
6878
6877
6876
6875
6868
6865
6863
6863
6862
6860
6860
6860
6859
6859
6856
6856
6854
6853
6850
6849
6848
6846
6840
6839
6832
6831
6830
6830
6828
6826
6825
6819
6818
6815
6810
6805
6804
6801
6800
6800
6798
6798
6795
6791
6791
6789
6780
6778
6775
6775
6775
6772
6771
6767
6651
6759
6690
6753
6750
6748
6747
6746
6744
6742
6742
6740
6738
6737
6735
6734
6733
6729
6728
6728
6728
6726
6725
6724
6723
6722
6720
6714
6714
6708
6708
6707
6707
6705
6703
6702
6700
6698
6697
6696
6696
6693
6692
6686
6684
6683
6682
6681
6678
6678
6675
6675
6672
6670
6668
6668
6665
6660
6656
6654
6647
6645
6645
6643
6641
6638
6637
6635
6634
6632
6629
6629
6628
6628
6627
6626
6626
6625
6623
6622
6620
6618
6616
6612
6610
6610
6609
6609
6607
6598
6597
6596
6593
6592
6591
6589
6588
6586
6585
6583
6582
6582
6579
6579
6577
6577
6574
6573
6573
6573
6570
6569
6569
6571
6566
6566
6560
6559
6559
6557
6557
6556
6554
6554
6552
6552
6550
6548
6544
6542
6541
6535
6534
6533
6529
6527
6526
6523
6519
6518
6517
6513
6513
6512
6509
6508
6508
6508
6508
6507
6506
6504
6504
6504
6503
6502
6502
6502
6500
6499
6498
6494
6493
6490
6487
6479
6478
6476
6474
6474
6473
6470
6469
6468
6468
6460
6460
6459
6458
6456
6456
6454
6452
6448
6445
6444
6444
6443
6440
6440
6440
6439
6439
6437
6435
6434
6432
6431
6430
6427
6426
6423
6422
6419
6419
6416
6415
6414
6414
6411
6410
6409
6407
6406
6404
6397
6395
6395
6394
6393
6391
6390
6384
6381
6381
6381
6379
6379
6378
6378
6376
6372
6370
6370
6369
6368
6361
6361
6357
6355
6355
6351
6347
6346
6340
6336
6334
6333
6333
6332
6330
6327
6326
6321
6320
6318
6318
6317
6316
6314
6314
6312
6309
6309
6306
6305
6305
6304
6304
6303
6300
6300
6296
6294
6294
6294
6291
6288
6288
6283
6282
6280
6280
6277
6277
6275
6271
6270
6270
6269
6269
6266
6265
6265
6264
6263
6261
6260
6257
6253
6252
6251
6250
6247
6245
6244
6243
6241
6238
6236
6235
6234
6234
6233
6227
6227
6224
6219
6219
6215
6212
6212
6209
6208
6208
6206
6205
6204
6204
6200
6199
6199
6193
6193
6190
6189
6189
6188
6187
6184
6183
6182
6180
6172
6171
6167
6166
6163
6162
6160
6159
6158
6157
6157
6154
6150
6149
6147
6144
6144
6142
6137
6133
6132
6132
6129
6127
6125
6124
6123
6122
6122
6121
6117
6117
6117
6112
6112
6112
6111
6111
6129
6109
6108
6106
6105
6104
6101
6101
6100
6096
6096
6094
6094
6090
6090
6086
6085
6082
6081
6081
6079
6078
6077
6077
6076
6073
6068
6068
6068
6068
6067
6065
6065
6064
6058
6055
6055
6051
6050
6050
6047
6046
6046
6044
6044
6044
6041
6037
6036
6035
6032
6032
6030
6029
6029
6028
6024
6023
6021
6014
6012
6012
6011
6011
6011
6011
6006
6002
5999
5997
5996
5995
5994
5992
5991
5990
5988
5987
5986
5983
5982
5981
5981
5980
5979
5972
5972
5970
5968
5966
5963
5962
5962
5961
5958
5954
5953
5952
5951
5950
5949
5948
5948
5947
5944
5942
5934
5933
5932
5932
5931
5928
5926
5925
5924
5922
5922
5922
5921
5918
5916
5916
5910
5910
5908
5905
5905
5904
5901
5899
5899
5898
5898
5898
5892
5891
5890
5888
5886
5884
5879
5879
5877
5873
5873
5870
5867
5866
5866
5861
5856
5852
5852
5850
5850
5850
5849
5848
5847
5847
5847
5847
5845
5844
5843
5836
5836
5835
5835
5835
5834
5830
5829
5827
5825
5825
5823
5822
5821
5821
5820
5820
5817
5815
5815
5815
5811
5810
5806
5804
5800
5798
5795
5793
5790
5790
5789
5789
5785
5784
5783
5783
5782
5780
5778
5778
5776
5776
5775
5772
5768
5767
5765
5764
5764
5762
5765
5761
5759
5756
5755
5751
5751
5751
5750
5749
5749
5747
5747
5745
5744
5743
5743
5741
5741
5739
5738
5737
5734
5729
5726
5723
5722
5721
5720
5718
5718
5717
5716
5713
5710
5707
5703
5701
5700
5698
5696
5696
5696
5695
5694
5694
5692
5692
5692
5690
5687
5684
5683
5682
5680
5679
5679
5677
5675
5673
5672
5669
5666
5665
5664
5659
5659
5657
5657
5657
5655
5654
5651
5649
5646
5644
5641
5639
5638
5634
5634
5633
5633
5632
5631
5629
5627
5626
5623
5623
5622
5620
5618
5618
5617
5616
5613
5613
5613
5612
5609
5607
5606
5604
5602
5602
5600
5600
5598
5598
5598
5597
5597
5594
5593
5590
5589
5588
5587
5585
5584
5583
5577
5576
5575
5573
5572
5572
5569
5569
5569
5568
5567
5562
5562
5562
5561
5561
5560
5559
5558
5556
5554
5552
5549
5549
5548
5548
5548
5547
5546
5545
5545
5545
5544
5544
5543
5543
5542
5541
5538
5538
5537
5535
5535
5534
5533
5531
5529
5527
5526
5526
5525
5525
5523
5523
5519
5519
5517
5514
5514
5513
5512
5511
5511
5509
5508
5508
5506
5505
5505
5500
5496
5494
5493
5493
5492
5492
5491
5490
5489
5487
5486
5485
5485
5484
5483
5483
5481
5478
5473
5471
5471
5469
5468
5467
5465
5462
5461
5455
5453
5452
5452
5452
5448
5444
5444
5442
5441
5441
5440
5439
5438
5436
5436
5431
5429
5428
5428
5427
5427
5427
5424
5422
5421
5420
5419
5414
5413
5412
5411
5410
5409
5409
5407
5405
5404
5400
5400
5399
5397
5397
5397
5396
5392
5392
5390
5390
5390
5389
5387
5385
5385
5385
5383
5382
5381
5380
5379
5379
5378
5377
5374
5371
5370
5370
5369
5369
5367
5366
5366
5366
5366
5363
5361
5360
5358
5353
5353
5350
5349
5349
5349
5349
5348
5343
5343
5341
5340
5339
5337
5337
5336
5336
5334
5332
5332
5331
5329
5329
5329
5328
5323
5321
5320
5319
5317
5317
5316
5316
5312
5312
5311
5311
5309
5309
5306
5306
5304
5301
5301
5301
5300
5299
5298
5296
5296
5293
5292
5291
5291
5289
5289
5289
5289
5287
5280
5280
5277
5274
5273
5273
5272
5271
5271
5269
5269
5268
5268
5265
5264
5263
5261
5257
5253
5250
5249
5249
5249
5248
5248
5246
5244
5242
5238
5237
5236
5236
5236
5235
5235
5234
5233
5230
5229
5227
5227
5227
5225
5223
5221
5221
5221
5217
5216
5214
5212
5212
5211
5210
5209
5209
5208
5207
5206
5204
5203
5202
5202
5201
5200
5199
5199
5193
5192
5190
5188
5186
5185
5184
5182
5181
5180
5180
5179
5176
5176
5174
5174
5174
5172
5171
5171
5170
5170
5170
5169
5168
5168
5166
5166
5165
5164
5163
5163
5161
5158
5158
5157
5157
5154
5154
5151
5147
5146
5146
5145
5144
5144
5141
5140
5140
5139
5139
5139
5144
5138
5138
5136
5134
5129
5128
5127
5126
5126
5124
5124
5123
5122
5121
5121
5120
5119
5118
5114
5113
5113
5108
5108
5106
5105
5103
5103
5101
5100
5099
5099
5064
5097
5096
5096
5096
5096
5095
5094
5093
5093
5092
5091
5091
5091
5088
5088
5083
5082
5081
5081
5080
5079
5079
5078
5077
5076
5075
5072
5071
5071
5070
5070
5068
5067
5066
5065
5065
5062
5062
5062
5061
5061
5060
5060
5059
5058
5056
5055
5055
5054
5052
5051
5051
5050
5049
5048
5048
5048
5045
5045
5044
5041
5041
5041
5039
5038
5037
5037
5037
5033
5029
5026
5026
5025
5024
5020
5018
5018
5017
5016
5014
5014
5012
5010
5010
5008
5005
5005
5002
5001
5001
4999
4998
4996
4995
4994
4994
4993
4991
4990
4990
4988
4988
4988
4988
4987
4987
4986
4983
4983
4982
4981
4980
4980
4978
4976
4975
4974
4973
4970
4970
4970
4969
4969
4969
4968
4968
4967
4966
4965
4965
4963
4963
4963
4963
4962
4960
4957
4955
4952
4951
4951
4950
4949
4948
4946
4945
4943
4943
4941
4941
4936
4934
4934
4932
4932
4931
4930
4928
4928
4927
4924
4923
4923
4922
4920
4917
4917
4915
4909
4908
4906
4906
4906
4905
4905
4905
4904
4903
4902
4902
4902
4901
4900
4900
4897
4896
4895
4895
4893
4893
4891
4890
4886
4886
4884
4883
4878
4878
4877
4877
4876
4875
4875
4874
4874
4871
4870
4868
4868
4868
4866
4865
4864
4862
4862
4861
4861
4858
4858
4856
4855
4854
4854
4852
4851
4850
4847
4846
4842
4841
4841
4841
4840
4840
4840
4839
4837
4836
4835
4834
4834
4833
4829
4829
4828
4827
4826
4826
4825
4824
4823
4822
4820
4819
4819
4817
4817
4817
4817
4816
4816
4816
4815
4815
4815
4814
4812
4812
4812
4809
4809
4809
4808
4808
4807
4807
4807
4807
4807
4806
4804
4801
4800
4797
4796
4795
4794
4793
4793
4793
4793
4793
4792
4789
4788
4788
4788
4788
4784
4784
4782
4781
4780
4779
4779
4776
4776
4775
4775
4774
4774
4774
4774
4772
4772
4772
4771
4770
4770
4770
4769
4768
4766
4766
4765
4765
4763
4763
4762
4761
4759
4759
4758
4758
4758
4756
4752
4752
4752
4752
4751
4751
4749
4748
4748
4746
4746
4745
4743
4743
4743
4742
4741
4740
4739
4737
4737
4736
4736
4736
4735
4733
4730
4729
4728
4728
4724
4724
4723
4721
4719
4718
4713
4713
4713
4711
4711
4710
4709
4709
4709
4708
4708
4708
4707
4706
4705
4705
4705
4703
4702
4701
4700
4697
4695
4695
4693
4693
4692
4692
4691
4690
4688
4686
4684
4683
4682
4682
4680
4680
4680
4679
4679
4678
4677
4677
4673
4673
4673
4673
4672
4671
4669
4668
4667
4666
4666
4666
4665
4665
4664
4663
4662
4661
4661
4659
4659
4659
4658
4658
4658
4658
4657
4657
4657
4657
4655
4654
4653
4651
4648
4647
4647
4646
4646
4643
4642
4642
4641
4641
4640
4640
4638
4637
4637
4636
4635
4635
4633
4633
4631
4630
4630
4628
4626
4625
4624
4624
4623
4622
4622
4622
4620
4618
4618
4616
4615
4615
4614
4613
4612
4611
4611
4610
4610
4609
4608
4607
4607
4606
4606
4605
4605
4605
4605
4603
4602
4602
4599
4599
4596
4596
4592
4592
4591
4590
4589
4589
4587
4587
4587
4586
4586
4585
4584
4582
4582
4580
4580
4576
4576
4574
4573
4573
4572
4571
4568
4568
4567
4566
4566
4565
4565
4561
4560
4558
4558
4558
4554
4552
4552
4548
4546
4546
4546
4546
4546
4545
4545
4545
4544
4543
4542
4542
4541
4540
4540
4539
4538
4538
4538
4537
4537
4537
4536
4536
4535
4534
4534
4532
4532
4531
4527
4527
4525
4524
4523
4521
4521
4519
4519
4517
4516
4515
4513
4512
4510
4509
4508
4507
4507
4506
4506
4505
4504
4504
4502
4500
4499
4499
4498
4498
4497
4497
4496
4495
4494
4494
4494
4493
4492
4490
4490
4488
4488
4487
4486
4486
4485
4484
4484
4482
4482
4482
4480
4479
4478
4478
4478
4475
4475
4474
4473
4473
4472
4470
4470
4469
4466
4465
4465
4460
4460
4459
4459
4458
4458
4458
4458
4455
4455
4455
4450
4448
4448
4448
4447
4447
4446
4444
4444
4443
4443
4441
4440
4440
4439
4439
4438
4437
4437
4434
4433
4432
4431
4431
4429
4429
4428
4428
4428
4425
4425
4425
4424
4423
4423
4423
4423
4422
4422
4421
4421
4420
4417
4416
4416
4414
4414
4413
4413
4413
4412
4410
4410
4410
4407
4405
4405
4404
4404
4404
4404
4402
4402
4400
4399
4398
4395
4395
4394
4394
4392
4392
4389
4389
4389
4389
4389
4388
4388
4387
4387
4387
4387
4385
4384
4384
4383
4383
4383
4382
4382
4382
4381
4381
4381
4379
4378
4378
4377
4377
4369
4369
4369
4368
4368
4365
4365
4363
4362
4362
4362
4360
4359
4359
4359
4357
4355
4354
4354
4354
4354
4351
4351
4351
4351
4349
4348
4348
4346
4346
4344
4343
4339
4338
4338
4337
4333
4333
4333
4333
4333
4332
4331
4331
4331
4330
4330
4330
4328
4327
4325
4323
4322
4322
4321
4320
4320
4318
4317
4315
4314
4314
4313
4311
4311
4311
4310
4310
4307
4306
4305
4305
4305
4304
4303
4303
4302
4302
4301
4300
4297
4295
4295
4294
4293
4289
4288
4288
4288
4288
4287
4286
4286
4285
4283
4283
4283
4282
4281
4280
4279
4277
4276
4274
4273
4273
4272
4272
4269
4268
4267
4265
4264
4263
4262
4260
4259
4257
4257
4256
4255
4253
4253
4253
4252
4252
4250
4250
4250
4249
4249
4249
4249
4248
4248
4248
4248
4248
4247
4247
4245
4244
4243
4243
4243
4242
4242
4241
4240
4240
4240
4238
4238
4237
4236
4235
4234
4233
4232
4232
4232
4231
4231
4231
4229
4227
4227
4226
4226
4225
4225
4224
4221
4221
4220
4220
4219
4218
4218
4217
4217
4215
4215
4214
4214
4213
4213
4213
4212
4210
4208
4207
4207
4207
4207
4206
4205
4204
4204
4204
4204
4203
4202
4202
4202
4202
4199
4198
4196
4195
4195
4194
4192
4191
4190
4189
4188
4188
4187
4185
4185
4183
4182
4181
4180
4180
4179
4179
4179
4178
4178
4178
4177
4177
4176
4176
4175
4172
4172
4171
4171
4171
4169
4169
4169
4167
4167
4166
4166
4165
4164
4162
4161
4161
4161
4160
4159
4159
4157
4157
4156
4155
4155
4155
4153
4152
4152
4152
4152
4152
4151
4151
4150
4150
4150
4150
4148
4148
4146
4141
4140
4140
4140
4139
4138
4136
4135
4133
4133
4133
4132
4131
4130
4129
4129
4128
4128
4127
4126
4126
4125
4125
4060
4125
4124
4123
4123
4122
4121
4121
4120
4120
4119
4119
4119
4118
4118
4118
4117
4117
4116
4114
4114
4113
4112
4111
4110
4110
4109
4108
4108
4106
4106
4106
4104
4104
4104
4102
4100
4099
4099
4098
4098
4097
4097
4096
4096
4094
4093
4093
4092
4091
4091
4090
4089
4089
4088
4087
4087
4085
4085
4084
4084
4084
4084
4084
4083
4083
4083
4083
4083
4082
4082
4081
4080
4091
4079
4079
4078
4077
4075
4074
4074
4073
4072
4072
4071
4071
4070
4069
4069
4068
4067
4064
4064
4064
4061
4061
4060
4059
4059
4058
4058
4058
4058
4058
4057
4057
4056
4056
4056
4056
4055
4055
4054
4054
4052
4051
4051
4050
4050
4049
4049
4048
4047
4047
4047
4047
4046
4043
4043
4042
4041
4041
4040
4039
4038
4038
4038
4037
4037
4037
4036
4036
4036
4035
4034
4034
4034
4033
4033
4030
4028
4028
4028
4028
4028
4027
4027
4026
4026
4026
4025
4025
4023
4023
4023
4021
4021
4021
4020
4020
4019
4015
4013
4012
4012
4011
4011
4011
4010
4010
4010
4009
4009
4009
4007
4006
4006
4006
4004
4004
4004
4003
4003
4003
4002
4002
4001
4000
4000
3999
3999
3998
3996
3995
3995
3995
3999
3992
3992
3991
3991
3990
3989
3988
3988
3986
3986
3986
3986
3985
3985
3985
3984
3983
3982
3981
3980
3979
3979
3979
3978
3978
3976
3976
3976
3976
3976
3975
3975
3975
3975
3974
3973
3973
3973
3973
3970
3970
3967
3967
3967
3966
3966
3965
3965
3964
3963
3963
3963
3962
3961
3961
3960
3959
3959
3958
3957
3957
3957
3955
3955
3955
3954
3953
3951
3951
3951
3950
3949
3948
3947
3947
3947
3947
3946
3945
3945
3944
3944
3944
3940
3940
3940
3939
3939
3937
3937
3937
3936
3936
3936
3933
3933
3932
3932
3931
3931
3931
3931
3930
3930
3929
3928
3927
3927
3926
3926
3926
3924
3921
3921
3921
3920
3918
3917
3917
3916
3916
3916
3914
3913
3912
3912
3911
3911
3911
3910
3908
3907
3905
3905
3904
3903
3902
3902
3902
3902
3901
3901
3899
3898
3897
3896
3895
3895
3895
3895
3894
3893
3891
3891
3891
3891
3891
3890
3889
3889
3888
3887
3887
3887
3886
3886
3885
3885
3885
3884
3883
3883
3882
3882
3882
3882
3881
3881
3880
3880
3879
3879
3879
3879
3879
3878
3878
3878
3877
3876
3876
3876
3874
3873
3872
3872
3872
3872
3870
3870
3869
3869
3867
3866
3865
3865
3864
3864
3864
3864
3861
3860
3859
3859
3859
3859
3859
3859
3856
3856
3856
3855
3854
3853
3852
3851
3851
3849
3846
3846
3846
3846
3842
3842
3842
3841
3840
3838
3837
3837
3836
3836
3835
3835
3834
3833
3832
3831
3830
3829
3829
3828
3828
3828
3828
3828
3827
3825
3825
3824
3823
3823
3822
3822
3820
3819
3818
3817
3816
3815
3815
3815
3813
3813
3813
3813
3813
3813
3812
3810
3809
3808
3808
3807
3806
3805
3805
3804
3804
3803
3802
3802
3802
3801
3800
3798
3797
3795
3795
3794
3793
3792
3792
3791
3791
3791
3790
3790
3790
3790
3789
3789
3789
3789
3788
3787
3787
3786
3786
3786
3784
3783
3783
3783
3783
3783
3782
3781
3781
3780
3780
3779
3779
3779
3776
3775
3774
3774
3773
3773
3772
3772
3771
3771
3771
3771
3770
3770
3770
3769
3767
3767
3767
3767
3766
3766
3765
3764
3761
3760
3759
3759
3759
3758
3758
3757
3757
3756
3754
3754
3754
3754
3753
3753
3753
3751
3751
3750
3749
3747
3746
3744
3744
3743
3743
3743
3742
3742
3742
3741
3740
3738
3738
3737
3737
3736
3734
3734
3733
3733
3732
3731
3730
3729
3728
3728
3727
3726
3726
3725
3724
3723
3723
3723
3723
3723
3722
3722
3721
3720
3720
3720
3719
3719
3718
3718
3717
3717
3716
3716
3716
3715
3715
3714
3714
3714
3713
3713
3712
3712
3709
3709
3708
3708
3708
3705
3704
3703
3702
3701
3700
3700
3700
3699
3699
3699
3698
3697
3697
3695
3695
3695
3695
3695
3695
3694
3694
3694
3693
3693
3692
3689
3689
3686
3685
3685
3684
3684
3684
3683
3683
3682
3682
3682
3682
3682
3681
3681
3681
3680
3680
3679
3679
3677
3676
3675
3675
3675
3675
3674
3673
3673
3673
3672
3672
3672
3672
3672
3671
3671
3669
3669
3667
3667
3667
3667
3666
3666
3665
3665
3665
3664
3664
3664
3664
3664
3663
3662
3661
3661
3661
3660
3660
3659
3658
3658
3658
3657
3657
3656
3656
3654
3653
3653
3653
3653
3653
3653
3653
3653
3652
3652
3651
3651
3651
3650
3650
3649
3649
3648
3648
3647
3647
3647
3646
3646
3646
3646
3646
3645
3644
3643
3643
3643
3643
3643
3642
3642
3641
3641
3641
3641
3640
3640
3640
3640
3639
3639
3638
3637
3637
3636
3635
3635
3634
3633
3633
3632
3632
3630
3629
3627
3627
3627
3626
3626
3625
3623
3622
3622
3621
3621
3620
3620
3619
3619
3617
3617
3616
3616
3616
3615
3615
3614
3614
3614
3613
3613
3612
3612
3612
3611
3611
3609
3609
3609
3608
3608
3608
3608
3608
3607
3607
3607
3605
3605
3605
3604
3603
3603
3603
3603
3601
3600
3598
3595
3595
3595
3595
3594
3594
3593
3593
3592
3592
3591
3590
3590
3588
3587
3587
3586
3586
3586
3586
3586
3585
3585
3585
3585
3585
3584
3583
3581
3580
3580
3579
3579
3579
3579
3578
3577
3577
3577
3576
3576
3576
3575
3575
3574
3573
3573
3573
3573
3572
3572
3569
3568
3568
3568
3567
3567
3567
3567
3566
3566
3566
3565
3565
3565
3565
3564
3564
3564
3563
3563
3563
3561
3561
3560
3560
3560
3560
3559
3559
3557
3556
3553
3553
3553
3552
3552
3551
3550
3550
3550
3550
3549
3549
3549
3549
3548
3547
3547
3547
3545
3544
3543
3542
3542
3538
3537
3537
3536
3536
3536
3535
3534
3534
3532
3532
3531
3531
3530
3529
3529
3528
3527
3527
3527
3527
3526
3526
3526
3525
3525
3525
3524
3524
3524
3521
3521
3521
3521
3520
3520
3520
3519
3519
3518
3518
3518
3517
3517
3517
3516
3515
3514
3514
3512
3511
3511
3510
3510
3510
3509
3508
3507
3507
3507
3506
3506
3506
3505
3504
3504
3504
3503
3503
3502
3502
3502
3501
3501
3501
3500
3499
3499
3498
3498
3498
3498
3497
3497
3497
3496
3495
3495
3495
3494
3494
3494
3494
3494
3493
3492
3492
3492
3492
3492
3491
3490
3489
3489
3488
3488
3487
3487
3486
3486
3485
3485
3485
3484
3484
3484
3483
3482
3482
3482
3482
3482
3480
3480
3480
3480
3480
3479
3477
3477
3477
3477
3477
3476
3476
3475
3475
3473
3473
3472
3472
3471
3470
3470
3470
3469
3469
3469
3469
3468
3468
3466
3465
3465
3465
3465
3463
3461
3460
3460
3460
3460
3459
3459
3459
3458
3458
3458
3457
3457
3457
3456
3456
3456
3456
3455
3455
3455
3453
3453
3452
3452
3451
3451
3451
3451
3450
3450
3448
3448
3447
3446
3446
3446
3444
3442
3442
3441
3441
3440
3439
3438
3438
3437
3437
3437
3437
3436
3435
3435
3435
3434
3434
3434
3434
3433
3432
3432
3432
3432
3431
3431
3431
3430
3430
3429
3429
3429
3428
3428
3428
3428
3427
3427
3427
3426
3430
3426
3426
3426
3424
3423
3423
3421
3421
3421
3420
3419
3418
3418
3418
3417
3417
3417
3417
3417
3416
3416
3415
3415
3415
3414
3413
3412
3412
3412
3412
3410
3410
3410
3410
3409
3408
3407
3407
3406
3406
3404
3404
3401
3400
3400
3400
3399
3399
3398
3397
3396
3396
3395
3395
3394
3393
3392
3391
3391
3391
3391
3390
3390
3390
3389
3393
3386
3386
3386
3385
3385
3385
3384
3384
3383
3382
3380
3380
3379
3377
3377
3377
3376
3376
3376
3376
3375
3375
3372
3371
3371
3370
3370
3370
3370
3370
3370
3369
3369
3369
3368
3368
3367
3367
3366
3366
3366
3364
3363
3362
3362
3361
3361
3361
3360
3360
3358
3358
3357
3356
3355
3355
3353
3353
3352
3352
3350
3349
3349
3349
3348
3348
3347
3347
3346
3346
3345
3345
3345
3344
3344
3344
3344
3343
3343
3343
3343
3343
3343
3342
3342
3342
3341
3340
3340
3338
3337
3337
3336
3336
3336
3336
3336
3334
3333
3333
3333
3332
3331
3331
3331
3330
3329
3329
3329
3329
3328
3328
3328
3328
3327
3327
3326
3326
3325
3325
3325
3324
3324
3323
3323
3323
3322
3322
3322
3322
3322
3320
3319
3319
3319
3317
3317
3317
3317
3317
3314
3314
3313
3313
3312
3311
3311
3310
3309
3309
3308
3307
3307
3306
3306
3306
3305
3305
3305
3304
3304
3304
3304
3304
3304
3303
3303
3303
3303
3302
3302
3302
3300
3299
3299
3299
3299
3298
3298
3298
3297
3294
3294
3293
3292
3292
3291
3291
3291
3291
3290
3290
3289
3289
3289
3289
3289
3289
3288
3287
3287
3286
3286
3286
3285
3285
3285
3284
3284
3284
3284
3284
3283
3283
3283
3283
3282
3281
3281
3280
3280
3279
3279
3278
3278
3276
3276
3275
3275
3275
3275
3274
3274
3273
3273
3273
3273
3272
3272
3271
3271
3270
3270
3270
3269
3269
3268
3267
3267
3266
3266
3266
3266
3265
3265
3264
3264
3263
3263
3262
3261
3261
3260
3259
3259
3258
3258
3258
3257
3256
3255
3255
3255
3257
3254
3254
3254
3254
3254
3252
3252
3251
3250
3250
3248
3248
3248
3247
3247
3246
3245
3245
3245
3245
3245
3244
3244
3244
3242
3242
3242
3242
3240
3239
3238
3238
3237
3237
3237
3236
3236
3236
3235
3235
3235
3234
3232
3232
3231
3231
3231
3231
3230
3229
3229
3229
3228
3228
3228
3228
3227
3226
3225
3225
3224
3224
3224
3223
3223
3223
3222
3222
3222
3222
3220
3220
3218
3217
3216
3215
3215
3215
3214
3214
3214
3214
3213
3213
3213
3212
3212
3212
3212
3211
3210
3209
3208
3207
3207
3207
3206
3205
3204
3203
3202
3201
3200
3200
3200
3199
3199
3199
3198
3198
3198
3198
3197
3197
3197
3197
3196
3195
3195
3195
3195
3194
3194
3193
3193
3193
3193
3193
3192
3192
3192
3192
3191
3191
3190
3189
3189
3188
3188
3187
3186
3186
3185
3184
3182
3182
3182
3182
3181
3181
3180
3179
3179
3179
3179
3179
3179
3179
3178
3178
3178
3176
3176
3176
3176
3176
3175
3175
3175
3174
3173
3173
3173
3173
3171
3170
3168
3168
3166
3166
3165
3164
3164
3164
3164
3163
3163
3163
3162
3161
3161
3160
3160
3160
3159
3159
3159
3159
3159
3158
3158
3158
3156
3156
3156
3155
3155
3153
3152
3152
3152
3152
3152
3151
3150
3150
3148
3148
3147
3147
3147
3147
3147
3146
3145
3144
3144
3143
3143
3143
3143
3143
3143
3142
3142
3142
3142
3142
3141
3141
3140
3140
3140
3140
3140
3140
3139
3139
3139
3138
3137
3137
3137
3136
3136
3135
3135
3135
3134
3133
3131
3130
3130
3129
3128
3128
3127
3126
3126
3126
3125
3125
3124
3124
3124
3123
3123
3123
3123
3123
3122
3122
3122
3122
3121
3121
3120
3120
3120
3119
3118
3118
3118
3117
3116
3116
3115
3115
3115
3115
3114
3114
3114
3114
3113
3113
3112
3111
3111
3111
3111
3110
3110
3109
3108
3108
3107
3107
3107
3106
3106
3105
3104
3104
3104
3103
3103
3102
3102
3101
3101
3101
3100
3100
3100
3100
3100
3100
3099
3099
3098
3098
3098
3098
3098
3096
3096
3096
3096
3096
3095
3095
3094
3099
3092
3092
3092
3091
3091
3090
3090
3090
3090
3090
3089
3088
3088
3088
3087
3086
3084
3083
3083
3082
3082
3082
3081
3081
3081
3080
3080
3079
3079
3079
3078
3078
3078
3078
3078
3077
3076
3074
3074
3074
3074
3074
3073
3073
3072
3072
3072
3072
3071
3070
3070
3070
3068
3067
3067
3066
3066
3066
3066
3066
3065
3065
3064
3064
3064
3063
3062
3062
3061
3061
3060
3059
3059
3059
3058
3057
3057
3056
3056
3056
3056
3055
3055
3054
3054
3053
3052
3051
3050
3050
3049
3048
3048
3048
3048
3047
3046
3046
3046
3045
3045
3045
3045
3044
3044
3044
3044
3044
3044
3043
3042
3042
3042
3042
3041
3041
3037
3036
3036
3036
3036
3035
3035
3035
3034
3034
3033
3032
3032
3032
3032
3032
3032
3031
3031
3030
3030
3030
3029
3029
3029
3029
3028
3028
3027
3027
3026
3025
3025
3025
3024
3023
3023
3023
3023
3023
3022
3022
3022
3022
3021
3021
3021
3020
3019
3019
3018
3018
3018
3018
3018
3017
3016
3016
3016
3015
3015
3015
3014
3014
3014
3014
3014
3014
3013
3012
3012
3012
3012
3012
3011
3011
3011
3010
3010
3010
3010
3009
3009
3009
3008
3007
3006
3006
3005
3005
3005
3005
3005
3004
3004
3002
3002
3002
3001
3001
3000
3000
3000
