552533
520038
502774
432309
372854
339748
330432
281608
276003
275326
264544
260147
259414
258517
254598
252696
249796
242389
227016
226719
224811
223085
220830
215233
214711
213356
209709
208304
207480
207118
204835
204409
203450
202836
202023
200739
198336
195977
192775
189764
188433
188217
187149
184075
183917
183049
175708
175441
169918
169730
162098
161985
160911
160766
158913
154053
152901
148198
147797
146052
145593
145487
143486
141838
141557
140448
140323
139920
139878
137124
136784
136065
134613
134119
132837
130377
128710
126665
125847
125572
123805
121732
121086
121065
119494
119146
118094
116778
114174
114042
113171
111500
110077
108277
108076
107466
107160
105716
105526
104604
104587
103848
101039
98302
97771
97717
97302
96600
96232
96071
93043
92731
92236
91131
91082
90945
90263
89746
89186
88633
88520
87930
86651
86599
86239
85518
85500
85294
84726
83694
83553
80924
79588
79260
78893
78877
77527
77170
74974
74433
74077
73586
73483
72888
71142
70702
69402
69208
69080
68906
68299
68166
67290
66970
66551
66377
65318
64451
61843
61664
61253
61161
61113
61060
60217
60067
59587
59526
59399
58067
57936
57776
57535
56786
56141
55703
55339
55126
54869
54780
54637
54606
53937
53894
52442
52168
52074
52029
51959
51915
51690
51662
51553
51394
51347
51287
49600
49464
48771
48023
47416
47346
47180
47123
47016
46984
46330
46036
45955
45195
45155
45093
44883
43909
43014
42940
42570
42364
42156
41906
41197
40784
40672
40034
39027
38841
38759
38707
38465
38154
37923
37774
37706
36934
36782
36730
36618
36497
36401
36386
36265
35964
35824
35677
35480
35421
34980
34976
34973
34889
34767
34734
34623
34627
34392
34334
34225
33811
33651
33406
33105
32713
32522
32269
32128
31906
31542
31479
31418
31298
31215
31002
30552
30378
30104
29826
29813
29796
29568
29566
29457
29354
29308
29270
29267
28794
28097
27900
27808
27567
27403
27395
27339
27239
27232
27194
26550
26543
26540
26387
26110
26089
25867
25823
25766
25600
25354
25040
24425
24190
24009
23748
23728
23570
23556
23523
23398
23383
23312
23283
23129
23071
22925
22851
22747
22649
22165
22057
22034
21980
21948
21821
21502
21453
21424
21351
21287
21211
21125
21117
20943
20769
20706
20707
20567
20282
19944
19881
19839
19749
19649
19613
19443
19415
19319
19117
19140
19080
18935
18935
18831
18780
18535
18420
18332
18158
18007
17984
17863
17676
17611
17507
17308
17269
17229
17141
16881
16771
16764
16723
16705
16645
16629
16561
16553
16549
16293
16124
16097
15908
15809
15545
15486
15442
15416
15335
15285
15235
15159
15135
15128
15044
14966
14896
14888
14863
14489
14448
14393
14370
14334
14319
14304
14234
14162
14140
14122
14116
14101
14039
13740
13734
13730
13688
13647
13479
13452
13450
13399
13383
13334
13221
13065
13008
12976
12891
12776
12859
12851
12831
12804
12801
12735
12686
12681
12658
12642
12622
12492
12482
12460
12429
12424
12340
12298
12232
12174
12161
12149
12138
12068
11978
11939
11927
11858
11836
11814
11811
11762
11750
11732
11717
11722
11714
11697
11693
11669
11623
11598
11585
11548
11282
11223
11214
10988
10980
10968
10966
10949
10824
10822
10821
10800
10770
10741
10705
10671
10656
10626
10610
10608
10561
10477
10454
10449
10375
10366
10357
10331
10316
10288
10228
10131
10109
10095
10076
10019
9956
9902
9896
9885
9854
9851
9757
9754
9728
9687
9665
9598
9592
9542
9529
9509
9469
9463
9436
9364
9320
9318
9308
9301
9243
9224
9194
9186
9186
9182
9107
9106
9102
9063
9036
9025
9006
8946
8941
8934
8906
8814
8805
8781
8767
8755
8746
8745
8698
8693
8685
8645
8644
8599
8576
8537
8532
8486
8457
8455
8396
8378
8356
8341
8321
8293
8291
8283
8265
8221
8202
8191
8078
8065
8051
8049
8033
8033
8027
7985
7985
7938
7933
7932
7929
7897
7877
7868
7854
7823
7800
7787
7781
7762
7748
7742
7721
7713
7700
7673
7665
7643
7619
7589
7568
7519
7518
7510
7483
7471
7471
7464
7459
7448
7388
7382
7381
7342
7341
7286
7235
7231
7213
7212
7200
7194
7184
7183
7163
7156
7136
7099
7088
7061
7058
7051
7045
7044
7035
7001
6960
6960
6955
6953
6901
6898
6894
6891
6865
6858
6849
6836
6816
6815
6795
6787
6776
6775
6764
6762
6761
6728
6726
6716
6698
6688
6687
6683
6674
6649
6644
6623
6617
6596
6588
6564
6535
6532
6517
6481
6465
6444
6444
6433
6399
6388
6374
6372
6349
6320
6316
6300
6273
6271
6262
6238
6233
6228
6218
6217
6215
6213
6200
6192
6169
6168
6168
6167
6162
6160
6160
6139
6119
6117
6125
6103
6058
6049
6032
6008
6004
5999
5970
5976
5955
5945
5937
5934
5917
5898
5889
5888
5881
5875
5867
5863
5857
5847
5845
5834
5826
5825
5788
5786
5775
5774
5762
5761
5755
5753
5752
5747
5717
5731
5709
5704
5702
5692
5690
5688
5679
5674
5671
5665
5661
5656
5633
5630
5627
5623
5628
5608
5604
5599
5568
5555
5543
5541
5536
5533
5531
5527
5512
5509
5507
5507
5505
5502
5497
5480
5475
5472
5451
5447
5456
5440
5437
5429
5425
5411
5379
5385
5361
5361
5353
5351
5314
5310
5305
5302
5294
5291
5290
5287
5283
5281
5269
5260
5260
5254
5248
5245
5127
5231
5229
5224
5223
5222
5222
5201
5198
5190
5182
5174
5171
5152
5151
5148
5141
5140
5126
5114
5106
5097
5094
5086
5076
5050
5040
5035
5026
5004
4996
4995
4991
4977
4976
4972
4961
4959
4958
4955
4946
4946
4946
4944
4937
4936
4920
4916
4914
4910
4896
4893
4890
4886
4884
4868
4864
4862
4860
4848
4846
4842
4833
4815
4813
4793
4793
4793
4788
4770
4754
4752
4751
4739
4736
4733
4724
4715
4702
4700
4698
4693
4685
4673
4666
4662
4660
4660
4658
4645
4645
4640
4634
4622
4617
4608
4605
4599
4591
4588
4588
4585
4559
4553
4552
4539
4536
4525
4522
4521
4511
4509
4508
4496
4493
4489
4488
4482
4471
4468
4467
4464
4462
4460
4447
4442
4441
4436
4431
4429
4422
4419
4418
4417
4411
4409
4403
4401
4398
4396
4394
4391
4390
4386
4376
4368
4367
4366
4361
4360
4359
4358
4350
4346
4344
4342
4340
4339
4328
4328
4315
4313
4305
4300
4290
4281
4281
4269
4268
4267
4266
4262
4259
4234
4233
4226
4222
4216
4213
4211
4207
4206
4203
4202
4199
4193
4190
4186
4168
4164
4163
4160
4158
4157
4150
4146
4142
4132
4119
4118
4128
4116
4115
4106
4097
4094
4098
4090
4085
4080
4078
4076
4070
4068
4067
4065
4057
4055
4053
4049
4034
4029
4016
4015
4014
4013
4011
4010
4007
4000
4011
3989
3986
3986
3975
3960
3954
3949
3948
3944
3932
3928
3927
3923
3920
3908
3908
3905
3898
3894
3883
3880
3870
3855
3854
3852
3838
3834
3830
3829
3823
3818
3816
3816
3814
3812
3812
3808
3805
3805
3803
3802
3800
3795
3794
3791
3791
3781
3777
3777
3776
3776
3762
3757
3755
3753
3753
3752
3751
3750
3746
3745
3745
3736
3734
3730
3723
3722
3718
3714
3714
3711
3710
3701
3694
3693
3685
3685
3684
3684
3683
3682
3679
3678
3671
3666
3663
3653
3652
3652
3652
3651
3647
3647
3645
3644
3644
3640
3639
3638
3636
3628
3620
3616
3611
3606
3604
3598
3596
3595
3594
3592
3582
3582
3580
3577
3571
3568
3563
3560
3554
3550
3548
3547
3547
3546
3542
3541
3536
3529
3523
3519
3518
3513
3513
3510
3507
3504
3499
3497
3497
3495
3494
3491
3481
3479
3479
3477
3472
3472
3470
3470
3469
3467
3466
3464
3460
3458
3456
3456
3456
3449
3448
3446
3445
3439
3438
3437
3437
3432
3430
3428
3427
3427
3426
3424
3424
3420
3420
3418
3417
3407
3402
3402
3402
3397
3397
3394
3394
3382
3381
3381
3380
3380
3378
3376
3375
3374
3372
3370
3360
3358
3358
3352
3349
3344
3341
3341
3340
3339
3335
3334
3332
3331
3331
3330
3327
3325
3325
3325
3324
3318
3312
3310
3308
3304
3302
3301
3300
3299
3297
3296
3293
3291
3287
3285
3282
3281
3281
3280
3277
3274
3265
3263
3262
3259
3259
3254
3253
3251
3247
3246
3242
3239
3238
3238
3234
3233
3232
3230
3228
3216
3215
3213
3213
3213
3213
3212
3209
3208
3207
3206
3204
3203
3202
3200
3198
3198
3197
3195
3192
3183
3176
3178
3172
3171
3170
3167
3163
3162
3162
3162
3174
3152
3151
3150
3146
3141
3141
3141
3140
3140
3140
3136
3135
3133
3132
3131
3130
3125
3121
3116
3114
3113
3112
3112
3110
3109
3103
3102
3096
3095
3094
3088
3084
3083
3082
3080
3078
3076
3074
3073
3069
3068
3066
3066
3066
3065
3065
3059
3059
3057
3053
3053
3051
3050
3045
3043
3043
3043
3042
3042
3041
3041
3037
3029
3028
3027
3026
3024
3011
3010
3010
3010
3005
3005
3005
3003
3000
