397015
386086
349332
318085
285229
264694
262181
254245
253047
247869
240286
240050
239713
223433
218973
218404
217352
197495
195563
175982
174162
171717
169449
165924
163642
162789
161442
158550
156903
155252
155215
148880
148687
148405
146809
145274
141907
141768
139985
139847
139586
137759
133997
133493
132558
131546
131096
130356
129392
129210
129022
128265
128035
127965
127399
126592
125590
124475
123818
123530
122244
121880
121128
120913
120197
118027
115043
113973
111068
110741
110645
108614
108529
107906
107772
107202
105853
103001
102286
102111
99839
98267
98251
98210
97562
97204
95848
93997
93686
91828
91047
90108
89536
89382
89064
88546
87159
86899
86728
86212
86204
85434
85170
85040
84333
84120
84110
83925
83610
83175
83065
83030
83016
82760
82716
82310
81964
81905
81839
81511
80528
80261
79868
79818
79615
79307
79286
78440
78359
78159
77958
77832
77830
77744
77585
77555
77328
75509
75408
75283
74712
74065
74064
73996
73285
71904
71822
71810
71102
70275
69366
69219
68873
68646
68638
68556
68487
68475
67908
67860
67375
67256
67189
66898
66825
66580
66075
65262
65261
65057
64847
64135
63991
63911
63638
63116
62850
62849
62803
62384
62173
61790
61254
60820
59875
59861
59736
59703
59313
59138
59096
59066
58992
58877
58810
58307
58158
58107
57629
57525
57312
57265
57264
56972
56572
56353
56311
56209
55909
55888
55646
55523
55501
55246
54965
54061
53860
53774
53714
53216
53068
52975
52868
52755
52588
52322
52245
52239
52139
51966
51799
51761
51597
50985
50800
50725
50519
50486
50422
50185
50135
50084
49912
49652
49457
49327
49194
49125
49003
48932
48613
48526
48337
48120
48119
47939
47616
47448
47388
47275
47264
47143
47079
46911
46681
46513
46423
46344
46317
46316
46157
45895
45785
45651
45473
45419
45386
45349
45337
45330
45303
45090
45014
44839
44793
44344
44129
44108
44083
43695
43679
43183
43176
43170
43129
43095
43078
43064
43032
42939
42895
42820
42757
42710
42682
42642
42221
42001
41666
41407
41407
41110
41095
40966
40772
40695
40505
40497
40430
40122
40089
40051
39931
39857
39756
39664
39608
39560
39534
39401
39304
39271
39266
39251
39215
39203
39114
39076
38992
38899
38893
38715
38675
38580
38553
38471
38416
38289
38247
38166
38105
37960
37938
37910
37846
37672
37636
37587
37580
37566
37490
37455
37440
37336
37254
37249
37246
37201
37082
36996
36931
36919
36917
36872
36841
36690
36561
36464
36463
36244
36210
36154
36130
36069
35970
35944
35722
35722
35618
35552
35429
35297
35273
35183
35151
35058
35054
35007
34822
34805
34657
34592
34578
34545
34540
34463
34414
34387
34260
34181
34127
34061
34041
33994
33950
33900
33866
33819
33670
33476
33343
33297
33251
33230
33213
33213
33208
33163
33111
33087
32990
32889
32872
32857
32844
32807
32762
32702
32695
32625
32550
32495
32478
32408
32387
32238
32223
32149
32138
32124
32104
32091
32035
31878
31852
31761
31749
31741
31637
31497
31405
31384
31176
31157
31148
31134
31082
31056
31016
31003
30946
30681
30639
30607
30564
30530
30491
30444
30412
30404
30360
30222
30191
30047
29987
29983
29944
29928
29865
29842
29840
29802
29780
29745
29733
29684
29680
29659
29646
29611
29600
29591
29559
29406
29404
29348
29303
29282
29278
29261
29244
29231
29225
29195
29050
29030
28966
28907
28884
28837
28799
28757
28752
28742
28550
28535
28446
28426
28401
28349
28313
28263
28154
27829
27804
27781
27713
27706
27668
27538
27502
27492
27474
27406
27380
27341
27334
27286
27284
27283
27282
27248
27199
27168
27152
27134
27126
27110
27097
27084
27084
26995
26882
26849
26809
26790
26778
26699
26644
26618
26575
26518
26508
26491
26434
26334
26333
26324
26299
26252
26215
26211
26207
26184
26150
26143
26080
26048
26026
26000
25934
25925
25887
25867
25862
25861
25790
25771
25703
25693
25523
25508
25499
25489
25382
25374
25353
25343
25283
25268
25264
25255
25221
25218
25187
25182
25154
25138
25134
25002
24998
24964
24958
24956
24901
24884
24788
24691
24633
24622
24595
24532
24486
24411
24385
24312
24310
24291
24193
24147
24111
24096
24033
24026
24013
24007
23980
23960
23848
23843
23810
23808
23797
23767
23739
23693
23686
23685
23657
23630
23628
23594
23586
23573
23529
23480
23438
23426
23406
23358
23357
23321
23318
23252
23241
23201
23194
23102
23081
23065
23019
23014
22979
22939
22915
22888
22885
22885
22877
22842
22813
22773
22746
22725
22725
22711
22708
22693
22681
22609
22608
22527
22508
22403
22365
22295
22274
22273
22271
22266
22252
22246
22244
22194
22160
22139
22121
22097
22066
22027
22011
22002
21906
21901
21890
21873
21868
21860
21859
21858
21820
21783
21757
21742
21709
21684
21672
21635
21617
21615
21609
21593
21568
21565
21554
21533
21498
21477
21447
21413
21410
21381
21376
21367
21316
21310
21309
21297
21290
21269
21262
21236
21233
21230
21215
21211
21209
21142
21136
21117
21075
21059
21042
21032
21005
20998
20991
20949
20922
20914
20824
20795
20784
20759
20712
20694
20680
20675
20628
20598
20566
20561
20528
20402
20386
20386
20353
20334
20333
20327
20322
20313
20269
20268
20266
20239
20197
20194
20185
20154
20146
20098
20038
20028
20027
20021
20018
20018
19975
19970
19968
19940
19920
19877
19803
19781
19755
19722
19721
19716
19715
19703
19690
19671
19655
19642
19629
19624
19621
19589
19588
19572
19500
19462
19455
19448
19416
19411
19360
19336
19313
19298
19288
19280
19258
19240
19230
19222
19213
19158
19155
19097
19095
19082
19068
19048
19046
19044
19018
19003
18991
18988
18984
18917
18912
18893
18886
18875
18875
18871
18853
18833
18830
18796
18793
18774
18710
18692
18676
18664
18657
18609
18580
18562
18548
18542
18520
18514
18472
18469
18411
18408
18394
18384
18367
18363
18359
18359
18310
18297
18287
18259
18254
18217
18204
18190
18179
18131
18121
18105
18077
18053
18036
18016
17993
17991
17981
17965
17947
17893
17853
17846
17833
17832
17816
17767
17753
17747
17744
17713
17682
17635
17609
17609
17599
17544
17540
17518
17512
17512
17473
17468
17454
17415
17415
17400
17341
17334
17331
17315
17314
17311
17303
17282
17266
17234
17226
17208
17193
17189
17158
17156
17148
17133
17065
17061
17041
17016
17004
17001
16991
16969
16955
16953
16947
16945
16945
16911
16890
16879
16860
16849
16813
16807
16806
16805
16754
16752
16736
16727
16662
16658
16625
16587
16587
16548
16537
16532
16509
16501
16483
16483
16473
16443
16440
16438
16433
16430
16419
16416
16409
16405
16397
16396
16392
16378
16369
16350
16349
16325
16316
16294
16290
16238
16238
16211
16198
16167
16148
16078
16069
16062
16057
16049
16034
16026
16026
15974
15969
15967
15967
15947
15931
15920
15913
15907
15878
15873
15867
15867
15861
15839
15820
15820
15810
15798
15796
15773
15752
15717
15690
15689
15684
15671
15659
15655
15654
15621
15597
15576
15540
15537
15513
15511
15508
15507
15501
15461
15452
15430
15424
15422
15406
15406
15399
15399
15396
15383
15373
15370
15368
15339
15333
15332
15314
15306
15299
15298
15283
15281
15269
15262
15262
15234
15197
15188
15184
15162
15143
15139
15058
15058
15055
15051
15036
15021
14987
14971
14958
14946
14946
14928
14927
14918
14913
14861
14838
14832
14802
14786
14778
14773
14766
14743
14708
14683
14643
14641
14639
14638
14629
14618
14607
14591
14558
14555
14549
14548
14476
14460
14445
14425
14422
14406
14360
14349
14343
14338
14318
14311
14310
14300
14292
14289
14260
14224
14221
14207
14203
14187
14179
14166
14164
14152
14147
14138
14135
14132
14131
14128
14113
14113
14083
14059
14050
14045
14031
14004
13991
13980
13979
13979
13967
13921
13909
13900
13894
13866
13849
13832
13822
13810
13799
13785
13777
13764
13764
13763
13712
13704
13682
13669
13665
13646
13646
13633
13619
13616
13610
13580
13577
13549
13545
13543
13521
13504
13493
13468
13445
13441
13426
13423
13413
13406
13395
13381
13371
13370
13367
13359
13358
13349
13339
13327
13300
13270
13267
13267
13256
13243
13216
13199
13198
13184
13168
13167
13152
13104
13095
13095
13089
13068
13065
13057
13056
13049
13032
13014
13008
13001
12999
12985
12975
12970
12946
12936
12929
12926
12912
12910
12894
12893
12872
12867
12866
12861
12849
12846
12839
12824
12822
12814
12789
12785
12782
12755
12743
12741
12729
12725
12702
12692
12684
12681
12674
12655
12643
12631
12619
12612
12601
12597
12585
12579
12578
12560
12541
12529
12526
12521
12518
12516
12512
12505
12503
12502
12488
12414
12399
12391
12386
12379
12375
12351
12350
12329
12310
12305
12303
12287
12279
12266
12257
12257
12216
12203
12188
12180
12179
12173
12168
12168
12158
12133
12128
12127
12125
12119
12118
12112
12098
12083
12083
12076
12072
12068
12065
12063
12062
12050
12045
12036
12031
12026
12010
12001
11998
11995
11991
11976
11973
11972
11963
11957
11954
11945
11944
11912
11904
11852
11851
11845
11843
11839
11835
11823
11822
11814
11808
11803
11792
11789
11775
11758
11745
11698
11675
11672
11666
11663
11646
11589
11589
11586
11557
11555
11548
11546
11536
11529
11528
11524
11523
11517
11512
11509
11500
11488
11486
11457
11435
11430
11422
11419
11418
11418
11406
11402
11375
11364
11350
11348
11343
11343
11341
11337
11329
11325
11300
11291
11285
11283
11276
11263
11249
11248
11239
11236
11234
11221
11220
11213
11204
11201
11197
11191
11187
11154
11152
11140
11128
11116
11103
11103
11089
11081
11075
11066
11063
11055
11034
11026
11020
11012
10992
10992
10988
10974
10950
10947
10941
10935
10931
10923
10915
10909
10909
10904
10900
10890
10889
10884
10884
10880
10880
10873
10853
10845
10810
10807
10804
10798
10782
10781
10770
10746
10744
10715
10712
10705
10691
10679
10676
10672
10666
10654
10644
10644
10643
10629
10625
10621
10614
10607
10605
10601
10589
10580
10578
10573
10552
10543
10539
10533
10526
10524
10514
10500
10486
10482
10476
10475
10469
10465
10444
10444
10443
10435
10428
10417
10404
10403
10400
10397
10390
10380
10378
10364
10360
10353
10351
10339
10319
10306
10296
10295
10284
10283
10273
10273
10270
10268
10261
10256
10255
10248
10244
10242
10241
10237
10235
10234
10224
10210
10208
10193
10192
10192
10176
10166
10159
10154
10150
10146
10139
10121
10120
10114
10100
10092
10085
10083
10079
10066
10050
10041
10037
10020
10004
10002
9984
9976
9972
9969
9962
9961
9958
9958
9952
9948
9943
9928
9901
9896
9882
9865
9848
9846
9828
9827
9825
9816
9807
9799
9797
9796
9782
9776
9760
9755
9749
9745
9729
9729
9726
9707
9702
9699
9697
9683
9680
9680
9671
9670
9663
9652
9641
9633
9633
9631
9622
9614
9611
9607
9603
9601
9590
9584
9582
9577
9577
9572
9563
9553
9553
9548
9539
9529
9528
9526
9517
9516
9503
9495
9487
9486
9481
9474
9472
9472
9459
9458
9457
9444
9431
9426
9424
9418
9405
9402
9398
9397
9376
9372
9370
9323
9317
9312
9312
9311
9288
9285
9284
9284
9284
9282
9273
9273
9268
9249
9247
9237
9236
9233
9221
9207
9194
9193
9188
9184
9178
9176
9149
9136
9131
9128
9128
9125
9112
9108
9106
9083
9077
9064
9060
9056
9046
9027
9010
8994
8988
8985
8978
8976
8966
8951
8951
8946
8945
8931
8928
8919
8913
8910
8909
8904
8902
8901
8899
8875
8875
8874
8871
8870
8863
8858
8857
8853
8832
8826
8820
8811
8803
8802
8802
8799
8795
8787
8783
8772
8763
8760
8755
8751
8745
8742
8738
8735
8734
8723
8719
8705
8700
8700
8697
8695
8684
8678
8673
8670
8670
8667
8663
8658
8648
8646
8628
8613
8599
8599
8598
8597
8594
8568
8559
8559
8552
8551
8548
8544
8543
8538
8532
8530
8526
8525
8523
8518
8517
8513
8506
8504
8502
8493
8491
8491
8490
8489
8484
8480
8477
8470
8469
8469
8459
8456
8453
8453
8450
8447
8444
8443
8438
8435
8427
8414
8409
8405
8403
8401
8399
8395
8379
8377
8376
8375
8373
8360
8356
8352
8342
8310
8297
8293
8290
8281
8271
8267
8253
8250
8249
8248
8248
8244
8238
8236
8227
8225
8214
8213
8212
8210
8203
8199
8199
8195
8195
8189
8180
8175
8174
8173
8171
8169
8165
8142
8136
8130
8128
8128
8117
8117
8116
8116
8091
8076
8069
8068
8063
8053
8052
8048
8044
8040
8040
8030
8029
8025
8024
8011
8011
8011
7998
7991
7989
7977
7970
7949
7940
7939
7935
7935
7930
7923
7917
7913
7911
7908
7908
7907
7899
7898
7894
7888
7885
7885
7875
7868
7861
7853
7849
7840
7826
7822
7818
7816
7814
7811
7803
7789
7787
7785
7776
7774
7774
7771
7769
7768
7764
7764
7763
7763
7759
7757
7753
7752
7750
7749
7744
7740
7737
7731
7728
7718
7710
7704
7696
7696
7690
7676
7660
7652
7645
7642
7641
7634
7631
7628
7616
7613
7611
7609
7607
7605
7597
7594
7594
7591
7588
7585
7581
7580
7572
7564
7562
7556
7544
7532
7532
7526
7525
7516
7512
7511
7510
7509
7508
7508
7506
7502
7502
7501
7495
7493
7492
7487
7482
7473
7473
7473
7470
7469
7469
7468
7463
7462
7460
7445
7443
7432
7426
7420
7418
7409
7396
7386
7381
7375
7372
7369
7358
7353
7352
7337
7331
7319
7318
7302
7294
7294
7290
7287
7280
7275
7274
7272
7272
7262
7261
7259
7258
7258
7253
7252
7249
7242
7241
7241
7238
7235
7233
7219
7218
7199
7196
7196
7179
7178
7164
7163
7159
7152
7149
7146
7143
7139
7136
7135
7122
7116
7115
7112
7110
7110
7109
7105
7105
7104
7091
7090
7082
7070
7068
7065
7063
7054
7048
7045
7045
7036
7033
7029
7027
7026
7015
6988
6985
6974
6972
6967
6962
6959
6942
6938
6938
6934
6930
6930
6927
6923
6914
6907
6902
6902
6900
6888
6884
6875
6871
6869
6867
6867
6863
6862
6861
6852
6849
6843
6842
6840
6840
6836
6834
6829
6827
6815
6812
6809
6807
6803
6800
6795
6786
6780
6775
6771
6767
6766
6756
6753
6748
6738
6732
6732
6730
6729
6722
6720
6717
6705
6701
6701
6695
6693
6690
6689
6684
6681
6680
6680
6680
6678
6677
6665
6661
6659
6658
6657
6652
6650
6649
6638
6631
6629
6629
6624
6615
6614
6609
6607
6602
6596
6590
6589
6589
6586
6576
6573
6572
6571
6565
6563
6563
6562
6561
6560
6559
6557
6552
6551
6544
6543
6536
6533
6527
6527
6519
6516
6516
6510
6509
6489
6488
6486
6483
6483
6477
6476
6470
6463
6459
6457
6454
6452
6451
6450
6450
6446
6441
6441
6440
6437
6435
6433
6433
6428
6427
6424
6423
6420
6418
6415
6407
6401
6397
6392
6385
6384
6380
6380
6378
6378
6375
6373
6372
6370
6361
6359
6355
6351
6351
6351
6350
6349
6345
6339
6337
6336
6331
6329
6321
6317
6315
6314
6308
6306
6299
6289
6281
6279
6272
6271
6271
6271
6264
6263
6257
6253
6249
6249
6248
6245
6240
6239
6238
6237
6230
6229
6222
6218
6217
6214
6203
6174
6171
6168
6167
6166
6166
6156
6154
6153
6150
6147
6144
6144
6136
6136
6135
6127
6126
6124
6123
6121
6109
6108
6108
6104
6098
6093
6091
6088
6083
6079
6076
6073
6066
6064
6061
6054
6053
6043
6043
6040
6037
6035
6032
6029
6029
6023
6021
6020
6017
6015
6009
6004
6002
6000
5997
5992
5987
5987
5981
5971
5969
5966
5963
5962
5958
5957
5955
5952
5950
5949
5946
5946
5942
5941
5924
5921
5919
5919
5917
5916
5912
5910
5910
5908
5900
5899
5899
5896
5892
5890
5885
5883
5881
5875
5870
5868
5868
5865
5858
5858
5849
5848
5846
5843
5842
5841
5836
5833
5832
5829
5828
5824
5824
5823
5820
5818
5818
5809
5809
5805
5801
5797
5796
5796
5784
5783
5774
5772
5771
5768
5765
5765
5758
5756
5755
5755
5751
5751
5747
5746
5746
5745
5745
5745
5742
5738
5734
5733
5726
5724
5723
5722
5718
5718
5716
5716
5714
5710
5709
5705
5705
5704
5688
5687
5686
5682
5676
5671
5663
5662
5661
5657
5656
5654
5650
5648
5641
5641
5638
5637
5636
5635
5632
5631
5629
5627
5625
5624
5618
5612
5609
5607
5600
5598
5595
5594
5589
5589
5589
5584
5583
5578
5578
5577
5574
5574
5567
5566
5564
5559
5555
5553
5548
5547
5543
5542
5537
5533
5528
5527
5526
5524
5524
5520
5519
5510
5506
5506
5504
5503
5502
5500
5493
5492
5491
5490
5486
5483
5475
5468
5467
5466
5462
5459
5459
5456
5452
5451
5450
5450
5444
5441
5439
5437
5433
5432
5432
5424
5422
5420
5417
5408
5405
5404
5403
5403
5402
5397
5392
5390
5389
5384
5381
5380
5379
5377
5377
5376
5376
5375
5364
5362
5360
5359
5356
5349
5348
5346
5345
5345
5341
5339
5337
5331
5330
5330
5327
5321
5316
5316
5315
5314
5308
5306
5302
5302
5300
5299
5295
5294
5291
5281
5276
5269
5269
5265
5263
5262
5259
5257
5250
5249
5245
5237
5234
5234
5234
5232
5227
5226
5225
5224
5222
5222
5220
5219
5217
5213
5213
5211
5207
5205
5201
5197
5196
5195
5194
5193
5190
5182
5173
5169
5166
5165
5164
5160
5159
5157
5154
5154
5154
5153
5153
5150
5150
5148
5147
5146
5144
5141
5136
5132
5132
5129
5121
5119
5118
5112
5111
5108
5105
5105
5105
5104
5104
5100
5096
5096
5094
5092
5091
5090
5089
5085
5085
5083
5081
5080
5079
5078
5077
5077
5076
5075
5067
5067
5066
5065
5061
5061
5056
5056
5055
5052
5051
5050
5049
5045
5045
5042
5036
5036
5034
5029
5029
5028
5028
5027
5026
5025
5025
5024
5021
5019
5019
5018
5017
5016
5015
5015
5012
5011
5008
5005
5005
5003
5003
5002
5002
5000
4996
4996
4993
4990
4985
4974
4972
4970
4968
4966
4966
4965
4961
4956
4952
4949
4948
4945
4944
4942
4947
4941
4940
4939
4933
4932
4921
4920
4919
4918
4917
4915
4910
4908
4903
4901
4900
4893
4891
4889
4888
4888
4884
4883
4882
4881
4880
4880
4876
4875
4874
4873
4873
4872
4868
4867
4865
4865
4862
4860
4860
4858
4856
4856
4852
4848
4840
4835
4835
4834
4830
4826
4825
4824
4823
4821
4821
4819
4817
4810
4808
4806
4803
4802
4802
4800
4800
4798
4796
4793
4789
4783
4782
4777
4776
4765
4759
4759
4752
4751
4751
4750
4748
4747
4747
4747
4745
4743
4742
4742
4741
4740
4739
4738
4737
4731
4728
4727
4725
4720
4719
4719
4715
4715
4714
4712
4709
4701
4700
4699
4698
4696
4693
4692
4692
4687
4686
4685
4685
4685
4675
4674
4672
4671
4670
4669
4668
4665
4665
4656
4655
4655
4654
4654
4654
4653
4653
4653
4649
4647
4644
4644
4642
4638
4629
4629
4627
4626
4626
4623
4616
4616
4608
4607
4605
4605
4603
4600
4600
4599
4597
4594
4592
4587
4580
4579
4576
4576
4571
4571
4569
4566
4564
4564
4563
4561
4557
4556
4554
4553
4553
4550
4550
4550
4549
4549
4549
4549
4549
4542
4542
4540
4538
4532
4528
4528
4528
4526
4525
4520
4520
4519
4518
4518
4516
4516
4516
4513
4512
4509
4507
4505
4503
4500
4499
4494
4493
4492
4491
4488
4488
4487
4486
4483
4482
4477
4468
4465
4459
4457
4457
4455
4454
4455
4453
4452
4451
4449
4449
4444
4443
4443
4442
4439
4435
4435
4434
4433
4431
4431
4430
4428
4426
4422
4418
4416
4411
4410
4408
4407
4404
4402
4402
4401
4397
4397
4395
4395
4395
4389
4389
4388
4387
4387
4381
4379
4378
4377
4375
4373
4364
4361
4361
4358
4358
4356
4355
4354
4353
4353
4349
4348
4346
4344
4341
4341
4338
4337
4336
4336
4330
4328
4326
4322
4321
4316
4316
4309
4309
4307
4306
4304
4302
4300
4298
4297
4296
4295
4295
4289
4288
4284
4281
4280
4280
4279
4279
4278
4278
4277
4276
4276
4274
4273
4273
4272
4272
4271
4269
4268
4265
4264
4261
4255
4255
4255
4252
4251
4248
4247
4246
4240
4232
4232
4232
4228
4225
4224
4222
4220
4218
4217
4217
4215
4207
4206
4205
4202
4202
4201
4199
4199
4199
4198
4198
4198
4194
4193
4188
4188
4183
4182
4179
4175
4173
4170
4169
4168
4167
4166
4166
4159
4159
4159
4158
4155
4153
4151
4147
4144
4143
4138
4136
4133
4132
4132
4131
4123
4122
4120
4120
4120
4119
4117
4116
4114
4112
4111
4108
4106
4106
4103
4103
4099
4098
4097
4094
4093
4091
4091
4090
4090
4087
4086
4084
4081
4081
4081
4080
4101
4078
4078
4078
4078
4077
4076
4075
4074
4072
4071
4071
4069
4066
4066
4062
4062
4055
4055
4051
4050
4049
4045
4045
4044
4043
4042
4040
4039
4037
4034
4033
4032
4028
4025
4025
4024
4023
4016
4015
4014
4013
4011
4009
4007
4003
4001
4001
4000
3998
3997
3996
3995
3994
3994
3993
3993
3992
3991
3990
3990
3990
3990
3989
3985
3984
3984
3982
3981
3980
3978
3976
3975
3975
3975
3974
3971
3967
3964
3963
3962
3961
3960
3956
3956
3956
3955
3955
3953
3953
3953
3950
3948
3945
3944
3943
3942
3935
3931
3931
3928
3925
3923
3922
3919
3917
3915
3914
3914
3912
3912
3910
3907
3906
3905
3899
3896
3896
3891
3891
3891
3887
3885
3885
3882
3880
3876
3875
3875
3875
3874
3874
3872
3869
3868
3868
3864
3863
3863
3862
3857
3856
3852
3845
3842
3840
3838
3835
3835
3835
3834
3834
3833
3833
3829
3828
3826
3826
3825
3825
3823
3822
3821
3817
3816
3816
3814
3812
3807
3804
3803
3803
3802
3801
3797
3797
3795
3792
3789
3789
3788
3788
3787
3785
3784
3783
3782
3782
3782
3781
3780
3779
3778
3777
3775
3774
3773
3773
3770
3769
3769
3765
3762
3759
3757
3756
3755
3753
3752
3751
3746
3746
3745
3744
3742
3741
3739
3738
3738
3736
3734
3733
3732
3730
3729
3729
3729
3726
3725
3724
3723
3722
3721
3719
3719
3717
3716
3715
3714
3714
3713
3713
3711
3711
3710
3707
3706
3706
3705
3704
3703
3700
3699
3699
3698
3696
3696
3695
3693
3689
3688
3687
3684
3684
3684
3682
3682
3681
3681
3680
3679
3679
3674
3673
3672
3672
3670
3666
3664
3663
3661
3661
3658
3657
3651
3650
3650
3646
3646
3645
3644
3643
3643
3643
3639
3636
3634
3631
3627
3627
3626
3626
3624
3620
3619
3619
3619
3616
3615
3615
3614
3614
3611
3611
3611
3609
3608
3607
3603
3602
3601
3601
3600
3599
3598
3598
3595
3594
3594
3592
3592
3591
3591
3590
3590
3587
3586
3585
3583
3583
3582
3582
3581
3580
3577
3575
3575
3573
3572
3572
3570
3570
3570
3570
3566
3566
3562
3561
3560
3558
3558
3555
3554
3553
3553
3553
3553
3549
3544
3543
3543
3543
3542
3541
3539
3536
3536
3536
3535
3535
3533
3531
3530
3525
3525
3524
3524
3521
3521
3520
3518
3518
3517
3515
3515
3515
3514
3513
3512
3510
3509
3509
3508
3507
3506
3506
3505
3505
3505
3503
3503
3502
3500
3500
3499
3499
3497
3496
3494
3493
3491
3489
3488
3487
3486
3486
3485
3483
3477
3476
3474
3473
3472
3472
3472
3471
3471
3468
3467
3466
3466
3462
3461
3459
3452
3451
3451
3451
3450
3448
3448
3448
3446
3445
3445
3444
3442
3442
3440
3439
3438
3436
3436
3435
3435
3435
3434
3434
3434
3432
3431
3431
3430
3429
3426
3425
3423
3422
3420
3419
3418
3418
3417
3416
3415
3413
3413
3412
3412
3412
3410
3409
3404
3401
3400
3399
3396
3395
3395
3393
3388
3387
3386
3385
3384
3384
3384
3383
3383
3382
3380
3379
3379
3378
3375
3374
3374
3373
3371
3371
3371
3369
3369
3368
3367
3366
3365
3364
3362
3361
3360
3360
3358
3358
3356
3355
3354
3352
3352
3349
3348
3346
3346
3340
3337
3337
3334
3334
3332
3330
3328
3326
3325
3324
3324
3321
3321
3320
3317
3317
3315
3312
3310
3309
3309
3305
3303
3303
3302
3302
3302
3301
3300
3299
3299
3298
3292
3291
3290
3289
3289
3287
3287
3287
3285
3284
3284
3284
3283
3282
3282
3279
3277
3276
3276
3275
3272
3271
3267
3266
3265
3264
3263
3262
3261
3259
3257
3257
3255
3255
3254
3254
3253
3253
3251
3251
3250
3248
3247
3247
3245
3244
3243
3241
3241
3241
3238
3237
3237
3237
3236
3232
3232
3231
3230
3228
3225
3225
3224
3224
3222
3221
3220
3218
3218
3216
3216
3215
3213
3210
3210
3210
3209
3207
3206
3202
3201
3199
3199
3195
3195
3194
3194
3189
3188
3188
3187
3186
3185
3184
3184
3183
3182
3182
3180
3172
3171
3169
3169
3164
3162
3160
3160
3159
3156
3156
3153
3153
3152
3152
3152
3150
3147
3146
3145
3145
3145
3143
3143
3142
3142
3141
3141
3140
3140
3140
3139
3138
3137
3137
3136
3135
3131
3131
3129
3129
3128
3123
3122
3121
3119
3119
3117
3116
3115
3111
3110
3110
3110
3109
3108
3108
3107
3106
3104
3104
3104
3103
3100
3098
3093
3092
3089
3089
3088
3087
3086
3084
3084
3083
3083
3082
3081
3081
3080
3079
3078
3077
3077
3076
3074
3072
3072
3071
3071
3071
3071
3069
3068
3068
3067
3066
3065
3061
3059
3057
3055
3054
3051
3051
3050
3049
3049
3048
3047
3047
3046
3046
3044
3044
3042
3042
3041
3040
3040
3039
3039
3038
3037
3035
3035
3033
3033
3032
3031
3031
3031
3029
3029
3028
3028
3028
3027
3027
3027
3027
3027
3027
3026
3023
3021
3020
3020
3019
3017
3017
3016
3015
3015
3014
3014
3009
3009
3008
3006
3005
3004
3001
3001
