869280
465930
387557
346087
331456
301862
298152
281500
263347
256776
254752
252786
252398
251787
244652
243300
231164
220726
219788
219365
218486
216638
215024
213381
209380
208610
204847
203364
202878
200480
200455
200159
197583
190415
189228
189149
182653
181383
178502
176255
175925
173320
171632
170510
168309
167786
166736
165545
163773
162109
162051
161270
160370
159843
157745
157133
154245
154073
154032
150834
150562
149918
149007
148473
147204
147077
146950
145852
144688
140661
138330
134545
133887
133132
132994
131016
130857
129090
128214
128132
127172
126578
126407
125731
125695
124955
124237
124036
123743
123489
123016
122707
122445
122110
121253
121198
120704
120593
118961
118867
118348
118230
115793
115176
113412
112496
112229
111736
111683
111470
110391
110256
109985
109542
109360
109347
108180
107801
107608
107129
106215
105472
105471
105211
104345
103032
102999
102968
102806
102296
102145
100741
100654
100233
99967
99958
98998
98914
98868
98860
98767
98040
97834
96916
96327
96035
95931
94776
94693
94679
94487
94070
93773
93363
93133
93110
92647
92561
92105
92064
91862
91259
90868
90724
89769
89605
89569
89097
88448
88340
88149
87751
87487
86503
86377
85747
85282
84933
84912
84879
84304
83584
83490
83189
83133
82888
82596
82510
82387
82342
82335
81802
81197
81106
80628
80484
80374
80340
80229
79829
79525
79281
79141
78905
78780
78665
78435
78246
77910
77774
77746
77643
77261
76989
76707
76574
76470
75700
75615
75379
75028
74934
74528
74424
74372
73529
72848
72591
72524
72331
72298
72208
72173
72115
71982
71790
71645
71275
71214
70720
70494
70162
70143
70001
69974
69698
69534
69466
69238
69230
69153
69004
68907
68905
68854
68639
68573
68374
68348
68185
67882
67658
67550
67506
67355
67034
66828
65927
65561
64727
64601
64558
64332
64315
64161
63570
63511
63220
62922
62901
62816
62503
62282
62116
62052
61876
61699
61593
61587
61208
61126
60879
60841
60560
60533
60514
60292
60265
60254
60095
60085
59886
59518
59429
59342
59179
58799
58684
58666
58610
58593
58534
58472
58217
57998
57731
57688
57576
57288
56954
56936
56836
56721
56378
56346
56340
56280
56280
56252
56246
55808
55568
55534
55467
55450
55401
55394
55359
55312
55063
55008
54927
54885
54147
54123
53872
53623
53427
53332
53172
53114
53103
53054
53007
52795
52781
52593
52431
52389
52388
52333
52160
52071
52070
52042
52035
51987
51346
51142
51053
51012
51002
50898
50790
50767
50608
50571
50511
50233
50077
49669
49663
49498
49490
49484
49348
49085
49063
49029
48974
48920
48816
48812
48759
48748
48741
48596
48493
48448
48201
48004
47972
47908
47875
47769
47718
47712
47691
47623
47384
47245
47130
47080
47037
47024
47001
46989
46981
46857
46842
46835
46736
46678
46568
46438
46224
46191
46172
45995
45812
45771
45745
45737
45619
45617
45586
45515
45115
44767
44750
44749
44659
44655
44534
44475
44270
44051
44001
43942
43935
43834
43807
43793
43761
43611
43588
43430
43273
43218
42826
42825
42794
42769
42668
42635
42537
42526
42515
42433
42409
42285
42251
42140
42090
42063
42013
41914
41898
41771
41718
41691
41629
41497
41367
41300
41267
41215
41194
41047
41004
40729
40680
40646
40632
40521
40436
40432
40373
40314
40245
40213
40172
40123
40097
40053
40019
39960
39899
39795
39754
39687
39665
39634
39548
39541
39487
39434
39326
39323
39285
39135
39128
39114
39083
39077
39035
38825
38721
38699
38607
38553
38241
38226
38024
37883
37857
37828
37623
37536
37378
37368
37307
37299
37282
37259
37257
37193
37189
37111
37097
37051
36997
36989
36927
36798
36747
36721
36642
36569
36488
36476
36313
36273
36255
36235
36193
36110
36032
35989
35945
35937
35921
35873
35797
35762
35679
35670
35652
35580
35527
35526
35446
35437
35276
35272
35237
35212
35196
35184
35113
35076
35024
34965
34682
34617
34605
34590
34518
34514
34512
34469
34411
34407
34393
34383
34352
34314
34261
34233
34164
33951
33940
33896
33876
33856
33760
33760
33577
33520
33305
33267
33224
33224
33049
33048
33026
32939
32933
32915
32853
32763
32720
32678
32618
32449
32421
32364
32274
32259
31967
31953
31945
31936
31866
31840
31798
31791
31788
31694
31653
31504
31339
31295
31287
31276
31211
31206
31075
31022
30941
30908
30901
30745
30736
30727
30671
30666
30662
30625
30623
30595
30453
30406
30382
30377
30265
30220
30214
30164
30159
30129
30080
30078
30057
30052
29998
29997
29962
29921
29911
29885
29826
29762
29748
29734
29711
29664
29591
29564
29454
29452
29451
29410
29374
29361
29311
29257
29141
29110
29073
29063
29040
29021
28990
28985
28929
28916
28910
28879
28871
28862
28858
28718
28571
28550
28538
28527
28418
28413
28385
28382
28347
28294
28267
28264
28230
28215
28167
28106
28040
28003
27943
27933
27920
27847
27806
27754
27687
27666
27653
27623
27597
27524
27496
27469
27449
27438
27431
27322
27321
27315
27306
27285
27267
27264
27205
27125
27096
27082
27074
27066
27055
27038
27001
26931
26865
26832
26807
26774
26675
26657
26649
26617
26565
26544
26446
26412
26380
26376
26370
26316
26301
26272
26227
26158
26137
26132
26072
26039
26009
25998
25971
25954
25945
25926
25926
25882
25828
25818
25816
25814
25813
25785
25762
25749
25739
25689
25666
25629
25577
25541
25474
25453
25444
25332
25316
25314
25288
25214
25190
25147
25115
25111
25043
24970
24966
24927
24911
24832
24831
24740
24709
24667
24517
24485
24444
24415
24399
24393
24391
24391
24341
24336
24232
24220
24211
24206
24180
24172
24130
24120
24049
23966
23939
23903
23895
23742
23736
23710
23681
23671
23669
23664
23660
23630
23588
23552
23483
23449
23440
23346
23333
23322
23312
23269
23179
23129
23095
22979
22973
22969
22886
22868
22850
22829
22820
22800
22797
22795
22795
22779
22756
22752
22731
22711
22710
22693
22668
22636
22623
22603
22561
22554
22553
22508
22484
22462
22450
22423
22420
22419
22405
22401
22350
22338
22247
22210
22180
22157
22156
22150
22024
22021
22017
22001
21989
21945
21913
21898
21789
21787
21776
21722
21693
21654
21653
21626
21590
21565
21555
21519
21507
21492
21483
21475
21461
21460
21432
21426
21420
21390
21384
21381
21357
21304
21289
21205
21203
21172
21153
21137
21119
21091
21066
21062
21055
21011
20980
20972
20960
20953
20932
20883
20866
20838
20833
20752
20739
20734
20704
20698
20665
20628
20578
20569
20553
20522
20520
20479
20478
20450
20383
20378
20364
20314
20310
20299
20291
20252
20240
20234
20222
20190
20174
20155
20124
20053
20032
20016
19996
19993
19970
19966
19956
19900
19848
19843
19840
19819
19771
19753
19738
19724
19699
19692
19668
19650
19645
19632
19618
19604
19568
19557
19538
19512
19502
19492
19483
19465
19428
19421
19402
19376
19363
19350
19336
19334
19320
19319
19287
19259
19242
19232
19231
19215
19193
19192
19161
19161
19147
19144
19143
19095
19079
19075
19005
18999
18989
18975
18960
18950
18923
18911
18838
18836
18818
18785
18781
18762
18759
18741
18739
18724
18718
18712
18704
18696
18693
18689
18669
18655
18649
18638
18610
18583
18571
18558
18543
18540
18540
18508
18507
18497
18486
18457
18436
18421
18412
18403
18386
18376
18370
18369
18365
18297
18261
18260
18242
18227
18224
18203
18198
18178
18174
18158
18158
18151
18150
18143
18087
18068
18057
18052
17989
17981
17977
17972
17957
17933
17911
17893
17890
17832
17824
17820
17799
17763
17761
17744
17736
17726
17699
17688
17678
17668
17660
17647
17647
17634
17587
17585
17586
17569
17556
17554
17549
17513
17427
17417
17398
17368
17328
17284
17242
17235
17229
17203
17194
17193
17189
17186
17184
17180
17157
17128
17126
17104
17103
17092
17086
17062
17059
17053
17049
17026
17025
17005
17001
16996
16930
16919
16918
16892
16870
16863
16863
16847
16827
16821
16818
16795
16776
16767
16765
16755
16740
16734
16725
16718
16703
16650
16642
16639
16625
16603
16590
16590
16586
16585
16578
16545
16543
16521
16508
16493
16467
16467
16462
16454
16444
16381
16377
16376
16364
16358
16346
16345
16327
16323
16304
16304
16264
16259
16236
16226
16190
16167
16142
16128
16107
16107
16086
16075
16043
16038
16028
16007
16007
15984
15975
15972
15961
15933
15925
15917
15891
15890
15878
15875
15851
15849
15845
15844
15817
15804
15777
15768
15768
15759
15755
15751
15739
15738
15731
15712
15711
15698
15694
15689
15681
15626
15626
15626
15601
15571
15566
15558
15556
15552
15529
15516
15508
15508
15508
15500
15494
15486
15474
15463
15462
15459
15458
15452
15450
15424
15405
15399
15378
15357
15345
15343
15331
15330
15322
15301
15288
15285
15261
15235
15235
15224
15219
15213
15200
15195
15184
15157
15151
15108
15105
15096
15095
15080
15076
15069
15062
15054
15050
15044
15043
15025
15015
15012
14980
14971
14960
14931
14927
14922
14918
14915
14913
14884
14879
14854
14801
14791
14791
14786
14767
14767
14766
14761
14741
14731
14682
14667
14629
14625
14624
14616
14607
14595
14584
14581
14578
14558
14528
14512
14503
14497
14480
14479
14458
14441
14432
14432
14424
14416
14413
14399
14384
14318
14316
14296
14273
14267
14254
14230
14215
14203
14196
14187
14175
14170
14168
14167
14158
14156
14145
14121
14117
14117
14110
14106
14099
14087
14075
14053
14043
14042
14018
13980
13973
13970
13964
13962
13960
13960
13943
13940
13936
13906
13894
13888
13870
13844
13842
13841
13812
13797
13757
13719
13708
13701
13699
13665
13662
13656
13655
13654
13651
13647
13640
13631
13629
13624
13623
13569
13564
13561
13559
13544
13537
13534
13537
13531
13510
13500
13489
13483
13458
13456
13454
13445
13441
13438
13436
13436
13429
13429
13426
13385
13362
13361
13356
13355
13333
13325
13311
13310
13307
13297
13293
13276
13255
13242
13240
13236
13217
13295
13210
13208
13201
13190
13187
13170
13168
13165
13163
13158
13154
13151
13151
13150
13150
13146
13138
13135
13130
13115
13111
13097
13099
13094
13094
13040
13038
13038
13032
13019
12998
12967
12963
12960
12951
12950
12946
12940
12923
12913
12911
12909
12907
12906
12903
12899
12896
12885
12879
12875
12873
12866
12853
12851
12850
12849
12847
12835
12829
12808
12757
12735
12727
12720
12719
12720
12713
12711
12709
12708
12701
12698
12694
12693
12683
12681
12669
12660
12653
12623
12590
12582
12580
12568
12559
12554
12542
12536
12493
12492
12480
12471
12467
12457
12456
12449
12437
12437
12426
12401
12398
12369
12366
12355
12351
12348
12348
12335
12335
12332
12326
12325
12322
12316
12314
12302
12287
12287
12279
12274
12269
12265
12263
12247
12212
12210
12200
12195
12195
12193
12191
12189
12185
12184
12172
12158
12145
12095
12093
12086
12067
12063
12062
12056
12052
12040
12004
12001
11997
11993
11970
11959
11957
11952
11946
11936
11929
11922
11917
11912
11911
11901
11884
11884
11883
11871
11866
11864
11852
11851
11842
11835
11808
11808
11797
11788
11786
11774
11773
11770
11769
11766
11765
11762
11760
11748
11738
11737
11728
11704
11680
11678
11669
11654
11643
11633
11627
11626
11621
11616
11610
11584
11581
11580
11566
11562
11549
11547
11546
11543
11535
11529
11520
11519
11509
11496
11496
11486
11483
11481
11477
11477
11461
11456
11418
11417
11411
11406
11405
11395
11393
11383
11367
11359
11357
11353
11350
11338
11334
11312
11291
11288
11275
11271
11257
11252
11250
11242
11240
11238
11237
11223
11226
11222
11202
11192
11191
11181
11179
11171
11168
11164
11160
11156
11152
11132
11126
11125
11116
11112
11108
11082
11079
11063
11062
11057
11055
11045
11036
11005
10997
10984
10983
10983
10980
10971
10954
10952
10951
10947
10934
10933
10932
10931
10928
10926
10925
10921
10917
10908
10904
10903
10896
10879
10877
10874
10859
10833
10823
10820
10818
10818
10816
10807
10798
10796
10794
10788
10786
10781
10780
10768
10762
10753
10752
10751
10740
10733
10731
10731
10730
10726
10724
10717
10716
10714
10713
10711
10710
10703
10663
10662
10662
10660
10658
10656
10647
10643
10631
10616
10616
10614
10613
10605
10602
10599
10596
10593
10591
10588
10584
10571
10567
10565
10562
10552
10551
10551
10548
10535
10508
10501
10500
10485
10469
10469
10467
10460
10453
10452
10446
10441
10431
10423
10405
10401
10400
10399
10399
10397
10382
10377
10376
10367
10367
10362
10359
10353
10348
10340
10339
10338
10337
10316
10310
10301
10288
10280
10274
10262
10253
10251
10248
10245
10243
10231
10225
10224
10204
10194
10188
10187
10185
10184
10183
10180
10175
10160
10157
10154
10144
10144
10132
10122
10121
10117
10113
10111
10105
10094
10089
10086
10083
10074
10056
10055
10054
10029
10021
10006
9995
9982
9981
9974
9969
9968
9963
9963
9952
9945
9935
9925
9918
9911
9899
9898
9896
9891
9883
9871
9866
9855
9851
9850
9848
9843
9840
9834
9829
9827
9825
9810
9806
9801
9796
9795
9771
9769
9768
9770
9767
9767
9766
9766
9765
9754
9740
9735
9730
9729
9718
9715
9709
9692
9690
9674
9666
9661
9635
9661
9624
9623
9616
9603
9599
9581
9577
9566
9564
9557
9552
9542
9542
9540
9533
9506
9504
9503
9502
9500
9499
9485
9468
9457
9453
9447
9444
9435
9432
9427
9422
9418
9417
9402
9386
9385
9380
9375
9373
9372
9377
9370
9367
9364
9361
9358
9358
9351
9348
9344
9343
9338
9335
9333
9332
9332
9325
9317
9312
9311
9302
9298
9293
9283
9246
9244
9241
9226
9226
9222
9221
9220
9220
9218
9216
9213
9209
9208
9203
9199
9193
9190
9187
9185
9179
9170
9169
9162
9161
9157
9155
9155
9154
9149
9148
9141
9139
9138
9134
9132
9131
9125
9125
9122
9119
9112
9112
9107
9092
9078
9077
9074
9073
9069
9069
9067
9062
9044
9039
9034
9031
9025
9015
9013
9011
9010
9003
8996
8995
8994
8987
8978
8973
8970
8968
8968
8967
8967
8966
8960
8959
8949
8947
8945
8942
8935
8932
8927
8926
8925
8923
8921
8913
8913
8912
8895
8890
8885
8885
8878
8864
8849
8839
8837
8836
8835
8834
8832
8832
8832
8831
8828
8813
8812
8805
8793
8790
8786
8778
8773
8773
8729
8724
8720
8718
8714
8711
8708
8708
8705
8704
8702
8699
8696
8695
8695
8692
8686
8677
8676
8673
8669
8668
8665
8665
8662
8649
8644
8633
8628
8621
8618
8617
8607
8603
8593
8588
8588
8586
8585
8584
8584
8578
8572
8562
8559
8556
8555
8550
8546
8536
8523
8523
8522
8521
8511
8494
8490
8483
8483
8481
8477
8476
8468
8467
8467
8455
8452
8441
8441
8437
8433
8429
8428
8423
8421
8416
8409
8403
8393
8391
8388
8384
8384
8376
8372
8366
8364
8361
8355
8348
8345
8342
8341
8333
8330
8328
8328
8325
8324
8323
8318
8328
8316
8312
8302
8300
8300
8297
8297
8297
8294
8292
8284
8282
8269
8261
8260
8259
8255
8251
8250
8248
8246
8238
8222
8221
8217
8215
8207
8207
8203
8198
8183
8179
8179
8167
8163
8143
8136
8136
8115
8115
8115
8114
8113
8110
8110
8109
8108
8100
8100
8099
8092
8091
8088
8084
8083
8078
8078
8077
8074
8067
8059
8055
8051
8039
8039
8036
8034
8029
8029
8026
8024
8023
8021
8021
8020
8017
8014
8012
8011
8001
7995
7993
7989
7987
7980
7979
7975
7974
7971
7967
7962
7962
7957
7955
7953
7947
7944
7942
7938
7932
7929
7928
7925
7923
7921
7916
7914
7913
7912
7901
7789
7899
7897
7897
7897
7885
7884
7882
7882
7875
7873
7869
7869
7861
7859
7855
7854
7850
7847
7842
7835
7826
7822
7822
7822
7818
7817
7815
7813
7812
7804
7804
7803
7800
7798
7790
7789
7789
7786
7786
7784
7784
7782
7776
7770
7763
7763
7758
7758
7757
7755
7755
7753
7752
7745
7744
7739
7738
7733
7733
7732
7730
7730
7728
7728
7724
7721
7720
7715
7714
7711
7707
7701
7691
7689
7687
7684
7684
7701
7682
7679
7679
7675
7675
7674
7668
7666
7665
7663
7663
7654
7654
7651
7642
7642
7652
7639
7630
7620
7620
7620
7615
7612
7610
7609
7608
7608
7605
7602
7601
7600
7600
7597
7597
7594
7593
7587
7571
7568
7566
7562
7561
7559
7559
7554
7550
7548
7547
7547
7549
7538
7536
7533
7530
7526
7523
7521
7520
7520
7516
7515
7512
7504
7504
7504
7502
7501
7494
7493
7492
7479
7479
7472
7471
7469
7466
7462
7457
7453
7451
7451
7449
7448
7448
7448
7447
7441
7438
7438
7437
7426
7426
7423
7422
7422
7418
7417
7414
7413
7412
7412
7412
7408
7407
7403
7402
7394
7387
7384
7383
7383
7380
7380
7375
7369
7368
7365
7365
7362
7359
7357
7357
7355
7353
7353
7353
7352
7349
7343
7342
7335
7335
7334
7334
7326
7325
7318
7317
7312
7310
7305
7304
7299
7290
7287
7284
7283
7282
7282
7279
7278
7277
7276
7274
7274
7273
7271
7268
7265
7262
7262
7260
7258
7257
7255
7248
7247
7246
7244
7239
7237
7229
7229
7222
7221
7220
7216
7214
7211
7210
7209
7206
7205
7205
7200
7197
7194
7193
7192
7187
7178
7177
7176
7175
7174
7167
7160
7160
7158
7154
7152
7151
7146
7146
7142
7139
7135
7131
7128
7122
7120
7118
7116
7113
7109
7104
7102
7101
7095
7092
7090
7090
7085
7079
7078
7075
7070
7070
7068
7067
7061
7061
7058
7057
7051
7050
7049
7046
7045
7040
7040
7039
7030
7024
7017
7013
7013
7012
7005
6996
6992
6990
6988
6985
6983
6979
6972
6970
6969
6966
6964
6964
6961
6959
6959
6955
6953
6952
6952
6940
6938
6935
6935
6934
6934
6932
6931
6927
6921
6918
6917
6913
6913
6921
6910
6910
6910
6909
6905
6902
6898
6898
6897
6896
6896
6895
6889
6889
6889
6887
6885
6885
6885
6885
6884
6884
6883
6881
6877
6877
6876
6874
6873
6872
6871
6859
6854
6851
6849
6845
6841
6839
6834
6834
6827
6825
6821
6820
6815
6804
6802
6801
6796
6793
6792
6791
6777
6776
6776
6775
6760
6759
6755
6751
6747
6747
6747
6743
6739
6739
6736
6732
6731
6730
6730
6727
6726
6725
6724
6724
6722
6721
6719
6716
6712
6711
6710
6709
6706
6704
6701
6696
6696
6691
6690
6689
6700
6681
6671
6664
6661
6661
6661
6658
6657
6657
6655
6652
6652
6651
6646
6645
6530
6638
6637
6637
6635
6630
6626
6621
6621
6619
6619
6618
6617
6615
6612
6611
6609
6608
6610
6602
6602
6602
6601
6600
6599
6599
6594
6594
6594
6589
6586
6586
6582
6582
6579
6579
6577
6575
6573
6572
6572
6571
6570
6570
6567
6567
6567
6563
6562
6562
6562
6561
6559
6556
6556
6552
6550
6549
6546
6544
6544
6535
6534
6532
6529
6525
6525
6522
6511
6511
6502
6500
6500
6499
6497
6491
6491
6484
6483
6483
6482
6478
6475
6471
6470
6469
6467
6463
6451
6450
6445
6443
6443
6441
6436
6436
6432
6431
6428
6423
6423
6421
6419
6418
6418
6418
6418
6417
6410
6409
6401
6400
6399
6396
6391
6390
6386
6385
6378
6375
6374
6373
6372
6367
6361
6359
6355
6353
6353
6352
6347
6346
6341
6340
6339
6337
6337
6337
6329
6328
6328
6327
6326
6321
6318
6317
6313
6313
6308
6308
6307
6306
6304
6299
6298
6294
6293
6292
6289
6288
6287
6287
6285
6283
6281
6281
6268
6267
6267
6264
6264
6261
6259
6255
6254
6252
6251
6250
6250
6248
6247
6245
6244
6243
6238
6237
6237
6236
6235
6232
6222
6222
6214
6213
6209
6209
6207
6202
6200
6197
6197
6192
6185
6182
6180
6171
6170
6167
6164
6161
6159
6156
6156
6152
6152
6150
6149
6147
6145
6135
6134
6134
6133
6132
6131
6130
6124
6123
6115
6114
6112
6112
6111
6109
6104
6104
6103
6100
6099
6099
6096
6096
6094
6092
6091
6089
6089
6086
6078
6077
6077
6074
6066
6065
6061
6061
6059
6055
6055
6054
6052
6049
6049
6048
6046
6042
6042
6037
6037
6032
6031
6031
6031
6029
6028
6027
6023
6022
6021
6018
6015
6011
6011
6010
6009
6006
6003
6003
5998
5997
5997
5996
5994
5992
5989
5988
5986
5982
5978
5978
5976
5974
5973
5970
5969
5964
5964
5964
5961
5962
5957
5957
5948
5948
5947
5946
5946
5941
5939
5938
5937
5936
5932
5925
5924
5919
5919
5916
5913
5907
5907
5906
5901
5900
5898
5897
5896
5895
5892
5891
5889
5886
5883
5883
5879
5879
5878
5878
5874
5871
5870
5867
5872
5860
5860
5856
5854
5851
5850
5849
5847
5844
5843
5841
5837
5832
5830
5828
5828
5827
5823
5822
5818
5815
5815
5814
5810
5809
5809
5809
5807
5807
5806
5803
5801
5797
5794
5794
5794
5793
5786
5783
5782
5782
5780
5777
5774
5773
5772
5769
5769
5762
5762
5760
5758
5754
5753
5751
5747
5745
5743
5740
5740
5735
5735
5735
5734
5730
5723
5721
5720
5719
5719
5718
5714
5711
5708
5704
5704
5704
5702
5701
5693
5692
5690
5689
5687
5685
5684
5686
5675
5674
5672
5672
5671
5666
5664
5663
5663
5663
5662
5661
5661
5660
5657
5657
5656
5654
5652
5649
5649
5649
5647
5646
5642
5642
5642
5640
5638
5637
5634
5632
5631
5629
5628
5622
5622
5621
5621
5619
5618
5617
5617
5613
5613
5611
5605
5603
5601
5601
5598
5598
5596
5590
5589
5588
5586
5584
5580
5580
5580
5579
5578
5573
5570
5569
5566
5565
5564
5563
5561
5561
5560
5559
5557
5555
5554
5553
5549
5542
5542
5542
5541
5540
5540
5538
5538
5534
5529
5525
5524
5522
5522
5521
5520
5514
5512
5507
5504
5502
5500
5500
5498
5492
5490
5489
5488
5488
5487
5487
5486
5485
5485
5482
5474
5473
5468
5466
5466
5464
5462
5456
5455
5455
5455
5454
5454
5453
5448
5447
5446
5446
5445
5444
5442
5441
5440
5439
5438
5438
5435
5432
5431
5429
5429
5428
5428
5427
5422
5421
5420
5419
5414
5411
5410
5409
5409
5407
5407
5406
5405
5404
5403
5403
5401
5399
5398
5394
5394
5394
5392
5391
5388
5387
5386
5386
5385
5384
5382
5382
5382
5376
5374
5373
5372
5371
5368
5368
5368
5367
5364
5363
5362
5360
5359
5358
5358
5357
5356
5355
5355
5353
5353
5346
5345
5344
5344
5342
5341
5337
5336
5336
5331
5328
5328
5328
5328
5324
5323
5323
5320
5318
5316
5315
5314
5314
5310
5307
5306
5304
5303
5300
5293
5293
5292
5291
5289
5288
5287
5285
5284
5284
5278
5277
5276
5273
5270
5268
5266
5265
5265
5265
5260
5260
5259
5257
5255
5254
5254
5251
5269
5244
5244
5243
5242
5242
5241
5237
5236
5235
5233
5233
5230
5229
5229
5228
5227
5224
5224
5223
5219
5217
5215
5213
5212
5212
5210
5210
5208
5206
5206
5205
5204
5204
5204
5204
5203
5201
5200
5197
5195
5192
5188
5186
5186
5184
5184
5183
5176
5175
5173
5173
5173
5167
5166
5164
5160
5156
5155
5154
5153
5152
5146
5145
5143
5142
5141
5140
5140
5138
5137
5133
5132
5131
5131
5130
5130
5130
5128
5126
5124
5120
5119
5118
5117
5116
5114
5113
5113
5107
5107
5106
5106
5102
5099
5098
5098
5097
5097
5095
5093
5093
5090
5089
5089
5088
5086
5086
5084
5084
5082
5082
5081
5078
5077
5076
5075
5072
5071
5070
5070
5069
5066
5064
5062
5062
5059
5059
5059
5058
5055
5044
5042
5041
5040
5039
5038
5037
5036
5035
5034
5034
5031
5029
5028
5026
5025
5023
5019
5016
5015
5015
5013
5046
5013
5010
5009
5004
5002
5001
4998
4995
4993
4993
4992
4985
4982
4980
4980
4978
4978
4974
4972
4968
4966
4966
4965
4965
4965
4963
4963
4963
4962
4962
4959
4959
4959
4957
4957
4954
4952
4949
4948
4945
4945
4944
4943
4942
4941
4939
4938
4938
4937
4937
4935
4933
4933
4932
4931
4930
4927
4925
4923
4923
4916
4913
4913
4911
4910
4910
4908
4906
4904
4900
4899
4892
4891
4890
4883
4882
4882
4880
4878
4877
4876
4875
4875
4872
4872
4872
4872
4871
4870
4870
4869
4869
4867
4863
4862
4860
4858
4857
4857
4855
4852
4851
4849
4845
4842
4841
4840
4839
4838
4838
4836
4836
4835
4835
4830
4830
4830
4828
4827
4826
4826
4824
4823
4822
4821
4821
4820
4818
4817
4816
4815
4815
4813
4813
4811
4810
4809
4808
4807
4802
4801
4801
4801
4800
4799
4797
4796
4795
4793
4792
4790
4789
4786
4785
4783
4780
4779
4779
4778
4777
4776
4776
4776
4776
4776
4774
4771
4770
4768
4767
4766
4766
4765
4764
4762
4759
4759
4757
4757
4756
4755
4755
4754
4753
4753
4753
4753
4752
4751
4751
4749
4748
4745
4743
4743
4741
4741
4741
4740
4736
4736
4735
4734
4733
4733
4733
4731
4731
4730
4729
4727
4726
4726
4725
4725
4722
4720
4719
4719
4717
4715
4713
4711
4711
4709
4709
4708
4707
4707
4705
4705
4705
4703
4701
4701
4700
4699
4698
4697
4696
4696
4695
4694
4693
4692
4692
4688
4687
4684
4682
4680
4678
4678
4676
4675
4675
4675
4674
4673
4672
4671
4671
4664
4661
4660
4659
4657
4653
4653
4653
4651
4651
4650
4649
4649
4647
4646
4646
4646
4645
4645
4641
4640
4640
4640
4639
4638
4638
4637
4636
4632
4631
4631
4630
4637
4627
4626
4624
4624
4622
4620
4620
4619
4618
4618
4618
4617
4615
4614
4613
4613
4612
4609
4609
4608
4607
4606
4605
4603
4603
4600
4599
4599
4598
4597
4596
4596
4596
4595
4594
4593
4593
4592
4589
4588
4586
4586
4586
4584
4582
4578
4577
4576
4575
4573
4573
4573
4572
4572
4572
4572
4568
4567
4566
4565
4560
4556
4556
4556
4555
4553
4553
4553
4552
4548
4548
4546
4546
4543
4542
4541
4540
4536
4535
4535
4535
4533
4532
4532
4531
4531
4528
4527
4526
4525
4524
4522
4517
4516
4516
4515
4515
4515
4515
4514
4513
4513
4512
4512
4509
4508
4507
4505
4502
4500
4499
4499
4498
4498
4495
4494
4494
4492
4492
4491
4491
4490
4490
4490
4490
4490
4489
4489
4487
4485
4484
4481
4481
4476
4476
4476
4476
4472
4468
4467
4465
4464
4464
4460
4460
4458
4457
4455
4454
4453
4453
4450
4449
4449
4447
4447
4446
4444
4444
4442
4441
4439
4438
4437
4437
4437
4436
4435
4434
4430
4429
4429
4428
4427
4427
4426
4423
4423
4419
4418
4416
4412
4411
4410
4408
4407
4407
4405
4405
4403
4403
4403
4402
4399
4399
4398
4398
4398
4396
4395
4391
4391
4389
4385
4385
4385
4382
4381
4377
4376
4374
4373
4367
4364
4363
4362
4362
4362
4360
4357
4352
4352
4352
4351
4351
4350
4349
4348
4348
4348
4347
4346
4346
4346
4344
4343
4343
4342
4340
4340
4340
4338
4338
4337
4335
4334
4334
4334
4332
4330
4330
4329
4329
4328
4327
4327
4327
4326
4325
4325
4324
4323
4321
4319
4318
4318
4316
4314
4314
4311
4310
4310
4309
4308
4308
4304
4304
4304
4303
4303
4303
4301
4324
4298
4298
4297
4294
4292
4290
4290
4289
4289
4288
4286
4286
4285
4284
4284
4284
4283
4283
4280
4280
4279
4279
4278
4272
4271
4269
4266
4266
4265
4263
4262
4261
4260
4260
4260
4258
4256
4256
4256
4254
4254
4254
4253
4253
4252
4251
4248
4248
4243
4242
4242
4242
4240
4239
4238
4235
4231
4231
4229
4227
4226
4225
4225
4222
4222
4222
4221
4221
4220
4219
4218
4216
4216
4215
4215
4214
4213
4212
4210
4209
4209
4208
4206
4214
4202
4201
4199
4199
4199
4198
4197
4197
4196
4195
4194
4194
4188
4186
4185
4184
4181
4180
4179
4178
4176
4176
4175
4174
4172
4171
4168
4166
4166
4165
4163
4163
4162
4162
4160
4158
4157
4155
4154
4153
4153
4152
4152
4151
4149
4145
4142
4141
4140
4138
4138
4138
4137
4137
4135
4134
4131
4130
4129
4129
4128
4127
4125
4125
4123
4123
4122
4122
4122
4121
4119
4117
4116
4115
4115
4114
4114
4114
4111
4110
4109
4108
4107
4107
4106
4106
4105
4105
4103
4101
4101
4100
4100
4099
4096
4095
4094
4091
4091
4090
4090
4089
4084
4084
4083
4082
4081
4081
4080
4078
4078
4078
4078
4077
4077
4075
4074
4073
4073
4072
4072
4072
4071
4071
4070
4068
4064
4063
4063
4065
4063
4062
4062
4061
4059
4059
4057
4056
4056
4055
4055
4054
4054
4054
4053
4053
4053
4051
4051
4048
4047
4047
4043
4042
4042
4040
4038
4037
4037
4036
4036
4036
4036
4035
4034
4034
4033
4033
4031
4030
4029
4029
4028
4028
4025
4023
4023
4022
4022
4021
4020
4020
4019
4018
4015
4013
4013
4013
4012
4011
4011
4011
4011
4010
4009
4009
4008
4008
4008
4006
4005
4005
4004
4003
4002
4001
3998
3998
3998
3998
3997
3995
3994
3994
3993
3992
3992
3991
3989
3989
3988
3987
3987
3985
3983
3983
3981
3980
3980
3978
3978
3978
3976
3974
3974
3974
3971
3971
3970
3970
3970
3969
3969
3969
3967
3966
3965
3965
3965
3964
3964
3961
3961
3960
3960
3960
3959
3958
3957
3956
3955
3955
3955
3954
3953
3950
3950
3950
3947
3947
3946
3946
3944
3942
3942
3940
3940
3939
3937
3934
3940
3933
3932
3931
3931
3930
3930
3930
3930
3929
3928
3927
3926
3924
3924
3924
3923
3920
3920
3920
3920
3919
3916
3914
3914
3913
3913
3913
3911
3908
3908
3907
3907
3906
3906
3905
3904
3904
3903
3902
3900
3899
3899
3898
3894
3894
3893
3892
3892
3891
3891
3891
3890
3890
3889
3892
3887
3886
3885
3884
3884
3883
3883
3883
3882
3881
3881
3881
3881
3880
3879
3878
3878
3877
3877
3876
3875
3875
3874
3874
3873
3873
3872
3871
3871
3870
3870
3869
3869
3868
3866
3866
3865
3864
3863
3862
3858
3857
3854
3854
3852
3851
3850
3850
3848
3847
3847
3847
3847
3846
3846
3846
3845
3844
3843
3842
3841
3841
3841
3840
3839
3838
3838
3838
3838
3837
3837
3837
3835
3835
3834
3833
3833
3832
3831
3831
3830
3829
3829
3826
3825
3825
3823
3823
3822
3821
3821
3821
3820
3820
3819
3819
3818
3816
3815
3814
3813
3810
3809
3809
3809
3808
3807
3805
3805
3805
3803
3802
3802
3802
3801
3801
3800
3800
3799
3798
3797
3796
3792
3791
3790
3790
3788
3787
3787
3787
3787
3786
3784
3784
3784
3783
3783
3783
3783
3782
3779
3779
3778
3775
3775
3775
3774
3773
3772
3772
3771
3770
3770
3769
3767
3767
3767
3765
3764
3764
3763
3763
3763
3762
3762
3762
3761
3760
3757
3755
3752
3752
3751
3751
3749
3749
3749
3748
3747
3747
3746
3746
3746
3745
3744
3744
3743
3743
3742
3741
3752
3739
3739
3737
3737
3736
3736
3734
3734
3734
3732
3732
3732
3731
3731
3730
3729
3729
3729
3728
3727
3724
3724
3724
3724
3723
3721
3721
3720
3720
3720
3720
3719
3719
3719
3717
3716
3715
3715
3714
3714
3714
3713
3713
3712
3711
3711
3710
3710
3710
3709
3707
3707
3706
3705
3705
3704
3703
3703
3702
3701
3700
3700
3696
3695
3695
3695
3695
3694
3692
3692
3691
3691
3690
3689
3688
3686
3686
3685
3685
3682
3681
3680
3678
3677
3676
3676
3674
3672
3704
3672
3672
3671
3671
3671
3670
3670
3668
3667
3666
3665
3665
3665
3664
3662
3662
3661
3659
3658
3656
3655
3654
3653
3653
3652
3652
3652
3649
3647
3647
3646
3644
3644
3643
3640
3638
3638
3637
3637
3636
3635
3635
3634
3633
3633
3633
3629
3629
3629
3628
3628
3628
3627
3627
3626
3626
3626
3625
3624
3624
3624
3623
3622
3620
3619
3619
3618
3616
3616
3616
3616
3614
3611
3611
3611
3611
3611
3611
3610
3610
3607
3606
3605
3605
3604
3604
3604
3603
3602
3602
3601
3601
3597
3595
3595
3595
3594
3594
3588
3588
3588
3587
3587
3586
3583
3583
3583
3582
3581
3581
3581
3580
3580
3579
3578
3577
3576
3576
3574
3571
3571
3569
3569
3567
3566
3565
3564
3563
3563
3562
3562
3559
3558
3558
3558
3558
3557
3555
3554
3554
3554
3553
3553
3552
3551
3550
3550
3550
3549
3549
3548
3548
3546
3546
3545
3543
3542
3542
3542
3541
3540
3540
3539
3539
3538
3538
3538
3540
3537
3537
3536
3535
3534
3534
3534
3534
3531
3531
3530
3529
3529
3528
3528
3527
3527
3526
3526
3526
3525
3523
3522
3522
3519
3519
3519
3518
3518
3518
3517
3582
3516
3516
3515
3515
3514
3514
3514
3513
3511
3510
3510
3510
3509
3508
3508
3506
3506
3506
3505
3504
3503
3503
3502
3501
3500
3500
3500
3499
3498
3498
3497
3497
3496
3496
3496
3496
3496
3493
3490
3490
3489
3487
3487
3486
3486
3486
3484
3484
3482
3482
3482
3481
3481
3481
3480
3480
3479
3479
3479
3478
3477
3477
3476
3475
3474
3473
3471
3470
3470
3470
3470
3470
3469
3469
3466
3466
3464
3463
3463
3463
3463
3461
3461
3459
3458
3458
3457
3457
3457
3456
3455
3454
3454
3453
3453
3452
3452
3451
3451
3450
3450
3450
3449
3449
3448
3448
3447
3447
3446
3444
3444
3443
3443
3443
3442
3442
3440
3440
3440
3440
3439
3438
3437
3436
3436
3435
3435
3435
3433
3433
3431
3431
3430
3429
3428
3428
3426
3426
3425
3425
3424
3423
3423
3423
3422
3422
3421
3420
3419
3419
3418
3418
3418
3418
3417
3417
3417
3416
3416
3416
3415
3415
3415
3415
3414
3414
3413
3413
3413
3412
3411
3410
3410
3409
3409
3407
3407
3407
3406
3405
3405
3404
3402
3401
3401
3401
3400
3400
3399
3399
3398
3397
3396
3395
3394
3394
3394
3393
3392
3392
3392
3391
3391
3390
3390
3389
3389
3388
3388
3388
3388
3388
3387
3386
3385
3384
3384
3383
3382
3381
3381
3380
3380
3379
3379
3377
3376
3375
3375
3374
3374
3374
3374
3373
3373
3372
3371
3369
3366
3366
3366
3363
3362
3361
3359
3359
3356
3356
3356
3355
3354
3354
3353
3353
3353
3351
3350
3350
3350
3349
3349
3349
3348
3350
3347
3347
3346
3345
3345
3344
3343
3343
3343
3343
3342
3342
3341
3341
3340
3339
3339
3337
3335
3332
3332
3331
3330
3330
3329
3327
3327
3327
3326
3325
3325
3324
3324
3324
3323
3321
3321
3321
3320
3320
3320
3320
3320
3319
3319
3318
3318
3318
3317
3317
3317
3316
3314
3313
3313
3313
3312
3312
3312
3311
3311
3310
3310
3309
3309
3309
3309
3307
3307
3307
3306
3305
3305
3304
3304
3302
3302
3302
3301
3300
3299
3298
3298
3298
3297
3297
3296
3296
3295
3295
3294
3294
3294
3293
3292
3292
3292
3292
3291
3289
3289
3289
3287
3286
3286
3286
3285
3284
3283
3282
3282
3281
3280
3279
3278
3277
3277
3275
3275
3275
3274
3274
3274
3272
3272
3271
3271
3271
3271
3270
3270
3268
3266
3265
3264
3264
3264
3264
3264
3263
3262
3262
3261
3261
3260
3259
3259
3259
3258
3257
3257
3256
3256
3254
3254
3254
3254
3254
3254
3254
3253
3250
3250
3250
3249
3249
3248
3248
3248
3247
3247
3246
3246
3282
3245
3245
3245
3244
3243
3242
3242
3241
3240
3240
3240
3239
3238
3238
3238
3237
3237
3237
3236
3234
3232
3230
3229
3229
3228
3227
3227
3227
3227
3226
3226
3226
3226
3225
3225
3225
3225
3224
3224
3223
3223
3223
3222
3221
3221
3221
3220
3220
3219
3219
3218
3217
3217
3215
3215
3215
3214
3214
3213
3213
3213
3213
3213
3212
3211
3211
3210
3210
3210
3208
3207
3207
3206
3205
3205
3204
3203
3203
3203
3202
3201
3200
3200
3198
3198
3195
3194
3194
3194
3194
3193
3193
3193
3192
3191
3190
3188
3188
3188
3188
3188
3187
3187
3187
3186
3186
3185
3185
3184
3184
3184
3184
3183
3182
3182
3181
3180
3180
3179
3179
3176
3175
3175
3174
3173
3173
3173
3172
3171
3169
3169
3168
3168
3167
3167
3164
3164
3163
3163
3163
3162
3162
3162
3162
3161
3160
3159
3158
3158
3156
3156
3156
3155
3155
3155
3155
3155
3154
3153
3153
3152
3152
3152
3151
3150
3150
3150
3149
3148
3148
3148
3148
3147
3147
3146
3146
3146
3146
3145
3145
3145
3145
3144
3142
3142
3142
3142
3141
3141
3140
3139
3139
3139
3139
3139
3137
3136
3136
3136
3135
3134
3134
3133
3133
3133
3133
3131
3130
3129
3129
3129
3129
3129
3128
3127
3127
3127
3126
3126
3126
3126
3124
3123
3121
3121
3121
3121
3119
3119
3118
3118
3117
3116
3115
3115
3115
3114
3114
3113
3113
3112
3112
3111
3111
3111
3110
3110
3109
3107
3107
3106
3106
3105
3104
3103
3103
3103
3103
3103
3102
3102
3102
3102
3101
3101
3099
3098
3098
3097
3097
3097
3097
3097
3097
3094
3094
3094
3094
3093
3092
3092
3092
3092
3091
3091
3091
3090
3089
3089
3088
3088
3088
3087
3086
3086
3086
3105
3086
3085
3085
3085
3084
3084
3084
3084
3083
3083
3083
3082
3081
3081
3081
3079
3079
3079
3078
3078
3078
3077
3076
3076
3076
3076
3075
3074
3073
3069
3069
3069
3068
3068
3068
3065
3064
3063
3063
3063
3063
3062
3062
3061
3061
3060
3060
3059
3059
3059
3058
3057
3057
3056
3056
3055
3055
3055
3055
3055
3054
3054
3054
3053
3053
3052
3051
3050
3050
3050
3050
3049
3048
3048
3047
3047
3046
3046
3046
3046
3045
3044
3044
3044
3044
3044
3043
3043
3042
3041
3041
3040
3039
3039
3038
3037
3037
3037
3037
3036
3035
3035
3034
3033
3033
3033
3032
3032
3032
3032
3031
3031
3031
3030
3030
3030
3028
3028
3027
3025
3025
3024
3024
3024
3024
3023
3023
3022
3021
3021
3021
3020
3020
3019
3019
3018
3018
3016
3016
3016
3015
3015
3015
3015
3015
3014
3013
3013
3013
3012
3012
3011
3010
3009
3008
3006
3006
3006
3006
3005
3005
3004
3004
3003
3003
3002
3002
3001
3000
3000
