277161
254058
248730
189828
179148
171740
149230
146028
136183
136115
134063
115329
112015
109498
108484
97301
96357
91904
89528
88986
84966
83533
78873
77415
77033
74939
74521
73007
71791
71167
69294
68508
68124
67826
67746
66834
62809
62126
61078
60677
60492
60275
59503
59167
58643
58043
57919
57185
55700
54785
54501
53988
53451
51696
51477
51240
51098
50973
50399
49996
49324
49185
48823
48381
48026
48022
48011
47365
47205
45683
45203
44656
44272
43526
43385
42171
42144
41809
41626
41622
40744
40483
39820
39232
39060
38988
38676
37836
37818
37201
36492
36435
36301
35443
34783
34445
34295
34253
34073
33808
33334
32948
32810
32673
31661
31528
31454
31442
31288
31176
31034
31009
30349
30227
30131
29951
29738
29735
29653
29606
29467
29453
29341
29092
29001
28947
28407
28241
28071
27868
27606
27581
27517
27379
27348
27324
26961
26603
26486
26448
26420
26307
26250
26216
26128
25944
25881
25368
25360
25348
25240
25110
25032
24966
24602
24400
24346
24331
23968
23953
23621
23242
23240
22855
22672
22549
22505
22369
22270
21893
21889
21799
21790
21778
21669
21642
21577
21532
21429
21401
21384
21320
21263
21254
21211
21191
21052
20976
20916
20801
20682
20632
20452
20421
20415
20311
20305
20278
20265
20194
20172
20073
20032
19921
19898
19789
19784
19678
19575
19514
19505
19474
19452
19403
19319
19219
19154
19145
19128
19110
19104
18968
18951
18942
18929
18918
18862
18845
18800
18798
18730
18618
18551
18511
18487
18476
18463
18452
18438
18387
18298
18211
18060
18034
17847
17815
17789
17767
17733
17650
17620
17482
17333
17283
17228
17202
17145
17107
17095
17069
16975
16965
16963
16933
16878
16844
16816
16707
16667
16654
16647
16640
16617
16613
16542
16479
16445
16425
16357
16317
16252
16106
16103
16051
15992
15977
15971
15928
15863
15859
15786
15760
15720
15693
15690
15641
15612
15589
15586
15552
15475
15394
15308
15278
15246
15229
15178
15162
15108
15078
15053
15039
15036
15018
14938
14917
14884
14879
14874
14840
14821
14793
14758
14717
14638
14638
14612
14601
14490
14489
14459
14415
14393
14336
14279
14266
14252
14159
14093
14092
14077
14052
14048
14027
13895
13857
13830
13777
13765
13667
13661
13587
13544
13495
13412
13389
13341
13317
13284
13281
13273
13196
13190
13117
13098
13091
13086
13060
12913
12865
12818
12811
12799
12796
12784
12773
12750
12615
12557
12551
12392
12460
12423
12417
12389
12362
12346
12344
12337
12331
12312
12310
12288
12269
12261
12241
12242
12206
12173
12163
12157
12155
12116
12079
12014
12000
11985
11954
11944
11884
11865
11865
11847
11828
11817
11808
11807
11778
11775
11770
11751
11745
11680
11671
11671
11664
11659
11624
11611
11610
11601
11593
11578
11570
11557
11514
11501
11456
11443
11434
11434
11434
11360
11357
11242
11220
11206
11203
11197
11197
11186
11149
11127
11122
11106
11098
11099
11083
11073
11051
11050
11046
11040
11021
11013
11007
10996
10967
10961
10958
10945
10921
10913
10903
10888
10852
10821
10802
10797
10794
10772
10772
10745
10738
10643
10626
10592
10555
10531
10521
10516
10500
10498
10465
10453
10452
10434
10419
10414
10409
10371
10304
10291
10251
10238
10206
10196
10159
10141
10102
10095
10055
10035
9960
9959
9955
9926
9843
9842
9801
9770
9769
9767
9741
9734
9711
9703
9703
9696
9688
9659
9635
9630
9618
9582
9580
9550
9545
9536
9535
9471
9465
9422
9413
9411
9399
9378
9372
9368
9360
9350
9347
9341
9337
9314
9312
9258
9252
9251
9243
9242
9234
9232
9228
9195
9188
9185
9184
9167
9164
9157
9144
9133
9095
9088
9086
9052
9039
9034
9027
9025
9016
9011
8994
8994
8993
8985
8958
8947
8942
8935
8919
8914
8892
8886
8884
8884
8870
8870
8856
8833
8786
8781
8781
8747
8732
8719
8712
8711
8711
8710
8657
8652
8621
8614
8596
8593
8558
8554
8554
8536
8526
8506
8487
8478
8471
8463
8459
8451
8442
8436
8419
8418
8393
8388
8363
8323
8310
8281
8262
8261
8248
8240
8213
8202
8193
8184
8162
8123
8112
8109
8106
8099
8097
8090
8085
8047
8044
8038
8038
8026
8018
7989
7909
7905
7892
7876
7870
7861
7843
7842
7816
7808
7808
7806
7783
7755
7725
7720
7713
7708
7702
7684
7672
7661
7653
7641
7629
7624
7620
7589
7577
7556
7554
7549
7547
7541
7518
7508
7505
7503
7502
7483
7472
7462
7458
7451
7449
7441
7437
7436
7427
7400
7395
7391
7380
7376
7357
7332
7315
7280
7279
7231
7216
7203
7200
7175
7167
7155
7153
7152
7149
7145
7129
7128
7127
7126
7123
7114
7092
7089
7075
7072
7059
7058
7055
7052
7006
7004
6991
6986
6981
6973
6966
6941
6911
6904
6899
6895
6893
6888
6887
6883
6858
6840
6825
6810
6797
6792
6783
6782
6780
6775
6769
6762
6744
6731
6724
6723
6720
6714
6710
6707
6691
6688
6684
6675
6667
6666
6666
6666
6661
6657
6638
6634
6625
6622
6612
6608
6605
6593
6588
6577
6571
6544
6541
6526
6525
6520
6520
6510
6500
6497
6495
6493
6481
6452
6445
6445
6443
6442
6442
6440
6440
6434
6425
6423
6419
6408
6405
6404
6398
6375
6373
6369
6365
6361
6360
6358
6350
6336
6323
6320
6315
6314
6293
6277
6269
6266
6254
6238
6232
6230
6217
6215
6212
6209
6209
6207
6190
6178
6176
6161
6160
6135
6133
6132
6127
6125
6118
6102
6099
6098
6094
6083
6064
6062
6057
6046
6043
6042
6040
6033
6024
6022
6013
6011
6002
5958
5947
5947
5927
5909
5906
5903
5897
5880
5863
5861
5860
5859
5845
5838
5836
5835
5829
5827
5819
5811
5804
5802
5797
5796
5794
5773
5766
5765
5749
5736
5735
5727
5727
5722
5722
5712
5706
5698
5689
5688
5686
5675
5673
5665
5663
5658
5654
5652
5651
5649
5629
5606
5604
5601
5591
5589
5585
5581
5573
5567
5563
5563
5557
5554
5549
5548
5548
5545
5543
5535
5534
5531
5530
5529
5518
5517
5509
5508
5500
5487
5485
5485
5481
5468
5467
5465
5461
5457
5456
5450
5448
5448
5444
5437
5428
5427
5423
5422
5413
5412
5412
5409
5407
5401
5399
5397
5397
5394
5390
5387
5386
5385
5385
5384
5383
5381
5362
5352
5350
5327
5326
5320
5317
5311
5310
5309
5306
5306
5303
5285
5282
5280
5280
5278
5277
5269
5269
5259
5253
5251
5243
5234
5232
5229
5225
5220
5216
5216
5213
5206
5206
5201
5198
5195
5190
5186
5181
5170
5167
5161
5160
5160
5148
5147
5146
5145
5143
5141
5141
5139
5131
5130
5124
5122
5112
5108
5100
5099
5098
5091
5083
5076
5075
5074
5073
5072
5067
5067
5061
5050
5049
5046
5045
5036
5029
5023
5021
5020
5017
4999
4996
4994
4991
4989
4984
4979
4976
4975
4972
4971
4971
4959
4948
4940
4938
4937
4936
4934
4933
4929
4929
4922
4921
4920
4920
4918
4909
4907
4903
4901
4901
4895
4888
4888
4884
4881
4876
4875
4874
4869
4867
4866
4864
4858
4855
4852
4850
4842
4841
4838
4831
4829
4819
4812
4809
4805
4803
4801
4801
4791
4783
4772
4771
4771
4763
4762
4760
4760
4756
4756
4753
4753
4749
4742
4742
4740
4740
4733
4730
4728
4726
4724
4715
4714
4708
4707
4705
4703
4703
4703
4701
4700
4699
4698
4698
4697
4691
4690
4690
4690
4685
4684
4683
4673
4673
4655
4652
4649
4648
4642
4641
4640
4639
4639
4638
4636
4634
4628
4625
4623
4622
4616
4615
4614
4609
4606
4605
4602
4601
4598
4596
4593
4591
4589
4583
4583
4580
4580
4575
4564
4563
4562
4561
4557
4554
4549
4541
4537
4537
4531
4531
4525
4520
4520
4511
4503
4503
4502
4505
4500
4495
4490
4480
4479
4479
4473
4473
4473
4468
4467
4465
4459
4458
4452
4451
4444
4443
4441
4438
4435
4434
4424
4423
4421
4414
4407
4406
4405
4405
4390
4388
4388
4381
4380
4365
4365
4363
4362
4358
4356
4353
4348
4338
4338
4338
4335
4329
4327
4317
4316
4314
4311
4307
4306
4306
4305
4296
4295
4294
4293
4292
4290
4288
4288
4287
4286
4281
4276
4276
4274
4274
4273
4267
4267
4259
4258
4258
4257
4254
4249
4248
4247
4239
4236
4235
4234
4233
4230
4225
4224
4220
4219
4217
4215
4211
4209
4207
4206
4205
4204
4201
4199
4198
4196
4193
4193
4192
4190
4189
4184
4183
4183
4183
4181
4179
4179
4175
4173
4173
4165
4161
4161
4161
4160
4156
4154
4154
4153
4146
4144
4142
4140
4136
4135
4131
4131
4124
4124
4121
4121
4114
4113
4111
4109
4108
4108
4106
4105
4103
4098
4097
4097
4097
4095
4093
4089
4089
4087
4083
4081
4080
4079
4076
4072
4069
4064
4061
4060
4056
4055
4052
4046
4037
4034
4032
4029
4029
4028
4025
4018
4013
4012
4005
4004
4003
4003
4002
4001
3999
3998
3997
3996
3996
3993
3993
3992
3991
3989
3982
3982
3980
3973
3973
3971
3971
3967
3966
3963
3961
3957
3956
3956
3951
3948
3946
3945
3944
3942
3941
3940
3939
3936
3936
3934
3927
3925
3925
3924
3923
3923
3922
3919
3919
3915
3914
3914
3913
3909
3903
3901
3898
3891
3888
3884
3883
3883
3883
3883
3883
3882
3882
3877
3877
3875
3875
3869
3868
3866
3858
3855
3850
3849
3849
3848
3847
3844
3843
3842
3841
3837
3837
3837
3835
3835
3834
3831
3830
3820
3818
3815
3811
3807
3804
3801
3800
3800
3799
3799
3799
3799
3795
3793
3790
3788
3786
3785
3784
3783
3783
3779
3775
3774
3772
3771
3767
3764
3762
3762
3762
3761
3760
3757
3754
3753
3751
3746
3743
3742
3742
3736
3736
3733
3733
3727
3725
3723
3723
3723
3723
3722
3720
3717
3716
3709
3707
3702
3704
3694
3693
3693
3693
3692
3691
3691
3689
3689
3687
3685
3685
3682
3678
3678
3677
3676
3675
3675
3674
3664
3663
3663
3660
3656
3655
3654
3651
3650
3648
3648
3646
3644
3643
3643
3641
3641
3641
3639
3639
3638
3638
3637
3635
3634
3633
3632
3631
3628
3625
3621
3617
3615
3609
3608
3608
3607
3607
3602
3598
3598
3597
3592
3590
3590
3590
3587
3586
3579
3577
3575
3574
3573
3571
3568
3565
3563
3559
3555
3554
3552
3551
3550
3549
3548
3548
3547
3547
3547
3546
3543
3543
3542
3538
3537
3536
3533
3532
3531
3531
3531
3528
3526
3525
3524
3522
3522
3521
3521
3520
3520
3515
3515
3514
3513
3513
3513
3510
3504
3504
3503
3498
3497
3493
3493
3490
3490
3489
3484
3479
3476
3476
3476
3475
3472
3472
3471
3466
3466
3466
3466
3465
3464
3460
3459
3459
3459
3457
3452
3447
3447
3446
3446
3443
3443
3442
3441
3432
3432
3430
3428
3428
3427
3426
3424
3424
3423
3423
3422
3420
3419
3418
3418
3417
3416
3415
3414
3413
3411
3411
3410
3409
3407
3406
3406
3402
3402
3400
3400
3400
3399
3398
3397
3395
3392
3391
3391
3390
3390
3388
3386
3384
3381
3381
3381
3377
3376
3372
3360
3360
3353
3346
3346
3345
3341
3339
3338
3336
3335
3335
3334
3330
3326
3325
3325
3325
3324
3323
3323
3317
3316
3313
3312
3311
3309
3306
3306
3304
3302
3301
3301
3298
3297
3297
3294
3293
3290
3289
3285
3284
3284
3282
3282
3277
3277
3277
3275
3272
3271
3271
3270
3268
3268
3266
3265
3264
3259
3258
3257
3255
3254
3254
3253
3252
3251
3251
3250
3247
3246
3246
3243
3243
3238
3234
3233
3228
3224
3223
3223
3222
3222
3221
3219
3215
3214
3212
3212
3212
3211
3211
3210
3208
3207
3206
3205
3203
3203
3201
3200
3199
3199
3196
3195
3201
3192
3192
3192
3188
3187
3187
3186
3185
3183
3183
3182
3180
3180
3179
3179
3177
3176
3174
3172
3171
3170
3168
3165
3164
3164
3164
3163
3160
3160
3159
3153
3150
3148
3144
3144
3143
3143
3140
3139
3136
3136
3132
3131
3131
3131
3125
3122
3120
3120
3120
3119
3118
3117
3117
3117
3115
3114
3114
3113
3112
3112
3111
3110
3106
3105
3105
3102
3102
3101
3099
3098
3098
3098
3093
3090
3088
3088
3088
3087
3085
3084
3083
3081
3081
3081
3079
3077
3075
3074
3073
3073
3072
3072
3071
3069
3064
3063
3063
3062
3060
3060
3059
3058
3051
3049
3049
3046
3044
3044
3044
3042
3040
3040
3036
3034
3033
3033
3029
3029
3027
3026
3026
3026
3024
3023
3021
3020
3017
3016
3016
3014
3014
3012
3013
3006
3005
3003
3002
3001
3001
3001
3001
