871169
721616
578930
526026
421968
389795
352443
346578
331539
323675
316329
309430
304670
303696
299451
298267
297429
296373
272883
269797
250251
249449
246936
244988
244006
243922
241498
238470
236485
235140
227561
225348
221233
221102
212645
211080
209598
209556
202425
194726
193477
187071
185019
184755
184750
181975
181693
179616
179367
174526
171426
170690
168807
166836
162078
158943
154556
153879
153683
152504
151109
150359
149010
148560
148360
147834
146871
146374
145164
144320
142964
140033
139965
139590
139424
139122
139087
138542
138509
137305
136822
135619
135571
132923
132224
131785
131709
131067
130542
129271
128881
127252
127190
126946
124442
123410
122411
121812
121526
121348
121303
120536
120074
118789
118090
117414
117223
117100
116504
116061
115569
114598
114531
114229
113099
112463
112086
111883
111721
111625
111446
110730
110372
110142
109472
109371
108999
108951
108436
107952
106747
106723
106629
105578
105222
104807
104791
104720
104497
104111
103852
103710
102259
102244
101957
101535
101482
101316
101131
100482
100137
99783
99738
99516
99469
99428
98984
98300
98250
97831
97344
96634
96575
96118
95996
95927
95922
95660
95598
95183
94824
94520
94307
94294
94038
94002
93805
93795
93351
93168
92970
92422
91988
91455
89779
89380
89362
89229
88350
88277
88274
87794
87620
87613
87371
87267
86533
86034
85546
85441
85196
85010
84730
84567
84488
84404
84349
83923
83842
83812
82811
82502
82483
82227
82145
81994
81784
81715
81563
81545
81523
81208
81152
81112
80857
80831
80821
80772
80464
80376
80260
79807
79203
79198
79139
79135
78985
78752
78403
77760
77605
77415
76677
76645
76017
75668
75239
74723
74534
74527
73797
73757
73494
73441
73287
73100
73099
73077
72975
72450
71969
71734
71706
71631
71590
71312
71309
71116
71113
71080
71000
70881
70849
70721
70669
70524
70322
70264
69807
69615
69607
69537
69272
69202
69137
68929
68850
68755
68405
68242
67965
67939
67923
67850
67661
67470
67469
67064
66785
66719
66593
66351
66144
66131
65662
65567
65521
65496
65304
65260
65210
65015
64895
64716
64622
64596
64589
64377
64368
64130
64125
63903
63622
63042
62956
62762
62578
62416
62313
62240
61991
61959
61923
61436
61405
61258
60976
60967
60822
60737
60652
60239
60237
60147
60018
59661
59651
59582
59556
59398
59006
58976
58828
58685
58495
58481
58442
58145
58026
58024
57855
57650
57571
57164
57115
57043
56990
56981
56814
56545
56508
56487
56475
56364
56274
56126
56061
56056
55916
55818
55725
55699
55496
55258
55246
55201
55174
55068
55035
54989
54944
54818
54715
54676
54666
54604
54591
54448
54362
54370
54237
54163
53933
53930
53910
53481
53370
52993
52667
52561
52466
52181
52119
52095
51868
51831
51723
51647
51606
51432
51415
51358
51355
51352
51230
51152
51116
51035
51028
51019
51012
50820
50770
50705
50660
50546
50529
50351
50291
50269
50049
49980
49973
49748
49609
49570
49514
49355
49252
49210
49147
49140
49084
48851
48831
48778
48741
48728
48547
48538
48410
48398
48341
48189
48138
48069
48045
47970
47934
47892
47892
47821
47790
47761
47639
47549
47541
47409
47363
47355
47312
47294
47281
47151
47090
47001
46906
46854
46792
46782
46693
46485
46367
46278
45934
45903
45824
45766
45732
45527
45463
45452
45389
45323
45228
45228
45225
45163
45160
45113
45059
45056
45033
44977
44813
44731
44392
44371
44300
44267
44254
44093
44039
44022
43901
43863
43746
43733
43542
43462
43421
43248
43247
43209
43151
43077
43060
43021
43009
42929
42885
42819
42814
42768
42612
42460
42447
42334
42294
42269
42225
42211
42186
42176
42007
41821
41766
41737
41664
41583
41527
41518
41500
41367
41227
41181
41154
41037
41074
41022
40949
40920
40863
40828
40805
40772
40759
40699
40532
40438
40343
40342
40314
40177
40104
40059
39986
39950
39937
39865
39857
39853
39672
39611
39267
39248
39197
39185
39159
39088
38931
38837
38809
38805
38670
38645
38633
38585
38569
38560
38470
38401
38311
38269
38197
38187
38166
38155
38097
38055
38040
37991
37978
37927
37898
37888
37818
37773
37771
37762
37749
37710
37673
37670
37608
37572
37555
37536
37532
37521
37388
37369
37196
37185
37089
37043
36919
36859
36840
36779
36772
36760
36701
36688
36680
36631
36628
36571
36429
36377
36372
36344
36306
36261
36157
36147
36101
35905
35875
35849
35806
35730
35660
35603
35482
35478
35474
35433
35407
35337
35319
35288
35249
35225
35208
35202
35186
35180
35145
35055
35012
34966
34956
34826
34810
34744
34736
34733
34702
34638
34604
34532
34530
34485
34472
34458
34448
34430
34412
34377
34315
34289
34251
34231
34187
34136
34037
34031
34031
33908
33898
33896
33892
33888
33877
33835
33833
33832
33824
33722
33699
33653
33628
33606
33513
33497
33453
33435
33393
33379
33366
33354
33352
33345
33279
33277
33143
33105
33079
33066
33035
32995
32985
32979
32914
32827
32825
32808
32802
32755
32733
32685
32669
32600
32595
32556
32528
32519
32450
32310
32293
32235
32228
32222
32150
32101
32099
32059
32037
31997
31930
31894
31818
31808
31696
31679
31624
31619
31606
31551
31449
31376
31369
31346
31345
31295
31274
31261
31224
31208
31196
31171
31126
31007
30959
30944
30775
30725
30656
30581
30568
30556
30504
30497
30468
30442
30313
30304
30274
30251
30239
30235
30204
30202
30201
30151
30140
30140
30097
30073
30051
29985
29890
29881
29783
29778
29724
29680
29642
29613
29605
29544
29530
29487
29465
29403
29399
29336
29279
29230
29182
29156
29150
29142
29067
28927
28915
28908
28865
28863
28826
28809
28743
28671
28642
28535
28510
28506
28496
28476
28452
28417
28389
28333
28301
28274
28248
28245
28168
28140
28115
28109
28092
28064
28007
27989
27961
27932
27874
27878
27859
27824
27821
27818
27817
27791
27769
27751
27740
27721
27687
27680
27650
27642
27621
27583
27511
27510
27497
27453
27397
27344
27336
27288
27273
27272
27268
27266
27234
27194
27178
27164
27159
27141
27119
27099
27042
27009
26991
26965
26932
26926
26890
26874
26835
26804
26788
26771
26743
26737
26711
26699
26624
26598
26585
26501
26422
26416
26391
26347
26343
26330
26317
26301
26289
26287
26240
26164
26155
26137
26066
26056
26049
26037
26036
26024
25971
25952
25933
25879
25868
25855
25854
25838
25834
25816
25812
25770
25750
25731
25730
25706
25662
25596
25582
25543
25522
25514
25474
25404
25400
25395
25378
25372
25350
25336
25313
25287
25191
25189
25178
25177
25147
25136
25125
25106
25101
25093
25055
25050
25042
24993
24943
24942
24918
24897
24849
24827
24801
24749
24745
24698
24685
24680
24668
24589
24548
24509
24475
24462
24427
24413
24391
24364
24359
24354
24344
24256
24238
24229
24227
24148
24122
24073
24072
24065
24050
24015
23938
23908
23900
23877
23874
23844
23786
23768
23744
23548
23543
23525
23524
23516
23501
23495
23418
23412
23402
23390
23388
23303
23292
23278
23211
23189
23166
23094
23093
23067
23066
23065
23060
23057
23028
23028
23014
23002
22990
22902
22890
22884
22835
22819
22696
22671
22626
22599
22597
22596
22595
22586
22548
22530
22517
22497
22497
22436
22429
22433
22421
22363
22355
22321
22294
22275
22240
22205
22193
22185
22187
22127
22125
22109
22101
22013
21986
21968
21942
21936
21917
21896
21892
21851
21784
21772
21769
21733
21708
21686
21680
21673
21644
21627
21615
21568
21529
21478
21461
21450
21443
21437
21390
21380
21366
21264
21259
21238
21221
21215
21207
21202
21196
21191
21191
21125
21115
21076
21063
21017
20969
20950
20904
20898
20949
20874
20867
20858
20819
20810
20800
20787
20756
20762
20690
20647
20646
20629
20613
20575
20548
20539
20539
20535
20500
20483
20476
20464
20460
20450
20422
20418
20376
20346
20309
20309
20306
20302
20278
20271
20267
20257
20238
20222
20214
20200
20200
20187
20185
20150
20128
20117
20102
20091
20090
20038
20027
20023
20006
20004
19992
19977
19969
19961
19954
19932
19927
19891
19884
19881
19873
19834
19826
19824
19818
19811
19790
19782
19778
19747
19710
19706
19686
19673
19650
19645
19639
19602
19587
19574
19548
19538
19526
19518
19503
19481
19476
19472
19471
19468
19461
19452
19482
19435
19395
19390
19378
19368
19353
19297
19290
19291
19288
19271
19259
19245
19238
19227
19178
19168
19167
19143
19139
19135
19126
19125
19092
19091
19064
19051
19041
19028
19021
19018
18997
18995
18990
18979
18928
18915
18905
18887
18887
18885
18863
18833
18811
18800
18798
18790
18770
18767
18766
18747
18742
18737
18706
18703
18703
18673
18659
18632
18627
18625
18613
18579
18578
18570
18551
18545
18542
18532
18523
18482
18432
18422
18410
18409
18408
18406
18383
18371
18373
18356
18346
18345
18322
18319
18309
18307
18295
18292
18288
18280
18404
18221
18209
18205
18174
18173
18170
18150
18146
18132
18131
18128
18058
18051
18026
18003
17998
17994
17981
17961
17951
17933
17932
17909
17900
17886
17842
17818
17798
17780
17775
17773
17771
17763
17729
17726
17683
17678
17670
17670
17661
17651
17648
17636
17630
17574
17569
17553
17547
17544
17521
17519
17516
17512
17500
17457
17453
17427
17424
17421
17418
17414
17403
17375
17367
17357
17342
17338
17338
17337
17319
17298
17294
17288
17261
17203
17158
17123
17117
17110
17107
17106
17087
17083
17063
17062
17056
17055
17007
17006
16986
16986
16985
16984
16910
16888
16877
16861
16847
16838
16831
16831
16828
16824
16794
16792
16774
16760
16752
16749
16746
16736
16713
16712
16709
16706
16654
16652
16624
16612
16604
16592
16590
16587
16564
16540
16538
16529
16501
16497
16496
16476
16466
16464
16456
16453
16452
16417
16398
16388
16385
16372
16353
16345
16341
16333
16333
16333
16336
16306
16297
16288
16279
16275
16256
16255
16253
16229
16227
16225
16217
16188
16170
16174
16158
16117
16112
16111
16106
16083
16073
16073
16068
16035
16026
15999
15985
15975
15975
15971
15969
15963
15945
15945
15935
15951
15929
15902
15894
15885
15870
15849
15845
15823
15797
15792
15787
15773
15767
15767
15752
15751
15740
15716
15712
15653
15652
15651
15641
15639
15618
15611
15607
15602
15597
15590
15586
15584
15580
15569
15569
15566
15563
15556
15544
15515
15508
15499
15478
15474
15473
15470
15470
15468
15442
15430
15392
15415
15414
15409
15392
15388
15387
15370
15362
15338
15329
15320
15291
15217
15211
15204
15193
15192
15190
15188
15165
15143
15120
15111
15107
15105
15097
15089
15085
15083
15080
15071
15066
15065
15057
15055
15035
15027
15024
15023
15009
15004
14990
14987
14963
14960
14958
14953
14948
14947
14946
14936
14920
14915
14914
14882
14863
14862
14854
14840
14834
14828
14782
14805
14804
14801
14795
14794
14791
14784
14774
14753
14742
14737
14732
14693
14686
14680
14673
14671
14668
14659
14656
14655
14632
14626
14605
14577
14557
14545
14528
14522
14517
14515
14510
14498
14497
14486
14485
14480
14469
14468
14466
14455
14444
14438
14437
14416
14411
14407
14399
14391
14377
14373
14370
14366
14363
14362
14362
14334
14326
14309
14302
14296
14293
14279
14267
14261
14233
14231
14208
14185
14181
14179
14173
14156
14149
14139
14139
14110
14093
14088
14076
14074
14057
14054
14043
14037
14014
14011
14009
13977
13975
13959
13958
13954
13938
13914
13900
13877
13877
13859
13854
13847
13846
13813
13835
13833
13831
13829
13828
13819
13807
13806
13805
13803
13793
13785
13783
13780
13764
13755
13744
13737
13732
13717
13715
13713
13709
13699
13688
13682
13677
13667
13659
13656
13656
13655
13653
13648
13640
13636
13631
13618
13614
13596
13585
13577
13572
13570
13556
13549
13546
13544
13539
13522
13506
13505
13498
13387
13476
13472
13472
13468
13454
13454
13448
13448
13447
13445
13438
13433
13428
13419
13412
13409
13398
13396
13391
13371
13365
13364
13363
13356
13356
13354
13348
13344
13343
13340
13327
13317
13316
13304
13300
13298
13292
13280
13271
13259
13244
13238
13238
13236
13235
13230
13211
13202
13187
13186
13175
13175
13167
13140
13125
13124
13122
13120
13118
13111
13103
13102
13097
13086
13082
13079
13069
13068
13053
13045
13044
13038
13017
13006
13005
13000
12977
12960
12940
12930
12925
12924
12922
12911
12888
12884
12883
12882
12874
12854
12850
12849
12849
12848
12837
12827
12826
12825
12801
12785
12772
12772
12760
12751
12748
12745
12750
12734
12732
12729
12699
12690
12684
12672
12671
12663
12655
12645
12643
12639
12617
12596
12593
12588
12583
12580
12571
12567
12567
12561
12553
12551
12538
12531
12521
12516
12498
12486
12470
12468
12458
12450
12446
12437
12437
12414
12408
12403
12388
12381
12375
12371
12369
12358
12353
12339
12337
12335
12332
12313
12312
12301
12301
12300
12299
12294
12289
12289
12285
12279
12273
12271
12256
12255
12247
12237
12222
12222
12220
12203
12190
12189
12187
12187
12186
12185
12184
12179
12171
12171
12165
12161
12144
12138
12135
12134
12133
12130
12127
12117
12104
12101
12101
12097
12092
12084
12078
12046
12045
12061
12020
12011
12006
11985
11975
11975
11965
11963
11960
11925
11918
11915
11901
11889
11883
11882
11880
11880
11877
11875
11875
11856
11854
11846
11846
11841
11832
11828
11827
11817
11807
11801
11795
11793
11751
11737
11735
11732
11732
11726
11724
11705
11692
11683
11680
11678
11676
11672
11670
11669
11649
11640
11634
11629
11628
11621
11620
11618
11617
11609
11607
11598
11575
11570
11567
11549
11539
11536
11535
11532
11525
11506
11501
11499
11499
11484
11482
11482
11478
11467
11464
11464
11464
11463
11457
11456
11456
11454
11449
11442
11441
11432
11416
11411
11409
11402
11397
11392
11392
11391
11390
11389
11388
11384
11381
11366
11349
11339
11333
11329
11328
11326
11308
11305
11304
11301
11283
11277
11276
11273
11271
11271
11271
11253
11252
11249
11242
11230
11221
11220
11220
11219
11213
11205
11197
11191
11179
11178
11173
11161
11153
11146
11141
11137
11131
11121
11121
11114
11113
11107
11103
11099
11093
11085
11073
11076
11056
11055
11048
11042
11041
11040
11037
11037
11027
11022
11021
11016
11015
11015
11009
11005
10998
10974
10966
10960
10959
10945
10943
10940
10938
10923
10917
10911
10901
10883
10874
10871
10870
10855
10853
10852
10851
10840
10833
10830
10825
10819
10816
10814
10813
10811
10802
10854
10786
10784
10780
10776
10771
10770
10759
10751
10750
10747
10740
10735
10731
10730
10729
10702
10700
10699
10699
10697
10689
10679
10678
10673
10670
10667
10663
10657
10654
10648
10648
10640
10639
10638
10638
10619
10619
10607
10606
10597
10578
10596
10589
10580
10574
10572
10570
10565
10562
10560
10559
10552
10549
10545
10535
10535
10534
10534
10529
10529
10524
10523
10515
10510
10483
10481
10480
10475
10475
10468
10465
10465
10452
10443
10437
10434
10433
10431
10427
10426
10419
10420
10412
10407
10405
10402
10393
10387
10381
10369
10363
10363
10362
10357
10355
10355
10355
10339
10338
10333
10332
10331
10327
10326
10323
10321
10308
10300
10299
10293
10288
10281
10271
10271
10270
10260
10258
10255
10253
10253
10252
10251
10247
10244
10243
10242
10240
10238
10238
10233
10224
10216
10208
10202
10186
10182
10179
10178
10168
10150
10132
10132
10127
10122
10118
10115
10104
10097
10095
10094
10092
10091
10092
10083
10082
10079
10064
10058
10056
10056
10052
10049
10048
10044
10044
10040
10039
10025
10025
10014
10014
10012
10009
10000
9997
9995
9990
9980
9972
9972
9966
9926
9918
9917
9917
9909
9909
9899
9899
9897
9893
9891
9891
9885
9884
9874
9873
9865
9857
9857
9855
9853
9848
9846
9840
9835
9829
9823
9821
9820
9820
9815
9809
9804
9803
9817
9799
9792
9792
9788
9785
9778
9776
9776
9772
9762
9761
9759
9758
9757
9751
9747
9747
9745
9744
9740
9734
9731
9727
9721
9719
9716
9715
9714
9697
9696
9696
9695
9694
9701
9682
9681
9675
9673
9668
9666
9665
9664
9659
9653
9649
9630
9614
9611
9609
9602
9594
9594
9590
9586
9581
9579
9578
9575
9575
9573
9566
9565
9556
9553
9553
9548
9546
9539
9531
9526
9524
9520
9517
9517
9516
9512
9511
9511
9510
9504
9492
9480
9478
9471
9470
9466
9465
9463
9462
9458
9455
9444
9440
9431
9425
9409
9407
9399
9398
9395
9394
9386
9385
9382
9380
9368
9363
9363
9362
9358
9357
9356
9353
9350
9349
9343
9340
9339
9335
9329
9325
9323
9317
9306
9301
9295
9291
9289
9287
9281
9267
9260
9257
9254
9249
9246
9246
9245
9243
9234
9233
9247
9220
9217
9212
9211
9205
9193
9191
9182
9176
9162
9160
9154
9150
9149
9137
9136
9135
9130
9123
9120
9118
9134
9117
9115
9114
9113
9111
9110
9105
9102
9085
9082
9093
9071
9071
9068
9060
9060
9054
9051
9048
9048
9044
9036
9032
9029
9025
9007
9001
8999
8992
8991
8984
8984
8982
8970
8970
8961
8951
8948
8943
8942
8966
8941
8940
8924
8923
8921
8921
8919
8918
8915
8915
8913
8910
8909
8905
8903
8897
8894
8892
8892
8885
8881
8876
8863
8858
8857
8853
8846
8845
8840
8840
8831
8829
8814
8813
8812
8810
8807
8802
8800
8797
8792
8791
8788
8780
8777
8775
8772
8764
8756
8751
8749
8747
8737
8736
8731
8727
8713
8710
8705
8697
8692
8689
8686
8682
8680
8677
8675
8668
8666
8662
8662
8653
8651
8646
8643
8640
8640
8639
8638
8631
8628
8627
8614
8609
8606
8605
8603
8597
8594
8591
8590
8589
8585
8584
8578
8577
8573
8562
8562
8559
8558
8558
8552
8541
8540
8540
8538
8538
8537
8532
8525
8516
8512
8512
8511
8511
8510
8509
8508
8504
8502
8498
8496
8495
8495
8484
8483
8475
8474
8468
8465
8464
8461
8459
8454
8452
8452
8435
8434
8431
8425
8411
8401
8399
8399
8393
8385
8385
8380
8377
8372
8370
8357
8357
8356
8356
8355
8351
8350
8336
8333
8333
8331
8329
8328
8324
8324
8316
8311
8310
8309
8309
8306
8305
8302
8294
8289
8284
8271
8266
8258
8258
8258
8254
8253
8253
8245
8244
8242
8237
8237
8235
8228
8226
8224
8213
8213
8211
8210
8208
8203
8201
8198
8204
8192
8192
8189
8189
8182
8173
8173
8170
8164
8160
8160
8158
8153
8151
8143
8139
8131
8130
8129
8129
8128
8126
8125
8121
8119
8117
8115
8107
8104
8103
8102
8101
8081
8079
8071
8070
8068
8058
8057
8055
8052
8051
8048
8047
8040
8031
8031
8026
8023
8016
8014
8003
8002
8002
7999
7997
7994
7993
7985
7981
7981
7981
7976
7972
7961
7956
7951
7949
7945
7944
7943
7932
7925
7923
7920
7914
7910
7909
7908
7907
7904
7789
7896
7895
7894
7893
7891
7887
7885
7869
7868
7866
7864
7857
7855
7849
7849
7845
7841
7835
7833
7832
7828
7828
7821
7819
7818
7818
7817
7806
7801
7800
7791
7789
7786
7779
7777
7769
7764
7754
7752
7750
7750
7749
7747
7746
7743
7743
7741
7736
7733
7727
7722
7776
7721
7712
7712
7711
7710
7706
7704
7689
7691
7680
7677
7676
7674
7673
7664
7663
7651
7651
7647
7645
7643
7640
7639
7630
7626
7621
7605
7598
7589
7589
7582
7582
7577
7577
7575
7574
7569
7569
7564
7563
7563
7561
7557
7549
7548
7544
7537
7534
7533
7529
7526
7520
7519
7519
7518
7517
7516
7516
7514
7507
7500
7496
7492
7492
7492
7492
7489
7486
7483
7482
7480
7477
7470
7468
7461
7461
7459
7459
7457
7456
7450
7449
7442
7437
7434
7430
7422
7421
7415
7415
7415
7413
7412
7411
7398
7398
7398
7397
7396
7389
7388
7388
7383
7382
7380
7371
7370
7370
7368
7364
7357
7356
7352
7338
7338
7336
7333
7330
7329
7329
7327
7327
7319
7318
7314
7314
7314
7310
7308
7306
7303
7299
7298
7298
7297
7295
7288
7281
7280
7279
7278
7276
7273
7266
7265
7261
7261
7257
7255
7255
7253
7251
7240
7232
7228
7227
7225
7218
7206
7203
7201
7200
7199
7198
7194
7193
7185
7182
7182
7173
7171
7170
7166
7166
7165
7162
7155
7155
7154
7152
7148
7146
7143
7125
7124
7117
7109
7105
7103
7098
7106
7096
7089
7087
7087
7084
7083
7080
7079
7073
7073
7070
7069
7069
7069
7060
7059
7058
7058
7056
7055
7052
7049
7047
7045
7045
7041
7035
7032
7031
7028
7026
7024
7021
7017
7015
7013
7010
7009
7001
7000
6999
6998
6997
6994
6993
6992
6990
6990
6989
6983
6979
6978
6977
6977
6976
6974
6971
6968
6968
6967
6965
6959
6959
6951
6946
6934
6934
6933
6928
6928
6919
6905
6901
6899
6898
6898
6897
6890
6890
6889
6885
6881
6880
6879
6875
6873
6873
6872
6869
6866
6858
6856
6856
6853
6851
6851
6850
6841
6838
6837
6836
6833
6829
6824
6820
6814
6814
6806
6805
6802
6800
6798
6797
6795
6792
6789
6788
6781
6770
6770
6765
6759
6754
6748
6747
6745
6740
6736
6734
6731
6729
6727
6726
6725
6725
6722
6718
6718
6712
6711
6710
6709
6708
6708
6707
6701
6701
6689
6689
6686
6683
6683
6681
6678
6677
6676
6675
6675
6675
6674
6667
6667
6666
6663
6661
6657
6654
6654
6661
6651
6651
6643
6639
6633
6631
6629
6626
6621
6617
6616
6616
6615
6610
6610
6609
6605
6600
6596
6594
6616
6593
6592
6590
6586
6586
6585
6583
6582
6581
6579
6574
6571
6571
6571
6568
6568
6561
6555
6552
6551
6551
6548
6548
6540
6540
6540
6540
6535
6531
6531
6530
6528
6527
6527
6526
6519
6519
6511
6509
6506
6504
6500
6500
6497
6495
6490
6489
6481
6481
6481
6480
6478
6476
6474
6469
6467
6466
6461
6459
6457
6457
6454
6450
6448
6448
6442
6441
6439
6436
6433
6432
6429
6428
6425
6424
6421
6421
6420
6416
6414
6414
6414
6405
6405
6404
6403
6401
6400
6399
6399
6398
6396
6395
6388
6384
6383
6410
6381
6378
6377
6369
6367
6366
6364
6358
6354
6351
6351
6351
6346
6345
6337
6337
6335
6335
6332
6331
6329
6323
6320
6319
6318
6317
6316
6314
6314
6314
6304
6302
6302
6299
6293
6289
6283
6281
6276
6268
6254
6253
6253
6250
6249
6245
6241
6240
6235
6234
6233
6233
6229
6228
6228
6227
6225
6225
6225
6223
6219
6219
6217
6215
6213
6211
6210
6209
6209
6209
6208
6208
6203
6204
6195
6192
6192
6192
6191
6191
6189
6189
6186
6184
6183
6182
6176
6174
6174
6173
6171
6171
6166
6163
6163
6162
6160
6145
6145
6145
6141
6139
6138
6137
6134
6133
6132
6131
6129
6128
6125
6115
6112
6110
6109
6107
6107
6106
6105
6102
6101
6099
6099
6095
6093
6093
6091
6087
6087
6087
6086
6084
6083
6082
6080
6079
6075
6073
6063
6063
6063
6061
6059
6056
6053
6052
6052
6051
6051
6049
6040
6037
6036
6031
6030
6028
6027
6026
6025
6024
6023
6018
6013
6010
6009
6004
6003
6003
6002
6000
5996
5995
5992
5987
5986
5985
5983
5978
5978
5978
5962
5962
5960
5960
5952
5952
5952
5950
5948
5946
5938
5932
5932
5821
5930
5930
5929
5928
5926
5925
5924
5923
5922
5919
5919
5916
5909
5906
5904
5904
5903
5902
5898
5897
5897
5897
5896
5896
5895
5885
5883
5880
5877
5874
5874
5874
5873
5871
5871
5871
5870
5867
5863
5861
5860
5860
5860
5857
5857
5854
5853
5848
5848
5844
5844
5844
5843
5841
5838
5837
5835
5835
5832
5830
5830
5826
5820
5817
5814
5813
5812
5806
5798
5796
5796
5792
5792
5791
5790
5789
5789
5788
5787
5786
5786
5781
5778
5775
5775
5774
5788
5773
5763
5758
5753
5750
5748
5748
5746
5744
5740
5739
5739
5739
5738
5738
5735
5732
5729
5726
5724
5723
5715
5713
5712
5709
5706
5706
5704
5702
5701
5701
5700
5699
5696
5696
5690
5690
5688
5688
5685
5683
5679
5674
5672
5669
5669
5669
5668
5663
5662
5659
5657
5657
5654
5668
5649
5648
5653
5643
5643
5642
5641
5641
5639
5638
5638
5636
5633
5631
5626
5626
5625
5625
5623
5621
5620
5616
5613
5611
5611
5610
5610
5609
5611
5608
5606
5606
5603
5602
5602
5600
5596
5596
5595
5592
5591
5585
5585
5585
5582
5579
5579
5578
5576
5575
5573
5573
5568
5561
5558
5555
5553
5552
5548
5548
5545
5543
5536
5534
5532
5532
5530
5520
5520
5519
5517
5513
5513
5511
5508
5508
5505
5505
5506
5504
5502
5501
5499
5498
5498
5498
5498
5495
5492
5491
5490
5489
5487
5486
5486
5484
5484
5483
5480
5480
5479
5478
5478
5477
5477
5476
5475
5474
5473
5471
5470
5467
5467
5463
5459
5458
5456
5455
5455
5454
5454
5450
5449
5449
5448
5448
5446
5445
5444
5443
5443
5441
5441
5439
5439
5438
5438
5438
5436
5435
5435
5434
5432
5431
5426
5425
5425
5423
5423
5422
5421
5420
5419
5416
5416
5414
5414
5414
5413
5413
5412
5405
5401
5400
5400
5400
5397
5396
5395
5394
5393
5389
5389
5388
5387
5386
5386
5383
5381
5381
5380
5376
5371
5370
5370
5366
5362
5362
5361
5359
5359
5356
5354
5354
5353
5350
5350
5349
5346
5344
5338
5338
5333
5333
5333
5333
5332
5331
5328
5327
5325
5322
5321
5319
5318
5316
5316
5311
5310
5308
5308
5307
5306
5304
5302
5298
5297
5296
5295
5294
5294
5293
5290
5290
5288
5290
5286
5285
5284
5284
5274
5272
5271
5270
5268
5265
5264
5263
5259
5260
5256
5256
5256
5254
5253
5253
5253
5252
5250
5249
5249
5248
5248
5248
5247
5246
5241
5240
5238
5237
5127
5235
5232
5229
5226
5224
5223
5221
5220
5220
5196
5217
5216
5215
5215
5214
5214
5213
5212
5211
5210
5209
5208
5208
5205
5204
5203
5202
5199
5197
5195
5194
5193
5192
5189
5189
5188
5188
5187
5187
5187
5182
5182
5181
5180
5179
5178
5175
5172
5171
5170
5170
5169
5167
5167
5164
5163
5160
5159
5159
5157
5157
5155
5155
5154
5151
5149
5148
5147
5146
5144
5143
5143
5141
5139
5138
5138
5137
5136
5136
5135
5135
5134
5132
5132
5130
5129
5128
5128
5127
5126
5124
5123
5122
5122
5121
5121
5121
5120
5120
5115
5115
5113
5112
5107
5105
5103
5103
5102
5102
5101
5100
5099
5099
5098
5098
5094
5094
5092
5091
5091
5091
5091
5091
5089
5086
5085
5084
5084
5081
5080
5076
5074
5073
5072
5071
5071
5066
5064
5059
5057
5057
5057
5056
5054
5050
5050
5049
5049
5048
5048
5046
5043
5042
5041
5038
5037
5032
5031
5031
5028
5027
5027
5026
5026
5024
5024
5023
5022
5020
5017
5015
5011
5010
5010
5007
5005
5002
5001
5001
5000
4999
4999
4997
4994
4989
4989
4987
4986
4984
4983
4983
4982
4978
4977
4976
4976
4976
4975
4974
4973
4972
4971
4968
4968
4967
4967
4965
4963
4948
4947
4947
4943
4942
4941
4938
4934
4933
4932
4932
4931
4931
4929
4928
4927
4927
4924
4922
4921
4920
4920
4918
4916
4916
4916
4916
4915
4914
4914
4912
4911
4911
4910
4908
4907
4902
4897
4897
4897
4897
4895
4895
4894
4891
4890
4890
4889
4888
4886
4886
4885
4883
4879
4877
4876
4869
4868
4866
4865
4865
4865
4865
4863
4862
4861
4861
4860
4858
4858
4857
4857
4856
4855
4851
4850
4849
4849
4848
4848
4848
4848
4847
4847
4847
4847
4847
4846
4844
4840
4837
4836
4836
4835
4833
4832
4830
4829
4828
4826
4826
4825
4823
4822
4822
4821
4820
4820
4820
4819
4819
4818
4817
4816
4811
4811
4810
4810
4808
4807
4807
4805
4805
4803
4802
4802
4800
4800
4798
4798
4797
4797
4797
4796
4793
4792
4792
4789
4789
4788
4788
4787
4786
4786
4785
4783
4783
4783
4783
4781
4781
4779
4779
4777
4776
4777
4771
4770
4769
4768
4767
4766
4765
4765
4764
4759
4758
4755
4755
4753
4753
4751
4750
4750
4749
4748
4747
4746
4744
4743
4743
4742
4742
4741
4741
4740
4739
4738
4737
4734
4732
4730
4728
4727
4725
4724
4723
4721
4721
4719
4718
4718
4716
4713
4713
4712
4711
4710
4707
4706
4705
4704
4699
4695
4693
4690
4687
4685
4683
4683
4682
4682
4682
4679
4679
4679
4679
4677
4677
4677
4675
4674
4673
4670
4668
4665
4665
4665
4661
4659
4658
4657
4657
4656
4656
4656
4651
4650
4647
4646
4643
4642
4642
4642
4641
4640
4640
4638
4637
4637
4636
4635
4634
4631
4629
4626
4626
4626
4625
4620
4619
4619
4618
4617
4612
4609
4609
4609
4608
4608
4608
4607
4607
4606
4606
4606
4600
4599
4598
4597
4594
4591
4591
4591
4584
4581
4579
4578
4595
4577
4575
4575
4574
4572
4570
4570
4569
4569
4568
4567
4567
4561
4560
4559
4558
4555
4553
4551
4549
4548
4547
4546
4544
4537
4537
4535
4534
4534
4533
4533
4532
4532
4530
4529
4527
4527
4526
4526
4524
4523
4522
4518
4517
4515
4515
4512
4512
4510
4509
4508
4507
4506
4506
4505
4503
4501
4500
4500
4500
4499
4496
4496
4494
4493
4493
4499
4492
4490
4490
4489
4488
4487
4487
4486
4486
4484
4484
4479
4478
4478
4477
4477
4477
4477
4476
4476
4479
4473
4472
4472
4471
4471
4471
4470
4466
4465
4464
4462
4461
4461
4461
4460
4459
4458
4458
4457
4456
4456
4455
4454
4451
4450
4452
4449
4449
4448
4446
4445
4444
4443
4443
4442
4442
4440
4439
4439
4438
4436
4436
4435
4435
4435
4434
4433
4431
4430
4430
4429
4425
4425
4422
4422
4420
4420
4419
4419
4418
4417
4415
4413
4413
4411
4411
4409
4409
4408
4408
4408
4407
4407
4407
4407
4403
4403
4403
4403
4401
4401
4401
4398
4398
4397
4400
4397
4394
4393
4392
4392
4391
4389
4398
4387
4385
4380
4380
4376
4376
4375
4375
4373
4373
4373
4372
4372
4370
4370
4370
4369
4369
4368
4366
4366
4364
4364
4363
4362
4361
4360
4358
4356
4356
4354
4354
4351
4350
4348
4369
4348
4348
4348
4347
4346
4345
4345
4345
4345
4350
4344
4343
4343
4343
4343
4342
4341
4338
4337
4337
4336
4335
4334
4334
4333
4332
4332
4331
4330
4327
4327
4325
4323
4323
4322
4319
4317
4312
4311
4311
4309
4304
4303
4302
4302
4300
4299
4299
4298
4296
4295
4295
4294
4294
4292
4291
4290
4290
4289
4288
4286
4284
4284
4276
4275
4275
4274
4272
4269
4266
4265
4263
4262
4262
4258
4258
4256
4255
4255
4253
4253
4252
4248
4246
4246
4246
4246
4246
4244
4244
4242
4241
4240
4240
4240
4239
4266
4238
4237
4237
4235
4234
4234
4232
4232
4231
4228
4228
4228
4224
4223
4222
4219
4218
4216
4215
4214
4214
4213
4209
4208
4208
4208
4208
4207
4207
4206
4202
4199
4197
4195
4191
4190
4190
4189
4188
4188
4185
4185
4182
4181
4181
4181
4180
4178
4174
4173
4172
4170
4168
4167
4166
4164
4164
4164
4163
4163
4161
4161
4158
4154
4154
4152
4152
4152
4150
4150
4149
4167
4148
4146
4145
4144
4144
4144
4140
4140
4139
4136
4136
4135
4135
4135
4135
4134
4132
4131
4131
4131
4131
4129
4129
4128
4127
4127
4126
4125
4124
4123
4123
4122
4122
4121
4120
4120
4119
4118
4114
4112
4111
4111
4110
4108
4106
4105
4104
4102
4102
4102
4099
4099
4098
4098
4098
4097
4097
4096
4096
4095
4095
4094
4094
4093
4093
4092
4090
4089
4105
4088
4085
4084
4084
4083
4082
4082
4080
4079
4079
4076
4075
4074
4072
4071
4071
4071
4070
4068
4068
4066
4065
4065
4065
4063
4062
4061
4061
4060
4059
4059
4058
4057
4057
4056
4055
4055
4054
4053
4052
4051
4051
4050
4049
4048
4048
4047
4046
4044
4044
4043
4043
4042
4042
4041
4041
4039
4039
4039
4037
4037
4035
4034
4034
4032
4032
4031
4031
4031
4030
4029
4028
4028
4027
4027
4027
4026
4025
4025
4025
4025
4025
4024
4024
4024
4023
4020
4020
4018
4018
4017
4017
4017
4015
4014
4014
4013
4010
4007
4006
4006
4005
4004
4003
4003
4002
4002
4002
4001
3999
3998
3997
3996
3995
3995
3994
3994
3993
3993
3993
3992
3991
3990
3990
3988
3987
3987
3986
3986
3986
3985
3982
3981
3981
3979
3979
3979
3979
3979
3978
3977
3977
3975
3975
3974
3973
3972
3972
3972
3971
3971
3971
3970
3969
3969
3968
3967
3966
3966
3964
3965
3960
3960
3959
3959
3958
3958
3957
3956
3954
3952
3950
3950
3950
3950
3949
3949
3948
3948
3946
3946
3946
3946
3946
3945
3944
3944
3944
3941
3939
3938
3937
3937
3937
3937
3936
3936
3936
3934
3933
3932
3930
3930
3930
3930
3929
3929
3928
3927
3926
3925
3924
3944
3922
3922
3921
3919
3919
3919
3918
3918
3918
3918
3918
3917
3917
3913
3912
3912
3910
3909
3909
3906
3904
3903
3903
3902
3902
3902
3901
3900
3900
3900
3899
3897
3895
3890
3889
3889
3889
3888
3886
3885
3884
3883
3883
3883
3882
3882
3882
3881
3880
3879
3878
3876
3876
3875
3873
3873
3873
3868
3867
3866
3865
3863
3863
3871
3861
3861
3860
3860
3860
3859
3859
3858
3857
3856
3855
3855
3855
3853
3853
3852
3852
3851
3851
3850
3846
3842
3842
3840
3839
3839
3838
3838
3838
3837
3836
3836
3835
3835
3834
3833
3833
3832
3832
3831
3831
3829
3828
3828
3827
3826
3825
3824
3823
3822
3822
3821
3819
3819
3819
3819
3819
3819
3819
3817
3816
3816
3813
3813
3813
3812
3810
3810
3810
3810
3809
3808
3808
3808
3806
3806
3806
3805
3805
3803
3801
3801
3801
3801
3799
3798
3797
3797
3797
3796
3796
3795
3794
3794
3791
3790
3790
3789
3786
3785
3785
3785
3783
3783
3783
3783
3782
3781
3780
3780
3779
3778
3778
3778
3777
3776
3775
3775
3773
3772
3771
3770
3768
3766
3765
3764
3763
3763
3760
3758
3758
3757
3757
3756
3755
3755
3755
3753
3752
3752
3751
3750
3750
3750
3749
3749
3747
3746
3745
3744
3743
3742
3742
3741
3741
3741
3741
3740
3739
3739
3739
3737
3737
3737
3734
3733
3732
3731
3730
3730
3729
3728
3726
3724
3724
3723
3722
3722
3720
3720
3717
3714
3714
3713
3712
3711
3710
3710
3708
3707
3706
3706
3706
3705
3705
3705
3703
3701
3699
3697
3696
3696
3695
3694
3693
3693
3692
3690
3689
3688
3687
3684
3683
3683
3685
3682
3681
3680
3680
3679
3677
3674
3673
3673
3673
3673
3673
3672
3672
3671
3669
3669
3690
3668
3666
3666
3666
3665
3664
3663
3663
3662
3662
3662
3660
3659
3659
3657
3656
3656
3656
3654
3654
3653
3648
3644
3644
3642
3640
3640
3639
3639
3639
3639
3637
3637
3636
3635
3639
3634
3634
3634
3634
3631
3629
3628
3627
3627
3627
3626
3626
3625
3625
3624
3624
3624
3623
3623
3622
3621
3621
3620
3618
3617
3616
3616
3613
3612
3612
3611
3611
3611
3610
3609
3609
3609
3608
3608
3607
3606
3605
3605
3605
3605
3604
3619
3604
3603
3602
3602
3602
3601
3600
3600
3600
3599
3598
3598
3597
3597
3597
3597
3596
3595
3595
3675
3591
3591
3590
3595
3588
3588
3588
3586
3586
3586
3585
3584
3584
3582
3580
3577
3575
3574
3573
3572
3570
3569
3569
3569
3568
3567
3566
3565
3565
3564
3564
3564
3560
3559
3559
3558
3558
3558
3558
3557
3557
3556
3555
3554
3554
3554
3553
3552
3552
3552
3552
3552
3551
3551
3549
3549
3547
3546
3545
3545
3544
3544
3544
3544
3543
3541
3541
3540
3539
3539
3538
3538
3537
3537
3536
3536
3535
3535
3534
3534
3532
3531
3529
3529
3533
3529
3528
3527
3526
3526
3525
3524
3524
3523
3523
3522
3521
3521
3520
3519
3519
3518
3516
3515
3515
3515
3514
3514
3514
3513
3513
3510
3510
3509
3509
3508
3508
3506
3506
3505
3504
3504
3504
3503
3502
3501
3500
3498
3498
3498
3497
3496
3496
3495
3495
3494
3494
3493
3493
3489
3490
3489
3488
3488
3486
3486
3485
3485
3485
3483
3482
3482
3481
3480
3478
3476
3476
3474
3473
3472
3471
3469
3468
3466
3466
3477
3465
3465
3463
3461
3461
3461
3456
3456
3456
3456
3455
3454
3454
3454
3454
3454
3453
3453
3453
3453
3453
3452
3450
3446
3445
3445
3443
3442
3441
3440
3439
3439
3439
3439
3438
3436
3435
3435
3435
3435
3435
3434
3434
3433
3433
3432
3432
3431
3430
3429
3429
3428
3428
3427
3426
3424
3422
3422
3421
3421
3421
3421
3420
3419
3418
3418
3418
3417
3416
3415
3415
3414
3414
3413
3413
3413
3412
3412
3412
3411
3411
3410
3409
3408
3408
3408
3408
3406
3408
3406
3402
3402
3401
3399
3398
3397
3395
3395
3386
3394
3394
3393
3392
3392
3391
3394
3391
3391
3391
3390
3390
3390
3388
3388
3388
3388
3387
3387
3386
3386
3383
3383
3380
3380
3380
3379
3378
3378
3378
3377
3376
3375
3375
3375
3374
3374
3373
3373
3372
3372
3372
3371
3371
3370
3370
3369
3368
3368
3367
3367
3366
3366
3365
3365
3364
3363
3361
3360
3360
3360
3360
3360
3359
3359
3358
3354
3353
3352
3352
3351
3351
3350
3350
3349
3348
3347
3347
3347
3346
3346
3346
3346
3345
3345
3345
3344
3343
3343
3342
3342
3342
3341
3341
3340
3340
3340
3339
3339
3338
3337
3337
3337
3337
3333
3333
3332
3332
3332
3331
3331
3330
3330
3330
3329
3327
3326
3325
3325
3325
3324
3323
3323
3323
3321
3321
3321
3319
3319
3319
3318
3318
3316
3316
3315
3314
3314
3314
3314
3313
3313
3313
3312
3312
3311
3310
3308
3308
3307
3307
3307
3306
3306
3306
3306
3305
3304
3304
3302
3301
3301
3300
3299
3298
3298
3297
3296
3295
3295
3294
3294
3292
3292
3291
3290
3290
3289
3289
3287
3287
3285
3284
3283
3282
3282
3282
3281
3280
3280
3279
3279
3278
3277
3277
3277
3276
3276
3274
3274
3273
3272
3270
3270
3270
3270
3270
3270
3269
3268
3268
3267
3266
3266
3265
3265
3264
3264
3263
3263
3262
3262
3259
3258
3258
3257
3257
3256
3256
3255
3255
3255
3255
3255
3254
3254
3253
3253
3252
3252
3252
3252
3251
3251
3250
3250
3249
3249
3248
3247
3245
3243
3243
3243
3243
3242
3240
3240
3240
3240
3239
3238
3237
3237
3235
3235
3235
3233
3233
3233
3232
3251
3230
3229
3228
3227
3227
3227
3226
3226
3225
3225
3224
3224
3224
3222
3221
3221
3220
3220
3218
3218
3218
3216
3216
3215
3214
3214
3214
3214
3214
3214
3213
3212
3212
3211
3210
3210
3210
3209
3208
3207
3207
3206
3205
3203
3202
3202
3201
3201
3201
3200
3200
3199
3198
3197
3197
3197
3197
3196
3196
3195
3194
3194
3194
3194
3192
3192
3191
3191
3190
3190
3189
3188
3188
3188
3188
3188
3187
3187
3187
3185
3185
3185
3185
3184
3184
3184
3183
3183
3184
3181
3181
3180
3180
3179
3179
3178
3178
3177
3176
3176
3174
3174
3173
3173
3173
3172
3172
3172
3171
3171
3171
3171
3170
3170
3169
3168
3168
3167
3166
3166
3166
3165
3164
3164
3164
3163
3163
3163
3161
3161
3160
3159
3158
3158
3157
3156
3156
3156
3156
3155
3158
3153
3153
3152
3152
3152
3152
3151
3151
3150
3149
3148
3147
3146
3146
3146
3145
3145
3144
3144
3144
3143
3141
3140
3139
3139
3139
3138
3138
3138
3137
3137
3137
3136
3136
3135
3135
3134
3133
3133
3132
3132
3131
3130
3130
3130
3130
3130
3130
3130
3130
3130
3127
3127
3126
3125
3124
3123
3123
3123
3122
3121
3120
3120
3119
3118
3118
3118
3117
3117
3117
3117
3116
3116
3115
3112
3112
3112
3111
3111
3110
3110
3110
3110
3110
3110
3110
3109
3109
3109
3107
3105
3105
3103
3102
3102
3101
3101
3100
3099
3098
3097
3097
3095
3092
3092
3091
3091
3091
3090
3090
3089
3089
3087
3087
3086
3085
3103
3084
3084
3084
3084
3083
3082
3081
3081
3081
3083
3080
3079
3078
3078
3078
3078
3077
3076
3075
3074
3073
3073
3072
3071
3071
3071
3071
3071
3070
3070
3069
3068
3068
3067
3067
3066
3064
3064
3064
3063
3063
3062
3061
3061
3061
3060
3060
3060
3058
3058
3058
3057
3057
3056
3055
3054
3053
3052
3052
3052
3051
3051
3051
3050
3049
3049
3047
3047
3046
3045
3045
3045
3044
3044
3043
3043
3043
3043
3042
3041
3041
3038
3038
3036
3035
3035
3001
3033
3032
3032
3031
3030
3030
3029
3028
3028
3027
3026
3025
3025
3024
3024
3024
3023
3023
3022
3022
3021
3021
3021
3020
3020
3019
3019
3018
3018
3018
3018
3017
3017
3017
3016
3016
3016
3015
3014
3013
3012
3011
3010
3010
3009
3008
3008
3008
3008
3007
3007
3005
3005
3005
3004
3004
3002
3002
3001
3001
3001
3001
3000
3000
3000
3000
