789646
631454
367687
305423
286672
238038
237717
215698
215291
211537
210690
205999
198227
190365
186791
183004
179706
165836
162765
151695
140887
139418
132695
132322
132234
130207
127738
127618
126477
124507
123323
112269
111443
111322
111075
110922
110406
108077
106789
104442
104309
103411
99458
98207
97335
97260
97131
96824
94548
94339
93683
91458
91252
89531
89119
89020
88517
88088
87981
86833
85965
85561
82965
82051
81865
80666
79989
79751
79690
79082
78058
77169
77137
77046
75756
74239
73887
73616
73387
73161
72588
72000
71768
71229
70915
68598
67795
67375
66965
65913
65131
63128
62465
62326
61443
60879
60513
60242
60140
60104
60050
59331
59043
58543
58238
58039
57726
57297
56990
56765
56477
55464
55234
55060
54431
54041
53777
53613
52659
52628
51977
51473
51171
50969
50928
50752
50646
50510
50473
50055
49888
49880
49817
49157
48885
48391
48287
48028
47977
47827
47812
47723
47676
47383
47146
47119
47034
46776
46591
46360
46315
46179
46126
46026
45974
45746
45705
45442
45271
45205
45121
44917
44626
44310
44206
44167
43911
43629
43238
43202
43176
43019
42878
41982
41854
41415
41321
41217
41065
40983
40892
40862
40746
40563
40236
40208
40088
40067
40060
40016
39547
39539
39475
39257
39217
39172
38929
38487
38463
38391
38172
38096
37473
37306
36744
36514
36512
36499
36460
36437
36385
36188
36035
36034
35920
35906
35718
35517
35247
35024
35017
34854
34805
34687
34653
34622
34620
34595
34198
34172
34054
34044
34024
33993
33975
33936
33844
33724
33635
33600
33577
33467
33377
33233
33228
33188
33148
33038
33028
33026
33000
32920
32871
32792
32322
32320
32250
32095
32057
32035
31910
31898
31836
31770
31739
31629
31525
31523
31448
31421
31384
31314
31310
31277
31115
30831
30714
30596
30504
30438
30387
30337
30166
30120
30095
30030
30006
29990
29989
29976
29871
29813
29775
29628
29481
29107
29079
28996
28987
28892
28769
28687
28626
28616
28410
28298
28255
28253
28154
28044
27969
27946
27872
27865
27845
27658
27468
27268
27049
26953
26939
26916
26858
26843
26677
26665
26639
26630
26624
26578
26543
26516
26423
26270
26068
26039
26035
26034
26017
26005
25954
25947
25893
25871
25863
25737
25718
25644
25641
25583
25561
25498
25442
25438
25385
25341
25302
25293
25281
25241
25148
25021
24870
24759
24748
24659
24650
24643
24612
24594
24577
24548
24518
24517
24467
24420
24411
24380
24308
24294
24188
24096
24042
24003
23961
23946
23934
23918
23903
23854
23837
23799
23791
23691
23657
23642
23533
23521
23519
23301
23292
23267
23260
23245
23219
23206
23204
23199
23132
23131
23107
22986
22933
22895
22875
22849
22820
22779
22773
22666
22639
22633
22601
22574
22572
22565
22492
22269
22260
22177
22164
22161
22159
22154
22139
22034
22011
21999
21931
21886
21728
21669
21657
21539
21423
21339
21315
21280
21219
21180
21160
21144
21024
20948
20945
20919
20829
20829
20818
20798
20791
20768
20758
20757
20745
20743
20702
20694
20671
20650
20644
20601
20517
20444
20443
20440
20420
20419
20391
20382
20364
20322
20320
20259
20137
20114
20089
20070
20031
19979
19928
19924
19924
19923
19913
19903
19875
19861
19830
19827
19808
19792
19698
19691
19660
19654
19604
19544
19495
19382
19363
19352
19341
19329
19322
19308
19301
19293
19282
19255
19253
19214
19202
19195
19159
19155
19144
19035
18974
18918
18850
18811
18774
18754
18747
18742
18680
18615
18579
18572
18533
18532
18531
18477
18420
18407
18400
18383
18331
18288
18265
18253
18231
18224
18192
18185
18179
18133
18107
18102
18089
18044
18040
18038
18023
17975
17968
17910
17893
17872
17845
17792
17764
17724
17709
17705
17700
17691
17675
17675
17638
17582
17555
17553
17550
17541
17490
17483
17478
17470
17427
17301
17286
17277
17158
17146
17129
17120
17118
17071
17041
17033
16982
16959
16958
16947
16933
16922
16891
16858
16856
16852
16826
16823
16821
16815
16806
16804
16796
16767
16753
16710
16640
16621
16620
16608
16596
16569
16560
16526
16494
16478
16438
16434
16429
16428
16422
16393
16381
16368
16281
16274
16230
16224
16217
16210
16189
16189
16119
16110
16079
16015
16014
15983
15961
15940
15891
15882
15869
15853
15839
15815
15810
15809
15805
15788
15752
15747
15730
15729
15728
15702
15603
15496
15493
15487
15464
15430
15407
15405
15404
15399
15395
15355
15344
15336
15303
15275
15248
15243
15214
15207
15183
15152
15133
15126
15064
15019
14997
14979
14970
14950
14948
14939
14926
14922
14899
14892
14864
14861
14828
14811
14791
14791
14789
14781
14777
14747
14732
14716
14691
14684
14661
14644
14637
14602
14601
14586
14579
14570
14538
14532
14530
14511
14503
14490
14470
14461
14443
14427
14425
14414
14406
14405
14396
14396
14387
14337
14331
14320
14308
14248
14203
14202
14199
14198
14186
14182
14147
14143
14126
14091
14071
14063
14050
14031
14022
14001
13990
13981
13975
13954
13944
13942
13926
13921
13905
13880
13841
13838
13817
13803
13777
13772
13766
13760
13733
13727
13715
13701
13700
13684
13647
13635
13627
13607
13604
13603
13600
13550
13537
13529
13503
13442
13436
13356
13351
13324
13318
13307
13303
13301
13300
13293
13261
13250
13216
13189
13185
13143
13124
13121
13121
13102
13087
13083
13077
13067
13059
13052
13041
13040
13033
13028
13025
13016
12993
12986
12985
12954
12954
12928
12924
12910
12907
12892
12892
12883
12844
12843
12815
12791
12787
12778
12768
12761
12756
12751
12745
12733
12724
12723
12705
12701
12697
12689
12655
12650
12646
12634
12625
12606
12591
12547
12544
12543
12517
12482
12471
12468
12447
12443
12434
12407
12393
12375
12356
12348
12342
12331
12327
12314
12314
12314
12300
12294
12282
12272
12267
12256
12255
12247
12241
12237
12222
12219
12210
12206
12200
12185
12178
12126
12102
12101
12081
12060
12059
12045
12009
11996
11983
11976
11974
11974
11946
11945
11940
11895
11892
11882
11877
11872
11847
11822
11808
11765
11760
11752
11742
11737
11730
11694
11690
11676
11674
11674
11666
11645
11640
11631
11631
11627
11612
11610
11601
11584
11571
11568
11562
11532
11528
11518
11503
11497
11484
11482
11464
11457
11448
11439
11437
11432
11427
11421
11418
11389
11388
11387
11376
11360
11336
11326
11324
11304
11299
11277
11252
11249
11241
11235
11234
11216
11210
11209
11201
11199
11197
11192
11190
11170
11165
11142
11087
11085
11075
11059
11046
11042
11027
11021
11019
11007
11005
10992
10975
10969
10966
10960
10940
10911
10909
10907
10905
10894
10893
10888
10875
10875
10873
10863
10857
10844
10841
10840
10836
10835
10833
10821
10792
10792
10777
10773
10769
10767
10763
10757
10741
10732
10723
10717
10717
10691
10666
10664
10663
10639
10617
10615
10610
10600
10588
10575
10567
10545
10544
10516
10516
10514
10509
10509
10503
10495
10494
10476
10472
10464
10463
10457
10442
10418
10394
10391
10385
10379
10349
10344
10323
10320
10305
10302
10294
10292
10290
10277
10268
10261
10233
10228
10221
10214
10207
10206
10204
10190
10189
10188
10180
10175
10173
10158
10148
10141
10132
10121
10117
10107
10103
10093
10085
10083
10077
10075
10070
10065
10064
10063
10043
10038
10028
10024
9999
9998
9996
9995
9989
9984
9983
9975
9972
9964
9962
9956
9938
9934
9933
9923
9909
9887
9883
9874
9872
9871
9870
9852
9844
9827
9820
9820
9817
9816
9804
9801
9792
9783
9774
9754
9742
9717
9704
9701
9681
9679
9673
9665
9658
9655
9653
9645
9644
9633
9631
9626
9620
9617
9617
9616
9604
9598
9593
9585
9580
9579
9573
9571
9571
9570
9562
9561
9558
9556
9551
9543
9526
9524
9518
9513
9477
9472
9470
9467
9460
9458
9457
9450
9439
9435
9428
9427
9426
9424
9419
9399
9395
9394
9390
9381
9372
9352
9350
9341
9341
9339
9335
9318
9313
9306
9303
9293
9291
9282
9281
9279
9275
9262
9257
9255
9235
9218
9217
9216
9214
9209
9193
9192
9185
9168
9159
9157
9154
9154
9154
9147
9145
9140
9136
9121
9120
9118
9113
9104
9093
9092
9087
9084
9083
9081
9071
9069
9050
9049
9049
9048
9044
9025
9023
9022
9020
9020
9019
9000
9000
9000
8996
8990
8981
8970
8965
8955
8954
8939
8938
8935
8933
8932
8932
8931
8924
8915
8914
8910
8902
8901
8898
8892
8888
8877
8876
8875
8875
8874
8872
8868
8866
8859
8847
8847
8845
8842
8837
8827
8827
8816
8812
8793
8776
8772
8771
8764
8764
8763
8762
8760
8758
8741
8730
8713
8708
8708
8705
8701
8698
8676
8674
8668
8667
8665
8665
8662
8654
8641
8641
8639
8633
8623
8622
8615
8615
8614
8606
8594
8590
8583
8581
8575
8574
8572
8572
8563
8560
8558
8555
8553
8552
8545
8521
8520
8513
8509
8507
8492
8482
8481
8479
8466
8463
8462
8462
8441
8439
8437
8436
8433
8433
8432
8430
8419
8418
8415
8415
8405
8398
8394
8391
8391
8390
8390
8388
8384
8370
8368
8368
8363
8361
8361
8345
8340
8339
8338
8335
8327
8326
8317
8315
8315
8314
8313
8304
8285
8280
8276
8273
8268
8264
8249
8249
8243
8241
8238
8205
8197
8189
8181
8179
8177
8174
8173
8169
8165
8165
8149
8148
8147
8146
8146
8145
8142
8138
8132
8129
8127
8118
8115
8113
8104
8102
8099
8099
8093
8088
8087
8079
8076
8064
8051
8049
8049
8049
8048
8042
8041
8041
8035
8032
8026
8025
8024
8017
8011
8001
7989
7985
7983
7978
7975
7975
7971
7968
7964
7962
7942
7934
7924
7919
7918
7910
7907
7905
7900
7896
7895
7879
7879
7876
7870
7855
7854
7844
7844
7842
7836
7831
7829
7828
7826
7826
7819
7810
7807
7805
7801
7799
7792
7785
7779
7768
7766
7762
7759
7755
7751
7749
7747
7743
7732
7731
7730
7714
7714
7708
7706
7704
7697
7696
7695
7691
7687
7681
7679
7678
7661
7651
7639
7632
7628
7628
7627
7626
7626
7623
7618
7611
7609
7608
7601
7598
7598
7595
7593
7589
7588
7588
7583
7583
7573
7572
7572
7566
7560
7550
7550
7535
7514
7514
7512
7508
7506
7506
7506
7506
7500
7483
7478
7472
7470
7468
7467
7467
7462
7459
7454
7452
7450
7447
7446
7445
7442
7429
7429
7427
7424
7422
7410
7410
7406
7401
7401
7401
7400
7398
7396
7392
7392
7387
7374
7373
7372
7361
7360
7360
7357
7355
7344
7338
7337
7336
7335
7322
7321
7312
7306
7303
7301
7300
7300
7298
7295
7293
7282
7281
7277
7276
7271
7271
7268
7262
7250
7238
7237
7231
7226
7219
7219
7205
7204
7197
7195
7192
7191
7188
7183
7175
7170
7168
7164
7164
7163
7155
7151
7147
7145
7144
7142
7140
7139
7139
7134
7131
7131
7127
7126
7125
7125
7121
7113
7110
7109
7108
7107
7105
7100
7100
7097
7096
7096
7094
7093
7092
7089
7087
7082
7082
7078
7070
7069
7056
7055
7055
7054
7052
7045
7040
7036
7032
7032
7029
7025
7021
7017
7017
7009
7007
6994
6993
6990
6982
6981
6978
6975
6971
6968
6968
6967
6951
6951
6946
6945
6945
6941
6941
6938
6937
6936
6934
6926
6924
6920
6919
6919
6912
6910
6909
6896
6894
6893
6892
6888
6878
6874
6873
6872
6871
6869
6866
6862
6859
6858
6853
6849
6847
6847
6845
6844
6843
6843
6842
6836
6835
6835
6833
6833
6828
6823
6822
6821
6820
6806
6806
6796
6795
6794
6791
6790
6788
6786
6783
6778
6778
6772
6770
6770
6768
6766
6755
6750
6742
6741
6738
6734
6732
6732
6731
6730
6730
6725
6723
6720
6717
6716
6715
6715
6705
6700
6693
6688
6685
6684
6683
6681
6680
6676
6675
6667
6663
6658
6658
6655
6651
6649
6647
6632
6629
6625
6624
6623
6620
6618
6606
6602
6600
6600
6587
6580
6577
6575
6573
6569
6568
6568
6565
6562
6562
6550
6550
6547
6543
6539
6531
6524
6521
6518
6505
6505
6501
6501
6501
6500
6494
6492
6491
6483
6472
6468
6467
6465
6463
6456
6454
6453
6448
6443
6441
6440
6438
6438
6429
6428
6428
6424
6420
6418
6411
6410
6408
6405
6405
6401
6398
6396
6395
6391
6388
6387
6386
6385
6385
6382
6382
6379
6379
6379
6377
6374
6374
6372
6370
6369
6368
6362
6359
6357
6352
6349
6345
6340
6339
6338
6335
6332
6331
6331
6329
6329
6329
6327
6325
6323
6323
6322
6316
6313
6309
6307
6305
6303
6302
6302
6284
6282
6278
6277
6276
6275
6268
6267
6267
6265
6258
6251
6249
6249
6245
6244
6243
6243
6242
6240
6233
6232
6228
6227
6223
6214
6209
6207
6202
6201
6199
6193
6192
6185
6184
6164
6163
6149
6149
6147
6146
6139
6135
6134
6133
6133
6128
6126
6125
6114
6112
6110
6107
6097
6090
6088
6087
6087
6086
6079
6077
6076
6076
6070
6064
6064
6064
6063
6059
6058
6055
6053
6053
6052
6051
6046
6039
6036
6034
6032
6032
6031
6029
6029
6026
6026
6020
6016
6016
6016
6003
5999
5996
5989
5983
5982
5982
5981
5977
5973
5971
5958
5955
5954
5947
5944
5942
5941
5941
5938
5936
5932
5932
5927
5926
5925
5921
5920
5915
5905
5903
5901
5901
5899
5899
5897
5896
5888
5883
5883
5883
5882
5880
5873
5859
5857
5855
5849
5846
5841
5838
5837
5834
5830
5827
5822
5810
5806
5803
5802
5800
5800
5798
5793
5788
5788
5787
5786
5785
5785
5784
5784
5783
5783
5781
5780
5779
5778
5777
5769
5769
5767
5764
5763
5761
5758
5758
5755
5753
5751
5749
5742
5735
5734
5732
5731
5730
5729
5720
5720
5714
5713
5709
5707
5704
5703
5703
5699
5696
5696
5691
5685
5682
5680
5679
5677
5676
5675
5675
5675
5673
5654
5649
5644
5644
5639
5637
5633
5632
5631
5628
5626
5624
5623
5619
5616
5615
5610
5607
5604
5603
5598
5594
5594
5589
5587
5586
5586
5585
5585
5584
5584
5584
5574
5572
5572
5572
5571
5571
5569
5568
5565
5564
5558
5558
5558
5557
5556
5554
5550
5548
5548
5547
5547
5546
5541
5539
5536
5533
5532
5532
5531
5530
5530
5528
5524
5523
5522
5521
5517
5516
5514
5508
5508
5508
5507
5499
5497
5493
5486
5485
5483
5482
5481
5480
5480
5479
5478
5475
5474
5474
5473
5470
5467
5466
5463
5463
5461
5461
5459
5458
5452
5452
5448
5447
5447
5444
5444
5434
5429
5429
5428
5427
5424
5421
5419
5414
5406
5406
5400
5396
5395
5392
5388
5385
5384
5384
5381
5379
5379
5376
5375
5371
5371
5365
5365
5360
5358
5355
5352
5352
5349
5348
5346
5343
5342
5340
5337
5336
5332
5327
5326
5326
5326
5326
5322
5317
5314
5308
5306
5300
5298
5297
5296
5290
5289
5284
5283
5282
5279
5277
5276
5273
5273
5269
5268
5268
5264
5262
5255
5255
5253
5252
5250
5248
5243
5241
5241
5240
5239
5233
5233
5230
5229
5229
5226
5222
5222
5220
5218
5217
5215
5214
5214
5212
5210
5209
5208
5206
5206
5204
5202
5201
5199
5192
5190
5178
5178
5177
5176
5175
5171
5168
5167
5166
5165
5164
5164
5163
5159
5158
5155
5152
5151
5147
5146
5146
5144
5144
5142
5140
5137
5136
5135
5135
5127
5125
5125
5123
5123
5122
5118
5116
5113
5109
5108
5107
5104
5103
5102
5102
5095
5095
5095
5093
5092
5091
5090
5090
5089
5088
5086
5082
5081
5080
5074
5072
5071
5070
5070
5069
5067
5063
5063
5061
5059
5058
5058
5054
5054
5054
5052
5052
5051
5048
5043
5041
5036
5035
5034
5034
5034
5034
5033
5030
5030
5029
5028
5028
5025
5024
5024
5023
5021
5020
5016
5015
5015
5014
5014
5014
5012
5012
5011
5010
5009
5006
4998
4998
4996
4994
4994
4991
4989
4987
4985
4983
4983
4979
4977
4975
4972
4967
4966
4964
4963
4959
4958
4958
4951
4949
4945
4942
4941
4941
4941
4936
4935
4935
4933
4932
4929
4926
4922
4921
4919
4913
4912
4912
4909
4906
4906
4905
4905
4905
4904
4904
4900
4899
4898
4898
4896
4895
4894
4892
4891
4889
4888
4888
4887
4887
4879
4879
4878
4876
4876
4876
4875
4874
4874
4873
4870
4868
4865
4865
4862
4861
4856
4856
4856
4856
4854
4853
4850
4847
4843
4842
4842
4838
4837
4836
4835
4833
4833
4833
4832
4831
4829
4828
4828
4827
4827
4827
4826
4825
4824
4823
4822
4817
4817
4816
4816
4815
4813
4809
4809
4808
4808
4804
4803
4802
4799
4798
4796
4796
4793
4793
4790
4789
4787
4783
4782
4782
4780
4779
4778
4777
4774
4771
4770
4769
4766
4764
4761
4761
4760
4756
4753
4750
4750
4747
4747
4745
4744
4742
4740
4738
4738
4738
4737
4737
4737
4736
4731
4728
4727
4727
4726
4726
4726
4725
4723
4721
4720
4720
4720
4717
4716
4715
4715
4714
4710
4707
4705
4702
4700
4699
4698
4697
4696
4694
4694
4694
4692
4690
4689
4689
4689
4687
4687
4686
4685
4684
4684
4684
4682
4682
4681
4681
4681
4679
4677
4676
4674
4673
4672
4672
4671
4669
4667
4666
4665
4664
4662
4661
4660
4660
4659
4658
4657
4655
4655
4655
4654
4649
4648
4648
4647
4643
4643
4642
4642
4638
4638
4635
4633
4632
4632
4632
4630
4630
4628
4627
4627
4626
4625
4622
4621
4620
4618
4618
4617
4616
4613
4606
4605
4604
4601
4600
4600
4599
4598
4596
4593
4590
4589
4587
4587
4586
4584
4583
4582
4580
4577
4577
4576
4573
4573
4572
4571
4571
4571
4568
4567
4563
4563
4563
4560
4558
4557
4557
4555
4555
4554
4553
4551
4551
4550
4547
4546
4545
4545
4542
4542
4540
4538
4536
4535
4534
4534
4532
4528
4528
4524
4523
4520
4520
4519
4519
4519
4514
4513
4513
4512
4510
4510
4510
4507
4506
4506
4504
4500
4499
4498
4496
4494
4494
4493
4492
4487
4486
4484
4480
4479
4478
4478
4476
4474
4471
4470
4470
4469
4468
4468
4467
4467
4466
4466
4463
4463
4462
4460
4457
4452
4448
4446
4445
4444
4444
4443
4441
4439
4439
4437
4436
4436
4436
4434
4432
4427
4426
4425
4425
4424
4423
4422
4421
4421
4420
4419
4417
4415
4414
4414
4413
4411
4409
4409
4406
4406
4401
4401
4399
4399
4399
4397
4395
4395
4394
4394
4393
4392
4390
4389
4386
4386
4386
4384
4384
4384
4383
4382
4381
4380
4379
4376
4374
4374
4372
4365
4363
4363
4362
4361
4361
4361
4360
4360
4355
4354
4353
4350
4350
4350
4349
4348
4343
4338
4338
4338
4337
4336
4336
4334
4333
4332
4332
4332
4329
4326
4324
4324
4323
4323
4323
4322
4321
4321
4320
4319
4319
4317
4317
4314
4311
4310
4309
4309
4308
4308
4307
4305
4305
4305
4304
4304
4302
4302
4301
4298
4296
4295
4294
4293
4293
4290
4290
4290
4288
4287
4286
4282
4281
4281
4280
4279
4277
4277
4276
4274
4273
4273
4272
4268
4267
4264
4263
4259
4258
4258
4257
4256
4255
4251
4248
4244
4244
4243
4242
4242
4242
4242
4242
4240
4239
4238
4237
4237
4236
4235
4234
4231
4229
4229
4227
4226
4226
4224
4223
4223
4223
4223
4222
4222
4219
4218
4218
4218
4218
4216
4214
4214
4213
4213
4212
4212
4211
4210
4207
4206
4206
4205
4203
4203
4201
4197
4197
4195
4194
4193
4193
4192
4192
4192
4191
4190
4188
4187
4187
4185
4185
4184
4184
4183
4183
4180
4179
4178
4178
4177
4177
4173
4173
4172
4172
4170
4169
4168
4167
4162
4161
4160
4155
4155
4154
4154
4151
4148
4145
4143
4142
4142
4141
4139
4138
4137
4136
4135
4134
4132
4131
4131
4131
4129
4129
4128
4128
4128
4126
4126
4124
4124
4123
4123
4123
4122
4121
4119
4118
4118
4113
4112
4111
4110
4110
4110
4109
4106
4106
4105
4102
4101
4098
4098
4094
4092
4092
4092
4092
4090
4089
4088
4088
4084
4084
4084
4082
4081
4081
4081
4079
4078
4076
4076
4074
4074
4074
4074
4072
4071
4070
4069
4067
4066
4065
4064
4063
4062
4059
4059
4059
4059
4055
4053
4052
4051
4050
4050
4049
4047
4047
4044
4044
4044
4043
4042
4040
4040
4040
4039
4037
4037
4036
4033
4029
4029
4028
4028
4027
4027
4027
4025
4024
4020
4019
4019
4018
4018
4017
4016
4016
4014
4013
4013
4013
4013
4011
4010
4010
4010
4010
4009
4008
4008
4006
4005
4005
4004
4004
4003
4001
4001
4000
3999
3999
3999
3998
3998
3998
3997
3997
3996
3996
3995
3994
3993
3991
3990
3990
3989
3989
3989
3988
3984
3983
3981
3980
3980
3980
3976
3976
3975
3975
3975
3974
3974
3974
3973
3973
3972
3972
3972
3970
3970
3968
3967
3967
3967
3966
3965
3964
3963
3960
3960
3958
3957
3956
3955
3953
3950
3950
3948
3947
3946
3943
3940
3940
3938
3937
3937
3936
3935
3934
3931
3930
3929
3928
3927
3927
3927
3926
3926
3925
3925
3924
3924
3923
3923
3922
3920
3919
3916
3915
3915
3913
3913
3912
3912
3911
3910
3909
3905
3898
3898
3895
3895
3894
3891
3891
3891
3890
3888
3886
3882
3877
3877
3876
3876
3873
3872
3872
3872
3871
3870
3870
3868
3866
3866
3865
3861
3859
3858
3857
3856
3856
3854
3854
3853
3852
3851
3850
3850
3849
3846
3844
3841
3841
3841
3840
3840
3840
3835
3832
3831
3831
3829
3826
3826
3825
3824
3824
3822
3821
3820
3820
3818
3817
3815
3815
3813
3813
3813
3812
3811
3810
3809
3809
3806
3805
3805
3805
3805
3805
3804
3801
3801
3800
3800
3800
3800
3799
3799
3799
3798
3797
3796
3795
3794
3792
3792
3791
3791
3790
3789
3787
3786
3785
3785
3784
3784
3780
3780
3777
3777
3774
3773
3772
3767
3766
3766
3766
3765
3765
3761
3760
3760
3759
3759
3758
3757
3755
3753
3752
3751
3750
3749
3749
3749
3748
3748
3747
3746
3746
3745
3745
3744
3744
3744
3742
3739
3739
3738
3738
3737
3737
3733
3731
3731
3730
3727
3726
3726
3725
3724
3723
3722
3721
3721
3719
3719
3718
3718
3717
3715
3715
3712
3712
3712
3711
3710
3708
3708
3708
3708
3707
3707
3702
3701
3701
3701
3701
3699
3697
3696
3694
3693
3692
3691
3690
3690
3689
3689
3687
3687
3686
3684
3683
3682
3682
3682
3681
3681
3680
3680
3678
3677
3677
3676
3676
3675
3675
3675
3674
3674
3672
3671
3670
3667
3665
3663
3663
3660
3659
3659
3659
3658
3656
3655
3655
3654
3654
3653
3652
3652
3651
3649
3648
3644
3644
3644
3643
3641
3641
3641
3640
3634
3634
3632
3632
3632
3632
3628
3627
3626
3626
3622
3618
3618
3617
3616
3615
3615
3615
3614
3613
3613
3610
3607
3607
3606
3603
3601
3600
3598
3594
3593
3593
3591
3591
3590
3589
3589
3588
3587
3587
3586
3586
3585
3585
3584
3584
3584
3583
3582
3582
3581
3579
3579
3578
3577
3576
3575
3575
3574
3574
3574
3574
3573
3572
3571
3571
3571
3570
3570
3570
3569
3569
3569
3567
3567
3566
3566
3566
3565
3565
3562
3562
3562
3561
3560
3558
3557
3556
3555
3555
3554
3553
3553
3553
3552
3552
3552
3552
3551
3551
3551
3548
3548
3546
3546
3544
3542
3542
3538
3538
3538
3534
3534
3532
3531
3531
3530
3529
3528
3526
3526
3525
3524
3522
3522
3521
3521
3521
3519
3519
3518
3517
3516
3516
3516
3515
3514
3514
3513
3512
3511
3511
3511
3510
3508
3508
3508
3507
3507
3506
3503
3500
3497
3496
3496
3496
3496
3495
3495
3494
3494
3494
3493
3493
3492
3492
3491
3491
3491
3488
3488
3487
3487
3486
3485
3483
3481
3481
3480
3480
3479
3479
3479
3479
3478
3476
3476
3475
3474
3473
3473
3471
3470
3470
3470
3469
3468
3468
3467
3466
3465
3465
3464
3463
3463
3463
3462
3462
3462
3462
3461
3461
3460
3459
3459
3459
3459
3458
3458
3458
3457
3457
3457
3455
3455
3455
3455
3455
3454
3453
3453
3452
3452
3451
3451
3451
3449
3448
3446
3446
3446
3445
3445
3445
3444
3443
3442
3441
3439
3438
3437
3436
3436
3435
3435
3435
3435
3434
3434
3433
3432
3432
3430
3430
3430
3430
3429
3426
3426
3426
3426
3425
3425
3425
3425
3424
3424
3422
3422
3421
3421
3420
3420
3419
3419
3418
3418
3418
3416
3416
3415
3415
3415
3414
3414
3413
3411
3411
3411
3411
3409
3409
3407
3407
3406
3406
3406
3405
3405
3405
3405
3404
3403
3403
3403
3402
3402
3401
3400
3400
3400
3399
3396
3395
3393
3391
3391
3388
3386
3386
3385
3384
3384
3384
3384
3383
3383
3382
3381
3381
3381
3379
3378
3377
3375
3375
3375
3374
3373
3373
3373
3372
3372
3370
3370
3367
3367
3366
3365
3365
3364
3362
3362
3362
3360
3360
3359
3358
3358
3357
3356
3356
3355
3353
3352
3352
3352
3350
3350
3350
3350
3349
3349
3349
3348
3346
3346
3345
3344
3343
3342
3341
3340
3339
3339
3338
3337
3337
3335
3333
3333
3333
3333
3332
3331
3330
3329
3329
3329
3329
3327
3327
3325
3323
3323
3323
3322
3321
3320
3319
3318
3318
3317
3317
3316
3315
3314
3314
3313
3312
3311
3308
3308
3307
3307
3306
3305
3304
3304
3302
3302
3301
3300
3300
3299
3299
3298
3298
3298
3297
3296
3296
3295
3295
3295
3295
3295
3294
3294
3292
3292
3291
3291
3290
3290
3290
3289
3288
3288
3287
3287
3286
3286
3282
3281
3280
3280
3279
3279
3278
3277
3277
3277
3277
3277
3277
3276
3275
3274
3274
3273
3272
3271
3271
3271
3271
3271
3271
3270
3270
3269
3267
3266
3266
3266
3265
3265
3265
3264
3264
3264
3263
3263
3263
3263
3262
3261
3261
3260
3259
3259
3259
3257
3257
3257
3256
3255
3255
3255
3254
3254
3252
3252
3251
3251
3250
3248
3247
3246
3246
3246
3245
3245
3244
3243
3243
3243
3243
3243
3240
3239
3237
3237
3236
3235
3235
3234
3233
3233
3232
3232
3232
3231
3230
3229
3228
3226
3225
3224
3224
3223
3222
3220
3220
3219
3218
3218
3218
3217
3217
3217
3217
3216
3216
3215
3214
3214
3214
3214
3214
3214
3214
3213
3213
3212
3211
3210
3210
3210
3210
3209
3209
3208
3207
3205
3204
3203
3203
3203
3202
3201
3201
3201
3197
3195
3194
3193
3193
3193
3192
3191
3191
3190
3190
3190
3189
3189
3186
3186
3185
3185
3183
3182
3182
3181
3181
3181
3181
3181
3181
3180
3180
3180
3179
3178
3178
3175
3174
3174
3174
3173
3173
3171
3171
3171
3169
3169
3169
3167
3166
3165
3165
3165
3165
3165
3165
3164
3163
3163
3161
3161
3157
3154
3154
3153
3152
3151
3151
3150
3150
3150
3150
3150
3149
3148
3148
3148
3147
3147
3147
3147
3146
3146
3146
3146
3145
3145
3145
3144
3033
3143
3143
3142
3142
3141
3141
3139
3138
3138
3137
3136
3135
3135
3135
3135
3134
3134
3134
3133
3132
3131
3131
3131
3130
3130
3129
3126
3124
3123
3122
3122
3121
3120
3119
3119
3119
3118
3115
3115
3115
3114
3114
3114
3113
3112
3112
3109
3109
3109
3108
3107
3106
3105
3105
3105
3104
3104
3103
3102
3102
3101
3100
3100
3100
3099
3098
3098
3097
3096
3096
3096
3096
3094
3094
3093
3093
3093
3092
3091
3090
3090
3090
3090
3089
3088
3087
3087
3086
3085
3085
3083
3082
3082
3081
3080
3080
3079
3078
3077
3077
3076
3074
3073
3073
3073
3072
3072
3072
3071
3070
3070
3069
3068
3068
3068
3068
3068
3068
3068
3066
3066
3065
3064
3064
3064
3063
3062
3061
3060
3060
3060
3059
3059
3059
3059
3058
3058
3058
3057
3057
3056
3056
3055
3054
3053
3053
3051
3051
3050
3049
3049
3048
3048
3047
3046
3046
3045
3043
3043
3042
3041
3041
3041
3039
3039
3038
3038
3036
3036
3035
3035
3035
3032
3032
3032
3031
3030
3030
3029
3029
3027
3026
3026
3025
3025
3025
3025
3024
3024
3024
3023
3021
3021
3021
3020
3019
3019
3017
3016
3016
3016
3016
3015
3015
3014
3014
3014
3014
3013
3013
3012
3012
3012
3012
3011
3011
3011
3010
3010
3010
3009
3008
3007
3007
3006
3004
3004
3004
3003
3003
3003
3002
3000
3000
