524663
508683
446656
413754
399523
380438
357651
323630
298799
291358
282695
281712
275326
264529
260147
259414
258517
252608
249862
242389
241933
236916
227610
227016
224811
223640
214963
210211
204835
204409
202064
200739
191701
190784
189764
188218
187195
187149
185620
183917
183751
183049
170543
169730
164263
162081
161985
160851
152254
148198
146052
143486
141750
140323
139611
138619
137476
137115
132362
131333
130694
130482
129198
129110
128710
128192
126478
125847
124375
118023
116778
115653
114140
112456
111019
108277
108144
107979
107622
105725
105526
105444
104587
103246
103011
101924
101733
100807
100301
100241
99142
98431
97880
97717
97536
97434
97226
97117
96232
95978
93916
93890
93184
92327
92218
91912
91357
91024
90945
90250
89370
88785
88286
88229
86239
86020
85868
85708
84726
84532
84479
83694
83261
82359
81802
81743
81595
80884
80426
80409
79588
79136
78752
77387
77348
76408
75643
74110
73764
71581
71542
71450
71142
70584
69208
69101
69016
68906
68007
66616
66377
66144
65497
65309
64648
64380
63306
61756
61665
61137
61113
60290
60217
59399
58587
58067
57936
57776
56786
56558
56122
54869
54606
54504
54423
54278
54193
53858
53529
52823
52180
52054
52026
51915
51690
51553
51394
51368
51340
51287
51271
50783
49737
49729
49576
49429
49198
49067
48848
48527
47730
47712
47403
47350
47204
47067
46891
46338
46016
45955
45582
45461
45442
45207
45134
44920
44788
44460
44396
43302
43081
43013
42638
42313
41872
41823
41743
40759
40412
40248
39665
39280
38841
38737
38452
38448
38447
38172
38146
38041
37632
37307
37290
37273
37131
37105
36934
36810
36384
35590
35465
34972
34822
34767
34699
33806
33703
33152
33143
33012
32914
32625
32228
32080
31353
31327
31321
31240
31194
31079
31036
31001
30190
29935
29893
29641
29459
29457
29369
29362
29301
29203
28836
28793
28324
27938
27919
27847
27846
27808
27427
27403
27397
27156
27041
27001
26618
26543
26387
26177
25966
25888
25870
25867
25537
25434
25359
25253
25236
25136
24518
24391
24260
24010
23544
23470
23436
23207
23144
22988
22965
22925
22867
22606
22435
22417
22332
22136
22101
22012
21948
21776
21649
21566
21560
21534
21317
21291
21267
21174
21070
20899
20779
20639
20567
20518
20341
20162
20094
20023
19914
19721
19717
19695
19625
19610
19527
19454
19379
19117
19223
19204
19098
19018
19003
18961
18935
18876
18871
18845
18620
18596
18494
18438
18316
18124
17869
17863
17836
17828
17670
17667
17617
17527
17505
17466
17406
17373
17354
17348
17320
17260
17201
17191
17110
16982
16888
16874
16824
16823
16812
16757
16524
16389
16322
16293
16141
16110
16099
16097
15943
15864
15786
15776
15759
15752
15716
15683
15650
15608
15606
15584
15554
15546
15508
15494
15486
15467
15457
15443
15366
15354
15281
15251
15236
15201
15188
15079
15078
15035
15009
14958
14903
14844
14838
14778
14776
14742
14700
14694
14637
14603
14587
14577
14565
14549
14544
14485
14461
14440
14393
14204
14165
14155
14124
14106
14064
14040
13946
13936
13930
13807
13796
13726
13724
13717
13693
13629
13574
13431
13415
13407
13387
13345
13338
13322
13190
13153
13145
13130
13097
13062
12974
12915
12913
12868
12854
12842
12807
12758
12734
12729
12722
12720
12686
12677
12671
12652
12628
12573
12535
12514
12499
12491
12436
12430
12374
12368
12349
12343
12261
12256
12255
12235
12154
12149
12148
12106
12101
11972
11939
11938
11930
11891
11875
11862
11854
11824
11785
11780
11767
11707
11704
11677
11593
11571
11560
11540
11530
11527
11489
11469
11451
11439
11437
11443
11413
11390
11380
11365
11358
11316
11297
11286
11277
11270
11256
11254
11244
11231
11204
11194
11169
11161
11144
11143
11101
11070
11063
10967
10949
10946
10941
10941
10900
10897
10839
10838
10823
10797
10785
10770
10753
10752
10745
10697
10688
10685
10676
10658
10649
10607
10606
10595
10576
10552
10547
10545
10540
10535
10532
10529
10523
10516
10508
10508
10498
10494
10491
10481
10479
10452
10445
10445
10436
10433
10432
10431
10408
10374
10363
10350
10348
10340
10307
10296
10286
10285
10284
10274
10249
10248
10226
10197
10190
10189
10172
10149
10135
10099
10088
10085
10055
10054
9992
9976
9956
9955
9931
9921
9918
9909
9897
9897
9881
9872
9867
9861
9856
9854
9854
9852
9826
9785
9778
9774
9772
9753
9736
9730
9726
9702
9677
9675
9669
9669
9669
9632
9615
9588
9568
9564
9559
9557
9548
9545
9521
9519
9504
9471
9467
9460
9445
9433
9428
9426
9420
9420
9415
9396
9392
9391
9375
9353
9339
9326
9319
9318
9303
9299
9245
9245
9245
9239
9237
9235
9232
9226
9218
9217
9202
9201
9199
9198
9198
9185
9166
9163
9137
9134
9122
9118
9112
9110
9085
9080
9079
9071
9057
9049
9047
9021
9018
8989
8977
8975
8970
8950
8944
8939
8933
8928
8925
8915
8860
8843
8842
8842
8831
8830
8821
8814
8794
8774
8757
8753
8741
8733
8733
8731
8715
8694
8687
8679
8676
8674
8670
8634
8630
8621
8608
8601
8595
8583
8572
8567
8557
8556
8551
8541
8537
8518
8512
8507
8475
8471
8464
8441
8441
8432
8413
8399
8393
8392
8384
8380
8356
8353
8347
8347
8324
8324
8317
8307
8299
8295
8291
8287
8285
8281
8280
8278
8275
8268
8265
8264
8256
8241
8216
8210
8207
8205
8194
8183
8182
8181
8181
8174
8161
8160
8159
8151
8150
8147
8146
8145
8142
8133
8133
8098
8071
8068
8067
8047
8044
8033
8033
8029
8027
8023
8019
8011
8001
7992
7991
7987
7947
7943
7942
7930
7918
7912
7911
7910
7897
7888
7885
7884
7879
7874
7869
7846
7844
7841
7831
7819
7800
7794
7792
7783
7773
7770
7766
7763
7760
7742
7735
7723
7717
7715
7713
7712
7705
7696
7693
7679
7663
7659
7659
7620
7595
7594
7592
7591
7589
7587
7584
7567
7567
7563
7555
7549
7546
7545
7527
7519
7515
7512
7508
7507
7502
7495
7471
7470
7462
7458
7456
7451
7448
7447
7433
7427
7409
7394
7391
7391
7381
7370
7362
7350
7348
7335
7330
7326
7319
7307
7300
7294
7293
7281
7275
7272
7267
7261
7257
7247
7236
7234
7234
7232
7226
7219
7214
7211
7211
7207
7205
7200
7186
7184
7180
7177
7167
7166
7166
7156
7149
7146
7141
7131
7130
7127
7124
7124
7121
7119
7114
7113
7100
6990
7098
7094
7081
7081
7076
7073
7067
7065
7063
7058
7052
7045
7039
7035
7020
7017
7017
7013
7012
7008
7007
7004
7004
7003
6994
6994
6993
6980
6972
6970
6968
6963
6953
6950
6949
6945
6931
6931
6911
6908
6907
6907
6905
6905
6892
6889
6875
6875
6872
6871
6851
6847
6841
6840
6838
6838
6836
6836
6826
6822
6813
6809
6809
6807
6795
6791
6778
6777
6777
6772
6761
6755
6750
6738
6734
6734
6731
6730
6724
6723
6721
6716
6716
6711
6707
6700
6700
6698
6690
6682
6667
6656
6647
6642
6629
6629
6624
6621
6614
6612
6602
6598
6595
6590
6588
6577
6571
6563
6558
6557
6554
6548
6547
6546
6540
6540
6538
6537
6537
6534
6533
6531
6530
6527
6526
6521
6521
6521
6518
6516
6505
6499
6490
6478
6476
6466
6463
6455
6448
6446
6444
6429
6427
6426
6407
6405
6404
6395
6391
6385
6385
6378
6376
6373
6368
6362
6361
6357
6354
6338
6336
6335
6333
6330
6325
6318
6314
6309
6307
6304
6301
6295
6295
6279
6269
6265
6261
6247
6239
6238
6238
6235
6225
6208
6204
6204
6199
6189
6172
6167
6166
6163
6160
6160
6160
6155
6153
6148
6143
6132
6124
6120
6119
6106
6097
6087
6081
6081
6080
6077
6077
6076
6069
6065
6062
6061
6054
6053
6053
6052
6051
6051
6048
6044
6040
6035
6033
6031
6030
6029
6024
6021
6019
6015
6014
6013
6009
6007
6004
6000
5993
5992
5988
5988
5985
5983
5982
5978
5975
5972
5970
5968
5966
5965
5961
5956
5954
5944
5943
5937
5936
5934
5932
5932
5931
5930
5927
5926
5921
5919
5919
5918
5909
5908
5903
5900
5897
5895
5892
5891
5889
5887
5886
5885
5884
5878
5869
5860
5859
5856
5853
5851
5831
5829
5827
5827
5823
5815
5815
5810
5807
5799
5797
5794
5793
5792
5782
5779
5769
5769
5768
5766
5764
5764
5762
5761
5758
5755
5754
5750
5747
5743
5742
5741
5741
5737
5736
5736
5733
5732
5730
5727
5725
5718
5714
5709
5703
5701
5701
5698
5698
5696
5694
5690
5689
5679
5671
5671
5665
5662
5657
5655
5654
5651
5646
5645
5635
5634
5633
5632
5627
5624
5623
5623
5621
5607
5605
5601
5597
5591
5583
5579
5576
5571
5568
5568
5567
5562
5557
5557
5549
5548
5546
5545
5543
5537
5534
5532
5524
5523
5520
5515
5509
5505
5505
5503
5502
5498
5497
5497
5481
5473
5470
5466
5459
5457
5457
5454
5451
5442
5438
5437
5437
5435
5434
5427
5425
5417
5415
5413
5406
5399
5396
5395
5382
5379
5379
5379
5378
5371
5370
5369
5367
5364
5363
5362
5361
5360
5358
5356
5349
5341
5340
5339
5327
5324
5323
5323
5322
5322
5319
5311
5303
5300
5299
5298
5297
5288
5287
5286
5276
5269
5269
5262
5262
5255
5249
5249
5248
5247
5246
5241
5239
5239
5239
5233
5233
5231
5229
5216
5210
5207
5207
5205
5204
5196
5191
5186
5183
5179
5178
5177
5175
5174
5171
5170
5168
5168
5160
5158
5157
5157
5157
5154
5154
5154
5153
5153
5152
5152
5152
5151
5148
5148
5148
5144
5143
5139
5132
5124
5123
5123
5122
5118
5118
5117
5117
5117
5114
5113
5111
5110
5105
5102
5102
5101
5098
5096
5093
5090
5086
5085
5077
5075
5072
5066
5063
5062
5062
5061
5056
5054
5054
5051
5050
5049
5045
5043
5043
5040
5038
5035
5035
5035
5034
5032
5031
5031
5030
5029
5027
5027
5025
5024
5024
5017
5016
5015
5015
5009
5005
5005
5003
5001
5000
4999
4999
4996
4993
4993
4990
4989
4989
4988
4986
4984
4979
4978
4977
4974
4973
4972
4969
4965
4962
4958
4958
4954
4953
4948
4948
4942
4941
4933
4932
4928
4919
4917
4916
4916
4915
4912
4912
4911
4911
4908
4905
4903
4903
4902
4901
4900
4899
4898
4898
4898
4896
4891
4889
4882
4879
4875
4873
4869
4868
4866
4865
4863
4860
4859
4857
4855
4854
4854
4854
4852
4851
4850
4847
4844
4840
4840
4837
4836
4831
4830
4827
4813
4813
4811
4808
4802
4800
4800
4800
4800
4799
4798
4797
4793
4789
4786
4783
4783
4774
4762
4759
4758
4755
4754
4753
4752
4748
4746
4745
4745
4738
4737
4736
4735
4734
4733
4733
4732
4729
4727
4722
4719
4718
4713
4713
4710
4708
4705
4701
4696
4693
4690
4688
4683
4679
4673
4660
4660
4659
4659
4655
4654
4654
4653
4652
4648
4648
4647
4644
4642
4641
4640
4638
4637
4636
4629
4628
4622
4622
4621
4620
4620
4619
4618
4616
4614
4612
4611
4610
4609
4609
4608
4607
4606
4604
4604
4601
4597
4589
4589
4588
4587
4587
4585
4585
4583
4582
4580
4578
4576
4574
4573
4572
4568
4568
4567
4567
4565
4559
4557
4556
4554
4552
4552
4551
4550
4549
4546
4546
4543
4541
4540
4540
4538
4537
4537
4536
4534
4533
4533
4527
4524
4522
4520
4517
4515
4513
4513
4513
4512
4510
4507
4507
4506
4505
4493
4492
4487
4486
4485
4483
4477
4476
4470
4469
4469
4467
4467
4466
4464
4464
4463
4462
4460
4456
4456
4454
4454
4452
4449
4448
4445
4444
4442
4436
4431
4430
4426
4426
4426
4425
4424
4423
4423
4419
4417
4416
4416
4416
4414
4414
4412
4409
4405
4405
4403
4401
4401
4400
4398
4396
4396
4396
4390
4389
4389
4387
4383
4381
4380
4379
4373
4371
4371
4369
4368
4365
4364
4363
4363
4363
4362
4362
4359
4359
4358
4357
4356
4354
4353
4349
4348
4347
4345
4343
4343
4343
4343
4342
4340
4340
4337
4334
4332
4331
4330
4329
4327
4327
4323
4323
4322
4322
4320
4320
4320
4318
4318
4318
4318
4316
4313
4310
4307
4307
4302
4302
4301
4301
4301
4298
4297
4296
4293
4293
4293
4292
4291
4291
4284
4280
4277
4275
4273
4273
4272
4272
4269
4268
4267
4265
4265
4264
4262
4262
4261
4261
4260
4257
4257
4257
4257
4257
4256
4256
4255
4254
4254
4253
4250
4249
4248
4246
4245
4243
4241
4239
4238
4237
4236
4234
4233
4233
4232
4232
4231
4229
4228
4228
4227
4227
4226
4220
4215
4211
4210
4210
4205
4204
4203
4196
4194
4192
4192
4192
4191
4191
4190
4188
4186
4186
4183
4183
4180
4180
4179
4179
4178
4176
4174
4174
4174
4173
4173
4172
4169
4166
4165
4165
4165
4165
4163
4161
4160
4159
4157
4155
4153
4151
4149
4148
4148
4148
4147
4145
4143
4142
4138
4136
4135
4133
4129
4129
4125
4123
4123
4123
4118
4117
4117
4116
4114
4114
4112
4111
4110
4110
4109
4108
4108
4107
4105
4105
4101
4101
4099
4095
4095
4095
4094
4092
4090
4088
4088
4087
4086
4085
4083
4081
4077
4074
4074
4072
4070
4070
4070
4069
4068
4065
4063
4062
4062
4057
4057
4057
4057
4053
4050
4050
4050
4049
4046
4046
4045
4044
4041
4040
4036
4036
4036
4032
4029
4028
4025
4019
4018
4017
4015
4014
4013
4012
4011
4007
4005
4002
4001
4001
3998
3997
3997
3997
3995
3994
3993
3993
3993
3991
3991
3990
3989
3981
3980
3978
3976
3976
3973
3971
3970
3966
3964
3963
3963
3963
3963
3962
3961
3961
3958
3957
3956
3954
3954
3953
3948
3947
3943
3940
3937
3937
3937
3934
3932
3931
3931
3929
3928
3924
3924
3923
3923
3923
3922
3921
3921
3920
3917
3915
3914
3912
3909
3908
3907
3903
3902
3901
3900
3897
3897
3897
3896
3895
3895
3895
3895
3894
3893
3891
3891
3891
3889
3887
3882
3882
3881
3880
3879
3879
3879
3878
3878
3878
3877
3876
3875
3874
3872
3871
3871
3871
3869
3868
3868
3866
3865
3865
3864
3862
3861
3860
3859
3855
3855
3853
3853
3848
3848
3845
3845
3844
3844
3842
3841
3841
3840
3840
3833
3833
3831
3830
3830
3829
3828
3827
3825
3823
3823
3821
3821
3818
3818
3817
3817
3816
3816
3815
3813
3811
3809
3807
3807
3807
3805
3802
3801
3800
3800
3799
3797
3797
3796
3795
3795
3794
3794
3794
3792
3791
3791
3789
3789
3788
3788
3788
3787
3786
3784
3784
3782
3781
3775
3775
3775
3773
3771
3771
3769
3769
3768
3767
3767
3766
3765
3765
3760
3759
3757
3756
3756
3753
3753
3753
3750
3748
3748
3747
3746
3744
3744
3743
3739
3738
3737
3737
3736
3735
3735
3733
3731
3731
3729
3729
3729
3725
3725
3725
3723
3723
3722
3720
3718
3717
3717
3716
3714
3714
3713
3713
3712
3710
3708
3708
3706
3705
3704
3704
3703
3703
3702
3700
3700
3700
3700
3698
3696
3695
3694
3692
3692
3690
3689
3688
3685
3683
3682
3681
3681
3679
3678
3678
3676
3674
3667
3665
3664
3663
3663
3662
3660
3659
3658
3658
3657
3656
3652
3649
3649
3646
3645
3645
3645
3644
3643
3643
3641
3638
3638
3637
3636
3636
3635
3635
3635
3633
3632
3630
3627
3627
3627
3624
3624
3624
3623
3621
3620
3619
3618
3617
3616
3614
3611
3611
3610
3609
3609
3606
3606
3605
3604
3603
3602
3602
3599
3598
3597
3592
3591
3589
3588
3588
3588
3587
3585
3585
3584
3582
3582
3578
3576
3575
3574
3573
3572
3570
3568
3565
3564
3563
3563
3562
3562
3561
3559
3556
3556
3551
3551
3551
3550
3547
3547
3544
3542
3542
3541
3538
3538
3536
3536
3535
3533
3532
3532
3531
3530
3528
3527
3526
3525
3525
3522
3518
3517
3516
3514
3511
3510
3510
3509
3505
3504
3503
3501
3501
3500
3500
3500
3499
3496
3495
3494
3493
3493
3492
3492
3491
3490
3487
3486
3486
3484
3484
3481
3481
3479
3476
3474
3473
3472
3470
3470
3470
3470
3468
3465
3461
3458
3458
3457
3454
3454
3453
3452
3450
3449
3448
3448
3447
3447
3445
3445
3443
3442
3442
3442
3437
3436
3432
3431
3431
3430
3430
3430
3429
3424
3421
3420
3420
3419
3419
3417
3412
3412
3405
3405
3404
3402
3401
3400
3400
3400
3399
3398
3398
3397
3397
3396
3395
3395
3395
3393
3393
3392
3391
3388
3387
3386
3386
3384
3382
3382
3381
3380
3380
3380
3379
3379
3379
3378
3377
3376
3374
3372
3372
3370
3368
3367
3363
3363
3363
3362
3361
3361
3360
3359
3358
3358
3357
3357
3357
3357
3356
3356
3355
3352
3352
3352
3351
3351
3349
3349
3348
3347
3345
3341
3340
3339
3339
3335
3335
3334
3332
3332
3330
3330
3329
3329
3329
3328
3327
3326
3325
3325
3325
3324
3323
3322
3322
3321
3319
3318
3317
3316
3315
3314
3314
3313
3313
3313
3310
3310
3309
3309
3306
3305
3303
3300
3299
3298
3298
3297
3297
3297
3296
3295
3295
3293
3293
3293
3292
3292
3292
3291
3290
3289
3289
3288
3288
3288
3287
3286
3285
3284
3284
3284
3284
3282
3280
3279
3277
3276
3276
3272
3271
3270
3270
3268
3268
3267
3267
3265
3264
3263
3263
3262
3262
3262
3261
3260
3259
3258
3258
3258
3256
3256
3256
3252
3251
3250
3250
3248
3248
3248
3248
3247
3245
3244
3244
3244
3242
3242
3238
3238
3237
3236
3233
3232
3228
3226
3226
3226
3224
3223
3222
3222
3222
3222
3221
3221
3221
3220
3220
3215
3214
3213
3213
3212
3212
3212
3212
3211
3211
3210
3209
3208
3207
3207
3206
3203
3203
3202
3201
3199
3199
3198
3197
3197
3196
3196
3195
3195
3194
3193
3192
3191
3190
3189
3189
3189
3189
3188
3188
3188
3187
3186
3186
3186
3185
3185
3184
3183
3183
3183
3183
3180
3177
3176
3175
3174
3173
3172
3172
3171
3171
3171
3170
3170
3168
3168
3167
3167
3166
3164
3164
3163
3161
3160
3160
3160
3159
3159
3158
3158
3158
3157
3157
3156
3156
3154
3153
3151
3150
3150
3149
3147
3146
3145
3145
3145
3144
3143
3142
3142
3142
3141
3141
3141
3140
3139
3139
3138
3138
3136
3136
3136
3136
3136
3136
3133
3133
3133
3133
3132
3130
3130
3128
3125
3125
3124
3123
3122
3119
3119
3117
3117
3116
3116
3116
3115
3115
3114
3113
3113
3112
3112
3111
3111
3110
3109
3108
3107
3106
3105
3104
3104
3103
3103
3103
3102
3102
3100
3099
3098
3097
3097
3095
3093
3091
3091
3091
3090
3090
3089
3088
3088
3088
3088
3087
3086
3086
3085
3085
3085
3085
3084
3084
3083
3082
3082
3081
3081
3081
3077
3077
3072
3070
3070
3069
3068
3066
3062
3058
3058
3058
3057
3055
3055
3054
3054
3053
3052
3052
3052
3051
3050
3050
3049
3048
3048
3046
3046
3043
3042
3041
3041
3040
3040
3039
3039
3039
3038
3037
3037
3036
3036
3033
3033
3033
3033
3032
3030
3029
3028
3028
3026
3023
3023
3022
3021
3021
3018
3016
3016
3016
3014
3013
3012
3008
3008
3007
3006
3005
3005
3001
3001
3001
3000
3000
