286472
149898
148549
118658
114009
109870
93082
89531
88854
86567
81736
80980
75863
66083
64219
61092
57457
54185
49296
49020
47850
47105
46840
45881
45447
44637
43984
43236
42398
40596
39927
39860
39518
39092
38606
38357
38041
37065
35972
35676
34370
34233
33027
32891
31721
31705
31305
31184
31035
30824
30581
30455
29548
29508
29431
29115
28892
28636
28267
27906
27865
27817
27050
26946
26858
26484
26343
26343
26312
26303
26286
26166
26126
25830
25347
24902
24798
24700
24681
24565
24427
24379
24205
23463
23461
23367
23315
23270
23065
22976
22965
22879
22697
22667
22449
22203
22053
22047
21998
20837
20815
20554
20495
20429
20410
20399
20350
20267
20259
20068
20026
19930
19927
19864
19861
19810
19627
19582
19209
19126
19042
19000
18999
18906
18788
18784
18726
18666
18491
18461
18445
18434
18361
18313
18309
18304
18198
18187
18145
17951
17895
17848
17690
17615
17586
17538
17491
17181
17175
17130
17129
17118
17098
17008
16966
16884
16697
16631
16612
16613
16571
16536
16523
16461
16398
16352
16279
16261
16200
16185
16173
16093
16078
16059
16023
15963
15913
15890
15886
15886
15870
15804
15765
15741
15730
15719
15722
15617
15554
15534
15468
15442
15402
15385
15377
15366
15360
15324
15316
15252
15246
15209
15151
15137
15105
15051
15029
15017
14974
14946
14933
14914
14887
14815
14753
14712
14701
14679
14609
14523
14497
14477
14433
14426
14412
14401
14388
14386
14343
14320
14318
14285
14201
14199
14170
14027
13994
13923
13895
13889
13863
13811
13803
13801
13789
13761
13746
13688
13650
13628
13597
13592
13572
13522
13505
13439
13433
13391
13386
13343
13332
13311
13262
13247
13245
13243
13202
13168
13164
13116
13096
13081
13068
13067
13053
13019
13014
13010
12986
12925
12882
12867
12863
12838
12820
12810
12800
12786
12780
12767
12711
12697
12687
12672
12635
12614
12536
12507
12482
12477
12469
12469
12448
12446
12433
12424
12424
12399
12397
12385
12370
12196
12187
12185
12176
12164
12151
12138
12121
12105
12096
12035
12008
12002
11957
11957
11944
11943
11921
11906
11870
11856
11849
11830
11816
11811
11795
11763
11756
11750
11704
11694
11678
11678
11677
11664
11662
11647
11637
11602
11593
11564
11559
11544
11506
11479
11469
11415
11398
11393
11383
11373
11373
11367
11361
11340
11312
11310
11307
11359
11299
11293
11285
11283
11265
11256
11246
11242
11225
11216
11213
11209
11207
11182
11134
11089
11073
11070
11070
11051
11044
11037
11030
11016
11000
10979
10962
10939
10932
10929
10910
10910
10900
10879
10858
10847
10829
10813
10805
10766
10760
10712
10673
10652
10645
10635
10629
10621
10619
10602
10584
10564
10558
10550
10544
10542
10537
10523
10489
10484
10481
10481
10441
10440
10436
10408
10405
10405
10390
10387
10382
10380
10376
10368
10351
10345
10338
10336
10331
10317
10300
10294
10286
10272
10272
10267
10256
10252
10246
10244
10225
10194
10168
10130
10122
10122
10108
10108
10106
10102
10085
10083
10079
10070
10055
10034
9981
9961
9961
9946
9940
9939
9935
9921
9917
9914
9873
9858
9831
9829
9826
9800
9798
9787
9775
9760
9735
9715
9706
9691
9685
9682
9647
9639
9626
9623
9596
9596
9572
9552
9537
9531
9530
9520
9509
9490
9486
9484
9482
9480
9470
9446
9440
9438
9434
9430
9427
9424
9407
9402
9397
9387
9372
9367
9345
9338
9319
9315
9311
9301
9300
9277
9266
9265
9249
9238
9223
9209
9198
9192
9190
9171
9162
9134
9134
9132
9106
9099
9075
9064
9042
9038
9033
9023
9022
9021
9015
9008
8995
8968
8968
8966
8962
8940
8932
8929
8928
8927
8912
8907
8901
8890
8886
8880
8877
8871
8863
8856
8831
8806
8803
8800
8795
8788
8788
8785
8759
8752
8750
8744
8740
8725
8712
8708
8703
8691
8665
8662
8659
8650
8648
8638
8629
8628
8625
8624
8624
8616
8613
8607
8605
8594
8593
8587
8576
8569
8569
8555
8547
8547
8544
8539
8508
8497
8486
8481
8476
8471
8466
8445
8437
8433
8424
8421
8420
8417
8406
8404
8393
8392
8388
8381
8369
8337
8331
8319
8307
8304
8304
8296
8289
8265
8263
8257
8252
8242
8234
8231
8223
8221
8212
8211
8207
8196
8184
8174
8172
8172
8171
8168
8161
8152
8124
8120
8117
8116
8113
8100
8095
8069
8052
8049
8026
8023
8009
8008
8005
7993
7983
7983
7970
7962
7958
7952
7948
7944
7944
7931
7928
7910
7909
7910
7887
7880
7873
7865
7860
7854
7852
7825
7820
7819
7818
7811
7809
7808
7799
7785
7780
7714
7711
7701
7699
7697
7691
7689
7689
7688
7685
7681
7680
7658
7649
7649
7648
7639
7626
7617
7571
7568
7565
7562
7555
7542
7542
7541
7530
7516
7500
7496
7494
7459
7457
7457
7457
7449
7426
7420
7419
7416
7410
7406
7393
7377
7376
7363
7361
7355
7355
7351
7346
7343
7335
7330
7329
7326
7323
7315
7298
7294
7285
7281
7278
7277
7276
7261
7257
7255
7251
7250
7246
7244
7242
7230
7227
7225
7220
7211
7204
7200
7194
7194
7186
7184
7175
7172
7168
7167
7166
7163
7159
7157
7155
7118
7116
7107
7105
7103
7101
7100
7090
7090
7060
7056
7054
7046
7046
7046
7044
7041
7041
7041
7035
7027
7026
7010
7007
7003
7001
6993
6991
6979
6970
6967
6960
6960
6948
6944
6943
6942
6935
6926
6910
6897
6890
6879
6876
6872
6870
6867
6855
6844
6831
6821
6817
6811
6806
6787
6787
6784
6780
6772
6770
6766
6761
6761
6758
6752
6745
6745
6743
6739
6735
6727
6721
6721
6716
6705
6699
6690
6684
6682
6677
6659
6659
6648
6637
6623
6618
6610
6610
6608
6606
6604
6602
6601
6597
6594
6586
6581
6577
6567
6556
6555
6555
6547
6544
6543
6525
6525
6520
6519
6516
6516
6506
6504
6499
6497
6493
6492
6485
6471
6467
6456
6447
6445
6443
6443
6438
6436
6428
6428
6426
6423
6420
6412
6403
6402
6398
6396
6394
6386
6383
6373
6366
6363
6359
6359
6351
6350
6347
6345
6342
6339
6338
6334
6328
6326
6323
6318
6296
6296
6290
6287
6286
6285
6285
6275
6275
6275
6265
6259
6248
6247
6238
6236
6234
6217
6202
6196
6195
6187
6187
6183
6181
6167
6165
6164
6163
6159
6159
6148
6141
6136
6123
6119
6118
6116
6113
6105
6096
6091
6090
6089
6085
6085
6085
6076
6076
6068
6060
6053
6050
6049
6043
6037
6029
6024
6021
6019
6013
6010
6008
6007
6005
6003
6000
5999
5998
5997
5991
5991
5989
5990
5979
5978
5978
5974
5970
5964
5960
5957
5952
5950
5949
5939
5937
5933
5927
5925
5910
5905
5897
5896
5890
5890
5887
5886
5885
5885
5884
5882
5880
5878
5876
5876
5874
5873
5871
5870
5867
5865
5860
5853
5853
5851
5850
5849
5846
5844
5842
5837
5835
5822
5821
5821
5820
5819
5807
5795
5795
5793
5789
5789
5785
5783
5757
5756
5755
5750
5773
5748
5746
5742
5732
5731
5721
5718
5718
5718
5715
5705
5704
5704
5704
5703
5700
5698
5687
5685
5683
5683
5681
5678
5677
5676
5671
5667
5660
5656
5651
5650
5649
5644
5638
5635
5630
5630
5629
5629
5619
5608
5603
5602
5599
5597
5596
5586
5580
5577
5576
5576
5571
5558
5549
5547
5546
5544
5544
5543
5541
5533
5531
5523
5519
5510
5506
5496
5496
5492
5491
5488
5474
5466
5465
5463
5462
5460
5454
5454
5453
5450
5443
5440
5437
5430
5428
5415
5415
5414
5413
5412
5411
5410
5408
5407
5407
5404
5403
5402
5397
5391
5390
5387
5387
5381
5376
5374
5374
5368
5362
5357
5355
5355
5351
5345
5343
5341
5338
5337
5337
5335
5330
5324
5324
5317
5313
5306
5302
5299
5295
5290
5289
5283
5278
5275
5273
5270
5265
5261
5260
5253
5252
5251
5251
5248
5243
5237
5236
5230
5229
5229
5229
5223
5223
5203
5201
5200
5199
5198
5194
5189
5187
5186
5182
5180
5176
5175
5172
5170
5167
5165
5157
5157
5151
5150
5149
5142
5138
5137
5135
5128
5115
5111
5110
5108
5108
5108
5105
5105
5104
5104
5104
5101
5099
5093
5090
5089
5084
5084
5083
5080
5080
5077
5076
5070
5069
5068
5065
5054
5047
5044
5040
5038
5037
5035
5032
5030
5029
5026
5021
5017
5016
5015
5008
5005
4995
4993
4988
4986
4983
4981
4979
4977
4972
4969
4968
4961
4961
4959
4957
4955
4953
4942
4934
4934
4929
4924
4921
4920
4920
4914
4912
4911
4907
4899
4889
4887
4882
4881
4871
4866
4865
4861
4856
4845
4841
4836
4836
4835
4835
4835
4833
4833
4830
4829
4827
4827
4824
4819
4818
4818
4815
4811
4811
4809
4807
4807
4803
4800
4800
4799
4798
4794
4793
4790
4789
4783
4772
4770
4762
4762
4755
4750
4750
4747
4745
4739
4738
4736
4734
4732
4730
4729
4728
4728
4725
4722
4719
4717
4713
4711
4711
4709
4706
4706
4705
4701
4696
4696
4695
4695
4694
4692
4687
4686
4684
4683
4681
4677
4676
4675
4675
4668
4664
4663
4662
4661
4661
4660
4656
4656
4650
4650
4649
4648
4645
4642
4642
4641
4640
4639
4638
4638
4634
4632
4632
4630
4627
4625
4624
4621
4617
4617
4616
4613
4612
4608
4608
4604
4604
4603
4601
4601
4599
4597
4596
4596
4588
4585
4608
4580
4578
4575
4567
4566
4561
4560
4559
4552
4550
4545
4544
4535
4535
4533
4533
4533
4528
4527
4525
4523
4522
4522
4521
4519
4519
4510
4505
4505
4500
4498
4493
4492
4492
4490
4489
4488
4480
4478
4478
4477
4470
4469
4467
4466
4461
4457
4453
4453
4452
4449
4447
4447
4446
4441
4440
4435
4428
4422
4415
4415
4414
4410
4409
4408
4399
4393
4390
4388
4387
4387
4382
4381
4379
4376
4373
4370
4370
4368
4367
4366
4365
4364
4364
4362
4360
4359
4356
4353
4353
4352
4350
4349
4347
4346
4343
4340
4336
4335
4332
4332
4331
4328
4327
4325
4324
4323
4320
4319
4316
4316
4315
4315
4312
4308
4308
4307
4306
4306
4303
4302
4301
4300
4300
4300
4300
4298
4296
4292
4290
4286
4285
4279
4278
4277
4276
4272
4269
4267
4265
4265
4265
4264
4263
4257
4254
4248
4246
4244
4243
4241
4237
4236
4236
4232
4231
4230
4229
4229
4225
4221
4221
4220
4220
4217
4213
4206
4205
4204
4198
4197
4194
4192
4187
4184
4182
4177
4175
4174
4173
4171
4169
4167
4167
4164
4160
4158
4157
4148
4147
4145
4145
4144
4144
4143
4142
4141
4137
4135
4133
4131
4124
4124
4119
4118
4118
4117
4117
4116
4115
4115
4108
4105
4105
4105
4103
4103
4101
4098
4096
4095
4095
4089
4089
4088
4086
4086
4082
4082
4080
4079
4073
4069
4068
4063
4062
4061
4055
4053
4053
4052
4050
4044
4041
4041
4040
4040
4039
4038
4036
4036
4034
4030
4025
4023
4022
4020
4017
4015
4014
4004
4001
4000
3999
3998
3995
3992
3991
3991
3987
3987
3985
3984
3980
3977
3979
3974
3973
3971
3970
3969
3967
3966
3966
3963
3960
3956
3955
3954
3953
3950
3948
3947
3945
3944
3943
3941
3932
3932
3931
3930
3927
3925
3925
3924
3924
3916
3928
3912
3912
3912
3906
3906
3906
3905
3895
3895
3894
3894
3894
3892
3890
3888
3887
3885
3885
3880
3879
3876
3875
3896
3872
3871
3868
3868
3866
3865
3864
3864
3862
3860
3859
3859
3858
3858
3857
3855
3855
3852
3852
3851
3849
3849
3846
3843
3841
3839
3838
3837
3835
3834
3825
3824
3823
3822
3822
3821
3821
3818
3817
3817
3816
3815
3814
3812
3811
3805
3804
3802
3802
3800
3798
3796
3807
3796
3794
3794
3794
3790
3789
3788
3787
3786
3786
3786
3784
3783
3782
3781
3781
3780
3778
3777
3777
3776
3775
3775
3773
3770
3769
3768
3768
3761
3760
3757
3756
3755
3755
3754
3754
3754
3753
3750
3750
3750
3748
3746
3744
3744
3743
3741
3740
3739
3738
3737
3736
3736
3735
3734
3731
3731
3730
3727
3721
3721
3721
3720
3715
3713
3713
3711
3708
3707
3707
3707
3706
3706
3705
3704
3703
3702
3701
3700
3700
3699
3699
3697
3696
3693
3691
3691
3689
3688
3686
3685
3687
3680
3679
3679
3675
3675
3674
3671
3668
3666
3665
3664
3663
3661
3661
3660
3660
3655
3653
3633
3650
3648
3647
3646
3643
3642
3642
3638
3635
3634
3629
3628
3626
3626
3626
3625
3624
3622
3622
3621
3619
3619
3618
3617
3617
3616
3614
3614
3613
3607
3607
3607
3606
3606
3606
3604
3604
3604
3603
3600
3600
3598
3598
3597
3596
3596
3594
3594
3593
3593
3592
3592
3591
3590
3590
3588
3586
3586
3584
3583
3583
3582
3582
3579
3576
3573
3570
3569
3569
3568
3563
3557
3557
3554
3552
3548
3545
3545
3545
3544
3544
3544
3542
3541
3539
3539
3534
3532
3531
3530
3530
3530
3529
3529
3528
3527
3527
3526
3522
3522
3522
3517
3517
3517
3512
3512
3512
3511
3510
3509
3509
3508
3507
3507
3507
3505
3505
3504
3502
3500
3500
3498
3498
3496
3495
3490
3489
3489
3489
3488
3487
3485
3482
3482
3479
3478
3477
3475
3473
3470
3465
3464
3464
3463
3463
3463
3462
3461
3461
3461
3460
3458
3458
3457
3456
3456
3456
3455
3455
3452
3452
3451
3449
3446
3445
3444
3444
3444
3444
3443
3442
3441
3440
3436
3436
3435
3435
3433
3432
3432
3431
3429
3429
3428
3422
3422
3419
3418
3417
3414
3413
3412
3410
3410
3409
3408
3408
3406
3406
3405
3404
3404
3401
3401
3400
3399
3399
3398
3396
3396
3394
3394
3393
3387
3386
3385
3385
3383
3383
3381
3380
3379
3379
3379
3378
3378
3378
3378
3377
3377
3376
3374
3373
3373
3369
3368
3368
3365
3363
3362
3361
3358
3357
3355
3354
3354
3354
3351
3350
3349
3349
3348
3347
3346
3343
3341
3341
3339
3339
3336
3334
3334
3332
3331
3331
3330
3329
3327
3327
3324
3323
3320
3320
3320
3319
3318
3316
3313
3313
3312
3312
3311
3353
3307
3305
3302
3301
3296
3296
3293
3286
3285
3285
3283
3282
3281
3281
3280
3279
3278
3278
3276
3276
3276
3274
3273
3273
3272
3272
3272
3269
3268
3266
3265
3264
3262
3262
3260
3259
3255
3254
3254
3252
3251
3249
3248
3246
3245
3244
3243
3242
3242
3241
3236
3236
3235
3233
3232
3230
3229
3228
3227
3225
3225
3223
3222
3222
3221
3218
3217
3217
3217
3217
3217
3217
3213
3212
3212
3211
3208
3207
3203
3201
3201
3200
3200
3198
3196
3194
3194
3193
3191
3190
3189
3188
3187
3185
3183
3183
3182
3181
3176
3172
3171
3171
3169
3169
3167
3166
3165
3164
3164
3163
3161
3160
3157
3157
3154
3153
3153
3153
3152
3151
3151
3150
3149
3145
3145
3144
3141
3141
3139
3137
3136
3136
3134
3132
3131
3130
3129
3129
3127
3125
3125
3125
3124
3124
3124
3123
3123
3122
3121
3119
3119
3118
3118
3117
3114
3114
3113
3113
3112
3112
3111
3108
3108
3108
3107
3106
3104
3104
3104
3102
3100
3100
3100
3099
3096
3096
3095
3094
3093
3093
3092
3092
3091
3089
3089
3088
3087
3087
3085
3084
3084
3084
3084
3083
3082
3081
3081
3079
3078
3077
3076
3076
3075
3074
3073
3073
3072
3071
3070
3069
3069
3069
3069
3068
3067
3066
3065
3065
3064
3064
3062
3062
3062
3062
3059
3058
3058
3058
3057
3057
3056
3056
3055
3054
3053
3052
3051
3051
3051
3049
3047
3047
3045
3044
3043
3043
3042
3042
3041
3041
3041
3040
3039
3038
3036
3034
3031
3030
3030
3030
3029
3029
3026
3025
3024
3024
3023
3022
3021
3019
3018
3017
3016
3016
3014
3014
3013
3012
3010
3009
3008
3008
3008
3008
3007
3007
3006
3005
3004
3002
3001
3001
3000
3000
