994333
568886
525144
502199
433125
387050
385321
373819
319137
309954
287332
280687
231432
226099
210281
203604
199007
178056
176771
175312
174970
172237
171940
170655
167737
165773
150519
149918
148323
146700
144166
142308
142153
136959
135042
132137
131074
127529
127402
126842
124039
123320
120279
119861
118034
115866
114342
109844
106360
104982
101378
98428
98355
98251
98095
94546
92093
87377
87048
86188
86147
85371
84874
84578
82898
82469
82090
80687
78711
77458
76521
76238
75617
75609
74371
74219
73375
71914
71669
69440
69344
69083
68640
67305
67156
66988
66912
66737
66224
65438
62742
62489
61979
61862
61779
61124
61119
60846
60729
60527
60494
60066
59967
59938
59631
58440
58079
58027
57682
56657
56648
56643
56576
56479
56451
56377
56294
56237
56056
55671
55477
54837
54803
54398
54019
53573
53492
52237
52139
51852
50711
50334
50093
50098
50048
49966
49612
49464
49355
49172
49082
48758
48704
48581
48463
48305
48240
48023
47867
47792
47717
46952
46905
46753
46410
46240
46225
46102
45971
45828
44931
44826
44764
44562
44485
44374
44252
44228
43696
43524
43521
43293
43173
42987
42952
42941
42939
42891
42723
42682
42595
42339
42291
42097
41942
41653
41615
41611
41473
41156
41067
40843
40837
40811
40767
40698
40360
40334
40212
40186
40147
40145
40101
39880
39684
39683
39481
39445
39327
39285
39276
39179
39103
39085
39071
38934
38879
38776
38742
38678
38554
38390
38362
38325
38090
38029
37945
37860
37854
37755
37738
37340
37261
37250
37212
37025
36956
36729
36646
36555
36473
36468
36375
36349
36183
36043
35990
35956
35785
35700
35643
35614
35444
35285
35110
35107
35025
34852
34623
34590
34528
34492
34453
34448
34385
34377
34325
34247
34244
33901
33889
33767
33669
33584
33549
33490
33268
33212
33190
33188
33129
32968
32836
32790
32776
32677
32521
32451
32437
32420
32399
32374
32361
32354
32323
32145
31987
31971
31847
31829
31802
31753
31681
31526
31521
31471
31342
31337
31208
31046
31017
30854
30787
30767
30705
30644
30571
30533
30472
30395
30250
30171
30166
30162
30118
30076
30013
29986
29982
29916
29891
29746
29697
29618
29600
29554
29510
29500
29497
29482
29358
29300
29274
29268
29190
29157
29140
29130
29013
28908
28854
28783
28767
28682
28656
28546
28531
28531
28492
28488
28482
28474
28411
28399
28292
28204
28173
28083
28078
28054
28043
28043
27980
27871
27864
27847
27734
27701
27669
27652
27510
27504
27480
27429
27414
27413
27329
27285
27284
27143
27094
27058
27053
26997
26996
26865
26856
26850
26841
26814
26729
26709
26674
26645
26634
26586
26575
26570
26508
26505
26496
26437
26403
26394
26191
26188
26185
26166
26082
26068
26062
26025
25964
25921
25917
25913
25898
25858
25815
25803
25774
25728
25723
25694
25681
25649
25616
25555
25550
25489
25479
25441
25423
25418
25397
25218
25175
25150
25136
25055
24964
24923
24894
24864
24808
24768
24565
24507
24427
24341
24306
24275
24248
24238
24142
24142
24086
24066
24056
24006
23986
23937
23924
23867
23831
23811
23798
23767
23766
23649
23602
23587
23536
23504
23499
23445
23390
23388
23321
23291
23277
23193
23157
23142
23110
23084
23055
23041
22991
22933
22927
22885
22883
22823
22791
22767
22766
22745
22721
22706
22705
22687
22638
22611
22571
22542
22527
22512
22487
22459
22445
22420
22406
22378
22357
22325
22303
22301
22288
22076
22069
22044
22032
22029
21984
21967
21933
21915
21876
21870
21869
21843
21815
21786
21751
21741
21709
21653
21642
21610
21581
21580
21527
21520
21479
21451
21386
21357
21341
21195
21287
21245
21224
21143
21122
21118
21089
21083
21079
21078
21031
21015
20992
20990
20968
20965
20946
20873
20871
20806
20792
20769
20749
20749
20713
20688
20565
20545
20543
20531
20529
20521
20497
20451
20442
20436
20436
20432
20420
20371
20347
20341
20339
20233
20216
20202
20172
20166
20164
20124
20103
20081
20051
20043
20035
20018
19965
19948
19914
19890
19877
19869
19838
19834
19827
19825
19758
19713
19692
19678
19677
19662
19633
19626
19607
19513
19508
19504
19500
19488
19480
19468
19425
19399
19349
19329
19316
19308
19305
19287
19272
19270
19268
19241
19231
19227
19215
19205
19189
19181
19117
19071
19056
19028
19027
19013
18989
18981
18966
18906
18904
18890
18888
18866
18861
18861
18859
18851
18785
18760
18757
18748
18739
18713
18705
18696
18695
18679
18664
18579
18554
18549
18531
18519
18490
18476
18473
18461
18453
18448
18443
18365
18365
18332
18322
18305
18298
18267
18243
18198
18152
18132
18118
18091
18079
18059
18057
18025
17983
17983
17976
17965
17959
17957
17936
17933
17888
17887
17886
17867
17843
17814
17789
17776
17760
17730
17718
17704
17681
17680
17668
17648
17605
17600
17563
17550
17542
17478
17477
17476
17460
17434
17389
17385
17373
17354
17350
17337
17301
17301
17236
17229
17224
17205
17202
17184
17137
17136
17135
17093
17087
17067
17065
17059
17051
17036
16994
16980
16973
16966
16958
16945
16941
16928
16920
16918
16892
16846
16818
16814
16802
16783
16780
16759
16746
16737
16733
16692
16658
16647
16644
16634
16631
16600
16595
16577
16569
16568
16566
16561
16512
16478
16468
16457
16438
16430
16427
16398
16374
16354
16348
16336
16328
16327
16313
16304
16271
16268
16266
16241
16226
16212
16205
16201
16178
16154
16151
16139
16132
16119
16103
16094
16091
16074
16071
16039
16025
16002
15988
15982
15978
15959
15951
15936
15926
15915
15909
15901
15869
15876
15874
15856
15843
15841
15823
15805
15802
15770
15725
15722
15689
15688
15684
15674
15664
15647
15633
15612
15607
15586
15569
15569
15561
15533
15507
15496
15486
15478
15460
15457
15451
15443
15399
15398
15384
15378
15369
15369
15366
15352
15352
15344
15342
15336
15332
15323
15294
15284
15279
15278
15278
15276
15263
15247
15243
15238
15235
15234
15225
15221
15220
15217
15205
15202
15197
15180
15165
15150
15146
15127
15125
15113
15105
15105
15085
15064
15063
15053
15033
15028
15022
15019
15009
15007
14991
14990
14984
14980
14975
14939
14922
14888
14885
14866
14849
14837
14814
14796
14796
14795
14756
14738
14729
14721
14715
14710
14695
14671
14664
14656
14635
14629
14626
14614
14614
14613
14587
14580
14578
14575
14547
14556
14551
14546
14527
14514
14504
14497
14494
14494
14459
14455
14453
14450
14447
14447
14446
14444
14438
14423
14419
14407
14383
14372
14368
14366
14364
14348
14344
14334
14334
14296
14284
14266
14261
14259
14240
14234
14231
14225
14200
14186
14182
14172
14151
14147
14131
14130
14121
14106
14106
14105
14102
14092
14089
14063
13998
13976
13973
13943
13934
13925
13916
13912
13911
13892
13888
13882
13869
13860
13840
13833
13820
13794
13782
13780
13776
13775
13770
13759
13755
13749
13747
13737
13735
13730
13722
13705
13698
13683
13672
13664
13647
13645
13643
13642
13636
13621
13618
13611
13591
13561
13557
13542
13525
13518
13502
13485
13484
13481
13468
13465
13461
13443
13440
13422
13401
13368
13361
13317
13309
13277
13266
13242
13236
13219
13206
13202
13194
13183
13173
13172
13165
13144
13132
13130
13114
13110
13101
13097
13064
13053
13023
13022
13004
12987
12983
12955
12941
12941
12934
12921
12897
12895
12890
12888
12874
12865
12863
12841
12820
12813
12786
12774
12770
12767
12762
12761
12753
12744
12737
12736
12736
12729
12727
12726
12720
12682
12679
12676
12668
12651
12650
12647
12636
12635
12620
12596
12576
12565
12564
12561
12559
12541
12532
12519
12503
12502
12495
12490
12486
12481
12481
12449
12446
12440
12439
12437
12436
12434
12433
12430
12400
12375
12374
12370
12365
12335
12326
12325
12325
12319
12318
12311
12292
12285
12285
12285
12273
12261
12245
12241
12238
12235
12229
12207
12207
12202
12190
12189
12166
12164
12154
12150
12146
12137
12135
12135
12132
12131
12123
12123
12118
12092
12084
12062
12047
12044
12042
12009
11996
11985
11984
11982
11963
11930
11927
11922
11910
11904
11896
11891
11875
11867
11861
11857
11855
11841
11839
11839
11838
11832
11822
11819
11817
11817
11793
11782
11777
11771
11762
11757
11752
11746
11739
11738
11733
11731
11730
11729
11725
11721
11706
11700
11699
11698
11696
11693
11679
11675
11669
11650
11640
11632
11631
11629
11622
11619
11609
11593
11592
11591
11590
11586
11576
11559
11543
11539
11536
11532
11489
11488
11480
11476
11466
11444
11438
11433
11429
11426
11420
11405
11405
11391
11387
11386
11384
11383
11379
11355
11346
11344
11332
11324
11317
11312
11298
11293
11285
11278
11277
11274
11272
11271
11267
11258
11217
11203
11201
11190
11189
11189
11185
11180
11169
11167
11162
11145
11142
11126
11111
11107
11094
11072
11068
11066
11045
11037
11037
11035
11035
11026
11020
11002
11000
10992
10986
10984
10973
10969
10966
10960
10958
10951
10945
10944
10938
10937
10931
10917
10916
10896
10894
10889
10882
10878
10874
10872
10870
10869
10861
10854
10853
10847
10845
10844
10836
10830
10826
10824
10811
10802
10796
10794
10790
10786
10783
10783
10770
10765
10763
10762
10758
10758
10757
10757
10750
10714
10713
10703
10700
10692
10687
10684
10684
10680
10679
10676
10669
10668
10663
10646
10644
10643
10642
10628
10627
10626
10621
10618
10617
10616
10615
10614
10610
10607
10589
10585
10584
10574
10565
10558
10548
10536
10529
10526
10524
10518
10513
10508
10502
10489
10489
10473
10473
10470
10468
10466
10466
10464
10463
10460
10458
10457
10456
10456
10451
10451
10447
10445
10443
10438
10434
10426
10424
10419
10416
10404
10403
10401
10400
10400
10398
10389
10386
10378
10363
10362
10340
10337
10336
10324
10316
10313
10311
10308
10301
10298
10289
10289
10279
10271
10263
10258
10254
10253
10252
10249
10247
10239
10237
10231
10230
10222
10219
10218
10208
10207
10207
10206
10203
10200
10198
10196
10195
10181
10170
10170
10166
10165
10159
10156
10145
10141
10135
10122
10121
10120
10116
10109
10090
10082
10079
10075
10070
10068
10066
10055
10047
10040
10038
10034
10030
10025
10016
10009
10005
9994
9994
9978
9964
9963
9963
9961
9950
9946
9943
9937
9930
9926
9921
9917
9911
9909
9898
9891
9888
9856
9852
9852
9835
9819
9808
9805
9802
9796
9793
9791
9775
9769
9762
9760
9759
9759
9759
9756
9754
9741
9736
9731
9731
9723
9721
9711
9703
9703
9702
9700
9694
9689
9688
9684
9680
9673
9668
9667
9665
9665
9653
9649
9645
9644
9641
9629
9617
9615
9614
9605
9601
9593
9581
9572
9572
9570
9569
9566
9560
9559
9555
9552
9546
9539
9535
9534
9529
9526
9524
9519
9513
9508
9505
9504
9503
9502
9500
9496
9493
9490
9490
9490
9488
9482
9477
9477
9476
9468
9462
9454
9445
9437
9435
9432
9429
9423
9422
9416
9414
9409
9406
9393
9391
9388
9382
9380
9373
9372
9364
9359
9359
9353
9351
9349
9337
9331
9324
9318
9309
9302
9302
9299
9299
9299
9297
9294
9292
9291
9290
9283
9281
9279
9272
9269
9252
9248
9246
9241
9240
9239
9236
9236
9233
9230
9230
9227
9224
9218
9216
9211
9205
9199
9194
9191
9191
9179
9178
9178
9177
9175
9167
9166
9157
9154
9142
9141
9136
9133
9118
9117
9115
9112
9104
9101
9100
9097
9089
9082
9081
9062
9060
9052
9046
9042
9038
9036
9030
9026
9025
9024
9024
9015
9000
8996
8995
8991
8991
8990
8979
8968
8963
8952
8951
8936
8935
8934
8932
8931
8928
8925
8923
8918
8918
8916
8915
8913
8911
8909
8907
8905
8904
8903
8899
8898
8897
8869
8867
8866
8864
8839
8837
8836
8835
8832
8819
8813
8809
8807
8803
8796
8793
8792
8791
8786
8771
8758
8750
8730
8727
8727
8727
8726
8726
8723
8721
8721
8720
8717
8714
8713
8707
8700
8696
8695
8685
8678
8671
8666
8662
8659
8656
8653
8651
8649
8640
8639
8638
8625
8620
8617
8617
8614
8609
8607
8598
8595
8592
8591
8585
8584
8583
8578
8566
8564
8557
8549
8542
8537
8534
8531
8525
8515
8511
8508
8497
8494
8490
8490
8488
8488
8482
8473
8466
8465
8460
8460
8456
8455
8455
8453
8450
8448
8445
8436
8436
8434
8432
8428
8428
8418
8415
8413
8405
8398
8389
8388
8382
8382
8376
8376
8372
8369
8368
8365
8364
8363
8357
8355
8354
8337
8335
8335
8335
8331
8330
8330
8326
8324
8323
8323
8316
8315
8310
8304
8304
8299
8297
8281
8281
8279
8264
8263
8262
8259
8254
8251
8245
8240
8240
8239
8235
8230
8229
8227
8225
8213
8213
8211
8210
8207
8202
8191
8191
8189
8174
8173
8168
8165
8162
8157
8156
8153
8148
8145
8144
8143
8142
8133
8132
8131
8129
8125
8125
8122
8119
8118
8115
8114
8105
8104
8100
8096
8095
8091
8107
8085
8083
8082
8070
8067
8063
8058
8053
8050
8047
8039
8030
8028
8026
8025
8021
8018
8017
8015
8014
8012
8011
8008
8006
8004
7998
7977
7973
7973
7972
7970
7963
7955
7953
7951
7950
7950
7950
7948
7945
7944
7944
7942
7941
7929
7927
7926
7924
7921
7921
7915
7913
7906
7906
7903
7889
7880
7879
7878
7877
7876
7875
7872
7869
7869
7867
7866
7863
7862
7852
7849
7843
7833
7832
7825
7824
7821
7816
7815
7812
7809
7809
7807
7807
7806
7805
7804
7800
7796
7796
7795
7795
7792
7784
7781
7778
7775
7770
7767
7763
7760
7760
7754
7753
7741
7741
7739
7735
7730
7725
7725
7722
7719
7718
7716
7716
7715
7711
7711
7711
7703
7701
7697
7696
7694
7692
7692
7684
7684
7683
7682
7682
7678
7678
7677
7672
7671
7671
7669
7668
7660
7659
7658
7653
7651
7651
7650
7649
7648
7648
7644
7641
7640
7640
7640
7636
7632
7629
7626
7625
7625
7622
7621
7619
7618
7615
7614
7609
7609
7607
7606
7601
7598
7594
7588
7588
7584
7581
7580
7579
7576
7574
7569
7567
7566
7566
7561
7557
7556
7550
7545
7542
7540
7539
7533
7532
7526
7525
7525
7524
7523
7520
7517
7515
7514
7512
7512
7509
7508
7508
7502
7501
7488
7483
7480
7479
7474
7472
7471
7469
7464
7464
7460
7453
7449
7449
7444
7442
7441
7439
7423
7418
7415
7405
7396
7394
7393
7391
7390
7387
7387
7382
7381
7379
7374
7369
7368
7364
7361
7356
7355
7351
7349
7349
7344
7335
7331
7330
7322
7322
7320
7319
7319
7315
7314
7314
7298
7293
7288
7288
7286
7285
7279
7278
7275
7274
7274
7274
7273
7268
7267
7265
7260
7260
7250
7247
7246
7240
7237
7236
7234
7234
7229
7221
7217
7216
7211
7211
7210
7201
7200
7197
7191
7190
7187
7185
7184
7183
7181
7180
7179
7178
7176
7175
7173
7171
7169
7167
7166
7166
7163
7162
7159
7157
7150
7150
7149
7149
7147
7143
7141
7140
7135
7129
7128
7125
7122
7121
7120
7120
7119
7118
7118
7117
7116
7116
7114
7112
7110
7105
7100
7099
7097
7097
7096
7092
7091
7084
7083
7081
7079
7075
7071
7071
7069
7069
7068
7068
7067
7065
7065
7061
7059
7055
7054
7052
7046
7044
7041
7036
7031
7031
7029
7025
7019
7018
7018
7016
7016
7014
7014
7009
6997
6995
6994
6994
6987
6982
6981
6980
6979
6977
6976
6973
6967
6966
6966
6964
6963
6963
6952
6947
6946
6945
6942
6941
6939
6939
6939
6937
6936
6933
6933
6933
6928
6928
6927
6921
6920
6920
6920
6919
6914
6913
6907
6905
6905
6904
6904
6899
6896
6890
6889
6888
6884
6878
6875
6875
6875
6872
6872
6871
6869
6867
6865
6864
6864
6857
6857
6856
6856
6855
6855
6855
6850
6850
6839
6838
6833
6828
6826
6820
6819
6818
6812
6808
6806
6806
6806
6805
6802
6799
6798
6797
6792
6790
6785
6785
6785
6783
6782
6782
6781
6779
6778
6777
6777
6777
6776
6775
6768
6768
6767
6764
6764
6761
6756
6755
6755
6754
6748
6747
6740
6735
6727
6726
6724
6720
6720
6716
6714
6707
6707
6705
6704
6703
6701
6700
6699
6698
6697
6695
6692
6689
6689
6688
6686
6682
6678
6676
6676
6674
6669
6667
6661
6660
6659
6657
6656
6656
6656
6655
6654
6651
6647
6645
6645
6644
6644
6643
6640
6638
6636
6630
6628
6623
6620
6615
6614
6611
6611
6608
6608
6608
6605
6602
6600
6598
6597
6592
6581
6581
6580
6579
6576
6574
6572
6567
6565
6563
6563
6562
6561
6561
6560
6557
6554
6554
6553
6549
6548
6547
6546
6545
6545
6542
6541
6539
6539
6538
6536
6536
6533
6532
6530
6529
6529
6527
6524
6521
6519
6519
6510
6510
6507
6506
6506
6503
6500
6499
6492
6491
6490
6488
6480
6479
6478
6476
6475
6475
6474
6474
6470
6468
6467
6465
6462
6457
6451
6446
6446
6443
6441
6438
6437
6435
6431
6431
6429
6428
6426
6426
6426
6425
6423
6419
6418
6418
6415
6414
6412
6410
6406
6406
6404
6404
6403
6403
6399
6396
6396
6394
6392
6390
6389
6389
6388
6388
6386
6385
6384
6383
6382
6381
6381
6379
6378
6376
6375
6371
6369
6366
6366
6364
6362
6362
6360
6355
6354
6353
6352
6351
6350
6349
6346
6343
6342
6341
6339
6337
6335
6334
6334
6332
6331
6331
6328
6325
6322
6320
6318
6314
6313
6312
6310
6303
6300
6300
6295
6291
6290
6288
6287
6287
6286
6285
6284
6283
6283
6283
6282
6279
6279
6276
6275
6270
6268
6268
6267
6264
6263
6260
6259
6259
6256
6256
6253
6252
6252
6251
6250
6249
6249
6248
6246
6243
6242
6239
6232
6232
6230
6230
6226
6226
6226
6225
6225
6225
6221
6216
6211
6211
6205
6202
6201
6199
6199
6199
6192
6189
6184
6184
6180
6180
6179
6179
6179
6177
6176
6175
6174
6174
6172
6171
6170
6166
6166
6160
6159
6159
6157
6156
6156
6155
6154
6153
6153
6153
6152
6151
6150
6149
6149
6149
6148
6147
6146
6145
6141
6138
6136
6134
6133
6132
6132
6131
6130
6126
6126
6125
6124
6120
6118
6116
6115
6114
6112
6112
6111
6107
6103
6103
6103
6102
6102
6101
6099
6097
6095
6093
6092
6092
6092
6092
6091
6090
6088
6088
6088
6088
6084
6083
6083
6077
6076
6074
6072
6072
6064
6063
6062
6062
6059
6056
6054
6050
6048
6046
6046
6042
6042
6035
6031
6029
6029
6027
6024
6024
6024
6024
6022
6022
6021
6015
6015
6015
6011
6010
6008
6008
6002
6001
6000
5999
5999
5989
5988
5985
5984
5983
5981
5980
5979
5979
5978
5976
5972
5967
5962
5960
5959
5958
5953
5948
5946
5945
5945
5943
5943
5940
5940
5939
5939
5939
5937
5936
5932
5932
5928
5926
5924
5917
5914
5914
5913
5912
5912
5911
5910
5910
5909
5908
5908
5905
5903
5895
5891
5888
5885
5882
5873
5873
5865
5864
5861
5860
5857
5857
5853
5850
5841
5836
5828
5827
5824
5822
5821
5820
5819
5817
5815
5813
5813
5813
5811
5810
5807
5806
5804
5801
5801
5801
5800
5799
5795
5792
5791
5788
5787
5782
5782
5780
5777
5777
5774
5772
5767
5762
5761
5759
5759
5757
5753
5753
5752
5751
5743
5742
5741
5741
5741
5737
5737
5734
5733
5731
5731
5726
5726
5726
5726
5723
5722
5722
5721
5721
5720
5720
5713
5712
5711
5709
5708
5707
5703
5700
5700
5700
5699
5693
5692
5692
5689
5686
5684
5682
5680
5680
5679
5679
5672
5671
5669
5668
5668
5666
5662
5657
5656
5654
5653
5651
5651
5651
5649
5646
5646
5645
5635
5634
5632
5631
5630
5630
5628
5628
5627
5626
5625
5625
5623
5622
5622
5620
5617
5616
5615
5611
5610
5609
5608
5607
5606
5605
5605
5604
5602
5602
5601
5601
5596
5596
5595
5595
5594
5594
5593
5591
5590
5588
5588
5586
5586
5584
5581
5580
5576
5572
5572
5570
5565
5564
5564
5563
5560
5558
5557
5557
5553
5552
5551
5550
5549
5549
5548
5548
5546
5543
5543
5541
5540
5539
5538
5537
5533
5532
5530
5529
5529
5529
5529
5528
5527
5527
5527
5525
5523
5520
5518
5513
5511
5511
5509
5505
5502
5500
5500
5500
5498
5497
5494
5492
5488
5487
5486
5485
5485
5483
5483
5481
5481
5479
5479
5472
5472
5471
5469
5467
5465
5465
5464
5463
5463
5463
5461
5458
5458
5458
5458
5458
5458
5453
5451
5451
5449
5448
5447
5442
5441
5439
5439
5438
5437
5436
5435
5431
5428
5427
5424
5422
5417
5417
5416
5416
5415
5414
5413
5413
5410
5408
5408
5407
5405
5403
5399
5399
5396
5391
5389
5387
5387
5385
5384
5383
5382
5382
5382
5382
5380
5380
5380
5379
5376
5373
5370
5369
5366
5366
5363
5362
5361
5361
5361
5360
5357
5356
5355
5354
5354
5353
5352
5346
5344
5342
5340
5340
5336
5333
5332
5331
5330
5330
5328
5328
5327
5326
5326
5324
5324
5323
5322
5322
5321
5319
5317
5314
5312
5310
5309
5307
5306
5306
5305
5304
5304
5302
5300
5296
5296
5295
5293
5293
5292
5291
5291
5287
5286
5286
5286
5284
5283
5280
5277
5275
5274
5273
5272
5270
5268
5268
5266
5266
5265
5265
5261
5260
5259
5258
5256
5256
5255
5254
5254
5250
5250
5249
5247
5246
5246
5243
5241
5240
5238
5237
5234
5233
5233
5228
5228
5225
5225
5224
5223
5220
5218
5218
5216
5214
5214
5211
5210
5209
5209
5204
5203
5203
5202
5202
5201
5200
5200
5198
5196
5195
5193
5193
5191
5191
5187
5187
5184
5182
5179
5177
5176
5175
5175
5174
5173
5172
5172
5168
5168
5167
5167
5164
5162
5156
5154
5154
5152
5152
5152
5149
5149
5148
5147
5144
5144
5144
5140
5139
5139
5136
5135
5134
5134
5130
5130
5130
5129
5127
5120
5119
5117
5116
5116
5116
5110
5109
5108
5108
5104
5103
5102
5102
5100
5099
5099
5098
5098
5098
5096
5096
5091
5091
5088
5087
5086
5085
5084
5083
5080
5079
5077
5077
5077
5075
5073
5073
5071
5071
5069
5068
5067
5065
5064
5062
5061
5060
5059
5058
5057
5056
5056
5055
5055
5050
5047
5047
5046
5044
5043
5041
5041
5041
5040
5040
5040
5039
5037
5028
5028
5027
5026
5025
5023
5022
5021
5021
5020
5018
5013
5010
5009
5009
5008
5007
5007
5006
5006
5006
5005
5005
5004
5003
5002
5001
5001
4996
4996
4995
4994
4994
4993
4990
4990
4989
4988
4986
4986
4984
4984
4984
4984
4984
4979
4979
4978
4977
4977
4976
4975
4974
4974
4972
4971
4971
4970
4967
4965
4963
4962
4959
4958
4958
4957
4957
4955
4955
4954
4953
4952
4952
4949
4948
4948
4948
4947
4947
4947
4946
4942
4941
4941
4938
4935
4935
4933
4933
4931
4931
4931
4930
4930
4927
4925
4923
4922
4922
4920
4920
4918
4918
4917
4917
4916
4916
4915
4911
4910
4909
4908
4908
4907
4906
4905
4903
4900
4900
4898
4896
4896
4895
4894
4894
4893
4893
4893
4892
4892
4891
4891
4889
4889
4888
4888
4887
4887
4885
4885
4885
4884
4879
4878
4876
4876
4875
4874
4874
4874
4874
4873
4870
4870
4870
4869
4868
4867
4867
4864
4862
4860
4860
4857
4855
4852
4850
4848
4847
4845
4845
4844
4844
4843
4843
4842
4841
4841
4840
4836
4834
4832
4829
4827
4824
4824
4822
4818
4814
4814
4813
4808
4805
4803
4803
4799
4799
4798
4797
4794
4793
4791
4790
4789
4788
4787
4787
4785
4783
4783
4782
4781
4778
4776
4776
4775
4774
4772
4772
4771
4770
4768
4767
4766
4765
4765
4765
4763
4762
4761
4757
4757
4756
4755
4755
4755
4754
4753
4753
4752
4750
4750
4749
4749
4747
4742
4741
4741
4740
4739
4734
4733
4732
4732
4730
4730
4730
4730
4730
4729
4729
4728
4728
4726
4725
4724
4720
4719
4715
4715
4715
4715
4713
4713
4712
4712
4709
4709
4709
4708
4708
4708
4707
4705
4705
4704
4702
4700
4699
4698
4697
4697
4696
4695
4695
4695
4694
4693
4693
4692
4690
4689
4689
4689
4688
4688
4688
4688
4686
4686
4683
4679
4679
4678
4678
4678
4676
4676
4674
4673
4673
4672
4671
4671
4669
4667
4667
4664
4664
4663
4663
4658
4657
4657
4657
4657
4654
4653
4653
4651
4651
4650
4650
4648
4648
4648
4647
4647
4646
4646
4644
4641
4640
4639
4639
4639
4638
4636
4634
4634
4634
4630
4627
4627
4623
4623
4622
4622
4622
4622
4621
4621
4620
4619
4618
4617
4616
4615
4615
4615
4614
4614
4614
4612
4607
4606
4604
4603
4602
4601
4601
4598
4598
4598
4597
4595
4593
4593
4592
4592
4592
4591
4591
4589
4589
4589
4589
4587
4587
4587
4585
4584
4583
4582
4582
4579
4578
4578
4578
4577
4576
4576
4575
4575
4575
4574
4574
4574
4574
4572
4572
4571
4571
4570
4570
4570
4570
4568
4568
4568
4568
4567
4567
4566
4566
4566
4566
4564
4563
4562
4562
4561
4561
4561
4559
4558
4558
4557
4557
4556
4552
4552
4551
4548
4548
4548
4547
4545
4544
4543
4542
4539
4538
4536
4536
4535
4535
4533
4532
4532
4531
4530
4529
4529
4529
4526
4525
4525
4525
4525
4524
4523
4523
4523
4520
4520
4519
4519
4518
4515
4514
4513
4512
4512
4511
4511
4510
4508
4506
4505
4503
4502
4501
4500
4499
4494
4493
4493
4488
4488
4488
4485
4484
4484
4481
4479
4479
4479
4478
4478
4475
4475
4474
4472
4472
4472
4472
4471
4471
4470
4469
4468
4468
4468
4468
4467
4466
4466
4465
4464
4463
4462
4461
4460
4460
4458
4458
4454
4454
4453
4452
4451
4451
4451
4450
4446
4445
4443
4442
4440
4438
4438
4438
4438
4438
4435
4434
4434
4433
4432
4431
4429
4427
4425
4424
4424
4423
4422
4421
4420
4420
4420
4418
4417
4417
4416
4416
4415
4412
4411
4410
4410
4407
4407
4404
4404
4402
4402
4399
4398
4395
4395
4395
4394
4393
4393
4391
4391
4390
4390
4389
4386
4384
4384
4384
4381
4381
4381
4379
4378
4375
4375
4375
4373
4373
4373
4372
4372
4371
4371
4370
4369
4369
4369
4366
4366
4365
4364
4364
4363
4362
4361
4360
4359
4358
4358
4357
4355
4354
4354
4353
4352
4352
4352
4351
4350
4349
4349
4348
4348
4347
4345
4343
4341
4340
4340
4339
4338
4337
4337
4335
4334
4333
4333
4333
4333
4331
4331
4331
4330
4327
4327
4327
4327
4327
4324
4324
4324
4324
4322
4322
4320
4320
4319
4319
4319
4318
4318
4316
4316
4315
4311
4311
4311
4311
4308
4308
4308
4307
4306
4304
4302
4300
4299
4298
4297
4297
4296
4296
4295
4290
4290
4290
4289
4289
4288
4286
4284
4284
4284
4283
4283
4283
4282
4280
4280
4279
4279
4277
4277
4276
4276
4276
4275
4274
4274
4274
4273
4272
4272
4272
4271
4271
4269
4267
4266
4266
4265
4264
4263
4262
4261
4261
4261
4260
4259
4258
4255
4255
4254
4253
4252
4251
4250
4249
4248
4247
4247
4246
4246
4245
4243
4242
4241
4241
4239
4237
4235
4235
4233
4232
4232
4229
4229
4228
4228
4226
4226
4226
4226
4226
4225
4225
4224
4224
4224
4223
4222
4220
4219
4218
4215
4214
4213
4211
4211
4211
4209
4205
4204
4203
4203
4203
4202
4202
4199
4198
4198
4197
4195
4195
4193
4192
4190
4188
4188
4187
4185
4184
4183
4180
4179
4178
4178
4177
4176
4176
4175
4175
4174
4173
4173
4173
4172
4172
4172
4172
4171
4170
4169
4169
4169
4169
4168
4167
4165
4165
4164
4163
4163
4163
4163
4162
4162
4162
4162
4161
4161
4161
4160
4159
4159
4158
4156
4155
4154
4152
4151
4149
4146
4146
4145
4145
4145
4145
4144
4144
4143
4143
4142
4142
4142
4142
4142
4141
4141
4140
4140
4140
4138
4135
4135
4134
4133
4133
4132
4131
4131
4130
4130
4127
4127
4127
4127
4126
4126
4126
4125
4125
4123
4122
4122
4120
4120
4118
4116
4115
4113
4112
4112
4112
4111
4111
4110
4109
4108
4107
4107
4106
4105
4105
4105
4105
4105
4104
4102
4100
4100
4096
4094
4093
4092
4092
4091
4091
4088
4088
4088
4087
4087
4086
4086
4085
4084
4083
4083
4082
4082
4082
4081
4081
4081
4081
4080
4080
4077
4076
4076
4076
4076
4076
4075
4074
4069
4069
4069
4069
4068
4066
4066
4066
4065
4065
4065
4063
4061
4060
4060
4060
4060
4059
4059
4058
4058
4058
4056
4053
4053
4050
4050
4049
4048
4047
4046
4043
4042
4041
4041
4039
4038
4038
4038
4038
4037
4036
4036
4034
4033
4032
4032
4030
4030
4030
4030
4029
4029
4028
4028
4027
4027
4027
4026
4025
4025
4023
4023
4019
4019
4019
4018
4018
4017
4017
4016
4016
4015
4015
4015
4014
4014
4013
4011
4011
4007
4005
4001
4001
4001
3999
3998
3997
3996
3996
3994
3994
3993
3992
3992
3991
3988
3987
3987
3984
3984
3983
3980
3980
3979
3979
3978
3975
3974
3973
3973
3973
3972
3972
3972
3970
3970
3969
3968
3968
3968
3967
3965
3965
3962
3960
3960
3960
3959
3958
3958
3956
3956
3955
3953
3953
3953
3953
3952
3950
3950
3950
3950
3949
3949
3949
3948
3947
3945
3945
3945
3943
3941
3941
3941
3940
3939
3939
3939
3938
3938
3938
3937
3936
3935
3935
3933
3932
3931
3931
3931
3930
3930
3929
3929
3928
3928
3927
3925
3925
3924
3923
3923
3922
3921
3920
3919
3918
3918
3918
3917
3917
3916
3915
3914
3914
3912
3911
3910
3910
3909
3909
3909
3907
3907
3906
3906
3905
3905
3905
3904
3904
3904
3903
3902
3902
3901
3900
3900
3899
3898
3898
3898
3898
3896
3896
3894
3894
3894
3893
3893
3892
3892
3892
3891
3891
3891
3890
3889
3889
3889
3888
3887
3886
3885
3885
3885
3884
3884
3883
3883
3882
3882
3881
3880
3880
3880
3879
3879
3877
3877
3876
3876
3874
3873
3872
3872
3871
3869
3869
3869
3869
3865
3864
3864
3862
3861
3860
3859
3858
3858
3857
3857
3853
3853
3853
3853
3853
3852
3850
3850
3848
3848
3848
3847
3847
3847
3845
3844
3843
3843
3842
3842
3842
3841
3840
3838
3838
3837
3836
3836
3835
3835
3835
3835
3834
3834
3834
3832
3830
3829
3827
3826
3826
3825
3825
3825
3824
3824
3822
3822
3822
3821
3820
3820
3820
3819
3819
3818
3817
3817
3817
3815
3814
3814
3814
3814
3813
3812
3812
3812
3811
3811
3810
3808
3807
3807
3806
3806
3806
3805
3805
3805
3804
3803
3803
3802
3801
3801
3801
3799
3799
3798
3798
3797
3797
3797
3796
3794
3794
3794
3793
3792
3792
3790
3789
3788
3788
3788
3787
3787
3787
3786
3786
3786
3786
3784
3784
3784
3783
3781
3781
3781
3780
3780
3779
3779
3778
3776
3776
3775
3773
3772
3772
3770
3768
3768
3767
3766
3765
3765
3764
3764
3763
3762
3762
3761
3761
3761
3759
3757
3757
3757
3755
3755
3754
3753
3752
3751
3750
3750
3749
3749
3748
3748
3748
3748
3748
3747
3747
3747
3747
3746
3745
3745
3745
3744
3743
3743
3743
3743
3742
3742
3741
3741
3740
3740
3740
3739
3739
3739
3736
3736
3736
3735
3734
3734
3733
3732
3732
3731
3730
3729
3728
3726
3726
3725
3725
3725
3725
3724
3721
3721
3720
3719
3719
3719
3719
3718
3717
3717
3716
3715
3714
3714
3714
3713
3712
3712
3711
3711
3710
3710
3710
3709
3708
3707
3705
3704
3704
3704
3703
3703
3702
3702
3701
3700
3700
3698
3696
3695
3693
3693
3693
3693
3691
3691
3689
3688
3687
3686
3685
3682
3681
3681
3681
3681
3681
3677
3676
3675
3675
3675
3673
3672
3671
3669
3669
3667
3666
3665
3664
3663
3662
3661
3660
3660
3659
3659
3659
3659
3657
3657
3656
3656
3656
3655
3653
3653
3653
3653
3652
3651
3650
3649
3649
3648
3647
3647
3646
3646
3646
3645
3645
3644
3644
3644
3643
3642
3642
3641
3641
3641
3640
3640
3640
3639
3638
3637
3637
3636
3635
3634
3634
3634
3634
3634
3632
3632
3631
3630
3630
3630
3630
3629
3628
3628
3626
3626
3625
3625
3622
3621
3621
3620
3618
3617
3616
3616
3616
3614
3614
3614
3613
3613
3613
3613
3613
3611
3611
3607
3606
3606
3606
3605
3605
3605
3604
3604
3604
3602
3602
3600
3600
3599
3597
3597
3596
3596
3596
3594
3594
3594
3594
3593
3592
3592
3591
3591
3590
3590
3588
3588
3588
3588
3587
3587
3587
3585
3584
3582
3582
3582
3582
3582
3581
3581
3580
3580
3580
3579
3579
3577
3577
3575
3575
3574
3574
3573
3573
3572
3572
3571
3571
3569
3569
3568
3568
3566
3564
3564
3563
3562
3562
3562
3561
3561
3560
3558
3558
3558
3558
3556
3556
3555
3555
3554
3553
3552
3551
3550
3548
3547
3546
3545
3545
3545
3544
3544
3544
3543
3543
3543
3543
3542
3541
3541
3541
3540
3539
3539
3539
3538
3538
3538
3536
3535
3535
3534
3534
3534
3533
3533
3532
3532
3532
3531
3531
3531
3529
3527
3526
3526
3525
3525
3525
3524
3523
3523
3523
3523
3522
3522
3521
3520
3520
3519
3516
3516
3516
3516
3515
3514
3514
3513
3512
3512
3512
3511
3511
3510
3510
3510
3509
3509
3508
3508
3508
3507
3505
3504
3504
3504
3504
3503
3503
3503
3503
3502
3501
3501
3500
3500
3499
3499
3499
3498
3498
3497
3497
3497
3497
3497
3496
3495
3495
3494
3493
3493
3493
3492
3492
3491
3490
3489
3489
3488
3487
3487
3487
3486
3486
3485
3485
3484
3481
3481
3481
3480
3480
3479
3478
3478
3478
3477
3477
3476
3475
3474
3474
3474
3473
3473
3472
3472
3472
3471
3471
3470
3470
3469
3469
3466
3466
3465
3465
3465
3463
3463
3462
3461
3461
3461
3461
3461
3461
3461
3458
3458
3455
3455
3453
3453
3453
3453
3452
3452
3451
3451
3451
3451
3450
3450
3450
3449
3449
3449
3449
3449
3449
3449
3448
3448
3448
3448
3448
3447
3447
3446
3446
3445
3444
3444
3442
3441
3441
3441
3440
3440
3437
3437
3437
3437
3436
3435
3435
3435
3435
3433
3433
3432
3432
3431
3430
3430
3430
3429
3429
3428
3428
3428
3427
3426
3426
3426
3425
3424
3424
3424
3424
3424
3423
3421
3421
3420
3420
3420
3419
3418
3417
3416
3414
3413
3413
3413
3413
3412
3412
3411
3410
3410
3410
3410
3409
3407
3407
3407
3406
3404
3404
3403
3403
3402
3401
3400
3400
3399
3399
3399
3399
3399
3397
3397
3396
3396
3395
3395
3394
3394
3393
3393
3392
3392
3392
3391
3390
3390
3390
3390
3389
3389
3388
3388
3386
3385
3385
3384
3383
3383
3383
3383
3382
3382
3380
3380
3380
3380
3379
3379
3379
3378
3378
3378
3378
3377
3377
3377
3377
3376
3376
3375
3375
3375
3375
3374
3373
3373
3372
3372
3372
3371
3371
3371
3370
3370
3370
3370
3369
3369
3367
3367
3366
3365
3365
3365
3365
3364
3364
3363
3363
3363
3363
3360
3360
3359
3359
3359
3359
3358
3358
3356
3355
3355
3354
3353
3353
3353
3352
3352
3351
3350
3350
3350
3349
3348
3348
3348
3348
3347
3346
3346
3346
3346
3345
3345
3345
3344
3343
3342
3342
3341
3341
3343
3337
3337
3336
3334
3334
3334
3332
3332
3331
3329
3327
3326
3326
3326
3326
3325
3325
3325
3324
3323
3323
3323
3323
3323
3322
3321
3320
3320
3320
3320
3319
3318
3317
3317
3317
3317
3316
3316
3316
3316
3316
3315
3315
3313
3313
3313
3313
3313
3312
3312
3312
3311
3310
3310
3309
3309
3308
3308
3308
3307
3305
3305
3304
3304
3304
3304
3304
3303
3303
3302
3302
3302
3301
3301
3300
3300
3300
3299
3299
3298
3298
3298
3298
3297
3296
3295
3295
3295
3295
3294
3294
3293
3292
3291
3290
3290
3290
3290
3289
3289
3289
3289
3288
3288
3288
3288
3287
3287
3287
3286
3286
3285
3284
3283
3283
3283
3283
3283
3282
3282
3282
3281
3281
3281
3280
3279
3278
3278
3278
3277
3277
3277
3277
3277
3276
3276
3275
3274
3274
3274
3273
3272
3272
3272
3272
3272
3271
3270
3268
3268
3267
3267
3267
3266
3265
3265
3265
3264
3263
3263
3263
3262
3262
3260
3260
3260
3259
3259
3259
3259
3258
3258
3257
3257
3256
3256
3256
3256
3256
3256
3255
3255
3255
3254
3254
3253
3253
3253
3252
3252
3251
3251
3251
3249
3248
3247
3247
3246
3246
3246
3246
3246
3245
3245
3245
3245
3245
3245
3244
3244
3244
3244
3242
3241
3241
3241
3241
3240
3239
3239
3238
3238
3238
3238
3238
3236
3236
3236
3236
3236
3235
3235
3234
3233
3232
3232
3232
3230
3229
3228
3228
3228
3228
3225
3225
3225
3224
3224
3224
3223
3223
3222
3222
3222
3222
3221
3221
3221
3220
3220
3220
3219
3219
3218
3217
3216
3216
3216
3215
3215
3214
3213
3213
3213
3213
3212
3211
3209
3209
3209
3209
3208
3208
3207
3206
3206
3204
3204
3204
3204
3203
3203
3203
3202
3202
3202
3201
3201
3199
3199
3199
3198
3198
3198
3197
3197
3196
3196
3195
3195
3195
3194
3193
3193
3192
3192
3191
3191
3191
3191
3190
3190
3190
3188
3187
3187
3187
3187
3186
3185
3182
3181
3180
3178
3178
3178
3178
3177
3176
3176
3175
3174
3174
3173
3170
3170
3170
3170
3170
3170
3168
3168
3167
3167
3167
3167
3166
3166
3166
3166
3165
3165
3165
3164
3164
3163
3163
3163
3163
3162
3162
3162
3162
3161
3161
3161
3160
3160
3160
3160
3159
3159
3158
3158
3157
3156
3156
3155
3155
3155
3154
3154
3153
3152
3151
3150
3150
3149
3148
3147
3146
3145
3145
3145
3144
3144
3144
3144
3143
3143
3143
3143
3143
3143
3142
3141
3141
3140
3139
3139
3139
3138
3138
3137
3137
3136
3136
3135
3135
3134
3134
3134
3134
3132
3130
3130
3129
3129
3129
3128
3128
3127
3127
3127
3126
3126
3126
3126
3125
3125
3124
3124
3123
3123
3122
3122
3121
3121
3121
3119
3119
3118
3118
3118
3118
3117
3116
3116
3115
3115
3115
3114
3112
3112
3112
3112
3111
3111
3111
3111
3109
3109
3109
3108
3108
3108
3108
3107
3107
3106
3106
3106
3106
3106
3105
3104
3104
3103
3102
3102
3101
3101
3101
3100
3100
3098
3098
3098
3098
3097
3096
3096
3095
3095
3094
3093
3092
3092
3092
3092
3091
3090
3090
3089
3089
3089
3088
3088
3088
3087
3087
3086
3086
3085
3085
3084
3083
3083
3083
3083
3083
3082
3082
3082
3082
3081
3081
3081
3079
3079
3078
3077
3077
3077
3077
3075
3074
3073
3073
3073
3073
3072
3072
3072
3071
3071
3070
3070
3070
3070
3069
3069
3068
3068
3068
3066
3066
3064
3064
3064
3063
3062
3061
3061
3061
3060
3059
3059
3058
3057
3056
3056
3056
3055
3055
3055
3055
3055
3054
3054
3054
3052
3051
3050
3050
3050
3050
3049
3049
3049
3049
3048
3047
3045
3045
3044
3044
3042
3042
3042
3042
3042
3041
3040
3039
3038
3038
3038
3037
3037
3037
3037
3037
3036
3036
3036
3036
3036
3035
3035
3034
3034
3034
3033
3032
3032
3031
3030
3030
3030
3029
3029
3028
3028
3028
3028
3027
3027
3027
3026
3026
3025
3024
3023
3023
3023
3023
3023
3022
3022
3022
3022
3021
3021
3021
3020
3020
3020
3019
3019
3019
3018
3018
3018
3018
3018
3018
3017
3016
3016
3015
3015
3011
3010
3010
3010
3009
3008
3008
3007
3006
3006
3006
3006
3005
3004
3004
3004
3003
3003
3003
3002
3002
3015
3001
3000
3000
3000
3000
3000
