207670
183527
181301
164681
150065
145491
144106
134279
129244
128982
127716
116255
114862
113568
105410
104711
99269
97635
96572
96273
95370
94268
94180
91693
88479
84727
83415
83174
82821
81528
80952
80093
79120
78955
77121
76517
76029
74175
69610
68838
68277
66872
66830
66052
65940
65189
63452
63367
63005
62632
60902
60526
60465
59914
58651
58475
57817
57584
57394
56714
55874
55047
53168
53148
53145
52431
52127
51811
51483
51392
51150
50553
50255
50120
49854
49629
49157
48534
47923
47888
47279
46984
46481
45783
45468
45268
45234
44920
44550
44295
43678
43501
43344
43149
42932
42913
42766
41129
39997
39136
38807
38459
37719
37692
37503
37143
37112
36764
36411
36096
35903
35632
35522
35445
35408
35370
35238
34868
34692
34680
34603
34474
33984
33898
33883
33757
33577
33560
32612
32539
32534
32327
32096
32037
31991
31773
31528
31331
31312
31172
31143
31122
31069
30490
30458
30312
30311
30076
30020
29929
29837
29728
29369
29336
29193
28958
28476
28468
28404
28363
28361
28221
28142
27861
27691
27626
27472
27307
27246
27172
26923
26797
26734
26728
26679
26661
26649
26495
26430
26385
26341
25944
25935
25869
25827
25686
25583
25490
25438
25276
25204
25037
24985
24951
24909
24844
24838
24647
24508
24462
24371
24289
24123
24093
24022
23908
23852
23797
23734
23722
23681
23483
23477
23416
23372
23305
23304
23220
23116
23110
23034
22920
22892
22815
22723
22722
22583
22553
22544
22462
22322
22302
22298
22275
22256
22104
22050
22013
21955
21942
21920
21781
21740
21710
21696
21664
21558
21493
21484
21475
21331
21266
21246
21001
20957
20832
20828
20809
20792
20748
20719
20716
20710
20682
20680
20639
20568
20553
20510
20491
20462
20438
20234
20222
20183
20170
20121
20101
20015
20006
19981
19778
19635
19618
19617
19593
19533
19492
19489
19426
19415
19388
19245
19074
19020
18981
18960
18941
18923
18883
18827
18824
18798
18782
18722
18688
18627
18544
18513
18419
18348
18328
18302
18283
18215
18063
17971
17954
17915
17858
17838
17760
17750
17711
17676
17615
17596
17586
17551
17538
17526
17523
17516
17506
17492
17477
17466
17413
17401
17331
17281
17231
17211
17183
17180
17168
17096
17088
16962
16929
16904
16843
16771
16764
16715
16699
16662
16587
16567
16516
16465
16449
16442
16430
16426
16424
16302
16238
16152
16124
16121
16112
16087
16082
16057
16045
16034
15930
15913
15808
15793
15776
15662
15652
15628
15609
15590
15524
15522
15520
15435
15396
15378
15372
15342
15302
15271
15261
15253
15162
15018
15015
14893
14876
14857
14854
14836
14737
14697
14688
14644
14517
14514
14504
14501
14499
14415
14405
14382
14346
14307
14306
14290
14283
14275
14245
14223
14204
14183
14176
14166
14157
14140
14130
14119
14116
14083
14074
14073
14051
14044
14038
14035
13968
13967
13945
13906
13883
13851
13850
13775
13761
13737
13712
13653
13646
13638
13638
13538
13497
13466
13453
13417
13397
13394
13380
13376
13356
13331
13316
13312
13307
13286
13256
13252
13233
13195
13186
13146
13125
13066
13065
13054
13034
13026
13009
13008
12963
12945
12916
12915
12910
12907
12845
12788
12776
12764
12726
12724
12705
12670
12652
12649
12644
12625
12586
12562
12519
12496
12483
12471
12467
12459
12385
12368
12327
12288
12280
12240
12225
12214
12188
12178
12162
12134
12110
12075
12071
12059
12027
12006
12003
11998
11994
11981
11979
11972
11965
11948
11909
11886
11876
11869
11863
11851
11809
11805
11796
11786
11764
11762
11729
11681
11677
11643
11638
11627
11623
11601
11524
11519
11500
11472
11468
11458
11447
11433
11427
11426
11415
11387
11385
11373
11372
11353
11308
11290
11276
11271
11271
11265
11249
11247
11220
11109
11108
11078
11073
11066
11063
11050
11041
11034
11024
10985
10982
10982
10981
10926
10912
10869
10852
10849
10843
10838
10824
10795
10791
10785
10765
10763
10754
10746
10735
10706
10702
10674
10654
10624
10622
10607
10606
10597
10595
10594
10572
10564
10544
10519
10510
10509
10501
10495
10412
10410
10410
10394
10390
10386
10384
10365
10363
10363
10359
10356
10344
10337
10333
10333
10327
10326
10278
10254
10250
10239
10226
10209
10202
10183
10166
10155
10149
10147
10120
10110
10110
10100
10022
10016
9984
9965
9958
9949
9948
9942
9928
9926
9902
9898
9891
9879
9864
9863
9851
9843
9839
9836
9832
9814
9796
9790
9781
9768
9764
9723
9717
9711
9689
9681
9662
9637
9619
9612
9597
9588
9575
9560
9542
9532
9521
9503
9500
9489
9489
9488
9459
9457
9448
9425
9404
9381
9378
9373
9369
9344
9340
9325
9296
9290
9282
9269
9269
9232
9226
9203
9203
9200
9197
9191
9189
9178
9171
9154
9133
9112
9109
9108
9102
9094
9089
9078
9059
9057
9051
9047
9046
9030
9026
9025
9018
9018
9011
9003
8992
8942
8920
8919
8916
8897
8872
8864
8857
8841
8836
8831
8801
8797
8796
8792
8772
8751
8751
8739
8715
8712
8686
8681
8675
8672
8671
8661
8639
8601
8594
8587
8580
8580
8579
8579
8577
8573
8571
8560
8520
8518
8503
8495
8494
8485
8475
8466
8459
8455
8452
8448
8422
8411
8390
8380
8367
8352
8343
8334
8319
8312
8299
8266
8251
8247
8244
8244
8239
8234
8230
8229
8218
8217
8168
8143
8123
8121
8103
8089
8081
8073
8058
8049
8039
8030
8017
8014
8011
8006
8001
7996
7985
7982
7978
7969
7967
7963
7962
7951
7950
7939
7914
7911
7891
7885
7872
7857
7846
7810
7798
7795
7784
7771
7770
7766
7763
7752
7746
7736
7719
7708
7705
7695
7683
7680
7672
7659
7643
7641
7640
7631
7626
7623
7616
7612
7603
7603
7595
7594
7590
7590
7580
7579
7576
7575
7570
7560
7549
7542
7541
7541
7531
7530
7525
7510
7496
7492
7487
7481
7473
7473
7470
7469
7463
7463
7448
7438
7403
7392
7369
7364
7364
7361
7357
7351
7338
7326
7326
7305
7290
7263
7263
7261
7255
7243
7230
7229
7220
7208
7189
7189
7183
7181
7170
7170
7168
7152
7151
7151
7140
7133
7130
7123
7119
7109
7107
7107
7094
7087
7084
7077
7072
7067
7054
7054
7049
7042
7038
7037
7036
7034
7034
7034
7025
7010
7009
7003
6995
6990
6989
6983
6977
6970
6931
6930
6925
6912
6912
6902
6896
6895
6882
6878
6864
6858
6856
6855
6851
6846
6843
6835
6825
6817
6807
6807
6803
6799
6797
6794
6787
6785
6785
6784
6771
6770
6760
6758
6757
6755
6754
6752
6751
6745
6740
6740
6736
6730
6725
6723
6721
6719
6708
6705
6683
6670
6669
6668
6653
6648
6647
6643
6630
6628
6628
6625
6624
6606
6602
6598
6592
6584
6583
6571
6560
6557
6549
6545
6543
6516
6515
6510
6487
6486
6481
6472
6468
6462
6460
6458
6451
6441
6440
6433
6433
6431
6430
6409
6406
6404
6400
6396
6392
6390
6380
6378
6374
6373
6373
6369
6365
6360
6358
6357
6356
6353
6351
6351
6342
6342
6338
6336
6326
6324
6323
6322
6313
6309
6292
6291
6291
6291
6286
6282
6280
6272
6264
6258
6255
6253
6245
6243
6239
6238
6228
6224
6219
6218
6218
6218
6214
6213
6210
6209
6192
6187
6175
6170
6161
6161
6157
6156
6155
6153
6151
6151
6141
6141
6139
6138
6138
6127
6125
6121
6120
6105
6098
6095
6092
6091
6090
6086
6072
6069
6061
6057
6050
6045
6043
6042
6042
6040
6038
6038
6037
6035
6029
6027
6011
6007
6004
5992
5989
5985
5985
5972
5972
5968
5959
5954
5953
5938
5936
5932
5929
5929
5927
5922
5799
5907
5904
5903
5900
5897
5893
5892
5888
5887
5883
5878
5877
5876
5876
5875
5870
5870
5867
5861
5853
5846
5845
5843
5839
5839
5820
5817
5815
5793
5790
5786
5785
5782
5777
5775
5771
5770
5769
5763
5759
5757
5756
5754
5751
5750
5749
5733
5726
5726
5723
5721
5718
5714
5699
5696
5696
5693
5685
5683
5683
5682
5679
5659
5654
5651
5649
5645
5645
5642
5638
5637
5629
5624
5620
5611
5610
5606
5606
5605
5598
5593
5585
5584
5583
5568
5567
5564
5560
5556
5551
5550
5535
5529
5526
5524
5524
5516
5513
5511
5509
5502
5494
5493
5493
5485
5477
5471
5467
5464
5464
5463
5455
5453
5452
5451
5443
5431
5431
5429
5422
5417
5413
5413
5401
5395
5387
5386
5383
5382
5378
5378
5375
5372
5371
5369
5368
5362
5346
5344
5340
5339
5336
5320
5312
5306
5301
5291
5289
5288
5286
5283
5283
5276
5267
5260
5257
5256
5255
5249
5248
5247
5245
5244
5243
5241
5234
5232
5120
5229
5219
5219
5213
5212
5212
5210
5206
5206
5204
5202
5195
5187
5186
5181
5179
5176
5174
5164
5160
5157
5147
5146
5141
5137
5130
5129
5125
5122
5114
5105
5101
5078
5075
5075
5074
5073
5064
5063
5062
5062
5059
5056
5056
5056
5042
5041
5039
5037
5035
5028
5026
5026
5025
5023
5015
5012
5011
5010
5006
5005
5004
5001
4998
4997
4993
4991
4991
4979
4978
4976
4969
4969
4965
4957
4956
4956
4950
4945
4940
4937
4934
4934
4933
4928
4925
4922
4920
4915
4914
4913
4909
4901
4900
4900
4899
4896
4895
4894
4884
4884
4883
4883
4878
4866
4865
4865
4861
4861
4860
4858
4858
4851
4851
4845
4844
4844
4837
4835
4835
4825
4821
4820
4819
4813
4812
4809
4801
4793
4792
4789
4788
4787
4785
4769
4761
4757
4757
4754
4754
4753
4743
4738
4731
4721
4719
4715
4714
4714
4712
4711
4708
4705
4701
4696
4695
4695
4694
4679
4678
4675
4666
4654
4648
4645
4644
4644
4640
4633
4633
4627
4627
4623
4622
4620
4616
4616
4615
4615
4614
4610
4610
4607
4605
4603
4592
4588
4586
4577
4576
4574
4568
4567
4565
4565
4562
4560
4557
4556
4553
4552
4440
4543
4543
4542
4540
4531
4529
4528
4527
4527
4525
4524
4521
4519
4516
4515
4513
4512
4512
4512
4509
4507
4502
4494
4492
4478
4476
4472
4472
4467
4458
4457
4452
4450
4450
4449
4448
4440
4437
4436
4436
4436
4436
4427
4427
4422
4419
4418
4418
4410
4409
4407
4406
4402
4398
4398
4392
4389
4385
4381
4370
4363
4361
4356
4352
4349
4349
4345
4342
4341
4340
4338
4337
4336
4334
4332
4327
4326
4324
4320
4318
4315
4311
4309
4307
4306
4304
4303
4303
4298
4290
4287
4287
4282
4282
4270
4269
4264
4255
4253
4253
4247
4245
4240
4238
4234
4229
4228
4224
4222
4219
4219
4217
4215
4208
4207
4206
4204
4200
4200
4188
4187
4184
4183
4182
4182
4180
4167
4166
4165
4163
4162
4156
4148
4146
4144
4143
4140
4139
4138
4135
4132
4130
4130
4129
4127
4124
4121
4120
4117
4116
4114
4111
4111
4109
4108
4105
4105
4102
4101
4096
4091
4087
4087
4087
4084
4081
4080
4078
4076
4076
4072
4072
4072
4058
4056
4054
4054
4050
4047
4044
4043
4037
4035
4034
4030
4030
4027
4025
4025
4022
4021
4021
4018
4017
4013
4004
4003
3993
3991
3991
3990
3985
3981
3981
3974
3974
3972
3966
3951
3950
3949
3947
3942
3936
3936
3935
3927
3926
3924
3912
3909
3909
3909
3904
3901
3897
3896
3894
3893
3893
3890
3888
3885
3884
3884
3878
3876
3875
3871
3869
3868
3863
3860
3853
3849
3845
3844
3841
3839
3839
3836
3836
3835
3826
3823
3818
3814
3813
3812
3810
3809
3809
3808
3802
3802
3800
3799
3798
3796
3792
3790
3789
3784
3782
3778
3777
3775
3773
3661
3768
3767
3766
3766
3765
3763
3752
3751
3750
3748
3747
3743
3742
3738
3737
3737
3733
3723
3720
3720
3718
3712
3712
3704
3703
3702
3701
3697
3692
3689
3688
3686
3682
3681
3681
3678
3675
3673
3672
3667
3662
3654
3649
3646
3644
3643
3641
3637
3637
3636
3632
3631
3630
3629
3628
3627
3622
3618
3615
3615
3614
3611
3610
3608
3607
3600
3600
3583
3581
3580
3579
3578
3577
3575
3575
3574
3571
3568
3566
3565
3565
3565
3565
3563
3560
3559
3558
3554
3552
3550
3550
3550
3548
3548
3545
3542
3534
3531
3527
3526
3519
3518
3515
3514
3508
3502
3497
3494
3494
3492
3492
3490
3489
3488
3487
3487
3481
3473
3472
3471
3469
3468
3468
3467
3464
3460
3454
3453
3452
3450
3449
3447
3445
3444
3437
3437
3436
3433
3433
3431
3426
3424
3423
3419
3419
3418
3418
3417
3416
3416
3416
3412
3410
3409
3409
3402
3397
3395
3393
3392
3391
3382
3382
3378
3377
3372
3367
3366
3365
3364
3362
3360
3360
3359
3357
3355
3353
3352
3351
3350
3346
3346
3345
3345
3344
3343
3342
3339
3331
3331
3329
3329
3329
3327
3324
3323
3323
3322
3321
3318
3316
3316
3315
3315
3313
3312
3308
3297
3296
3293
3292
3292
3288
3286
3286
3282
3282
3280
3279
3278
3276
3274
3274
3271
3270
3270
3270
3269
3269
3267
3266
3266
3265
3264
3262
3262
3257
3257
3257
3255
3254
3253
3252
3252
3250
3248
3248
3246
3244
3244
3242
3241
3240
3234
3233
3233
3231
3231
3226
3226
3225
3224
3223
3218
3218
3217
3216
3215
3208
3207
3206
3205
3204
3195
3193
3192
3192
3191
3191
3189
3188
3186
3186
3186
3185
3185
3184
3181
3180
3180
3177
3177
3176
3169
3168
3167
3166
3164
3164
3163
3162
3161
3161
3161
3160
3158
3155
3151
3151
3148
3148
3148
3148
3146
3144
3142
3141
3138
3137
3133
3131
3130
3129
3126
3125
3124
3123
3118
3117
3116
3116
3113
3110
3106
3105
3104
3104
3103
3102
3099
3097
3097
3094
3094
3088
3088
3087
3087
3086
3084
3083
3081
3081
3081
3080
3078
3077
3077
3073
3071
3070
3068
3068
3067
3064
3063
3063
3063
3062
3061
3061
3060
3059
3059
3057
3051
3045
3044
3043
3041
3040
3037
3035
3034
3030
3029
3028
3028
3028
3027
3026
3025
3019
3019
3019
3015
3014
3012
3009
3008
3007
3005
3004
3002
3001
