299538
261113
192978
192198
174706
171907
150264
148697
129523
126043
124326
121719
114612
111788
108296
100865
94173
92286
88581
87918
86759
85424
84990
83314
80912
80315
79483
78852
78276
76308
74720
74488
74149
73136
72011
71972
71403
70748
68912
68646
65521
65300
65282
65046
65030
64959
64511
64230
64004
63128
62921
62399
62294
62095
61775
61746
61337
60746
60049
59917
59335
59064
57969
57111
57098
57051
57010
56643
56474
55022
54950
54923
54836
54823
54779
54566
54440
54343
54323
54288
54198
54163
54078
53614
52736
52181
52063
51858
51530
51065
50470
50429
50402
50386
49804
49727
49333
49276
48714
48323
48180
47942
47934
47835
47759
47662
47507
47473
47410
47378
47127
46570
46493
46471
46375
46293
45664
45545
45476
45374
45183
45012
44997
44967
44914
44664
44652
44608
44542
44294
44246
43664
43627
43618
43402
43261
42908
42861
42748
42403
42313
42264
42084
42059
41979
41805
41732
41619
41558
41265
41190
41172
40994
40651
40636
40508
40458
40439
40310
40284
40256
40252
40138
40018
39929
39874
39868
39733
39580
39567
39548
39362
39155
39107
39053
38890
38554
38543
38537
38448
38374
38344
38340
38336
38270
38242
38136
38008
37984
37978
37958
37946
37842
37831
37800
37731
37687
37594
37533
37406
37304
37301
37266
37148
37111
37111
37104
37044
37017
36912
36558
36486
36444
36435
36391
36390
36328
36253
36157
35994
35956
35854
35802
35787
35738
35625
35623
35617
35596
35559
35546
35483
35467
35430
35394
35389
35350
35031
35007
34887
34743
34721
34656
34614
34505
34502
34468
34326
34276
34210
34191
34137
34077
34060
33894
33776
33699
33696
33660
33594
33556
33538
33461
33429
33420
33329
33278
33240
33223
33197
33137
33086
33052
32990
32981
32974
32950
32822
32680
32589
32470
32434
32393
32358
32338
32195
32165
32136
32072
32001
31934
31758
31667
31577
31531
31527
31408
31376
31209
31002
30770
30749
30723
30663
30633
30575
30501
30408
30369
30366
30208
30202
30173
30035
30011
29931
29914
29894
29882
29842
29830
29826
29767
29744
29707
29691
29562
29560
29560
29557
29486
29227
29198
29142
29083
28979
28872
28840
28735
28685
28644
28550
28467
28399
28367
28128
28097
28053
27993
27975
27908
27901
27889
27883
27830
27829
27734
27687
27637
27616
27542
27517
27509
27481
27475
27466
27447
27432
27413
27355
27340
27272
27231
27204
27064
27054
27049
27024
26993
26962
26925
26841
26809
26780
26648
26642
26574
26562
26464
26449
26389
26268
26259
26189
26187
26179
26159
26051
26045
26031
26030
25979
25972
25952
25913
25889
25885
25731
25720
25685
25652
25635
25539
25516
25455
25432
25427
25400
25392
25368
25322
25268
25252
25252
25251
25225
25220
25184
25163
25162
25122
25079
25071
25064
25025
24994
24983
24972
24952
24950
24940
24926
24853
24801
24752
24737
24702
24690
24690
24683
24679
24647
24604
24603
24524
24519
24498
24479
24475
24473
24446
24415
24387
24383
24335
24234
24232
24229
24226
24219
24216
24194
24175
24167
24153
24149
24128
24110
24105
24098
24063
24053
24007
24006
23976
23914
23888
23865
23833
23776
23694
23575
23559
23513
23513
23505
23444
23407
23365
23354
23329
23314
23305
23292
23290
23279
23270
23267
23223
23209
23086
23040
23028
23002
22965
22909
22882
22848
22845
22811
22806
22803
22795
22756
22728
22723
22683
22658
22655
22635
22590
22581
22510
22501
22462
22447
22434
22392
22391
22355
22315
22314
22281
22201
22173
22139
22134
22098
22098
22074
22041
22028
22026
22007
21951
21896
21896
21828
21810
21790
21779
21759
21757
21676
21669
21655
21649
21649
21649
21645
21642
21621
21620
21577
21570
21541
21493
21482
21455
21445
21438
21425
21422
21406
21403
21392
21384
21368
21334
21301
21260
21258
21251
21235
21195
21183
21176
21174
21160
21154
21112
21081
21094
21077
20996
20992
20966
20853
20803
20800
20786
20773
20770
20768
20753
20751
20738
20685
20660
20657
20648
20646
20635
20619
20600
20569
20566
20565
20552
20551
20537
20492
20487
20459
20444
20427
20392
20381
20368
20330
20320
20295
20256
20253
20241
20239
20239
20224
20221
20196
20191
20167
20163
20148
20117
20052
20029
20022
20005
19997
19979
19958
19927
19917
19891
19880
19879
19877
19866
19827
19807
19790
19774
19770
19769
19753
19732
19712
19704
19697
19674
19669
19603
19594
19592
19592
19585
19583
19554
19550
19543
19517
19506
19497
19450
19442
19409
19401
19397
19393
19391
19389
19386
19374
19366
19350
19342
19338
19331
19313
19310
19310
19292
19291
19267
19266
19248
19239
19203
19197
19153
19138
19136
19129
19099
19056
19052
19031
19027
19021
19009
19002
18995
18972
18964
18962
18929
18901
18822
18803
18799
18748
18747
18718
18717
18709
18693
18674
18658
18637
18622
18584
18581
18557
18551
18528
18516
18512
18511
18498
18467
18452
18451
18451
18389
18352
18348
18346
18334
18319
18315
18272
18272
18268
18257
18237
18235
18223
18177
18174
18130
18116
18114
18103
18102
18101
18093
18085
18066
18026
17992
17982
17975
17966
17947
17940
17898
17887
17880
17877
17872
17864
17846
17822
17781
17778
17772
17751
17747
17738
17734
17729
17728
17705
17701
17696
17685
17682
17679
17677
17672
17667
17656
17652
17632
17632
17620
17616
17599
17598
17581
17546
17541
17535
17534
17526
17525
17523
17523
17517
17497
17488
17488
17486
17481
17472
17462
17457
17451
17450
17446
17445
17411
17408
17388
17381
17375
17372
17351
17347
17333
17332
17331
17324
17301
17294
17290
17274
17273
17227
17215
17193
17190
17179
17174
17155
17153
17140
17120
17111
17088
17080
17067
17041
17036
17031
17031
17011
16984
16971
16962
16957
16952
16951
16950
16944
16944
16933
16915
16904
16872
16841
16821
16821
16815
16813
16794
16789
16789
16778
16775
16774
16770
16767
16757
16750
16746
16736
16735
16715
16705
16695
16673
16670
16653
16643
16640
16640
16629
16622
16600
16593
16580
16572
16558
16558
16549
16541
16538
16535
16506
16502
16501
16480
16474
16453
16429
16403
16373
16346
16339
16339
16331
16326
16324
16319
16282
16278
16241
16230
16195
16182
16167
16164
16158
16155
16155
16145
16139
16128
16121
16100
16098
16096
16091
16084
16059
16058
16056
16051
16043
16041
16020
16011
16008
15997
15988
15986
15967
15958
15951
15941
15929
15929
15922
15910
15901
15898
15892
15887
15886
15875
15852
15827
15790
15783
15765
15758
15740
15739
15733
15733
15729
15712
15703
15693
15693
15678
15677
15648
15634
15607
15600
15585
15583
15582
15577
15561
15560
15552
15546
15538
15523
15486
15463
15444
15440
15428
15419
15416
15401
15394
15381
15344
15339
15333
15330
15324
15316
15311
15310
15274
15260
15259
15257
15257
15237
15226
15225
15207
15198
15197
15177
15167
15165
15158
15140
15124
15122
15110
15109
15109
15106
15105
15100
15099
15099
15062
15047
15046
15016
15015
15010
14996
14993
14992
14992
14984
14974
14963
14959
14948
14945
14939
14926
14921
14916
14909
14908
14907
14906
14886
14883
14869
14865
14849
14836
14817
14814
14790
14732
14717
14715
14707
14706
14693
14686
14685
14683
14681
14680
14677
14676
14674
14671
14669
14657
14653
14649
14625
14602
14596
14594
14593
14575
14552
14543
14541
14540
14525
14524
14510
14501
14495
14489
14488
14481
14465
14464
14448
14445
14438
14437
14437
14435
14425
14404
14401
14399
14394
14393
14347
14345
14332
14320
14313
14312
14296
14290
14277
14271
14263
14262
14261
14238
14212
14209
14205
14188
14164
14153
14153
14149
14142
14119
14108
14101
14100
14094
14085
14063
14060
14033
14030
14028
14022
14019
14013
14010
14010
14009
14004
14002
13995
13994
13992
13991
13986
13982
13970
13952
13941
13939
13928
13921
13917
13915
13908
13899
13886
13874
13865
13847
13818
13799
13796
13792
13782
13779
13776
13772
13767
13760
13747
13742
13741
13726
13725
13724
13722
13721
13714
13712
13699
13686
13677
13675
13662
13657
13654
13645
13612
13609
13600
13597
13582
13581
13558
13557
13557
13530
13524
13509
13508
13507
13502
13498
13493
13491
13490
13488
13485
13482
13472
13469
13466
13463
13441
13429
13424
13416
13379
13355
13350
13350
13337
13320
13313
13311
13309
13304
13303
13297
13294
13290
13282
13275
13269
13266
13262
13258
13258
13252
13251
13246
13246
13244
13244
13242
13239
13232
13224
13222
13209
13206
13191
13189
13185
13160
13160
13159
13155
13154
13137
13135
13123
13117
13106
13100
13098
13096
13092
13079
13067
13061
13060
13058
13045
13032
13011
13004
13002
12992
12990
12987
12979
12959
12959
12953
12947
12947
12942
12942
12937
12933
12931
12926
12923
12920
12920
12910
12909
12897
12893
12890
12886
12868
12858
12852
12851
12833
12830
12825
12816
12806
12795
12784
12782
12781
12774
12765
12761
12754
12732
12729
12714
12709
12699
12698
12693
12673
12667
12611
12605
12604
12599
12598
12590
12584
12578
12576
12570
12567
12554
12544
12544
12543
12532
12522
12505
12493
12489
12485
12482
12473
12472
12463
12462
12460
12459
12458
12449
12442
12442
12439
12428
12426
12426
12422
12418
12417
12416
12416
12415
12411
12387
12373
12368
12364
12362
12352
12349
12348
12345
12331
12328
12328
12328
12318
12311
12311
12304
12266
12255
12244
12244
12242
12237
12229
12228
12207
12206
12205
12191
12189
12167
12167
12166
12165
12165
12164
12162
12145
12144
12142
12138
12137
12126
12122
12112
12106
12098
12092
12090
12089
12085
12077
12072
12069
12068
12068
12063
12062
12061
12056
12041
12039
12038
12038
12028
12021
12020
12016
12003
11993
11984
11976
11974
11972
11965
11965
11964
11961
11955
11947
11945
11943
11942
11933
11925
11902
11900
11899
11883
11880
11876
11869
11865
11858
11858
11851
11846
11844
11841
11816
11815
11814
11801
11797
11790
11789
11788
11783
11777
11769
11766
11763
11760
11753
11729
11726
11725
11725
11712
11707
11704
11701
11697
11690
11689
11680
11680
11679
11676
11673
11658
11655
11653
11653
11650
11647
11647
11644
11639
11634
11633
11631
11626
11626
11625
11619
11617
11608
11604
11598
11596
11595
11586
11582
11581
11581
11573
11573
11570
11564
11542
11542
11531
11530
11518
11510
11502
11452
11443
11442
11440
11424
11424
11422
11414
11402
11400
11396
11395
11393
11384
11382
11382
11381
11379
11377
11373
11371
11371
11357
11350
11345
11329
11320
11319
11314
11310
11306
11298
11294
11290
11289
11287
11284
11281
11278
11277
11270
11270
11261
11254
11252
11242
11239
11235
11232
11231
11230
11224
11222
11222
11209
11200
11198
11194
11181
11180
11178
11176
11163
11163
11157
11156
11154
11148
11145
11143
11138
11136
11134
11113
11104
11104
11078
11074
11072
11070
11062
11058
11052
11048
11047
11041
11040
11029
11028
11027
11025
11022
11021
11005
11002
10999
10999
10997
10993
10990
10989
10979
10979
10978
10977
10970
10970
10966
10957
10957
10956
10955
10950
10945
10942
10941
10934
10924
10923
10921
10920
10919
10915
10910
10910
10909
10908
10903
10901
10900
10894
10892
10885
10880
10877
10872
10870
10863
10857
10856
10852
10845
10843
10839
10835
10835
10832
10821
10817
10815
10809
10808
10807
10804
10802
10794
10790
10789
10784
10781
10763
10759
10750
10740
10740
10739
10738
10728
10726
10716
10709
10709
10708
10700
10698
10696
10696
10695
10686
10675
10675
10674
10673
10671
10667
10665
10661
10661
10658
10658
10657
10654
10652
10644
10643
10639
10637
10631
10620
10620
10617
10614
10613
10610
10610
10609
10607
10605
10604
10604
10599
10598
10598
10589
10588
10579
10575
10568
10565
10562
10561
10558
10553
10552
10550
10550
10548
10538
10529
10523
10520
10514
10507
10501
10496
10493
10488
10487
10485
10485
10465
10463
10457
10455
10454
10452
10452
10452
10447
10441
10437
10435
10434
10426
10414
10413
10409
10403
10400
10399
10399
10394
10392
10387
10384
10379
10369
10364
10362
10361
10359
10359
10356
10355
10350
10346
10344
10341
10326
10324
10319
10309
10308
10301
10300
10298
10292
10290
10288
10284
10281
10275
10273
10273
10273
10271
10270
10267
10265
10259
10253
10252
10250
10231
10229
10222
10220
10215
10214
10208
10203
10202
10200
10196
10190
10190
10189
10183
10179
10178
10177
10175
10173
10172
10166
10165
10158
10156
10152
10148
10148
10142
10140
10132
10132
10129
10127
10127
10124
10116
10114
10109
10105
10102
10102
10099
10095
10092
10085
10081
10081
10080
10080
10078
10077
10070
10069
10067
10067
10058
10057
10055
10053
10053
10040
10035
10031
10014
10013
10012
10012
10010
10007
9999
9999
9999
9998
9987
9986
9986
9982
9981
9979
9978
9973
9970
9964
9964
9962
9955
9952
9947
9947
9941
9941
9939
9937
9936
9933
9921
9920
9916
9911
9908
9902
9899
9899
9898
9894
9890
9887
9882
9881
9879
9878
9868
9863
9852
9850
9849
9849
9849
9847
9843
9843
9842
9830
9830
9826
9823
9822
9820
9819
9818
9817
9814
9814
9813
9810
9806
9803
9800
9795
9794
9791
9791
9790
9788
9788
9787
9786
9784
9782
9781
9778
9774
9774
9765
9758
9752
9751
9746
9745
9744
9740
9736
9722
9720
9714
9712
9695
9690
9689
9688
9688
9685
9682
9682
9681
9678
9671
9665
9655
9654
9648
9647
9640
9637
9635
9635
9633
9629
9628
9622
9620
9619
9618
9616
9611
9610
9608
9604
9603
9601
9595
9594
9594
9593
9588
9584
9581
9580
9579
9575
9575
9574
9574
9568
9566
9565
9563
9562
9560
9559
9555
9554
9550
9545
9543
9542
9541
9535
9532
9530
9525
9523
9522
9522
9518
9516
9512
9506
9502
9502
9501
9501
9500
9493
9490
9488
9488
9487
9473
9466
9466
9466
9465
9463
9459
9457
9454
9452
9447
9443
9440
9440
9438
9437
9437
9433
9432
9432
9427
9426
9423
9422
9422
9419
9417
9415
9412
9410
9403
9395
9393
9392
9388
9388
9387
9385
9373
9372
9364
9364
9359
9356
9352
9350
9348
9344
9342
9337
9334
9334
9330
9330
9329
9323
9314
9311
9311
9300
9297
9296
9286
9284
9282
9280
9273
9272
9272
9272
9269
9262
9260
9258
9251
9248
9243
9241
9237
9237
9236
9229
9228
9221
9221
9214
9213
9212
9209
9209
9207
9204
9201
9196
9195
9190
9190
9189
9187
9186
9183
9182
9182
9179
9173
9173
9173
9172
9170
9170
9163
9161
9157
9151
9150
9140
9137
9137
9132
9127
9127
9127
9126
9122
9121
9120
9120
9116
9114
9107
9106
9102
9098
9096
9094
9092
9091
9089
9087
9076
9072
9070
9068
9063
9062
9061
9061
9058
9057
9050
9045
9040
9039
9035
9033
9029
9028
9025
9023
9022
9019
9018
9018
9017
9014
9014
9011
9007
9005
9000
8994
8992
8989
8988
8986
8980
8977
8976
8973
8967
8966
8963
8962
8961
8961
8952
8947
8947
8945
8943
8937
8934
8934
8933
8931
8931
8924
8919
8918
8918
8916
8916
8912
8912
8910
8910
8909
8906
8903
8896
8894
8884
8881
8880
8874
8872
8870
8867
8866
8861
8852
8843
8842
8842
8839
8836
8835
8834
8830
8828
8828
8827
8826
8825
8823
8818
8817
8815
8815
8813
8809
8807
8805
8802
8793
8792
8791
8788
8785
8784
8783
8778
8777
8777
8769
8766
8764
8763
8755
8754
8751
8749
8748
8747
8746
8742
8739
8738
8733
8729
8726
8725
8724
8721
8720
8720
8716
8713
8712
8710
8709
8707
8706
8704
8704
8701
8701
8698
8693
8693
8692
8692
8682
8682
8681
8681
8677
8675
8675
8674
8673
8671
8668
8664
8659
8658
8648
8643
8640
8639
8636
8633
8630
8628
8624
8623
8616
8613
8612
8611
8610
8610
8607
8605
8601
8599
8598
8595
8592
8591
8590
8579
8574
8571
8570
8570
8564
8562
8561
8557
8555
8555
8553
8547
8542
8538
8538
8537
8536
8533
8528
8528
8520
8517
8516
8515
8509
8503
8498
8495
8493
8492
8490
8484
8483
8480
8479
8477
8476
8475
8473
8469
8467
8463
8463
8461
8459
8459
8457
8455
8454
8452
8451
8446
8445
8438
8436
8434
8433
8430
8429
8428
8422
8421
8419
8419
8418
8417
8414
8414
8411
8411
8411
8409
8404
8403
8403
8403
8399
8398
8394
8390
8388
8384
8380
8378
8378
8376
8374
8373
8368
8365
8363
8363
8363
8362
8360
8360
8359
8356
8353
8349
8349
8349
8344
8343
8341
8331
8330
8319
8319
8314
8311
8309
8308
8306
8305
8301
8301
8301
8298
8298
8293
8290
8290
8289
8286
8286
8285
8284
8283
8281
8280
8279
8277
8273
8269
8267
8265
8265
8264
8263
8261
8260
8259
8257
8254
8252
8250
8248
8248
8247
8246
8241
8240
8238
8237
8236
8234
8234
8233
8233
8231
8223
8220
8216
8214
8213
8212
8210
8208
8208
8204
8204
8202
8201
8196
8195
8195
8193
8190
8185
8182
8182
8178
8178
8176
8175
8172
8171
8170
8165
8162
8162
8156
8156
8155
8151
8150
8149
8146
8144
8143
8143
8141
8139
8139
8135
8134
8133
8130
8130
8126
8123
8123
8122
8117
8117
8117
8113
8112
8111
8111
8107
8103
8100
8100
8099
8098
8097
8095
8095
8094
8092
8092
8085
8083
8080
8080
8080
8077
8077
8075
8074
8074
8069
8068
8062
8058
8057
8056
8053
8052
8051
8051
8048
8044
8044
8043
8041
8040
8040
8038
8037
8034
8030
8029
8026
8025
8023
8018
8010
8009
8006
8005
8004
8000
7997
7992
7992
7987
7983
7976
7975
7972
7971
7969
7967
7965
7964
7963
7962
7961
7961
7957
7955
7953
7952
7950
7950
7949
7945
7944
7939
7937
7936
7935
7933
7932
7929
7929
7924
7923
7919
7916
7915
7914
7910
7908
7908
7906
7906
7906
7904
7904
7901
7901
7896
7895
7894
7893
7892
7892
7880
7877
7876
7876
7873
7867
7866
7865
7862
7858
7849
7847
7847
7846
7842
7840
7834
7833
7831
7826
7824
7823
7820
7818
7815
7814
7813
7809
7809
7809
7807
7805
7804
7803
7803
7798
7797
7795
7794
7792
7792
7792
7791
7789
7784
7782
7780
7779
7777
7775
7773
7771
7771
7769
7764
7764
7763
7763
7756
7756
7755
7754
7754
7752
7751
7751
7751
7750
7749
7743
7742
7739
7735
7731
7728
7728
7727
7723
7721
7721
7720
7717
7715
7714
7714
7712
7711
7710
7701
7701
7700
7697
7697
7695
7693
7688
7686
7686
7685
7683
7679
7679
7678
7678
7678
7678
7676
7675
7669
7666
7665
7654
7647
7647
7647
7645
7642
7639
7639
7638
7636
7635
7633
7633
7632
7630
7677
7625
7623
7623
7623
7621
7617
7607
7605
7604
7603
7602
7594
7593
7592
7592
7591
7591
7591
7590
7589
7584
7581
7580
7580
7579
7577
7572
7571
7570
7566
7565
7558
7556
7551
7551
7550
7549
7549
7549
7545
7542
7541
7541
7540
7537
7537
7536
7534
7533
7524
7523
7516
7514
7513
7512
7511
7511
7503
7501
7501
7500
7492
7491
7491
7488
7488
7487
7487
7485
7485
7482
7481
7472
7469
7468
7467
7466
7465
7465
7464
7461
7461
7457
7457
7457
7456
7454
7453
7449
7449
7449
7446
7443
7441
7439
7438
7434
7433
7431
7430
7429
7428
7427
7422
7415
7413
7412
7412
7412
7411
7410
7408
7408
7408
7405
7400
7399
7398
7398
7396
7394
7393
7389
7386
7385
7385
7384
7383
7381
7381
7379
7372
7371
7370
7370
7368
7368
7365
7365
7363
7359
7357
7357
7356
7355
7353
7353
7352
7350
7349
7346
7346
7343
7342
7341
7341
7340
7334
7333
7333
7332
7331
7331
7328
7326
7325
7325
7324
7324
7321
7319
7319
7319
7318
7318
7317
7317
7316
7315
7315
7309
7309
7307
7307
7307
7306
7303
7302
7302
7301
7301
7297
7297
7297
7294
7292
7291
7290
7289
7288
7287
7285
7284
7284
7283
7280
7277
7275
7275
7274
7272
7272
7271
7271
7271
7270
7266
7266
7266
7265
7261
7260
7259
7258
7257
7256
7254
7252
7251
7249
7248
7248
7247
7246
7245
7245
7243
7241
7239
7239
7236
7235
7235
7234
7231
7230
7226
7224
7223
7223
7223
7222
7220
7219
7218
7213
7212
7212
7209
7205
7203
7203
7201
7198
7197
7197
7197
7195
7194
7194
7193
7191
7188
7182
7181
7181
7179
7178
7176
7172
7172
7171
7166
7165
7164
7163
7163
7161
7161
7161
7160
7158
7158
7155
7153
7153
7149
7149
7148
7146
7140
7137
7136
7135
7132
7132
7129
7128
7126
7120
7118
7117
7113
7112
7111
7111
7110
7109
7108
7107
7105
7105
7103
7102
7099
7095
7094
7093
7092
7091
7087
7085
7085
7084
7082
7081
7080
7080
7079
7079
7078
7077
7075
7073
7072
7070
7068
7065
7060
7060
7059
7056
7055
7055
7054
7053
7052
7051
7047
7045
7040
7033
7033
7029
7027
7026
7018
7017
7017
7017
7016
7015
7013
7013
7013
7011
7010
7007
7006
7006
7006
7004
7003
7003
7002
7001
6999
6998
6997
6995
6995
6994
6993
6991
6991
6990
6990
6990
6988
6987
6986
6986
6985
6984
6982
6982
6981
6980
6975
6974
6973
6973
6973
6972
6967
6966
6965
6964
6958
6956
6955
6954
6950
6950
6948
6947
6944
6944
6943
6939
6939
6933
6933
6930
6928
6928
6927
6926
6923
6920
6920
6919
6916
6914
6912
6912
6912
6909
6909
6908
6907
6906
6906
6905
6903
6902
6901
6899
6898
6898
6895
6895
6894
6894
6891
6890
6889
6889
6888
6887
6887
6885
6885
6884
6884
6884
6882
6881
6880
6880
6877
6877
6875
6874
6871
6871
6870
6870
6870
6868
6868
6867
6866
6865
6863
6863
6861
6861
6860
6859
6859
6858
6858
6857
6855
6854
6853
6853
6853
6852
6851
6851
6849
6849
6847
6847
6844
6844
6843
6842
6840
6837
6837
6837
6834
6831
6829
6829
6827
6827
6827
6826
6824
6822
6821
6818
6818
6816
6816
6815
6814
6813
6813
6812
6811
6810
6809
6807
6806
6805
6803
6802
6802
6801
6799
6799
6798
6798
6797
6796
6796
6796
6795
6795
6794
6794
6793
6786
6784
6783
6780
6780
6779
6778
6777
6775
6774
6774
6773
6771
6771
6770
6764
6763
6762
6761
6761
6760
6754
6753
6753
6753
6751
6751
6750
6747
6745
6744
6743
6742
6741
6741
6740
6738
6737
6735
6733
6733
6730
6730
6729
6725
6724
6722
6719
6718
6717
6717
6717
6717
6716
6716
6715
6715
6714
6713
6710
6710
6708
6707
6705
6704
6702
6702
6702
6701
6699
6699
6697
6697
6696
6695
6693
6692
6690
6690
6690
6689
6686
6685
6684
6683
6680
6680
6680
6678
6677
6676
6675
6675
6674
6671
6671
6670
6669
6669
6668
6668
6668
6666
6664
6663
6662
6660
6660
6658
6658
6657
6656
6654
6653
6653
6652
6652
6651
6651
6650
6649
6648
6646
6646
6646
6645
6644
6642
6642
6642
6641
6641
6641
6640
6638
6636
6636
6632
6632
6632
6630
6630
6626
6626
6625
6625
6625
6625
6624
6623
6622
6621
6620
6619
6619
6618
6617
6614
6613
6610
6610
6609
6609
6606
6605
6604
6603
6601
6600
6599
6595
6594
6592
6589
6588
6588
6587
6585
6583
6582
6581
6581
6580
6579
6578
6577
6576
6574
6573
6567
6567
6564
6564
6564
6564
6564
6563
6562
6562
6561
6561
6561
6558
6556
6554
6553
6551
6551
6550
6549
6548
6543
6542
6541
6540
6540
6538
6537
6535
6534
6534
6534
6534
6538
6530
6529
6525
6522
6522
6522
6522
6521
6519
6518
6517
6516
6516
6515
6515
6514
6514
6512
6509
6507
6506
6506
6505
6503
6501
6496
6492
6491
6491
6487
6486
6486
6485
6485
6483
6483
6482
6479
6478
6477
6476
6476
6476
6476
6476
6473
6471
6471
6470
6465
6465
6465
6465
6464
6463
6462
6460
6460
6458
6458
6458
6457
6456
6456
6455
6453
6451
6451
6450
6450
6449
6449
6448
6446
6445
6444
6443
6441
6440
6440
6438
6437
6437
6437
6437
6434
6434
6434
6433
6429
6427
6427
6427
6426
6426
6425
6424
6422
6420
6416
6415
6412
6412
6411
6410
6410
6407
6406
6405
6405
6404
6404
6403
6403
6398
6397
6395
6394
6392
6391
6391
6390
6389
6388
6385
6385
6384
6383
6383
6383
6382
6379
6376
6376
6374
6376
6373
6372
6370
6370
6369
6363
6363
6359
6359
6359
6358
6358
6358
6358
6357
6357
6357
6353
6353
6349
6348
6348
6347
6346
6344
6344
6343
6343
6341
6335
6335
6334
6333
6333
6329
6328
6324
6322
6314
6314
6314
6313
6310
6308
6308
6308
6307
6307
6306
6306
6303
6300
6299
6297
6295
6295
6295
6293
6293
6291
6290
6290
6287
6286
6285
6285
6283
6283
6283
6280
6280
6279
6276
6276
6275
6269
6264
6263
6261
6260
6256
6256
6255
6253
6252
6250
6248
6248
6247
6247
6247
6245
6244
6243
6243
6243
6242
6241
6241
6241
6241
6239
6235
6234
6234
6233
6233
6232
6231
6226
6226
6222
6220
6219
6218
6218
6217
6217
6217
6216
6216
6215
6214
6214
6213
6212
6211
6210
6208
6207
6206
6205
6202
6202
6202
6201
6199
6198
6198
6197
6193
6193
6193
6189
6187
6186
6185
6185
6184
6183
6181
6181
6180
6180
6178
6177
6177
6176
6174
6174
6173
6172
6170
6170
6169
6168
6167
6167
6167
6163
6161
6160
6160
6160
6159
6159
6158
6156
6155
6152
6151
6149
6147
6147
6144
6144
6142
6140
6139
6139
6139
6137
6137
6136
6136
6133
6133
6133
6132
6129
6128
6127
6127
6126
6125
6124
6120
6118
6116
6115
6115
6112
6112
6111
6111
6109
6108
6107
6106
6105
6104
6104
6103
6101
6101
6101
6101
6100
6099
6099
6099
6098
6096
6095
6094
6094
6092
6091
6090
6089
6087
6087
6087
6086
6086
6086
6086
6085
6085
6084
6084
6083
6081
6080
6080
6079
6075
6075
6075
6075
6066
6066
6065
6065
6064
6062
6060
6059
6058
6058
6056
6056
6055
6055
6055
6055
6054
6053
6053
6053
6049
6049
6049
6048
6048
6047
6046
6046
6045
6041
6038
6036
6036
6033
6032
6031
6030
6030
6030
6027
6027
6026
6026
6025
6023
6023
6022
6022
6020
6019
6018
6018
6018
6017
6016
6014
6014
6012
6010
6010
6009
6009
6009
6008
6004
6003
6003
6001
6000
5999
5997
5996
5996
5996
5995
5994
5993
5993
5992
5991
5991
5989
5988
5986
5985
5982
5982
5982
5979
5979
5978
5976
5976
5976
5973
5973
5971
5971
5970
5970
5970
5969
5969
5967
5966
5965
5965
5964
5963
5962
5961
5960
5960
5959
5959
5958
5958
5956
5956
5955
5955
5954
5953
5953
5953
5952
5952
5951
5951
5950
5950
5950
5948
5946
5944
5944
5943
5943
5941
5940
5937
5936
5936
5935
5934
5934
5934
5933
5932
5932
5930
5930
5930
5928
5928
5928
5927
5926
5925
5921
5921
5920
5920
5919
5917
5917
5917
5916
5914
5913
5913
5911
5911
5911
5910
5909
5908
5908
5907
5904
5904
5904
5903
5902
5900
5898
5897
5894
5894
5892
5892
5891
5889
5889
5887
5887
5885
5884
5879
5879
5878
5876
5874
5874
5874
5872
5871
5869
5866
5866
5865
5865
5865
5862
5861
5859
5858
5858
5857
5856
5854
5852
5852
5851
5849
5848
5848
5848
5847
5847
5846
5845
5845
5844
5843
5843
5842
5841
5841
5840
5837
5837
5836
5835
5833
5833
5833
5831
5831
5831
5830
5830
5828
5828
5825
5824
5824
5823
5823
5822
5822
5821
5820
5820
5820
5819
5817
5816
5816
5816
5814
5814
5813
5812
5810
5810
5807
5805
5805
5805
5803
5803
5802
5801
5801
5800
5799
5798
5798
5797
5796
5796
5795
5795
5795
5795
5794
5794
5793
5793
5792
5790
5789
5789
5788
5787
5787
5785
5784
5783
5783
5781
5780
5780
5778
5777
5777
5777
5776
5775
5773
5773
5773
5772
5772
5772
5772
5771
5769
5769
5768
5767
5766
5766
5766
5766
5764
5762
5761
5759
5759
5759
5759
5757
5757
5757
5754
5754
5754
5754
5752
5751
5750
5750
5746
5745
5745
5745
5744
5743
5742
5741
5741
5738
5738
5737
5737
5737
5736
5732
5729
5728
5727
5726
5726
5723
5723
5721
5719
5719
5719
5717
5714
5713
5713
5711
5709
5708
5707
5707
5706
5706
5705
5705
5702
5702
5700
5700
5699
5699
5698
5698
5697
5696
5695
5694
5694
5694
5694
5693
5692
5692
5692
5691
5690
5689
5689
5687
5687
5687
5685
5685
5684
5683
5683
5682
5682
5681
5680
5680
5678
5678
5678
5677
5676
5676
5676
5675
5674
5674
5673
5671
5670
5669
5669
5668
5667
5666
5666
5665
5665
5663
5662
5662
5662
5661
5660
5660
5660
5659
5658
5657
5656
5656
5656
5655
5655
5655
5655
5651
5651
5651
5651
5649
5649
5648
5648
5647
5647
5647
5644
5644
5639
5638
5637
5637
5635
5634
5633
5632
5628
5628
5628
5626
5625
5625
5625
5623
5623
5620
5618
5618
5618
5617
5616
5616
5616
5616
5616
5616
5615
5615
5615
5614
5614
5611
5611
5610
5609
5609
5608
5608
5606
5605
5604
5602
5601
5601
5600
5599
5599
5598
5598
5597
5596
5595
5595
5592
5591
5591
5591
5590
5590
5589
5588
5588
5587
5585
5585
5585
5583
5583
5582
5576
5576
5575
5575
5574
5572
5571
5570
5569
5567
5566
5566
5565
5565
5564
5563
5560
5558
5558
5555
5554
5553
5552
5551
5551
5550
5549
5549
5549
5546
5545
5545
5544
5543
5542
5540
5539
5539
5539
5538
5535
5534
5532
5532
5531
5531
5531
5528
5527
5525
5525
5523
5521
5521
5520
5517
5517
5516
5516
5515
5513
5513
5512
5512
5511
5511
5510
5510
5509
5507
5507
5505
5503
5501
5500
5499
5499
5499
5499
5498
5498
5498
5497
5497
5496
5493
5493
5492
5492
5491
5491
5490
5490
5489
5489
5488
5487
5486
5486
5486
5486
5485
5484
5483
5483
5482
5482
5481
5481
5481
5480
5480
5480
5479
5479
5478
5477
5476
5473
5472
5472
5471
5471
5468
5467
5467
5465
5465
5465
5465
5464
5463
5463
5462
5462
5462
5461
5461
5459
5458
5458
5457
5457
5456
5455
5455
5455
5454
5454
5453
5452
5452
5452
5451
5451
5451
5450
5449
5448
5448
5448
5445
5444
5443
5443
5443
5441
5440
5440
5439
5439
5438
5437
5436
5436
5436
5436
5435
5435
5434
5434
5434
5434
5433
5433
5433
5432
5431
5429
5427
5427
5423
5421
5421
5420
5419
5419
5419
5419
5419
5417
5417
5416
5415
5414
5414
5413
5412
5410
5410
5410
5410
5408
5407
5407
5405
5405
5405
5404
5402
5401
5400
5400
5397
5396
5396
5395
5394
5393
5393
5391
5391
5390
5389
5387
5386
5386
5386
5385
5385
5384
5382
5382
5382
5382
5381
5381
5381
5379
5379
5379
5379
5378
5377
5376
5374
5373
5372
5372
5371
5368
5368
5365
5365
5365
5364
5364
5364
5363
5362
5361
5360
5358
5355
5354
5353
5352
5352
5351
5349
5347
5346
5346
5346
5346
5344
5344
5342
5342
5341
5340
5339
5339
5339
5338
5337
5336
5336
5336
5336
5336
5335
5335
5334
5331
5331
5329
5329
5328
5328
5326
5326
5325
5325
5325
5325
5324
5324
5321
5321
5320
5317
5316
5314
5314
5313
5311
5311
5311
5311
5310
5309
5308
5306
5305
5304
5303
5302
5301
5301
5301
5300
5300
5298
5298
5297
5297
5296
5296
5295
5295
5294
5293
5293
5291
5289
5288
5286
5285
5284
5282
5281
5277
5276
5275
5275
5274
5273
5270
5270
5269
5268
5268
5267
5267
5265
5265
5265
5265
5265
5264
5264
5263
5262
5262
5262
5261
5260
5260
5259
5256
5254
5254
5254
5253
5252
5252
5252
5251
5251
5247
5247
5246
5244
5243
5243
5242
5241
5240
5240
5238
5236
5236
5235
5235
5235
5232
5230
5229
5229
5228
5227
5226
5226
5226
5226
5225
5225
5224
5224
5224
5222
5221
5221
5219
5219
5219
5217
5217
5216
5216
5216
5216
5216
5215
5215
5215
5214
5214
5212
5212
5212
5212
5212
5211
5210
5209
5209
5207
5206
5205
5204
5204
5204
5203
5202
5202
5201
5201
5201
5201
5200
5199
5198
5197
5197
5196
5196
5195
5194
5194
5194
5193
5193
5193
5191
5191
5190
5190
5190
5188
5188
5187
5186
5186
5186
5185
5184
5183
5183
5182
5182
5181
5180
5179
5178
5175
5175
5174
5174
5171
5171
5170
5170
5169
5169
5168
5168
5167
5166
5165
5165
5165
5164
5164
5164
5164
5162
5161
5160
5159
5158
5158
5157
5156
5156
5155
5152
5152
5152
5151
5149
5148
5146
5146
5146
5143
5143
5142
5142
5139
5139
5138
5138
5137
5136
5136
5136
5135
5133
5133
5133
5132
5131
5130
5129
5128
5127
5127
5126
5126
5126
5125
5124
5123
5122
5122
5122
5121
5120
5119
5119
5117
5117
5116
5114
5114
5113
5113
5113
5112
5111
5110
5110
5110
5109
5109
5107
5107
5105
5102
5102
5101
5101
5101
5100
5100
5100
5099
5099
5098
5098
5096
5096
5096
5096
5096
5096
5095
5094
5092
5091
5091
5091
5090
5090
5087
5084
5084
5084
5084
5083
5081
5081
5080
5078
5078
5077
5077
5077
5075
5075
5073
5073
5073
5072
5071
5071
5071
5070
5069
5068
5068
5068
5067
5066
5065
5064
5063
5063
5063
5062
5060
5059
5059
5059
5057
5056
5055
5055
5053
5052
5052
5051
5051
5050
5049
5049
5049
5049
5048
5044
5044
5043
5042
5042
5041
5041
5037
5037
5037
5034
5033
5033
5032
5032
5032
5030
5030
5029
5029
5027
5026
5026
5026
5024
5023
5023
5023
5022
5021
5021
5021
5020
5018
5018
5018
5017
5016
5016
5016
5013
5012
5012
5011
5007
5007
5007
5006
5005
5005
5004
5003
5003
5001
5000
4999
4998
4998
4997
4996
4996
4995
4995
4995
4995
4994
4993
4993
4993
4991
4989
4989
4989
4988
4987
4987
4986
4985
4985
4985
4985
4985
4984
4984
4984
4981
4981
4979
4979
4978
4976
4976
4974
4973
4971
4970
4969
4969
4968
4968
4968
4968
4967
4967
4966
4966
4965
4965
4964
4964
4962
4961
4961
4959
4959
4959
4958
4958
4957
4957
4955
4955
4955
4954
4953
4953
4953
4952
4951
4951
4951
4950
4950
4950
4949
4949
4948
4948
4948
4947
4947
4947
4946
4946
4946
4945
4945
4945
4944
4944
4943
4942
4942
4940
4940
4939
4938
4938
4937
4937
4936
4936
4935
4934
4934
4934
4933
4932
4931
4931
4950
4928
4928
4927
4927
4926
4926
4924
4923
4923
4922
4920
4920
4917
4917
4917
4917
4917
4917
4917
4917
4916
4916
4915
4915
4913
4912
4911
4911
4911
4911
4911
4911
4910
4910
4909
4909
4908
4908
4906
4904
4902
4901
4901
4900
4900
4900
4899
4898
4898
4898
4897
4896
4896
4895
4895
4894
4894
4893
4892
4892
4892
4891
4891
4890
4889
4888
4888
4888
4886
4886
4886
4886
4885
4885
4884
4884
4884
4882
4881
4880
4880
4880
4880
4879
4879
4879
4877
4877
4876
4876
4876
4874
4874
4873
4873
4872
4871
4871
4870
4870
4869
4868
4866
4865
4863
4860
4860
4858
4857
4857
4857
4855
4855
4855
4855
4854
4851
4851
4851
4851
4850
4849
4848
4848
4848
4847
4847
4846
4846
4846
4844
4843
4842
4842
4842
4841
4838
4838
4836
4836
4836
4835
4835
4835
4834
4831
4830
4828
4828
4828
4827
4827
4826
4826
4826
4825
4824
4822
4822
4822
4821
4821
4821
4821
4820
4820
4820
4819
4819
4818
4818
4818
4817
4817
4815
4815
4814
4812
4812
4812
4811
4810
4809
4809
4809
4808
4808
4807
4806
4806
4805
4805
4803
4803
4803
4803
4802
4800
4800
4800
4800
4799
4799
4799
4797
4797
4797
4797
4796
4796
4795
4795
4794
4794
4794
4793
4793
4793
4790
4790
4790
4790
4788
4788
4787
4787
4787
4787
4786
4786
4786
4785
4784
4784
4784
4784
4784
4781
4781
4780
4779
4779
4778
4778
4778
4777
4777
4776
4775
4774
4773
4772
4772
4772
4772
4769
4769
4768
4768
4768
4768
4767
4766
4765
4765
4763
4762
4761
4761
4761
4760
4760
4759
4759
4759
4759
4758
4757
4757
4757
4756
4755
4755
4755
4754
4754
4753
4752
4752
4752
4752
4752
4752
4751
4751
4750
4749
4749
4749
4748
4748
4747
4747
4747
4746
4745
4744
4744
4743
4742
4742
4741
4741
4740
4739
4738
4738
4738
4737
4736
4736
4735
4734
4733
4733
4733
4732
4732
4731
4730
4730
4729
4729
4728
4728
4728
4727
4727
4727
4726
4725
4724
4724
4722
4722
4722
4721
4719
4719
4719
4718
4716
4716
4716
4716
4716
4715
4715
4715
4715
4714
4714
4713
4712
4709
4708
4708
4708
4708
4708
4707
4707
4706
4705
4705
4704
4704
4704
4704
4704
4703
4703
4703
4703
4702
4701
4701
4700
4700
4700
4698
4698
4697
4697
4697
4696
4695
4695
4694
4694
4694
4693
4693
4692
4692
4692
4691
4691
4690
4690
4689
4689
4689
4689
4688
4687
4685
4684
4684
4683
4683
4682
4679
4679
4679
4678
4678
4677
4677
4677
4676
4676
4676
4675
4675
4674
4673
4673
4672
4671
4671
4671
4670
4668
4667
4666
4664
4664
4663
4663
4663
4663
4663
4663
4662
4662
4660
4659
4659
4659
4658
4658
4658
4658
4657
4656
4655
4652
4652
4652
4652
4650
4650
4650
4650
4650
4649
4649
4649
4648
4647
4646
4644
4644
4643
4643
4642
4641
4641
4640
4640
4640
4639
4639
4639
4638
4638
4637
4636
4636
4636
4635
4635
4635
4634
4634
4634
4634
4634
4633
4633
4632
4632
4632
4631
4630
4630
4629
4629
4628
4627
4627
4627
4626
4625
4625
4624
4624
4623
4623
4622
4622
4622
4621
4620
4620
4620
4620
4620
4619
4618
4617
4616
4616
4616
4615
4614
4614
4612
4611
4611
4610
4610
4609
4608
4608
4607
4607
4606
4603
4603
4602
4602
4601
4601
4601
4600
4600
4600
4599
4598
4597
4595
4595
4593
4592
4592
4590
4590
4589
4589
4588
4588
4587
4587
4586
4586
4585
4585
4584
4584
4581
4581
4579
4579
4579
4578
4578
4577
4576
4576
4575
4575
4575
4575
4574
4574
4574
4573
4573
4573
4572
4571
4570
4570
4570
4570
4570
4570
4569
4568
4568
4567
4567
4566
4565
4565
4565
4564
4564
4564
4563
4563
4562
4561
4560
4560
4560
4559
4559
4557
4556
4556
4556
4554
4554
4553
4552
4552
4552
4551
4551
4550
4549
4548
4548
4547
4547
4546
4546
4545
4545
4544
4543
4543
4543
4541
4541
4540
4540
4539
4539
4538
4537
4537
4537
4537
4535
4535
4534
4533
4532
4532
4531
4529
4529
4528
4526
4526
4526
4525
4524
4524
4523
4522
4522
4522
4522
4522
4521
4521
4519
4518
4518
4517
4516
4516
4515
4515
4513
4512
4511
4509
4508
4507
4507
4506
4505
4504
4503
4503
4503
4502
4502
4501
4501
4501
4501
4500
4500
4500
4500
4499
4498
4497
4497
4496
4496
4496
4495
4495
4494
4493
4491
4491
4491
4491
4490
4490
4490
4489
4489
4488
4488
4487
4487
4487
4487
4487
4486
4485
4485
4485
4484
4483
4483
4483
4481
4481
4481
4480
4479
4479
4478
4477
4477
4476
4476
4475
4475
4474
4474
4473
4473
4473
4472
4472
4472
4470
4470
4470
4470
4470
4470
4466
4466
4466
4465
4464
4464
4463
4462
4461
4460
4460
4459
4459
4459
4459
4457
4457
4457
4456
4456
4455
4454
4454
4452
4452
4452
4452
4452
4451
4450
4450
4449
4448
4448
4448
4448
4448
4447
4446
4446
4446
4446
4445
4445
4444
4443
4443
4443
4442
4442
4441
4440
4440
4440
4439
4439
4439
4438
4437
4436
4436
4436
4436
4436
4435
4434
4434
4433
4432
4431
4431
4431
4430
4430
4430
4429
4429
4427
4427
4425
4425
4425
4425
4424
4424
4423
4422
4422
4422
4422
4422
4421
4421
4420
4420
4419
4418
4417
4417
4417
4417
4416
4416
4415
4414
4414
4413
4413
4413
4413
4412
4412
4412
4411
4410
4410
4409
4409
4409
4409
4408
4408
4407
4407
4407
4405
4404
4404
4403
4403
4403
4402
4402
4401
4401
4401
4401
4401
4401
4400
4400
4398
4398
4397
4396
4395
4394
4394
4394
4393
4392
4392
4392
4392
4392
4391
4391
4391
4390
4389
4389
4388
4387
4386
4386
4386
4385
4385
4385
4384
4383
4383
4383
4383
4382
4381
4381
4381
4381
4380
4380
4380
4378
4377
4376
4376
4375
4373
4373
4372
4372
4371
4371
4369
4369
4368
4368
4365
4364
4364
4363
4363
4362
4362
4362
4362
4360
4360
4360
4359
4359
4357
4357
4356
4355
4355
4355
4354
4353
4352
4351
4351
4351
4351
4349
4348
4348
4348
4347
4346
4346
4345
4344
4344
4344
4343
4343
4343
4342
4341
4340
4340
4339
4338
4338
4338
4337
4337
4337
4336
4336
4336
4336
4336
4334
4333
4333
4333
4332
4332
4331
4331
4331
4329
4329
4329
4328
4327
4327
4327
4327
4327
4326
4326
4326
4323
4323
4323
4322
4322
4322
4322
4322
4321
4320
4320
4320
4320
4317
4317
4317
4317
4317
4317
4317
4316
4315
4315
4315
4315
4314
4314
4314
4313
4312
4312
4311
4311
4311
4310
4309
4309
4308
4307
4307
4307
4306
4306
4306
4305
4305
4305
4305
4305
4304
4304
4304
4304
4302
4302
4302
4301
4300
4300
4300
4299
4299
4299
4299
4298
4298
4298
4298
4297
4297
4297
4296
4295
4295
4295
4294
4294
4294
4294
4293
4293
4293
4292
4292
4292
4291
4291
4291
4290
4290
4290
4290
4289
4288
4288
4287
4291
4286
4285
4285
4285
4284
4284
4283
4283
4283
4283
4283
4281
4281
4280
4280
4280
4279
4279
4279
4279
4278
4278
4277
4277
4276
4275
4274
4274
4273
4272
4272
4272
4271
4271
4270
4269
4268
4268
4267
4267
4267
4267
4267
4266
4266
4266
4266
4265
4264
4264
4264
4263
4263
4262
4262
4262
4260
4260
4260
4259
4259
4258
4258
4257
4256
4256
4256
4255
4254
4254
4254
4253
4253
4253
4253
4252
4252
4251
4251
4250
4250
4250
4249
4248
4248
4247
4247
4246
4246
4246
4246
4246
4245
4244
4244
4244
4243
4243
4242
4241
4239
4239
4239
4238
4222
4237
4236
4236
4235
4235
4235
4235
4235
4234
4233
4232
4232
4232
4231
4231
4230
4230
4230
4229
4229
4229
4229
4229
4228
4228
4228
4228
4227
4227
4226
4226
4225
4224
4224
4223
4223
4223
4223
4222
4221
4221
4220
4219
4218
4218
4217
4216
4216
4216
4215
4215
4215
4215
4214
4214
4214
4213
4212
4211
4210
4209
4209
4209
4209
4208
4208
4208
4206
4206
4206
4204
4203
4203
4203
4202
4202
4202
4202
4201
4200
4200
4200
4198
4198
4197
4196
4196
4195
4194
4194
4194
4194
4192
4192
4192
4192
4191
4191
4191
4190
4190
4190
4190
4190
4190
4189
4188
4187
4186
4185
4185
4183
4183
4179
4178
4176
4176
4175
4174
4174
4174
4174
4173
4173
4173
4173
4172
4172
4172
4170
4170
4170
4170
4169
4169
4169
4168
4168
4167
4166
4165
4164
4164
4164
4164
4163
4162
4162
4162
4161
4161
4161
4161
4160
4159
4159
4159
4159
4159
4159
4158
4158
4157
4157
4156
4156
4156
4156
4156
4155
4154
4154
4153
4151
4151
4150
4150
4149
4149
4149
4148
4148
4147
4147
4147
4147
4146
4146
4146
4146
4144
4144
4144
4142
4141
4140
4140
4139
4139
4138
4137
4137
4137
4137
4136
4136
4136
4135
4134
4134
4134
4133
4133
4133
4133
4133
4133
4133
4132
4132
4132
4132
4131
4130
4129
4129
4128
4128
4128
4128
4128
4128
4127
4126
4126
4124
4123
4123
4123
4122
4122
4121
4120
4120
4118
4118
4117
4116
4116
4116
4116
4115
4115
4115
4115
4114
4114
4113
4112
4112
4111
4111
4111
4110
4110
4110
4109
4109
4109
4109
4108
4108
4108
4107
4107
4107
4107
4106
4106
4105
4105
4105
4105
4104
4104
4103
4102
4102
4102
4101
4101
4100
4100
4100
4098
4098
4097
4096
4096
4094
4093
4093
4093
4093
4093
4093
4092
4091
4091
4090
4090
4089
4089
4089
4089
4089
4088
4087
4086
4086
4086
4086
4085
4084
4084
4084
4084
4084
4083
4083
4082
4082
4082
4082
4082
4081
4081
4081
4066
4081
4081
4080
4080
4080
4080
4079
4079
4079
4078
4078
4076
4076
4075
4075
4075
4074
4074
4074
4074
4074
4074
4074
4073
4073
4073
4071
4071
4071
4071
4070
4069
4069
4068
4067
4067
4066
4066
4065
4065
4065
4065
4065
4064
4064
4064
4064
4063
4063
4062
4062
4062
4062
4061
4061
4061
4061
4060
4060
4060
4059
4059
4057
4057
4057
4057
4056
4056
4056
4055
4054
4054
4052
4052
4052
4052
4050
4050
4050
4050
4050
4049
4049
4049
4049
4048
4048
4048
4048
4048
4048
4047
4046
4046
4046
4046
4046
4045
4045
4045
4043
4042
4042
4042
4042
4042
4041
4041
4041
4041
4039
4039
4038
4038
4036
4036
4036
4036
4036
4035
4034
4033
4032
4031
4030
4030
4030
4029
4029
4029
4029
4029
4028
4028
4028
4027
4026
4026
4026
4026
4026
4026
4024
4023
4023
4023
4022
4021
4021
4021
4020
4019
4019
4019
4018
4017
4017
4016
4016
4014
4014
4014
4014
4014
4014
4013
4013
4013
4012
4012
4012
4012
4012
4012
4011
4011
4011
4011
4011
4011
4010
4009
4008
4007
4007
4006
4006
4006
4006
4006
4006
4005
4005
4005
4004
4002
4002
4001
4001
4001
4000
4000
4000
4000
3999
3999
3999
3998
3997
3997
3996
3996
3996
3996
3996
3996
3995
3994
3994
3993
3993
3992
3992
3992
3990
3990
3989
3989
3988
3988
3987
3987
3987
3987
3986
3986
3985
3985
3985
3984
3984
3984
3984
3984
3983
3983
3982
3982
3982
3982
3981
3981
3980
3979
3979
3979
3978
3978
3977
3976
3976
3976
3974
3974
3974
3973
3973
3973
3973
3972
3971
3970
3969
3969
3969
3968
3968
3968
3967
3967
3966
3966
3966
3966
3966
3965
3964
3964
3964
3963
3963
3962
3961
3961
3961
3959
3958
3957
3957
3956
3956
3956
3956
3956
3956
3955
3954
3954
3954
3953
3952
3951
3951
3951
3949
3948
3948
3947
3947
3947
3946
3946
3946
3946
3946
3945
3945
3945
3944
3943
3943
3943
3942
3942
3942
3942
3942
3941
3941
3941
3941
3940
3940
3939
3939
3939
3938
3937
3937
3937
3936
3936
3936
3936
3935
3935
3935
3935
3935
3934
3934
3934
3934
3932
3932
3931
3930
3930
3930
3930
3929
3929
3929
3929
3928
3928
3928
3928
3928
3927
3926
3926
3926
3926
3925
3925
3925
3924
3924
3924
3922
3922
3922
3922
3921
3921
3920
3919
3919
3918
3917
3917
3916
3916
3916
3915
3915
3915
3915
3915
3914
3914
3914
3913
3913
3913
3912
3912
3911
3911
3911
3911
3910
3909
3908
3908
3908
3907
3907
3907
3907
3906
3906
3905
3905
3905
3905
3904
3904
3904
3903
3903
3903
3902
3902
3901
3899
3899
3898
3897
3896
3896
3896
3895
3894
3894
3894
3894
3894
3893
3893
3893
3893
3893
3892
3892
3892
3892
3891
3891
3891
3891
3889
3889
3888
3888
3888
3888
3887
3886
3886
3886
3886
3886
3886
3886
3885
3885
3885
3885
3885
3885
3883
3882
3882
3881
3881
3881
3881
3879
3879
3879
3879
3879
3878
3878
3877
3876
3876
3876
3875
3875
3875
3874
3874
3873
3873
3873
3872
3871
3871
3870
3868
3868
3867
3866
3866
3865
3864
3864
3863
3863
3863
3861
3861
3861
3860
3860
3860
3860
3860
3859
3859
3859
3859
3859
3859
3859
3858
3857
3857
3857
3856
3855
3855
3854
3854
3853
3852
3852
3851
3851
3851
3850
3850
3850
3850
3849
3849
3849
3849
3848
3848
3848
3848
3848
3847
3847
3846
3845
3844
3844
3843
3843
3842
3842
3842
3841
3841
3840
3839
3839
3839
3839
3838
3838
3838
3837
3837
3836
3836
3835
3835
3835
3834
3833
3833
3833
3832
3832
3832
3832
3832
3832
3831
3831
3831
3831
3830
3830
3830
3830
3830
3829
3829
3828
3828
3827
3826
3826
3826
3826
3826
3826
3825
3825
3824
3823
3822
3822
3822
3822
3822
3821
3821
3820
3820
3820
3820
3820
3819
3819
3818
3818
3816
3816
3816
3815
3815
3815
3815
3815
3814
3813
3812
3811
3811
3811
3811
3811
3809
3809
3809
3809
3808
3808
3808
3808
3807
3807
3807
3807
3806
3806
3806
3806
3806
3806
3805
3805
3805
3805
3805
3805
3805
3803
3803
3802
3802
3802
3801
3801
3799
3799
3799
3798
3798
3798
3798
3798
3797
3797
3797
3797
3797
3797
3796
3794
3793
3793
3793
3792
3792
3791
3791
3790
3790
3790
3790
3789
3789
3789
3789
3789
3789
3788
3788
3788
3787
3786
3785
3784
3784
3783
3783
3783
3783
3782
3782
3781
3780
3779
3779
3778
3778
3778
3777
3777
3776
3776
3775
3775
3775
3775
3775
3775
3775
3775
3775
3774
3774
3774
3773
3773
3773
3773
3773
3772
3771
3771
3771
3770
3770
3769
3768
3768
3767
3767
3767
3766
3765
3765
3765
3765
3765
3764
3764
3763
3763
3763
3763
3762
3762
3762
3761
3761
3761
3761
3760
3760
3759
3758
3757
3757
3756
3756
3755
3754
3754
3754
3754
3754
3754
3753
3752
3752
3751
3751
3751
3751
3750
3750
3749
3749
3748
3748
3748
3747
3747
3746
3745
3745
3744
3744
3744
3743
3743
3743
3742
3741
3741
3741
3741
3740
3739
3739
3739
3738
3737
3737
3737
3736
3736
3736
3735
3735
3735
3735
3735
3735
3734
3734
3734
3733
3732
3732
3732
3731
3731
3731
3730
3730
3730
3730
3729
3728
3728
3727
3727
3726
3726
3726
3725
3725
3725
3725
3723
3722
3722
3722
3721
3721
3720
3720
3720
3719
3719
3719
3719
3719
3719
3718
3718
3718
3717
3717
3717
3716
3716
3716
3715
3715
3714
3714
3713
3713
3713
3713
3712
3712
3711
3710
3710
3710
3710
3710
3709
3708
3707
3707
3707
3706
3706
3705
3705
3705
3705
3704
3704
3704
3703
3703
3703
3702
3702
3702
3701
3701
3701
3700
3700
3699
3699
3699
3699
3699
3698
3698
3698
3698
3698
3697
3697
3697
3696
3696
3696
3696
3695
3695
3695
3695
3694
3694
3694
3693
3693
3693
3693
3692
3692
3692
3691
3691
3689
3689
3689
3689
3689
3688
3688
3688
3687
3687
3687
3686
3686
3673
3685
3685
3685
3685
3685
3685
3684
3684
3684
3684
3682
3681
3680
3680
3679
3679
3678
3678
3678
3678
3678
3678
3677
3677
3676
3676
3676
3676
3675
3675
3673
3672
3671
3671
3671
3670
3669
3669
3669
3669
3669
3668
3668
3668
3667
3667
3667
3667
3667
3666
3666
3666
3665
3665
3665
3664
3663
3661
3661
3660
3660
3660
3660
3660
3660
3660
3660
3660
3659
3659
3658
3658
3657
3657
3657
3657
3656
3656
3656
3655
3654
3654
3654
3654
3654
3654
3653
3652
3652
3651
3651
3650
3650
3650
3649
3649
3649
3649
3649
3648
3648
3648
3648
3647
3647
3647
3646
3646
3646
3646
3646
3645
3645
3645
3644
3644
3644
3643
3643
3643
3643
3642
3641
3641
3640
3640
3640
3639
3639
3639
3639
3638
3638
3638
3638
3637
3637
3637
3636
3635
3635
3634
3634
3633
3633
3633
3632
3632
3632
3632
3631
3631
3631
3631
3630
3630
3630
3629
3628
3628
3628
3627
3627
3627
3627
3626
3626
3626
3626
3626
3626
3626
3626
3626
3625
3625
3625
3625
3625
3625
3624
3624
3623
3623
3623
3623
3622
3622
3621
3621
3621
3621
3620
3620
3620
3620
3619
3619
3619
3619
3619
3618
3618
3618
3617
3617
3617
3617
3617
3617
3616
3616
3615
3615
3615
3615
3615
3614
3614
3614
3613
3613
3613
3613
3612
3612
3612
3611
3611
3610
3610
3610
3610
3610
3610
3609
3609
3609
3608
3608
3608
3607
3607
3606
3606
3606
3605
3605
3605
3605
3605
3604
3604
3604
3603
3603
3603
3602
3601
3601
3600
3600
3599
3598
3597
3597
3597
3597
3596
3596
3596
3595
3595
3595
3595
3595
3594
3594
3593
3593
3593
3592
3591
3591
3591
3590
3590
3590
3589
3589
3589
3589
3589
3589
3588
3587
3587
3586
3586
3585
3585
3585
3584
3584
3584
3584
3584
3584
3583
3583
3583
3582
3582
3582
3582
3581
3581
3581
3581
3581
3581
3580
3580
3580
3579
3579
3579
3578
3578
3578
3578
3577
3576
3576
3575
3575
3575
3574
3574
3574
3574
3573
3573
3573
3573
3573
3572
3572
3572
3571
3571
3571
3571
3570
3569
3569
3569
3569
3568
3566
3566
3566
3566
3566
3565
3565
3565
3565
3564
3564
3563
3562
3562
3561
3561
3560
3560
3559
3559
3558
3558
3558
3558
3557
3557
3557
3556
3556
3556
3555
3555
3554
3554
3554
3553
3552
3552
3551
3551
3551
3551
3550
3549
3549
3549
3549
3548
3548
3548
3547
3547
3547
3547
3546
3546
3546
3545
3545
3545
3545
3544
3544
3544
3543
3543
3553
3542
3542
3541
3541
3541
3540
3540
3539
3539
3539
3539
3539
3539
3538
3538
3538
3538
3537
3537
3537
3537
3536
3536
3536
3536
3535
3535
3534
3534
3533
3532
3532
3532
3532
3532
3532
3531
3530
3530
3530
3529
3529
3529
3529
3529
3528
3527
3527
3526
3526
3526
3525
3525
3524
3524
3524
3524
3523
3523
3523
3522
3522
3522
3522
3521
3521
3521
3521
3520
3520
3519
3519
3519
3518
3518
3518
3517
3516
3516
3516
3515
3515
3515
3514
3514
3514
3514
3514
3513
3513
3512
3512
3512
3512
3512
3511
3511
3511
3511
3510
3510
3510
3510
3509
3508
3508
3507
3506
3506
3505
3505
3504
3504
3504
3504
3504
3503
3501
3501
3501
3501
3500
3500
3499
3499
3499
3499
3498
3498
3497
3496
3496
3495
3495
3494
3494
3494
3494
3493
3493
3493
3492
3492
3492
3490
3490
3489
3489
3488
3488
3488
3488
3487
3487
3486
3486
3485
3485
3484
3484
3484
3484
3483
3483
3483
3482
3482
3480
3480
3480
3480
3479
3479
3479
3479
3479
3479
3478
3478
3478
3478
3478
3477
3477
3477
3477
3476
3476
3476
3476
3476
3476
3475
3475
3475
3474
3474
3474
3473
3473
3472
3472
3472
3471
3471
3471
3470
3470
3470
3470
3469
3469
3468
3468
3468
3467
3467
3467
3466
3466
3465
3465
3465
3465
3465
3464
3464
3464
3464
3464
3464
3464
3463
3463
3463
3462
3462
3462
3462
3461
3461
3461
3461
3461
3461
3461
3461
3460
3460
3460
3460
3460
3459
3459
3459
3458
3458
3457
3457
3457
3457
3457
3457
3455
3455
3455
3455
3455
3455
3454
3453
3453
3453
3452
3452
3451
3451
3451
3451
3450
3449
3449
3449
3449
3448
3448
3448
3448
3447
3447
3447
3446
3446
3446
3446
3445
3445
3445
3444
3444
3444
3444
3444
3444
3443
3442
3442
3442
3441
3441
3441
3441
3441
3441
3440
3440
3440
3439
3439
3439
3438
3438
3438
3438
3437
3437
3436
3436
3436
3435
3435
3435
3434
3434
3434
3433
3433
3433
3433
3432
3431
3431
3431
3430
3430
3430
3430
3429
3429
3429
3429
3429
3429
3428
3428
3428
3428
3428
3428
3427
3426
3426
3426
3425
3425
3425
3425
3425
3424
3424
3422
3422
3422
3422
3421
3421
3421
3421
3420
3420
3420
3420
3420
3420
3419
3419
3419
3419
3418
3417
3417
3417
3417
3416
3416
3416
3416
3415
3415
3414
3414
3413
3413
3413
3413
3413
3412
3412
3412
3412
3412
3411
3411
3411
3411
3410
3410
3410
3410
3410
3410
3409
3409
3409
3409
3409
3409
3409
3408
3408
3408
3407
3407
3407
3407
3407
3406
3406
3406
3405
3405
3405
3405
3405
3404
3404
3404
3403
3403
3403
3403
3403
3402
3402
3402
3402
3402
3401
3401
3401
3401
3401
3400
3399
3399
3399
3398
3398
3398
3397
3397
3396
3396
3396
3396
3395
3395
3395
3395
3394
3394
3394
3393
3393
3393
3393
3392
3392
3392
3391
3391
3391
3391
3390
3390
3390
3390
3390
3389
3389
3388
3388
3387
3387
3387
3387
3387
3387
3387
3387
3387
3387
3387
3387
3386
3386
3386
3386
3385
3385
3385
3385
3385
3384
3384
3384
3383
3383
3383
3382
3382
3381
3381
3381
3381
3381
3380
3380
3380
3379
3379
3378
3378
3378
3378
3378
3378
3377
3377
3377
3377
3376
3376
3375
3375
3375
3375
3374
3374
3374
3374
3373
3373
3373
3372
3372
3372
3372
3372
3371
3371
3371
3371
3370
3370
3370
3370
3369
3369
3369
3369
3368
3368
3368
3368
3368
3368
3367
3367
3366
3366
3365
3365
3365
3365
3365
3364
3364
3364
3364
3364
3364
3364
3364
3363
3363
3363
3363
3363
3362
3362
3362
3361
3360
3360
3360
3360
3360
3359
3359
3358
3358
3357
3357
3357
3357
3357
3356
3356
3356
3355
3355
3355
3355
3355
3355
3354
3354
3354
3354
3354
3354
3353
3353
3353
3353
3353
3353
3352
3352
3352
3352
3352
3352
3351
3351
3350
3350
3350
3350
3349
3349
3349
3349
3348
3347
3347
3347
3347
3346
3346
3346
3346
3346
3345
3344
3344
3344
3344
3344
3344
3343
3343
3343
3343
3343
3343
3342
3342
3342
3342
3341
3341
3340
3340
3339
3339
3339
3338
3338
3338
3338
3337
3337
3337
3337
3336
3336
3336
3336
3336
3336
3336
3335
3335
3335
3335
3334
3334
3334
3334
3334
3333
3333
3332
3332
3332
3332
3332
3332
3332
3331
3331
3331
3331
3331
3330
3330
3330
3330
3330
3330
3329
3329
3329
3329
3329
3328
3328
3328
3328
3328
3327
3327
3327
3327
3326
3326
3325
3325
3325
3325
3324
3324
3324
3323
3323
3323
3323
3323
3323
3322
3322
3322
3322
3322
3322
3322
3319
3319
3319
3319
3318
3318
3318
3318
3317
3317
3317
3315
3315
3315
3315
3314
3314
3314
3314
3312
3312
3312
3311
3311
3311
3311
3310
3310
3310
3310
3309
3309
3308
3308
3308
3308
3308
3308
3308
3307
3307
3307
3307
3306
3306
3306
3306
3305
3305
3305
3305
3305
3304
3304
3304
3303
3303
3303
3302
3302
3302
3302
3302
3301
3301
3301
3301
3301
3300
3300
3299
3299
3299
3299
3299
3299
3299
3298
3298
3297
3297
3297
3297
3297
3297
3296
3296
3296
3296
3296
3296
3295
3295
3294
3294
3294
3294
3293
3293
3293
3293
3293
3292
3292
3291
3291
3291
3291
3290
3290
3290
3290
3290
3289
3289
3289
3289
3289
3289
3288
3288
3288
3288
3288
3287
3287
3287
3287
3287
3286
3286
3286
3285
3285
3285
3285
3284
3284
3284
3284
3283
3283
3283
3283
3282
3282
3282
3282
3282
3282
3281
3281
3281
3281
3280
3280
3280
3280
3280
3279
3279
3279
3279
3279
3278
3278
3277
3277
3277
3276
3275
3275
3275
3275
3275
3274
3274
3274
3274
3273
3273
3272
3272
3272
3272
3272
3272
3272
3272
3272
3272
3271
3271
3271
3271
3270
3270
3270
3269
3269
3269
3268
3268
3268
3267
3267
3267
3266
3266
3266
3266
3265
3265
3265
3264
3264
3264
3264
3264
3263
3263
3262
3262
3262
3262
3261
3261
3261
3261
3261
3260
3260
3260
3259
3259
3259
3259
3259
3259
3259
3258
3258
3257
3257
3257
3257
3257
3256
3256
3255
3255
3255
3254
3254
3254
3253
3253
3253
3253
3253
3253
3252
3252
3252
3252
3252
3252
3252
3251
3251
3251
3251
3251
3250
3250
3250
3250
3250
3250
3249
3249
3249
3249
3249
3249
3248
3248
3248
3248
3247
3247
3246
3246
3245
3245
3245
3245
3245
3245
3245
3244
3244
3244
3243
3243
3243
3242
3242
3241
3241
3241
3240
3240
3240
3240
3240
3240
3240
3240
3240
3240
3239
3239
3239
3238
3238
3237
3237
3237
3237
3237
3237
3237
3237
3237
3236
3236
3236
3235
3235
3235
3235
3235
3235
3235
3234
3233
3232
3231
3231
3231
3231
3230
3230
3230
3230
3229
3229
3228
3227
3227
3227
3227
3226
3226
3226
3225
3225
3225
3225
3225
3224
3224
3224
3224
3222
3221
3221
3221
3220
3220
3220
3220
3220
3220
3219
3219
3219
3219
3219
3219
3219
3218
3218
3218
3217
3217
3216
3216
3216
3216
3215
3215
3215
3215
3215
3215
3215
3215
3214
3214
3214
3213
3213
3213
3213
3213
3213
3213
3212
3212
3211
3211
3211
3211
3210
3210
3210
3210
3210
3210
3209
3209
3209
3209
3209
3209
3208
3207
3207
3206
3206
3206
3206
3206
3206
3206
3205
3204
3203
3203
3202
3202
3201
3201
3201
3201
3200
3200
3200
3200
3199
3199
3199
3199
3198
3198
3198
3198
3197
3196
3196
3196
3196
3196
3196
3195
3195
3194
3193
3193
3193
3193
3193
3193
3193
3193
3192
3192
3192
3192
3192
3191
3191
3191
3191
3191
3191
3190
3190
3190
3190
3189
3189
3189
3189
3188
3187
3186
3186
3186
3186
3186
3186
3185
3185
3185
3185
3185
3185
3185
3184
3184
3184
3184
3183
3183
3182
3182
3182
3182
3182
3182
3181
3181
3181
3181
3180
3180
3180
3180
3179
3179
3179
3179
3178
3178
3177
3177
3177
3176
3176
3176
3176
3176
3176
3176
3175
3175
3175
3174
3174
3174
3173
3173
3173
3173
3173
3173
3172
3172
3172
3172
3172
3171
3171
3170
3170
3170
3170
3169
3169
3169
3169
3169
3169
3168
3168
3168
3167
3167
3167
3167
3167
3167
3167
3166
3166
3165
3165
3165
3165
3165
3164
3164
3164
3163
3163
3163
3163
3163
3162
3162
3162
3162
3162
3162
3161
3161
3161
3161
3160
3160
3160
3160
3160
3160
3160
3158
3158
3158
3157
3157
3157
3157
3157
3156
3156
3156
3155
3155
3155
3155
3154
3154
3153
3153
3153
3152
3152
3151
3151
3151
3151
3151
3151
3151
3151
3150
3150
3150
3149
3149
3149
3148
3148
3148
3148
3148
3148
3148
3148
3147
3147
3147
3147
3147
3147
3146
3146
3146
3146
3145
3145
3144
3144
3144
3144
3144
3143
3143
3143
3143
3143
3143
3142
3142
3142
3141
3141
3141
3140
3140
3140
3140
3140
3140
3139
3139
3139
3139
3139
3138
3138
3138
3138
3138
3138
3137
3137
3137
3137
3137
3137
3136
3136
3136
3136
3136
3135
3135
3135
3134
3134
3134
3134
3134
3134
3133
3133
3132
3132
3132
3132
3132
3132
3131
3131
3130
3129
3129
3129
3129
3129
3128
3128
3128
3128
3127
3127
3127
3127
3126
3126
3126
3124
3124
3124
3124
3124
3123
3123
3122
3122
3122
3122
3122
3122
3121
3121
3121
3121
3120
3120
3120
3119
3119
3119
3119
3118
3117
3117
3117
3117
3117
3117
3117
3116
3116
3116
3116
3116
3115
3115
3115
3115
3115
3115
3114
3114
3114
3114
3114
3113
3113
3113
3113
3112
3112
3112
3111
3111
3111
3111
3111
3111
3111
3110
3110
3110
3109
3109
3109
3109
3109
3109
3108
3108
3108
3108
3107
3107
3107
3107
3107
3107
3106
3106
3106
3106
3106
3105
3105
3105
3105
3105
3105
3105
3104
3104
3104
3103
3102
3102
3102
3102
3101
3101
3101
3100
3100
3100
3100
3100
3099
3099
3098
3098
3098
3098
3098
3098
3098
3098
3097
3097
3097
3097
3097
3096
3096
3096
3096
3095
3095
3095
3095
3094
3093
3093
3093
3093
3092
3091
3091
3091
3091
3090
3090
3090
3090
3090
3089
3089
3089
3089
3089
3088
3088
3088
3088
3088
3088
3088
3088
3088
3088
3087
3087
3087
3087
3087
3086
3086
3086
3086
3086
3086
3085
3085
3085
3085
3085
3085
3085
3085
3084
3084
3084
3084
3084
3084
3083
3083
3083
3083
3083
3083
3082
3082
3082
3081
3081
3081
3080
3080
3080
3080
3079
3079
3079
3078
3078
3078
3078
3077
3077
3077
3077
3077
3076
3076
3076
3076
3076
3076
3076
3076
3075
3075
3075
3075
3074
3074
3074
3074
3074
3073
3073
3073
3072
3072
3072
3071
3071
3071
3071
3071
3071
3070
3070
3070
3070
3070
3070
3070
3070
3070
3070
3069
3069
3069
3068
3068
3067
3067
3067
3067
3067
3067
3066
3066
3066
3066
3066
3065
3065
3064
3064
3064
3064
3064
3064
3064
3064
3063
3063
3063
3063
3062
3062
3062
3062
3061
3061
3061
3061
3060
3060
3060
3060
3060
3060
3060
3060
3060
3059
3059
3059
3059
3059
3059
3058
3058
3057
3057
3057
3056
3056
3056
3055
3055
3054
3054
3052
3052
3052
3052
3051
3051
3051
3050
3050
3050
3050
3049
3049
3049
3048
3048
3048
3048
3047
3047
3047
3047
3047
3047
3046
3046
3045
3045
3045
3045
3044
3044
3044
3044
3044
3044
3043
3043
3043
3042
3042
3042
3042
3041
3041
3041
3041
3041
3041
3040
3040
3040
3039
3039
3038
3038
3038
3038
3038
3038
3037
3037
3035
3035
3035
3035
3034
3034
3034
3034
3034
3033
3033
3033
3033
3033
3033
3032
3032
3032
3031
3031
3031
3031
3031
3030
3030
3030
3029
3029
3029
3029
3028
3028
3028
3028
3028
3028
3027
3027
3026
3026
3026
3026
3025
3025
3025
3025
3025
3025
3025
3024
3024
3024
3023
3023
3023
3023
3022
3022
3022
3022
3022
3021
3021
3021
3021
3021
3020
3019
3019
3019
3019
3018
3018
3018
3018
3018
3018
3018
3018
3018
3017
3017
3017
3017
3017
3017
3017
3016
3016
3015
3015
3015
3014
3014
3014
3014
3014
3014
3013
3013
3013
3012
3012
3012
3012
3012
3012
3012
3011
3011
3011
3010
3010
3010
3010
3010
3010
3010
3009
3009
3009
3009
3008
3008
3008
3008
3008
3008
3008
3007
3007
3007
3007
3006
3006
3006
3005
3005
3005
3005
3004
3004
3004
3004
3004
3004
3004
3003
3003
3003
3003
3003
3002
3002
3002
3002
3002
3001
3001
3001
3001
3000
3000
3000
3000
3000
3000
