702563
500595
496299
457995
437094
414412
392466
344428
317204
306168
299275
282724
278326
273728
268604
261588
260822
255866
254425
254261
254157
250855
250616
239355
234843
233809
233461
229759
226476
224072
222878
221485
221207
220644
220257
219506
217154
216560
216455
209005
208484
208233
207498
206990
206280
202213
200229
197759
197004
194884
193013
192612
191813
191496
191325
189848
188254
186707
185067
183951
179821
179522
177664
176973
176618
175976
175815
175145
173317
170929
170666
169593
169561
167961
167721
165390
163938
163605
161105
161055
161006
160869
159945
157389
156448
154574
153959
153422
152884
152682
151547
151150
151110
150962
150430
150386
149782
149342
148991
145042
144984
144858
144599
144401
143943
143931
142130
141843
140548
139867
139793
139111
139013
137938
135636
135562
135104
135065
134507
133339
132856
132824
132744
132220
131626
131479
130703
130235
130183
130007
129378
128325
128036
127262
127211
126833
126721
125792
125719
125435
124212
123203
123089
122988
122828
122466
121213
120750
120449
120101
119472
118834
118778
118722
118485
118372
118093
117988
117267
116977
116784
116327
116022
115985
115416
115411
114455
114387
113294
112944
111916
111730
111519
111150
110481
109437
109406
109397
109100
108481
108454
108193
108075
107984
107434
107377
106918
106872
106647
106500
106383
105874
105054
104946
104237
103990
103511
103491
103369
103096
102917
102368
102361
102269
102232
102225
102217
102019
101246
101021
101004
100540
100006
99673
99544
99171
98991
97482
97371
96939
96633
96603
96567
96377
96339
96216
96175
96008
95876
95376
95219
95202
94676
94616
94392
93867
93294
93156
93124
92733
92650
92122
92059
91702
91425
91256
91236
91225
91221
91020
90518
90472
90309
90213
89959
89822
89559
88506
88480
88468
88362
88144
87705
87622
87507
86831
86689
86306
86004
85880
85862
85744
85691
85610
85554
85468
85293
84925
84671
84524
84387
84348
84006
83516
83412
83180
82925
82904
82759
82563
82414
81946
81674
81571
81275
81001
80846
80814
80727
80597
80238
80113
80050
79960
79477
79439
79436
79202
78940
78821
78449
78397
78267
78054
77511
77481
77215
77070
77053
76840
76700
76466
76431
76217
76138
75806
75478
75448
75417
75261
75115
75044
74925
74852
74818
74804
74760
74564
74414
74398
74301
74246
74208
74182
73978
73907
73894
73844
73764
73435
73109
72924
72844
72744
72702
72536
72414
72409
72394
72357
72219
72104
71898
71798
71747
71253
71075
71052
70952
70836
70799
70688
70596
70581
70120
70115
70071
69907
69778
69642
69545
69501
69456
69443
69380
69357
69304
69099
69074
68941
68957
68841
68650
68588
68576
68456
68404
68263
68248
67886
67875
67871
67867
67668
67624
67616
67511
67484
67333
67327
67270
67199
67185
66963
66916
66793
66534
66326
66087
66018
65898
65756
65586
65585
65397
65388
65378
65315
65263
65107
65046
64740
64661
64533
64504
64392
64097
63774
63760
63236
63148
63006
62970
62800
62642
62569
62561
62318
62277
62155
62135
61971
61857
61730
61710
61317
61228
61032
61020
60985
60984
60972
60955
60902
60884
60713
60660
60377
60342
60298
60238
59838
59822
59669
59592
59578
59529
59503
59480
59290
59096
59060
58814
58706
58528
58354
58333
58289
58260
58238
58169
58064
58004
57774
57768
57726
57702
57563
57543
57422
57280
57214
57081
56783
56629
56315
56158
56232
56186
56109
56033
55968
55924
55847
55800
55747
55662
55640
55436
55413
55359
55312
55024
54970
54930
54930
54252
54158
54040
54003
54003
53941
53881
53846
53668
53660
53653
53466
53452
53423
53356
53343
53322
53272
53173
53045
53027
52905
52869
52794
52722
52543
52414
52409
52401
52349
52324
52298
52249
52129
52101
52025
51965
51938
51911
51850
51826
51804
51757
51666
51633
51608
51436
51431
51422
51326
50896
50889
50855
50822
50819
50773
50754
50752
50670
50573
50553
50360
50341
50221
50219
50181
49953
49944
49820
49754
49714
49628
49532
49501
49489
49464
49399
49336
49267
49232
49175
49087
49080
49065
48728
48683
48671
48648
48626
48193
48026
47986
47944
47929
47920
47890
47708
47587
47515
47366
47353
47310
47277
47168
47141
47109
47085
47081
47009
46888
46886
46881
46856
46837
46777
46759
46729
46657
46629
46511
46488
46390
46381
46265
46234
46031
45916
45860
45770
45692
45663
45655
45637
45552
45456
45370
45352
45232
45229
45205
45181
45018
44964
44958
44933
44898
44746
44616
44614
44587
44452
44437
44435
44327
44293
44242
44228
44213
44154
44110
44072
44007
43963
43938
43898
43870
43823
43775
43452
43344
43299
43178
43081
42930
42921
42903
42866
42851
42784
42751
42748
42737
42711
42659
42530
42425
42406
42390
42347
42016
41786
41694
41689
41605
41563
41548
41543
41542
41478
41442
41401
41345
41344
41266
41188
41176
41153
41103
41033
40993
40990
40884
40861
40750
40712
40673
40639
40596
40561
40528
40503
40498
40481
40481
40443
40431
40430
40429
40323
40309
40308
40268
40190
40187
40183
40130
40005
39979
39967
39951
39901
39897
39759
39757
39729
39651
39464
39463
39449
39441
39417
39410
39353
39295
39274
39185
39100
39082
38947
38946
38933
38928
38924
38904
38870
38816
38685
38673
38637
38608
38568
38541
38530
38529
38524
38504
38474
38412
38341
38249
38207
38191
38140
38043
38038
38027
38005
37999
37987
37939
37939
37925
37911
37852
37822
37783
37749
37717
37609
37608
37588
37562
37503
37481
37411
37411
37396
37398
37317
37294
37271
37253
37193
37140
37106
37091
37048
36911
36884
36838
36804
36670
36583
36566
36542
36534
36504
36492
36472
36466
36385
36328
36297
36183
36170
36144
36111
36097
36095
36085
36069
36010
36004
35968
35955
35948
35932
35902
35885
35880
35859
35843
35820
35742
35645
35627
35605
35585
35558
35503
35478
35465
35390
35327
35286
35257
35208
35198
35197
35175
35171
35156
35090
35064
35028
35022
34993
34957
34817
34769
34768
34732
34730
34714
34675
34681
34621
34606
34594
34578
34525
34525
34491
34489
34453
34396
34373
34347
34240
34166
34156
34149
34144
34045
34019
34009
33960
33914
33892
33879
33833
33817
33790
33734
33676
33668
33659
33624
33484
33411
33388
33379
33364
33339
33315
33308
33150
33145
33121
33117
33114
33081
33017
32980
32973
32959
32939
32927
32868
32861
32820
32813
32760
32658
32638
32638
32625
32573
32555
32554
32509
32501
32480
32460
32437
32426
32320
32264
32176
32174
32171
32148
32132
32068
32051
32044
32041
31946
31941
31868
31827
31823
31822
31780
31764
31761
31749
31733
31701
31692
31650
31641
31614
31597
31509
31472
31452
31442
31383
31378
31377
31366
31361
31351
31316
31297
31225
31221
31220
31164
31115
31111
31097
31070
31022
31017
31014
30993
30978
30977
30948
30826
30750
30716
30674
30630
30621
30576
30552
30464
30422
30388
30381
30264
30219
30205
30197
30116
30115
29994
29969
29848
29836
29826
29767
29765
29752
29687
29684
29673
29609
29604
29604
29593
29556
29547
29512
29387
29364
29331
29297
29293
29264
29240
29233
29227
29213
29202
29176
29147
29147
29106
29102
29086
29076
29032
29003
28978
28962
28948
28933
28921
28889
28882
28849
28794
28788
28746
28736
28706
28701
28676
28670
28642
28625
28622
28596
28562
28532
28525
28495
28494
28491
28434
28426
28408
28356
28343
28314
28303
28290
28250
28178
28056
27976
27974
27972
27969
27919
27903
27893
27844
27838
27835
27832
27775
27752
27747
27736
27674
27668
27664
27652
27631
27625
27587
27568
27564
27551
27537
27502
27455
27434
27429
27409
27367
27316
27293
27278
27245
27216
27197
27169
27124
27104
27084
27080
27075
27043
27018
27005
27004
26995
26995
26988
26970
26969
26964
26929
26913
26911
26863
26836
26829
26827
26784
26759
26758
26718
26619
26573
26552
26523
26494
26485
26482
26462
26397
26379
26377
26355
26334
26288
26288
26262
26243
26236
26207
26183
26125
26077
26073
26034
25987
25986
25980
25973
25973
25905
25807
25802
25788
25750
25729
25636
25632
25619
25618
25516
25497
25504
25429
25415
25413
25389
25378
25381
25345
25318
25308
25274
25254
25243
25232
25209
25208
25204
25195
25192
25111
25063
25048
25031
24992
24931
24896
24888
24876
24872
24850
24834
24741
24696
24666
24654
24599
24565
24547
24481
24471
24468
24460
24387
24360
24344
24396
24265
24254
24232
24229
24224
24220
24218
24179
24137
24131
24094
24091
24017
24012
24005
23947
23942
23940
23913
23885
23862
23799
23730
23700
23657
23617
23614
23607
23605
23552
23518
23498
23447
23428
23419
23414
23405
23377
23372
23359
23348
23329
23324
23310
23306
23275
23272
23233
23201
23194
23189
23183
23181
23161
23147
23093
23071
23033
23026
22995
22990
22970
22970
22963
22948
22933
22919
22900
22850
22834
22857
22829
22817
22814
22811
22742
22736
22718
22715
22711
22700
22659
22633
22587
22576
22542
22505
22486
22454
22427
22408
22375
22364
22361
22333
22317
22305
22289
22252
22219
22168
22156
22146
22130
22097
22007
22000
21993
21974
21927
21925
21921
21877
21876
21874
21854
21852
21836
21781
21766
21755
21707
21703
21664
21661
21654
21611
21582
21554
21526
21455
21449
21441
21441
21423
21420
21418
21406
21379
21378
21362
21350
21344
21332
21327
21326
21324
21308
21306
21305
21293
21289
21272
21266
21243
21234
21228
21212
21202
21193
21182
21182
21179
21174
21142
21138
21125
21119
21058
21039
21036
21031
21021
20947
20941
20933
20918
20912
20899
20893
20887
20879
20871
20819
20809
20795
20794
20764
20752
20728
20727
20667
20658
20632
20569
20568
20541
20536
20508
20446
20438
20418
20402
20397
20404
20372
20371
20371
20341
20339
20328
20319
20315
20288
20242
20234
20228
20208
20203
20193
20177
20171
20125
20122
20093
19985
19981
19947
19945
19938
19919
19913
19882
19878
19851
19827
19823
19807
19806
19804
19802
19797
19790
19769
19759
19755
19748
19703
19692
19688
19688
19666
19653
19619
19608
19606
19604
19597
19574
19564
19560
19540
19525
19489
19483
19477
19468
19453
19452
19425
19422
19390
19375
19353
19351
19342
19293
19278
19270
19252
19206
19197
19140
19124
19112
19104
19102
19090
19088
19070
19064
19056
18983
18974
18964
18960
18936
18927
18915
18913
18910
18898
18897
18887
18870
18849
18847
18815
18809
18798
18797
18793
18793
18793
18792
18775
18757
18739
18690
18677
18669
18646
18632
18615
18560
18547
18524
18509
18505
18500
18482
18479
18465
18460
18445
18443
18410
18408
18406
18398
18378
18367
18365
18364
18374
18360
18346
18335
18317
18315
18311
18301
18299
18287
18272
18271
18264
18235
18220
18219
18212
18192
18144
18139
18137
18135
18117
18115
18107
18095
18087
18082
18073
18066
18049
18041
18035
18026
18016
18015
18004
18002
18000
17977
17964
17953
17923
17923
17917
17905
17897
17887
17877
17841
17835
17817
17813
17810
17778
17774
17761
17753
17748
17741
17736
17721
17653
17651
17622
17613
17611
17596
17555
17554
17553
17550
17526
17521
17511
17505
17500
17494
17489
17475
17469
17435
17431
17409
17403
17401
17400
17363
17349
17345
17325
17323
17299
17294
17293
17287
17249
17228
17227
17217
17216
17215
17211
17190
17167
17134
17133
17123
17113
17087
17074
17060
17053
17062
17052
17051
17045
17042
17026
17023
17017
17014
17013
16995
16995
16986
16934
16920
16913
16901
16876
16861
16858
16831
16815
16800
16798
16795
16769
16758
16758
16757
16752
16745
16740
16721
16717
16715
16705
16703
16691
16666
16667
16655
16652
16635
16619
16609
16605
16592
16590
16590
16585
16582
16567
16563
16559
16555
16554
16537
16521
16520
16518
16508
16501
16499
16499
16494
16478
16464
16451
16447
16441
16434
16419
16416
16411
16404
16401
16400
16399
16395
16392
16383
16381
16371
16366
16355
16348
16329
16322
16320
16316
16311
16295
16282
16280
16269
16257
16256
16255
16248
16244
16217
16201
16199
16196
16170
16151
16143
16126
16118
16108
16092
16092
16068
16068
16068
16052
16037
16005
15989
15989
15989
15988
15977
15953
15945
15916
15914
15912
15894
15891
15883
15881
15880
15878
15867
15864
15862
15854
15853
15838
15836
15804
15786
15765
15765
15744
15741
15706
15697
15694
15680
15668
15661
15640
15634
15624
15621
15614
15599
15597
15593
15591
15590
15571
15528
15510
15497
15461
15457
15452
15445
15412
15395
15391
15386
15379
15370
15365
15362
15358
15352
15349
15320
15297
15294
15293
15273
15258
15254
15252
15252
15251
15245
15235
15233
15230
15229
15211
15203
15196
15189
15183
15181
15179
15141
15140
15118
15095
15093
15081
15080
15079
15058
15045
15044
15036
15029
14996
14993
14989
14985
14975
14942
14942
14940
14939
14932
14931
14915
14903
14903
14900
14894
14870
14874
14855
14841
14837
14835
14829
14816
14815
14814
14814
14800
14797
14791
14789
14754
14753
14742
14725
14723
14713
14705
14660
14650
14648
14643
14636
14628
14626
14626
14626
14612
14610
14601
14588
14568
14556
14529
14522
14511
14503
14493
14483
14481
14470
14447
14422
14414
14406
14390
14373
14363
14349
14337
14320
14315
14297
14292
14275
14260
14260
14240
14234
14231
14230
14229
14226
14188
14167
14159
14136
14118
14115
14108
14106
14086
14078
14060
14055
14054
14037
14030
14024
14022
14017
14014
14008
13997
13993
13993
13992
13988
13992
13973
13958
13957
13955
13947
13930
13929
13925
13923
13916
13911
13904
13901
13896
13888
13867
13848
13829
13816
13817
13801
13801
13795
13783
13754
13710
13705
13703
13702
13701
13700
13679
13678
13681
13675
13666
13664
13651
13648
13618
13609
13607
13605
13600
13579
13562
13543
13532
13527
13515
13511
13507
13484
13472
13471
13453
13435
13431
13427
13421
13395
13391
13387
13378
13377
13367
13367
13360
13359
13343
13336
13330
13329
13348
13315
13308
13298
13284
13283
13277
13275
13267
13247
13247
13241
13208
13195
13175
13175
13175
13170
13165
13161
13159
13133
13116
13116
13110
13108
13106
13099
13097
13095
13095
13090
13085
13082
13060
13055
13048
13030
13019
13016
13016
13010
13009
13006
13005
12999
12997
12994
12991
12989
13002
12968
12967
12958
12956
12956
12946
12945
12935
12921
12915
12908
12903
12895
12886
12879
12873
12869
12859
12857
12853
12849
12834
12831
12830
12828
12826
12820
12801
12797
12797
12780
12777
12771
12761
12747
12737
12731
12731
12726
12724
12717
12702
12700
12698
12694
12691
12670
12667
12656
12654
12653
12651
12650
12638
12636
12630
12628
12622
12619
12618
12616
12612
12609
12601
12600
12594
12587
12586
12584
12580
12571
12565
12557
12555
12544
12543
12513
12496
12482
12474
12474
12468
12455
12454
12444
12437
12435
12433
12429
12427
12406
12402
12399
12397
12394
12377
12367
12359
12352
12352
12351
12348
12338
12336
12333
12329
12327
12326
12324
12323
12318
12304
12297
12293
12284
12280
12271
12271
12259
12258
12256
12250
12244
12213
12164
12161
12149
12129
12125
12122
12120
12097
12095
12086
12081
12073
12070
12052
12047
12040
12039
12029
12023
11977
11962
11961
11961
11935
11928
11927
11906
11895
11887
11881
11878
11865
11847
11838
11829
11829
11824
11824
11820
11804
11802
11797
11798
11788
11798
11779
11771
11756
11743
11734
11728
11726
11722
11716
11714
11711
11701
11690
11670
11669
11666
11657
11657
11633
11630
11625
11602
11599
11598
11598
11596
11592
11591
11590
11588
11570
11563
11555
11539
11538
11538
11536
11517
11497
11485
11484
11478
11469
11469
11452
11446
11443
11434
11416
11414
11414
11408
11405
11396
11382
11381
11379
11372
11358
11351
11347
11339
11335
11334
11333
11324
11321
11316
11309
11305
11293
11290
11283
11281
11278
11267
11259
11256
11250
11248
11244
11244
11231
11230
11255
11216
11206
11195
11183
11181
11176
11174
11154
11147
11146
11142
11136
11132
11128
11117
11106
11103
11095
11087
11079
11068
11065
11063
11055
11049
11047
11019
11015
11008
11002
10976
10975
10975
10974
10963
10958
10953
10949
10946
10940
10928
10925
10914
10913
10908
10902
10898
10893
10888
10883
10879
10870
10863
10858
10858
10844
10840
10831
10820
10808
10807
10805
10805
10802
10799
10796
10780
10775
10759
10752
10735
10707
10706
10701
10692
10692
10691
10689
10682
10678
10676
10667
10658
10647
10641
10635
10635
10622
10619
10616
10615
10614
10608
10598
10598
10595
10594
10574
10570
10566
10561
10561
10560
10545
10545
10544
10543
10545
10535
10523
10522
10520
10518
10512
10511
10504
10498
10483
10479
10462
10451
10443
10428
10418
10417
10417
10414
10413
10410
10409
10398
10388
10384
10377
10371
10364
10362
10361
10356
10356
10354
10353
10351
10345
10340
10340
10327
10317
10317
10315
10314
10310
10305
10304
10300
10292
10289
10287
10284
10273
10271
10257
10247
10230
10223
10199
10196
10194
10189
10183
10172
10167
10146
10137
10132
10129
10124
10118
10113
10111
10110
10102
10089
10088
10081
10072
10063
10060
10045
10038
10035
10032
10031
10013
9996
9991
9970
9969
9966
9962
9956
9955
9952
9949
9946
9936
9934
9932
9921
9913
9907
9907
9901
9898
9896
9889
9889
9887
9887
9886
9876
9875
9873
9867
9864
9862
9854
9839
9834
9831
9817
9815
9814
9803
9794
9784
9780
9776
9773
9771
9770
9768
9763
9761
9751
9750
9739
9737
9732
9731
9729
9712
9711
9710
9702
9702
9700
9700
9687
9672
9663
9647
9644
9636
9635
9631
9628
9627
9610
9607
9606
9605
9605
9603
9601
9594
9593
9576
9573
9572
9566
9557
9556
9555
9550
9545
9541
9517
9514
9514
9507
9496
9496
9495
9486
9484
9482
9479
9477
9477
9477
9471
9455
9454
9450
9450
9448
9446
9441
9440
9437
9421
9413
9410
9406
9405
9404
9397
9392
9391
9390
9378
9371
9369
9362
9352
9348
9339
9327
9317
9309
9293
9291
9283
9278
9277
9274
9271
9262
9256
9253
9251
9225
9219
9215
9215
9223
9211
9209
9206
9204
9195
9193
9182
9182
9180
9178
9176
9159
9156
9145
9145
9142
9138
9134
9129
9118
9114
9111
9109
9108
9106
9104
9097
9093
9092
9089
9087
9073
9068
9061
9056
9048
9044
9042
9040
9040
9039
9035
9035
9034
9026
9015
9012
9011
9008
9002
8993
8990
8981
8980
8980
8976
8967
8963
8962
8960
8957
8957
8952
8946
8943
8936
8935
8933
8932
8925
8912
8910
8906
8901
8900
8897
8897
8896
8894
8886
8882
8881
8879
8874
8866
8861
8869
8853
8852
8851
8846
8845
8837
8832
8831
8829
8826
8812
8816
8799
8791
8789
8783
8783
8779
8774
8757
8757
8751
8750
8750
8744
8742
8742
8739
8735
8733
8731
8729
8727
8718
8716
8713
8711
8709
8703
8700
8705
8697
8695
8695
8695
8683
8683
8673
8671
8668
8667
8667
8663
8653
8651
8646
8646
8645
8644
8640
8634
8629
8627
8625
8622
8621
8618
8613
8611
8611
8606
8600
8599
8596
8592
8591
8586
8585
8578
8576
8575
8569
8561
8556
8561
8551
8530
8528
8528
8524
8517
8514
8506
8504
8502
8498
8490
8484
8482
8481
8478
8475
8468
8463
8454
8453
8440
8438
8438
8435
8431
8428
8416
8416
8412
8411
8410
8404
8399
8395
8392
8390
8377
8368
8366
8364
8364
8359
8350
8348
8338
8337
8335
8332
8328
8328
8326
8318
8318
8317
8316
8308
8298
8294
8294
8294
8290
8290
8285
8283
8274
8269
8265
8264
8282
8253
8243
8241
8239
8237
8237
8230
8225
8225
8224
8224
8222
8209
8207
8207
8201
8199
8198
8189
8188
8178
8173
8173
8168
8168
8167
8165
8164
8160
8158
8155
8151
8149
8148
8147
8145
8142
8142
8142
8135
8135
8132
8130
8125
8125
8121
8113
8112
8111
8103
8101
8099
8095
8087
8083
8083
8079
8078
8071
8070
8065
8065
8059
8058
8058
8048
8061
8044
8040
8037
8031
8031
8025
8014
8006
8005
8002
7993
7990
7989
7983
7982
7971
7966
7966
7957
7954
7951
7946
7936
7936
7936
7927
7920
7919
7912
7906
7903
7891
7888
7886
7882
7880
7878
7877
7877
7877
7872
7867
7866
7865
7866
7864
7861
7854
7851
7845
7841
7839
7829
7828
7828
7826
7820
7818
7816
7816
7812
7812
7810
7804
7802
7800
7797
7795
7794
7791
7789
7789
7786
7786
7785
7783
7777
7775
7775
7773
7771
7770
7769
7762
7761
7752
7748
7739
7736
7735
7734
7731
7715
7713
7712
7705
7702
7700
7698
7688
7679
7677
7673
7671
7669
7667
7667
7665
7662
7662
7660
7659
7658
7683
7640
7636
7634
7631
7627
7627
7625
7621
7619
7617
7614
7607
7606
7604
7603
7601
7600
7599
7599
7598
7598
7591
7590
7590
7589
7584
7581
7580
7580
7578
7576
7615
7575
7566
7562
7556
7554
7552
7550
7550
7550
7548
7540
7539
7533
7524
7524
7523
7519
7513
7506
7504
7498
7496
7495
7490
7478
7477
7474
7467
7466
7463
7433
7462
7461
7459
7457
7456
7455
7452
7446
7446
7444
7444
7436
7436
7429
7427
7427
7424
7424
7423
7420
7416
7408
7404
7400
7394
7391
7388
7388
7388
7388
7387
7385
7380
7377
7368
7364
7363
7358
7358
7344
7343
7343
7337
7333
7332
7330
7329
7322
7316
7315
7321
7311
7303
7299
7298
7296
7293
7285
7283
7283
7282
7282
7281
7281
7278
7271
7271
7271
7268
7267
7261
7261
7261
7260
7257
7256
7255
7252
7245
7240
7236
7235
7232
7225
7224
7221
7220
7220
7216
7102
7210
7206
7201
7200
7195
7194
7194
7194
7212
7189
7187
7185
7183
7168
7163
7159
7158
7157
7157
7155
7154
7145
7141
7137
7130
7130
7128
7119
7115
7115
7114
7107
7107
7104
7100
7094
7093
7088
7087
7084
7080
7078
7078
7069
7068
7066
7065
7064
7058
7057
7057
7055
7052
7043
7039
7039
7037
7033
7024
7023
7019
7016
7016
7013
7012
7008
7007
7006
7004
7002
7005
6996
6988
6978
6976
6971
6970
6961
6960
6958
6958
6954
6952
6949
6948
6937
6937
6935
6934
6934
6932
6929
6928
6928
6926
6926
6925
6925
6923
6920
6916
6914
6914
6913
6912
6912
6907
6898
6892
6891
6890
6889
6886
6884
6881
6877
6871
6871
6871
6868
6863
6863
6863
6862
6861
6860
6858
6857
6853
6850
6847
6844
6842
6840
6834
6832
6831
6826
6823
6821
6819
6810
6807
6806
6798
6796
6792
6789
6789
6787
6786
6785
6785
6782
6778
6772
6770
6768
6766
6766
6764
6762
6762
6758
6757
6753
6752
6752
6751
6748
6746
6744
6743
6741
6735
6734
6732
6731
6727
6715
6711
6709
6708
6705
6703
6699
6699
6698
6696
6690
6686
6685
6680
6678
6671
6668
6662
6660
6659
6658
6655
6653
6651
6650
6645
6639
6638
6634
6633
6632
6629
6628
6627
6622
6621
6618
6616
6616
6614
6611
6605
6604
6601
6599
6596
6596
6596
6584
6584
6582
6582
6578
6577
6572
6569
6568
6567
6561
6558
6547
6544
6537
6537
6534
6532
6530
6529
6527
6522
6521
6518
6515
6512
6512
6512
6503
6501
6500
6495
6495
6494
6492
6491
6490
6489
6487
6487
6486
6484
6482
6482
6481
6371
6480
6477
6474
6473
6472
6470
6468
6467
6464
6463
6463
6459
6454
6478
6446
6445
6445
6443
6442
6441
6440
6436
6435
6434
6430
6430
6430
6427
6427
6424
6423
6420
6418
6419
6448
6413
6412
6412
6412
6410
6388
6406
6405
6401
6391
6391
6391
6388
6384
6384
6377
6376
6372
6369
6367
6365
6364
6363
6361
6358
6357
6357
6351
6346
6346
6346
6344
6343
6334
6334
6333
6332
6331
6327
6325
6323
6323
6322
6320
6319
6318
6314
6313
6310
6308
6306
6296
6294
6290
6289
6288
6288
6285
6283
6279
6278
6276
6275
6274
6273
6272
6269
6268
6268
6267
6263
6261
6261
6259
6256
6253
6253
6252
6248
6247
6237
6236
6235
6232
6227
6226
6230
6224
6223
6219
6218
6210
6199
6198
6198
6193
6184
6182
6181
6178
6176
6173
6172
6164
6161
6160
6159
6152
6150
6146
6144
6142
6140
6136
6133
6133
6130
6129
6127
6126
6122
6121
6117
6115
6114
6113
6111
6108
6106
6106
6105
6100
6096
6095
6094
6093
6093
6093
6091
6091
6089
6088
6087
6087
6083
6083
6082
6082
6082
6081
6081
6079
6078
6075
6069
6064
6063
6060
6059
6057
6055
6053
6049
6048
6044
6043
6039
6042
6033
6032
6032
6032
6029
6028
6027
6026
6024
6024
6021
6021
6021
6018
6012
6006
6005
6004
6003
6002
6001
5995
5994
5992
5991
5991
5989
5988
5986
5976
5973
5973
5981
5963
5959
5954
5951
5950
5946
5942
5942
5941
5936
5931
5925
5920
5919
5916
5914
5910
5908
5917
5908
5916
5900
5898
5898
5898
5895
5893
5892
5891
5891
5889
5884
5882
5879
5878
5878
5877
5877
5876
5875
5874
5763
5872
5871
5871
5871
5870
5866
5866
5866
5866
5863
5853
5853
5851
5849
5848
5842
5840
5835
5830
5830
5829
5827
5827
5824
5821
5816
5814
5813
5812
5816
5809
5809
5809
5806
5805
5803
5802
5800
5800
5798
5796
5796
5796
5794
5793
5793
5792
5791
5787
5783
5781
5781
5787
5778
5775
5773
5769
5768
5765
5765
5764
5758
5750
5750
5749
5749
5748
5747
5744
5742
5739
5738
5736
5735
5732
5732
5728
5727
5726
5724
5722
5721
5720
5720
5718
5716
5716
5710
5708
5707
5703
5701
5700
5696
5695
5695
5687
5685
5683
5681
5680
5678
5672
5671
5670
5670
5670
5668
5668
5665
5663
5657
5656
5655
5652
5651
5648
5647
5646
5645
5644
5643
5642
5641
5641
5634
5631
5626
5625
5625
5618
5615
5612
5612
5610
5607
5603
5598
5594
5590
5588
5582
5581
5581
5578
5577
5571
5579
5569
5566
5566
5565
5575
5558
5556
5553
5592
5550
5548
5541
5540
5540
5540
5539
5539
5537
5535
5531
5531
5531
5530
5522
5522
5521
5518
5514
5514
5511
5509
5507
5505
5503
5503
5501
5500
5496
5493
5493
5492
5491
5490
5508
5485
5484
5483
5479
5479
5478
5476
5472
5472
5472
5471
5466
5464
5464
5464
5463
5462
5455
5455
5454
5450
5445
5444
5442
5439
5439
5431
5431
5428
5428
5424
5423
5416
5416
5415
5414
5412
5410
5405
5405
5403
5402
5397
5396
5394
5393
5393
5392
5392
5392
5391
5388
5388
5385
5385
5384
5381
5378
5372
5371
5368
5366
5365
5362
5358
5356
5356
5350
5350
5348
5345
5343
5336
5333
5331
5330
5327
5327
5326
5325
5323
5319
5316
5315
5314
5309
5303
5300
5299
5298
5296
5294
5294
5292
5291
5291
5288
5287
5286
5286
5285
5284
5284
5282
5281
5278
5276
5273
5272
5269
5267
5267
5266
5266
5266
5264
5262
5261
5257
5256
5254
5253
5247
5247
5246
5246
5244
5244
5240
5238
5232
5243
5231
5120
5229
5229
5229
5226
5225
5225
5224
5224
5192
5223
5221
5220
5219
5214
5212
5212
5212
5211
5207
5206
5203
5199
5194
5193
5188
5188
5187
5186
5185
5183
5179
5179
5178
5175
5173
5172
5168
5167
5167
5166
5165
5161
5155
5150
5150
5148
5147
5147
5143
5142
5139
5138
5138
5137
5130
5127
5126
5125
5122
5117
5116
5111
5110
5109
5109
5109
5107
5107
5107
5103
5102
5101
5101
5100
5094
5091
5090
5087
5085
5080
5075
5075
5073
5071
5071
5071
5070
5070
5068
5067
5066
5064
5063
5063
5062
5058
5057
5056
5056
5056
5056
5055
5054
5054
5053
5052
5050
5047
5046
5045
5042
5040
5040
5036
5034
5032
5032
5031
5031
5031
5074
5029
5026
5024
5023
5021
5021
5020
5016
5010
5010
5008
5006
5003
4999
4998
4995
4995
4993
4992
4987
4986
4986
4986
4986
4985
4985
4984
4983
4982
4981
4980
4979
4978
4976
4973
4972
4971
4971
4971
4971
4968
4968
4968
4965
4964
4959
4957
4956
4952
4951
4949
4949
4955
4948
4948
4947
4938
4933
4933
4931
4929
4929
4929
4928
4927
4925
4925
4924
4923
4919
4918
4917
4917
4916
4914
4908
4906
4906
4906
4902
4902
4900
4896
4895
4895
4892
4891
4889
4884
4883
4882
4878
4877
4876
4876
4878
4873
4869
4884
4865
4859
4859
4859
4856
4852
4851
4848
4846
4834
4832
4831
4829
4828
4828
4827
4826
4824
4823
4823
4822
4822
4819
4818
4818
4818
4818
4815
4814
4813
4812
4812
4806
4809
4805
4805
4803
4803
4801
4801
4800
4800
4794
4792
4791
4790
4788
4787
4786
4786
4786
4785
4785
4783
4780
4778
4778
4777
4777
4786
4774
4774
4771
4771
4770
4763
4763
4762
4762
4761
4760
4760
4756
4755
4750
4750
4750
4750
4750
4749
4749
4748
4747
4747
4745
4744
4743
4742
4741
4737
4736
4734
4733
4732
4732
4729
4729
4728
4726
4726
4724
4723
4720
4717
4717
4717
4715
4713
4711
4709
4709
4706
4705
4704
4703
4701
4700
4699
4699
4698
4695
4690
4690
4688
4685
4683
4679
4677
4674
4671
4671
4668
4663
4662
4661
4657
4657
4655
4654
4649
4648
4648
4647
4647
4646
4645
4644
4640
4638
4638
4638
4637
4636
4635
4633
4633
4631
4629
4629
4628
4626
4623
4622
4621
4620
4619
4616
4616
4615
4614
4613
4613
4613
4612
4612
4611
4608
4608
4605
4605
4605
4602
4599
4598
4593
4592
4590
4586
4585
4584
4584
4582
4573
4570
4568
4568
4567
4564
4563
4562
4561
4561
4561
4560
4557
4556
4549
4548
4548
4548
4546
4546
4545
4545
4543
4541
4540
4539
4538
4538
4537
4537
4532
4530
4529
4523
4521
4520
4518
4517
4517
4517
4516
4515
4515
4515
4513
4513
4510
4510
4509
4508
4506
4505
4502
4499
4495
4495
4492
4491
4491
4495
4488
4487
4487
4486
4483
4482
4482
4476
4476
4475
4474
4472
4472
4472
4471
4471
4467
4465
4465
4464
4463
4463
4462
4462
4462
4461
4460
4458
4458
4458
4455
4455
4454
4452
4451
4451
4450
4449
4448
4447
4444
4444
4443
4442
4442
4442
4439
4439
4439
4438
4437
4436
4434
4429
4427
4427
4427
4426
4425
4422
4422
4419
4419
4417
4413
4411
4408
4406
4403
4398
4397
4395
4394
4394
4392
4392
4392
4392
4385
4384
4384
4383
4383
4381
4380
4379
4379
4379
4377
4376
4376
4375
4373
4369
4367
4365
4369
4364
4363
4363
4362
4362
4361
4360
4360
4360
4357
4356
4354
4354
4353
4352
4352
4350
4350
4369
4345
4345
4342
4341
4338
4338
4338
4336
4335
4333
4347
4330
4330
4329
4328
4325
4325
4323
4322
4319
4318
4317
4317
4315
4315
4315
4314
4314
4314
4313
4309
4308
4305
4304
4301
4300
4299
4298
4297
4296
4290
4287
4285
4285
4285
4283
4278
4276
4275
4272
4272
4268
4268
4267
4263
4262
4261
4261
4259
4257
4257
4254
4254
4253
4253
4247
4245
4245
4242
4240
4239
4239
4239
4237
4235
4234
4233
4232
4231
4228
4227
4226
4225
4224
4223
4223
4221
4219
4218
4218
4216
4214
4214
4213
4213
4213
4212
4210
4210
4210
4208
4205
4205
4205
4205
4202
4202
4202
4200
4200
4199
4199
4195
4192
4191
4191
4190
4190
4190
4189
4188
4187
4187
4186
4185
4183
4179
4207
4178
4178
4178
4177
4177
4174
4174
4172
4170
4169
4168
4166
4166
4164
4164
4164
4163
4162
4161
4160
4159
4158
4155
4153
4153
4152
4152
4150
4149
4147
4147
4146
4146
4145
4143
4141
4140
4136
4136
4136
4135
4135
4133
4133
4131
4130
4129
4129
4127
4127
4123
4123
4122
4121
4120
4119
4118
4116
4116
4115
4115
4115
4114
4113
4110
4109
4109
4108
4108
4108
4117
4108
4106
4106
4106
4104
4103
4102
4097
4097
4096
4092
4090
4088
4094
4087
4086
4085
4085
4084
4079
4079
4074
4077
4077
4076
4075
4074
4074
4073
4073
4071
4071
4071
4071
4070
4070
4069
4068
4067
4066
4066
4066
4064
4062
4059
4059
4059
4058
4058
4057
4054
4054
4054
4050
4050
4049
4048
4047
4047
4046
4046
4045
4044
4043
4042
4041
4040
4039
4039
4039
4037
4036
4036
4035
4033
4033
4031
4030
4030
4030
4030
4029
4029
4025
4025
4021
4020
4020
4020
4018
4018
4017
4017
4014
4014
4013
4013
4012
4012
4010
4010
4009
4006
4006
4005
4005
4004
4003
4001
4001
4001
4000
4000
3999
3997
3996
3995
3993
3993
3990
3879
3988
3987
3987
3985
3983
3982
3981
3980
3980
3979
3979
3978
3978
3976
3976
3975
3975
3974
3972
3971
3979
3970
3970
3970
3969
3967
3965
3964
3963
3973
3961
3958
3957
3957
3955
3955
3954
3954
3953
3951
3951
3951
3951
3950
3948
3948
3947
3947
3946
3944
3943
3943
3943
3942
3942
3942
3941
3940
3937
3936
3932
3931
3931
3931
3930
3930
3929
3928
3927
3925
3924
3923
3922
3922
3921
3920
3920
3919
3918
3914
3914
3913
3914
3909
3908
3907
3904
3904
3902
3900
3905
3896
3894
3894
3894
3894
3889
3889
3888
3887
3887
3885
3885
3884
3883
3883
3882
3879
3879
3878
3878
3877
3877
3876
3876
3874
3874
3870
3869
3869
3867
3867
3867
3866
3864
3863
3863
3862
3862
3861
3861
3860
3860
3860
3859
3859
3859
3858
3858
3853
3851
3851
3851
3851
3848
3847
3847
3846
3845
3844
3844
3844
3843
3843
3843
3842
3842
3840
3840
3840
3840
3838
3837
3837
3836
3836
3834
3834
3832
3832
3831
3830
3829
3828
3827
3824
3823
3823
3822
3820
3820
3818
3818
3817
3816
3812
3810
3810
3822
3809
3809
3807
3806
3806
3803
3803
3800
3799
3798
3795
3794
3794
3794
3793
3793
3793
3793
3792
3791
3790
3788
3788
3792
3787
3786
3786
3785
3785
3784
3784
3784
3783
3783
3782
3780
3780
3779
3779
3779
3778
3778
3778
3777
3777
3775
3774
3774
3773
3772
3772
3770
3769
3768
3768
3767
3767
3766
3765
3764
3764
3764
3761
3760
3759
3758
3757
3754
3753
3753
3752
3751
3751
3748
3747
3747
3747
3750
3746
3746
3745
3745
3744
3742
3742
3741
3741
3739
3738
3736
3736
3735
3732
3731
3731
3730
3728
3727
3727
3726
3726
3726
3726
3726
3722
3722
3719
3719
3718
3718
3716
3715
3714
3712
3710
3710
3709
3708
3707
3706
3706
3705
3704
3704
3704
3704
3703
3701
3699
3699
3698
3698
3697
3695
3695
3695
3695
3695
3702
3693
3693
3692
3692
3692
3691
3689
3688
3717
3686
3685
3683
3683
3678
3676
3676
3673
3672
3672
3671
3670
3670
3669
3667
3664
3662
3661
3660
3660
3659
3659
3659
3658
3657
3657
3657
3654
3654
3649
3649
3649
3648
3648
3647
3647
3647
3645
3644
3643
3642
3641
3640
3640
3639
3639
3639
3638
3636
3635
3634
3634
3633
3632
3632
3630
3630
3626
3626
3624
3624
3624
3624
3623
3622
3622
3621
3617
3616
3612
3610
3609
3609
3607
3606
3603
3603
3603
3603
3602
3599
3599
3599
3599
3598
3598
3597
3597
3595
3594
3593
3593
3592
3591
3590
3589
3589
3588
3588
3585
3585
3584
3584
3583
3582
3582
3582
3582
3579
3578
3578
3578
3578
3576
3575
3574
3574
3573
3573
3573
3573
3572
3572
3571
3570
3570
3568
3566
3564
3563
3563
3562
3560
3560
3557
3556
3554
3554
3553
3552
3552
3552
3551
3550
3550
3549
3549
3548
3547
3547
3546
3545
3545
3543
3542
3542
3541
3540
3540
3540
3539
3537
3535
3534
3533
3533
3531
3531
3529
3528
3527
3526
3526
3525
3525
3523
3522
3522
3521
3521
3520
3520
3519
3519
3518
3518
3517
3517
3516
3516
3513
3509
3508
3508
3508
3508
3508
3507
3510
3506
3506
3506
3505
3505
3505
3503
3503
3501
3501
3500
3499
3499
3499
3498
3498
3497
3496
3496
3495
3494
3494
3494
3494
3493
3493
3492
3492
3491
3489
3489
3489
3489
3488
3486
3485
3485
3484
3482
3482
3481
3481
3481
3480
3479
3479
3478
3477
3476
3474
3472
3472
3472
3471
3470
3470
3469
3468
3466
3466
3465
3471
3465
3461
3457
3457
3457
3456
3456
3455
3454
3453
3453
3453
3452
3451
3450
3450
3450
3447
3447
3445
3444
3444
3443
3440
3438
3436
3436
3436
3435
3434
3433
3432
3431
3430
3429
3429
3429
3427
3426
3424
3424
3424
3422
3422
3422
3421
3421
3420
3416
3415
3414
3414
3412
3411
3410
3410
3410
3410
3408
3408
3407
3407
3406
3405
3405
3404
3404
3404
3402
3401
3400
3399
3398
3397
3396
3395
3395
3394
3394
3394
3394
3393
3392
3391
3390
3388
3388
3388
3386
3384
3384
3384
3384
3383
3382
3382
3380
3380
3380
3380
3379
3379
3379
3377
3375
3375
3374
3373
3372
3372
3370
3370
3369
3369
3369
3368
3368
3368
3368
3366
3365
3365
3364
3363
3361
3361
3360
3358
3358
3357
3353
3351
3351
3351
3350
3349
3349
3349
3348
3348
3348
3347
3346
3346
3346
3346
3343
3342
3341
3340
3338
3337
3337
3337
3337
3336
3336
3334
3334
3332
3332
3331
3331
3331
3330
3329
3327
3327
3327
3326
3325
3324
3324
3332
3322
3319
3318
3318
3317
3317
3316
3315
3313
3312
3308
3308
3307
3307
3306
3305
3305
3304
3303
3303
3302
3302
3302
3302
3301
3299
3298
3297
3297
3296
3296
3296
3296
3296
3295
3293
3292
3292
3292
3290
3290
3289
3288
3288
3287
3286
3285
3284
3283
3282
3281
3280
3279
3278
3278
3277
3277
3275
3275
3275
3274
3273
3273
3271
3271
3271
3271
3270
3270
3270
3268
3268
3268
3267
3265
3265
3264
3263
3262
3262
3262
3261
3260
3259
3259
3256
3256
3255
3255
3254
3254
3252
3252
3252
3251
3251
3250
3250
3249
3249
3249
3248
3248
3248
3247
3246
3246
3246
3245
3245
3244
3244
3243
3242
3242
3242
3241
3242
3238
3238
3237
3237
3237
3235
3235
3234
3234
3233
3233
3233
3299
3232
3231
3230
3229
3229
3229
3228
3228
3227
3227
3227
3226
3226
3226
3223
3223
3222
3222
3221
3220
3219
3218
3218
3217
3217
3216
3216
3216
3215
3214
3213
3213
3212
3211
3211
3210
3209
3209
3208
3207
3207
3205
3204
3203
3203
3203
3202
3202
3202
3201
3201
3199
3198
3198
3198
3197
3195
3195
3194
3194
3193
3193
3192
3192
3192
3191
3191
3191
3191
3191
3189
3188
3188
3186
3186
3185
3185
3185
3184
3184
3183
3183
3183
3182
3182
3182
3182
3182
3181
3179
3177
3177
3177
3176
3176
3176
3176
3176
3175
3174
3174
3174
3173
3172
3171
3171
3168
3167
3167
3167
3166
3166
3166
3165
3165
3163
3162
3162
3162
3161
3161
3159
3158
3158
3157
3157
3157
3157
3157
3156
3155
3155
3155
3154
3153
3153
3152
3151
3150
3150
3150
3149
3149
3148
3147
3146
3146
3145
3145
3145
3145
3143
3143
3142
3141
3141
3141
3140
3140
3140
3139
3139
3139
3138
3137
3137
3137
3137
3135
3134
3134
3134
3134
3130
3129
3128
3128
3128
3126
3221
3124
3124
3123
3123
3122
3121
3121
3120
3120
3120
3120
3119
3119
3118
3117
3117
3116
3116
3116
3115
3114
3114
3114
3114
3113
3112
3112
3112
3112
3111
3110
3110
3110
3109
3109
3106
3106
3105
3105
3105
3105
3104
3104
3104
3103
3103
3102
3101
3101
3100
3099
3099
3098
3096
3095
3094
3094
3093
3093
3093
3090
3090
3089
3086
3086
3086
3085
3085
3085
3084
3081
3081
3080
3079
3077
3076
3075
3075
3075
3075
3074
3072
3071
3071
3071
3071
3071
3070
3070
3070
3070
3069
3069
3069
3069
3068
3068
3066
3066
3061
3061
3060
3060
3060
3063
3059
3058
3057
3056
3062
3055
3054
3053
3053
3053
3053
3053
3052
3052
3050
3050
3049
3049
3048
3048
3048
3048
3047
3047
3047
3047
3046
3046
3046
3046
3046
3045
3045
3045
3043
3043
3043
3042
3041
3039
3039
3039
3038
3038
3038
3037
3037
3036
3036
3036
3036
3036
3035
3035
3035
3034
3034
3033
3033
3031
3031
3031
3031
3030
3030
3029
3029
3029
3029
3028
3027
3027
3026
3026
3024
3024
3022
3021
3019
3019
3019
3019
3019
3018
3018
3016
3015
3015
3015
3013
3013
3012
3012
3012
3011
3011
3010
3010
3009
3009
3009
3008
3008
3008
3007
3006
3006
3005
3005
3003
3003
3003
3003
3002
3002
3001
3001
3001
3000
3010
