430070
415073
367522
305144
293011
282014
280572
274312
266099
245871
239743
227352
224447
214060
211312
201367
194945
193053
189769
188223
186633
184720
171350
162925
160581
158247
157861
157250
153945
149547
147003
146811
144356
143997
140389
136590
136336
134289
133510
132603
132171
131778
121070
120400
119307
117173
116497
115646
114362
113700
113496
112547
107316
107221
106929
105873
105588
105537
105501
103360
102700
102559
101932
101238
99913
99670
99237
98965
97573
97099
96149
95605
95272
95096
93190
92926
92709
91980
91471
90835
90695
90176
89971
89011
88880
87756
87266
87085
86981
86082
84835
84343
83583
83142
83123
83004
82231
82039
81770
81587
81466
81294
80395
80357
80161
79958
78880
78490
78096
78041
78036
77868
76379
75746
75746
75481
74326
74250
73917
73800
73588
73005
72605
72600
72561
71172
70645
70469
70355
69892
69740
69607
69133
68710
68592
68209
67939
67873
67592
67447
67358
67279
66959
65706
65581
65337
65328
65098
64903
64543
64148
63920
63725
63418
63387
62791
62542
62157
62033
61674
61307
61187
60957
60224
60169
60037
59978
59619
59595
59419
59242
58949
58762
58193
58110
58003
57869
57675
57568
57155
57018
56964
56937
56736
56442
56269
56192
55899
55877
55318
55301
55113
54851
54704
54665
54597
54585
54496
54479
54232
53891
53885
53884
53837
53805
53701
53632
53386
53357
53328
53303
53251
52971
52857
52804
52744
52631
52199
52146
52070
51945
51933
51852
51845
51497
51329
51319
51148
50974
50892
50759
50744
50608
50542
50277
50162
49985
49933
49898
49709
49456
49108
48889
48663
48553
48523
48352
48201
48184
48153
48132
47803
47733
47677
47458
47451
47204
47092
46937
46664
46427
46338
46334
46277
46101
45855
45760
45634
45621
45584
45536
45405
45383
45267
45184
45005
44909
44882
44822
44688
44647
44413
44245
43993
43664
43656
43654
43508
43486
43394
43394
43388
43213
43034
43014
42741
42651
42633
42580
42474
42442
42359
42348
42148
42058
41802
41700
41638
41618
41585
41582
41570
41548
41508
41438
41350
41240
41068
40984
40869
40803
40782
40715
40691
40658
40633
40617
40619
40525
40499
40382
40323
40160
40155
40078
40044
39903
39888
39879
39624
39563
39545
39541
39488
39461
39458
39423
39419
39412
39321
39273
39252
39228
39210
39147
39147
38959
38909
38789
38772
38755
38745
38690
38647
38545
38527
38449
38371
38294
38232
38190
37898
37898
37893
37891
37883
37821
37811
37726
37677
37599
37535
37504
37502
37443
37422
37397
37392
37375
37355
37285
37180
37172
37078
37019
36734
36641
36627
36624
36618
36590
36540
36535
36509
36490
36472
36470
36435
36342
36287
36259
36257
36201
36165
36088
36084
36058
36016
35978
35971
35893
35889
35858
35792
35763
35712
35703
35689
35570
35495
35458
35362
35287
35281
35244
35142
35069
35062
35042
34961
34849
34847
34748
34653
34608
34596
34573
34547
34526
34353
34211
34195
34162
34157
34153
34131
34098
34090
34054
33931
33907
33899
33743
33681
33662
33632
33528
33522
33440
33348
33285
33277
33203
33163
33157
33098
33087
33065
33058
32978
32964
32901
32891
32860
32800
32775
32774
32769
32752
32749
32723
32564
32550
32535
32396
32361
32356
32353
32314
32263
32261
32237
32236
32102
32050
32050
32047
31979
31923
31915
31907
31904
31866
31859
31796
31761
31727
31706
31630
31572
31565
31562
31506
31485
31406
31383
31380
31351
31328
31300
31197
31183
31084
31068
31067
30981
30916
30915
30865
30807
30805
30803
30741
30715
30691
30685
30684
30647
30624
30586
30513
30508
30464
30460
30407
30378
30366
30324
30291
30279
30254
30165
30111
30105
30044
30028
29987
29948
29941
29890
29885
29884
29831
29786
29631
29601
29566
29558
29539
29515
29496
29487
29467
29411
29378
29358
29355
29340
29319
29309
29109
29083
29054
29044
29044
29029
29016
28997
28964
28951
28931
28903
28884
28883
28904
28812
28738
28630
28628
28503
28478
28464
28400
28393
28355
28318
28296
28249
28083
27991
27959
27942
27941
27924
27891
27854
27853
27781
27770
27743
27739
27728
27727
27583
27547
27499
27462
27449
27433
27426
27419
27357
27356
27242
27209
27201
27192
27177
27167
27075
27025
26935
26927
26917
26864
26858
26804
26794
26737
26646
26638
26638
26574
26555
26537
26528
26523
26473
26461
26416
26399
26330
26325
26308
26293
26268
26217
26209
26188
26179
26177
26174
26152
26092
26078
26039
26030
26024
26001
25976
25936
25934
25900
25880
25877
25847
25822
25821
25800
25764
25737
25728
25714
25710
25708
25681
25672
25667
25663
25638
25628
25612
25582
25542
25505
25493
25488
25485
25459
25438
25418
25381
25377
25374
25341
25330
25328
25313
25276
25273
25230
25209
25207
25195
25191
25184
25170
25169
25156
25150
25138
25131
25125
25123
25120
25093
25089
25085
25047
25041
25027
25013
24983
24938
24938
24923
24917
24891
24889
24886
24879
24808
24787
24735
24728
24711
24674
24641
24620
24582
24564
24542
24515
24498
24485
24459
24450
24444
24409
24391
24384
24347
24345
24324
24323
24298
24271
24254
24253
24250
24249
24222
24207
24173
24165
24155
24135
24096
24063
24063
24059
24033
23915
23891
23891
23889
23863
23860
23852
23834
23800
23790
23789
23765
23735
23718
23710
23708
23705
23697
23694
23645
23597
23565
23561
23549
23548
23542
23505
23504
23495
23428
23414
23389
23376
23372
23349
23323
23312
23301
23290
23288
23236
23210
23189
23112
23089
23047
22963
22956
22944
22910
22793
22754
22754
22750
22741
22732
22725
22693
22673
22654
22618
22608
22595
22585
22582
22582
22579
22568
22565
22537
22530
22509
22499
22485
22472
22470
22424
22352
22345
22319
22282
22273
22263
22241
22236
22220
22203
22193
22175
22109
22113
22105
22095
22086
22041
22038
22037
21989
21984
21977
21950
21943
21942
21928
21896
21890
21862
21846
21846
21799
21770
21752
21750
21743
21740
21737
21737
21721
21713
21707
21677
21664
21654
21648
21629
21614
21594
21587
21539
21512
21488
21477
21432
21429
21424
21383
21367
21359
21357
21351
21312
21312
21301
21299
21293
21283
21227
21215
21211
21208
21179
21156
21145
21141
21131
21106
21091
21075
21045
21015
21012
20981
20966
20954
20951
20938
20926
20896
20880
20853
20850
20847
20847
20810
20796
20739
20734
20733
20724
20715
20714
20710
20702
20670
20667
20666
20658
20644
20614
20607
20595
20588
20543
20538
20526
20502
20494
20469
20463
20457
20449
20448
20441
20388
20360
20355
20320
20299
20298
20292
20288
20274
20239
20234
20230
20205
20185
20182
20182
20142
20135
20119
20092
20088
20076
20075
20060
20055
20044
20043
20039
20036
20029
20024
20007
20001
19949
19945
19944
19931
19910
19895
19892
19876
19873
19836
19835
19814
19807
19780
19738
19709
19658
19614
19613
19601
19600
19592
19580
19553
19548
19472
19465
19451
19450
19449
19448
19432
19431
19427
19420
19415
19413
19411
19364
19364
19363
19328
19289
19284
19270
19249
19234
19225
19220
19213
19212
19210
19204
19204
19201
19176
19164
19160
19151
19151
19147
19103
19090
19068
19061
19059
19057
19051
19023
19022
19018
19015
19013
19000
18987
18958
18929
18924
18911
18910
18882
18881
18880
18877
18823
18817
18815
18778
18752
18746
18727
18721
18718
18707
18697
18673
18670
18662
18661
18660
18659
18657
18657
18645
18634
18616
18612
18584
18583
18576
18570
18543
18541
18516
18492
18472
18462
18441
18363
18329
18320
18306
18302
18294
18292
18287
18286
18272
18264
18252
18250
18247
18232
18221
18220
18220
18220
18188
18182
18176
18175
18174
18168
18134
18126
18125
18115
18080
18076
18035
18034
18016
18014
18006
17975
17974
17970
17914
17911
17910
17904
17903
17869
17863
17857
17855
17846
17833
17821
17807
17795
17795
17790
17770
17756
17752
17749
17734
17727
17714
17701
17693
17624
17591
17588
17578
17558
17556
17544
17521
17512
17500
17493
17493
17493
17483
17480
17465
17445
17441
17436
17431
17414
17409
17407
17405
17405
17392
17384
17377
17376
17338
17307
17301
17292
17294
17290
17286
17267
17267
17255
17141
17239
17235
17228
17223
17222
17202
17193
17184
17144
17129
17126
17121
17116
17115
17099
17073
17063
17062
17055
17054
17053
17048
17033
17030
17027
17017
16999
16984
16972
16972
16968
16956
16943
16935
16927
16916
16887
16869
16860
16859
16857
16845
16831
16829
16817
16796
16793
16784
16757
16752
16737
16734
16720
16704
16700
16687
16685
16682
16673
16673
16667
16661
16637
16630
16625
16623
16622
16597
16596
16594
16578
16570
16560
16559
16550
16538
16506
16501
16487
16479
16470
16464
16463
16460
16453
16433
16403
16388
16379
16368
16368
16362
16362
16361
16360
16352
16348
16341
16334
16305
16303
16295
16286
16275
16265
16248
16239
16232
16216
16216
16215
16208
16201
16181
16174
16172
16162
16160
16157
16153
16145
16126
16122
16102
16095
16086
16052
16044
16042
16038
16038
16018
16002
16000
15989
15986
15983
15976
15959
15956
15952
15951
15929
15907
15906
15893
15853
15838
15812
15788
15784
15782
15777
15771
15755
15750
15726
15706
15697
15684
15672
15671
15665
15660
15663
15627
15619
15618
15606
15581
15566
15541
15527
15527
15495
15487
15479
15475
15474
15458
15457
15455
15452
15449
15449
15442
15440
15439
15420
15395
15383
15365
15362
15362
15359
15323
15321
15308
15307
15304
15298
15292
15289
15285
15282
15263
15261
15247
15243
15238
15235
15229
15224
15224
15216
15212
15212
15192
15192
15182
15174
15172
15146
15121
15116
15115
15108
15102
15102
15099
15085
15081
15062
15055
15053
15052
15056
15021
15017
15013
15006
15002
15001
14994
14985
14983
14981
14972
14953
14940
14935
14917
14917
14910
14905
14904
14900
14885
14872
14870
14868
14866
14863
14862
14846
14846
14832
14822
14816
14812
14803
14801
14783
14774
14767
14759
14758
14758
14757
14754
14739
14738
14727
14718
14718
14717
14708
14707
14681
14678
14668
14651
14647
14646
14644
14633
14627
14627
14620
14606
14599
14592
14569
14548
14546
14543
14527
14513
14496
14482
14477
14475
14470
14448
14443
14436
14400
14398
14396
14393
14388
14379
14375
14373
14360
14351
14348
14329
14326
14323
14317
14316
14312
14308
14306
14297
14293
14291
14286
14283
14255
14249
14247
14221
14215
14198
14193
14192
14190
14185
14175
14163
14157
14144
14135
14134
14127
14126
14121
14096
14089
14087
14075
14071
14060
14053
14048
14046
14020
14012
14002
14000
13999
13976
13968
13960
13959
13955
13952
13948
13942
13933
13933
13932
13927
13926
13925
13920
13910
13899
13891
13882
13881
13880
13876
13868
13862
13857
13853
13853
13853
13842
13842
13834
13826
13823
13819
13814
13807
13795
13790
13789
13789
13781
13765
13764
13757
13755
13755
13755
13738
13737
13731
13730
13726
13714
13714
13697
13694
13693
13679
13677
13663
13658
13655
13654
13649
13647
13636
13635
13616
13609
13609
13585
13574
13554
13551
13549
13543
13542
13539
13535
13540
13531
13525
13503
13494
13490
13484
13481
13476
13473
13472
13467
13450
13447
13447
13435
13430
13425
13396
13393
13386
13384
13372
13361
13348
13346
13346
13334
13333
13331
13320
13294
13292
13286
13286
13285
13284
13281
13273
13273
13270
13247
13246
13245
13241
13240
13247
13238
13209
13205
13191
13190
13189
13187
13180
13176
13170
13166
13162
13147
13140
13130
13124
13112
13112
13107
13105
13104
13102
13094
13094
13093
13089
13079
13075
13067
13068
13062
13047
13045
13035
13032
13028
13023
13015
13015
13014
13015
13008
13003
13001
13001
12996
12988
12988
12984
12974
12973
12965
12962
12960
12958
12948
12948
12948
12940
12925
12923
12916
12910
12909
12904
12903
12900
12890
12879
12874
12873
12869
12865
12864
12856
12855
12840
12836
12832
12832
12824
12823
12819
12811
12805
12796
12795
12789
12784
12783
12775
12768
12766
12765
12760
12760
12753
12748
12746
12746
12741
12786
12728
12727
12713
12701
12692
12691
12682
12681
12669
12662
12662
12646
12641
12629
12626
12620
12601
12607
12600
12599
12597
12593
12593
12588
12576
12571
12566
12563
12556
12556
12546
12542
12538
12535
12533
12516
12508
12486
12481
12478
12478
12478
12476
12471
12462
12459
12458
12456
12486
12445
12442
12439
12439
12429
12427
12425
12423
12407
12404
12398
12397
12391
12390
12387
12384
12374
12370
12363
12359
12357
12356
12353
12351
12345
12338
12334
12328
12316
12313
12312
12308
12303
12303
12298
12295
12294
12292
12290
12286
12283
12281
12279
12268
12260
12260
12258
12256
12250
12245
12244
12235
12233
12232
12229
12228
12227
12226
12214
12211
12204
12201
12199
12197
12195
12191
12191
12190
12188
12186
12175
12166
12158
12156
12155
12154
12137
12135
12135
12133
12130
12115
12113
12104
12100
12077
12076
12076
12072
12067
12061
12057
12056
12048
12018
12015
12015
12013
12011
12010
12005
12005
11994
11993
11984
11977
11969
11963
11954
11948
11930
11929
11927
11926
11925
11916
11916
11905
11901
11901
11896
11891
11882
11881
11880
11871
11860
11852
11851
11837
11819
11816
11814
11808
11802
11797
11797
11810
11782
11777
11771
11753
11750
11749
11744
11744
11741
11738
11729
11725
11722
11720
11720
11717
11712
11705
11684
11669
11664
11661
11659
11657
11656
11649
11647
11646
11646
11642
11639
11621
11618
11612
11612
11603
11601
11600
11596
11591
11591
11582
11581
11575
11574
11562
11562
11561
11557
11555
11544
11536
11533
11524
11522
11518
11509
11502
11496
11495
11493
11493
11483
11478
11475
11475
11475
11469
11452
11451
11447
11442
11435
11434
11431
11427
11424
11432
11423
11422
11419
11412
11405
11395
11394
11386
11383
11383
11382
11374
11372
11368
11357
11346
11343
11330
11328
11326
11326
11325
11306
11304
11301
11299
11295
11294
11279
11277
11276
11269
11259
11252
11252
11249
11242
11230
11230
11228
11227
11224
11221
11216
11213
11213
11209
11206
11202
11193
11188
11183
11183
11182
11182
11177
11170
11163
11149
11148
11145
11144
11133
11128
11127
11125
11122
11118
11114
11114
11107
11106
11101
11098
11094
11091
11086
11085
11082
11082
11080
11076
11074
11074
11070
11068
11067
11067
11063
11054
11053
11043
11037
11033
11033
11027
11027
11015
11012
10999
10998
10994
10992
10988
10981
10974
10970
10969
10968
10965
10964
10952
10952
10948
10945
10942
10941
10939
10938
10937
10929
10927
10907
10903
10893
10889
10885
10884
10883
10879
10876
10876
10874
10869
10868
10867
10865
10853
10851
10850
10849
10848
10844
10837
10828
10824
10822
10816
10812
10812
10811
10807
10802
10795
10794
10793
10792
10786
10782
10779
10777
10761
10757
10757
10754
10752
10734
10733
10733
10732
10732
10729
10729
10722
10718
10717
10714
10714
10713
10712
10710
10703
10690
10681
10674
10674
10673
10667
10666
10666
10665
10663
10662
10655
10650
10650
10646
10645
10639
10638
10635
10632
10631
10630
10627
10625
10624
10621
10618
10617
10616
10615
10610
10609
10608
10604
10599
10594
10590
10590
10590
10586
10585
10582
10572
10565
10559
10554
10548
10546
10544
10543
10541
10529
10528
10513
10508
10500
10499
10499
10494
10487
10487
10484
10481
10474
10473
10472
10471
10464
10463
10463
10457
10451
10451
10447
10444
10444
10440
10437
10433
10429
10426
10425
10421
10419
10418
10418
10417
10412
10403
10398
10392
10389
10369
10366
10360
10358
10356
10355
10345
10344
10341
10333
10324
10320
10318
10317
10309
10307
10300
10297
10297
10294
10289
10281
10280
10273
10272
10272
10271
10268
10265
10261
10258
10253
10252
10252
10249
10249
10245
10243
10243
10242
10239
10232
10231
10226
10222
10214
10213
10211
10205
10196
10191
10185
10185
10184
10183
10189
10177
10176
10170
10166
10163
10161
10150
10135
10135
10134
10125
10125
10116
10114
10113
10104
10091
10089
10089
10089
10088
10086
10085
10084
10073
10072
10071
10064
10059
10047
10040
10037
10033
10032
10032
10029
10029
10027
10023
10012
10008
10007
10007
10006
10005
10002
9993
9991
9981
9974
9973
9972
9960
9960
9960
9958
9954
9953
9951
9950
9946
9942
9941
9937
9937
9931
9930
9928
9927
9923
9922
9921
9919
9918
9914
9908
9907
9901
9898
9888
9872
9870
9869
9863
9863
9859
9858
9857
9857
9856
9856
9851
9850
9848
9835
9832
9829
9826
9826
9825
9823
9822
9821
9819
9819
9817
9811
9809
9806
9804
9797
9775
9790
9788
9785
9784
9779
9778
9776
9768
9763
9760
9758
9758
9758
9757
9754
9751
9750
9747
9743
9730
9729
9723
9722
9716
9712
9711
9708
9707
9706
9704
9702
9701
9700
9700
9699
9698
9698
9689
9687
9686
9679
9669
9668
9659
9657
9656
9652
9647
9644
9639
9635
9627
9626
9626
9621
9619
9616
9614
9612
9608
9602
9601
9600
9597
9596
9594
9592
9589
9585
9584
9580
9580
9579
9578
9605
9577
9567
9554
9553
9552
9551
9547
9547
9546
9543
9539
9537
9533
9528
9521
9521
9521
9519
9516
9514
9514
9510
9508
9507
9504
9502
9493
9493
9492
9492
9487
9485
9482
9464
9463
9462
9460
9459
9457
9456
9456
9453
9453
9453
9452
9449
9446
9441
9441
9440
9435
9434
9434
9433
9432
9417
9417
9415
9412
9409
9402
9399
9396
9394
9393
9390
9390
9389
9388
9379
9374
9371
9368
9366
9363
9361
9361
9360
9354
9353
9352
9351
9347
9345
9345
9340
9339
9338
9337
9336
9336
9334
9330
9323
9322
9318
9315
9312
9311
9301
9298
9295
9293
9292
9290
9289
9288
9285
9284
9284
9277
9274
9273
9272
9266
9266
9266
9263
9254
9254
9240
9240
9236
9236
9234
9232
9230
9228
9225
9218
9218
9215
9207
9198
9187
9182
9174
9170
9165
9160
9153
9152
9151
9142
9141
9138
9135
9131
9131
9128
9126
9125
9125
9121
9120
9119
9118
9117
9115
9109
9106
9103
9102
9102
9101
9099
9097
9094
9093
9093
9087
9087
9087
9084
9082
9076
9073
9070
9068
9063
9063
9061
9058
9048
9048
9041
9037
9035
9029
9028
9026
9022
9021
9017
9017
9014
9012
9012
9007
9005
9003
9002
9000
8998
8991
8990
8981
8974
8971
8966
8961
8983
8959
8951
8947
8944
8942
8936
8936
8935
8935
8934
8934
8933
8929
8921
8920
8916
8911
8910
8910
8909
8908
8905
8905
8903
8899
8898
8897
8894
8888
8885
8882
8872
8868
8866
8864
8863
8861
8858
8858
8853
8851
8847
8844
8842
8840
8839
8834
8832
8825
8824
8818
8814
8813
8812
8812
8811
8804
8802
8799
8799
8798
8794
8793
8792
8788
8788
8787
8787
8786
8782
8781
8780
8772
8772
8770
8770
8769
8769
8769
8766
8763
8760
8755
8754
8754
8753
8757
8750
8749
8748
8746
8746
8744
8741
8737
8728
8727
8723
8714
8712
8703
8703
8701
8699
8698
8695
8700
8687
8686
8686
8685
8685
8681
8679
8675
8673
8668
8667
8665
8663
8663
8656
8650
8649
8648
8647
8646
8645
8643
8643
8640
8635
8619
8618
8616
8615
8613
8610
8609
8601
8601
8601
8598
8596
8596
8588
8587
8587
8586
8574
8572
8571
8569
8568
8567
8566
8566
8565
8564
8563
8562
8562
8555
8553
8551
8549
8549
8548
8547
8545
8542
8540
8538
8537
8537
8534
8561
8529
8528
8525
8523
8521
8517
8514
8513
8513
8510
8510
8508
8504
8503
8500
8499
8496
8495
8494
8494
8491
8489
8488
8487
8487
8484
8481
8479
8495
8476
8473
8468
8468
8466
8463
8459
8458
8458
8454
8454
8453
8452
8451
8451
8450
8439
8436
8427
8427
8424
8423
8422
8421
8420
8419
8418
8414
8408
8401
8401
8400
8397
8397
8391
8389
8389
8386
8385
8385
8385
8383
8379
8379
8377
8377
8377
8375
8374
8370
8369
8369
8368
8368
8359
8359
8358
8358
8354
8351
8350
8349
8346
8345
8341
8340
8332
8337
8325
8325
8320
8320
8320
8314
8314
8310
8310
8308
8307
8300
8300
8300
8299
8298
8298
8297
8295
8295
8294
8294
8292
8292
8291
8290
8289
8288
8288
8287
8288
8281
8281
8277
8274
8272
8269
8269
8267
8265
8263
8262
8261
8260
8258
8257
8256
8254
8254
8253
8251
8250
8250
8248
8248
8247
8236
8227
8224
8221
8221
8219
8219
8218
8217
8213
8210
8204
8204
8203
8203
8201
8198
8195
8193
8193
8192
8192
8188
8188
8187
8187
8180
8179
8178
8177
8173
8168
8166
8166
8165
8156
8156
8149
8149
8148
8148
8147
8146
8139
8138
8137
8136
8135
8135
8127
8122
8122
8121
8120
8115
8115
8115
8112
8108
8108
8106
8106
8105
8105
8092
8091
8091
8091
8090
8090
8088
8087
8087
8086
8084
8082
8080
8077
8076
8075
8074
8074
8074
8073
8067
8066
8065
8057
8053
8048
8048
8044
8038
8037
8037
8036
8034
8029
8027
8024
8021
8016
8014
8011
8008
8008
8007
8005
8003
8001
7996
7990
7988
7983
7981
7980
7979
7978
7977
7976
7974
7973
7971
7971
7970
7969
7969
7969
7967
7967
7967
7964
7958
7958
7956
7956
7955
7953
7950
7948
7938
7938
7934
7932
7931
7927
7925
7925
7922
7921
7911
7909
7908
7908
7904
7902
7901
7901
7901
7899
7894
7893
7890
7884
7880
7880
7879
7878
7877
7875
7870
7870
7870
7868
7868
7866
7865
7865
7864
7862
7859
7858
7856
7855
7854
7844
7842
7842
7838
7837
7834
7832
7832
7831
7829
7827
7823
7820
7819
7816
7814
7814
7813
7809
7808
7807
7807
7807
7805
7804
7803
7803
7802
7801
7800
7797
7795
7793
7793
7792
7786
7784
7782
7782
7781
7768
7768
7767
7766
7765
7761
7759
7759
7757
7754
7753
7752
7751
7748
7745
7745
7743
7743
7741
7739
7738
7737
7736
7735
7731
7726
7722
7722
7720
7719
7715
7715
7714
7714
7714
7710
7709
7708
7706
7705
7702
7702
7701
7699
7697
7696
7696
7696
7695
7691
7689
7688
7687
7685
7683
7682
7681
7679
7679
7673
7672
7671
7670
7669
7666
7661
7658
7657
7655
7655
7654
7651
7649
7649
7648
7647
7645
7645
7644
7639
7635
7634
7633
7633
7631
7630
7629
7628
7628
7626
7625
7624
7623
7609
7608
7608
7607
7598
7597
7596
7595
7594
7590
7590
7587
7585
7585
7583
7580
7580
7579
7575
7571
7563
7563
7562
7561
7560
7558
7557
7557
7556
7555
7550
7549
7548
7548
7547
7546
7546
7542
7542
7541
7541
7541
7531
7531
7529
7529
7522
7521
7520
7516
7514
7513
7510
7508
7508
7507
7506
7506
7503
7502
7502
7499
7497
7497
7497
7497
7490
7489
7486
7485
7485
7485
7483
7483
7481
7481
7480
7480
7480
7470
7468
7468
7467
7467
7467
7459
7459
7458
7455
7454
7453
7453
7452
7451
7446
7444
7442
7442
7441
7440
7438
7436
7436
7435
7434
7433
7431
7431
7431
7430
7429
7427
7424
7423
7422
7422
7421
7420
7419
7417
7417
7413
7412
7409
7408
7408
7406
7406
7405
7405
7405
7404
7404
7402
7398
7396
7395
7392
7391
7390
7389
7387
7387
7386
7378
7374
7373
7373
7372
7366
7364
7361
7358
7356
7350
7347
7346
7343
7342
7340
7336
7336
7330
7328
7327
7326
7328
7325
7324
7320
7320
7318
7317
7314
7312
7310
7309
7305
7305
7303
7303
7302
7297
7297
7296
7294
7293
7292
7292
7292
7291
7291
7290
7285
7282
7280
7279
7278
7277
7276
7273
7273
7273
7272
7271
7271
7270
7267
7261
7252
7252
7252
7250
7250
7248
7242
7240
7240
7238
7234
7232
7230
7229
7229
7228
7227
7226
7225
7224
7223
7217
7216
7215
7214
7211
7203
7200
7200
7199
7195
7195
7194
7191
7188
7186
7183
7183
7181
7180
7180
7174
7170
7165
7165
7162
7161
7160
7160
7157
7155
7151
7149
7149
7147
7144
7143
7141
7136
7135
7132
7131
7131
7130
7129
7128
7128
7128
7126
7125
7123
7122
7121
7120
7120
7119
7117
7117
7114
7113
7113
7112
7109
7108
7107
7105
7103
7102
7101
7100
7100
7096
7093
7092
7090
7089
7088
7088
7082
7080
7080
7073
7072
7070
7068
7068
7067
7062
7061
7058
7057
7056
7054
7050
7050
7050
7049
7049
7047
7047
7047
7045
7044
7040
7040
7039
7039
7036
7035
7035
7034
7034
7033
7031
7031
7028
7028
7024
7023
7021
7021
7018
7017
7016
7015
7010
7009
7008
7007
7002
6995
6993
6992
6991
6988
6987
6987
6983
6981
6980
6979
6978
6975
6971
6971
6971
6971
6971
6970
6970
6970
6966
6963
6963
6964
6961
6961
6960
6960
6960
6954
6953
6950
6948
6948
6946
6945
6943
6943
6941
6940
6939
6937
6935
6931
6930
6927
6926
6924
6923
6923
6923
6922
6920
6919
6918
6918
6918
6917
6917
6917
6916
6913
6909
6908
6907
6905
6904
6902
6900
6895
6895
6895
6890
6888
6887
6886
6885
6879
6878
6876
6875
6872
6872
6872
6871
6870
6869
6867
6865
6864
6864
6863
6860
6857
6853
6852
6852
6851
6850
6848
6845
6845
6843
6843
6839
6839
6839
6839
6836
6833
6830
6829
6826
6824
6823
6821
6821
6818
6817
6816
6815
6815
6813
6813
6812
6812
6811
6807
6807
6806
6806
6805
6800
6800
6800
6799
6797
6794
6791
6790
6789
6788
6788
6787
6784
6784
6782
6781
6781
6780
6780
6780
6779
6779
6778
6777
6772
6771
6771
6771
6770
6769
6765
6764
6763
6760
6758
6758
6757
6756
6756
6756
6755
6753
6753
6751
6748
6745
6744
6744
6743
6742
6740
6738
6737
6737
6736
6736
6735
6735
6735
6735
6734
6733
6731
6731
6731
6731
6730
6729
6725
6726
6724
6723
6723
6722
6721
6719
6718
6717
6714
6713
6711
6711
6711
6709
6708
6707
6707
6707
6705
6705
6703
6703
6702
6701
6701
6699
6699
6696
6694
6693
6693
6689
6688
6687
6687
6686
6686
6685
6683
6681
6680
6678
6677
6676
6673
6672
6671
6667
6663
6663
6663
6659
6656
6654
6652
6651
6650
6649
6649
6649
6648
6648
6644
6643
6643
6640
6638
6635
6633
6633
6632
6632
6629
6628
6627
6622
6620
6616
6615
6615
6614
6610
6609
6609
6608
6608
6607
6607
6601
6601
6599
6598
6597
6597
6596
6594
6593
6589
6589
6589
6588
6587
6587
6582
6580
6577
6575
6574
6573
6573
6573
6571
6568
6568
6565
6564
6560
6560
6560
6559
6558
6557
6556
6554
6553
6551
6551
6550
6547
6547
6547
6546
6546
6540
6538
6534
6534
6534
6532
6531
6530
6529
6525
6525
6523
6522
6521
6521
6519
6518
6515
6515
6513
6508
6507
6507
6506
6505
6503
6501
6500
6498
6497
6492
6491
6491
6488
6488
6487
6486
6486
6485
6483
6481
6480
6479
6478
6477
6476
6475
6473
6473
6472
6471
6467
6463
6461
6460
6458
6458
6457
6457
6456
6454
6454
6453
6452
6450
6450
6446
6443
6442
6441
6441
6450
6440
6440
6437
6437
6437
6436
6435
6435
6434
6434
6431
6430
6428
6427
6425
6425
6419
6417
6415
6415
6413
6416
6410
6410
6410
6409
6409
6409
6408
6405
6404
6404
6400
6400
6399
6395
6394
6393
6391
6390
6388
6385
6384
6383
6382
6381
6381
6381
6381
6380
6376
6374
6371
6371
6371
6370
6369
6369
6369
6369
6364
6364
6362
6360
6359
6358
6357
6356
6355
6353
6353
6350
6348
6348
6348
6346
6346
6346
6345
6345
6344
6343
6341
6339
6336
6336
6336
6332
6332
6331
6330
6330
6329
6325
6324
6324
6321
6319
6319
6318
6318
6316
6315
6314
6314
6313
6310
6308
6307
6307
6306
6303
6294
6294
6292
6290
6290
6289
6289
6288
6285
6284
6281
6281
6278
6276
6275
6272
6272
6269
6267
6262
6259
6259
6259
6257
6256
6253
6250
6249
6248
6247
6244
6241
6241
6241
6241
6240
6237
6234
6232
6231
6230
6230
6229
6229
6227
6227
6227
6224
6223
6222
6222
6220
6219
6218
6214
6212
6211
6209
6208
6207
6206
6204
6203
6203
6203
6200
6199
6199
6196
6195
6192
6192
6192
6191
6191
6190
6190
6190
6189
6188
6187
6186
6184
6182
6182
6169
6177
6177
6176
6176
6176
6173
6173
6172
6172
6171
6171
6171
6168
6164
6164
6163
6163
6162
6161
6161
6160
6158
6158
6157
6157
6157
6155
6153
6153
6149
6149
6145
6144
6144
6141
6136
6134
6133
6129
6128
6127
6126
6126
6125
6123
6122
6117
6115
6114
6113
6111
6110
6109
6108
6107
6104
6104
6104
6103
6101
6100
6100
6099
6096
6095
6095
6095
6095
6095
6093
6093
6091
6090
6089
6085
6084
6082
6080
6079
6078
6077
6077
6073
6073
6071
6070
6070
6069
6068
6067
6065
6062
6060
6059
6055
6052
6052
6051
6050
6050
6050
6048
6048
6048
6044
6044
6043
6043
6043
6042
6042
6041
6041
6040
6040
6039
6039
6039
6038
6038
6037
6036
6034
6033
6032
6028
6026
6025
6025
6021
6020
6013
6009
6008
6007
6005
6004
6003
6000
5998
5997
5994
5994
5993
5990
5989
5989
5989
5981
5979
5975
5971
5971
5966
5966
5964
5964
5963
5962
5962
5960
5959
5957
5957
5956
5956
5955
5955
5955
5953
5951
5950
5949
5948
5947
5945
5945
5944
5943
5941
5939
5939
5938
5938
5936
5936
5935
5935
5935
5934
5934
5933
5933
5931
5931
5930
5928
5928
5922
5921
5919
5916
5916
5914
5914
5913
5911
5911
5911
5909
5909
5908
5905
5904
5903
5902
5902
5902
5901
5900
5900
5896
5895
5892
5892
5891
5891
5889
5889
5888
5887
5886
5886
5881
5880
5878
5877
5876
5876
5876
5873
5873
5873
5871
5868
5868
5867
5866
5863
5862
5861
5861
5860
5858
5858
5855
5853
5853
5851
5846
5844
5842
5842
5840
5836
5834
5831
5830
5830
5830
5828
5825
5824
5822
5818
5818
5816
5812
5811
5811
5810
5808
5808
5807
5803
5803
5802
5802
5802
5802
5802
5800
5799
5799
5796
5796
5795
5794
5790
5790
5785
5785
5783
5782
5780
5778
5777
5776
5776
5775
5775
5774
5773
5773
5773
5772
5771
5770
5769
5769
5767
5765
5764
5764
5764
5763
5761
5759
5759
5759
5758
5758
5757
5757
5757
5755
5754
5754
5753
5753
5753
5752
5752
5750
5750
5749
5749
5748
5747
5742
5740
5739
5739
5738
5737
5736
5734
5733
5729
5728
5728
5725
5725
5725
5723
5719
5718
5718
5717
5716
5716
5714
5712
5711
5705
5704
5703
5703
5703
5702
5701
5701
5700
5699
5697
5697
5697
5694
5691
5689
5689
5689
5688
5686
5686
5687
5685
5683
5682
5681
5680
5679
5679
5679
5677
5676
5675
5675
5673
5671
5671
5670
5670
5669
5669
5668
5667
5666
5666
5666
5664
5663
5663
5662
5660
5660
5659
5659
5657
5657
5654
5654
5653
5652
5651
5651
5650
5643
5643
5643
5642
5641
5637
5637
5636
5636
5635
5635
5635
5633
5630
5630
5629
5629
5627
5627
5626
5624
5624
5624
5623
5623
5618
5617
5617
5616
5611
5608
5608
5606
5606
5602
5601
5601
5600
5597
5593
5592
5592
5590
5588
5587
5586
5586
5586
5585
5584
5584
5584
5582
5581
5581
5580
5579
5579
5579
5579
5578
5576
5576
5575
5575
5574
5572
5572
5572
5572
5571
5570
5568
5567
5567
5566
5565
5565
5564
5564
5561
5561
5560
5558
5558
5557
5557
5553
5553
5550
5549
5548
5546
5544
5542
5541
5540
5539
5538
5537
5536
5535
5534
5533
5531
5529
5526
5525
5521
5520
5520
5519
5519
5519
5517
5517
5515
5515
5514
5514
5514
5513
5512
5512
5512
5511
5508
5508
5508
5507
5507
5506
5506
5506
5506
5505
5505
5504
5504
5504
5503
5502
5498
5497
5497
5496
5494
5494
5492
5492
5492
5492
5492
5491
5490
5490
5484
5484
5483
5483
5483
5483
5480
5479
5479
5476
5475
5474
5471
5469
5468
5467
5464
5459
5459
5455
5454
5453
5452
5452
5451
5451
5450
5450
5450
5449
5449
5448
5447
5446
5444
5444
5443
5442
5440
5438
5436
5435
5434
5433
5432
5431
5431
5453
5426
5425
5424
5423
5423
5422
5421
5420
5420
5420
5419
5418
5418
5417
5417
5415
5413
5411
5410
5410
5409
5409
5408
5407
5405
5404
5401
5401
5400
5400
5398
5395
5394
5393
5393
5393
5392
5390
5386
5386
5385
5384
5383
5383
5382
5380
5380
5378
5377
5376
5375
5375
5374
5373
5373
5372
5368
5368
5367
5366
5366
5365
5363
5362
5362
5362
5362
5361
5359
5358
5357
5357
5356
5355
5355
5355
5351
5349
5348
5345
5345
5344
5343
5343
5342
5342
5341
5341
5340
5340
5338
5338
5334
5332
5330
5329
5329
5327
5326
5326
5326
5322
5322
5320
5319
5319
5318
5318
5318
5314
5313
5311
5311
5310
5310
5307
5307
5306
5306
5305
5304
5304
5299
5299
5299
5297
5297
5296
5295
5294
5293
5293
5292
5289
5289
5289
5287
5287
5287
5287
5284
5284
5283
5283
5282
5282
5282
5280
5278
5276
5274
5274
5273
5271
5270
5270
5270
5269
5268
5266
5265
5265
5263
5262
5261
5260
5260
5257
5257
5256
5253
5252
5251
5250
5267
5249
5248
5247
5246
5246
5242
5241
5241
5241
5238
5237
5237
5237
5237
5234
5233
5233
5232
5229
5229
5228
5227
5226
5224
5224
5224
5222
5222
5222
5220
5216
5216
5215
5215
5215
5212
5212
5211
5210
5209
5209
5208
5207
5206
5206
5205
5244
5203
5202
5202
5201
5201
5201
5201
5200
5199
5199
5199
5198
5197
5197
5197
5196
5196
5195
5194
5194
5193
5193
5192
5191
5187
5186
5185
5184
5182
5179
5178
5177
5176
5175
5174
5174
5174
5174
5174
5174
5171
5168
5168
5167
5166
5165
5165
5164
5163
5161
5159
5159
5158
5157
5157
5155
5154
5154
5154
5153
5153
5153
5153
5152
5150
5150
5149
5149
5149
5149
5148
5148
5148
5146
5146
5145
5143
5143
5143
5143
5142
5141
5139
5138
5137
5136
5134
5134
5132
5131
5130
5129
5129
5129
5128
5127
5127
5127
5121
5121
5121
5120
5120
5116
5116
5116
5115
5114
5113
5113
5111
5109
5108
5106
5106
5106
5106
5106
5105
5104
5103
5103
5103
5103
5103
5103
5102
5099
5097
5097
5097
5096
5095
5094
5091
5087
5086
5086
5086
5086
5086
5085
5085
5084
5084
5084
5083
5081
5081
5081
5081
5080
5080
5079
5079
5079
5078
5077
5072
5068
5068
5067
5067
5066
5065
5064
5064
5064
5063
5062
5060
5059
5059
5058
5058
5057
5055
5055
5052
5052
5051
5050
5050
5049
5049
5048
5045
5043
5043
5042
5041
5040
5040
5040
5040
5039
5039
5039
5038
5084
5033
5032
5032
5032
5032
5032
5031
5031
5029
5029
5028
5028
5027
5026
5024
5024
5023
5023
5023
5022
5022
5020
5020
5018
5018
5017
5013
5011
5011
5010
5008
5008
5008
5007
5006
5002
5002
5001
5000
4999
4999
4998
4997
4996
4996
4995
4993
4991
4989
4988
4986
4986
4984
4983
4982
4980
4979
4979
4977
4977
4976
4976
4976
4975
4975
4974
4972
4972
4971
4970
4970
4969
4968
4968
4967
4966
4966
4965
4964
4964
4963
4963
4961
4961
4961
4961
4960
4960
4960
4959
4958
4956
4956
4955
4953
4952
4952
4952
4951
4950
4948
4947
4945
4945
4944
4947
4943
4943
4943
4940
4939
4939
4939
4938
4936
4936
4936
4936
4935
4935
4935
4934
4934
4933
4933
4933
4932
4931
4931
4930
4930
4930
4930
4929
4928
4928
4927
4926
4923
4923
4921
4920
4920
4918
4918
4917
4914
4912
4910
4910
4910
4908
4908
4908
4907
4907
4907
4906
4906
4904
4904
4903
4903
4902
4901
4901
4900
4899
4899
4899
4899
4898
4898
4898
4898
4897
4897
4896
4895
4895
4894
4894
4893
4891
4890
4889
4888
4888
4887
4886
4885
4882
4879
4878
4878
4878
4878
4878
4877
4876
4874
4874
4874
4873
4873
4872
4872
4872
4872
4871
4871
4871
4870
4870
4869
4869
4868
4868
4868
4868
4868
4867
4866
4866
4866
4865
4863
4862
4861
4860
4860
4859
4859
4857
4855
4855
4854
4853
4852
4852
4852
4850
4850
4849
4849
4848
4847
4847
4847
4847
4846
4846
4845
4845
4843
4841
4841
4840
4839
4839
4838
4838
4838
4836
4833
4832
4831
4831
4830
4830
4829
4828
4828
4828
4827
4826
4826
4826
4825
4825
4824
4824
4824
4823
4823
4822
4821
4821
4821
4820
4819
4819
4818
4818
4818
4818
4817
4817
4815
4815
4814
4814
4811
4811
4810
4810
4808
4807
4807
4806
4805
4819
4803
4803
4802
4802
4801
4800
4799
4799
4799
4798
4798
4798
4797
4797
4796
4795
4794
4794
4794
4793
4793
4792
4791
4791
4790
4790
4789
4788
4788
4786
4786
4785
4785
4785
4785
4785
4784
4784
4783
4779
4779
4779
4778
4777
4777
4776
4776
4776
4772
4772
4770
4769
4769
4767
4767
4767
4763
4762
4761
4761
4760
4760
4759
4759
4759
4759
4758
4757
4756
4753
4753
4753
4753
4752
4752
4751
4751
4751
4750
4750
4750
4749
4749
4748
4748
4745
4744
4744
4743
4743
4742
4741
4740
4739
4738
4738
4737
4737
4736
4736
4733
4733
4732
4731
4730
4730
4729
4729
4729
4728
4725
4723
4723
4722
4720
4719
4717
4716
4716
4714
4713
4712
4712
4711
4711
4711
4711
4710
4710
4710
4709
4707
4707
4706
4706
4705
4704
4700
4699
4697
4697
4697
4697
4697
4697
4696
4696
4696
4694
4692
4688
4687
4687
4686
4686
4685
4684
4684
4683
4683
4681
4681
4681
4680
4680
4679
4677
4677
4675
4675
4675
4675
4675
4674
4674
4674
4673
4673
4673
4673
4672
4672
4672
4672
4671
4671
4669
4668
4668
4668
4668
4667
4667
4667
4666
4666
4665
4665
4665
4664
4664
4664
4662
4662
4660
4660
4660
4660
4659
4658
4656
4656
4654
4654
4652
4651
4650
4650
4650
4649
4649
4649
4649
4648
4648
4648
4648
4647
4647
4646
4645
4644
4644
4644
4642
4641
4641
4641
4641
4640
4639
4638
4637
4636
4636
4636
4634
4634
4633
4633
4632
4631
4629
4629
4629
4628
4628
4627
4626
4625
4625
4625
4624
4623
4623
4622
4622
4621
4621
4621
4620
4620
4619
4618
4618
4616
4613
4613
4610
4609
4608
4608
4606
4605
4605
4604
4603
4602
4601
4600
4599
4598
4598
4597
4597
4597
4596
4595
4594
4594
4594
4593
4593
4591
4591
4590
4589
4589
4587
4586
4586
4586
4586
4585
4584
4584
4583
4583
4583
4581
4581
4581
4580
4579
4576
4576
4576
4575
4573
4570
4570
4570
4569
4569
4569
4569
4569
4565
4565
4565
4565
4564
4563
4563
4562
4562
4562
4561
4560
4560
4560
4559
4558
4557
4555
4555
4555
4554
4554
4553
4553
4552
4552
4552
4551
4551
4550
4549
4548
4547
4547
4547
4546
4546
4545
4545
4544
4544
4542
4542
4541
4541
4541
4541
4540
4539
4538
4538
4538
4535
4534
4534
4530
4529
4529
4529
4528
4528
4526
4526
4525
4524
4524
4524
4523
4522
4522
4522
4521
4521
4520
4520
4519
4519
4515
4513
4513
4512
4511
4511
4510
4510
4510
4509
4508
4507
4507
4506
4506
4505
4505
4505
4503
4503
4502
4502
4501
4501
4501
4498
4498
4497
4496
4496
4495
4493
4492
4492
4492
4490
4490
4490
4489
4489
4489
4488
4487
4486
4486
4485
4484
4484
4483
4480
4479
4479
4476
4476
4475
4475
4474
4474
4473
4472
4471
4469
4469
4468
4468
4467
4466
4466
4466
4464
4464
4463
4463
4463
4462
4462
4462
4461
4461
4460
4460
4460
4459
4459
4459
4458
4456
4452
4452
4452
4451
4497
4450
4448
4447
4446
4446
4444
4443
4443
4442
4442
4441
4440
4440
4440
4439
4438
4437
4437
4437
4437
4436
4436
4436
4435
4435
4434
4433
4433
4433
4433
4433
4432
4432
4431
4427
4426
4425
4425
4424
4424
4422
4422
4420
4419
4418
4418
4418
4417
4417
4417
4416
4415
4415
4413
4412
4410
4410
4409
4409
4408
4408
4407
4407
4407
4406
4406
4406
4405
4404
4403
4401
4401
4398
4398
4397
4397
4396
4394
4394
4394
4393
4393
4392
4391
4391
4390
4390
4388
4387
4387
4386
4385
4384
4382
4381
4381
4380
4379
4379
4379
4379
4377
4377
4376
4375
4375
4375
4374
4374
4374
4373
4373
4371
4371
4371
4370
4370
4367
4366
4365
4365
4364
4364
4363
4361
4361
4361
4359
4359
4358
4358
4357
4357
4356
4356
4355
4355
4353
4352
4351
4351
4350
4350
4349
4348
4348
4348
4347
4346
4345
4344
4344
4344
4344
4343
4343
4343
4342
4339
4338
4337
4336
4336
4336
4335
4335
4335
4333
4333
4331
4330
4330
4326
4324
4324
4324
4323
4323
4335
4322
4321
4320
4319
4319
4318
4316
4316
4316
4316
4315
4315
4315
4315
4315
4314
4313
4312
4311
4311
4311
4310
4310
4310
4309
4309
4308
4308
4307
4306
4305
4305
4304
4303
4301
4301
4300
4300
4300
4299
4299
4298
4297
4296
4296
4296
4296
4295
4295
4295
4294
4293
4292
4291
4290
4290
4289
4289
4288
4288
4287
4286
4284
4284
4283
4282
4282
4282
4281
4281
4279
4278
4277
4276
4275
4273
4272
4271
4270
4270
4268
4268
4268
4267
4267
4263
4262
4261
4260
4259
4259
4259
4258
4258
4257
4257
4256
4277
4253
4253
4253
4251
4251
4250
4249
4248
4248
4247
4245
4244
4243
4240
4240
4239
4236
4236
4236
4236
4235
4235
4235
4233
4233
4232
4231
4231
4230
4230
4230
4229
4229
4229
4229
4226
4226
4226
4225
4224
4224
4224
4224
4224
4223
4222
4221
4220
4220
4219
4218
4218
4217
4217
4217
4217
4216
4216
4216
4216
4216
4215
4215
4214
4214
4212
4212
4211
4210
4210
4209
4209
4209
4208
4208
4207
4205
4205
4204
4204
4201
4201
4201
4200
4200
4199
4199
4197
4197
4196
4194
4190
4190
4188
4187
4186
4185
4185
4182
4182
4182
4181
4181
4179
4179
4178
4178
4178
4177
4176
4175
4175
4174
4174
4173
4173
4173
4172
4172
4172
4172
4171
4170
4168
4168
4168
4168
4168
4167
4151
4166
4165
4165
4165
4165
4165
4164
4164
4163
4162
4162
4161
4161
4161
4160
4159
4158
4157
4157
4156
4155
4155
4155
4154
4154
4154
4154
4152
4151
4148
4148
4148
4146
4146
4146
4145
4144
4143
4143
4143
4143
4140
4139
4139
4138
4138
4137
4137
4136
4136
4135
4135
4134
4133
4130
4130
4129
4129
4126
4126
4125
4124
4123
4122
4121
4121
4121
4121
4120
4120
4119
4118
4118
4118
4117
4117
4117
4116
4115
4113
4113
4113
4113
4112
4112
4111
4109
4109
4108
4108
4108
4108
4107
4107
4107
4106
4106
4106
4106
4106
4105
4104
4103
4101
4100
4100
4100
4099
4097
4097
4096
4094
4094
4093
4092
4092
4091
4091
4091
4090
4089
4089
4087
4087
4086
4085
4084
4084
4083
4083
4083
4083
4083
4082
4080
4079
4079
4078
4077
4076
4075
4074
4073
4072
4072
4072
4072
4069
4068
4068
4068
4067
4066
4066
4066
4065
4065
4065
4064
4063
4063
4063
4062
4062
4061
4059
4059
4058
4057
4056
4055
4055
4054
4052
4052
4051
4050
4048
4047
4047
4045
4044
4044
4044
4043
4043
4042
4042
4041
4041
4041
4041
4040
4039
4039
4039
4039
4038
4038
4037
4036
4036
4036
4036
4035
4034
4034
4033
4032
4031
4031
4030
4030
4028
4028
4028
4028
4026
4026
4025
4023
4023
4021
4020
4020
4019
4017
4017
4015
4015
4014
4014
4014
4013
4013
4012
4012
4012
4011
4009
4009
4009
4008
4007
4012
4006
4006
4006
4005
4004
4004
4004
4004
4002
4002
4002
4002
4001
4001
4001
4001
3999
3998
3998
3998
3997
3995
3995
3994
3993
3993
3993
3992
3992
3991
3991
3990
3990
3990
3989
3989
3989
3989
3986
3986
3986
3985
3985
3985
3983
3983
3982
3982
3981
3979
3978
3977
3977
3977
3975
3975
3973
3973
3973
3972
3972
3972
3992
3971
3970
3969
3968
3968
3968
3968
3967
3967
3967
3965
3963
3963
3962
3962
3961
3961
3957
3956
3956
3956
3956
3956
3954
3953
3953
3953
3952
3952
3951
3951
3950
3950
3949
3948
3946
3945
3944
3943
3942
3942
3941
3940
3938
3938
3938
3937
3937
3935
3935
3934
3933
3933
3933
3932
3930
3929
3929
3926
3925
3925
3924
3924
3924
3923
3921
3921
3920
3920
3919
3919
3918
3918
3916
3916
3915
3915
3915
3914
3913
3913
3913
3911
3911
3910
3908
3908
3907
3907
3906
3906
3906
3905
3904
3903
3901
3900
3899
3899
3898
3898
3897
3896
3896
3895
3895
3894
3894
3894
3893
3892
3892
3891
3890
3889
3889
3889
3889
3889
3885
3885
3883
3883
3883
3883
3882
3881
3881
3881
3881
3880
3879
3879
3879
3879
3879
3878
3878
3877
3876
3876
3875
3875
3875
3875
3874
3874
3873
3872
3873
3871
3870
3870
3869
3869
3868
3868
3868
3866
3866
3866
3865
3865
3865
3863
3863
3860
3858
3858
3857
3857
3857
3857
3856
3856
3856
3856
3855
3854
3854
3853
3853
3852
3852
3851
3851
3850
3850
3850
3849
3848
3847
3847
3846
3845
3845
3844
3843
3843
3841
3841
3841
3840
3840
3840
3839
3838
3838
3836
3835
3834
3833
3833
3833
3833
3832
3831
3830
3830
3829
3828
3828
3832
3827
3827
3826
3826
3826
3826
3825
3825
3824
3823
3823
3823
3823
3822
3822
3822
3821
3821
3820
3820
3820
3819
3819
3819
3819
3818
3816
3816
3815
3815
3815
3814
3812
3811
3811
3811
3811
3810
3810
3810
3810
3808
3808
3808
3808
3807
3807
3806
3806
3805
3805
3804
3804
3803
3803
3801
3801
3800
3799
3799
3799
3798
3797
3797
3796
3796
3795
3794
3794
3792
3792
3792
3791
3791
3791
3791
3790
3790
3789
3788
3788
3788
3788
3788
3787
3787
3787
3786
3785
3785
3785
3785
3785
3784
3784
3784
3784
3781
3780
3776
3775
3774
3773
3771
3770
3769
3768
3768
3768
3768
3768
3767
3765
3765
3765
3764
3764
3763
3764
3764
3763
3762
3761
3761
3761
3759
3759
3759
3759
3758
3758
3758
3757
3757
3757
3756
3756
3755
3755
3754
3753
3753
3752
3751
3751
3751
3751
3750
3750
3749
3749
3749
3748
3748
3747
3746
3746
3745
3745
3745
3743
3742
3741
3740
3740
3740
3740
3740
3740
3738
3738
3738
3738
3738
3738
3738
3737
3735
3735
3734
3733
3733
3733
3732
3732
3731
3731
3731
3731
3730
3730
3729
3728
3727
3727
3725
3725
3725
3725
3725
3725
3724
3723
3723
3722
3722
3722
3722
3721
3720
3717
3716
3715
3714
3714
3713
3713
3712
3712
3712
3711
3711
3711
3711
3711
3711
3710
3708
3707
3707
3707
3707
3707
3707
3707
3706
3706
3705
3704
3704
3703
3701
3701
3700
3700
3700
3698
3697
3697
3697
3696
3696
3696
3695
3695
3695
3694
3694
3694
3693
3693
3692
3692
3695
3692
3691
3690
3689
3689
3688
3685
3684
3684
3684
3683
3682
3681
3680
3680
3680
3678
3678
3678
3677
3677
3677
3677
3679
3676
3674
3673
3672
3672
3671
3671
3670
3670
3669
3668
3668
3668
3668
3668
3667
3667
3667
3666
3665
3665
3665
3665
3665
3664
3664
3664
3664
3662
3661
3661
3660
3660
3659
3658
3657
3656
3656
3655
3655
3655
3654
3654
3653
3652
3652
3652
3651
3651
3651
3651
3650
3649
3649
3649
3649
3648
3648
3647
3647
3646
3646
3646
3646
3645
3645
3645
3645
3645
3644
3644
3643
3643
3643
3643
3642
3641
3640
3640
3639
3639
3638
3638
3637
3636
3636
3636
3635
3635
3634
3634
3630
3630
3630
3628
3629
3627
3627
3626
3624
3623
3623
3622
3622
3622
3620
3620
3619
3619
3617
3616
3616
3615
3615
3614
3614
3614
3613
3613
3612
3610
3609
3609
3608
3606
3606
3606
3606
3605
3605
3604
3603
3603
3603
3603
3602
3602
3602
3601
3601
3601
3600
3600
3599
3598
3598
3597
3596
3596
3596
3596
3596
3595
3594
3593
3593
3592
3592
3590
3590
3589
3589
3589
3588
3588
3587
3586
3586
3586
3586
3586
3585
3585
3585
3584
3583
3583
3582
3581
3581
3579
3579
3579
3578
3577
3577
3575
3575
3575
3574
3574
3574
3574
3573
3572
3572
3572
3571
3571
3569
3568
3568
3567
3567
3567
3567
3567
3567
3566
3565
3565
3565
3563
3562
3562
3561
3560
3560
3560
3560
3560
3559
3559
3559
3559
3558
3557
3557
3556
3556
3555
3552
3552
3552
3551
3551
3550
3550
3550
3549
3548
3548
3548
3547
3547
3547
3547
3546
3546
3545
3545
3544
3543
3543
3543
3543
3542
3542
3542
3541
3541
3538
3537
3537
3536
3536
3536
3536
3535
3535
3534
3534
3534
3534
3533
3533
3532
3532
3532
3532
3532
3531
3530
3529
3529
3528
3528
3527
3527
3527
3526
3526
3524
3524
3524
3523
3522
3521
3521
3521
3520
3520
3520
3519
3519
3519
3519
3518
3518
3517
3516
3516
3515
3515
3514
3514
3514
3514
3513
3513
3513
3512
3511
3511
3510
3510
3510
3509
3509
3508
3506
3506
3505
3504
3502
3502
3501
3500
3500
3500
3500
3498
3498
3498
3497
3497
3497
3496
3496
3495
3495
3495
3494
3493
3493
3492
3492
3492
3491
3491
3491
3490
3489
3489
3488
3488
3488
3488
3488
3487
3487
3486
3485
3484
3484
3484
3483
3483
3482
3482
3481
3480
3480
3480
3479
3479
3478
3478
3477
3477
3477
3477
3476
3476
3476
3476
3476
3475
3474
3474
3474
3474
3474
3473
3473
3473
3472
3472
3472
3472
3471
3471
3471
3470
3470
3470
3469
3469
3468
3468
3468
3468
3467
3466
3465
3465
3465
3465
3465
3464
3464
3464
3463
3463
3462
3461
3461
3460
3460
3459
3459
3458
3434
3457
3456
3456
3456
3455
3455
3454
3454
3454
3453
3452
3452
3452
3452
3452
3454
3450
3448
3448
3448
3447
3447
3446
3446
3446
3446
3445
3445
3445
3445
3444
3444
3443
3442
3441
3441
3440
3440
3440
3440
3439
3439
3439
3438
3438
3438
3438
3437
3437
3437
3437
3435
3435
3435
3434
3434
3433
3433
3432
3432
3432
3431
3431
3430
3428
3427
3427
3426
3425
3425
3425
3424
3424
3423
3423
3423
3423
3423
3422
3422
3422
3422
3422
3422
3421
3420
3420
3419
3419
3419
3418
3418
3417
3417
3416
3416
3415
3415
3415
3414
3411
3411
3411
3411
3410
3410
3409
3409
3409
3408
3408
3407
3407
3406
3405
3405
3405
3405
3404
3403
3401
3401
3401
3400
3400
3400
3400
3399
3399
3398
3397
3396
3395
3394
3394
3393
3392
3391
3391
3391
3390
3390
3390
3390
3389
3388
3388
3388
3388
3388
3387
3387
3386
3386
3385
3384
3384
3383
3383
3383
3383
3383
3382
3382
3382
3381
3381
3380
3379
3379
3379
3379
3379
3378
3378
3377
3376
3375
3374
3373
3372
3372
3372
3371
3371
3370
3370
3370
3369
3368
3368
3368
3368
3368
3367
3367
3367
3367
3367
3366
3366
3366
3366
3365
3365
3364
3364
3364
3363
3363
3363
3361
3361
3361
3360
3360
3359
3359
3359
3359
3359
3358
3358
3357
3357
3357
3356
3356
3355
3355
3355
3355
3354
3354
3353
3353
3353
3352
3352
3352
3351
3351
3351
3350
3350
3350
3349
3349
3348
3348
3348
3347
3347
3346
3346
3346
3346
3346
3345
3345
3344
3344
3344
3344
3343
3343
3343
3341
3340
3340
3340
3339
3339
3338
3338
3337
3337
3336
3336
3336
3335
3335
3335
3333
3333
3333
3332
3332
3331
3331
3330
3329
3329
3329
3329
3329
3328
3328
3327
3327
3326
3326
3326
3325
3325
3325
3325
3324
3324
3323
3323
3323
3322
3321
3320
3320
3318
3318
3317
3317
3316
3316
3316
3315
3314
3313
3313
3312
3312
3312
3311
3311
3310
3309
3309
3308
3307
3307
3307
3306
3306
3305
3304
3304
3304
3303
3303
3303
3303
3302
3302
3306
3301
3301
3301
3300
3300
3300
3299
3299
3298
3298
3297
3296
3296
3296
3295
3295
3295
3294
3294
3294
3294
3294
3294
3292
3290
3289
3289
3289
3288
3288
3288
3287
3286
3286
3284
3284
3283
3283
3283
3283
3283
3282
3282
3281
3281
3280
3279
3279
3278
3277
3277
3277
3277
3276
3275
3275
3275
3275
3272
3272
3271
3270
3270
3270
3269
3269
3268
3267
3267
3267
3267
3266
3266
3266
3265
3265
3265
3265
3264
3264
3263
3261
3261
3261
3261
3260
3259
3259
3258
3258
3258
3257
3257
3257
3257
3257
3256
3256
3256
3256
3255
3254
3253
3253
3253
3253
3252
3252
3252
3251
3251
3251
3250
3250
3250
3249
3249
3249
3249
3249
3249
3248
3248
3247
3254
3246
3246
3246
3246
3245
3245
3244
3244
3244
3243
3243
3242
3242
3242
3242
3241
3241
3240
3240
3240
3240
3240
3239
3239
3238
3238
3237
3237
3236
3236
3236
3235
3235
3235
3234
3234
3234
3234
3233
3233
3233
3233
3233
3232
3231
3231
3231
3230
3229
3229
3228
3227
3226
3225
3199
3224
3223
3223
3223
3223
3222
3222
3221
3220
3218
3218
3217
3217
3216
3216
3216
3216
3216
3215
3214
3214
3214
3214
3213
3213
3213
3213
3212
3212
3212
3212
3211
3211
3211
3210
3209
3208
3207
3207
3207
3206
3205
3205
3203
3203
3202
3202
3202
3202
3202
3202
3202
3202
3201
3199
3199
3199
3199
3199
3198
3198
3197
3197
3197
3197
3196
3195
3195
3195
3195
3193
3193
3193
3193
3192
3192
3192
3192
3191
3191
3191
3191
3191
3190
3189
3189
3186
3185
3184
3184
3184
3183
3182
3181
3180
3180
3179
3179
3179
3178
3178
3178
3177
3177
3176
3175
3175
3175
3173
3172
3172
3172
3171
3171
3171
3171
3171
3169
3169
3169
3169
3169
3168
3168
3168
3167
3167
3166
3165
3165
3165
3164
3164
3164
3163
3161
3160
3160
3159
3159
3158
3158
3158
3158
3158
3157
3157
3157
3156
3156
3156
3156
3155
3155
3155
3155
3155
3154
3154
3153
3153
3153
3152
3152
3152
3151
3151
3150
3149
3149
3147
3146
3146
3146
3146
3146
3145
3145
3145
3144
3144
3143
3143
3143
3143
3143
3143
3143
3142
3141
3140
3140
3139
3139
3139
3138
3138
3138
3138
3138
3138
3137
3137
3137
3136
3136
3135
3135
3135
3133
3133
3133
3133
3133
3132
3130
3129
3129
3129
3129
3129
3128
3127
3126
3126
3126
3125
3125
3124
3124
3123
3123
3123
3123
3123
3121
3121
3121
3121
3120
3120
3119
3119
3118
3118
3118
3118
3117
3116
3116
3116
3115
3114
3113
3113
3111
3111
3110
3109
3108
3108
3108
3107
3106
3106
3106
3106
3105
3105
3104
3104
3104
3104
3104
3104
3103
3102
3102
3102
3102
3102
3101
3100
3100
3100
3100
3100
3100
3099
3099
3099
3099
3098
3098
3098
3098
3097
3097
3097
3097
3097
3096
3096
3096
3096
3096
3095
3095
3095
3094
3094
3094
3094
3093
3093
3092
3091
3090
3090
3089
3088
3088
3088
3088
3087
3087
3087
3086
3085
3085
3083
3082
3081
3080
3080
3079
3079
3079
3079
3078
3078
3078
3078
3078
3077
3077
3077
3077
3076
3076
3076
3076
3076
3075
3075
3075
3075
3074
3072
3072
3072
3071
3070
3070
3070
3070
3069
3069
3068
3068
3067
3067
3067
3067
3066
3066
3066
3066
3065
3065
3065
3065
3065
3064
3063
3063
3063
3063
3062
3061
3061
3061
3061
3060
3060
3060
3059
3059
3059
3058
3058
3058
3058
3058
3058
3058
3057
3056
3056
3056
3055
3055
3055
3055
3054
3054
3053
3053
3052
3052
3051
3050
3050
3050
3050
3049
3049
3049
3049
3049
3048
3048
3047
3047
3046
3045
3045
3044
3044
3044
3043
3043
3043
3043
3043
3042
3041
3041
3041
3040
3040
3040
3039
3039
3039
3039
3038
3038
3038
3038
3037
3037
3036
3036
3036
3036
3036
3035
3034
3034
3034
3034
3033
3032
3032
3031
3030
3030
3030
3030
3030
3030
3029
3029
3029
3028
3028
3028
3027
3027
3027
3027
3027
3026
3026
3026
3026
3025
3025
3025
3025
3025
3025
3025
3024
3024
3024
3022
3022
3022
3022
3021
3020
3020
3020
3019
3019
3019
3018
3018
3018
3017
3016
3016
3016
3015
3015
3015
3014
3014
3014
3013
3013
3013
3012
3012
3012
3012
3012
3012
3011
3010
3010
3010
3010
3010
3010
3010
3010
3009
3009
3009
3009
3008
3008
3007
3006
3006
3006
3006
3006
3006
3005
3004
3004
3004
3003
3003
3003
3003
3002
3002
3002
3002
3002
3002
3001
3001
