254822
206633
171080
130323
128100
123847
120190
118935
116553
110738
110326
105397
104233
100357
97073
95641
95375
93058
91456
87262
84148
80733
80645
78872
78786
78619
77279
76693
74764
74743
73696
71905
71867
71575
71214
70769
70731
69034
69010
68756
68006
67799
66474
66380
65765
65139
64569
64364
63839
63211
62960
62426
62408
61741
61564
60713
59377
58166
58085
58061
57803
57752
57496
56458
56240
55277
53757
53269
52020
52014
50827
50228
49769
49022
48687
48395
47539
47282
47219
47016
46962
46410
46373
46358
46253
46145
45966
45630
45593
45581
45341
45217
45168
45063
45001
44490
44462
44323
44216
44134
43955
43791
43673
43443
43396
43351
43305
43098
42868
42746
42622
42618
42604
42500
41817
41731
41384
41105
41064
40781
40766
40697
40492
40014
39567
39372
39352
39297
39293
38936
38923
38884
38838
38621
38559
38492
38445
38230
38058
37955
37787
37782
37478
37383
37339
37242
37145
37115
36606
36569
36295
36111
36108
36065
36053
36045
36039
36001
35977
35974
35763
35708
35583
35504
35503
35451
35432
35342
35152
35045
35040
34935
34906
34610
34243
34222
33975
33931
33883
33640
33633
33627
33561
33424
33407
33313
33192
33136
33046
32961
32849
32736
32714
32687
32663
32578
32559
32506
32492
32445
32418
32329
32268
32244
32064
32048
32002
31952
31926
31794
31739
31737
31729
31700
31613
31385
31273
31082
31058
30938
30900
30896
30876
30871
30762
30726
30695
30525
30162
30053
30040
30032
30020
29989
29853
29827
29788
29741
29736
29384
29356
29307
29305
29297
29294
29275
29205
29182
29151
29066
29048
29004
28977
28933
28894
28887
28851
28790
28784
28774
28713
28678
28591
28567
28439
28414
28402
28394
28392
28378
28291
28258
28255
28157
28156
28093
28036
27976
27959
27924
27891
27881
27814
27791
27706
27693
27660
27641
27625
27593
27534
27525
27489
27409
27345
27334
27241
27208
27191
27170
27161
27149
27139
27107
27086
27077
27067
27008
26992
26919
26888
26835
26797
26766
26716
26670
26659
26631
26625
26599
26562
26471
26464
26343
26339
26273
26222
26043
26031
25928
25873
25850
25839
25791
25762
25625
25611
25600
25585
25535
25529
25455
25348
25306
25192
25176
25095
25060
25026
24971
24957
24883
24882
24857
24837
24834
24815
24797
24699
24670
24644
24631
24630
24630
24556
24539
24503
24502
24486
24485
24459
24408
24402
24321
24182
24118
24109
23994
23985
23955
23941
23922
23896
23846
23841
23770
23552
23518
23479
23398
23394
23377
23364
23266
23264
23253
23240
23220
23205
23194
23163
23077
23067
23057
23049
23047
23024
23008
23008
22956
22947
22886
22802
22782
22757
22755
22690
22682
22665
22661
22608
22572
22566
22561
22523
22499
22462
22436
22427
22422
22383
22330
22325
22303
22241
22202
22197
22174
22100
22078
22062
22025
21975
21927
21843
21744
21704
21681
21674
21659
21658
21628
21620
21604
21545
21537
21501
21450
21433
21413
21394
21377
21334
21259
21241
21218
21209
21148
21140
21113
21096
21085
21038
21030
21010
21004
20997
20980
20910
20886
20842
20810
20805
20772
20757
20726
20707
20673
20672
20650
20629
20627
20626
20611
20563
20556
20554
20545
20541
20537
20528
20527
20519
20498
20485
20472
20436
20427
20418
20405
20386
20377
20366
20323
20303
20248
20246
20245
20233
20200
20196
20185
20155
20130
20127
20126
20118
20110
20088
20086
20050
20023
20005
20004
19994
19921
19910
19909
19902
19870
19846
19843
19840
19833
19788
19772
19740
19713
19711
19709
19709
19707
19706
19706
19695
19694
19674
19653
19641
19620
19588
19569
19565
19552
19508
19504
19503
19493
19492
19488
19481
19450
19447
19424
19416
19374
19370
19368
19355
19343
19338
19327
19307
19278
19273
19270
19226
19217
19190
19163
19157
19150
19123
19087
19062
19028
19016
19005
18993
18986
18983
18974
18967
18956
18940
18918
18912
18908
18891
18844
18839
18783
18744
18743
18740
18715
18695
18692
18685
18671
18664
18655
18619
18614
18600
18596
18498
18460
18414
18392
18376
18337
18332
18325
18309
18300
18277
18235
18185
18157
18122
18109
18083
18068
18063
18059
18043
18042
17999
17985
17979
17978
17970
17959
17941
17941
17932
17925
17923
17907
17888
17884
17844
17828
17821
17811
17798
17797
17794
17780
17749
17749
17745
17735
17726
17717
17716
17716
17715
17641
17633
17630
17626
17621
17613
17598
17585
17571
17569
17561
17553
17553
17512
17511
17483
17483
17461
17460
17421
17406
17387
17383
17380
17377
17336
17324
17289
17288
17275
17246
17244
17230
17222
17207
17180
17154
17154
17151
17105
17095
17084
17077
17041
17036
17018
17006
17004
16996
16985
16973
16972
16964
16961
16961
16952
16941
16941
16938
16927
16920
16918
16913
16912
16876
16858
16855
16850
16834
16816
16805
16796
16794
16777
16766
16744
16741
16738
16725
16724
16723
16721
16713
16690
16674
16667
16667
16665
16665
16658
16652
16649
16648
16647
16636
16630
16607
16590
16578
16568
16557
16549
16506
16503
16491
16489
16480
16467
16463
16456
16452
16435
16429
16417
16415
16413
16402
16393
16381
16376
16368
16356
16356
16328
16317
16297
16294
16270
16257
16250
16248
16245
16234
16230
16220
16219
16215
16212
16195
16190
16127
16126
16094
16065
16059
16050
16025
16007
15992
15987
15981
15978
15964
15949
15945
15929
15919
15918
15903
15899
15888
15870
15869
15846
15837
15835
15831
15823
15817
15801
15794
15784
15762
15752
15699
15692
15688
15668
15648
15644
15637
15633
15624
15623
15606
15605
15591
15581
15570
15565
15564
15554
15551
15549
15539
15538
15538
15532
15524
15523
15501
15500
15489
15479
15469
15439
15437
15416
15403
15383
15361
15352
15348
15325
15308
15294
15287
15283
15283
15262
15252
15227
15225
15201
15199
15170
15169
15161
15150
15133
15129
15119
15109
15102
15101
15099
15097
15092
15078
15069
15068
15067
15060
15052
15052
15048
15048
15038
15016
15002
15001
14985
14969
14962
14960
14954
14951
14937
14934
14925
14898
14898
14885
14883
14878
14871
14869
14862
14855
14845
14822
14821
14787
14771
14762
14759
14754
14754
14735
14715
14712
14712
14706
14701
14700
14697
14685
14679
14653
14640
14630
14622
14620
14612
14612
14586
14583
14580
14574
14553
14547
14544
14544
14535
14533
14528
14522
14509
14505
14500
14474
14452
14440
14411
14406
14402
14398
14397
14392
14386
14375
14362
14357
14350
14338
14334
14331
14316
14313
14312
14293
14287
14281
14279
14278
14264
14263
14250
14245
14236
14235
14216
14214
14212
14208
14186
14180
14179
14172
14170
14169
14164
14155
14154
14153
14148
14136
14108
14093
14084
14064
14052
14051
14046
14043
14039
14032
13999
13992
13988
13978
13956
13948
13927
13926
13924
13919
13908
13894
13889
13889
13872
13848
13833
13829
13827
13824
13804
13790
13785
13784
13783
13779
13751
13749
13739
13706
13700
13699
13673
13665
13655
13643
13628
13620
13609
13596
13596
13592
13587
13584
13583
13579
13571
13570
13569
13557
13556
13555
13555
13550
13545
13542
13540
13538
13535
13530
13528
13517
13507
13494
13490
13469
13466
13463
13459
13453
13448
13419
13418
13408
13407
13404
13400
13392
13391
13385
13385
13379
13362
13361
13348
13344
13344
13344
13344
13334
13332
13322
13312
13307
13298
13296
13295
13290
13280
13278
13255
13251
13249
13244
13244
13240
13237
13224
13212
13197
13195
13190
13183
13175
13172
13169
13150
13138
13136
13122
13112
13095
13094
13079
13078
13076
13065
13065
13058
13057
13041
13038
13037
13031
13031
13030
13025
13025
13014
12996
12986
12986
12977
12961
12954
12951
12948
12939
12931
12930
12913
12909
12908
12903
12891
12885
12879
12878
12875
12856
12851
12851
12849
12847
12841
12824
12823
12815
12815
12813
12806
12806
12804
12797
12790
12790
12789
12772
12757
12754
12750
12741
12736
12732
12718
12718
12718
12715
12714
12694
12688
12673
12669
12668
12666
12664
12664
12662
12655
12655
12652
12641
12636
12613
12600
12598
12594
12581
12580
12571
12565
12564
12562
12561
12546
12518
12516
12513
12510
12507
12500
12496
12494
12483
12472
12463
12461
12454
12446
12442
12440
12440
12433
12433
12429
12427
12421
12421
12419
12416
12411
12408
12407
12404
12393
12381
12379
12370
12364
12349
12348
12345
12341
12340
12332
12299
12282
12279
12278
12275
12274
12263
12248
12241
12234
12230
12223
12221
12221
12220
12211
12210
12196
12188
12185
12168
12166
12166
12153
12147
12144
12139
12130
12128
12120
12120
12102
12100
12087
12082
12081
12058
12049
12041
12033
12033
12021
12019
12017
12005
11994
11979
11971
11965
11961
11954
11949
11948
11934
11932
11931
11930
11930
11919
11917
11917
11903
11896
11895
11886
11884
11880
11867
11861
11851
11849
11840
11830
11828
11819
11809
11794
11782
11778
11749
11742
11737
11736
11734
11724
11720
11719
11713
11704
11704
11704
11703
11697
11691
11687
11685
11672
11670
11668
11667
11666
11661
11661
11660
11659
11657
11656
11654
11644
11643
11640
11636
11635
11632
11632
11625
11624
11616
11615
11614
11612
11609
11602
11586
11572
11571
11570
11565
11564
11554
11554
11553
11539
11537
11535
11533
11526
11524
11523
11518
11514
11505
11502
11491
11482
11475
11475
11473
11466
11463
11459
11455
11451
11446
11445
11439
11439
11437
11437
11434
11433
11433
11431
11426
11420
11419
11405
11401
11399
11399
11390
11390
11367
11360
11359
11358
11354
11353
11350
11350
11348
11342
11341
11339
11338
11337
11336
11329
11327
11317
11316
11315
11306
11301
11301
11300
11299
11296
11282
11282
11280
11279
11277
11277
11276
11275
11274
11259
11257
11257
11257
11253
11248
11244
11243
11238
11227
11225
11224
11217
11213
11209
11200
11194
11183
11174
11174
11171
11170
11162
11156
11148
11141
11140
11128
11127
11124
11123
11110
11102
11101
11100
11099
11097
11095
11093
11092
11090
11089
11088
11081
11080
11061
11057
11055
11055
11049
11044
11043
11040
11040
11037
11036
11030
11023
11022
11015
11009
11008
11007
11004
11003
11001
10999
10999
10995
10993
10993
10968
10964
10963
10947
10947
10942
10941
10940
10934
10933
10913
10906
10894
10891
10882
10881
10880
10867
10865
10859
10853
10853
10850
10849
10848
10848
10844
10843
10829
10818
10817
10815
10808
10803
10783
10781
10777
10777
10773
10770
10766
10764
10762
10758
10751
10749
10747
10745
10745
10744
10739
10728
10726
10725
10724
10721
10715
10711
10698
10691
10685
10684
10684
10681
10677
10677
10676
10673
10666
10662
10660
10660
10656
10647
10643
10639
10636
10636
10635
10612
10606
10594
10591
10588
10584
10583
10578
10575
10574
10570
10570
10565
10561
10558
10558
10551
10546
10542
10542
10540
10532
10530
10525
10520
10515
10514
10511
10502
10495
10493
10492
10492
10489
10482
10482
10480
10472
10471
10470
10459
10458
10454
10453
10451
10442
10431
10426
10425
10425
10419
10415
10413
10399
10395
10383
10376
10374
10363
10361
10355
10351
10351
10349
10344
10343
10337
10334
10331
10330
10326
10325
10323
10320
10311
10311
10308
10300
10294
10293
10283
10282
10281
10272
10263
10260
10259
10253
10251
10249
10244
10243
10239
10235
10233
10230
10226
10226
10210
10193
10193
10186
10176
10172
10160
10157
10157
10145
10143
10140
10135
10134
10122
10120
10113
10102
10097
10097
10095
10093
10088
10079
10068
10065
10064
10062
10059
10059
10047
10041
10041
10041
10038
10037
10036
10034
10025
10020
10015
10012
10009
10002
9996
9993
9992
9989
9987
9986
9981
9979
9972
9966
9966
9957
9953
9946
9945
9943
9941
9940
9937
9937
9933
9931
9929
9920
9918
9913
9912
9911
9908
9904
9903
9902
9898
9892
9892
9887
9884
9884
9883
9882
9877
9875
9871
9868
9863
9861
9855
9855
9852
9845
9844
9844
9843
9840
9838
9835
9828
9826
9821
9819
9813
9812
9802
9801
9797
9794
9791
9790
9786
9783
9779
9769
9763
9763
9760
9760
9760
9759
9756
9755
9754
9750
9745
9730
9729
9724
9723
9722
9721
9720
9719
9718
9718
9717
9712
9711
9705
9700
9700
9696
9695
9694
9689
9685
9678
9670
9666
9662
9659
9658
9657
9657
9656
9655
9650
9646
9644
9641
9641
9640
9639
9636
9635
9634
9631
9631
9630
9630
9626
9626
9622
9620
9615
9614
9606
9605
9601
9600
9598
9596
9595
9591
9590
9589
9588
9581
9580
9577
9576
9575
9570
9570
9563
9562
9562
9561
9560
9560
9557
9555
9553
9546
9533
9533
9532
9532
9529
9524
9523
9521
9516
9516
9511
9502
9502
9500
9498
9490
9487
9486
9483
9481
9477
9476
9475
9473
9466
9459
9459
9457
9455
9453
9451
9449
9448
9447
9447
9446
9446
9445
9444
9444
9439
9438
9438
9437
9434
9433
9432
9428
9423
9421
9419
9413
9407
9404
9401
9397
9394
9393
9393
9387
9384
9376
9373
9371
9369
9363
9361
9356
9352
9351
9351
9351
9346
9345
9343
9342
9338
9338
9337
9337
9337
9336
9335
9331
9331
9325
9325
9324
9323
9321
9317
9314
9313
9311
9306
9306
9303
9299
9297
9294
9293
9289
9288
9287
9286
9285
9283
9282
9279
9275
9274
9273
9267
9265
9263
9260
9257
9255
9251
9248
9248
9234
9231
9229
9227
9225
9216
9207
9207
9196
9190
9189
9189
9187
9185
9183
9183
9179
9173
9170
9170
9166
9159
9157
9157
9149
9141
9137
9133
9132
9126
9122
9122
9120
9118
9115
9114
9112
9109
9106
9105
9099
9094
9092
9090
9086
9083
9076
9074
9071
9071
9068
9064
9064
9064
9059
9057
9056
9055
9052
9050
9049
9049
9041
9039
9037
9034
9032
9016
9002
8997
8992
8991
8985
8972
8962
8960
8952
8951
8949
8946
8943
8941
8940
8937
8937
8935
8935
8934
8933
8930
8929
8928
8927
8926
8924
8923
8923
8923
8917
8913
8913
8911
8909
8905
8905
8901
8900
8898
8897
8895
8894
8889
8888
8887
8886
8884
8883
8881
8879
8879
8874
8872
8864
8862
8862
8858
8857
8856
8853
8851
8845
8844
8842
8840
8836
8835
8834
8833
8831
8824
8823
8822
8820
8819
8817
8816
8815
8809
8807
8806
8805
8803
8800
8791
8790
8787
8785
8784
8781
8780
8779
8778
8777
8772
8772
8772
8770
8769
8767
8765
8762
8759
8758
8756
8755
8754
8752
8750
8746
8745
8742
8739
8739
8738
8737
8731
8730
8726
8726
8726
8721
8721
8720
8720
8718
8709
8709
8706
8703
8698
8692
8691
8691
8685
8680
8680
8674
8671
8670
8665
8657
8655
8655
8650
8649
8646
8646
8642
8642
8639
8639
8638
8632
8632
8632
8626
8620
8619
8618
8614
8612
8611
8608
8608
8608
8604
8602
8600
8600
8600
8599
8597
8594
8587
8584
8583
8578
8576
8576
8575
8567
8558
8558
8558
8557
8555
8553
8548
8545
8545
8543
8542
8541
8540
8539
8535
8534
8534
8534
8532
8529
8529
8525
8520
8520
8517
8508
8506
8506
8502
8499
8498
8498
8497
8491
8488
8487
8480
8478
8478
8477
8476
8473
8469
8467
8466
8465
8464
8462
8461
8458
8458
8453
8453
8452
8451
8450
8447
8447
8445
8444
8440
8439
8438
8437
8436
8436
8435
8434
8432
8426
8423
8422
8422
8415
8412
8410
8405
8397
8389
8388
8385
8384
8384
8382
8382
8379
8371
8370
8370
8369
8369
8366
8365
8365
8361
8360
8350
8350
8348
8345
8345
8343
8342
8342
8341
8341
8340
8339
8337
8335
8335
8333
8333
8331
8331
8330
8329
8328
8323
8323
8322
8320
8319
8315
8314
8307
8306
8305
8303
8302
8299
8299
8299
8297
8296
8292
8285
8285
8269
8268
8267
8264
8263
8262
8256
8253
8249
8248
8241
8240
8239
8235
8231
8229
8226
8224
8222
8222
8219
8219
8217
8215
8212
8208
8206
8206
8203
8202
8202
8200
8199
8198
8197
8196
8196
8190
8188
8185
8181
8179
8178
8178
8175
8171
8171
8170
8169
8168
8168
8162
8155
8152
8146
8141
8139
8138
8138
8137
8136
8135
8135
8131
8129
8128
8126
8125
8124
8124
8122
8122
8119
8116
8115
8114
8110
8108
8108
8107
8107
8106
8104
8098
8095
8095
8095
8094
8091
8090
8088
8088
8087
8085
8082
8080
8079
8078
8077
8077
8077
8072
8071
8070
8066
8063
8059
8058
8042
8040
8039
8038
8038
8036
8035
8033
8031
8022
8021
8017
8008
8006
8002
7999
7995
7994
7993
7985
7984
7981
7981
7980
7978
7977
7974
7972
7969
7967
7966
7966
7964
7964
7958
7951
7950
7949
7948
7948
7944
7940
7938
7934
7933
7932
7932
7930
7928
7926
7926
7925
7924
7922
7921
7919
7917
7914
7911
7910
7909
7907
7905
7905
7904
7903
7902
7901
7897
7897
7896
7892
7892
7891
7890
7889
7887
7882
7881
7881
7880
7876
7874
7872
7869
7868
7866
7865
7864
7863
7862
7859
7858
7856
7852
7850
7848
7847
7847
7846
7845
7845
7840
7840
7837
7833
7831
7830
7829
7827
7826
7821
7817
7817
7815
7814
7814
7805
7804
7802
7801
7800
7798
7792
7791
7791
7787
7780
7779
7777
7776
7775
7775
7773
7770
7768
7767
7762
7759
7759
7755
7753
7751
7751
7750
7748
7748
7744
7742
7736
7735
7728
7726
7725
7721
7717
7717
7715
7713
7713
7712
7710
7709
7706
7704
7703
7702
7701
7699
7696
7695
7688
7685
7685
7684
7682
7681
7679
7675
7675
7674
7673
7671
7669
7669
7668
7668
7666
7662
7662
7661
7659
7655
7651
7646
7645
7643
7642
7637
7637
7633
7633
7632
7631
7629
7626
7625
7619
7609
7609
7608
7605
7605
7602
7600
7597
7596
7596
7593
7591
7589
7589
7588
7588
7585
7584
7582
7581
7575
7572
7572
7571
7570
7569
7562
7560
7559
7559
7550
7535
7535
7534
7528
7527
7527
7525
7524
7523
7520
7519
7517
7514
7509
7506
7504
7502
7502
7500
7498
7496
7491
7490
7481
7479
7476
7474
7473
7472
7471
7471
7471
7470
7470
7466
7463
7460
7460
7459
7458
7454
7454
7453
7452
7452
7450
7450
7449
7447
7446
7439
7436
7435
7433
7426
7425
7425
7423
7422
7417
7407
7406
7404
7404
7401
7400
7400
7398
7398
7396
7393
7392
7386
7385
7385
7382
7381
7378
7377
7376
7374
7374
7373
7372
7372
7370
7369
7368
7362
7361
7360
7360
7360
7359
7358
7353
7350
7350
7346
7345
7345
7344
7337
7336
7335
7334
7333
7331
7329
7328
7327
7327
7326
7325
7323
7323
7320
7318
7318
7318
7317
7313
7308
7306
7305
7304
7303
7299
7299
7298
7295
7295
7289
7289
7288
7286
7284
7284
7280
7279
7276
7274
7273
7269
7269
7268
7267
7267
7261
7260
7260
7257
7256
7255
7250
7249
7246
7246
7245
7244
7241
7238
7230
7226
7226
7221
7221
7220
7219
7217
7215
7214
7210
7210
7210
7209
7207
7207
7206
7204
7203
7199
7198
7197
7197
7195
7194
7192
7192
7190
7189
7188
7188
7188
7184
7183
7182
7179
7175
7172
7167
7163
7159
7154
7154
7153
7148
7148
7147
7144
7142
7139
7139
7137
7136
7136
7134
7133
7130
7130
7129
7129
7126
7123
7122
7121
7119
7118
7117
7115
7115
7114
7114
7114
7113
7113
7112
7112
7110
7110
7109
7109
7108
7107
7105
7105
7103
7101
7099
7097
7092
7092
7091
7091
7091
7089
7087
7085
7081
7079
7079
7076
7076
7072
7070
7066
7064
7064
7063
7062
7060
7059
7059
7058
7057
7056
7056
7055
7054
7053
7053
7052
7052
7051
7050
7046
7046
7045
7045
7042
7041
7040
7033
7032
7032
7031
7029
7029
7027
7023
7021
7021
7020
7020
7016
7014
7013
7012
7008
7005
7005
7003
7001
7000
6999
6999
6996
6990
6989
6989
6989
6987
6987
6986
6982
6981
6975
6971
6970
6970
6969
6968
6968
6968
6966
6965
6964
6964
6964
6963
6963
6960
6958
6955
6955
6954
6954
6953
6952
6952
6950
6950
6949
6948
6945
6942
6942
6941
6938
6938
6937
6937
6936
6935
6935
6933
6932
6927
6927
6926
6923
6921
6917
6915
6914
6914
6913
6911
6911
6909
6907
6907
6902
6902
6898
6898
6894
6892
6891
6888
6887
6883
6881
6881
6881
6881
6880
6880
6876
6876
6873
6870
6869
6868
6868
6866
6866
6863
6858
6856
6856
6856
6856
6852
6849
6849
6849
6847
6846
6844
6842
6837
6836
6835
6834
6834
6834
6833
6832
6832
6829
6829
6827
6826
6826
6825
6823
6822
6820
6819
6818
6818
6817
6817
6815
6813
6812
6811
6810
6808
6808
6807
6807
6805
6804
6802
6801
6799
6798
6797
6795
6791
6790
6790
6790
6790
6782
6782
6781
6780
6778
6776
6773
6773
6772
6772
6770
6767
6766
6766
6765
6765
6764
6760
6759
6756
6755
6753
6750
6748
6747
6745
6741
6736
6735
6731
6730
6730
6727
6726
6725
6724
6724
6723
6719
6717
6717
6716
6715
6715
6713
6708
6707
6707
6707
6707
6705
6704
6704
6701
6700
6699
6696
6694
6692
6691
6689
6688
6686
6685
6682
6677
6676
6676
6675
6669
6668
6667
6665
6664
6661
6660
6658
6657
6656
6652
6650
6649
6649
6647
6647
6644
6644
6643
6642
6641
6641
6637
6636
6634
6634
6629
6628
6627
6627
6627
6626
6623
6622
6622
6621
6621
6620
6615
6614
6613
6612
6607
6607
6604
6602
6600
6599
6598
6597
6596
6592
6592
6591
6591
6590
6589
6587
6586
6586
6585
6584
6580
6580
6580
6572
6572
6568
6566
6566
6566
6565
6564
6560
6559
6558
6557
6555
6554
6553
6552
6552
6552
6552
6552
6550
6549
6545
6545
6542
6540
6539
6536
6535
6534
6533
6532
6529
6529
6526
6526
6524
6523
6522
6520
6518
6518
6514
6513
6512
6511
6511
6510
6510
6508
6508
6507
6506
6505
6503
6503
6502
6502
6502
6500
6500
6499
6497
6496
6496
6496
6496
6495
6494
6493
6492
6492
6491
6490
6490
6490
6490
6489
6489
6488
6488
6488
6487
6487
6487
6487
6486
6481
6478
6478
6478
6478
6477
6474
6474
6472
6471
6471
6470
6470
6470
6469
6466
6461
6460
6459
6459
6458
6457
6457
6456
6455
6455
6455
6452
6452
6452
6452
6450
6447
6446
6446
6444
6442
6441
6441
6440
6437
6437
6434
6434
6432
6431
6430
6429
6428
6426
6424
6421
6419
6419
6418
6418
6416
6416
6415
6411
6411
6411
6410
6408
6407
6405
6405
6402
6401
6400
6399
6399
6398
6396
6396
6393
6392
6391
6391
6391
6390
6389
6387
6386
6384
6384
6382
6382
6381
6378
6374
6373
6372
6369
6369
6369
6368
6368
6368
6368
6367
6366
6365
6365
6364
6364
6363
6363
6363
6362
6361
6359
6359
6357
6355
6355
6354
6354
6354
6353
6353
6351
6349
6348
6347
6347
6346
6346
6343
6342
6340
6335
6333
6333
6331
6330
6328
6326
6325
6324
6324
6323
6322
6321
6321
6320
6320
6319
6318
6316
6316
6316
6315
6315
6315
6314
6313
6311
6310
6309
6308
6305
6305
6304
6304
6304
6304
6302
6301
6298
6298
6296
6295
6294
6294
6293
6291
6290
6288
6288
6287
6287
6281
6279
6279
6279
6278
6276
6275
6275
6273
6273
6270
6269
6268
6267
6266
6265
6264
6264
6262
6261
6258
6258
6257
6256
6255
6253
6252
6251
6250
6248
6247
6247
6247
6246
6243
6239
6238
6236
6236
6235
6235
6235
6234
6234
6233
6233
6232
6230
6226
6225
6225
6225
6224
6224
6222
6222
6221
6221
6220
6220
6219
6219
6218
6218
6218
6217
6216
6215
6214
6214
6211
6211
6210
6209
6208
6206
6206
6205
6205
6204
6203
6203
6203
6201
6200
6200
6199
6198
6197
6197
6195
6190
6187
6187
6186
6185
6185
6183
6183
6182
6182
6181
6180
6180
6179
6178
6178
6175
6174
6172
6172
6170
6168
6167
6166
6166
6165
6164
6164
6162
6162
6159
6158
6156
6156
6155
6154
6154
6153
6151
6150
6147
6146
6146
6146
6145
6143
6143
6142
6141
6141
6139
6138
6138
6138
6137
6137
6135
6133
6130
6128
6125
6124
6124
6121
6120
6120
6120
6119
6115
6114
6112
6104
6103
6103
6103
6102
6101
6101
6100
6100
6099
6097
6097
6096
6096
6095
6093
6093
6092
6091
6090
6087
6087
6086
6086
6086
6085
6084
6083
6082
6081
6080
6079
6075
6072
6065
6065
6064
6062
6062
6061
6058
6058
6057
6055
6054
6054
6053
6053
6051
6051
6050
6049
6049
6049
6048
6047
6047
6045
6045
6043
6042
6041
6039
6039
6036
6036
6035
6035
6034
6033
6033
6029
6027
6023
6017
6017
6015
6014
6014
6014
6012
6010
6010
6009
6009
6009
6006
6002
6002
5998
5995
5995
5993
5991
5990
5989
5987
5986
5985
5984
5984
5984
5983
5982
5981
5980
5980
5980
5980
5979
5979
5979
5978
5976
5975
5973
5970
5968
5968
5967
5965
5965
5964
5964
5964
5963
5962
5961
5961
5959
5959
5958
5957
5956
5955
5955
5955
5951
5948
5948
5945
5945
5945
5944
5944
5944
5940
5939
5939
5939
5938
5937
5935
5933
5930
5929
5928
5927
5925
5925
5924
5924
5924
5923
5923
5922
5922
5919
5919
5918
5917
5917
5915
5915
5915
5914
5914
5913
5913
5912
5912
5910
5909
5908
5908
5908
5905
5905
5902
5899
5898
5897
5896
5894
5893
5891
5890
5889
5889
5888
5888
5886
5885
5885
5885
5883
5883
5882
5882
5881
5881
5881
5880
5879
5877
5877
5877
5876
5876
5873
5873
5871
5870
5870
5870
5869
5869
5868
5866
5866
5864
5863
5863
5862
5861
5861
5860
5859
5858
5858
5857
5855
5853
5852
5852
5851
5851
5850
5846
5845
5843
5842
5841
5841
5841
5840
5839
5839
5839
5837
5837
5834
5834
5833
5832
5831
5830
5830
5829
5828
5827
5826
5826
5820
5819
5818
5818
5818
5817
5816
5815
5815
5814
5811
5811
5811
5810
5810
5807
5805
5805
5805
5804
5802
5799
5799
5798
5798
5798
5798
5795
5795
5794
5793
5790
5789
5788
5787
5784
5784
5783
5781
5781
5780
5777
5775
5774
5774
5774
5773
5773
5772
5770
5768
5765
5763
5763
5762
5762
5761
5760
5760
5760
5759
5757
5755
5754
5754
5754
5754
5753
5753
5753
5753
5750
5749
5748
5747
5746
5745
5740
5739
5738
5735
5734
5733
5732
5731
5730
5729
5727
5726
5726
5725
5725
5722
5722
5721
5721
5721
5721
5720
5720
5720
5720
5719
5718
5718
5717
5716
5715
5715
5709
5709
5707
5705
5705
5704
5704
5704
5704
5703
5701
5701
5700
5698
5698
5697
5693
5692
5692
5690
5690
5688
5685
5682
5681
5680
5679
5679
5678
5678
5676
5674
5674
5673
5673
5672
5671
5671
5671
5670
5669
5668
5667
5666
5665
5664
5661
5660
5660
5659
5658
5657
5657
5653
5651
5645
5644
5644
5643
5643
5643
5643
5642
5642
5641
5641
5638
5638
5637
5636
5635
5635
5635
5635
5634
5633
5633
5632
5632
5630
5629
5628
5627
5627
5625
5624
5624
5622
5622
5622
5621
5621
5620
5619
5619
5619
5615
5615
5613
5611
5611
5609
5608
5607
5604
5603
5602
5600
5599
5596
5595
5594
5594
5592
5591
5591
5591
5588
5588
5587
5587
5587
5585
5583
5582
5581
5580
5579
5578
5577
5577
5577
5575
5574
5573
5573
5573
5572
5572
5571
5571
5569
5567
5565
5564
5564
5563
5562
5562
5562
5562
5559
5559
5558
5558
5555
5555
5554
5554
5553
5553
5553
5552
5552
5551
5550
5549
5548
5548
5546
5545
5544
5544
5544
5543
5543
5542
5542
5540
5539
5539
5538
5538
5537
5536
5536
5536
5534
5530
5530
5528
5526
5525
5525
5525
5524
5524
5522
5522
5522
5520
5520
5520
5517
5516
5515
5514
5513
5513
5512
5512
5511
5511
5509
5509
5508
5508
5507
5506
5506
5504
5504
5503
5502
5500
5498
5497
5496
5496
5493
5493
5493
5492
5492
5490
5490
5490
5489
5489
5486
5485
5484
5484
5484
5481
5481
5481
5481
5480
5480
5479
5476
5474
5473
5472
5470
5470
5468
5467
5467
5467
5464
5463
5462
5461
5459
5455
5455
5454
5453
5452
5452
5452
5451
5450
5450
5449
5447
5447
5446
5445
5444
5444
5444
5444
5443
5443
5442
5442
5440
5437
5437
5437
5436
5436
5436
5435
5435
5433
5432
5430
5428
5428
5427
5425
5425
5424
5423
5423
5422
5421
5420
5420
5419
5419
5418
5417
5417
5415
5413
5410
5407
5405
5405
5402
5399
5398
5397
5396
5395
5395
5394
5394
5393
5392
5391
5390
5390
5388
5388
5387
5387
5387
5386
5385
5385
5385
5382
5382
5382
5381
5378
5376
5376
5376
5373
5372
5372
5370
5370
5370
5370
5369
5367
5365
5365
5364
5364
5364
5362
5362
5361
5358
5358
5357
5357
5357
5357
5356
5355
5355
5355
5353
5352
5350
5350
5350
5350
5348
5348
5347
5346
5346
5346
5345
5344
5344
5344
5344
5343
5343
5343
5342
5341
5341
5339
5339
5338
5338
5338
5338
5336
5335
5335
5334
5334
5334
5333
5333
5332
5329
5329
5327
5327
5326
5324
5324
5324
5323
5322
5322
5322
5321
5321
5321
5321
5320
5320
5319
5318
5315
5315
5315
5315
5314
5313
5312
5310
5308
5307
5307
5307
5306
5306
5301
5301
5301
5300
5300
5299
5298
5297
5297
5296
5295
5295
5292
5292
5290
5290
5290
5289
5288
5288
5287
5286
5286
5286
5286
5286
5285
5284
5283
5283
5283
5282
5280
5280
5279
5279
5278
5278
5278
5277
5276
5276
5275
5274
5274
5272
5271
5271
5270
5269
5269
5266
5266
5265
5265
5263
5261
5260
5259
5259
5258
5258
5257
5254
5254
5254
5253
5252
5252
5251
5251
5251
5249
5246
5246
5246
5246
5245
5244
5244
5243
5243
5242
5241
5241
5241
5239
5239
5238
5237
5237
5234
5234
5233
5232
5231
5230
5230
5228
5228
5226
5224
5224
5224
5223
5221
5221
5221
5221
5220
5220
5218
5217
5217
5217
5217
5217
5217
5216
5213
5212
5212
5212
5211
5211
5211
5210
5210
5210
5209
5208
5208
5208
5207
5207
5206
5206
5206
5206
5206
5204
5203
5203
5202
5201
5201
5201
5200
5199
5199
5198
5196
5194
5193
5192
5189
5188
5185
5185
5185
5184
5183
5183
5182
5181
5179
5178
5177
5177
5176
5176
5175
5174
5174
5173
5173
5173
5172
5172
5172
5171
5169
5167
5166
5164
5163
5163
5162
5161
5161
5159
5156
5156
5155
5155
5154
5154
5153
5153
5152
5152
5150
5150
5150
5149
5149
5149
5145
5145
5143
5143
5142
5141
5140
5140
5139
5139
5139
5136
5136
5132
5132
5131
5129
5127
5127
5126
5123
5123
5123
5121
5120
5118
5117
5116
5115
5114
5114
5114
5114
5114
5113
5113
5112
5112
5111
5111
5111
5110
5110
5108
5108
5107
5106
5106
5106
5106
5105
5103
5102
5102
5101
5101
5098
5098
5098
5097
5096
5096
5096
5094
5094
5094
5094
5092
5092
5091
5087
5087
5087
5087
5087
5086
5086
5085
5084
5083
5083
5081
5081
5081
5080
5080
5079
5079
5078
5076
5076
5074
5074
5073
5073
5072
5072
5071
5070
5069
5068
5068
5067
5065
5064
5063
5062
5062
5061
5060
5060
5059
5058
5055
5055
5054
5053
5051
5051
5047
5046
5045
5045
5045
5044
5044
5044
5044
5043
5043
5041
5041
5041
5041
5040
5040
5040
5039
5038
5038
5038
5037
5037
5036
5036
5036
5035
5035
5034
5033
5032
5032
5032
5032
5031
5031
5030
5030
5030
5030
5028
5028
5027
5025
5024
5024
5023
5022
5022
5022
5022
5022
5021
5021
5020
5020
5020
5018
5018
5017
5017
5017
5016
5016
5014
5012
5012
5011
5011
5011
5008
5008
5007
5005
5005
5004
5004
5003
5003
5002
5002
5001
5001
5001
5001
4997
4997
4997
4996
4995
4995
4994
4992
4989
4988
4987
4987
4987
4984
4981
4981
4981
4980
4979
4979
4979
4978
4978
4977
4977
4974
4974
4974
4973
4973
4971
4971
4970
4970
4969
4969
4967
4966
4966
4965
4964
4962
4962
4962
4961
4961
4961
4960
4960
4959
4959
4957
4956
4955
4955
4954
4954
4954
4953
4953
4952
4950
4950
4949
4949
4949
4948
4947
4947
4947
4946
4945
4945
4944
4944
4942
4942
4942
4941
4940
4940
4939
4938
4938
4936
4936
4935
4935
4933
4932
4931
4930
4928
4928
4928
4928
4927
4927
4925
4925
4924
4924
4924
4923
4923
4922
4921
4918
4917
4915
4915
4915
4915
4914
4913
4913
4912
4911
4908
4907
4907
4907
4907
4905
4904
4904
4903
4902
4901
4901
4901
4900
4900
4898
4897
4894
4894
4894
4893
4892
4891
4890
4889
4888
4888
4888
4886
4886
4885
4884
4884
4882
4881
4881
4880
4879
4877
4876
4875
4875
4875
4875
4874
4874
4873
4873
4872
4872
4871
4870
4870
4867
4865
4864
4863
4861
4861
4861
4859
4858
4858
4857
4856
4855
4855
4854
4854
4854
4853
4853
4853
4852
4851
4851
4850
4850
4850
4846
4846
4846
4846
4844
4844
4843
4842
4842
4842
4841
4841
4841
4840
4839
4839
4839
4836
4833
4833
4833
4832
4829
4829
4829
4828
4828
4827
4827
4827
4825
4825
4824
4824
4823
4823
4820
4819
4819
4818
4817
4816
4816
4814
4814
4814
4814
4814
4812
4812
4812
4812
4811
4810
4810
4809
4808
4808
4808
4808
4808
4808
4807
4806
4806
4806
4806
4805
4804
4803
4803
4803
4802
4801
4801
4800
4797
4795
4795
4795
4793
4793
4793
4792
4792
4792
4791
4790
4789
4789
4789
4788
4788
4787
4787
4786
4786
4785
4785
4785
4784
4782
4782
4782
4781
4781
4781
4781
4781
4781
4780
4779
4778
4778
4778
4778
4778
4778
4777
4775
4775
4774
4774
4773
4772
4772
4771
4770
4769
4769
4769
4769
4768
4767
4767
4767
4766
4765
4764
4762
4760
4759
4759
4757
4756
4756
4755
4754
4754
4754
4753
4753
4752
4751
4750
4749
4748
4748
4748
4745
4745
4744
4743
4743
4742
4742
4741
4741
4741
4741
4741
4740
4739
4739
4739
4738
4738
4735
4735
4734
4733
4733
4733
4732
4732
4731
4730
4729
4729
4727
4727
4726
4725
4725
4724
4724
4724
4724
4724
4724
4724
4724
4724
4723
4723
4723
4723
4722
4722
4721
4721
4721
4721
4721
4720
4720
4719
4719
4719
4719
4717
4716
4716
4716
4715
4715
4714
4713
4712
4711
4711
4711
4710
4710
4710
4710
4709
4709
4709
4708
4707
4707
4706
4706
4705
4703
4703
4703
4703
4703
4701
4701
4700
4700
4700
4700
4699
4699
4698
4697
4697
4696
4696
4696
4695
4695
4695
4694
4694
4689
4689
4688
4686
4686
4686
4685
4685
4685
4684
4684
4683
4683
4683
4681
4723
4681
4680
4680
4679
4679
4678
4678
4677
4677
4677
4673
4672
4671
4671
4671
4670
4670
4670
4669
4669
4668
4668
4667
4667
4666
4663
4663
4662
4662
4661
4661
4661
4661
4661
4661
4660
4660
4658
4658
4658
4657
4657
4657
4656
4655
4653
4652
4652
4652
4651
4651
4650
4649
4649
4648
4647
4646
4645
4645
4645
4645
4645
4644
4644
4644
4643
4643
4642
4640
4640
4640
4639
4639
4638
4637
4637
4636
4636
4635
4635
4634
4632
4631
4630
4630
4629
4629
4629
4629
4629
4629
4628
4627
4626
4626
4626
4625
4625
4625
4625
4624
4624
4623
4623
4623
4622
4621
4621
4620
4620
4618
4615
4615
4615
4614
4613
4613
4613
4612
4612
4611
4611
4609
4608
4607
4606
4606
4605
4605
4605
4605
4605
4604
4604
4603
4603
4602
4601
4601
4601
4600
4600
4600
4599
4597
4597
4596
4595
4595
4595
4594
4594
4593
4592
4592
4592
4591
4591
4589
4589
4589
4589
4588
4588
4587
4586
4586
4585
4585
4584
4584
4584
4583
4583
4581
4581
4579
4579
4578
4578
4577
4577
4575
4575
4574
4574
4573
4572
4572
4572
4570
4569
4568
4568
4567
4566
4566
4565
4565
4565
4564
4564
4562
4561
4561
4560
4560
4559
4559
4558
4557
4557
4557
4557
4556
4556
4555
4555
4554
4554
4553
4553
4553
4553
4552
4551
4551
4551
4550
4550
4550
4549
4549
4548
4547
4547
4545
4545
4545
4544
4544
4544
4543
4542
4542
4540
4540
4540
4539
4539
4539
4538
4538
4536
4535
4535
4534
4533
4532
4530
4530
4530
4530
4529
4529
4529
4529
4527
4526
4525
4524
4523
4523
4522
4521
4521
4520
4520
4519
4518
4518
4518
4517
4516
4515
4515
4515
4515
4514
4513
4513
4512
4511
4510
4510
4509
4509
4509
4509
4508
4507
4506
4506
4506
4506
4505
4504
4503
4502
4502
4501
4500
4500
4499
4499
4499
4498
4498
4498
4497
4497
4497
4496
4496
4496
4495
4494
4494
4494
4494
4494
4493
4492
4492
4492
4491
4490
4489
4489
4488
4488
4488
4487
4487
4486
4484
4482
4481
4481
4481
4480
4480
4479
4479
4479
4479
4478
4478
4477
4477
4477
4477
4477
4475
4475
4474
4473
4473
4472
4472
4471
4471
4470
4470
4470
4470
4469
4469
4469
4468
4467
4467
4467
4467
4466
4466
4466
4465
4465
4462
4462
4462
4462
4461
4461
4460
4460
4460
4459
4458
4458
4457
4457
4457
4456
4456
4455
4455
4455
4454
4454
4454
4451
4451
4451
4451
4450
4450
4448
4447
4447
4446
4446
4444
4444
4444
4442
4440
4440
4440
4440
4440
4440
4438
4437
4436
4436
4435
4435
4434
4434
4434
4434
4433
4433
4431
4429
4429
4429
4429
4429
4429
4428
4428
4426
4426
4425
4424
4423
4423
4423
4422
4422
4421
4421
4420
4419
4418
4418
4417
4416
4414
4414
4414
4414
4413
4413
4410
4410
4410
4409
4408
4404
4404
4403
4403
4400
4400
4400
4400
4397
4397
4397
4396
4396
4396
4396
4395
4394
4394
4394
4394
4393
4393
4393
4392
4391
4391
4391
4390
4390
4389
4389
4388
4387
4387
4386
4386
4386
4386
4385
4384
4383
4383
4383
4382
4382
4381
4381
4380
4379
4379
4379
4377
4377
4376
4376
4375
4375
4374
4373
4373
4373
4372
4372
4372
4372
4371
4370
4370
4370
4370
4368
4368
4367
4367
4367
4365
4365
4365
4364
4364
4364
4363
4361
4359
4359
4358
4358
4356
4354
4354
4353
4353
4351
4351
4351
4351
4350
4350
4349
4348
4347
4345
4345
4344
4344
4343
4343
4343
4341
4341
4340
4340
4340
4339
4339
4337
4336
4335
4333
4333
4332
4332
4332
4332
4331
4331
4330
4329
4329
4329
4327
4325
4325
4325
4324
4323
4321
4320
4320
4319
4317
4316
4316
4316
4315
4313
4313
4313
4313
4313
4312
4311
4311
4311
4311
4310
4310
4309
4309
4307
4307
4306
4306
4306
4306
4303
4302
4301
4301
4301
4301
4301
4299
4299
4299
4298
4298
4298
4298
4297
4297
4297
4297
4297
4296
4296
4295
4295
4294
4294
4294
4294
4293
4292
4292
4292
4292
4290
4290
4289
4289
4289
4289
4289
4288
4288
4288
4287
4284
4284
4284
4284
4284
4283
4282
4281
4281
4280
4280
4280
4279
4278
4276
4276
4275
4272
4272
4271
4271
4270
4269
4269
4268
4268
4267
4266
4266
4266
4265
4265
4265
4264
4264
4264
4264
4263
4262
4262
4262
4262
4261
4261
4261
4261
4260
4260
4260
4259
4259
4258
4258
4257
4257
4256
4256
4256
4254
4254
4253
4253
4252
4251
4249
4249
4248
4248
4248
4245
4244
4244
4244
4243
4243
4242
4242
4241
4241
4241
4240
4240
4239
4239
4239
4238
4238
4237
4237
4237
4237
4237
4236
4235
4235
4234
4233
4233
4233
4232
4232
4231
4231
4231
4230
4230
4229
4229
4228
4228
4227
4226
4226
4225
4225
4224
4223
4223
4223
4222
4222
4222
4222
4221
4221
4221
4221
4220
4220
4220
4219
4218
4218
4218
4218
4217
4216
4216
4215
4214
4214
4214
4213
4213
4212
4209
4209
4209
4208
4208
4207
4207
4207
4206
4206
4206
4206
4205
4204
4204
4203
4203
4203
4203
4202
4202
4201
4200
4200
4200
4199
4199
4199
4197
4197
4197
4195
4195
4195
4194
4193
4193
4192
4191
4191
4190
4190
4190
4190
4189
4189
4188
4188
4187
4187
4186
4185
4185
4185
4184
4183
4183
4183
4183
4182
4182
4181
4181
4181
4180
4180
4180
4179
4178
4178
4178
4177
4177
4177
4177
4177
4175
4175
4174
4174
4173
4173
4173
4170
4170
4169
4169
4169
4169
4168
4167
4167
4166
4166
4166
4166
4165
4165
4165
4164
4163
4163
4163
4162
4162
4162
4160
4160
4158
4158
4158
4158
4157
4156
4155
4153
4151
4150
4149
4149
4149
4148
4146
4145
4145
4145
4144
4144
4143
4142
4142
4141
4139
4139
4139
4138
4138
4138
4138
4137
4136
4135
4135
4135
4134
4132
4132
4131
4131
4131
4130
4129
4129
4128
4127
4127
4127
4126
4126
4126
4125
4124
4124
4124
4123
4123
4121
4121
4120
4120
4120
4118
4118
4118
4117
4116
4114
4114
4114
4112
4112
4111
4111
4111
4110
4110
4110
4109
4108
4107
4107
4106
4106
4106
4103
4101
4101
4101
4101
4100
4099
4098
4097
4096
4094
4094
4094
4093
4093
4092
4091
4091
4091
4091
4090
4088
4088
4088
4087
4085
4084
4084
4084
4083
4082
4081
4079
4079
4078
4078
4078
4078
4077
4076
4076
4075
4075
4074
4073
4073
4072
4072
4070
4070
4069
4069
4068
4068
4068
4067
4067
4066
4066
4066
4066
4066
4066
4065
4065
4065
4065
4063
4063
4063
4063
4063
4062
4062
4062
4061
4061
4060
4059
4059
4058
4058
4057
4057
4056
4056
4054
4053
4053
4051
4050
4050
4049
4049
4048
4047
4047
4046
4046
4046
4046
4046
4045
4045
4045
4044
4044
4044
4044
4043
4043
4043
4042
4041
4041
4040
4039
4039
4039
4038
4038
4037
4037
4036
4035
4034
4033
4033
4032
4032
4032
4031
4031
4030
4030
4030
4028
4027
4027
4026
4025
4025
4025
4024
4023
4023
4023
4023
4022
4022
4022
4022
4021
4021
4021
4020
4020
4020
4020
4020
4018
4017
4017
4017
4016
4015
4014
4012
4012
4012
4012
4012
4012
4011
4011
4011
4011
4010
4009
4007
4007
4007
4006
4006
4005
4004
4004
4003
4002
4001
4001
4000
3998
3998
3998
3997
3997
3997
3996
3995
3994
3992
3992
3992
3991
3990
3989
3989
3989
3988
3988
3988
3988
3987
3987
3987
3987
3985
3985
3985
3984
3984
3984
3984
3983
3983
3983
3982
3981
3981
3981
3980
3979
3979
3979
3979
3978
3977
3977
3977
3976
3976
3975
3975
3974
3974
3974
3974
3973
3973
3972
3972
3971
3971
3970
3970
3970
3969
3969
3969
3968
3968
3968
3967
3967
3967
3966
3966
3965
3965
3965
3964
3964
3964
3963
3963
3963
3962
3962
3962
3960
3960
3959
3959
3959
3959
3958
3958
3958
3957
3957
3957
3957
3955
3955
3955
3955
3955
3955
3954
3954
3954
3953
3953
3953
3952
3952
3952
3951
3950
3949
3948
3947
3947
3946
3946
3946
3946
3946
3945
3945
3944
3944
3944
3944
3944
3943
3943
3943
3943
3942
3942
3941
3941
3941
3940
3940
3940
3940
3939
3939
3939
3939
3938
3938
3938
3938
3937
3937
3936
3936
3935
3935
3935
3934
3934
3933
3933
3933
3932
3932
3931
3931
3931
3931
3930
3930
3930
3930
3929
3929
3929
3928
3928
3928
3927
3927
3927
3926
3926
3926
3926
3926
3926
3925
3925
3925
3925
3925
3923
3923
3923
3923
3922
3922
3921
3921
3920
3919
3919
3919
3918
3917
3917
3917
3916
3916
3916
3916
3916
3916
3916
3915
3915
3914
3914
3914
3912
3912
3911
3911
3911
3910
3910
3909
3909
3909
3908
3908
3908
3907
3907
3906
3906
3906
3906
3905
3904
3903
3903
3902
3902
3901
3901
3901
3900
3900
3900
3900
3899
3899
3899
3899
3899
3898
3898
3898
3897
3897
3897
3897
3897
3897
3896
3896
3895
3894
3894
3894
3893
3893
3892
3892
3891
3891
3890
3890
3890
3890
3889
3889
3889
3888
3888
3888
3888
3888
3888
3887
3887
3886
3886
3884
3884
3884
3884
3883
3883
3882
3882
3882
3879
3877
3877
3876
3875
3875
3874
3874
3874
3873
3873
3873
3872
3872
3872
3872
3872
3870
3870
3869
3869
3868
3867
3866
3866
3866
3865
3865
3865
3864
3864
3864
3864
3864
3863
3863
3862
3862
3862
3861
3861
3860
3860
3860
3860
3859
3859
3859
3858
3858
3856
3855
3853
3853
3852
3852
3852
3852
3851
3851
3851
3850
3849
3849
3848
3848
3848
3847
3847
3847
3847
3846
3846
3846
3846
3845
3845
3845
3843
3843
3842
3842
3841
3841
3840
3840
3840
3839
3839
3839
3839
3839
3839
3838
3837
3836
3836
3836
3836
3835
3835
3834
3833
3833
3833
3833
3832
3832
3832
3832
3831
3831
3831
3831
3831
3830
3830
3829
3828
3828
3828
3827
3826
3825
3825
3825
3824
3823
3823
3822
3822
3822
3821
3821
3821
3820
3819
3818
3818
3818
3818
3818
3818
3818
3817
3817
3817
3816
3816
3816
3815
3815
3815
3815
3814
3814
3814
3814
3813
3813
3812
3812
3812
3812
3812
3811
3811
3811
3811
3811
3811
3811
3811
3810
3810
3809
3809
3808
3808
3807
3807
3807
3806
3806
3805
3805
3804
3804
3804
3803
3803
3802
3802
3802
3801
3801
3801
3801
3801
3800
3800
3798
3798
3798
3798
3798
3797
3797
3797
3796
3796
3795
3794
3794
3793
3793
3793
3793
3792
3792
3792
3792
3791
3791
3791
3789
3789
3788
3788
3788
3788
3787
3787
3787
3787
3787
3787
3786
3785
3785
3785
3785
3785
3785
3784
3784
3784
3784
3784
3783
3782
3782
3782
3782
3781
3781
3781
3781
3780
3780
3780
3779
3779
3779
3779
3779
3778
3778
3777
3777
3777
3777
3776
3776
3776
3775
3773
3773
3773
3773
3773
3772
3771
3770
3769
3769
3768
3768
3767
3767
3766
3766
3766
3766
3766
3766
3766
3765
3764
3763
3762
3762
3761
3761
3760
3760
3759
3759
3759
3759
3757
3757
3757
3757
3757
3756
3756
3756
3755
3755
3755
3755
3755
3755
3754
3754
3754
3753
3753
3753
3753
3752
3751
3751
3751
3750
3750
3750
3750
3749
3749
3748
3747
3747
3747
3747
3746
3746
3746
3746
3744
3744
3744
3744
3743
3742
3742
3741
3741
3741
3740
3739
3738
3738
3738
3738
3738
3738
3737
3737
3737
3737
3736
3735
3735
3735
3735
3735
3735
3734
3734
3733
3733
3733
3732
3732
3730
3730
3730
3729
3729
3729
3728
3728
3727
3727
3726
3726
3726
3725
3724
3724
3724
3724
3723
3723
3723
3722
3722
3721
3721
3721
3721
3720
3720
3720
3719
3719
3719
3718
3717
3717
3717
3716
3716
3716
3716
3716
3715
3713
3712
3712
3712
3711
3711
3710
3710
3709
3709
3709
3708
3708
3708
3707
3706
3706
3706
3706
3705
3705
3705
3705
3704
3704
3704
3703
3702
3702
3702
3701
3701
3701
3700
3700
3700
3700
3699
3699
3698
3697
3697
3695
3695
3694
3694
3693
3693
3691
3690
3690
3690
3689
3689
3689
3689
3689
3688
3687
3687
3687
3686
3686
3685
3685
3685
3684
3684
3684
3683
3683
3683
3683
3682
3682
3682
3681
3681
3681
3680
3680
3680
3680
3678
3678
3677
3677
3677
3676
3676
3676
3676
3675
3675
3674
3673
3673
3672
3671
3670
3670
3670
3669
3668
3668
3667
3667
3667
3666
3666
3666
3666
3666
3665
3665
3664
3664
3663
3663
3663
3661
3661
3661
3661
3661
3660
3660
3660
3660
3659
3659
3659
3658
3657
3657
3656
3656
3656
3656
3655
3654
3653
3652
3652
3652
3651
3651
3650
3649
3649
3649
3649
3649
3649
3648
3647
3647
3646
3646
3646
3646
3646
3645
3645
3645
3644
3644
3643
3642
3642
3642
3642
3642
3641
3640
3640
3639
3639
3638
3638
3637
3637
3637
3637
3636
3636
3636
3635
3634
3634
3634
3633
3633
3633
3633
3632
3632
3632
3632
3631
3631
3631
3631
3630
3630
3630
3629
3629
3629
3629
3629
3628
3628
3627
3627
3626
3626
3625
3624
3624
3624
3623
3623
3623
3622
3622
3622
3622
3622
3621
3621
3621
3621
3620
3619
3619
3618
3618
3618
3618
3618
3617
3617
3617
3616
3616
3616
3615
3615
3615
3615
3615
3615
3614
3614
3614
3614
3614
3614
3614
3614
3613
3613
3613
3613
3612
3612
3612
3612
3611
3611
3610
3609
3609
3609
3609
3609
3608
3608
3608
3608
3608
3608
3607
3607
3607
3607
3606
3605
3605
3605
3605
3604
3604
3604
3604
3604
3603
3603
3603
3602
3602
3602
3601
3600
3600
3600
3599
3599
3599
3599
3598
3597
3597
3597
3597
3597
3597
3596
3596
3595
3595
3595
3595
3595
3594
3594
3594
3593
3593
3593
3592
3592
3592
3592
3591
3591
3591
3590
3589
3588
3588
3587
3587
3587
3586
3586
3586
3585
3585
3585
3584
3583
3583
3583
3583
3583
3582
3582
3582
3582
3581
3581
3580
3580
3580
3580
3579
3579
3578
3578
3577
3577
3576
3576
3576
3576
3576
3575
3575
3575
3574
3572
3572
3571
3571
3571
3571
3571
3570
3569
3569
3569
3568
3568
3568
3567
3566
3566
3566
3566
3565
3565
3565
3564
3564
3564
3563
3562
3562
3561
3560
3560
3560
3560
3559
3559
3558
3558
3558
3557
3557
3557
3557
3556
3556
3556
3555
3555
3555
3555
3554
3554
3554
3554
3554
3553
3553
3550
3550
3550
3549
3548
3548
3548
3548
3547
3547
3547
3545
3545
3545
3545
3545
3545
3544
3544
3544
3543
3543
3542
3542
3542
3541
3541
3541
3541
3541
3540
3540
3540
3540
3540
3540
3540
3539
3539
3538
3538
3537
3537
3537
3537
3536
3536
3536
3536
3535
3535
3534
3534
3534
3534
3534
3534
3534
3533
3533
3533
3532
3532
3532
3532
3532
3531
3530
3530
3530
3530
3529
3529
3529
3529
3528
3528
3528
3528
3527
3527
3527
3527
3527
3527
3527
3526
3526
3526
3526
3525
3525
3525
3525
3525
3525
3524
3524
3524
3524
3523
3523
3523
3523
3521
3522
3521
3521
3521
3521
3520
3520
3520
3520
3520
3519
3519
3519
3519
3518
3518
3518
3517
3516
3516
3516
3516
3515
3515
3514
3514
3514
3514
3514
3514
3513
3513
3513
3512
3512
3511
3510
3510
3510
3510
3509
3509
3509
3507
3507
3507
3506
3506
3505
3505
3505
3504
3504
3503
3503
3503
3502
3501
3501
3500
3499
3497
3497
3497
3497
3496
3496
3496
3496
3496
3496
3495
3495
3494
3494
3493
3493
3492
3492
3492
3492
3492
3492
3492
3491
3491
3491
3491
3491
3490
3489
3489
3489
3489
3489
3488
3488
3487
3487
3485
3485
3484
3484
3484
3483
3483
3483
3482
3482
3481
3481
3480
3480
3480
3479
3479
3479
3479
3477
3477
3477
3476
3476
3476
3476
3475
3475
3475
3474
3474
3474
3474
3474
3473
3473
3471
3471
3471
3471
3471
3471
3471
3471
3470
3470
3470
3470
3470
3469
3469
3468
3468
3468
3468
3468
3467
3467
3467
3466
3466
3466
3465
3465
3465
3464
3464
3464
3464
3464
3463
3463
3463
3463
3462
3462
3461
3461
3461
3461
3460
3460
3460
3459
3459
3458
3458
3458
3458
3458
3457
3457
3457
3457
3457
3456
3456
3455
3454
3454
3453
3453
3453
3452
3452
3452
3452
3452
3451
3451
3450
3450
3450
3450
3450
3450
3450
3450
3449
3449
3449
3448
3448
3447
3447
3447
3447
3446
3446
3446
3445
3445
3445
3445
3444
3444
3444
3443
3443
3443
3442
3442
3441
3440
3440
3439
3439
3439
3438
3438
3438
3438
3438
3438
3437
3436
3436
3436
3435
3435
3435
3435
3435
3434
3434
3434
3434
3433
3433
3433
3432
3432
3432
3432
3432
3432
3431
3431
3431
3430
3430
3429
3429
3429
3429
3429
3429
3429
3428
3428
3428
3427
3427
3426
3425
3425
3425
3425
3425
3424
3423
3423
3422
3422
3422
3422
3421
3421
3421
3421
3420
3420
3419
3419
3418
3418
3418
3418
3418
3418
3418
3417
3417
3417
3417
3417
3416
3416
3416
3416
3416
3415
3415
3414
3414
3414
3413
3413
3413
3413
3412
3412
3411
3411
3411
3411
3411
3410
3410
3409
3409
3409
3408
3408
3407
3407
3407
3407
3405
3405
3405
3405
3405
3405
3404
3404
3404
3404
3403
3402
3402
3402
3402
3401
3401
3401
3401
3401
3400
3400
3400
3400
3400
3399
3399
3398
3398
3398
3398
3398
3397
3397
3397
3397
3397
3397
3396
3396
3396
3395
3394
3394
3393
3393
3393
3393
3393
3392
3392
3392
3392
3391
3391
3391
3391
3391
3391
3390
3388
3387
3387
3387
3387
3387
3387
3387
3386
3386
3386
3385
3384
3384
3384
3384
3384
3383
3383
3383
3383
3382
3381
3381
3381
3381
3381
3380
3380
3380
3380
3380
3379
3378
3378
3378
3378
3377
3377
3377
3376
3376
3376
3376
3376
3376
3376
3375
3375
3375
3375
3374
3374
3374
3374
3374
3373
3373
3373
3373
3372
3372
3371
3371
3370
3370
3370
3369
3369
3369
3369
3369
3368
3367
3367
3366
3365
3365
3364
3364
3364
3364
3364
3363
3363
3363
3363
3363
3362
3362
3361
3361
3361
3361
3360
3360
3359
3359
3359
3359
3359
3359
3359
3358
3358
3358
3357
3357
3356
3356
3356
3356
3355
3355
3355
3355
3355
3354
3354
3354
3354
3353
3353
3353
3353
3353
3353
3352
3351
3351
3350
3350
3349
3349
3349
3348
3348
3348
3347
3347
3347
3346
3346
3346
3346
3345
3345
3344
3344
3344
3343
3343
3342
3342
3342
3341
3341
3341
3340
3339
3339
3339
3339
3338
3338
3338
3338
3338
3338
3337
3337
3337
3337
3337
3337
3336
3336
3335
3335
3335
3335
3335
3335
3334
3334
3334
3334
3334
3334
3333
3332
3332
3331
3331
3330
3330
3329
3329
3329
3329
3329
3329
3329
3328
3328
3328
3328
3328
3328
3327
3327
3326
3326
3326
3326
3326
3325
3324
3324
3324
3323
3323
3323
3322
3322
3322
3322
3322
3322
3321
3320
3320
3320
3320
3319
3319
3319
3319
3319
3318
3318
3318
3318
3317
3317
3317
3316
3316
3315
3316
3315
3315
3315
3314
3314
3314
3313
3313
3313
3313
3312
3312
3312
3312
3312
3311
3311
3310
3310
3310
3310
3310
3310
3309
3309
3309
3308
3307
3307
3306
3306
3306
3306
3305
3305
3305
3305
3305
3305
3304
3304
3304
3303
3303
3303
3303
3303
3302
3302
3302
3302
3300
3300
3300
3300
3300
3300
3299
3299
3298
3298
3298
3297
3297
3296
3296
3296
3295
3295
3295
3294
3294
3294
3294
3294
3293
3293
3292
3292
3292
3292
3291
3291
3291
3291
3290
3289
3289
3288
3288
3287
3287
3286
3286
3285
3285
3284
3284
3284
3283
3283
3283
3283
3283
3282
3282
3282
3281
3281
3281
3281
3280
3280
3279
3279
3279
3278
3278
3278
3278
3278
3277
3277
3277
3277
3276
3276
3276
3275
3275
3275
3275
3275
3275
3274
3273
3273
3273
3272
3272
3271
3271
3271
3271
3271
3270
3270
3270
3270
3270
3270
3269
3269
3269
3268
3268
3268
3268
3268
3267
3267
3266
3266
3266
3265
3265
3265
3265
3264
3264
3264
3264
3264
3264
3264
3263
3263
3262
3262
3261
3261
3261
3261
3260
3260
3259
3259
3259
3258
3258
3286
3257
3257
3256
3256
3256
3256
3256
3256
3255
3255
3255
3255
3254
3253
3253
3253
3252
3252
3252
3251
3251
3251
3251
3251
3251
3251
3250
3250
3249
3249
3249
3248
3248
3248
3247
3247
3247
3247
3247
3247
3246
3246
3246
3245
3245
3245
3244
3244
3244
3244
3244
3244
3244
3243
3242
3242
3242
3241
3241
3240
3240
3240
3240
3239
3239
3239
3238
3238
3238
3237
3237
3237
3236
3236
3236
3236
3236
3236
3236
3236
3236
3236
3235
3235
3235
3235
3234
3234
3233
3233
3233
3233
3232
3232
3232
3232
3232
3232
3232
3230
3230
3230
3230
3229
3229
3229
3229
3229
3229
3229
3228
3228
3227
3227
3227
3226
3226
3226
3226
3226
3225
3225
3224
3224
3224
3223
3223
3223
3222
3222
3222
3222
3222
3222
3221
3221
3221
3221
3221
3220
3220
3220
3219
3219
3219
3219
3219
3218
3218
3218
3218
3218
3217
3217
3217
3217
3216
3216
3216
3216
3216
3216
3215
3215
3215
3215
3215
3215
3214
3214
3214
3214
3214
3214
3213
3213
3213
3213
3212
3212
3212
3212
3211
3211
3211
3211
3211
3211
3210
3210
3210
3210
3209
3209
3209
3209
3209
3208
3207
3206
3206
3206
3205
3205
3204
3204
3204
3204
3204
3203
3203
3203
3203
3203
3202
3202
3202
3201
3201
3201
3201
3200
3200
3200
3200
3199
3199
3199
3199
3199
3199
3199
3198
3197
3197
3197
3197
3197
3196
3196
3196
3196
3195
3195
3195
3195
3195
3195
3194
3193
3193
3193
3193
3192
3192
3192
3191
3190
3189
3189
3188
3188
3188
3188
3188
3188
3186
3186
3186
3186
3185
3185
3185
3185
3185
3184
3184
3184
3184
3184
3184
3184
3184
3183
3183
3183
3183
3183
3183
3182
3182
3182
3182
3181
3181
3181
3181
3181
3181
3181
3181
3180
3180
3180
3180
3180
3180
3179
3179
3179
3179
3179
3178
3178
3177
3177
3177
3177
3176
3175
3175
3175
3174
3174
3174
3174
3174
3173
3173
3173
3171
3171
3171
3170
3170
3170
3170
3170
3169
3169
3169
3169
3169
3169
3169
3168
3167
3167
3167
3167
3166
3166
3165
3165
3165
3165
3165
3165
3164
3164
3164
3164
3164
3164
3163
3163
3163
3163
3163
3163
3163
3162
3161
3161
3161
3160
3160
3160
3160
3160
3159
3159
3159
3159
3159
3159
3158
3158
3158
3158
3158
3156
3156
3156
3155
3155
3155
3155
3155
3155
3154
3153
3153
3153
3153
3153
3152
3152
3152
3152
3151
3151
3150
3150
3150
3150
3150
3149
3149
3149
3149
3149
3148
3148
3147
3147
3146
3146
3146
3146
3145
3145
3145
3144
3144
3144
3144
3144
3144
3143
3142
3142
3142
3142
3141
3141
3141
3141
3141
3141
3141
3140
3140
3140
3140
3140
3139
3139
3139
3138
3138
3138
3138
3138
3138
3138
3138
3137
3137
3136
3136
3136
3136
3136
3136
3136
3136
3136
3135
3135
3135
3135
3133
3133
3133
3132
3132
3131
3130
3130
3130
3130
3129
3129
3128
3128
3128
3128
3128
3128
3126
3126
3125
3125
3125
3125
3125
3124
3124
3124
3124
3124
3124
3124
3123
3123
3123
3122
3122
3122
3122
3122
3122
3121
3120
3120
3120
3120
3119
3119
3119
3118
3118
3118
3118
3118
3118
3118
3118
3117
3117
3117
3117
3117
3117
3116
3116
3115
3115
3115
3115
3115
3115
3115
3115
3115
3114
3114
3113
3113
3113
3113
3112
3112
3112
3112
3111
3111
3111
3110
3110
3110
3110
3110
3110
3110
3109
3109
3109
3109
3109
3108
3108
3108
3108
3108
3108
3107
3107
3107
3106
3106
3106
3106
3105
3105
3105
3104
3104
3104
3104
3103
3103
3103
3103
3102
3101
3101
3101
3101
3100
3100
3099
3099
3099
3098
3098
3098
3098
3097
3097
3097
3097
3096
3096
3096
3096
3095
3094
3094
3093
3093
3093
3093
3093
3093
3093
3093
3093
3093
3093
3093
3092
3092
3092
3091
3091
3091
3090
3090
3090
3090
3089
3089
3088
3088
3087
3087
3087
3086
3086
3086
3086
3086
3086
3086
3086
3085
3085
3084
3084
3084
3083
3083
3083
3083
3083
3083
3082
3082
3082
3082
3082
3082
3080
3080
3080
3080
3079
3079
3078
3078
3078
3078
3078
3077
3077
3077
3076
3076
3076
3076
3075
3075
3075
3075
3075
3075
3075
3074
3074
3074
3073
3073
3073
3073
3073
3072
3072
3072
3072
3072
3071
3071
3071
3071
3070
3070
3070
3070
3070
3070
3069
3069
3068
3067
3067
3066
3066
3066
3066
3066
3065
3065
3064
3064
3064
3063
3063
3063
3063
3063
3063
3062
3062
3062
3062
3062
3061
3061
3061
3061
3060
3060
3060
3060
3060
3060
3059
3059
3059
3059
3059
3059
3059
3059
3058
3058
3058
3058
3058
3057
3057
3057
3057
3056
3056
3056
3056
3055
3055
3054
3054
3054
3054
3054
3054
3053
3053
3053
3053
3053
3053
3053
3052
3052
3052
3052
3052
3052
3052
3051
3051
3051
3051
3050
3049
3049
3049
3048
3048
3048
3048
3048
3047
3047
3047
3047
3046
3046
3046
3046
3046
3046
3045
3045
3045
3044
3043
3043
3043
3043
3043
3043
3042
3042
3042
3042
3042
3042
3041
3041
3041
3041
3041
3041
3041
3041
3040
3040
3040
3040
3040
3039
3039
3038
3038
3038
3038
3037
3037
3037
3037
3036
3036
3036
3036
3036
3036
3036
3036
3036
3035
3035
3035
3035
3035
3035
3034
3034
3034
3034
3033
3033
3033
3033
3032
3032
3032
3032
3032
3031
3031
3031
3031
3030
3030
3030
3030
3029
3029
3029
3029
3028
3028
3028
3028
3028
3026
3026
3026
3025
3025
3025
3024
3024
3024
3024
3024
3024
3024
3024
3023
3022
3021
3021
3021
3021
3021
3021
3020
3020
3020
3020
3020
3020
3020
3020
3020
3020
3020
3019
3019
3018
3018
3018
3017
3017
3016
3016
3016
3016
3015
3015
3014
3014
3014
3014
3014
3013
3013
3012
3012
3012
3011
3011
3011
3010
3010
3010
3010
3010
3010
3010
3009
3009
3009
3009
3009
3009
3008
3008
3008
3008
3008
3008
3007
3007
3006
3006
3006
3006
3006
3006
3005
3005
3005
3005
3004
3004
3004
3004
3004
3003
3003
3003
3003
3003
3002
3002
3002
3001
3001
3000
3000
3000
3000
3000
