76657
68890
61825
59029
53164
47658
43212
42335
35477
35249
35033
34162
32774
30571
30423
29430
28234
28008
27701
26048
25897
25838
25398
25116
24825
24605
24257
24002
23180
23122
22733
22662
22529
22499
21864
21708
21570
21201
20595
19881
19606
19098
19017
18439
18252
18089
17950
17878
17841
17827
17826
17618
17586
17438
17165
16650
16620
16602
16464
16366
15991
15990
15943
15673
15425
15318
15300
15286
15279
15136
14942
14795
14739
14503
14330
14319
14294
14174
14063
13841
13773
13748
13736
13596
13514
13413
13311
13076
12867
12863
12857
12852
12762
12742
12579
12559
12515
12240
12218
12147
12132
12092
12051
12028
11972
11956
11897
11681
11673
11591
11528
11515
11500
11396
11342
11324
11324
11225
11215
11168
11143
11139
10967
10928
10914
10903
10851
10773
10715
10653
10650
10648
10629
10606
10599
10474
10417
10417
10375
10333
10330
10271
10265
10210
10196
10178
10143
10095
10094
10077
10050
10021
9991
9914
9894
9864
9834
9743
9667
9660
9551
9542
9518
9469
9417
9416
9337
9336
9312
9309
9276
9250
9247
9240
9189
9178
9163
9153
9117
9079
9055
9048
9041
9013
9011
8975
8974
8969
8951
8941
8935
8930
8921
8886
8860
8824
8804
8786
8754
8715
8678
8670
8624
8590
8584
8532
8447
8408
8359
8282
8271
8269
8253
8244
8223
8171
8144
8140
8118
8098
8097
8095
8065
8058
8039
8019
7983
7972
7953
7932
7893
7854
7829
7775
7764
7741
7709
7696
7694
7651
7637
7603
7599
7525
7522
7490
7489
7471
7430
7404
7403
7385
7322
7309
7299
7277
7274
7274
7243
7160
7157
7127
7123
7112
7110
7106
7100
7045
7030
7024
7021
7015
6992
6986
6985
6978
6976
6973
6963
6961
6953
6929
6923
6905
6894
6849
6839
6832
6814
6772
6767
6766
6706
6697
6661
6660
6653
6651
6642
6635
6630
6625
6618
6616
6583
6577
6552
6547
6539
6508
6504
6499
6495
6493
6489
6484
6480
6444
6428
6373
6372
6319
6315
6299
6297
6251
6245
6232
6223
6192
6167
6142
6133
6114
6085
6070
6069
6059
6047
6044
6027
6026
6024
6008
5996
5995
5970
5968
5962
5960
5954
5946
5924
5914
5910
5870
5860
5853
5847
5829
5821
5810
5796
5795
5772
5755
5754
5750
5737
5727
5711
5705
5705
5693
5691
5691
5660
5634
5585
5574
5560
5472
5469
5457
5454
5450
5440
5438
5427
5423
5415
5404
5361
5335
5333
5327
5317
5297
5290
5277
5271
5249
5246
5213
5208
5208
5197
5173
5158
5151
5150
5140
5133
5132
5106
5094
5088
5081
5078
5074
5069
5069
5055
5051
5050
5047
5043
5038
5035
5035
5015
5015
5010
5004
4997
4997
4996
4968
4968
4952
4946
4945
4931
4907
4895
4873
4872
4863
4854
4823
4817
4815
4810
4807
4801
4800
4794
4783
4782
4780
4778
4777
4775
4761
4751
4744
4743
4742
4742
4720
4702
4700
4697
4693
4687
4677
4620
4613
4588
4588
4583
4569
4562
4557
4552
4538
4534
4533
4527
4526
4521
4516
4512
4509
4508
4499
4478
4471
4471
4469
4467
4467
4465
4464
4446
4442
4440
4438
4435
4433
4419
4413
4400
4394
4385
4379
4376
4337
4336
4326
4316
4315
4310
4310
4309
4305
4301
4283
4277
4267
4259
4247
4247
4236
4236
4232
4223
4210
4168
4166
4166
4164
4151
4150
4148
4145
4140
4139
4139
4128
4103
4101
4097
4090
4088
4081
4080
4076
4066
4058
4058
4046
4033
4032
4031
4028
4025
4020
4014
4013
4012
3987
3985
3984
3981
3981
3978
3976
3975
3968
3965
3960
3952
3929
3927
3926
3922
3914
3913
3911
3909
3908
3906
3903
3894
3887
3868
3864
3863
3861
3860
3859
3857
3856
3846
3844
3844
3839
3835
3823
3815
3814
3811
3808
3804
3799
3799
3798
3794
3793
3792
3790
3787
3784
3777
3774
3769
3764
3749
3746
3744
3739
3732
3731
3728
3725
3721
3716
3710
3706
3705
3703
3699
3698
3692
3686
3683
3683
3677
3667
3660
3656
3652
3646
3644
3643
3643
3640
3637
3637
3621
3621
3620
3617
3611
3609
3603
3585
3579
3569
3567
3553
3549
3545
3544
3544
3525
3524
3524
3520
3507
3501
3490
3484
3483
3483
3482
3482
3477
3472
3471
3470
3451
3442
3432
3432
3424
3419
3413
3413
3399
3394
3389
3389
3385
3380
3377
3369
3366
3357
3353
3348
3343
3325
3325
3320
3320
3308
3306
3306
3305
3305
3298
3295
3291
3290
3288
3286
3278
3276
3266
3263
3261
3259
3256
3249
3244
3240
3238
3235
3233
3230
3229
3226
3222
3213
3206
3206
3206
3203
3183
3174
3174
3170
3168
3165
3156
3154
3151
3140
3139
3138
3138
3137
3130
3130
3109
3108
3107
3106
3101
3095
3089
3084
3081
3080
3080
3074
3074
3073
3067
3059
3058
3053
3050
3048
3044
3033
3029
3027
3027
3025
3019
3014
3013
3011
3008
3006
3006
3005
3002
