408636
347006
294894
275621
274633
265671
245496
239965
229222
228144
226052
224480
220285
205580
200452
177052
176481
175638
174471
171339
171152
170419
168994
165940
160269
156726
151373
148455
147249
147213
146972
144485
143238
139373
128909
127888
127562
125589
124575
121278
119678
115660
114915
110276
109673
109467
109442
108794
108129
107657
107491
104905
102920
102553
101996
100837
100620
99434
98678
98122
96619
96490
96295
95353
95020
94845
94487
94178
93699
92394
91070
90279
89792
88869
88866
87734
87490
87029
86229
85523
85170
85098
82063
81750
81532
80466
78606
78477
77931
77426
77241
76810
74645
74502
74271
73928
73532
73443
72674
72222
72134
71501
71003
70957
70855
70185
69671
69650
67827
67738
67537
67504
67366
67343
67013
66784
66629
66615
66005
65860
65724
65446
64634
64124
63922
63723
63619
63613
63388
62088
62052
61927
61589
61116
60599
60436
60418
60280
60197
60038
59585
59541
59493
59449
59410
59180
59090
58851
58317
58274
58187
57611
57549
57305
57127
56702
56554
56554
56533
56251
55997
55016
54976
54733
54715
54709
54689
54494
54080
53990
53976
53879
53649
53626
53618
52836
52721
52713
52690
52574
52542
52420
52273
52254
51835
51803
51640
51569
51344
51240
50828
50769
50524
49819
49434
49238
49109
48839
48839
48749
48749
48588
48564
48547
48533
48521
48492
48419
48288
48272
47963
47936
47909
47875
47663
47607
47211
47076
46853
46807
46757
46737
46637
46533
46431
46195
46190
46119
46027
45562
45496
45458
45431
45345
45111
45028
44903
44774
44763
44576
44517
44481
44393
44240
44197
44196
44174
44023
43980
43867
43823
43679
43512
43515
43274
43198
43195
43022
42967
42950
42940
42877
42819
42764
42669
42502
42392
42386
42162
41938
41840
41774
41670
41591
41587
41483
41333
41255
41213
41089
41068
40933
40922
40778
40678
40528
40359
40350
40233
40221
40185
40129
40116
40092
40008
39887
39844
39826
39519
39435
39418
39333
39319
39310
39299
39261
39257
39238
39218
39200
38980
38979
38967
38955
38946
38834
38791
38758
38747
38693
38646
38509
38415
38314
38290
38267
38253
38181
38170
38131
38118
38112
37997
37975
37922
37886
37874
37866
37851
37806
37739
37619
37426
37305
37235
37216
37197
37186
37185
37180
37120
37113
37109
37068
36984
36935
36838
36792
36789
36694
36655
36607
36591
36545
36524
36483
36471
36466
36455
36346
36326
36172
36012
36005
35991
35912
35911
35883
35850
35817
35722
35717
35660
35539
35509
35496
35470
35417
35370
35345
35308
35250
35175
35171
35150
35091
35045
35037
34982
34962
34958
34876
34818
34817
34815
34815
34815
34735
34729
34616
34594
34471
34469
34447
34309
34252
34203
34203
34084
33993
33968
33965
33939
33928
33802
33784
33742
33605
33581
33449
33402
33348
33319
33288
33257
33233
33150
33091
33054
32994
32993
32957
32949
32935
32860
32844
32818
32802
32761
32724
32703
32692
32640
32637
32597
32557
32518
32479
32456
32451
32317
32305
32279
32233
32193
32178
32169
32102
32028
31998
31917
31851
31838
31763
31659
31651
31615
31588
31532
31524
31419
31285
31280
31270
31249
31103
31103
31048
31037
30899
30887
30710
30691
30580
30563
30526
30481
30469
30418
30372
30350
30337
30301
30287
30271
30241
30191
30173
30165
30042
29986
29957
29905
29886
29868
29843
29837
29817
29809
29666
29637
29627
29626
29595
29592
29586
29580
29570
29533
29507
29450
29419
29397
29366
29366
29349
29361
29309
29303
29303
29266
29197
29184
29168
29159
29159
29111
29093
29058
29042
28999
28994
28977
28967
28955
28940
28925
28869
28833
28818
28792
28780
28769
28754
28727
28708
28706
28630
28607
28595
28538
28386
28382
28375
28325
28322
28308
28273
28267
28236
28171
28170
28141
28113
28041
28027
28022
27977
27917
27902
27893
27868
27857
27846
27839
27794
27779
27730
27698
27647
27641
27633
27646
27617
27562
27542
27537
27501
27497
27433
27331
27311
27282
27229
27212
27199
27189
27151
27118
27118
27115
27058
27057
27030
26978
26975
26973
26948
26933
26900
26890
26864
26858
26798
26789
26783
26753
26744
26731
26717
26707
26697
26662
26588
26585
26574
26573
26563
26539
26503
26495
26476
26470
26439
26393
26389
26370
26342
26334
26317
26306
26291
26254
26214
26188
26155
26148
26143
26121
26061
26056
26032
26004
25987
25977
25962
25962
25959
25957
25946
25923
25916
25877
25864
25829
25821
25815
25808
25789
25764
25748
25736
25733
25716
25704
25698
25691
25684
25667
25664
25663
25649
25633
25625
25609
25607
25603
25561
25534
25525
25473
25469
25451
25426
25408
25379
25353
25343
25307
25281
25142
25139
25128
25100
25073
25059
25036
25008
24957
24948
24931
24914
24909
24903
24892
24860
24778
24772
24736
24719
24711
24640
24634
24620
24618
24567
24549
24533
24505
24497
24494
24484
24460
24453
24370
24366
24366
24354
24350
24350
24315
24258
24240
24231
24225
24221
24204
24179
24142
24138
24124
24111
24025
23980
23969
23957
23899
23846
23786
23764
23731
23703
23661
23593
23586
23514
23510
23483
23454
23452
23443
23432
23358
23330
23298
23269
23267
23234
23226
23204
23200
23194
23191
23111
23084
23075
23075
23072
23047
22973
22955
22938
22930
22908
22899
22893
22891
22881
22855
22836
22790
22788
22774
22746
22690
22671
22662
22638
22632
22618
22610
22597
22590
22567
22559
22512
22476
22414
22371
22348
22284
22321
22320
22301
22282
22250
22240
22234
22199
22190
22167
22153
22153
22135
22126
22116
22116
22092
22076
22045
21992
21986
21970
21967
21932
21896
21874
21870
21842
21783
21782
21780
21747
21739
21721
21675
21661
21632
21628
21576
21569
21537
21526
21519
21516
21508
21487
21476
21466
21452
21438
21384
21371
21362
21353
21348
21338
21307
21219
21210
21198
21194
21187
21178
21160
21088
21082
21066
21064
21059
21054
21008
20997
20987
20960
20960
20922
20892
20873
20863
20814
20814
20791
20790
20786
20773
20756
20745
20743
20705
20703
20699
20689
20672
20657
20645
20630
20623
20613
20603
20601
20609
20583
20580
20578
20553
20539
20496
20492
20473
20450
20446
20437
20403
20399
20382
20374
20370
20356
20352
20349
20343
20336
20308
20282
20262
20242
20236
20224
20212
20211
20206
20188
20185
20152
20149
20135
20112
20091
20083
20081
20063
20034
20013
19995
19980
19972
19949
19929
19863
19848
19842
19830
19791
19790
19788
19777
19773
19746
19740
19722
19697
19696
19674
19673
19669
19669
19654
19629
19623
19614
19606
19602
19595
19594
19583
19561
19548
19547
19545
19536
19535
19533
19518
19523
19504
19495
19462
19448
19447
19442
19440
19436
19426
19424
19411
19405
19345
19342
19333
19321
19294
19291
19275
19269
19246
19210
19182
19171
19168
19135
19125
19112
19110
19105
19093
19093
19090
19079
19029
19025
19019
19015
19012
18995
18975
18974
18970
18966
18952
18944
18930
18899
18879
18874
18868
18857
18848
18827
18814
18784
18735
18732
18723
18721
18706
18702
18700
18692
18688
18672
18669
18651
18626
18623
18603
18588
18573
18559
18544
18542
18540
18520
18505
18489
18489
18510
18462
18457
18452
18426
18420
18416
18361
18330
18316
18284
18276
18268
18243
18234
18233
18225
18220
18183
18158
18157
18149
18148
18147
18140
18138
18119
18115
18089
18086
18080
18054
18048
18039
18030
18021
18013
18003
18001
17990
17982
17971
17954
17953
17939
17937
17905
17901
17877
17869
17865
17858
17830
17819
17798
17797
17781
17775
17773
17762
17740
17730
17710
17709
17707
17700
17697
17686
17654
17642
17633
17633
17632
17610
17602
17556
17554
17549
17549
17546
17540
17516
17512
17505
17502
17493
17482
17481
17457
17444
17438
17428
17401
17398
17385
17379
17365
17358
17354
17347
17330
17316
17304
17292
17274
17274
17263
17255
17252
17245
17242
17242
17231
17212
17205
17198
17197
17196
17182
17174
17171
17144
17132
17128
17135
17112
17106
17098
17095
17087
17086
17080
17075
17074
17070
17070
17069
17037
17015
17001
16989
16967
16961
16954
16940
16939
16933
16929
16923
16919
16909
16907
16905
16903
16902
16901
16893
16864
16853
16852
16839
16833
16829
16821
16816
16805
16803
16795
16792
16788
16786
16779
16776
16766
16757
16739
16730
16727
16712
16704
16702
16696
16694
16694
16684
16665
16664
16664
16661
16652
16639
16624
16610
16587
16582
16558
16557
16554
16546
16542
16528
16511
16500
16492
16479
16469
16461
16415
16413
16402
16401
16396
16385
16380
16376
16360
16359
16347
16343
16330
16328
16319
16307
16302
16287
16272
16267
16262
16241
16218
16190
16184
16182
16182
16182
16179
16176
16166
16165
16159
16157
16175
16143
16137
16134
16118
16115
16106
16099
16094
16092
16088
16087
16083
16083
16069
16067
16057
16045
16041
16030
16016
16015
16013
16011
15985
15976
15966
15941
15930
15921
15916
15916
15908
15907
15903
15896
15876
15858
15857
15855
15847
15833
15822
15816
15814
15814
15808
15799
15784
15783
15781
15760
15759
15751
15743
15740
15726
15723
15723
15718
15715
15701
15691
15684
15679
15675
15663
15637
15632
15628
15626
15616
15612
15589
15589
15587
15586
15569
15558
15556
15553
15546
15540
15537
15522
15518
15508
15505
15500
15496
15496
15490
15453
15446
15446
15446
15446
15415
15414
15397
15390
15383
15380
15376
15375
15372
15346
15341
15335
15330
15325
15320
15317
15317
15314
15311
15310
15305
15305
15302
15292
15273
15264
15224
15212
15203
15199
15185
15181
15163
15154
15148
15118
15117
15116
15111
15096
15083
15079
15061
15048
15040
15005
15000
14993
14985
14980
14980
14977
14979
14976
14969
14967
14966
15008
14959
14954
14951
14950
14950
14947
14942
14928
14926
14922
14917
14905
14889
14882
14880
14870
14865
14861
14857
14853
14845
14842
14828
14809
14806
14804
14804
14803
14794
14792
14791
14791
14777
14767
14765
14760
14757
14755
14741
14738
14722
14714
14714
14707
14689
14682
14664
14652
14652
14628
14610
14602
14587
14585
14584
14584
14563
14549
14545
14544
14543
14541
14537
14531
14530
14528
14525
14515
14515
14514
14512
14504
14502
14489
14486
14483
14481
14477
14469
14469
14467
14466
14460
14453
14450
14445
14444
14441
14441
14433
14432
14419
14413
14413
14409
14405
14388
14384
14374
14349
14347
14338
14336
14328
14322
14317
14307
14306
14293
14288
14278
14277
14271
14271
14265
14261
14259
14255
14247
14236
14233
14228
14221
14221
14207
14199
14198
14197
14194
14186
14183
14177
14169
14169
14169
14162
14158
14152
14150
14149
14142
14141
14138
14129
14127
14120
14111
14110
14100
14098
14097
14093
14091
14088
14085
14085
14071
14071
14069
14052
14048
14047
14046
14041
14037
14033
14024
14019
14019
14017
14014
14013
14010
14000
13978
13965
13965
13963
13962
13950
13950
13945
13944
13930
13928
13927
13924
13923
13922
13919
13912
13907
13904
13902
13898
13894
13893
13889
13888
13883
13874
13849
13846
13842
13841
13830
13822
13822
13818
13805
13802
13796
13790
13786
13782
13780
13773
13758
13751
13747
13745
13734
13736
13729
13726
13721
13712
13711
13707
13697
13696
13691
13682
13672
13672
13671
13667
13663
13662
13649
13642
13635
13625
13625
13623
13612
13602
13602
13600
13594
13594
13591
13590
13589
13565
13564
13561
13557
13556
13550
13539
13534
13524
13517
13510
13509
13506
13487
13486
13486
13477
13472
13467
13467
13458
13452
13449
13439
13437
13435
13428
13426
13424
13424
13424
13419
13412
13412
13407
13389
13375
13375
13374
13363
13357
13344
13340
13336
13329
13327
13325
13324
13313
13312
13310
13305
13301
13295
13284
13281
13270
13266
13265
13264
13254
13246
13244
13236
13232
13232
13215
13212
13212
13202
13202
13197
13194
13187
13187
13179
13170
13165
13165
13157
13155
13148
13143
13143
13140
13137
13136
13134
13134
13126
13119
13117
13112
13105
13103
13102
13083
13083
13082
13080
13072
13064
13061
13057
13057
13054
13050
13049
13038
13037
13023
13023
13020
13019
13019
13016
13010
13008
13005
13000
12998
12993
12993
12991
12989
12988
12988
12986
12984
12976
12965
12944
12943
12940
12930
12929
12919
12914
12909
12905
12899
12889
12880
12877
12869
12869
12859
12856
12851
12848
12844
12840
12837
12835
12831
12830
12829
12823
12821
12818
12818
12807
12802
12790
12785
12785
12785
12780
12780
12768
12763
12761
12761
12738
12752
12750
12745
12741
12740
12733
12732
12732
12730
12727
12726
12719
12703
12695
12693
12691
12684
12682
12675
12674
12652
12651
12650
12638
12635
12632
12629
12625
12619
12618
12589
12589
12576
12575
12571
12571
12569
12686
12552
12550
12540
12534
12529
12525
12524
12518
12518
12515
12511
12508
12500
12490
12487
12484
12478
12477
12472
12472
12468
12463
12462
12458
12450
12447
12438
12436
12435
12429
12422
12418
12416
12406
12401
12396
12395
12393
12392
12387
12385
12383
12381
12379
12371
12367
12365
12364
12360
12353
12348
12348
12347
12333
12326
12325
12323
12310
12308
12306
12296
12293
12287
12286
12279
12274
12271
12267
12262
12259
12258
12255
12252
12249
12249
12240
12240
12240
12239
12231
12230
12225
12224
12222
12207
12203
12188
12183
12175
12174
12174
12171
12169
12161
12159
12145
12137
12152
12133
12120
12120
12116
12113
12112
12109
12106
12106
12105
12099
12091
12088
12083
12083
12080
12076
12074
12073
12070
12065
12062
12060
12057
12053
12053
12052
12049
12048
12042
12037
12034
12033
12033
12028
12018
12015
12010
11999
11998
11994
11983
11980
11974
11966
11966
11963
11953
11947
11947
11945
11944
11938
11935
11933
11927
11922
11920
11914
11912
11910
11910
11908
11908
11906
11903
11887
11885
11877
11868
11847
11845
11842
11832
11829
11825
11824
11822
11820
11817
11815
11815
11811
11808
11808
11807
11807
11800
11800
11796
11789
11789
11789
11777
11774
11774
11770
11765
11762
11761
11752
11751
11749
11740
11730
11726
11722
11716
11709
11695
11693
11691
11685
11685
11679
11677
11677
11669
11665
11658
11651
11650
11650
11648
11639
11637
11632
11631
11631
11630
11627
11623
11622
11614
11612
11611
11605
11604
11602
11599
11592
11587
11585
11584
11576
11574
11570
11559
11559
11558
11557
11556
11552
11551
11548
11547
11546
11541
11536
11535
11530
11520
11513
11503
11502
11501
11500
11498
11496
11490
11482
11477
11475
11473
11472
11459
11446
11443
11441
11436
11431
11422
11415
11415
11407
11406
11402
11400
11391
11378
11375
11358
11353
11351
11351
11349
11346
11345
11342
11324
11321
11316
11316
11314
11313
11311
11307
11304
11302
11287
11277
11273
11272
11266
11262
11251
11250
11245
11245
11240
11238
11232
11230
11229
11229
11228
11217
11225
11212
11206
11201
11197
11195
11194
11172
11172
11168
11166
11164
11164
11163
11157
11151
11143
11132
11130
11130
11126
11125
11124
11121
11115
11112
11112
11101
11101
11095
11093
11090
11085
11084
11084
11081
11062
11054
11045
11044
11040
11039
11038
11034
11032
11030
11017
11017
11012
11009
11009
11006
11003
10985
10983
10979
10977
10975
10974
10974
10972
10972
10961
10953
10943
10955
10941
10945
10934
10931
10924
10922
10921
10920
10915
10909
10906
10901
10898
10888
10886
10884
10879
10872
10869
10865
10865
10864
10862
10860
10853
10852
10851
10846
10845
10844
10842
10840
10840
10833
10830
10826
10823
10817
10816
10811
10806
10804
10802
10802
10797
10797
10789
10785
10779
10777
10776
10776
10762
10759
10757
10751
10748
10743
10738
10737
10734
10731
10730
10726
10717
10713
10711
10708
10704
10702
10701
10699
10689
10687
10683
10679
10679
10678
10676
10676
10665
10662
10661
10650
10647
10647
10645
10641
10635
10619
10617
10615
10612
10637
10609
10605
10603
10600
10600
10594
10593
10585
10572
10571
10562
10561
10559
10559
10546
10542
10539
10537
10537
10533
10532
10524
10521
10521
10517
10517
10511
10510
10506
10506
10504
10499
10491
10491
10489
10489
10487
10480
10477
10474
10473
10473
10472
10469
10465
10464
10447
10446
10446
10445
10439
10449
10434
10431
10427
10424
10423
10423
10422
10422
10422
10419
10418
10418
10414
10412
10411
10404
10403
10402
10402
10402
10397
10394
10390
10384
10380
10376
10373
10372
10370
10369
10367
10360
10359
10357
10356
10350
10349
10340
10333
10327
10326
10319
10315
10314
10311
10310
10309
10308
10304
10302
10292
10291
10289
10285
10282
10281
10278
10274
10274
10268
10265
10263
10259
10258
10256
10249
10247
10247
10244
10244
10241
10235
10239
10230
10226
10224
10222
10219
10212
10210
10209
10207
10202
10201
10199
10197
10193
10190
10188
10183
10181
10182
10192
10172
10172
10169
10164
10162
10157
10153
10152
10152
10151
10150
10147
10137
10135
10131
10130
10129
10128
10110
10106
10105
10105
10102
10101
10098
10097
10094
10093
10092
10089
10088
10087
10087
10082
10079
10076
10076
10075
10072
10061
10061
10061
10059
10081
10050
10050
10042
10042
10040
10038
10038
10037
10034
10034
10033
10031
10027
10025
10025
10015
10014
10016
10013
10011
10010
9995
9991
9991
9990
9986
9982
9981
9977
9975
9968
9962
9957
9957
9957
9955
9955
9949
9943
9942
9940
9921
9919
9918
9918
9911
9908
9908
9907
9903
9902
9892
9889
9895
9885
9884
9879
9876
9872
9872
9872
9870
9870
9870
9870
9869
9862
9861
9860
9859
9859
9858
9857
9854
9849
9840
9839
9838
9837
9836
9834
9834
9832
9827
9826
9824
9822
9818
9818
9817
9816
9810
9809
9806
9805
9804
9802
9800
9790
9788
9787
9787
9786
9785
9784
9780
9778
9774
9765
9764
9758
9753
9750
9749
9748
9744
9742
9739
9735
9735
9733
9730
9726
9719
9718
9705
9704
9701
9700
9696
9693
9693
9692
9689
9687
9687
9684
9683
9681
9681
9681
9678
9675
9674
9674
9669
9660
9660
9659
9658
9655
9664
9651
9642
9637
9635
9633
9628
9627
9625
9622
9621
9621
9619
9619
9616
9614
9611
9611
9601
9596
9595
9589
9589
9588
9586
9582
9582
9581
9576
9573
9568
9566
9555
9550
9540
9537
9535
9533
9530
9530
9526
9522
9521
9518
9516
9514
9514
9504
9500
9499
9499
9494
9492
9491
9491
9489
9486
9486
9485
9462
9461
9456
9454
9453
9450
9449
9447
9441
9440
9433
9430
9427
9426
9424
9423
9420
9418
9412
9411
9407
9404
9399
9398
9395
9395
9391
9386
9386
9388
9382
9381
9380
9379
9378
9378
9378
9378
9378
9369
9357
9357
9354
9354
9351
9347
9347
9345
9341
9341
9340
9336
9336
9332
9332
9324
9322
9319
9318
9317
9316
9314
9308
9308
9306
9306
9305
9304
9299
9299
9296
9296
9296
9291
9290
9289
9289
9288
9281
9281
9283
9277
9276
9275
9272
9272
9271
9268
9268
9266
9265
9265
9260
9252
9250
9250
9250
9249
9244
9233
9233
9226
9224
9223
9217
9216
9216
9216
9216
9215
9214
9218
9214
9210
9208
9207
9201
9199
9198
9195
9191
9188
9187
9186
9183
9175
9175
9172
9168
9168
9166
9164
9161
9158
9156
9153
9152
9152
9150
9142
9138
9138
9136
9134
9131
9130
9130
9105
9102
9098
9094
9089
9088
9088
9087
9084
9083
9075
9072
9070
9070
9069
9064
9063
9058
9058
9057
9055
9054
9052
9051
9045
9044
9041
9041
9039
9038
9030
9023
9022
9018
9016
9014
9013
9012
9012
9010
9004
9003
9001
8999
8997
8996
8994
8993
8992
8992
8992
8988
8979
8978
8974
8974
8973
8973
8972
8971
8971
8969
8962
8962
8960
8960
8958
8957
8952
8948
8947
8946
8945
8943
8941
8939
8938
8935
8935
8933
8932
8931
8928
8925
8921
8919
8915
8915
8915
8914
8910
8909
8906
8903
8900
8898
8897
8897
8895
8895
8893
8885
8880
8880
8875
8874
8873
8867
8861
8851
8850
8848
8847
8844
8841
8838
8833
8827
8826
8824
8821
8821
8820
8820
8845
8815
8815
8815
8813
8811
8803
8803
8801
8799
8798
8798
8796
8795
8786
8781
8777
8773
8773
8772
8770
8764
8764
8764
8763
8778
8758
8756
8755
8751
8751
8747
8745
8743
8742
8742
8739
8739
8737
8734
8733
8732
8728
8725
8722
8719
8719
8719
8716
8715
8713
8713
8712
8721
8708
8704
8701
8684
8682
8678
8675
8673
8668
8665
8664
8664
8661
8661
8659
8652
8651
8649
8645
8645
8641
8639
8637
8634
8634
8634
8634
8632
8632
8630
8629
8627
8625
8624
8624
8623
8622
8621
8617
8614
8612
8608
8608
8607
8607
8606
8606
8606
8605
8605
8602
8596
8591
8586
8585
8583
8581
8577
8576
8576
8576
8574
8571
8570
8569
8569
8568
8566
8564
8552
8551
8551
8549
8544
8542
8542
8538
8536
8533
8532
8531
8531
8526
8525
8524
8523
8522
8520
8511
8511
8511
8505
8504
8502
8502
8500
8500
8497
8494
8494
8492
8488
8488
8483
8483
8481
8476
8475
8475
8474
8451
8466
8466
8464
8464
8463
8459
8458
8458
8452
8449
8448
8448
8447
8447
8443
8438
8437
8436
8436
8435
8432
8430
8425
8417
8414
8413
8410
8402
8397
8396
8394
8393
8391
8391
8390
8389
8389
8382
8375
8373
8370
8370
8363
8361
8358
8358
8355
8352
8350
8347
8343
8342
8339
8337
8335
8331
8327
8325
8325
8323
8322
8321
8317
8312
8310
8310
8309
8308
8308
8306
8306
8305
8304
8303
8300
8299
8292
8292
8292
8289
8288
8285
8284
8282
8280
8280
8279
8277
8277
8276
8276
8276
8271
8271
8271
8268
8268
8267
8266
8263
8263
8258
8257
8256
8256
8256
8251
8249
8246
8246
8246
8245
8245
8242
8241
8234
8233
8231
8224
8221
8216
8215
8214
8213
8212
8203
8202
8201
8200
8200
8199
8198
8197
8196
8193
8193
8191
8187
8187
8183
8179
8179
8177
8176
8175
8174
8174
8174
8173
8171
8169
8166
8163
8162
8161
8160
8159
8159
8158
8158
8154
8153
8152
8151
8149
8144
8143
8143
8142
8141
8136
8136
8135
8128
8127
8125
8125
8123
8121
8121
8119
8118
8117
8113
8109
8104
8102
8100
8099
8098
8096
8092
8087
8086
8086
8086
8084
8084
8082
8080
8079
8076
8076
8075
8075
8073
8072
8070
8070
8069
8069
8067
8066
8066
8065
8064
8061
8058
8056
8055
8053
8053
8053
8052
8052
8050
8048
8048
8047
8040
8037
8036
8035
8034
8033
8032
8032
8030
8029
8026
8024
8024
8024
8022
8020
8018
8017
8016
8016
8013
8012
8012
8010
8003
8001
8000
7999
7999
7996
7995
7995
7986
7984
7983
7982
7982
7980
7978
7974
7974
7973
7970
7970
7969
7969
7968
7968
7967
7966
7966
7965
7965
7964
7964
7963
7959
7958
7955
7949
7946
7946
7944
7943
7943
7942
7939
7937
7937
7936
7934
7930
7929
7929
7928
7922
7918
7918
7917
7917
7916
7915
7914
7911
7911
7910
7909
7900
7900
7899
7896
7894
7890
7890
7887
7887
7886
7885
7885
7883
7882
7880
7878
7868
7867
7864
7864
7863
7860
7859
7856
7856
7853
7852
7852
7848
7847
7846
7845
7843
7834
7834
7834
7832
7832
7829
7828
7828
7828
7827
7810
7807
7805
7805
7805
7804
7803
7801
7801
7796
7795
7793
7790
7789
7787
7782
7780
7780
7779
7777
7776
7776
7775
7775
7772
7772
7768
7768
7767
7765
7764
7764
7761
7761
7760
7759
7758
7754
7752
7749
7743
7742
7741
7740
7738
7737
7736
7735
7734
7727
7725
7720
7718
7718
7717
7716
7714
7713
7712
7711
7706
7702
7701
7697
7696
7694
7693
7693
7692
7690
7687
7684
7683
7683
7680
7678
7677
7676
7675
7674
7672
7671
7670
7669
7664
7664
7663
7662
7675
7657
7657
7655
7652
7650
7650
7649
7647
7646
7644
7644
7643
7640
7640
7639
7635
7634
7633
7632
7627
7621
7621
7620
7618
7617
7616
7615
7610
7610
7607
7604
7603
7602
7601
7601
7600
7600
7597
7596
7596
7596
7596
7595
7594
7593
7593
7593
7591
7590
7590
7588
7588
7587
7587
7585
7584
7583
7582
7580
7578
7577
7576
7568
7568
7566
7564
7564
7564
7562
7562
7557
7548
7548
7547
7546
7545
7545
7542
7540
7539
7538
7537
7536
7534
7532
7531
7528
7528
7528
7527
7524
7523
7522
7519
7514
7514
7513
7512
7512
7511
7510
7509
7509
7504
7502
7500
7500
7500
7499
7496
7496
7494
7489
7489
7486
7485
7485
7479
7479
7517
7478
7477
7476
7476
7474
7473
7473
7473
7473
7470
7465
7465
7465
7463
7463
7461
7459
7459
7459
7458
7456
7451
7449
7448
7445
7443
7441
7440
7439
7435
7434
7434
7448
7433
7431
7429
7427
7425
7425
7425
7423
7421
7421
7420
7417
7435
7415
7414
7414
7413
7412
7411
7407
7406
7404
7402
7401
7401
7400
7398
7397
7397
7395
7394
7391
7391
7391
7390
7389
7389
7389
7386
7386
7385
7384
7377
7373
7373
7373
7370
7369
7367
7365
7365
7362
7362
7360
7359
7359
7358
7355
7354
7352
7349
7348
7347
7344
7343
7339
7339
7338
7335
7331
7328
7328
7327
7325
7323
7317
7315
7315
7314
7312
7311
7310
7309
7308
7307
7305
7304
7298
7297
7297
7296
7295
7292
7300
7291
7290
7285
7284
7283
7282
7278
7277
7275
7274
7273
7272
7270
7268
7267
7266
7262
7261
7260
7260
7258
7257
7254
7254
7252
7251
7250
7247
7245
7243
7243
7240
7239
7230
7228
7228
7227
7227
7227
7227
7225
7225
7223
7223
7222
7220
7219
7217
7216
7214
7212
7203
7202
7202
7201
7199
7198
7195
7194
7191
7190
7190
7187
7186
7184
7180
7180
7179
7178
7175
7174
7167
7161
7159
7160
7154
7154
7152
7149
7149
7147
7147
7147
7146
7111
7145
7144
7142
7141
7140
7137
7135
7136
7134
7132
7131
7130
7129
7129
7127
7127
7126
7126
7122
7121
7117
7115
7113
7113
7112
7110
7110
7109
7109
7108
7107
7106
7105
7103
7101
7096
7095
7093
7091
7089
7088
7085
7080
7079
7074
7072
7068
7068
7067
7066
7064
7062
7059
7055
7053
7052
7052
7050
7050
7050
7049
7049
7047
7047
7045
7044
7043
7041
7040
7039
7038
7038
7035
7033
7033
7033
7033
7030
7028
7027
7026
7026
7026
7023
7023
7021
7020
7017
7016
7012
7006
7006
7005
7005
7004
7004
7002
7001
7001
7000
6996
6996
6995
6994
6994
6994
6993
6992
6992
6991
6991
6991
6990
6987
6986
6985
6981
6979
6975
6974
6974
6969
6962
6968
6966
6964
6964
6955
6955
6954
6953
6953
6951
6950
6950
6950
6949
6948
6948
6948
6945
6945
6944
6943
6944
6941
6939
6937
6935
6935
6933
6932
6929
6925
6925
6925
6923
6922
6922
6920
6918
6918
6917
6917
6911
6910
6909
6906
6906
6905
6904
6904
6903
6902
6902
6899
6899
6899
6898
6896
6892
6890
6888
6887
6884
6882
6881
6880
6879
6876
6872
6868
6868
6866
6866
6865
6865
6863
6861
6861
6861
6860
6860
6860
6860
6858
6855
6854
6851
6850
6850
6849
6847
6845
6840
6839
6839
6837
6837
6836
6834
6834
6834
6833
6833
6832
6831
6832
6829
6827
6826
6825
6820
6820
6818
6817
6816
6811
6810
6810
6810
6809
6808
6808
6807
6807
6804
6804
6800
6800
6796
6794
6794
6794
6793
6791
6790
6789
6789
6787
6786
6784
6784
6783
6781
6781
6778
6777
6776
6774
6786
6770
6766
6766
6766
6765
6765
6765
6762
6760
6760
6759
6758
6755
6735
6752
6751
6749
6748
6748
6827
6745
6743
6741
6735
6731
6731
6728
6728
6727
6724
6723
6722
6722
6722
6721
6719
6715
6714
6713
6713
6735
6712
6709
6709
6708
6706
6705
6703
6702
6700
6699
6694
6690
6685
6685
6685
6685
6684
6684
6684
6681
6681
6680
6680
6679
6678
6677
6677
6676
6675
6675
6675
6673
6673
6673
6671
6667
6667
6666
6666
6665
6664
6662
6662
6661
6659
6657
6656
6663
6654
6654
6653
6650
6648
6647
6644
6644
6644
6643
6642
6642
6641
6639
6639
6637
6637
6637
6636
6636
6635
6632
6632
6631
6631
6630
6630
6629
6628
6627
6627
6625
6624
6620
6620
6619
6618
6618
6617
6617
6617
6615
6615
6615
6612
6611
6609
6608
6607
6605
6605
6605
6604
6604
6604
6603
6602
6601
6601
6598
6598
6597
6597
6597
6594
6592
6592
6592
6589
6587
6585
6581
6581
6581
6581
6580
6578
6577
6577
6575
6572
6572
6572
6571
6569
6568
6566
6566
6565
6565
6561
6561
6560
6559
6557
6556
6554
6554
6553
6553
6552
6551
6550
6550
6549
6546
6546
6545
6542
6541
6543
6535
6533
6532
6532
6530
6530
6530
6529
6526
6524
6524
6523
6523
6522
6521
6516
6516
6514
6514
6511
6511
6511
6510
6509
6508
6505
6505
6502
6500
6499
6499
6497
6497
6496
6496
6494
6493
6493
6493
6492
6492
6492
6490
6488
6487
6486
6485
6483
6481
6478
6478
6473
6471
6470
6469
6469
6467
6467
6464
6464
6463
6461
6459
6457
6457
6455
6455
6454
6453
6450
6449
6449
6449
6448
6446
6445
6445
6445
6445
6443
6438
6437
6435
6433
6432
6431
6431
6430
6430
6429
6429
6421
6421
6420
6418
6418
6417
6417
6417
6417
6415
6413
6411
6411
6410
6410
6409
6408
6408
6407
6405
6405
6404
6403
6402
6401
6400
6400
6400
6399
6399
6397
6395
6394
6390
6389
6389
6389
6388
6388
6387
6387
6387
6386
6383
6381
6380
6379
6378
6373
6373
6371
6371
6369
6369
6368
6368
6366
6365
6361
6358
6358
6356
6354
6353
6353
6351
6350
6348
6347
6347
6341
6340
6339
6339
6339
6338
6337
6335
6335
6333
6333
6333
6331
6330
6328
6328
6327
6327
6326
6324
6324
6324
6338
6323
6319
6318
6317
6315
6314
6314
6311
6310
6309
6308
6305
6303
6303
6301
6299
6298
6297
6295
6295
6295
6293
6292
6289
6390
6288
6288
6286
6286
6285
6285
6282
6282
6282
6282
6280
6279
6279
6278
6274
6274
6274
6272
6271
6268
6268
6267
6265
6262
6256
6256
6255
6254
6254
6250
6250
6249
6248
6246
6246
6243
6243
6243
6241
6241
6241
6240
6239
6239
6237
6234
6234
6230
6229
6228
6226
6225
6225
6225
6222
6221
6220
6219
6219
6218
6217
6216
6255
6215
6215
6214
6214
6213
6213
6212
6209
6207
6207
6206
6206
6206
6205
6205
6185
6202
6201
6201
6199
6198
6195
6194
6192
6188
6187
6187
6183
6182
6182
6182
6182
6181
6178
6178
6176
6175
6174
6174
6174
6173
6173
6172
6170
6170
6170
6170
6169
6168
6168
6167
6166
6166
6164
6163
6162
6161
6160
6158
6157
6154
6153
6153
6151
6151
6151
6150
6149
6148
6146
6145
6145
6145
6143
6143
6142
6141
6142
6142
6141
6141
6140
6140
6140
6139
6138
6138
6136
6136
6136
6135
6134
6132
6131
6129
6128
6126
6125
6125
6124
6123
6122
6121
6121
6120
6119
6118
6118
6117
6114
6112
6109
6109
6107
6107
6109
6105
6104
6104
6104
6103
6103
6099
6098
6098
6128
6095
6092
6091
6088
6086
6083
6082
6081
6081
6083
6079
6079
6078
6075
6074
6073
6072
6071
6071
6069
6069
6066
6066
6064
6063
6062
6062
6061
6060
6058
6057
6056
6055
6054
6053
6052
6051
6050
6050
6049
6048
6047
6046
6058
6040
6040
6036
6036
6035
6033
6032
6032
6032
6032
6029
6028
6027
6027
6027
6025
6025
6024
6021
6021
6019
6017
6017
6016
6016
6014
6014
6013
6013
6013
6012
6026
6012
6012
6010
6010
6006
6005
6005
6005
6003
6003
6002
6001
5998
5998
5997
5996
5995
5994
5992
5992
5991
5988
5987
5987
5982
5981
5981
5981
5981
5980
5979
5979
5978
5977
5976
5975
5974
5973
5972
5970
5970
5969
5969
5968
5967
5966
5965
5978
5964
5960
5960
5958
5957
5955
5955
5953
5953
5953
5952
5951
5959
5947
5944
5944
5941
5941
5941
5940
5940
5938
5938
5938
5938
5936
5933
5933
5932
5932
5932
5931
5929
5929
5929
5928
5928
5927
5927
5913
5921
5921
5920
5919
5919
5916
5916
5915
5913
5913
5913
5913
5912
5912
5911
5911
5910
5910
5908
5906
5905
5905
5904
5903
5903
5902
5901
5900
5899
5899
5898
5897
5897
5895
5893
5891
5890
5889
5889
5888
5888
5886
5886
5885
5884
5884
5883
5881
5880
5876
5873
5872
5871
5871
5870
5870
5868
5865
5864
5863
5863
5863
5862
5859
5858
5856
5855
5855
5855
5855
5853
5853
5850
5850
5850
5849
5849
5849
5847
5845
5843
5840
5837
5837
5836
5835
5834
5834
5832
5832
5830
5829
5829
5828
5827
5827
5826
5825
5825
5824
5823
5821
5819
5819
5818
5817
5815
5815
5813
5812
5809
5809
5807
5806
5805
5805
5805
5805
5804
5803
5803
5802
5802
5801
5800
5800
5800
5800
5797
5797
5797
5797
5795
5795
5795
5793
5792
5792
5790
5789
5789
5789
5789
5786
5785
5784
5784
5784
5784
5782
5782
5782
5780
5780
5779
5776
5776
5775
5775
5774
5773
5773
5772
5771
5771
5771
5770
5770
5769
5767
5761
5758
5758
5758
5757
5757
5756
5756
5755
5754
5753
5753
5752
5751
5750
5749
5746
5745
5744
5742
5740
5739
5738
5738
5737
5737
5733
5732
5732
5732
5729
5728
5727
5726
5725
5724
5723
5722
5722
5722
5721
5721
5720
5719
5718
5722
5715
5714
5714
5711
5711
5711
5711
5710
5708
5707
5706
5706
5706
5705
5708
5705
5703
5703
5703
5703
5702
5702
5702
5701
5700
5700
5695
5695
5694
5693
5693
5691
5690
5690
5690
5689
5688
5687
5684
5684
5684
5683
5683
5681
5679
5679
5675
5675
5674
5673
5669
5667
5667
5665
5665
5663
5662
5661
5661
5660
5660
5660
5659
5659
5658
5656
5655
5653
5653
5652
5651
5650
5650
5648
5648
5648
5647
5647
5647
5645
5645
5644
5642
5641
5640
5640
5639
5637
5636
5636
5635
5634
5632
5630
5630
5629
5628
5627
5626
5623
5623
5623
5622
5619
5616
5616
5615
5622
5615
5615
5614
5614
5614
5614
5613
5609
5609
5604
5604
5603
5600
5600
5599
5598
5598
5595
5595
5595
5591
5590
5590
5589
5588
5587
5586
5586
5585
5583
5580
5580
5579
5576
5576
5576
5574
5573
5572
5571
5570
5570
5569
5569
5568
5566
5565
5564
5563
5563
5562
5560
5558
5557
5557
5556
5556
5555
5554
5554
5553
5552
5552
5551
5551
5549
5548
5547
5547
5547
5547
5546
5543
5543
5542
5542
5541
5541
5539
5539
5537
5537
5535
5535
5532
5532
5531
5530
5530
5529
5528
5528
5528
5526
5525
5524
5524
5523
5522
5522
5521
5520
5518
5517
5517
5516
5515
5513
5513
5512
5512
5510
5509
5509
5509
5508
5508
5507
5507
5507
5505
5504
5503
5502
5502
5502
5500
5499
5498
5498
5497
5497
5496
5495
5495
5493
5493
5492
5492
5492
5492
5490
5489
5489
5488
5487
5484
5484
5484
5484
5483
5483
5482
5482
5481
5481
5478
5477
5477
5476
5474
5471
5470
5468
5467
5462
5462
5461
5460
5460
5459
5459
5457
5457
5455
5454
5453
5453
5452
5452
5452
5452
5451
5451
5450
5450
5449
5449
5448
5447
5447
5446
5445
5444
5444
5443
5443
5443
5442
5441
5441
5441
5441
5439
5439
5437
5436
5436
5435
5434
5434
5433
5433
5429
5425
5425
5425
5424
5424
5423
5423
5422
5422
5422
5421
5421
5420
5419
5419
5419
5417
5416
5415
5414
5414
5413
5413
5413
5413
5412
5410
5409
5409
5408
5407
5405
5405
5404
5404
5404
5401
5400
5400
5400
5400
5398
5397
5397
5397
5395
5395
5394
5394
5392
5392
5392
5390
5389
5388
5388
5388
5387
5387
5387
5387
5387
5386
5384
5384
5384
5383
5383
5383
5382
5382
5382
5381
5381
5381
5380
5380
5379
5378
5375
5374
5373
5373
5372
5372
5372
5371
5371
5369
5369
5369
5368
5366
5366
5365
5363
5362
5360
5360
5359
5358
5358
5369
5356
5355
5353
5352
5351
5351
5350
5348
5346
5345
5344
5340
5340
5339
5338
5337
5336
5336
5335
5335
5335
5333
5333
5332
5331
5331
5331
5330
5330
5329
5329
5329
5328
5327
5326
5325
5325
5324
5323
5323
5321
5320
5320
5320
5319
5318
5318
5318
5318
5318
5316
5316
5315
5315
5313
5313
5312
5310
5307
5307
5306
5305
5304
5304
5303
5303
5302
5302
5300
5300
5295
5294
5293
5293
5292
5291
5288
5288
5286
5286
5286
5284
5283
5282
5281
5279
5278
5277
5277
5276
5276
5276
5276
5272
5272
5270
5270
5269
5267
5267
5267
5266
5263
5263
5263
5262
5262
5263
5260
5258
5258
5256
5255
5254
5252
5252
5251
5251
5251
5251
5250
5249
5248
5246
5246
5245
5245
5243
5241
5241
5241
5240
5239
5239
5238
5238
5236
5234
5234
5234
5233
5233
5232
5231
5229
5229
5225
5225
5223
5221
5221
5221
5220
5218
5216
5216
5216
5216
5215
5214
5213
5212
5210
5210
5209
5208
5207
5207
5207
5205
5205
5205
5202
5201
5201
5200
5200
5199
5198
5198
5197
5198
5196
5195
5195
5195
5193
5193
5190
5189
5188
5188
5188
5188
5187
5187
5187
5184
5184
5184
5183
5182
5182
5182
5182
5180
5180
5179
5178
5177
5177
5177
5177
5197
5175
5175
5175
5175
5174
5173
5173
5173
5172
5172
5171
5171
5170
5170
5170
5170
5170
5170
5169
5168
5168
5167
5165
5164
5163
5162
5162
5161
5160
5159
5156
5155
5155
5155
5154
5154
5154
5154
5153
5152
5151
5150
5149
5149
5147
5147
5146
5145
5145
5145
5144
5143
5142
5142
5140
5139
5138
5138
5138
5137
5136
5135
5132
5132
5131
5131
5130
5130
5127
5126
5126
5125
5124
5124
5122
5121
5120
5118
5117
5115
5115
5115
5115
5114
5113
5111
5110
5110
5109
5108
5107
5105
5105
5103
5102
5102
5101
5101
5100
5100
5097
5097
5096
5096
5096
5095
5094
5092
5092
5092
5098
5091
5090
5091
5089
5088
5088
5088
5088
5087
5086
5085
5084
5083
5082
5081
5079
5078
5078
5078
5078
5077
5077
5077
5076
5076
5074
5074
5072
5071
5070
5087
5069
5068
5068
5068
5066
5066
5066
5066
5066
5066
5065
5065
5064
5061
5061
5060
5060
5058
5058
5058
5058
5058
5057
5057
5057
5057
5057
5053
5053
5051
5050
5050
5050
5050
5047
5046
5044
5041
5038
5038
5037
5037
5036
5036
5036
5035
5035
5035
5035
5034
5034
5033
5032
5032
5031
5031
5030
5030
5029
5027
5027
5026
5024
5023
5022
5020
5020
5020
5020
5020
5019
5019
5018
5017
5017
5017
5017
5016
5016
5015
5015
5012
5012
5010
5010
5008
5008
5008
5008
5007
5006
5004
5002
5001
5001
5000
4999
4999
4998
4998
4997
4996
4996
4996
4995
4994
4993
4992
4991
4991
4990
4988
5051
4988
4988
4985
4984
4984
4981
4979
4979
4978
4978
4978
4978
4978
4978
4977
4977
4977
4977
4976
4974
4971
4971
4970
4970
4969
4969
4969
4967
4967
4967
4967
4967
4967
4965
4965
4965
4964
4964
4960
4960
4956
4956
4955
4955
4955
4955
4955
4955
4954
4953
4953
4952
4952
4952
4951
4951
4950
4950
4950
4950
4948
4948
4945
4945
4944
4942
4941
4940
4940
4940
4939
4939
4939
4937
4937
4937
4937
4936
4936
4935
4935
4935
4935
4935
4935
4934
4932
4930
4930
4929
4929
4928
4928
4927
4927
4926
4925
4924
4924
4924
4923
4923
4923
4922
4921
4920
4920
4920
4919
4922
4917
4917
4916
4916
4915
4915
4914
4913
4913
4948
4913
4913
4910
4909
4908
4908
4907
4907
4907
4906
4905
4905
4905
4905
4904
4903
4903
4902
4902
4901
4901
4900
4899
4898
4898
4896
4895
4894
4893
4893
4893
4890
4890
4890
4890
4889
4889
4887
4886
4886
4886
4885
4884
4884
4884
4883
4881
4881
4881
4881
4880
4880
4879
4878
4878
4878
4877
4875
4875
4875
4874
4874
4874
4872
4871
4871
4870
4870
4869
4868
4865
4864
4863
4862
4860
4859
4857
4857
4855
4855
4855
4855
4854
4854
4854
4854
4853
4852
4852
4852
4849
4849
4849
4848
4848
4846
4845
4845
4845
4844
4844
4844
4843
4843
4842
4842
4842
4842
4841
4839
4818
4838
4838
4836
4835
4834
4833
4833
4832
4832
4831
4831
4830
4830
4830
4829
4829
4828
4827
4826
4825
4825
4824
4824
4823
4823
4823
4822
4821
4821
4821
4820
4819
4819
4819
4819
4819
4819
4818
4818
4817
4816
4815
4815
4813
4813
4813
4813
4812
4811
4811
4810
4810
4809
4808
4808
4807
4806
4806
4805
4804
4804
4803
4803
4802
4802
4801
4800
4800
4798
4798
4794
4794
4793
4793
4792
4792
4791
4791
4790
4788
4788
4787
4784
4783
4783
4783
4782
4782
4782
4781
4781
4781
4781
4780
4780
4780
4779
4779
4778
4778
4777
4777
4777
4777
4776
4776
4776
4775
4775
4775
4774
4773
4773
4773
4772
4772
4769
4769
4768
4767
4764
4764
4764
4763
4763
4761
4761
4760
4760
4760
4775
4759
4759
4758
4757
4756
4756
4756
4755
4751
4750
4750
4750
4749
4748
4748
4745
4744
4744
4741
4741
4739
4739
4738
4738
4735
4734
4734
4761
4731
4730
4730
4730
4730
4729
4728
4728
4726
4725
4725
4725
4724
4724
4724
4724
4723
4723
4722
4722
4721
4720
4720
4719
4719
4719
4718
4717
4717
4716
4716
4715
4714
4713
4713
4712
4712
4711
4711
4711
4711
4709
4708
4707
4707
4707
4707
4706
4704
4704
4704
4699
4698
4697
4696
4692
4692
4692
4691
4690
4689
4688
4687
4687
4687
4687
4687
4686
4685
4684
4684
4683
4681
4681
4680
4680
4679
4679
4678
4678
4677
4677
4676
4675
4674
4674
4673
4672
4670
4668
4668
4667
4666
4665
4665
4664
4664
4663
4662
4659
4657
4657
4657
4657
4655
4654
4654
4654
4653
4652
4652
4652
4652
4652
4651
4650
4649
4649
4649
4648
4646
4646
4646
4646
4645
4645
4644
4643
4641
4641
4641
4640
4640
4637
4637
4636
4636
4636
4635
4635
4635
4635
4634
4634
4634
4632
4632
4631
4631
4631
4630
4630
4629
4628
4628
4628
4628
4628
4627
4626
4624
4622
4621
4621
4621
4620
4620
4619
4619
4618
4618
4617
4616
4616
4615
4615
4614
4613
4612
4611
4610
4609
4609
4609
4609
4609
4608
4608
4607
4607
4607
4607
4606
4606
4606
4605
4605
4604
4604
4604
4604
4602
4602
4602
4601
4600
4599
4598
4597
4596
4595
4594
4593
4593
4592
4591
4590
4589
4589
4589
4589
4589
4588
4586
4585
4585
4585
4584
4584
4584
4583
4582
4580
4580
4580
4579
4581
4579
4578
4577
4577
4577
4576
4576
4576
4576
4575
4575
4574
4573
4571
4571
4570
4570
4570
4569
4569
4569
4568
4566
4566
4564
4563
4562
4561
4561
4560
4560
4560
4558
4555
4555
4555
4554
4551
4550
4549
4548
4548
4547
4547
4547
4546
4546
4546
4545
4544
4543
4542
4541
4541
4541
4541
4541
4541
4540
4539
4539
4538
4538
4537
4537
4537
4536
4535
4535
4533
4533
4532
4530
4530
4529
4528
4528
4527
4527
4526
4526
4526
4523
4522
4521
4520
4520
4519
4519
4519
4516
4515
4514
4514
4513
4513
4512
4511
4511
4511
4511
4511
4510
4510
4510
4509
4508
4507
4506
4505
4504
4504
4504
4504
4504
4503
4503
4503
4502
4502
4501
4501
4499
4499
4498
4497
4497
4497
4495
4495
4493
4493
4493
4493
4491
4491
4491
4490
4489
4489
4488
4488
4488
4486
4486
4486
4485
4484
4484
4484
4483
4482
4482
4482
4482
4481
4481
4481
4480
4480
4480
4480
4480
4479
4479
4479
4478
4478
4477
4477
4477
4476
4475
4474
4474
4474
4473
4473
4473
4473
4472
4472
4471
4470
4470
4469
4468
4468
4468
4467
4467
4467
4467
4466
4466
4464
4462
4462
4460
4460
4460
4459
4458
4458
4458
4457
4457
4457
4456
4456
4456
4456
4456
4456
4455
4455
4455
4455
4454
4454
4454
4454
4452
4452
4451
4451
4451
4449
4449
4448
4448
4447
4447
4446
4446
4446
4445
4444
4444
4443
4442
4442
4441
4440
4440
4440
4439
4439
4438
4438
4437
4437
4436
4435
4432
4432
4432
4431
4431
4430
4430
4430
4429
4428
4428
4427
4427
4426
4425
4424
4424
4423
4422
4422
4422
4421
4420
4420
4420
4420
4420
4420
4424
4420
4419
4419
4418
4418
4418
4418
4418
4416
4416
4416
4416
4415
4415
4415
4414
4414
4413
4412
4412
4411
4410
4410
4407
4407
4406
4406
4405
4405
4405
4404
4404
4403
4402
4401
4400
4400
4399
4396
4396
4396
4395
4395
4395
4395
4394
4393
4393
4393
4392
4392
4392
4391
4391
4390
4390
4390
4389
4389
4388
4388
4387
4387
4387
4387
4387
4386
4386
4385
4383
4383
4383
4383
4383
4382
4382
4382
4381
4380
4380
4380
4379
4379
4379
4377
4376
4375
4375
4375
4375
4374
4373
4373
4373
4373
4371
4371
4369
4369
4368
4368
4368
4367
4366
4366
4366
4366
4366
4365
4363
4362
4362
4434
4361
4361
4360
4360
4360
4359
4359
4358
4357
4357
4356
4355
4354
4353
4351
4351
4350
4350
4350
4349
4349
4349
4348
4347
4347
4347
4347
4346
4344
4344
4344
4343
4342
4341
4341
4341
4340
4339
4339
4339
4338
4335
4334
4333
4333
4332
4331
4331
4330
4330
4330
4330
4330
4329
4329
4327
4325
4324
4324
4323
4323
4320
4319
4318
4318
4318
4317
4316
4316
4316
4315
4315
4314
4314
4313
4313
4313
4313
4313
4311
4311
4310
4310
4309
4308
4308
4308
4308
4308
4308
4307
4307
4307
4307
4306
4306
4305
4304
4302
4302
4302
4302
4301
4301
4300
4299
4299
4305
4298
4298
4298
4320
4296
4296
4295
4294
4294
4294
4293
4292
4292
4291
4291
4290
4289
4289
4289
4289
4286
4286
4283
4282
4281
4281
4280
4280
4280
4280
4279
4278
4277
4277
4277
4276
4275
4275
4274
4274
4273
4273
4273
4272
4272
4271
4271
4270
4269
4269
4268
4268
4268
4267
4267
4266
4266
4266
4266
4265
4264
4264
4263
4263
4263
4263
4262
4262
4262
4261
4261
4261
4260
4260
4260
4259
4257
4256
4255
4254
4254
4253
4253
4252
4252
4251
4251
4251
4250
4250
4250
4249
4249
4249
4248
4247
4247
4247
4247
4247
4246
4246
4245
4244
4243
4243
4242
4242
4242
4242
4241
4241
4240
4240
4239
4238
4238
4238
4237
4236
4235
4234
4234
4234
4233
4232
4232
4231
4231
4230
4230
4230
4229
4229
4228
4228
4227
4227
4226
4226
4226
4225
4224
4224
4220
4220
4220
4220
4219
4218
4218
4218
4218
4217
4217
4217
4216
4216
4216
4215
4215
4215
4215
4214
4214
4214
4214
4214
4213
4212
4210
4209
4209
4209
4209
4208
4208
4207
4207
4207
4207
4206
4206
4206
4205
4205
4205
4204
4204
4203
4203
4203
4202
4201
4200
4200
4199
4199
4198
4197
4197
4197
4196
4196
4194
4194
4193
4193
4193
4193
4192
4192
4191
4191
4191
4191
4190
4190
4189
4189
4188
4188
4187
4186
4185
4184
4183
4183
4183
4182
4182
4182
4181
4181
4181
4179
4178
4178
4177
4177
4177
4176
4176
4176
4176
4191
4174
4174
4174
4174
4174
4173
4173
4172
4172
4172
4171
4170
4170
4170
4169
4169
4168
4168
4167
4166
4166
4165
4164
4164
4163
4161
4160
4160
4159
4158
4158
4158
4157
4157
4156
4156
4156
4156
4155
4155
4154
4154
4154
4153
4153
4153
4152
4152
4152
4152
4151
4151
4150
4150
4148
4148
4148
4148
4146
4146
4145
4145
4145
4145
4145
4145
4144
4143
4143
4143
4142
4142
4141
4141
4141
4141
4140
4140
4140
4140
4138
4137
4137
4137
4136
4136
4135
4135
4139
4135
4135
4134
4134
4134
4134
4133
4133
4133
4133
4132
4132
4131
4130
4130
4130
4130
4129
4129
4128
4127
4130
4127
4126
4126
4124
4124
4124
4124
4124
4123
4123
4123
4122
4122
4121
4120
4120
4120
4120
4119
4118
4118
4118
4117
4116
4116
4115
4115
4115
4113
4113
4113
4112
4112
4111
4111
4111
4111
4111
4110
4108
4108
4108
4108
4108
4105
4105
4105
4104
4104
4104
4103
4103
4103
4103
4102
4101
4101
4100
4100
4099
4099
4099
4099
4099
4098
4098
4098
4098
4097
4097
4096
4096
4096
4095
4095
4094
4094
4092
4092
4091
4091
4090
4090
4089
4089
4089
4089
4089
4088
4088
4087
4086
4086
4085
4085
4085
4084
4084
4083
4083
4083
4082
4082
4081
4081
4081
4080
4080
4080
4078
4076
4076
4076
4075
4075
4075
4075
4074
4074
4073
4072
4072
4071
4070
4094
4069
4069
4068
4067
4067
4067
4067
4067
4066
4065
4065
4064
4064
4064
4062
4062
4062
4061
4060
4060
4059
4059
4059
4057
4057
4057
4057
4057
4057
4056
4055
4055
4054
4053
4053
4053
4051
4051
4050
4050
4049
4048
4048
4046
4046
4046
4045
4045
4044
4044
4044
4043
4043
4042
4042
4042
4042
4040
4039
4038
4038
4036
4036
4036
4035
4035
4035
4035
4035
4035
4034
4034
4034
4033
4033
4033
4032
4032
4032
4031
4031
4030
4030
4030
4030
4030
4030
4030
4029
4029
4029
4028
4028
4027
4027
4027
4026
4026
4026
4025
4025
4024
4024
4024
4024
4024
4023
4023
4023
4022
4022
4021
4021
4021
4021
4020
4020
4020
4019
4019
4019
4019
4019
4019
4018
4018
4018
4017
4016
4015
4014
4014
4014
4013
4013
4012
4012
4010
4009
4009
4010
4008
4008
4007
4007
4007
4006
4006
4006
4005
4005
4018
4004
4004
4004
4004
4003
4003
4002
4002
4002
4001
3999
3999
3998
3997
3997
3996
3995
3999
3995
3993
3993
3993
3992
3992
3992
3991
3991
3990
3989
3988
3988
3987
3987
3986
3986
3986
3985
3985
3985
3984
3984
3982
3982
3982
3981
3980
3978
3980
3978
3978
3977
3977
3976
3976
3976
3976
3975
3975
3975
3974
3974
3974
3974
3974
3973
3973
3972
3972
3972
3971
3971
3970
3970
3970
3969
3969
3968
3968
3968
3967
3967
3968
3965
3965
3965
3964
3964
3964
3963
3963
3963
3962
3961
3961
3960
3960
3960
3960
3959
3959
3957
3957
3956
3956
3956
3956
3957
3955
3954
3954
3954
3953
3953
3953
3953
3952
3952
3952
3952
3951
3950
3950
3949
3949
3948
3948
3948
3949
3947
3947
3946
3945
3945
3945
3944
3943
3943
3942
3940
3940
3940
3940
3939
3939
3939
3939
3939
3939
3938
3937
3937
3937
3936
3935
3935
3935
3934
3934
3934
3933
3932
3932
3932
3931
3931
3930
3929
3929
3929
3927
3927
3924
3924
3924
3924
3924
3923
3923
3922
3922
3921
3920
3920
3920
3920
3920
3918
3918
3917
3917
3917
3917
3917
3916
3916
3916
3915
3915
3915
3913
3913
3913
3913
3912
3912
3912
3911
3911
3911
3911
3910
3910
3910
3910
3909
3908
3908
3908
3908
3907
3907
3907
3907
3907
3907
3907
3907
3906
3906
3906
3906
3906
3904
3904
3904
3904
3903
3903
3903
3903
3902
3902
3901
3901
3901
3901
3901
3901
3901
3900
3900
3899
3899
3898
3898
3897
3897
3896
3895
3895
3895
3895
3895
3894
3894
3894
3894
3893
3893
3892
3892
3892
3892
3891
3891
3890
3890
3889
3888
3888
3888
3893
3887
3887
3887
3887
3886
3886
3886
3885
3885
3884
3884
3884
3883
3883
3883
3883
3883
3882
3882
3881
3881
3880
3880
3879
3879
3879
3879
3879
3879
3878
3878
3877
3877
3877
3876
3875
3874
3873
3876
3873
3873
3873
3873
3873
3872
3872
3872
3872
3872
3871
3871
3870
3870
3869
3869
3868
3868
3868
3867
3866
3865
3865
3864
3864
3864
3864
3863
3863
3862
3862
3862
3861
3861
3861
3860
3860
3859
3859
3858
3857
3857
3857
3857
3856
3856
3855
3853
3853
3853
3852
3852
3852
3852
3852
3851
3851
3851
3850
3850
3850
3850
3850
3850
3849
3848
3848
3848
3848
3847
3847
3847
3847
3846
3846
3846
3846
3846
3845
3845
3844
3844
3844
3844
3843
3843
3842
3841
3841
3840
3840
3839
3839
3838
3838
3837
3836
3836
3836
3836
3836
3836
3836
3843
3834
3834
3834
3834
3834
3833
3833
3833
3831
3831
3830
3830
3830
3829
3829
3829
3829
3828
3827
3827
3827
3826
3826
3825
3825
3825
3825
3824
3824
3823
3823
3822
3822
3821
3820
3820
3820
3819
3819
3819
3819
3818
3818
3817
3817
3816
3816
3815
3814
3814
3814
3814
3814
3814
3813
3812
3812
3811
3811
3811
3811
3811
3811
3811
3811
3810
3809
3809
3809
3808
3807
3807
3807
3807
3848
3806
3806
3806
3806
3806
3804
3803
3802
3802
3802
3802
3801
3801
3801
3801
3801
3801
3813
3800
3799
3799
3798
3798
3798
3797
3797
3797
3797
3797
3797
3796
3796
3796
3795
3795
3795
3793
3793
3793
3791
3790
3790
3790
3788
3788
3787
3787
3786
3786
3785
3785
3784
3784
3783
3783
3783
3782
3782
3781
3780
3780
3780
3780
3780
3780
3779
3779
3779
3779
3778
3778
3777
3777
3777
3777
3776
3776
3776
3775
3775
3799
3777
3775
3775
3775
3774
3773
3773
3773
3773
3773
3772
3772
3771
3770
3770
3770
3770
3770
3769
3769
3768
3768
3767
3767
3766
3765
3765
3762
3762
3761
3760
3760
3780
3758
3758
3758
3758
3758
3758
3757
3757
3757
3757
3755
3755
3754
3754
3754
3754
3754
3754
3754
3753
3752
3752
3751
3751
3751
3750
3750
3749
3749
3749
3749
3747
3747
3746
3746
3746
3745
3745
3745
3744
3744
3743
3742
3742
3742
3740
3739
3737
3737
3737
3736
3735
3735
3735
3734
3734
3733
3732
3732
3732
3732
3731
3730
3730
3730
3729
3729
3729
3729
3728
3728
3726
3726
3725
3725
3725
3725
3724
3724
3724
3724
3724
3723
3722
3722
3721
3721
3719
3719
3719
3718
3718
3717
3717
3717
3716
3716
3716
3716
3716
3715
3715
3715
3714
3714
3713
3713
3713
3713
3713
3713
3712
3712
3712
3712
3711
3711
3711
3710
3710
3710
3710
3710
3710
3709
3709
3709
3709
3708
3708
3708
3708
3708
3707
3707
3707
3706
3706
3706
3706
3706
3705
3705
3705
3705
3704
3704
3704
3704
3702
3702
3702
3702
3702
3701
3700
3700
3700
3700
3699
3699
3699
3699
3699
3699
3698
3698
3697
3697
3697
3697
3696
3695
3695
3695
3695
3695
3695
3693
3693
3692
3691
3690
3690
3689
3689
3688
3687
3687
3687
3687
3687
3686
3686
3685
3685
3685
3684
3684
3684
3684
3683
3682
3682
3681
3681
3681
3681
3680
3680
3680
3679
3679
3678
3678
3678
3677
3677
3677
3677
3676
3676
3676
3675
3673
3673
3673
3672
3672
3671
3671
3671
3671
3671
3670
3670
3669
3669
3669
3669
3669
3669
3668
3668
3667
3667
3667
3666
3665
3664
3664
3663
3663
3663
3663
3663
3662
3662
3662
3662
3661
3661
3661
3661
3661
3660
3660
3660
3660
3659
3659
3657
3657
3657
3656
3656
3655
3655
3655
3654
3653
3653
3653
3653
3653
3653
3652
3652
3652
3651
3651
3651
3651
3651
3650
3650
3649
3649
3649
3649
3649
3648
3648
3648
3648
3646
3645
3645
3644
3643
3643
3643
3643
3643
3643
3643
3642
3642
3641
3641
3641
3641
3640
3639
3638
3638
3638
3638
3637
3636
3635
3635
3634
3634
3634
3633
3633
3632
3632
3632
3631
3631
3631
3630
3628
3628
3628
3627
3629
3627
3627
3626
3625
3625
3625
3625
3624
3624
3622
3621
3621
3621
3620
3620
3620
3620
3619
3618
3618
3632
3618
3617
3617
3617
3617
3617
3617
3615
3615
3614
3613
3612
3612
3611
3611
3611
3610
3610
3609
3609
3609
3609
3608
3608
3607
3607
3606
3606
3606
3606
3605
3605
3605
3605
3604
3604
3604
3603
3603
3603
3602
3602
3601
3600
3600
3600
3600
3599
3599
3599
3599
3598
3598
3598
3598
3598
3598
3598
3598
3597
3597
3597
3597
3597
3596
3596
3596
3595
3595
3594
3594
3594
3594
3593
3593
3593
3593
3591
3591
3591
3591
3591
3590
3590
3590
3590
3590
3590
3589
3589
3589
3589
3588
3588
3588
3588
3587
3587
3586
3586
3586
3585
3585
3585
3584
3584
3583
3583
3584
3582
3582
3581
3599
3581
3581
3580
3579
3579
3579
3579
3579
3579
3578
3578
3578
3577
3577
3577
3577
3576
3576
3576
3576
3576
3576
3576
3575
3574
3574
3573
3573
3572
3571
3571
3570
3570
3570
3570
3569
3569
3569
3568
3568
3567
3567
3567
3567
3566
3566
3566
3566
3564
3563
3563
3563
3562
3562
3561
3561
3560
3560
3559
3559
3558
3558
3557
3556
3555
3555
3555
3554
3554
3554
3554
3554
3554
3553
3553
3553
3553
3553
3552
3552
3552
3552
3551
3551
3551
3551
3551
3550
3550
3549
3549
3549
3549
3549
3549
3549
3549
3548
3548
3548
3548
3547
3547
3547
3547
3547
3547
3547
3546
3545
3545
3545
3545
3545
3545
3544
3576
3544
3543
3543
3543
3543
3542
3542
3542
3541
3541
3541
3541
3541
3540
3540
3538
3538
3538
3537
3537
3537
3537
3537
3537
3536
3536
3535
3535
3534
3534
3534
3534
3534
3534
3533
3533
3533
3532
3532
3532
3532
3531
3531
3531
3530
3530
3530
3530
3529
3529
3529
3529
3528
3528
3527
3527
3528
3526
3525
3525
3525
3525
3525
3524
3524
3524
3523
3523
3523
3523
3523
3526
3522
3520
3520
3519
3519
3519
3519
3519
3518
3517
3517
3516
3516
3516
3515
3515
3514
3514
3514
3514
3512
3512
3512
3512
3511
3511
3511
3511
3510
3510
3509
3509
3509
3509
3508
3508
3507
3507
3507
3506
3506
3506
3506
3505
3505
3505
3505
3505
3504
3504
3503
3503
3503
3503
3502
3502
3502
3502
3501
3501
3501
3501
3500
3499
3499
3498
3498
3498
3497
3497
3496
3496
3496
3496
3496
3496
3494
3495
3493
3492
3492
3491
3491
3490
3490
3490
3490
3490
3489
3488
3488
3488
3487
3487
3487
3486
3485
3484
3484
3484
3486
3483
3483
3483
3482
3482
3481
3480
3480
3480
3479
3479
3479
3479
3478
3478
3477
3477
3476
3476
3476
3476
3475
3475
3475
3474
3474
3474
3474
3473
3473
3472
3472
3472
3472
3471
3470
3470
3470
3469
3469
3469
3469
3468
3467
3467
3467
3467
3467
3467
3467
3466
3465
3465
3464
3464
3464
3464
3464
3464
3463
3463
3463
3462
3461
3461
3461
3460
3460
3460
3459
3458
3458
3458
3458
3456
3456
3456
3456
3455
3455
3455
3455
3455
3455
3454
3454
3454
3454
3453
3453
3437
3453
3452
3452
3452
3452
3451
3451
3451
3450
3450
3450
3450
3450
3450
3449
3449
3448
3448
3448
3447
3447
3447
3446
3446
3446
3445
3445
3444
3444
3444
3444
3444
3444
3443
3443
3443
3442
3441
3440
3440
3444
3440
3440
3440
3440
3439
3438
3437
3437
3437
3437
3436
3436
3436
3436
3436
3436
3435
3435
3435
3434
3434
3434
3433
3433
3433
3433
3433
3432
3432
3432
3432
3432
3432
3432
3431
3431
3430
3430
3430
3430
3430
3430
3429
3429
3429
3428
3428
3427
3427
3427
3427
3427
3427
3426
3426
3426
3425
3425
3425
3424
3424
3424
3423
3423
3423
3423
3423
3423
3422
3421
3420
3420
3420
3419
3419
3418
3418
3418
3418
3418
3417
3417
3417
3417
3416
3415
3415
3415
3415
3415
3415
3415
3413
3413
3412
3411
3411
3411
3411
3410
3410
3410
3409
3409
3408
3408
3408
3407
3407
3407
3406
3406
3406
3406
3404
3404
3403
3403
3403
3403
3403
3403
3403
3403
3403
3403
3403
3403
3403
3402
3402
3402
3402
3402
3401
3401
3401
3400
3400
3400
3400
3398
3396
3396
3396
3396
3396
3395
3395
3395
3394
3393
3393
3393
3392
3391
3391
3391
3390
3390
3390
3390
3390
3389
3389
3389
3389
3389
3388
3387
3387
3386
3386
3386
3386
3385
3385
3384
3384
3383
3383
3383
3383
3383
3382
3382
3382
3382
3382
3382
3382
3381
3381
3381
3380
3379
3379
3378
3377
3377
3377
3377
3375
3375
3374
3374
3373
3373
3373
3372
3372
3372
3371
3371
3370
3370
3370
3370
3370
3369
3369
3369
3369
3368
3368
3367
3366
3366
3366
3366
3365
3365
3365
3365
3365
3365
3364
3364
3363
3363
3363
3362
3362
3361
3361
3361
3360
3360
3360
3359
3359
3359
3359
3359
3358
3358
3358
3357
3357
3357
3357
3357
3356
3356
3356
3356
3355
3355
3354
3354
3354
3354
3354
3353
3353
3352
3352
3352
3351
3351
3351
3350
3349
3349
3349
3349
3349
3349
3349
3348
3347
3347
3347
3345
3345
3345
3345
3344
3344
3344
3344
3343
3343
3342
3342
3341
3341
3341
3341
3340
3339
3339
3339
3337
3337
3337
3337
3337
3337
3336
3336
3336
3336
3336
3335
3335
3335
3334
3333
3333
3333
3333
3333
3333
3333
3332
3332
3332
3331
3331
3331
3331
3330
3330
3330
3330
3329
3329
3329
3328
3327
3327
3327
3327
3327
3327
3326
3333
3325
3325
3325
3324
3324
3324
3323
3323
3322
3322
3322
3322
3321
3321
3321
3320
3320
3320
3319
3319
3319
3319
3319
3318
3317
3317
3317
3316
3316
3316
3316
3315
3315
3315
3314
3314
3314
3313
3313
3312
3312
3312
3311
3311
3310
3310
3310
3310
3309
3309
3309
3309
3308
3308
3308
3308
3308
3308
3308
3307
3307
3306
3305
3305
3305
3305
3305
3305
3305
3305
3304
3304
3304
3304
3303
3303
3303
3303
3302
3302
3301
3301
3301
3301
3301
3301
3300
3300
3300
3300
3298
3298
3298
3298
3297
3297
3297
3297
3297
3297
3297
3297
3296
3295
3295
3295
3296
3294
3294
3294
3294
3293
3293
3293
3292
3292
3292
3291
3291
3291
3290
3290
3290
3290
3289
3289
3289
3289
3289
3290
3288
3288
3288
3287
3287
3287
3286
3286
3285
3285
3284
3284
3284
3282
3282
3282
3282
3282
3281
3281
3280
3280
3279
3279
3279
3278
3278
3278
3277
3277
3277
3276
3276
3276
3276
3276
3276
3275
3275
3275
3275
3275
3274
3274
3274
3274
3273
3273
3273
3272
3272
3272
3272
3271
3271
3271
3271
3271
3271
3271
3270
3270
3269
3269
3268
3268
3268
3268
3268
3268
3267
3267
3266
3266
3266
3265
3265
3265
3265
3264
3263
3263
3263
3263
3262
3261
3261
3260
3260
3260
3260
3260
3258
3258
3258
3258
3258
3258
3258
3257
3257
3256
3255
3255
3255
3255
3255
3254
3254
3253
3253
3253
3261
3253
3252
3252
3251
3251
3251
3251
3251
3250
3250
3250
3249
3249
3249
3248
3248
3248
3247
3247
3246
3246
3246
3246
3245
3245
3245
3245
3245
3244
3244
3244
3244
3244
3243
3242
3242
3242
3242
3241
3241
3241
3241
3241
3240
3240
3240
3239
3239
3239
3239
3238
3237
3237
3237
3236
3236
3235
3234
3234
3234
3234
3233
3233
3233
3232
3232
3232
3231
3231
3231
3231
3233
3230
3230
3230
3229
3229
3229
3164
3228
3228
3228
3228
3205
3228
3227
3227
3227
3227
3226
3226
3226
3225
3224
3224
3224
3223
3223
3223
3223
3223
3222
3222
3222
3222
3222
3222
3222
3221
3221
3220
3220
3219
3219
3219
3219
3218
3218
3218
3217
3217
3217
3214
3213
3212
3212
3212
3212
3211
3211
3211
3213
3210
3210
3210
3209
3209
3209
3209
3209
3209
3209
3209
3209
3208
3208
3208
3208
3208
3208
3208
3207
3207
3207
3206
3206
3206
3205
3205
3205
3205
3204
3204
3204
3204
3203
3203
3203
3203
3202
3202
3202
3202
3202
3202
3202
3202
3202
3202
3201
3201
3201
3201
3200
3200
3200
3200
3200
3200
3200
3199
3198
3198
3198
3197
3197
3197
3197
3196
3196
3195
3195
3195
3195
3195
3194
3194
3194
3194
3194
3194
3193
3193
3193
3192
3192
3192
3192
3192
3191
3190
3190
3188
3186
3189
3186
3295
3185
3184
3184
3183
3183
3183
3183
3183
3183
3182
3182
3182
3181
3180
3180
3179
3179
3179
3179
3179
3179
3178
3178
3178
3178
3177
3177
3177
3176
3176
3176
3176
3176
3175
3175
3174
3174
3173
3173
3172
3172
3171
3171
3171
3171
3170
3170
3170
3170
3170
3170
3170
3170
3169
3169
3169
3169
3168
3168
3168
3167
3167
3166
3166
3165
3165
3165
3165
3165
3165
3165
3165
3164
3164
3164
3164
3163
3163
3163
3163
3162
3162
3162
3161
3161
3160
3159
3159
3159
3159
3158
3158
3157
3157
3157
3157
3157
3156
3156
3156
3155
3155
3155
3155
3155
3154
3154
3154
3153
3153
3153
3152
3152
3152
3152
3152
3152
3151
3151
3150
3150
3150
3150
3149
3148
3148
3148
3148
3171
3147
3146
3146
3145
3145
3145
3144
3144
3144
3143
3143
3143
3143
3143
3142
3142
3141
3141
3141
3140
3139
3139
3139
3139
3139
3139
3138
3138
3137
3137
3136
3136
3136
3136
3136
3136
3135
3135
3135
3135
3134
3134
3134
3134
3134
3134
3134
3134
3133
3133
3133
3132
3132
3132
3132
3131
3131
3131
3131
3131
3131
3130
3130
3130
3130
3129
3129
3129
3129
3129
3129
3129
3128
3128
3128
3128
3128
3128
3127
3127
3126
3125
3125
3124
3124
3124
3124
3124
3124
3124
3124
3123
3123
3123
3123
3122
3122
3122
3122
3121
3121
3121
3120
3120
3120
3119
3119
3118
3118
3118
3118
3117
3117
3117
3117
3116
3116
3116
3115
3114
3114
3114
3114
3114
3113
3113
3113
3113
3113
3113
3113
3113
3112
3112
3112
3111
3111
3111
3111
3110
3109
3109
3108
3108
3108
3108
3108
3108
3107
3107
3107
3107
3106
3105
3105
3105
3105
3105
3104
3104
3104
3104
3104
3103
3103
3103
3103
3103
3102
3102
3102
3102
3102
3101
3101
3100
3099
3099
3099
3099
3099
3099
3098
3098
3098
3098
3097
3097
3096
3096
3096
3096
3096
3096
3096
3095
3094
3093
3093
3093
3093
3092
3092
3091
3091
3091
3091
3090
3090
3090
3090
3089
3089
3089
3089
3089
3089
3089
3088
3087
3087
3087
3087
3087
3086
3086
3086
3086
3086
3085
3085
3085
3084
3084
3084
3084
3083
3083
3083
3082
3082
3082
3082
3082
3082
3081
3080
3080
3084
3080
3080
3079
3079
3079
3078
3078
3078
3078
3078
3077
3077
3077
3076
3075
3075
3075
3075
3074
3074
3074
3074
3073
3073
3072
3072
3071
3071
3070
3070
3069
3069
3069
3069
3069
3068
3068
3068
3068
3068
3067
3067
3067
3067
3067
3066
3066
3066
3065
3070
3065
3065
3064
3064
3064
3064
3063
3063
3063
3063
3063
3063
3062
3062
3062
3062
3061
3061
3061
3060
3060
3060
3060
3059
3059
3059
3058
3058
3058
3058
3057
3057
3057
3057
3057
3056
3056
3056
3055
3055
3055
3054
3054
3054
3054
3054
3054
3053
3053
3053
3053
3053
3053
3053
3052
3052
3052
3052
3052
3051
3051
3051
3051
3051
3050
3050
3050
3050
3050
3049
3049
3048
3048
3048
3048
3047
3047
3047
3046
3045
3044
3052
3043
3043
3043
3042
3042
3042
3042
3042
3042
3041
3041
3040
3040
3040
3039
3039
3039
3039
3038
3038
3038
3038
3037
3037
3037
3036
3036
3036
3036
3036
3035
3035
3035
3035
3035
3035
3035
3035
3035
3035
3035
3034
3034
3034
3033
3033
3033
3033
3033
3033
3033
3032
3032
3032
3031
3031
3031
3031
3031
3030
3030
3030
3029
3028
3028
3028
3028
3028
3028
3027
3027
3027
3026
3026
3025
3025
3025
3025
3024
3024
3024
3024
3023
3023
3022
3022
3022
3022
3021
3021
3021
3021
3021
3021
3020
3021
3020
3020
3020
3020
3020
3019
3019
3019
3023
3018
3018
3018
3018
3021
3017
3017
3017
3017
3017
3016
3016
3015
3015
3015
3014
3014
3013
3013
3012
3012
3012
3012
3011
3011
3011
3010
3081
3010
3010
3009
3009
3009
3009
3008
3006
3006
3006
3006
3006
3005
3005
3005
3005
3004
3004
3004
3003
3003
3003
3003
3002
3002
3002
3002
3002
3002
3001
3001
3000
3000
3000
