420969
409055
341322
318736
298741
256071
252183
231220
191580
190758
190354
177471
170058
169345
152400
148841
147478
147463
141647
135176
134622
133506
130898
128287
127903
120713
118668
117051
116250
113820
113323
111355
111006
109694
109253
107665
106196
103836
103388
101917
101888
100701
100460
99760
99625
99466
98456
96160
96081
95440
94769
94752
94691
94062
93143
92451
91623
91248
89657
89430
89004
86173
85301
85297
83859
83699
83258
82392
81937
81566
80178
80023
79940
79671
79619
78985
78921
78598
77857
77720
77279
76514
76490
76002
75282
75252
74850
74838
73596
73426
73169
72764
72713
71693
71621
71412
69964
69920
69545
68400
68329
68317
68186
67119
66659
66620
66515
66053
64791
64162
63237
63002
62783
62455
62022
61906
61857
60836
60519
60235
60197
59995
59966
59791
59675
59014
58981
58909
58880
58854
58770
58158
57551
57378
57266
57099
56452
56210
56036
55310
54732
54342
54186
54109
53806
53793
53290
53243
52823
52336
52333
51947
51791
51626
51555
51446
51003
50956
50847
50714
50572
50243
50190
49970
49814
49708
49635
49608
49593
49482
49427
49188
49010
48989
48696
48678
48379
48220
48189
48125
47984
47618
47230
47230
47033
46823
46470
46254
46199
45953
45699
45629
45229
45171
44936
44916
44870
44694
44279
44260
44073
43871
43781
43730
43686
43625
43383
43229
42683
42673
42436
42096
42051
41922
41815
41783
41667
41636
41454
41454
41394
41297
41296
40933
40899
40789
40672
40629
40552
40508
40365
40244
39933
39439
39265
39222
38918
38400
38245
38212
38172
38155
37955
37777
37459
37379
37292
37281
37141
37059
37020
37007
36813
36523
36508
36077
35899
35837
35800
35787
35687
35677
35666
35478
35477
35470
35369
35317
35313
35206
35136
35134
35072
34966
34955
34925
34810
34759
34099
34070
33809
33538
33399
33372
33266
33193
33039
32953
32841
32690
32631
32535
32497
32462
32365
32281
32169
32158
32125
32091
32079
32033
32021
31996
31969
31779
31755
31731
31713
31614
31611
31559
31536
31525
31515
31424
31410
31344
31336
31329
31328
31261
31191
31166
31164
31137
30953
30948
30885
30878
30847
30827
30812
30729
30679
30658
30632
30602
30601
30557
30391
30379
30177
30088
29833
29814
29807
29795
29738
29699
29466
29442
29324
29277
29133
29089
28962
28619
28618
28610
28597
28586
28584
28584
28491
28469
28468
28448
28418
28296
28275
28175
28142
28141
28139
28084
28083
27905
27899
27784
27776
27747
27681
27650
27332
27231
27167
27077
27065
27008
26991
26967
26935
26734
26608
26590
26552
26449
26440
26434
26413
26412
26269
26113
26112
26074
26067
25997
25996
25946
25912
25896
25806
25717
25707
25594
25525
25523
25399
25398
25355
25226
25198
25147
25095
25024
24952
24939
24899
24849
24838
24785
24734
24603
24596
24566
24561
24499
24482
24450
24402
24390
24384
24319
24314
24296
24253
24244
24092
24076
24061
24060
24060
23923
23911
23879
23860
23855
23847
23777
23620
23407
23254
23122
23086
23057
23038
23035
22961
22898
22776
22760
22740
22694
22681
22657
22649
22545
22538
22531
22466
22435
22382
22364
22311
22255
22209
22134
22113
22109
22083
22063
22053
21921
21906
21869
21820
21724
21708
21707
21693
21683
21650
21638
21632
21628
21552
21526
21457
21426
21317
21243
21242
21200
21184
21164
21144
21105
21044
21010
20825
20819
20762
20749
20708
20705
20667
20617
20616
20611
20584
20577
20571
20537
20510
20469
20456
20455
20424
20367
20362
20352
20319
20317
20314
20308
20285
20285
20272
20236
20230
20214
20118
20104
20072
20062
20035
20016
20015
20014
19996
19940
19927
19729
19713
19642
19640
19605
19577
19570
19513
19488
19467
19375
19224
19199
19191
19183
19172
19166
19135
19127
19125
19116
19094
19064
18940
18907
18902
18882
18868
18860
18819
18799
18776
18713
18673
18616
18604
18586
18557
18514
18511
18509
18500
18443
18426
18394
18378
18318
18312
18298
18273
18257
18250
18245
18191
18187
18180
18159
18040
18013
18007
17987
17965
17955
17948
17940
17903
17850
17848
17835
17827
17811
17804
17803
17776
17747
17724
17723
17722
17695
17695
17682
17669
17666
17654
17570
17509
17484
17452
17446
17436
17424
17403
17376
17341
17324
17302
17301
17295
17244
17217
17216
17208
17142
17109
17101
17074
17055
17024
16982
16981
16977
16970
16925
16900
16893
16890
16889
16845
16810
16778
16767
16761
16760
16753
16733
16652
16645
16568
16545
16541
16525
16489
16477
16460
16442
16414
16391
16387
16364
16361
16360
16347
16332
16332
16329
16321
16318
16235
16160
16156
16149
16135
16122
16115
16093
16060
16013
15986
15979
15960
15955
15949
15945
15925
15923
15910
15892
15884
15880
15874
15871
15860
15847
15827
15825
15805
15796
15779
15777
15758
15715
15708
15700
15684
15677
15628
15592
15572
15572
15564
15549
15540
15538
15514
15503
15497
15486
15480
15476
15452
15433
15412
15396
15377
15374
15370
15370
15356
15356
15352
15341
15310
15289
15283
15281
15253
15252
15249
15223
15223
15222
15220
15201
15197
15159
15152
15149
15130
15111
15082
15070
15048
15033
15016
15012
15007
15004
14993
14977
14963
14933
14931
14922
14920
14896
14884
14878
14843
14835
14799
14757
14746
14745
14722
14721
14697
14688
14671
14669
14669
14668
14660
14658
14645
14638
14638
14635
14604
14589
14585
14584
14569
14554
14538
14533
14525
14523
14517
14510
14508
14489
14484
14457
14444
14438
14435
14428
14423
14420
14387
14377
14368
14367
14350
14341
14335
14319
14315
14308
14305
14302
14301
14299
14273
14265
14265
14252
14242
14228
14215
14201
14185
14180
14164
14159
14150
14140
14132
14101
14080
14073
14054
14041
14033
14014
13951
13913
13895
13886
13882
13872
13861
13859
13842
13831
13829
13820
13806
13792
13766
13759
13747
13745
13729
13724
13687
13684
13659
13658
13634
13600
13586
13581
13567
13559
13554
13513
13508
13499
13487
13473
13469
13469
13451
13437
13398
13394
13392
13392
13355
13339
13257
13248
13241
13239
13234
13187
13224
13195
13182
13171
13168
13171
13167
13164
13159
13158
13149
13145
13143
13140
13135
13127
13114
13102
13076
13058
13045
13039
13009
13008
12992
12956
12956
12951
12948
12938
12927
12919
12918
12917
12901
12901
12882
12865
12861
12836
12835
12814
12805
12797
12789
12787
12784
12780
12780
12770
12735
12734
12734
12729
12713
12696
12680
12675
12631
12613
12599
12589
12582
12582
12576
12563
12514
12499
12488
12475
12465
12461
12449
12444
12430
12425
12417
12413
12399
12387
12386
12382
12378
12376
12370
12369
12360
12360
12353
12346
12340
12336
12332
12314
12310
12306
12298
12281
12269
12232
12227
12210
12208
12194
12188
12178
12176
12167
12165
12156
12150
12140
12116
12114
12113
12106
12102
12102
12099
12088
12065
12064
12059
12039
12034
12025
11974
11965
11960
11955
11948
11945
11943
11938
11931
11917
11915
11915
11914
11914
11894
11893
11881
11857
11843
11805
11775
11756
11733
11715
11698
11693
11689
11665
11668
11667
11657
11656
11636
11636
11629
11612
11579
11579
11578
11577
11569
11554
11545
11531
11526
11519
11512
11510
11509
11502
11479
11478
11476
11474
11470
11468
11464
11464
11460
11433
11430
11428
11411
11408
11407
11389
11379
11373
11365
11358
11350
11349
11346
11340
11338
11332
11329
11313
11298
11283
11276
11273
11264
11191
11185
11182
11171
11171
11167
11163
11160
11160
11147
11146
11144
11132
11129
11117
11113
11104
11103
11069
11055
11046
11042
11040
11032
11023
11013
11004
11000
10994
10993
10992
10969
10965
10959
10953
10950
10947
10938
10934
10930
10923
10919
10916
10913
10910
10872
10869
10842
10823
10819
10817
10813
10804
10801
10800
10793
10788
10788
10787
10769
10762
10758
10755
10719
10702
10688
10688
10681
10668
10657
10657
10653
10653
10651
10650
10644
10644
10618
10612
10599
10594
10578
10576
10574
10572
10567
10566
10565
10558
10553
10550
10547
10546
10545
10545
10538
10538
10520
10518
10514
10508
10506
10486
10471
10459
10454
10443
10437
10421
10412
10412
10408
10402
10402
10401
10398
10394
10390
10379
10375
10362
10351
10325
10322
10317
10317
10310
10305
10304
10296
10286
10283
10278
10268
10268
10254
10250
10238
10238
10237
10233
10227
10220
10217
10210
10209
10202
10198
10196
10192
10190
10183
10175
10172
10165
10164
10161
10159
10155
10154
10149
10122
10121
10118
10105
10082
10078
10077
10073
10055
10054
10043
10042
10042
10040
10035
10023
10022
10016
10016
10012
10011
10009
10004
10001
9999
9980
9973
9967
9961
9961
9946
9944
9933
9927
9923
9917
9913
9907
9904
9898
9891
9889
9888
9883
9883
9878
9869
9859
9849
9849
9848
9847
9845
9840
9839
9832
9829
9816
9808
9800
9794
9794
9792
9790
9786
9779
9774
9756
9749
9747
9744
9744
9738
9729
9727
9724
9722
9717
9706
9700
9698
9686
9682
9679
9679
9678
9677
9677
9670
9668
9666
9666
9658
9646
9645
9639
9629
9623
9608
9605
9605
9602
9586
9586
9583
9580
9580
9580
9575
9573
9572
9566
9565
9553
9553
9548
9546
9538
9536
9526
9524
9510
9501
9491
9487
9485
9475
9472
9471
9463
9457
9455
9451
9438
9431
9428
9421
9417
9413
9409
9403
9401
9393
9391
9390
9373
9372
9371
9351
9337
9335
9331
9331
9321
9317
9311
9307
9275
9271
9270
9269
9266
9264
9256
9253
9251
9250
9248
9243
9240
9228
9214
9212
9211
9210
9206
9202
9196
9195
9189
9176
9175
9173
9168
9161
9144
9140
9140
9139
9139
9124
9124
9123
9120
9114
9111
9101
9087
9080
9079
9073
9067
9061
9060
9053
9051
9041
9038
9028
9028
9028
9028
9023
9020
9018
9017
9010
9002
9001
9001
8996
8989
8985
8967
8965
8961
8961
8955
8955
8954
8946
8943
8940
8935
8936
8929
8926
8925
8923
8913
8906
8899
8896
8889
8887
8887
8886
8873
8868
8867
8865
8865
8865
8864
8859
8839
8835
8831
8829
8826
8824
8814
8812
8806
8802
8799
8799
8798
8796
8796
8793
8792
8790
8788
8785
8782
8763
8759
8759
8758
8756
8753
8746
8742
8733
8728
8727
8723
8719
8713
8711
8710
8705
8704
8702
8702
8696
8693
8692
8692
8689
8683
8682
8675
8663
8662
8657
8657
8652
8651
8646
8644
8633
8628
8627
8627
8619
8616
8606
8605
8600
8585
8580
8577
8571
8570
8563
8562
8559
8558
8554
8554
8550
8549
8547
8547
8545
8529
8525
8525
8522
8522
8516
8515
8512
8511
8508
8506
8506
8500
8491
8484
8482
8479
8472
8470
8461
8449
8448
8445
8444
8443
8441
8440
8440
8439
8435
8427
8426
8426
8426
8425
8417
8414
8383
8381
8378
8377
8377
8375
8374
8365
8365
8362
8358
8357
8354
8350
8345
8344
8344
8343
8335
8330
8326
8319
8318
8315
8314
8313
8313
8307
8304
8300
8291
8284
8279
8273
8272
8266
8259
8255
8251
8250
8250
8248
8246
8245
8244
8243
8242
8238
8234
8233
8232
8230
8229
8228
8227
8226
8221
8212
8212
8211
8209
8207
8204
8202
8201
8201
8200
8196
8194
8190
8186
8183
8181
8180
8175
8164
8155
8150
8149
8147
8141
8138
8133
8128
8127
8122
8117
8115
8115
8113
8112
8110
8108
8098
8096
8092
8082
8080
8072
8071
8068
8059
8058
8055
8039
8039
8031
8029
8027
8027
8025
8024
8022
8019
8011
8009
8007
8001
8001
8000
7998
7997
7991
7990
7988
7988
7981
7980
7980
7978
7977
7977
7974
7972
7971
7967
7964
7955
7952
7947
7947
7944
7942
7940
7936
7934
7934
7930
7926
7926
7924
7920
7918
7906
7904
7897
7896
7894
7888
7888
7888
7884
7880
7871
7867
7867
7864
7864
7863
7862
7861
7860
7858
7857
7851
7848
7848
7843
7837
7835
7833
7833
7830
7828
7828
7825
7823
7822
7820
7809
7800
7800
7797
7796
7792
7788
7785
7780
7778
7777
7776
7771
7764
7761
7760
7747
7747
7738
7736
7727
7721
7719
7715
7713
7713
7712
7709
7704
7702
7698
7696
7696
7695
7688
7687
7686
7681
7681
7681
7674
7672
7671
7665
7658
7651
7649
7640
7639
7637
7637
7632
7631
7628
7628
7622
7621
7621
7616
7615
7614
7611
7610
7601
7601
7594
7592
7591
7586
7583
7583
7582
7580
7576
7568
7567
7564
7562
7561
7557
7550
7543
7538
7537
7534
7532
7531
7528
7527
7525
7522
7522
7520
7518
7517
7507
7506
7504
7504
7501
7500
7498
7493
7493
7489
7483
7483
7481
7480
7480
7479
7474
7461
7459
7453
7443
7442
7440
7437
7435
7433
7430
7427
7427
7423
7423
7421
7421
7420
7415
7413
7412
7408
7408
7403
7402
7402
7398
7388
7384
7382
7380
7375
7369
7364
7371
7362
7362
7352
7346
7346
7342
7339
7338
7337
7333
7330
7327
7326
7325
7324
7324
7323
7323
7322
7320
7320
7319
7319
7319
7310
7310
7307
7303
7302
7300
7298
7297
7295
7293
7292
7290
7284
7283
7279
7274
7267
7262
7262
7260
7259
7258
7253
7252
7251
7248
7240
7238
7236
7234
7234
7232
7228
7227
7221
7216
7214
7213
7203
7202
7201
7198
7198
7194
7194
7191
7188
7185
7180
7179
7176
7170
7170
7168
7166
7164
7154
7153
7152
7152
7147
7142
7141
7140
7134
7128
7126
7123
7123
7122
7119
7116
7112
7112
7111
7109
7108
7107
7107
7106
7101
7099
7097
7096
7104
7089
7081
7081
7079
7076
7074
7074
7074
7071
7070
7069
7069
7065
7064
7060
7059
7054
7052
7052
7052
7050
7050
7047
7045
7042
7042
7040
7033
7030
7027
7022
7019
7016
7008
7005
7003
6999
6996
6992
6989
6988
6986
6984
6981
6975
6972
6970
6967
6964
6961
6955
6954
6954
6954
6954
6949
6947
6945
6945
6941
6940
6939
6939
6937
6936
6936
6934
6933
6930
6929
6928
6928
6924
6923
6922
6921
6915
6913
6913
6911
6908
6906
6901
6901
6900
6899
6899
6899
6897
6897
6895
6891
6890
6881
6878
6873
6872
6871
6868
6866
6862
6862
6861
6861
6860
6859
6854
6841
6839
6833
6829
6828
6827
6818
6815
6814
6812
6812
6809
6809
6804
6802
6800
6797
6796
6792
6792
6790
6790
6788
6787
6786
6778
6777
6774
6764
6764
6764
6763
6757
6756
6751
6750
6746
6746
6745
6743
6743
6741
6741
6741
6740
6739
6737
6736
6735
6730
6728
6726
6723
6709
6709
6708
6705
6705
6704
6703
6702
6700
6700
6697
6697
6696
6693
6692
6688
6688
6683
6683
6682
6682
6682
6682
6680
6680
6678
6676
6675
6674
6667
6667
6665
6665
6664
6661
6659
6656
6655
6655
6653
6653
6650
6647
6647
6646
6645
6639
6638
6637
6635
6634
6628
6628
6623
6621
6621
6620
6616
6612
6610
6609
6608
6607
6607
6605
6605
6604
6600
6599
6598
6598
6597
6595
6593
6593
6591
6591
6588
6587
6584
6583
6582
6579
6578
6578
6574
6572
6572
6569
6567
6567
6567
6565
6564
6563
6563
6561
6557
6548
6547
6545
6540
6537
6533
6532
6532
6531
6531
6530
6529
6527
6523
6520
6518
6517
6517
6515
6507
6505
6505
6504
6503
6501
6501
6500
6496
6494
6494
6494
6493
6493
6492
6492
6490
6488
6486
6485
6483
6477
6476
6476
6476
6475
6474
6468
6468
6467
6466
6465
6465
6464
6461
6459
6459
6459
6454
6454
6453
6453
6450
6450
6448
6445
6444
6444
6442
6437
6437
6436
6434
6434
6432
6432
6429
6427
6425
6424
6419
6419
6418
6418
6415
6412
6411
6411
6410
6409
6408
6407
6406
6405
6404
6404
6404
6403
6402
6399
6398
6397
6396
6394
6393
6391
6391
6389
6388
6387
6386
6385
6381
6378
6375
6374
6374
6370
6368
6368
6367
6366
6364
6363
6363
6362
6358
6356
6355
6353
6349
6349
6348
6347
6346
6343
6343
6342
6342
6334
6328
6324
6320
6318
6313
6311
6310
6309
6299
6298
6298
6296
6296
6295
6289
6289
6287
6284
6278
6277
6276
6274
6273
6273
6272
6271
6268
6267
6266
6266
6266
6265
6262
6261
6260
6259
6257
6256
6254
6252
6251
6251
6249
6249
6249
6243
6243
6241
6239
6238
6237
6236
6236
6236
6234
6234
6232
6232
6230
6228
6227
6226
6225
6222
6218
6216
6215
6214
6213
6212
6211
6209
6208
6208
6207
6203
6197
6194
6189
6187
6186
6186
6186
6180
6177
6175
6175
6174
6172
6170
6168
6165
6165
6163
6161
6159
6158
6153
6153
6152
6150
6149
6145
6144
6143
6142
6141
6141
6139
6139
6138
6138
6137
6135
6133
6133
6128
6127
6123
6123
6122
6122
6121
6119
6119
6118
6117
6113
6111
6106
6101
6101
6095
6094
6094
6091
6090
6089
6087
6086
6084
6082
6082
6079
6078
6076
6075
6074
6073
6069
6066
6065
6062
6062
6060
6059
6058
6058
6052
6045
6043
6043
6041
6039
6036
6035
6034
6030
6026
6025
6022
6022
6022
6022
6021
6016
6013
6012
6009
6008
6006
6002
5996
5996
5996
5995
5995
5994
5992
5992
5991
5989
5986
5985
5984
5982
5982
5982
5982
5977
5976
5975
5974
5973
5972
5972
5971
5971
5968
5965
5962
5960
5959
5959
5958
5958
5957
5956
5956
5955
5955
5953
5952
5952
5951
5950
5947
5946
5944
5943
5942
5941
5941
5938
5938
5937
5936
5935
5931
5930
5928
5927
5923
5921
5927
5916
5916
5913
5910
5909
5907
5907
5906
5905
5903
5901
5899
5894
5894
5893
5892
5890
5889
5881
5879
5879
5877
5875
5873
5873
5868
5867
5863
5861
5859
5857
5857
5856
5856
5854
5853
5851
5850
5849
5849
5845
5845
5844
5843
5842
5842
5839
5838
5838
5836
5834
5833
5832
5832
5831
5831
5828
5824
5823
5823
5818
5817
5816
5816
5815
5813
5810
5810
5809
5807
5806
5806
5804
5803
5801
5800
5799
5797
5797
5788
5787
5786
5785
5785
5784
5778
5774
5773
5773
5773
5772
5772
5769
5767
5765
5761
5755
5754
5753
5751
5751
5750
5748
5748
5748
5745
5740
5739
5738
5738
5737
5736
5735
5730
5730
5729
5729
5728
5719
5716
5715
5711
5710
5706
5706
5705
5703
5701
5699
5694
5692
5688
5687
5685
5684
5684
5683
5681
5681
5680
5677
5676
5676
5674
5674
5673
5671
5668
5667
5665
5665
5663
5661
5659
5658
5657
5655
5654
5653
5652
5649
5646
5643
5643
5640
5640
5639
5637
5633
5633
5631
5631
5631
5630
5630
5628
5628
5627
5627
5626
5626
5625
5624
5622
5621
5620
5619
5618
5617
5617
5614
5614
5613
5613
5610
5610
5608
5604
5604
5601
5600
5600
5599
5599
5598
5593
5592
5590
5589
5588
5588
5585
5585
5584
5584
5581
5580
5579
5576
5575
5573
5572
5572
5571
5571
5570
5569
5568
5566
5566
5564
5562
5562
5560
5555
5553
5552
5552
5551
5550
5549
5548
5548
5547
5547
5546
5542
5542
5542
5542
5542
5541
5541
5540
5538
5536
5534
5533
5533
5533
5533
5531
5531
5530
5527
5526
5526
5526
5523
5523
5521
5520
5519
5517
5515
5515
5515
5513
5512
5511
5510
5509
5508
5507
5506
5505
5503
5502
5499
5497
5496
5496
5496
5496
5495
5494
5493
5492
5492
5491
5490
5489
5488
5488
5487
5485
5484
5483
5482
5481
5476
5476
5475
5472
5471
5470
5469
5468
5468
5468
5467
5464
5464
5462
5462
5460
5458
5455
5455
5454
5454
5453
5452
5450
5449
5449
5448
5448
5447
5447
5446
5446
5446
5445
5444
5443
5442
5441
5439
5438
5437
5436
5434
5433
5432
5429
5426
5426
5425
5424
5418
5416
5411
5407
5405
5405
5405
5403
5402
5401
5400
5398
5397
5394
5394
5393
5386
5385
5383
5383
5382
5381
5378
5377
5377
5376
5375
5374
5373
5373
5372
5371
5369
5369
5366
5365
5365
5364
5362
5360
5360
5358
5358
5357
5356
5355
5354
5351
5351
5348
5347
5347
5347
5344
5342
5340
5339
5338
5337
5336
5335
5335
5335
5332
5331
5330
5330
5323
5322
5320
5318
5317
5317
5317
5313
5310
5308
5308
5306
5306
5305
5303
5302
5301
5300
5298
5297
5296
5296
5295
5293
5292
5290
5289
5288
5288
5287
5284
5284
5282
5280
5276
5276
5273
5270
5268
5268
5267
5265
5262
5261
5258
5258
5255
5251
5247
5246
5244
5244
5242
5241
5241
5240
5239
5238
5237
5237
5235
5234
5233
5233
5232
5231
5230
5229
5227
5226
5225
5225
5225
5223
5223
5223
5222
5222
5220
5217
5217
5215
5214
5211
5211
5210
5209
5208
5208
5207
5206
5205
5204
5203
5200
5199
5198
5197
5195
5195
5194
5192
5192
5190
5188
5188
5187
5185
5185
5182
5181
5178
5177
5176
5176
5176
5174
5172
5172
5171
5170
5169
5168
5166
5163
5162
5162
5161
5158
5156
5156
5156
5156
5156
5152
5151
5150
5150
5149
5148
5146
5145
5143
5141
5139
5139
5138
5138
5134
5132
5132
5131
5128
5127
5126
5125
5124
5124
5123
5122
5121
5119
5118
5118
5117
5117
5117
5116
5114
5113
5112
5109
5107
5104
5099
5099
5098
5097
5093
5092
5092
5086
5086
5086
5085
5084
5083
5082
5081
5079
5078
5075
5073
5072
5072
5071
5070
5069
5069
5069
5066
5065
5065
5063
5062
5060
5060
5060
5058
5058
5056
5055
5055
5054
5054
5054
5054
5052
5051
5047
5047
5046
5045
5044
5044
5041
5041
5039
5038
5037
5036
5033
5032
5031
5031
5028
5028
5025
5025
5020
5017
5016
5016
5012
5011
5010
5010
5009
5009
5006
5005
5003
5003
5002
5001
4999
4998
4998
4997
4996
4995
4995
4994
4992
4991
4991
4987
4986
4986
4985
4984
4984
4983
4981
4979
4978
4976
4976
4976
4975
4975
4974
4974
4973
4972
4971
4971
4969
4967
4966
4965
4963
4962
4960
4960
4957
4957
4955
4954
4952
4951
4951
4950
4948
4948
4947
4947
4947
4946
4943
4942
4941
4940
4940
4938
4938
4937
4937
4937
4936
4935
4935
4935
4935
4931
4931
4930
4930
4927
4924
4923
4923
4922
4921
4921
4920
4920
4919
4919
4919
4918
4917
4915
4915
4913
4911
4911
4911
4909
4906
4903
4900
4900
4900
4897
4895
4895
4893
4892
4890
4890
4888
4888
4887
4887
4887
4885
4884
4883
4882
4881
4881
4881
4880
4880
4879
4879
4879
4879
4878
4877
4876
4876
4875
4875
4875
4874
4873
4872
4871
4869
4869
4869
4869
4867
4865
4865
4862
4860
4860
4859
4858
4857
4857
4856
4855
4852
4852
4852
4849
4849
4849
4848
4848
4847
4841
4840
4838
4836
4835
4834
4834
4830
4830
4828
4826
4824
4824
4823
4821
4821
4820
4820
4817
4816
4816
4815
4815
4815
4814
4812
4809
4809
4808
4806
4806
4805
4803
4802
4802
4802
4797
4796
4796
4796
4795
4795
4793
4792
4792
4792
4790
4790
4789
4789
4789
4789
4788
4787
4787
4787
4786
4784
4783
4783
4781
4780
4779
4778
4778
4777
4777
4777
4777
4776
4774
4774
4774
4772
4771
4770
4770
4770
4768
4768
4767
4766
4766
4765
4765
4764
4763
4762
4762
4761
4761
4760
4760
4759
4758
4756
4756
4755
4754
4752
4752
4751
4750
4750
4750
4750
4746
4746
4745
4744
4744
4743
4739
4738
4735
4735
4733
4732
4732
4730
4728
4728
4727
4727
4725
4723
4723
4720
4719
4719
4718
4716
4714
4713
4710
4709
4709
4706
4705
4705
4705
4705
4704
4702
4701
4701
4701
4700
4700
4698
4694
4692
4692
4690
4689
4687
4687
4686
4686
4685
4684
4684
4684
4679
4676
4675
4675
4675
4675
4673
4673
4672
4672
4671
4670
4669
4669
4669
4665
4665
4663
4661
4660
4660
4659
4659
4658
4657
4657
4656
4652
4652
4651
4651
4649
4649
4648
4648
4647
4645
4644
4640
4639
4638
4636
4636
4635
4633
4631
4631
4631
4631
4630
4629
4629
4627
4624
4624
4623
4623
4622
4622
4620
4619
4619
4619
4618
4616
4614
4610
4609
4609
4609
4608
4606
4605
4605
4601
4601
4600
4598
4598
4597
4597
4595
4595
4595
4594
4593
4593
4592
4591
4591
4590
4590
4588
4587
4586
4586
4585
4584
4584
4582
4582
4581
4581
4580
4580
4580
4578
4576
4575
4575
4574
4573
4572
4572
4570
4570
4569
4568
4567
4566
4565
4565
4561
4561
4561
4561
4561
4560
4559
4559
4558
4557
4557
4556
4556
4555
4555
4552
4551
4550
4550
4549
4549
4548
4548
4548
4548
4543
4543
4540
4540
4538
4537
4537
4535
4535
4534
4531
4530
4529
4527
4527
4527
4526
4526
4525
4524
4524
4524
4523
4523
4523
4523
4518
4516
4516
4516
4514
4511
4511
4510
4510
4509
4508
4507
4506
4506
4506
4505
4505
4504
4504
4503
4502
4500
4499
4499
4497
4496
4495
4495
4495
4494
4494
4491
4489
4488
4488
4487
4486
4486
4484
4484
4483
4483
4483
4482
4481
4480
4480
4478
4478
4478
4477
4477
4477
4477
4476
4476
4476
4476
4475
4475
4474
4474
4473
4472
4469
4469
4468
4468
4468
4467
4466
4465
4464
4463
4463
4462
4461
4460
4460
4458
4456
4456
4453
4453
4453
4452
4451
4451
4450
4450
4450
4449
4449
4448
4448
4448
4446
4446
4445
4444
4444
4444
4443
4442
4442
4442
4439
4438
4438
4437
4436
4436
4436
4435
4435
4435
4434
4434
4433
4433
4430
4430
4428
4427
4427
4427
4424
4423
4422
4422
4421
4420
4420
4418
4418
4418
4417
4417
4416
4415
4414
4412
4411
4411
4410
4409
4409
4409
4409
4408
4408
4408
4408
4407
4406
4405
4405
4404
4404
4403
4402
4402
4400
4400
4399
4399
4399
4396
4395
4395
4393
4393
4393
4387
4386
4385
4385
4383
4382
4381
4380
4380
4380
4379
4377
4377
4377
4376
4374
4373
4371
4371
4370
4370
4367
4366
4365
4365
4365
4362
4362
4361
4361
4360
4360
4360
4359
4358
4358
4357
4354
4353
4353
4352
4352
4351
4350
4350
4349
4348
4348
4347
4347
4346
4346
4344
4344
4343
4342
4340
4339
4338
4338
4338
4338
4337
4337
4337
4336
4336
4335
4334
4334
4334
4333
4333
4332
4332
4332
4332
4330
4329
4329
4329
4328
4327
4326
4326
4326
4325
4323
4322
4320
4319
4318
4317
4317
4316
4315
4314
4314
4314
4313
4312
4312
4311
4310
4310
4310
4309
4308
4308
4307
4307
4305
4305
4304
4304
4302
4302
4299
4299
4296
4295
4295
4294
4294
4294
4293
4292
4292
4291
4289
4288
4288
4287
4287
4286
4286
4285
4284
4284
4283
4283
4283
4281
4281
4280
4280
4279
4279
4278
4277
4276
4276
4276
4276
4275
4272
4272
4271
4271
4271
4270
4270
4269
4269
4268
4268
4268
4266
4265
4265
4265
4263
4262
4261
4260
4260
4259
4259
4259
4258
4257
4256
4256
4255
4254
4254
4253
4253
4253
4253
4252
4252
4251
4250
4250
4250
4249
4249
4249
4248
4248
4248
4248
4247
4247
4247
4246
4246
4246
4246
4244
4243
4242
4241
4241
4240
4239
4239
4236
4236
4235
4234
4233
4233
4232
4232
4231
4231
4230
4229
4228
4227
4225
4224
4223
4223
4220
4219
4217
4217
4216
4216
4215
4214
4213
4213
4211
4210
4209
4207
4207
4206
4206
4205
4205
4204
4203
4203
4202
4202
4201
4200
4197
4194
4194
4193
4192
4190
4189
4188
4188
4187
4186
4186
4186
4186
4184
4184
4184
4184
4184
4182
4181
4181
4180
4180
4180
4179
4178
4177
4176
4174
4174
4173
4171
4168
4168
4168
4167
4166
4166
4166
4164
4164
4164
4163
4163
4163
4161
4161
4160
4159
4158
4156
4156
4155
4155
4155
4154
4153
4152
4150
4150
4149
4149
4148
4148
4148
4145
4144
4144
4143
4143
4143
4143
4142
4142
4142
4141
4141
4140
4140
4140
4139
4139
4138
4137
4137
4136
4135
4134
4134
4131
4131
4130
4129
4129
4127
4126
4126
4125
4125
4124
4123
4123
4123
4123
4122
4122
4121
4121
4121
4119
4118
4118
4118
4118
4117
4117
4116
4116
4116
4115
4115
4115
4115
4114
4114
4113
4113
4113
4113
4111
4110
4110
4109
4109
4109
4108
4108
4108
4107
4106
4106
4103
4103
4101
4101
4098
4097
4095
4094
4094
4094
4094
4094
4092
4091
4090
4089
4089
4089
4088
4088
4088
4087
4087
4086
4085
4084
4084
4083
4081
4081
4080
4080
4080
4079
4078
4078
4077
4077
4076
4076
4075
4075
4075
4075
4075
4074
4074
4073
4072
4072
4072
4071
4069
4068
4068
4068
4067
4067
4067
4066
4065
4064
4063
4063
4062
4062
4062
4062
4062
4060
4060
4058
4058
4057
4057
4056
4055
4055
4054
4053
4052
4051
4051
4051
4049
4048
4048
4048
4048
4046
4046
4046
4045
4045
4044
4042
4041
4040
4040
4040
4038
4038
4038
4037
4036
4035
4034
4033
4032
4032
4032
4031
4031
4030
4030
4030
4029
4028
4027
4027
4026
4025
4024
4024
4024
4024
4023
4023
4023
4023
4023
4022
4021
4021
4021
4020
4020
4019
4019
4018
4018
4018
4017
4015
4015
4015
4014
4013
4013
4012
4012
4012
4011
4011
4010
4010
4010
4009
4009
4009
4008
4008
4008
4007
4007
4006
4006
4005
4005
4005
4004
4004
4004
4004
4003
4003
4002
4002
4002
4000
4000
4000
3999
3999
3999
3996
3996
3995
3994
3994
3994
3993
3993
3993
3993
3991
3991
3991
3990
3990
3989
3988
3987
3986
3985
3985
3985
3985
3983
3983
3982
3981
3980
3979
3979
3978
3978
3977
3977
3976
3975
3974
3973
3973
3970
3970
3969
3969
3969
3968
3967
3967
3966
3966
3966
3965
3965
3965
3964
3964
3962
3962
3962
3961
3959
3959
3959
3959
3959
3957
3956
3955
3955
3954
3954
3954
3953
3953
3952
3952
3952
3950
3950
3949
3948
3947
3946
3945
3945
3945
3944
3944
3943
3943
3942
3941
3941
3941
3940
3939
3938
3938
3938
3937
3935
3934
3934
3934
3933
3933
3933
3932
3932
3932
3931
3930
3930
3929
3929
3928
3928
3927
3927
3926
3925
3924
3923
3922
3922
3922
3922
3922
3921
3921
3921
3920
3920
3920
3920
3919
3918
3918
3918
3918
3918
3917
3917
3916
3915
3915
3914
3913
3913
3912
3912
3911
3911
3911
3910
3910
3909
3908
3908
3908
3908
3908
3907
3907
3907
3906
3904
3904
3904
3903
3903
3902
3901
3900
3899
3899
3897
3895
3895
3894
3893
3893
3893
3892
3891
3889
3889
3888
3886
3885
3885
3884
3882
3880
3880
3880
3880
3880
3880
3879
3878
3878
3878
3878
3877
3876
3876
3875
3874
3874
3873
3873
3873
3872
3871
3871
3871
3870
3870
3869
3868
3867
3867
3867
3865
3864
3863
3862
3862
3862
3861
3858
3857
3857
3856
3856
3856
3855
3854
3854
3852
3851
3851
3851
3850
3850
3850
3848
3848
3846
3846
3846
3846
3845
3844
3844
3843
3843
3842
3842
3842
3842
3841
3841
3841
3840
3839
3839
3839
3839
3839
3838
3837
3837
3837
3837
3837
3835
3835
3835
3835
3835
3834
3834
3832
3831
3831
3830
3830
3830
3830
3829
3828
3828
3828
3827
3826
3826
3826
3825
3825
3824
3823
3823
3823
3821
3821
3821
3819
3818
3818
3818
3817
3817
3816
3816
3815
3815
3813
3813
3813
3812
3812
3812
3811
3811
3810
3810
3809
3808
3807
3807
3806
3806
3806
3805
3805
3804
3802
3802
3800
3800
3800
3800
3800
3796
3796
3796
3795
3794
3793
3793
3792
3792
3792
3791
3790
3790
3789
3789
3788
3787
3787
3787
3786
3786
3785
3784
3783
3783
3782
3780
3780
3779
3779
3779
3779
3779
3778
3777
3777
3776
3776
3775
3775
3775
3774
3774
3774
3774
3774
3773
3773
3772
3772
3772
3771
3771
3771
3771
3770
3769
3768
3768
3768
3768
3767
3767
3766
3765
3765
3765
3765
3764
3764
3763
3762
3762
3762
3762
3761
3761
3761
3761
3760
3760
3760
3759
3759
3759
3759
3757
3756
3755
3755
3755
3754
3753
3753
3753
3752
3751
3751
3751
3751
3750
3749
3749
3749
3749
3748
3747
3747
3746
3746
3746
3746
3744
3743
3743
3743
3743
3741
3741
3740
3740
3740
3740
3740
3739
3739
3738
3737
3737
3737
3736
3736
3735
3734
3733
3733
3732
3732
3731
3731
3730
3730
3729
3729
3728
3728
3726
3725
3725
3722
3722
3721
3732
3720
3720
3719
3719
3719
3718
3718
3717
3717
3717
3716
3715
3715
3715
3713
3713
3712
3711
3711
3711
3710
3709
3708
3707
3707
3707
3706
3713
3705
3704
3704
3704
3703
3703
3703
3702
3702
3701
3701
3700
3700
3700
3699
3699
3699
3698
3698
3696
3696
3696
3696
3694
3694
3694
3694
3693
3693
3693
3692
3692
3692
3691
3691
3691
3691
3691
3690
3690
3689
3689
3688
3688
3688
3687
3686
3685
3684
3684
3684
3683
3683
3682
3681
3680
3679
3679
3679
3678
3678
3677
3676
3676
3675
3675
3674
3673
3672
3672
3671
3671
3671
3670
3670
3670
3670
3669
3669
3669
3667
3667
3666
3666
3666
3665
3664
3664
3663
3663
3662
3662
3662
3662
3662
3661
3661
3657
3657
3656
3656
3655
3655
3655
3654
3653
3652
3651
3650
3650
3650
3649
3647
3647
3647
3647
3646
3646
3645
3644
3644
3643
3642
3642
3642
3641
3641
3640
3639
3639
3639
3638
3638
3638
3648
3637
3637
3636
3636
3636
3635
3635
3634
3632
3632
3632
3632
3631
3631
3631
3630
3630
3629
3628
3627
3626
3625
3624
3624
3624
3624
3624
3623
3623
3623
3622
3621
3621
3621
3621
3620
3619
3619
3619
3617
3617
3617
3616
3616
3614
3614
3614
3613
3613
3611
3611
3610
3610
3610
3610
3609
3609
3608
3608
3608
3607
3607
3607
3604
3604
3604
3603
3602
3601
3601
3601
3600
3600
3600
3600
3599
3598
3598
3598
3597
3597
3597
3596
3596
3596
3596
3595
3594
3594
3592
3592
3592
3590
3590
3589
3589
3588
3586
3585
3583
3583
3582
3579
3579
3578
3577
3576
3576
3575
3574
3573
3572
3572
3571
3571
3571
3570
3570
3569
3569
3569
3568
3568
3566
3566
3565
3565
3565
3564
3564
3564
3563
3563
3561
3561
3561
3561
3561
3560
3559
3559
3558
3558
3557
3557
3556
3556
3556
3555
3555
3555
3555
3554
3553
3552
3552
3551
3551
3551
3551
3551
3550
3550
3550
3549
3549
3548
3548
3548
3547
3547
3546
3546
3544
3544
3543
3542
3541
3540
3540
3539
3539
3538
3538
3538
3538
3537
3537
3537
3537
3537
3536
3535
3535
3534
3533
3532
3532
3532
3532
3530
3529
3528
3528
3527
3526
3525
3525
3525
3524
3524
3523
3523
3523
3522
3522
3522
3522
3521
3521
3521
3521
3520
3520
3519
3519
3518
3517
3517
3516
3516
3516
3515
3515
3515
3515
3515
3514
3514
3514
3512
3512
3512
3510
3510
3509
3509
3509
3508
3508
3508
3508
3507
3506
3506
3506
3505
3505
3504
3504
3503
3502
3502
3502
3502
3501
3501
3501
3500
3500
3498
3498
3498
3496
3495
3495
3495
3495
3495
3495
3494
3493
3492
3492
3492
3491
3490
3490
3490
3490
3490
3489
3488
3488
3487
3486
3485
3485
3484
3483
3483
3483
3483
3482
3482
3481
3481
3481
3481
3479
3479
3479
3478
3478
3477
3477
3476
3475
3475
3475
3474
3473
3472
3472
3471
3471
3470
3470
3468
3467
3467
3467
3467
3467
3466
3466
3465
3465
3465
3465
3465
3464
3462
3462
3461
3461
3461
3461
3461
3460
3459
3459
3458
3458
3457
3457
3456
3456
3456
3456
3456
3456
3456
3455
3454
3454
3452
3451
3450
3450
3449
3449
3449
3447
3447
3446
3445
3445
3445
3445
3444
3443
3443
3442
3441
3440
3440
3439
3439
3437
3437
3437
3437
3437
3437
3436
3436
3435
3434
3434
3433
3433
3432
3432
3432
3431
3431
3431
3431
3430
3430
3428
3428
3428
3428
3427
3427
3427
3427
3426
3426
3426
3426
3425
3315
3425
3424
3424
3424
3423
3423
3423
3422
3422
3421
3421
3420
3420
3420
3420
3420
3420
3419
3419
3418
3418
3418
3418
3416
3416
3416
3416
3415
3415
3415
3414
3413
3413
3413
3413
3412
3412
3412
3411
3411
3411
3411
3410
3410
3408
3408
3408
3408
3408
3408
3408
3407
3407
3406
3406
3406
3405
3404
3404
3404
3403
3402
3402
3402
3402
3401
3401
3400
3400
3400
3399
3399
3399
3398
3398
3398
3397
3397
3395
3395
3393
3393
3392
3391
3391
3391
3391
3390
3390
3390
3387
3387
3387
3386
3386
3386
3385
3385
3385
3383
3383
3383
3383
3383
3382
3381
3381
3380
3379
3379
3379
3378
3377
3376
3376
3376
3375
3374
3374
3373
3373
3373
3372
3371
3371
3370
3369
3369
3369
3368
3367
3367
3367
3367
3366
3366
3365
3365
3364
3363
3362
3361
3361
3360
3360
3360
3359
3359
3357
3357
3356
3356
3355
3355
3355
3354
3354
3353
3353
3352
3352
3350
3350
3350
3350
3347
3347
3346
3346
3346
3346
3345
3345
3344
3344
3344
3342
3342
3341
3340
3339
3339
3339
3339
3338
3338
3337
3337
3337
3337
3336
3335
3334
3334
3334
3333
3332
3332
3331
3331
3330
3330
3329
3329
3329
3328
3328
3328
3328
3328
3328
3328
3328
3328
3326
3324
3324
3324
3324
3324
3323
3323
3322
3322
3322
3322
3321
3321
3321
3320
3320
3320
3320
3319
3319
3318
3317
3317
3317
3317
3316
3316
3314
3314
3313
3312
3312
3312
3312
3311
3310
3310
3309
3309
3309
3309
3308
3308
3308
3307
3306
3306
3305
3305
3304
3304
3304
3304
3303
3303
3303
3302
3302
3301
3300
3300
3300
3298
3298
3297
3297
3297
3297
3296
3295
3293
3293
3293
3292
3292
3291
3290
3290
3289
3289
3289
3289
3289
3289
3287
3287
3286
3286
3286
3285
3285
3285
3285
3284
3284
3284
3284
3283
3282
3282
3281
3281
3281
3281
3280
3280
3280
3280
3279
3279
3279
3279
3279
3279
3277
3277
3277
3276
3275
3275
3275
3275
3273
3273
3273
3273
3273
3273
3272
3272
3272
3272
3272
3271
3269
3269
3269
3268
3268
3266
3266
3266
3266
3266
3266
3266
3265
3265
3265
3265
3264
3264
3264
3264
3263
3263
3262
3261
3261
3260
3260
3260
3260
3259
3259
3259
3259
3259
3259
3258
3258
3258
3258
3257
3257
3257
3256
3256
3256
3256
3256
3255
3255
3255
3253
3252
3252
3252
3252
3252
3250
3250
3250
3248
3247
3247
3247
3247
3247
3246
3246
3246
3246
3246
3245
3245
3245
3245
3245
3244
3243
3243
3243
3241
3240
3239
3239
3239
3238
3238
3238
3238
3238
3236
3236
3236
3236
3235
3235
3235
3235
3235
3234
3234
3234
3233
3233
3233
3232
3232
3231
3231
3231
3231
3230
3229
3229
3229
3227
3227
3227
3227
3227
3226
3226
3226
3226
3226
3226
3226
3225
3224
3224
3224
3224
3223
3222
3222
3222
3221
3221
3221
3220
3219
3219
3219
3219
3218
3218
3218
3217
3217
3217
3216
3216
3215
3215
3214
3214
3214
3214
3214
3213
3212
3212
3212
3211
3211
3210
3210
3209
3209
3208
3207
3206
3206
3206
3205
3205
3204
3202
3201
3200
3200
3200
3199
3199
3199
3198
3198
3197
3196
3196
3195
3195
3195
3194
3194
3194
3194
3194
3193
3193
3192
3192
3192
3191
3191
3190
3190
3190
3189
3189
3189
3188
3187
3186
3186
3186
3185
3185
3184
3184
3184
3184
3184
3184
3183
3183
3183
3183
3183
3182
3181
3180
3180
3179
3178
3178
3177
3177
3177
3176
3175
3175
3175
3175
3173
3172
3172
3172
3172
3171
3171
3170
3170
3170
3170
3170
3170
3169
3169
3168
3168
3167
3167
3167
3166
3166
3165
3165
3165
3165
3164
3163
3162
3160
3159
3159
3158
3157
3157
3156
3156
3156
3156
3155
3154
3154
3153
3153
3153
3153
3152
3151
3151
3150
3150
3150
3149
3149
3149
3148
3148
3147
3146
3146
3145
3145
3144
3144
3144
3143
3143
3143
3142
3142
3142
3142
3141
3141
3141
3141
3140
3140
3140
3139
3138
3138
3138
3138
3137
3137
3136
3136
3136
3136
3135
3135
3135
3134
3134
3133
3132
3132
3132
3131
3131
3130
3130
3130
3130
3129
3129
3129
3129
3128
3128
3127
3127
3127
3126
3125
3125
3125
3124
3124
3124
3124
3124
3124
3124
3123
3123
3123
3123
3122
3121
3120
3120
3119
3118
3118
3118
3117
3117
3116
3116
3115
3115
3115
3114
3113
3113
3113
3113
3112
3112
3112
3111
3111
3111
3111
3110
3110
3110
3109
3109
3109
3109
3109
3108
3108
3107
3107
3107
3107
3105
3105
3103
3103
3103
3103
3103
3102
3102
3102
3102
3102
3101
3100
3099
3099
3099
3099
3099
3098
3098
3098
3097
3097
3097
3096
3096
3096
3096
3095
3095
3095
3095
3094
3094
3093
3093
3093
3093
3093
3092
3092
3092
3092
3091
3091
3091
3091
3091
3091
3090
3090
3090
3090
3090
3090
3089
3089
3087
3087
3087
3086
3086
3086
3086
3086
3086
3085
3085
3084
3084
3084
3083
3083
3082
3082
3082
3081
3081
3080
3080
3080
3080
3080
3079
3078
3075
3075
3075
3075
3075
3074
3074
3073
3073
3073
3073
3073
3071
3071
3070
3070
3070
3070
3069
3068
3068
3067
3067
3066
3065
3065
3064
3064
3063
3062
3062
3062
3062
3062
3060
3060
3059
3059
3058
3058
3058
3058
3057
3057
3056
3056
3056
3056
3056
3056
3055
3054
3053
3053
3052
3052
3052
3051
3050
3050
3050
3049
3049
3047
3047
3047
3047
3046
3045
3045
3045
3044
3044
3044
3043
3043
3043
3043
3043
3042
3042
3042
3042
3042
3041
3041
3041
3041
3040
3040
3040
3040
3040
3039
3039
3038
3038
3038
3038
3037
3037
3036
3036
3036
3036
3035
3035
3035
3035
3034
3034
3034
3033
3033
3033
3033
3033
3032
3032
3032
3032
3032
3031
3031
3031
3031
3031
3030
3030
3029
3029
3028
3028
3028
3028
3028
3027
3027
3027
3027
3027
3027
3026
3026
3026
3026
3026
3025
3025
3025
3025
3025
3025
3024
3023
3022
3022
3022
3022
3022
3021
3020
3020
3019
3019
3018
3018
3017
3017
3017
3017
3017
3016
3015
3015
3014
3014
3014
3013
3012
3012
3012
3012
3012
3011
3011
3011
3011
3011
3010
3010
3010
3010
3010
3009
3009
3009
3009
3009
3008
3008
3007
3007
3007
3007
3007
3007
3007
3006
3005
3004
3004
3003
3003
3003
3003
3003
3001
3001
3001
3000
3000
3000
