378059
243594
243469
231164
228701
216776
214980
214758
214533
209356
208610
195518
190088
188788
185443
185215
182306
182215
174485
167786
167604
164139
163866
163773
163318
162679
157745
149766
147394
143954
142369
139389
138330
134612
132159
131463
129833
124765
123602
123356
123016
120868
117468
117400
112576
112239
109347
107670
107346
106367
105471
103789
103546
103204
101855
101603
101345
100638
100577
98425
98040
97998
97076
97071
97020
96440
95437
95211
94679
93582
93276
92593
91879
91153
90244
89662
89160
88061
87482
87373
86360
86332
85431
85163
84890
84879
84304
83711
82888
82769
82459
82298
82262
82217
81883
81722
81677
81537
81122
80888
80808
80383
80359
79817
79721
78844
78764
78735
78151
78026
77681
77365
77186
77063
76953
75615
75471
75352
75152
75071
74990
74546
74314
73467
73055
72972
72948
72848
72207
71027
70963
70883
70780
70508
70504
70494
70311
69177
69114
68994
68867
68721
68396
68265
68130
66749
66595
66588
65696
65321
65214
64745
64601
64565
64430
63724
63400
63353
63316
63278
63180
62868
62503
62480
62431
62405
62080
62072
61941
61772
61345
60985
60863
60514
60292
60146
59799
59676
59573
59572
59367
59272
59263
59160
59122
59090
59006
58899
58859
58610
58506
58482
58300
58054
58027
57995
57985
57920
57918
57729
57227
57185
57121
57050
56847
56797
56690
56589
56550
56438
56287
56153
56082
56056
55981
55964
55882
55742
55467
55403
55309
55299
55224
55000
54951
54928
54910
54840
54751
54382
54274
54130
54086
54043
53844
53751
53518
53496
53325
53313
53304
53103
52818
52812
52774
52745
52706
52582
52455
52451
52191
52072
52032
51994
51868
51233
51065
51049
50705
50685
50653
50433
50355
49845
49685
49599
49541
49512
49498
49295
49266
49238
49014
48821
48789
48753
48401
48386
48196
48120
48083
47888
47869
47834
47681
47587
47521
47306
47171
47139
46866
46788
46742
46574
46430
46358
46268
45941
45932
45925
45813
45791
45790
45790
45610
45600
45519
45436
45382
45254
45151
45026
44999
44970
44894
44575
44547
44488
44447
44444
44425
44327
44250
44077
44003
43946
43807
43725
43723
43591
43588
43531
43366
43157
43106
42942
42866
42845
42834
42791
42690
42510
42468
42410
42396
42364
42125
41853
41799
41626
41497
41388
41335
41328
41258
41255
41204
41203
41182
41181
40943
40934
40930
40905
40854
40749
40737
40714
40703
40627
40592
40489
40460
40336
40244
40226
40159
40157
40155
40040
39990
39960
39920
39850
39806
39738
39684
39604
39505
39312
39205
39101
38948
38889
38656
38622
38614
38391
38381
38371
38355
38337
38310
38235
38113
38057
38032
38002
37881
37878
37793
37758
37741
37708
37618
37604
37558
37548
37468
37419
37412
37401
37378
37350
37321
37273
37228
37216
37188
37112
36962
36921
36889
36784
36695
36691
36673
36504
36488
36484
36454
36431
36349
36255
36141
36060
36043
36032
35935
35891
35801
35618
35572
35488
35463
35462
35391
35370
35336
35306
35299
35092
35076
35037
34996
34917
34702
34643
34518
34508
34499
34469
34424
34419
34413
34409
34381
34373
34336
34255
34074
34067
34006
33971
33947
33926
33874
33856
33827
33797
33760
33738
33719
33666
33559
33546
33520
33501
33416
33336
33330
33267
33262
33145
33136
33120
33026
32936
32926
32858
32824
32754
32720
32658
32610
32559
32518
32471
32413
32320
32281
32168
32100
32097
32064
32060
32032
31870
31825
31760
31634
31624
31562
31482
31462
31432
31424
31380
31353
31316
31220
31177
31152
31077
31072
31062
31029
30970
30902
30895
30887
30804
30754
30699
30680
30662
30640
30609
30559
30539
30539
30523
30503
30447
30415
30390
30383
30365
30307
30261
30245
30222
30214
30192
30152
30138
30131
30110
30101
29886
29862
29851
29845
29790
29748
29721
29707
29684
29682
29593
29566
29543
29487
29399
29388
29340
29321
29308
29307
29246
29235
29228
29221
29221
29203
29175
29142
29141
29131
29125
29097
29077
29072
29023
29006
28979
28911
28871
28870
28869
28858
28855
28832
28827
28803
28798
28773
28682
28633
28627
28446
28444
28434
28427
28422
28413
28377
28288
28243
28216
28200
28187
28180
28134
28133
28045
28019
27985
27900
27860
27807
27806
27761
27732
27701
27690
27655
27654
27632
27567
27550
27496
27448
27355
27306
27255
27211
27198
27196
27172
27106
27090
27020
26995
26958
26948
26907
26886
26847
26838
26820
26807
26753
26753
26726
26716
26615
26560
26438
26380
26368
26350
26322
26307
26295
26256
26252
26251
26227
26168
26051
26034
26020
26015
26012
25981
25955
25942
25936
25866
25863
25848
25837
25834
25814
25694
25669
25657
25654
25571
25434
25417
25397
25373
25343
25309
25182
25151
25150
25141
25110
25057
25042
25025
24987
24967
24955
24939
24935
24924
24917
24840
24831
24791
24754
24740
24725
24668
24630
24620
24582
24521
24467
24431
24424
24420
24419
24403
24381
24376
24369
24336
24328
24313
24294
24286
24269
24205
24190
24180
24140
24122
24121
24115
24082
24074
24053
24015
23960
23941
23931
23926
23918
23866
23812
23767
23764
23721
23675
23633
23630
23598
23590
23562
23560
23531
23478
23473
23456
23448
23423
23421
23403
23402
23396
23387
23375
23358
23301
23223
23219
23216
23153
23143
23141
23130
23105
23105
23089
23059
23029
23018
23013
23001
22999
22999
22996
22979
22961
22947
22944
22921
22898
22852
22814
22814
22792
22782
22773
22761
22753
22752
22730
22723
22693
22693
22683
22674
22662
22644
22635
22613
22600
22592
22568
22568
22517
22490
22453
22387
22336
22316
22312
22306
22238
22206
22180
22166
22106
22072
22070
22049
22023
22017
22015
21991
21984
21980
21977
21968
21932
21920
21914
21890
21880
21879
21875
21870
21857
21843
21820
21793
21789
21783
21767
21743
21739
21729
21722
21674
21654
21607
21589
21574
21545
21545
21537
21527
21487
21474
21466
21466
21428
21422
21414
21409
21394
21376
21367
21367
21346
21341
21337
21324
21312
21289
21240
21220
21212
21201
21196
21193
21166
21156
21144
21111
21106
21082
21070
21067
21030
21029
21025
20979
20929
20927
20885
20871
20843
20802
20800
20799
20779
20777
20749
20748
20744
20742
20715
20705
20701
20699
20696
20692
20667
20659
20628
20614
20561
20549
20548
20540
20540
20538
20535
20522
20516
20476
20446
20433
20417
20400
20372
20369
20364
20358
20349
20342
20322
20313
20298
20296
20291
20234
20222
20190
20183
20175
20074
20066
20046
20036
20023
20023
20015
20003
19994
19991
19988
19962
19907
19890
19890
19860
19834
19831
19801
19779
19695
19586
19581
19577
19561
19549
19547
19502
19463
19390
19390
19371
19361
19320
19319
19282
19275
19266
19265
19261
19259
19214
19193
19146
19145
19128
19123
19123
19115
19097
19071
19070
19062
19041
18993
18975
18962
18936
18926
18907
18905
18893
18876
18876
18868
18866
18865
18846
18841
18839
18833
18833
18784
18779
18764
18749
18706
18661
18655
18638
18608
18585
18585
18573
18567
18562
18555
18535
18518
18496
18478
18462
18454
18442
18422
18387
18386
18385
18385
18379
18370
18369
18369
18365
18343
18328
18328
18324
18315
18295
18268
18261
18252
18223
18216
18214
18202
18179
18176
18147
18108
18089
18085
18073
18070
18049
18037
18019
18018
17999
17998
17996
17991
17989
17987
17984
17972
17968
17944
17931
17921
17921
17914
17891
17885
17881
17877
17854
17821
17804
17802
17797
17770
17764
17747
17741
17730
17721
17719
17686
17667
17648
17641
17630
17617
17579
17572
17555
17499
17498
17493
17473
17470
17423
17421
17415
17409
17401
17396
17392
17389
17357
17354
17342
17334
17327
17317
17256
17234
17232
17163
17162
17158
17158
17157
17151
17149
17149
17140
17132
17123
17109
17104
17102
17094
17084
17083
17073
17065
17057
17036
17036
17010
16985
16982
16970
16939
16904
16895
16882
16880
16870
16862
16861
16839
16814
16806
16799
16797
16714
16690
16674
16629
16621
16621
16606
16603
16589
16579
16561
16543
16541
16514
16507
16477
16475
16471
16465
16454
16446
16445
16437
16421
16399
16382
16345
16343
16336
16298
16290
16277
16277
16266
16257
16255
16246
16230
16224
16219
16211
16203
16196
16129
16128
16117
16104
16095
16094
16078
16076
16071
16070
16064
16049
16037
16031
16031
16017
15993
15977
15977
15972
15969
15969
15968
15958
15944
15930
15923
15912
15908
15896
15886
15879
15877
15876
15854
15824
15811
15768
15758
15740
15720
15715
15707
15690
15684
15683
15679
15674
15673
15661
15647
15644
15642
15638
15632
15626
15622
15607
15603
15594
15589
15585
15585
15583
15580
15574
15563
15555
15534
15527
15518
15516
15512
15503
15497
15491
15482
15480
15467
15458
15439
15439
15401
15395
15383
15377
15375
15371
15368
15362
15351
15347
15339
15337
15336
15325
15322
15304
15302
15289
15285
15282
15279
15257
15237
15229
15219
15217
15211
15210
15208
15206
15175
15173
15165
15164
15154
15132
15127
15121
15111
15104
15096
15086
15084
15081
15079
15069
15062
15053
15041
15036
15035
14984
14982
14980
14979
14970
14964
14954
14914
14894
14884
14880
14864
14837
14833
14814
14811
14806
14789
14785
14782
14781
14781
14766
14766
14760
14747
14743
14741
14738
14730
14706
14698
14689
14683
14662
14662
14659
14649
14644
14640
14610
14591
14553
14552
14551
14530
14514
14491
14484
14483
14483
14471
14467
14454
14454
14450
14445
14435
14428
14401
14396
14395
14390
14359
14352
14333
14333
14320
14308
14306
14300
14296
14294
14289
14288
14260
14258
14249
14242
14242
14236
14234
14234
14231
14230
14208
14202
14187
14178
14172
14160
14145
14137
14132
14132
14128
14128
14122
14114
14045
14007
14000
13997
13991
13980
13923
13905
13892
13892
13878
13868
13867
13866
13866
13864
13858
13854
13852
13852
13809
13806
13803
13800
13794
13794
13793
13753
13751
13750
13734
13729
13723
13723
13720
13717
13706
13700
13696
13688
13686
13683
13663
13656
13651
13646
13644
13631
13607
13600
13598
13589
13588
13587
13566
13564
13562
13544
13541
13539
13535
13513
13494
13491
13488
13481
13479
13476
13450
13442
13441
13438
13426
13425
13412
13406
13391
13362
13361
13361
13350
13346
13344
13340
13336
13333
13321
13316
13291
13275
13274
13271
13266
13262
13256
13254
13251
13249
13247
13238
13226
13222
13222
13221
13218
13207
13204
13198
13196
13188
13167
13165
13159
13150
13150
13146
13145
13130
13129
13123
13110
13103
13102
13094
13094
13059
13055
13022
13017
13012
13011
13010
13003
12997
12992
12982
12970
12968
12952
12950
12947
12942
12918
12917
12917
12907
12906
12900
12895
12888
12880
12868
12855
12829
12819
12811
12809
12796
12795
12794
12793
12759
12747
12746
12740
12718
12685
12651
12648
12647
12631
12618
12616
12614
12608
12600
12600
12599
12596
12580
12565
12564
12559
12552
12545
12534
12532
12525
12523
12522
12510
12496
12496
12486
12485
12476
12467
12457
12455
12444
12433
12429
12418
12411
12406
12398
12393
12378
12378
12376
12369
12358
12355
12343
12341
12340
12335
12332
12332
12316
12302
12300
12299
12298
12292
12269
12268
12258
12250
12250
12247
12243
12235
12229
12222
12222
12219
12215
12207
12203
12199
12191
12189
12186
12184
12182
12180
12177
12177
12169
12157
12147
12136
12127
12122
12112
12100
12100
12093
12091
12084
12083
12076
12066
12065
12065
12061
12059
12050
12049
12048
12040
12027
12011
11997
11985
11972
11971
11968
11963
11961
11956
11940
11938
11934
11928
11925
11918
11904
11893
11888
11881
11874
11874
11863
11862
11842
11836
11832
11817
11815
11812
11809
11804
11797
11795
11786
11780
11774
11774
11769
11749
11743
11741
11698
11690
11689
11688
11684
11676
11671
11669
11654
11633
11609
11605
11605
11593
11591
11577
11571
11567
11565
11563
11547
11545
11542
11539
11530
11524
11524
11518
11513
11497
11493
11487
11480
11478
11466
11466
11455
11455
11427
11425
11425
11418
11418
11417
11407
11404
11393
11385
11383
11379
11370
11369
11360
11359
11358
11347
11328
11324
11322
11316
11313
11312
11301
11301
11298
11294
11294
11292
11291
11289
11282
11273
11273
11269
11268
11263
11261
11261
11253
11249
11248
11240
11236
11231
11221
11219
11215
11210
11204
11195
11191
11182
11164
11164
11164
11163
11161
11140
11137
11135
11120
11115
11112
11104
11100
11093
11092
11081
11080
11073
11061
11060
11059
11055
11053
11037
11030
11024
11016
10991
10986
10980
10972
10966
10964
10948
10945
10944
10942
10940
10929
10927
10911
10904
10893
10883
10879
10873
10867
10852
10852
10852
10851
10843
10837
10836
10832
10832
10826
10823
10808
10801
10800
10800
10794
10769
10769
10758
10754
10744
10743
10734
10722
10722
10721
10714
10706
10705
10705
10703
10695
10690
10685
10679
10669
10653
10651
10650
10650
10644
10638
10627
10620
10619
10609
10603
10595
10593
10581
10577
10576
10574
10574
10572
10565
10560
10559
10553
10547
10545
10535
10533
10532
10530
10525
10517
10501
10499
10489
10485
10482
10477
10459
10443
10443
10436
10436
10434
10432
10430
10422
10407
10406
10401
10393
10381
10371
10367
10363
10361
10360
10344
10341
10336
10328
10322
10302
10299
10297
10296
10286
10284
10284
10280
10279
10270
10266
10265
10264
10256
10253
10249
10247
10237
10229
10224
10221
10210
10209
10209
10209
10204
10199
10195
10187
10182
10181
10172
10166
10157
10147
10146
10143
10138
10100
10098
10093
10082
10082
10080
10059
10059
10058
10056
10052
10051
10039
10037
10036
10033
10026
10016
10012
10009
10009
10006
10005
9991
9988
9976
9972
9969
9960
9947
9945
9945
9935
9926
9917
9915
9913
9905
9888
9878
9875
9874
9871
9871
9868
9864
9858
9858
9857
9850
9841
9838
9835
9835
9834
9834
9832
9827
9820
9808
9808
9806
9801
9796
9792
9790
9789
9786
9786
9781
9779
9772
9772
9767
9753
9752
9749
9746
9742
9740
9731
9727
9724
9699
9695
9694
9690
9686
9680
9678
9678
9667
9667
9666
9661
9660
9650
9649
9649
9641
9629
9628
9621
9611
9610
9602
9573
9573
9565
9564
9551
9550
9533
9533
9532
9519
9519
9511
9507
9506
9501
9497
9496
9490
9488
9485
9457
9453
9452
9447
9444
9443
9440
9439
9430
9430
9429
9425
9418
9411
9405
9405
9412
9392
9391
9388
9386
9385
9385
9384
9381
9375
9370
9358
9354
9349
9344
9332
9327
9326
9325
9322
9307
9305
9305
9303
9303
9296
9288
9284
9283
9279
9274
9273
9270
9263
9260
9255
9255
9246
9241
9234
9232
9223
9219
9216
9214
9211
9203
9183
9181
9171
9171
9171
9160
9155
9152
9149
9136
9133
9131
9131
9129
9128
9112
9110
9099
9092
9088
9086
9084
9083
9073
9062
9054
9059
9044
9044
9037
9032
9026
9025
9015
9014
9012
9004
8991
8991
8988
8983
8981
8977
8960
8955
8946
8941
8937
8933
8932
8931
8925
8918
8916
8911
8898
8898
8893
8885
8879
8870
8866
8857
8840
8832
8831
8826
8819
8818
8813
8812
8802
8800
8799
8797
8791
8788
8777
8774
8771
8769
8768
8764
8759
8750
8743
8743
8739
8721
8711
8705
8704
8699
8698
8695
8693
8690
8689
8681
8673
8671
8670
8660
8654
8651
8650
8639
8633
8630
8626
8625
8621
8612
8607
8607
8604
8603
8594
8590
8588
8587
8587
8586
8584
8580
8572
8572
8568
8566
8565
8563
8560
8556
8555
8554
8552
8552
8552
8545
8544
8540
8539
8535
8530
8524
8522
8522
8516
8515
8512
8506
8499
8498
8495
8494
8490
8488
8481
8479
8476
8469
8456
8455
8455
8446
8446
8443
8431
8427
8425
8425
8421
8414
8413
8410
8398
8396
8394
8383
8379
8372
8367
8354
8354
8343
8333
8322
8320
8315
8299
8292
8292
8287
8285
8282
8275
8269
8253
8252
8248
8247
8247
8247
8246
8223
8220
8220
8200
8194
8185
8180
8172
8165
8158
8156
8147
8137
8127
8126
8124
8119
8117
8116
8114
8114
8112
8112
8110
8107
8105
8090
8082
8080
8078
8076
8075
8074
8066
8064
8057
8057
8055
8050
8049
8045
8043
8041
8039
8033
8024
8022
8020
8018
8014
8013
8007
8006
8005
8001
7999
7993
7985
7980
7979
7978
7973
7971
7965
7960
7955
7955
7950
7946
7940
7938
7932
7929
7928
7926
7922
7920
7918
7915
7914
7912
7909
7909
7902
7789
7897
7895
7889
7886
7880
7880
7877
7875
7871
7868
7866
7864
7862
7860
7858
7857
7851
7847
7845
7843
7841
7838
7835
7835
7832
7830
7830
7825
7821
7811
7801
7799
7795
7793
7791
7789
7783
7781
7780
7777
7775
7773
7771
7770
7757
7756
7752
7751
7751
7750
7744
7743
7735
7733
7732
7731
7726
7725
7717
7717
7714
7710
7710
7707
7707
7704
7703
7701
7701
7700
7699
7699
7692
7691
7690
7685
7684
7678
7675
7674
7669
7667
7666
7661
7660
7659
7654
7653
7651
7650
7649
7645
7638
7634
7632
7632
7631
7626
7620
7620
7615
7607
7607
7606
7604
7602
7602
7599
7598
7596
7593
7589
7586
7586
7585
7584
7578
7576
7575
7574
7569
7567
7566
7559
7555
7553
7548
7548
7547
7542
7542
7537
7536
7533
7529
7529
7529
7526
7526
7520
7519
7519
7519
7519
7513
7510
7509
7505
7505
7505
7504
7501
7500
7498
7495
7495
7494
7494
7488
7483
7479
7477
7475
7466
7464
7457
7456
7452
7451
7450
7448
7447
7443
7441
7436
7433
7433
7428
7425
7421
7417
7417
7411
7404
7400
7396
7394
7393
7389
7388
7384
7380
7368
7361
7358
7355
7344
7341
7340
7340
7338
7337
7334
7331
7327
7322
7317
7314
7313
7311
7307
7306
7303
7302
7300
7294
7290
7290
7288
7286
7284
7284
7282
7274
7266
7262
7261
7257
7255
7255
7254
7252
7250
7250
7246
7245
7245
7241
7237
7234
7234
7232
7231
7231
7226
7226
7223
7222
7221
7221
7221
7212
7209
7202
7200
7196
7196
7195
7194
7190
7188
7181
7178
7168
7167
7165
7159
7157
7157
7142
7136
7136
7129
7126
7125
7124
7123
7114
7112
7111
7110
7109
7105
7105
7104
7102
7100
7097
7093
7087
7087
7085
7079
7078
7076
7076
7075
7074
7070
7068
7064
7062
7055
7047
7046
7042
7035
7028
7025
7023
7020
7017
7016
7015
7012
7003
7002
7000
6995
6992
6991
6988
6979
6979
6979
6978
6974
6969
6961
6959
6957
6954
6953
6952
6952
6946
6945
6945
6940
6934
6931
6926
6925
6923
6921
6919
6913
6904
6901
6899
6897
6888
6888
6884
6876
6876
6875
6871
6868
6862
6862
6859
6858
6854
6853
6852
6849
6849
6847
6847
6841
6839
6836
6833
6832
6828
6825
6822
6818
6817
6816
6815
6813
6810
6810
6802
6801
6800
6800
6796
6794
6791
6790
6790
6788
6776
6775
6775
6769
6765
6765
6764
6758
6757
6756
6754
6751
6748
6748
6743
6740
6736
6736
6734
6734
6733
6733
6730
6727
6722
6720
6717
6716
6715
6715
6715
6714
6713
6707
6706
6703
6703
6699
6697
6697
6696
6695
6690
6687
6681
6680
6676
6673
6671
6666
6663
6662
6660
6658
6654
6652
6649
6654
6645
6530
6637
6633
6631
6630
6628
6620
6609
6604
6598
6594
6582
6582
6579
6575
6575
6570
6566
6566
6564
6552
6550
6549
6547
6546
6544
6538
6535
6528
6520
6518
6517
6516
6514
6513
6510
6510
6507
6503
6496
6496
6491
6491
6490
6488
6485
6483
6481
6481
6480
6478
6478
6476
6476
6475
6475
6468
6458
6455
6454
6454
6449
6449
6447
6446
6445
6443
6440
6437
6436
6428
6428
6426
6418
6417
6415
6411
6410
6407
6406
6404
6398
6394
6394
6392
6391
6388
6381
6381
6376
6365
6362
6362
6361
6361
6354
6352
6352
6350
6347
6340
6338
6324
6324
6322
6321
6314
6310
6310
6307
6306
6302
6301
6301
6300
6297
6296
6294
6292
6286
6284
6280
6279
6277
6275
6273
6267
6264
6261
6258
6253
6253
6249
6248
6247
6246
6234
6230
6228
6219
6219
6218
6217
6214
6214
6213
6207
6205
6204
6200
6194
6192
6191
6190
6190
6179
6178
6178
6174
6174
6174
6168
6168
6167
6167
6163
6159
6157
6155
6153
6152
6152
6151
6150
6150
6144
6142
6136
6125
6125
6125
6120
6120
6112
6106
6104
6096
6092
6092
6091
6090
6078
6078
6076
6071
6069
6065
6062
6061
6057
6057
6057
6054
6048
6042
6042
6039
6035
6035
6034
6033
6032
6030
6028
6027
6025
6021
6020
6017
6013
6011
6009
6007
6007
6007
6006
6002
5997
5995
5994
5990
5986
5982
5965
5964
5962
5960
5960
5956
5953
5950
5949
5947
5946
5946
5943
5943
5941
5940
5939
5937
5937
5928
5928
5927
5925
5923
5921
5920
5919
5916
5915
5914
5914
5913
5912
5909
5909
5902
5902
5901
5901
5898
5893
5893
5889
5889
5889
5887
5886
5883
5883
5882
5882
5881
5881
5879
5878
5874
5872
5871
5870
5869
5865
5864
5861
5860
5859
5859
5855
5855
5855
5854
5852
5851
5850
5845
5843
5842
5834
5833
5832
5831
5831
5830
5829
5827
5825
5825
5823
5818
5818
5817
5815
5814
5810
5810
5809
5809
5808
5805
5804
5803
5800
5793
5793
5792
5792
5788
5784
5782
5780
5777
5776
5775
5774
5774
5772
5771
5765
5765
5764
5764
5763
5762
5762
5761
5761
5760
5757
5754
5752
5751
5750
5747
5745
5743
5742
5738
5735
5734
5734
5733
5733
5732
5731
5729
5728
5727
5726
5726
5724
5724
5723
5723
5721
5721
5720
5718
5717
5715
5712
5712
5711
5708
5706
5704
5704
5703
5703
5700
5700
5700
5695
5691
5688
5686
5686
5685
5681
5678
5673
5672
5671
5670
5669
5669
5664
5663
5663
5663
5663
5662
5662
5658
5658
5657
5657
5651
5649
5645
5644
5644
5642
5641
5635
5634
5632
5624
5624
5623
5623
5621
5611
5611
5610
5610
5609
5604
5603
5597
5597
5596
5596
5596
5595
5592
5592
5588
5587
5587
5586
5583
5580
5579
5578
5572
5571
5569
5569
5568
5566
5562
5559
5559
5559
5557
5556
5555
5554
5552
5552
5551
5550
5546
5543
5540
5539
5538
5538
5535
5532
5531
5531
5529
5528
5528
5525
5523
5521
5520
5517
5513
5510
5508
5507
5507
5506
5503
5503
5502
5500
5497
5496
5494
5494
5492
5492
5491
5486
5483
5482
5482
5479
5478
5475
5471
5470
5468
5461
5460
5460
5460
5460
5459
5458
5457
5457
5456
5454
5453
5453
5450
5448
5445
5442
5440
5438
5436
5429
5429
5421
5417
5417
5415
5413
5410
5410
5409
5409
5407
5406
5404
5404
5403
5401
5398
5397
5395
5394
5392
5392
5385
5383
5382
5380
5379
5377
5377
5372
5370
5368
5367
5364
5364
5361
5360
5360
5359
5359
5359
5358
5355
5353
5349
5348
5348
5347
5345
5344
5342
5338
5334
5330
5329
5329
5326
5324
5320
5317
5317
5315
5315
5313
5313
5312
5309
5309
5306
5306
5304
5296
5294
5293
5292
5289
5288
5285
5284
5284
5284
5282
5278
5277
5276
5269
5269
5267
5266
5262
5261
5260
5259
5258
5256
5256
5255
5253
5253
5253
5245
5244
5243
5242
5241
5241
5239
5237
5233
5232
5232
5231
5230
5229
5226
5226
5226
5224
5223
5222
5221
5221
5111
5218
5211
5208
5207
5207
5205
5205
5204
5203
5203
5201
5200
5200
5200
5197
5197
5197
5196
5196
5191
5189
5189
5184
5182
5181
5180
5179
5179
5176
5172
5169
5168
5168
5167
5167
5165
5163
5162
5159
5159
5157
5157
5156
5155
5154
5154
5151
5147
5142
5142
5142
5141
5138
5136
5133
5133
5131
5128
5127
5125
5125
5123
5119
5119
5118
5117
5116
5116
5116
5116
5112
5111
5106
5105
5104
5103
5101
5101
5101
5100
5100
5097
5097
5097
5095
5094
5093
5092
5089
5086
5086
5084
5083
5073
5073
5073
5071
5070
5069
5068
5067
5065
5065
5063
5063
5062
5061
5058
5055
5053
5050
5050
5050
5044
5043
5040
5040
5038
5035
5034
5034
5031
5028
5027
5024
5021
5021
5020
5020
5020
5018
5016
5015
5013
5013
5013
5013
5013
5012
5011
5011
5011
5007
5005
4999
4999
4999
4998
4998
4997
4993
4990
4988
4987
4985
4985
4983
4982
4980
4980
4978
4978
4978
4976
4974
4973
4973
4972
4971
4971
4971
4969
4968
4968
4967
4967
4966
4965
4959
4957
4956
4956
4954
4953
4953
4947
4946
4944
4943
4940
4938
4934
4934
4933
4933
4931
4922
4922
4922
4921
4921
4919
4917
4916
4915
4914
4910
4908
4908
4907
4907
4904
4904
4901
4900
4899
4897
4897
4891
4891
4889
4889
4886
4885
4884
4882
4880
4879
4878
4877
4876
4876
4872
4870
4870
4864
4864
4864
4863
4857
4856
4855
4854
4853
4852
4851
4851
4849
4849
4848
4848
4843
4840
4840
4839
4839
4835
4835
4831
4831
4830
4829
4828
4824
4824
4823
4822
4822
4820
4819
4818
4818
4818
4817
4815
4814
4813
4813
4810
4809
4808
4807
4807
4805
4804
4802
4802
4801
4800
4799
4797
4795
4795
4793
4789
4789
4789
4787
4786
4784
4783
4782
4781
4780
4780
4777
4777
4776
4773
4773
4772
4770
4769
4768
4767
4763
4763
4763
4762
4762
4761
4760
4759
4758
4757
4755
4755
4754
4753
4752
4750
4750
4750
4748
4748
4747
4747
4746
4745
4744
4744
4744
4743
4743
4742
4740
4740
4735
4733
4733
4732
4731
4730
4729
4726
4722
4721
4719
4719
4716
4712
4708
4704
4698
4697
4694
4692
4690
4689
4687
4687
4684
4680
4679
4678
4677
4677
4677
4676
4675
4673
4672
4672
4672
4672
4671
4671
4668
4668
4664
4662
4659
4658
4657
4656
4653
4651
4649
4539
4643
4643
4639
4637
4636
4636
4635
4634
4633
4632
4629
4629
4629
4628
4626
4625
4623
4622
4622
4621
4621
4621
4620
4619
4618
4616
4616
4612
4612
4612
4609
4609
4607
4607
4606
4605
4602
4602
4597
4597
4596
4594
4593
4592
4591
4589
4589
4586
4584
4582
4582
4582
4579
4578
4578
4578
4576
4573
4570
4567
4566
4565
4564
4563
4563
4563
4560
4560
4559
4556
4555
4552
4550
4548
4547
4544
4541
4541
4540
4540
4539
4538
4537
4537
4530
4530
4530
4530
4528
4527
4527
4526
4523
4518
4518
4517
4517
4517
4516
4515
4514
4513
4512
4510
4509
4508
4507
4506
4504
4503
4501
4498
4497
4495
4495
4495
4494
4492
4490
4488
4487
4486
4486
4485
4482
4480
4480
4479
4478
4476
4472
4472
4471
4470
4469
4466
4462
4460
4460
4457
4456
4456
4447
4447
4446
4445
4444
4444
4443
4440
4439
4438
4438
4438
4438
4436
4435
4434
4431
4430
4429
4428
4428
4427
4426
4425
4422
4422
4421
4420
4417
4416
4413
4412
4410
4410
4409
4409
4409
4407
4407
4407
4406
4405
4405
4404
4401
4400
4400
4399
4397
4397
4397
4396
4394
4394
4390
4385
4384
4383
4382
4382
4379
4379
4377
4374
4374
4371
4370
4369
4368
4365
4364
4363
4362
4362
4361
4361
4360
4360
4359
4359
4359
4359
4358
4358
4353
4353
4352
4352
4351
4350
4348
4346
4344
4342
4342
4339
4338
4332
4331
4330
4330
4329
4329
4328
4328
4327
4326
4326
4324
4321
4319
4317
4314
4314
4313
4313
4312
4310
4310
4310
4308
4308
4305
4302
4300
4300
4299
4298
4297
4295
4293
4292
4291
4290
4290
4286
4286
4285
4284
4283
4282
4280
4279
4278
4278
4277
4274
4274
4273
4272
4272
4269
4269
4267
4263
4262
4262
4261
4258
4258
4258
4257
4256
4255
4254
4253
4253
4253
4251
4248
4246
4245
4244
4244
4243
4241
4241
4238
4237
4234
4232
4230
4229
4225
4224
4222
4222
4221
4219
4218
4218
4216
4216
4215
4215
4214
4213
4213
4213
4212
4212
4210
4209
4208
4206
4206
4206
4203
4202
4200
4199
4199
4198
4193
4193
4192
4190
4187
4186
4186
4184
4184
4183
4182
4182
4182
4180
4175
4174
4174
4173
4171
4170
4170
4170
4170
4169
4169
4167
4167
4164
4163
4162
4156
4155
4155
4154
4153
4153
4153
4152
4152
4151
4151
4149
4148
4148
4146
4145
4143
4141
4141
4138
4138
4137
4137
4131
4130
4130
4129
4128
4127
4125
4122
4118
4117
4113
4112
4112
4111
4111
4110
4108
4107
4107
4107
4106
4105
4104
4104
4099
4095
4093
4092
4091
4091
4089
4088
4087
4087
4086
4082
4079
4077
4076
4076
4075
4074
4074
4073
4073
4073
4072
4071
4069
4068
4067
4066
4066
4065
4065
4065
4063
4063
4061
4060
4060
4058
4058
4054
4053
4053
4052
4052
4051
4051
4050
4050
4048
4047
4047
4046
4045
4042
4040
4040
4038
4037
4034
4032
4032
4032
4031
4031
4030
4029
4028
4025
4025
4021
4021
4021
4020
4018
4016
4014
4013
4012
4011
4010
4009
4009
4009
4007
4006
4004
4003
4003
4001
4000
4000
3997
3996
3995
3994
3993
3992
3990
3990
3989
3989
3989
3987
3983
3983
3982
3980
3979
3978
3976
3974
3973
3972
3972
3970
3970
3968
3964
3963
3963
3962
3962
3961
3959
3958
3957
3954
3953
3952
3951
3951
3949
3949
3947
3945
3942
3940
3940
3935
3935
3933
3933
3932
3931
3930
3930
3929
3929
3926
3926
3925
3922
3921
3920
3919
3918
3918
3915
3915
3913
3913
3908
3908
3906
3904
3903
3902
3902
3900
3900
3899
3898
3897
3896
3895
3892
3892
3892
3891
3888
3887
3886
3886
3885
3885
3885
3884
3884
3883
3883
3883
3883
3882
3882
3881
3880
3879
3879
3876
3875
3875
3874
3873
3872
3872
3872
3867
3866
3866
3865
3865
3864
3863
3862
3862
3862
3861
3860
3859
3859
3857
3857
3857
3857
3857
3854
3853
3853
3852
3851
3851
3850
3848
3848
3847
3847
3844
3843
3843
3841
3839
3839
3838
3835
3835
3834
3834
3833
3832
3831
3830
3829
3828
3828
3828
3827
3826
3824
3824
3823
3823
3822
3820
3819
3818
3815
3814
3813
3812
3808
3808
3807
3807
3805
3805
3804
3804
3803
3803
3803
3802
3800
3798
3796
3794
3792
3791
3790
3790
3788
3785
3783
3782
3782
3782
3780
3779
3779
3776
3774
3774
3774
3773
3771
3770
3770
3770
3770
3768
3768
3767
3766
3766
3766
3765
3763
3762
3761
3760
3760
3759
3758
3758
3758
3757
3757
3757
3756
3756
3756
3754
3754
3753
3753
3753
3753
3752
3752
3752
3752
3751
3750
3749
3748
3746
3744
3744
3744
3744
3744
3743
3742
3740
3739
3738
3738
3735
3735
3732
3732
3732
3731
3730
3729
3729
3727
3725
3725
3725
3725
3724
3722
3721
3720
3719
3718
3717
3717
3716
3714
3714
3713
3709
3705
3704
3704
3701
3701
3700
3700
3699
3697
3697
3696
3695
3695
3694
3694
3692
3690
3690
3688
3687
3686
3686
3685
3682
3681
3680
3677
3677
3677
3673
3672
3671
3670
3669
3669
3669
3668
3668
3668
3667
3666
3664
3663
3661
3660
3658
3658
3657
3657
3657
3657
3657
3657
3656
3653
3653
3651
3651
3648
3648
3647
3646
3644
3643
3642
3641
3641
3641
3640
3640
3639
3639
3636
3635
3635
3635
3634
3634
3632
3632
3631
3630
3629
3628
3626
3625
3624
3624
3624
3623
3623
3622
3622
3622
3621
3621
3620
3620
3620
3620
3619
3619
3619
3618
3617
3616
3611
3610
3610
3610
3610
3609
3608
3608
3608
3607
3606
3606
3605
3604
3603
3602
3602
3601
3600
3600
3600
3599
3598
3598
3598
3597
3596
3596
3593
3590
3588
3588
3588
3588
3586
3586
3584
3583
3582
3582
3582
3581
3581
3581
3580
3578
3576
3576
3573
3577
3572
3572
3572
3571
3571
3571
3570
3569
3569
3567
3566
3565
3563
3562
3562
3561
3560
3560
3558
3558
3558
3558
3557
3556
3555
3554
3552
3551
3549
3548
3548
3547
3547
3545
3542
3542
3542
3542
3540
3539
3538
3536
3535
3535
3534
3531
3531
3530
3529
3527
3527
3527
3527
3527
3526
3526
3525
3525
3525
3523
3523
3521
3520
3520
3518
3517
3516
3516
3514
3514
3512
3512
3509
3509
3508
3508
3507
3507
3507
3507
3506
3505
3505
3505
3504
3504
3503
3503
3503
3501
3501
3501
3497
3497
3496
3496
3494
3494
3492
3492
3491
3490
3489
3489
3488
3488
3487
3486
3485
3483
3483
3483
3482
3481
3481
3480
3478
3477
3477
3476
3475
3473
3471
3471
3469
3468
3467
3467
3466
3465
3465
3465
3465
3463
3463
3461
3458
3458
3457
3456
3456
3456
3456
3456
3454
3453
3450
3450
3449
3446
3445
3445
3445
3444
3444
3443
3443
3443
3443
3442
3441
3440
3439
3438
3436
3436
3436
3436
3435
3434
3434
3433
3432
3432
3430
3430
3428
3428
3427
3427
3426
3424
3424
3424
3423
3423
3423
3423
3423
3422
3422
3422
3422
3421
3420
3419
3419
3418
3417
3417
3416
3415
3414
3413
3412
3412
3412
3412
3412
3412
3410
3410
3410
3410
3410
3409
3408
3407
3406
3405
3405
3405
3404
3404
3403
3411
3403
3403
3402
3402
3401
3401
3399
3399
3399
3398
3398
3397
3396
3396
3395
3395
3394
3393
3392
3392
3391
3391
3389
3389
3388
3388
3386
3386
3385
3384
3383
3382
3381
3381
3381
3380
3379
3379
3379
3377
3377
3373
3373
3371
3371
3370
3369
3369
3367
3366
3366
3364
3364
3361
3361
3360
3360
3360
3358
3358
3357
3356
3356
3356
3355
3355
3354
3353
3352
3351
3350
3350
3349
3349
3349
3348
3347
3347
3344
3343
3342
3342
3341
3341
3340
3340
3340
3339
3339
3339
3336
3336
3335
3334
3334
3333
3333
3333
3332
3332
3331
3331
3330
3330
3329
3329
3328
3328
3328
3328
3327
3327
3326
3326
3325
3325
3324
3324
3324
3324
3323
3323
3322
3322
3322
3321
3321
3321
3319
3318
3318
3318
3315
3315
3314
3314
3313
3313
3313
3312
3312
3312
3312
3312
3311
3311
3311
3311
3310
3310
3310
3310
3309
3309
3308
3306
3305
3304
3304
3304
3303
3303
3303
3303
3302
3302
3302
3301
3301
3300
3299
3298
3298
3298
3298
3298
3297
3294
3294
3291
3291
3291
3287
3286
3286
3284
3284
3284
3283
3282
3282
3282
3282
3281
3280
3279
3279
3277
3277
3277
3275
3274
3274
3273
3273
3272
3271
3271
3271
3270
3269
3269
3269
3269
3268
3266
3266
3266
3265
3264
3264
3264
3262
3261
3261
3259
3259
3257
3256
3255
3254
3254
3252
3252
3252
3252
3252
3251
3251
3250
3250
3250
3247
3247
3247
3245
3243
3241
3241
3241
3241
3240
3240
3239
3238
3237
3237
3236
3236
3235
3235
3234
3233
3232
3232
3231
3230
3230
3229
3229
3228
3228
3228
3227
3227
3227
3226
3225
3225
3225
3225
3224
3223
3223
3222
3222
3222
3222
3221
3220
3220
3220
3220
3220
3219
3218
3218
3217
3217
3216
3216
3216
3216
3214
3213
3212
3210
3209
3207
3205
3205
3204
3202
3202
3202
3201
3201
3200
3199
3199
3199
3197
3197
3197
3196
3195
3194
3194
3193
3193
3193
3193
3192
3191
3191
3190
3190
3190
3189
3189
3187
3186
3186
3185
3184
3182
3180
3179
3179
3179
3178
3178
3176
3176
3176
3174
3173
3173
3172
3172
3170
3170
3169
3169
3169
3168
3168
3167
3167
3166
3165
3163
3162
3160
3160
3160
3160
3160
3159
3159
3158
3157
3156
3155
3154
3154
3153
3153
3152
3152
3150
3150
3150
3146
3145
3145
3145
3144
3144
3144
3143
3143
3143
3143
3143
3142
3141
3140
3140
3139
3138
3138
3137
3134
3134
3134
3133
3133
3132
3131
3130
3129
3129
3126
3125
3125
3123
3123
3124
3121
3121
3121
3121
3120
3120
3118
3117
3116
3115
3114
3113
3113
3113
3109
3108
3108
3108
3107
3107
3107
3106
3106
3105
3104
3104
3104
3103
3102
3101
3100
3100
3100
3099
3099
3098
3098
3098
3098
3098
3098
3096
3096
3096
3093
3092
3092
3090
3089
3089
3088
3088
3087
3087
3087
3086
3086
3086
3086
3085
3085
3084
3084
3084
3083
3083
3083
3082
3081
3080
3080
3080
3079
3078
3077
3076
3076
3075
3074
3074
3073
3072
3072
3071
3071
3070
3070
3068
3068
3068
3067
3066
3064
3063
3061
3061
3061
3060
3060
3060
3060
3059
3057
3055
3054
3054
3054
3054
3053
3051
3050
3049
3049
3049
3048
3048
3047
3046
3046
3045
3044
3044
3042
3041
3041
3041
3041
3039
3039
3038
3038
3038
3038
3037
3037
3037
3035
3034
3033
3031
3030
3029
3028
3028
3028
3028
3027
3026
3025
3024
3024
3023
3023
3022
3022
3021
3021
3018
3018
3018
3018
3017
3017
3016
3015
3015
3014
3013
3011
3011
3011
3010
3010
3009
3009
3008
3008
3008
3008
3007
3007
3007
3007
3007
3007
3006
3006
3005
3005
3004
3004
3003
3002
3002
3001
3001
