354653
277818
271726
257944
236176
200534
195607
193010
190397
176475
174985
173521
173236
169738
162455
161268
158241
155511
149925
149834
149418
148971
146377
135757
131092
126080
125618
121884
118654
117811
114495
113622
112995
111336
111066
109516
109065
107965
106714
104733
103324
102004
101661
101525
101403
100852
99929
99899
99743
96040
94610
93227
91780
91119
90620
88279
88007
87801
86545
84658
83416
83002
82486
82369
77580
77270
76399
76320
75088
73336
73009
72650
72329
72244
71790
71624
71460
71148
70652
70316
69265
69221
69103
68708
68041
67802
67642
67268
67116
66858
66763
66530
66434
66353
65153
64973
64967
64297
64258
63782
63198
63122
63042
62783
62740
62064
62023
61722
61555
61116
59379
58986
58831
58341
57856
57834
57438
56914
56599
56255
55720
55675
55622
55361
55301
55066
54890
54743
54598
54198
54062
53949
53937
53846
53795
53181
52890
52734
52657
52354
52233
52143
52028
51758
51523
51256
51182
51106
50917
50676
49877
49854
49852
49659
49606
49519
49492
49482
48651
48598
48584
48417
48324
48249
48214
48116
47997
47858
47791
47783
47536
47271
47119
46896
46788
46719
46685
46636
46497
46401
46268
46224
46097
45565
45422
45409
45004
44682
44494
44445
44342
44241
44229
44119
44052
43877
43865
43546
43500
43449
43407
43307
43262
43231
43160
43030
42984
42971
42899
42723
42379
42311
42258
42246
42119
42028
41964
41930
41861
41511
41182
41143
41140
40976
40841
40726
40659
40602
40550
40267
40194
40077
39854
39847
39561
39440
39430
39038
39001
38989
38961
38930
38489
38243
38143
37924
37761
37733
37718
37664
37499
37342
37248
37172
37086
37062
36843
36811
36805
36767
36738
36547
36542
36518
36314
36270
35896
35745
35707
35678
35639
35566
35563
35512
35341
35331
35322
35319
35315
35265
35204
35155
35108
35054
35046
34979
34912
34870
34804
34790
34764
34688
34528
34511
34312
34233
34068
33963
33912
33881
33862
33852
33795
33745
33708
33525
33449
33395
33196
33185
33109
33084
33035
32996
32933
32911
32902
32854
32844
32733
32678
32657
32653
32646
32555
32538
32440
32337
32335
32332
32315
32312
32296
32273
32261
32241
32231
32215
32203
32165
32143
32108
32059
32049
32039
32038
32022
31929
31919
31792
31777
31774
31773
31755
31643
31447
31334
31237
31226
31203
31178
31081
31022
30995
30989
30958
30925
30917
30867
30865
30830
30670
30598
30548
30547
30427
30403
30211
30089
30003
29930
29860
29843
29749
29732
29703
29679
29657
29591
29571
29553
29547
29412
29380
29232
29179
29089
29000
28994
28963
28922
28909
28879
28766
28758
28744
28709
28636
28623
28456
28356
28227
28219
28205
28040
28001
27991
27954
27899
27894
27807
27679
27657
27608
27554
27461
27451
27414
27345
27333
27319
27193
27182
27173
27147
27057
27055
27022
26928
26901
26793
26776
26775
26764
26719
26696
26668
26630
26610
26606
26552
26551
26539
26494
26483
26376
26364
26323
26268
26253
26214
26103
26099
26094
25949
25926
25918
25739
25722
25639
25488
25479
25475
25454
25378
25371
25326
25315
25291
25263
25247
25217
25213
25188
25188
25187
25163
25140
25128
25114
25040
25021
25021
25002
25000
24986
24929
24918
24899
24897
24874
24781
24769
24749
24747
24703
24682
24657
24656
24603
24439
24406
24385
24350
24346
24322
24261
24228
24216
24207
24164
24163
24100
24083
23991
23989
23988
23915
23906
23895
23816
23786
23785
23738
23736
23729
23690
23679
23618
23615
23607
23577
23531
23456
23438
23417
23392
23375
23349
23324
23281
23262
23254
23241
23214
23171
23147
23147
23134
23125
23098
23093
23029
22971
22949
22937
22881
22808
22743
22698
22606
22573
22570
22534
22520
22458
22403
22400
22391
22379
22312
22296
22262
22223
22191
22159
22058
22026
21974
21935
21917
21880
21849
21838
21819
21766
21761
21722
21684
21644
21632
21591
21580
21576
21555
21544
21521
21514
21496
21472
21458
21449
21373
21336
21315
21300
21196
21189
21187
21183
21172
21129
21126
21119
21102
21045
21044
21036
21004
20977
20941
20895
20820
20816
20813
20780
20766
20759
20743
20685
20676
20673
20620
20596
20578
20565
20544
20529
20527
20512
20505
20488
20471
20465
20423
20408
20351
20347
20332
20319
20304
20296
20295
20293
20255
20247
20224
20181
20154
20124
20124
20114
20112
20101
20082
20073
20060
20058
20028
20018
19958
19948
19901
19843
19832
19818
19808
19804
19783
19780
19695
19674
19616
19616
19593
19585
19573
19564
19544
19542
19540
19389
19383
19383
19357
19347
19318
19315
19261
19249
19247
19152
19138
19128
19108
19096
19070
19065
19043
19030
19027
19003
19000
18998
18957
18950
18947
18924
18924
18901
18886
18864
18838
18832
18784
18769
18747
18745
18743
18703
18688
18678
18656
18646
18616
18608
18571
18523
18522
18509
18424
18415
18408
18405
18374
18363
18349
18331
18326
18322
18321
18320
18316
18296
18288
18283
18281
18265
18263
18261
18249
18244
18225
18194
18190
18185
18170
18154
18143
18141
18125
18103
18088
18011
18005
17977
17968
17963
17945
17927
17923
17899
17885
17884
17850
17829
17823
17823
17717
17703
17694
17679
17674
17610
17610
17578
17573
17552
17546
17522
17516
17509
17501
17489
17472
17465
17457
17451
17444
17421
17419
17407
17397
17393
17382
17374
17367
17365
17363
17344
17303
17290
17286
17290
17275
17260
17233
17229
17224
17216
17195
17192
17190
17177
17164
17151
17132
17129
17125
17110
17105
17092
17085
17077
17064
17008
17001
16992
16973
16968
16963
16955
16896
16880
16824
16802
16794
16790
16779
16770
16762
16757
16752
16732
16718
16717
16709
16681
16640
16629
16626
16622
16622
16619
16618
16607
16603
16604
16593
16543
16532
16499
16493
16485
16482
16470
16465
16457
16441
16433
16424
16421
16387
16371
16369
16329
16328
16311
16294
16291
16285
16271
16253
16242
16211
16181
16176
16174
16171
16161
16161
16160
16138
16138
16130
16106
16105
16085
16082
16078
16074
16071
16050
16031
16014
16011
15990
15980
15974
15971
15968
15943
15933
15906
15892
15857
15856
15838
15828
15825
15796
15792
15786
15776
15776
15772
15743
15725
15719
15709
15703
15692
15682
15673
15637
15605
15582
15577
15571
15564
15562
15561
15557
15548
15546
15541
15535
15531
15529
15521
15515
15515
15514
15509
15488
15486
15453
15446
15437
15437
15437
15423
15408
15402
15389
15386
15383
15344
15339
15327
15325
15306
15281
15279
15274
15269
15250
15249
15213
15193
15192
15189
15183
15153
15133
15118
15106
15091
15079
15061
15061
15058
15046
15036
15036
15032
15030
15029
15014
15003
14976
14940
14934
14932
14905
14893
14890
14878
14874
14867
14857
14851
14845
14833
14830
14816
14815
14812
14809
14789
14785
14783
14773
14763
14748
14714
14711
14707
14685
14662
14645
14637
14635
14630
14618
14616
14613
14588
14585
14583
14580
14575
14570
14556
14507
14502
14474
14470
14468
14460
14455
14433
14430
14429
14425
14421
14410
14403
14392
14371
14366
14352
14334
14331
14331
14330
14328
14323
14314
14312
14310
14281
14280
14274
14270
14264
14252
14243
14243
14233
14233
14219
14219
14215
14213
14197
14196
14182
14178
14168
14129
14125
14108
14104
14100
14098
14089
14084
14081
14080
14077
14075
14106
14054
14051
14039
14022
14015
14008
13990
13935
13934
13916
13914
13911
13906
13894
13882
13876
13865
13859
13853
13845
13837
13834
13829
13823
13819
13801
13779
13760
13751
13736
13731
13729
13726
13711
13706
13670
13666
13664
13636
13622
13615
13614
13605
13599
13587
13583
13579
13557
13556
13532
13528
13523
13511
13500
13494
13486
13467
13465
13452
13449
13443
13422
13419
13400
13382
13380
13379
13367
13366
13364
13363
13361
13346
13346
13338
13338
13336
13330
13325
13319
13305
13304
13302
13287
13287
13276
13275
13269
13256
13248
13224
13217
13216
13216
13213
13212
13199
13197
13197
13194
13179
13169
13156
13149
13130
13130
13118
13117
13111
13109
13104
13100
13084
13073
13072
13052
13037
13036
13029
13023
13023
13021
13017
13017
13016
13016
13014
13012
12989
12986
12982
12974
12973
12948
12935
12934
12930
12904
12893
12885
12875
12874
12864
12862
12860
12857
12857
12850
12847
12842
12838
12837
12834
12832
12823
12822
12816
12816
12813
12811
12805
12780
12759
12759
12757
12750
12747
12743
12739
12722
12722
12718
12709
12687
12685
12676
12663
12647
12632
12627
12623
12619
12615
12608
12606
12606
12596
12593
12580
12577
12567
12562
12548
12546
12543
12541
12532
12527
12526
12523
12509
12506
12503
12502
12497
12494
12481
12478
12476
12474
12474
12473
12468
12467
12465
12463
12458
12454
12447
12446
12433
12443
12423
12418
12405
12399
12395
12379
12378
12375
12374
12373
12372
12361
12358
12342
12340
12335
12329
12321
12318
12308
12299
12295
12290
12287
12286
12286
12281
12275
12268
12263
12261
12255
12242
12241
12239
12225
12223
12219
12199
12197
12179
12174
12173
12171
12161
12159
12157
12155
12151
12149
12136
12123
12120
12118
12118
12113
12109
12105
12100
12100
12097
12097
12093
12091
12090
12090
12084
12076
12074
12072
12061
12059
12056
12055
12050
12048
12047
12043
12040
12026
12020
12017
12014
12006
11993
11989
11976
11971
11968
11966
11961
11946
11942
11939
11935
11930
11922
11915
11901
11894
11892
11891
11888
11888
11880
11879
11877
11877
11874
11867
11864
11863
11860
11860
11860
11830
11825
11824
11819
11816
11806
11803
11800
11797
11792
11790
11780
11771
11745
11744
11729
11725
11720
11716
11698
11695
11682
11672
11659
11652
11650
11638
11634
11625
11619
11616
11611
11604
11598
11597
11595
11596
11590
11582
11576
11568
11565
11564
11562
11558
11557
11551
11547
11543
11539
11538
11533
11528
11526
11525
11521
11521
11518
11514
11512
11509
11495
11486
11478
11471
11478
11465
11465
11462
11462
11453
11446
11445
11444
11429
11420
11412
11410
11403
11402
11399
11392
11387
11387
11385
11384
11379
11368
11363
11362
11361
11357
11344
11342
11332
11331
11328
11319
11311
11289
11267
11262
11258
11242
11235
11234
11233
11232
11222
11216
11213
11205
11205
11202
11183
11183
11176
11174
11173
11168
11166
11159
11149
11148
11147
11146
11143
11141
11137
11136
11135
11133
11126
11124
11123
11117
11107
11103
11102
11095
11093
11093
11086
11083
11081
11077
11077
11075
11064
11062
11048
11042
11034
11033
11033
11031
11029
11026
11011
11001
11000
10999
10996
10983
10980
10979
10973
10970
10951
10941
10939
10931
10931
10930
10928
10927
10926
10924
10923
10920
10914
10914
10908
10903
10900
10900
10888
10886
10883
10874
10873
10873
10870
10869
10866
10864
10863
10860
10855
10846
10844
10838
10836
10834
10834
10824
10822
10821
10821
10817
10808
10799
10796
10781
10777
10757
10756
10754
10745
10745
10728
10723
10717
10716
10715
10712
10708
10707
10701
10690
10689
10683
10681
10681
10678
10678
10667
10659
10658
10656
10654
10650
10648
10648
10648
10648
10647
10645
10643
10642
10640
10637
10636
10628
10622
10620
10614
10613
10612
10612
10609
10597
10597
10594
10593
10593
10584
10578
10576
10575
10570
10569
10569
10565
10564
10564
10562
10559
10556
10552
10546
10546
10536
10530
10529
10528
10528
10527
10527
10522
10521
10518
10514
10510
10509
10506
10504
10499
10497
10493
10489
10485
10482
10473
10472
10471
10471
10463
10458
10458
10457
10455
10454
10450
10444
10443
10436
10434
10433
10428
10427
10425
10424
10420
10418
10418
10413
10411
10411
10410
10402
10400
10400
10397
10396
10394
10394
10381
10379
10368
10366
10363
10353
10350
10344
10326
10313
10297
10294
10289
10287
10286
10285
10281
10281
10273
10270
10267
10265
10264
10262
10260
10259
10250
10248
10248
10244
10243
10242
10239
10236
10234
10234
10227
10227
10226
10222
10221
10220
10218
10217
10217
10211
10205
10200
10197
10195
10194
10191
10190
10177
10176
10173
10173
10173
10169
10167
10165
10157
10156
10146
10144
10143
10141
10136
10133
10124
10123
10119
10115
10115
10115
10113
10110
10104
10098
10095
10093
10092
10091
10089
10089
10087
10085
10082
10075
10074
10073
10070
10064
10062
10060
10049
10041
10033
10033
10033
10032
10027
10025
10025
10017
10017
10012
10006
10006
10004
9994
9992
9992
9987
9983
9982
9976
9975
9971
9968
9965
9964
9958
9956
9950
9945
9943
9935
9932
9930
9929
9929
9929
9925
9919
9910
9909
9895
9891
9890
9877
9871
9871
9866
9866
9865
9863
9862
9860
9859
9855
9852
9848
9847
9847
9845
9843
9842
9840
9839
9839
9837
9837
9837
9834
9833
9829
9826
9825
9822
9822
9821
9814
9813
9812
9808
9805
9804
9802
9802
9799
9799
9793
9790
9790
9789
9789
9777
9777
9775
9771
9771
9757
9753
9751
9750
9746
9736
9733
9731
9731
9728
9728
9723
9720
9711
9710
9709
9700
9700
9699
9692
9689
9683
9682
9678
9671
9664
9664
9661
9657
9657
9653
9653
9653
9651
9645
9643
9642
9634
9633
9628
9627
9626
9622
9622
9617
9617
9613
9611
9610
9609
9607
9595
9594
9592
9583
9580
9579
9577
9574
9573
9569
9567
9567
9553
9553
9551
9551
9548
9548
9547
9544
9543
9540
9537
9536
9532
9531
9519
9515
9514
9508
9504
9500
9497
9497
9493
9489
9489
9480
9480
9479
9478
9475
9470
9467
9465
9459
9458
9455
9454
9451
9448
9448
9447
9446
9442
9439
9437
9437
9433
9433
9430
9428
9425
9424
9424
9421
9420
9419
9418
9416
9416
9414
9412
9409
9408
9405
9399
9397
9392
9392
9387
9379
9378
9377
9374
9364
9363
9359
9359
9357
9354
9351
9345
9343
9337
9335
9334
9333
9332
9332
9331
9329
9327
9325
9323
9323
9322
9321
9310
9309
9303
9303
9302
9302
9292
9292
9290
9288
9288
9287
9277
9275
9272
9269
9267
9264
9258
9258
9255
9254
9251
9251
9244
9242
9241
9241
9231
9230
9229
9226
9225
9223
9218
9216
9212
9209
9208
9199
9198
9197
9196
9193
9203
9180
9177
9176
9173
9171
9168
9168
9161
9158
9155
9153
9153
9152
9150
9150
9150
9150
9148
9147
9144
9140
9138
9138
9135
9132
9131
9129
9128
9125
9122
9121
9119
9118
9118
9113
9113
9111
9106
9101
9087
9084
9082
9081
9079
9071
9070
9068
9066
9065
9064
9061
9054
9050
9050
9049
9049
9045
9042
9040
9039
9039
9038
9036
9036
9035
9032
9031
9028
9027
9025
9015
9015
9013
9011
9009
9006
9006
9005
9003
9002
8995
8994
8994
8994
8993
8987
8984
8979
8978
8977
8977
8975
8967
8965
8964
8959
8953
8953
8951
8944
8944
8944
8939
8937
8936
8926
8924
8921
8920
8915
8908
8905
8900
8900
8897
8894
8892
8892
8891
8890
8889
8887
8885
8884
8882
8879
8878
8874
8869
8868
8867
8867
8866
8866
8863
8860
8853
8849
8846
8839
8834
8832
8840
8828
8826
8826
8825
8823
8823
8813
8812
8808
8806
8804
8802
8798
8797
8797
8796
8795
8790
8788
8783
8776
8770
8765
8765
8765
8763
8762
8761
8760
8757
8760
8755
8744
8740
8738
8737
8732
8728
8726
8719
8716
8716
8713
8712
8706
8706
8698
8693
8693
8693
8690
8690
8689
8688
8688
8684
8682
8680
8675
8670
8667
8666
8665
8665
8663
8661
8658
8653
8652
8650
8643
8641
8639
8637
8635
8632
8631
8629
8628
8627
8622
8620
8618
8618
8618
8614
8612
8611
8607
8607
8607
8604
8604
8602
8593
8592
8591
8589
8571
8568
8567
8566
8566
8563
8558
8556
8549
8547
8547
8541
8539
8533
8533
8525
8525
8523
8519
8519
8519
8515
8512
8509
8509
8508
8507
8506
8503
8503
8501
8498
8497
8496
8493
8491
8490
8488
8484
8482
8481
8481
8479
8477
8477
8474
8472
8470
8468
8467
8460
8460
8457
8457
8452
8452
8450
8450
8449
8445
8445
8444
8439
8437
8436
8432
8431
8428
8424
8423
8423
8423
8418
8417
8416
8411
8409
8408
8407
8404
8403
8394
8393
8393
8388
8383
8383
8382
8382
8382
8380
8377
8376
8376
8375
8373
8372
8372
8369
8366
8364
8364
8357
8357
8355
8353
8352
8348
8348
8347
8346
8345
8343
8342
8340
8339
8336
8335
8333
8332
8332
8322
8316
8314
8313
8313
8310
8308
8306
8299
8299
8298
8290
8288
8287
8285
8282
8282
8281
8280
8280
8278
8276
8270
8269
8263
8261
8256
8256
8252
8251
8251
8251
8245
8244
8239
8238
8237
8237
8230
8229
8226
8226
8224
8219
8219
8216
8216
8211
8205
8202
8202
8202
8202
8201
8198
8195
8192
8191
8188
8185
8182
8182
8179
8178
8177
8176
8175
8173
8172
8170
8167
8163
8158
8158
8156
8155
8155
8153
8148
8145
8145
8143
8138
8137
8136
8134
8131
8129
8125
8125
8125
8124
8124
8123
8117
8114
8113
8113
8111
8111
8111
8109
8108
8107
8101
8101
8100
8097
8096
8094
8093
8087
8085
8084
8084
8083
8083
8078
8077
8076
8075
8073
8073
8073
8072
8071
8065
8063
8060
8060
8060
8055
8054
8045
8042
8040
8038
8037
8037
8031
8027
8026
8025
8025
8023
8019
8018
8017
8016
8015
8014
8009
8008
8007
8005
8004
8003
8003
8003
8002
7997
7997
7995
7991
7991
7989
7986
7985
7985
7983
7983
7982
7979
7975
7974
7970
7970
7969
7968
7966
7966
7966
7966
7963
7962
7962
7960
7957
7953
7952
7947
7943
7943
7943
7943
7941
7940
7939
7937
7932
7928
7927
7926
7924
7921
7921
7921
7918
7917
7915
7914
7912
7911
7908
7901
7899
7898
7898
7895
7894
7892
7888
7885
7882
7877
7874
7871
7868
7868
7865
7864
7864
7862
7862
7860
7860
7858
7857
7856
7852
7852
7851
7851
7850
7849
7849
7848
7843
7842
7842
7839
7838
7836
7836
7836
7833
7830
7830
7828
7827
7827
7823
7820
7818
7816
7815
7814
7812
7812
7810
7808
7802
7800
7797
7794
7794
7785
7784
7782
7782
7776
7774
7771
7771
7769
7765
7765
7759
7757
7755
7755
7749
7745
7742
7742
7742
7741
7741
7740
7739
7738
7738
7737
7734
7733
7731
7730
7730
7729
7729
7727
7724
7723
7723
7721
7721
7720
7720
7715
7715
7714
7710
7709
7705
7704
7702
7701
7700
7697
7696
7696
7694
7692
7690
7690
7689
7688
7687
7683
7679
7677
7674
7674
7673
7673
7669
7668
7667
7666
7665
7664
7663
7660
7657
7655
7654
7648
7648
7645
7645
7641
7641
7638
7636
7634
7635
7633
7633
7631
7630
7630
7628
7626
7626
7623
7622
7621
7617
7616
7616
7616
7613
7612
7609
7609
7605
7604
7604
7601
7598
7597
7596
7595
7593
7589
7588
7587
7581
7578
7576
7575
7574
7574
7573
7569
7567
7567
7565
7565
7565
7564
7563
7560
7560
7559
7558
7557
7554
7551
7548
7548
7547
7545
7543
7543
7541
7541
7541
7539
7537
7535
7533
7532
7531
7530
7529
7528
7528
7526
7525
7524
7522
7522
7521
7520
7519
7519
7517
7516
7514
7513
7510
7510
7509
7508
7507
7503
7502
7499
7498
7494
7492
7490
7490
7489
7489
7489
7488
7487
7485
7485
7484
7480
7480
7477
7473
7471
7469
7468
7468
7465
7463
7461
7455
7455
7455
7452
7451
7450
7449
7449
7447
7447
7446
7442
7441
7441
7438
7438
7435
7435
7434
7433
7431
7430
7430
7429
7427
7427
7426
7418
7417
7414
7414
7413
7409
7408
7406
7404
7404
7403
7401
7399
7398
7398
7397
7391
7388
7388
7386
7385
7382
7380
7377
7375
7374
7373
7372
7372
7371
7370
7369
7368
7367
7366
7360
7359
7356
7354
7354
7352
7349
7347
7345
7344
7339
7339
7336
7334
7331
7327
7327
7326
7325
7324
7324
7323
7321
7319
7318
7317
7316
7316
7316
7315
7315
7314
7311
7311
7309
7309
7308
7307
7302
7300
7299
7298
7298
7297
7297
7297
7294
7294
7293
7290
7290
7289
7288
7287
7287
7283
7283
7281
7281
7280
7280
7279
7278
7274
7270
7270
7269
7268
7262
7261
7258
7252
7250
7250
7248
7248
7248
7244
7244
7242
7240
7237
7236
7235
7232
7230
7228
7227
7227
7226
7224
7222
7220
7220
7219
7218
7217
7215
7215
7213
7212
7208
7208
7206
7205
7205
7205
7205
7203
7203
7199
7197
7196
7196
7195
7193
7187
7186
7186
7185
7185
7183
7183
7178
7178
7174
7173
7171
7167
7166
7165
7162
7161
7161
7159
7158
7158
7156
7156
7155
7155
7154
7154
7153
7152
7151
7147
7146
7145
7144
7143
7143
7139
7138
7136
7136
7136
7135
7135
7134
7132
7132
7131
7122
7122
7122
7122
7121
7119
7119
7117
7113
7113
7112
7110
7110
7110
7109
7109
7108
7106
7107
7102
7101
7101
7099
7099
7095
7087
7086
7085
7084
7084
7080
7079
7078
7077
7077
7076
7073
7071
7071
7069
7068
7068
7068
7068
7067
7067
7067
7066
7064
7061
7060
7058
7056
7054
7053
7053
7050
7047
7047
7045
7043
7043
7041
7040
7037
7037
7036
7034
7030
7029
7028
7027
7027
7027
7026
7025
7023
7023
7020
7016
7015
7014
7012
7011
7011
7010
7006
7004
7000
7000
6996
6996
6995
6994
6987
6986
6986
6985
6978
6978
6977
6975
6974
6972
6972
6969
6966
6965
6965
6963
6963
6961
6959
6956
6956
6952
6952
6948
6947
6946
6942
6940
6937
6936
6936
6935
6935
6933
6932
6930
6929
6929
6928
6927
6926
6922
6921
6920
6918
6917
6917
6915
6913
6912
6910
6907
6900
6898
6897
6896
6895
6894
6893
6893
6892
6892
6888
6888
6886
6886
6884
6883
6883
6881
6879
6878
6873
6873
6873
6873
6872
6871
6867
6866
6865
6864
6862
6862
6862
6860
6860
6858
6858
6857
6856
6855
6853
6852
6850
6850
6848
6844
6841
6840
6840
6837
6836
6836
6835
6834
6831
6830
6830
6826
6824
6823
6822
6820
6820
6817
6814
6813
6812
6812
6811
6808
6806
6805
6804
6803
6803
6802
6802
6802
6802
6802
6801
6801
6800
6799
6798
6838
6796
6794
6792
6792
6792
6790
6785
6783
6781
6780
6780
6780
6778
6778
6778
6777
6776
6775
6774
6772
6769
6768
6768
6766
6762
6762
6762
6762
6651
6760
6760
6760
6759
6757
6757
6757
6756
6755
6754
6751
6750
6747
6746
6738
6735
6735
6734
6734
6734
6732
6731
6731
6730
6728
6728
6727
6724
6721
6718
6717
6716
6715
6715
6714
6704
6703
6703
6702
6701
6701
6701
6700
6700
6699
6698
6697
6693
6693
6692
6692
6688
6684
6684
6683
6680
6680
6678
6675
6675
6674
6673
6672
6669
6667
6667
6663
6659
6657
6654
6654
6653
6651
6650
6650
6649
6649
6648
6642
6640
6638
6637
6636
6636
6634
6633
6633
6631
6628
6628
6628
6627
6627
6626
6617
6625
6625
6622
6621
6618
6617
6617
6616
6692
6611
6609
6605
6605
6603
6603
6603
6602
6602
6601
6601
6600
6598
6597
6595
6594
6594
6593
6592
6591
6590
6590
6587
6585
6582
6580
6580
6580
6579
6579
6573
6572
6572
6571
6571
6570
6569
6568
6567
6566
6565
6565
6560
6560
6559
6558
6554
6552
6551
6549
6548
6545
6543
6542
6542
6541
6541
6541
6541
6540
6539
6538
6536
6536
6535
6531
6526
6525
6524
6524
6522
6518
6514
6508
6506
6502
6500
6499
6498
6496
6495
6494
6491
6490
6489
6487
6486
6486
6483
6483
6481
6478
6475
6475
6474
6474
6473
6470
6469
6468
6466
6464
6462
6461
6461
6457
6457
6455
6455
6455
6451
6450
6449
6447
6444
6439
6439
6438
6438
6438
6436
6436
6435
6434
6434
6433
6432
6431
6430
6428
6426
6425
6424
6423
6423
6421
6421
6420
6419
6418
6418
6414
6414
6413
6411
6411
6408
6408
6408
6407
6407
6406
6405
6405
6402
6401
6400
6400
6399
6394
6394
6392
6389
6389
6386
6385
6382
6382
6381
6379
6378
6377
6377
6376
6375
6375
6374
6373
6372
6371
6371
6368
6368
6366
6366
6366
6366
6365
6362
6361
6360
6360
6360
6358
6357
6355
6355
6355
6354
6353
6353
6352
6352
6350
6349
6348
6348
6347
6343
6342
6337
6335
6329
6327
6325
6324
6324
6323
6322
6322
6322
6321
6320
6317
6315
6312
6312
6310
6309
6308
6306
6306
6305
6304
6303
6302
6302
6301
6298
6293
6293
6292
6291
6289
6289
6288
6288
6286
6286
6284
6282
6279
6279
6278
6277
6277
6276
6276
6273
6273
6272
6272
6271
6271
6270
6270
6269
6268
6268
6267
6264
6262
6265
6260
6259
6259
6259
6254
6254
6251
6250
6247
6247
6247
6246
6246
6244
6243
6243
6242
6240
6238
6238
6237
6237
6236
6236
6234
6234
6233
6233
6232
6232
6232
6231
6230
6230
6229
6228
6227
6225
6225
6225
6220
6218
6217
6216
6215
6215
6215
6214
6212
6211
6210
6208
6207
6204
6202
6202
6201
6198
6197
6197
6195
6193
6192
6191
6188
6185
6184
6183
6183
6181
6180
6177
6177
6177
6176
6175
6174
6174
6174
6171
6169
6169
6168
6168
6167
6165
6164
6163
6162
6161
6159
6154
6153
6153
6150
6149
6149
6149
6148
6148
6147
6147
6146
6146
6140
6138
6137
6136
6136
6135
6135
6133
6133
6133
6132
6132
6131
6130
6129
6129
6128
6131
6124
6123
6121
6122
6119
6115
6115
6115
6114
6114
6113
6111
6110
6110
6109
6109
6107
6105
6105
6105
6104
6104
6103
6101
6101
6100
6099
6098
6097
6095
6095
6095
6095
6094
6094
6094
6093
6091
6087
6087
6083
6082
6081
6077
6075
6075
6074
6074
6074
6073
6072
6072
6072
6072
6070
6070
6070
6069
6069
6067
6067
6066
6066
6065
6065
6061
6055
6059
6058
6056
6053
6053
6051
6048
6048
6046
6042
6040
6035
6035
6034
6032
6030
6027
6026
6025
6024
6024
6022
6022
6022
6021
6021
6021
6018
6016
6015
6013
6013
6011
6011
6011
6010
6010
6009
6008
6008
6006
6006
6005
6004
6002
6002
5997
5995
5990
5988
5988
5986
5985
5984
5984
5984
5983
5982
5980
5976
5975
5975
5975
5974
5973
5972
5972
5970
5970
5963
5962
5962
5961
5959
5959
5958
5958
5956
5956
5955
5954
5952
5949
5948
5947
5943
5943
5942
5940
5939
5939
5939
5936
5936
5936
5935
5934
5934
5933
5932
5929
5928
5924
5921
5921
5921
5921
5921
5918
5918
5917
5917
5916
5916
5915
5915
5914
5914
5913
5910
5908
5906
5906
5906
5905
5904
5904
5903
5903
5902
5901
5900
5899
5897
5896
5895
5895
5895
5894
5892
5891
5890
5889
5888
5886
5886
5883
5883
5882
5879
5877
5876
5874
5873
5873
5873
5872
5872
5870
5870
5866
5865
5865
5864
5863
5861
5861
5860
5860
5859
5857
5856
5854
5854
5854
5853
5852
5851
5848
5848
5848
5847
5845
5844
5844
5842
5841
5841
5840
5838
5838
5835
5830
5830
5829
5847
5828
5827
5826
5826
5826
5825
5823
5823
5821
5821
5820
5819
5817
5815
5815
5815
5814
5813
5812
5810
5810
5809
5809
5808
5807
5805
5803
5802
5802
5802
5799
5798
5796
5796
5794
5793
5792
5789
5789
5788
5788
5787
5783
5779
5778
5776
5772
5772
5771
5770
5767
5767
5766
5766
5764
5762
5762
5758
5756
5755
5754
5754
5753
5749
5748
5747
5747
5745
5744
5740
5739
5739
5739
5738
5738
5738
5735
5735
5735
5734
5733
5733
5732
5732
5730
5730
5729
5729
5738
5728
5725
5725
5724
5723
5721
5720
5715
5713
5711
5710
5709
5708
5707
5707
5707
5706
5706
5705
5705
5705
5704
5702
5702
5701
5701
5700
5699
5699
5698
5697
5696
5696
5693
5693
5692
5692
5690
5689
5689
5688
5686
5684
5683
5682
5681
5679
5679
5677
5677
5676
5675
5675
5674
5673
5673
5672
5671
5671
5668
5667
5667
5665
5664
5662
5662
5661
5661
5657
5656
5656
5656
5656
5655
5654
5653
5652
5651
5649
5646
5645
5642
5642
5640
5639
5639
5639
5639
5637
5636
5635
5635
5632
5631
5628
5627
5627
5626
5624
5623
5622
5616
5615
5613
5613
5612
5612
5612
5612
5611
5611
5610
5609
5608
5608
5607
5606
5604
5604
5604
5602
5602
5600
5598
5597
5597
5595
5595
5594
5592
5591
5590
5589
5589
5589
5589
5588
5588
5588
5587
5586
5584
5584
5582
5581
5581
5578
5576
5576
5576
5574
5572
5569
5564
5564
5564
5563
5563
5562
5562
5562
5560
5557
5556
5555
5554
5554
5552
5551
5550
5548
5548
5548
5547
5546
5545
5545
5545
5544
5543
5542
5541
5541
5541
5540
5539
5539
5538
5537
5537
5536
5534
5532
5532
5532
5531
5530
5530
5529
5526
5525
5525
5524
5523
5522
5520
5520
5519
5517
5512
5512
5512
5512
5512
5511
5511
5510
5508
5507
5507
5507
5506
5506
5502
5500
5499
5499
5498
5497
5497
5495
5494
5494
5493
5492
5492
5490
5490
5489
5489
5489
5486
5485
5481
5480
5480
5476
5476
5476
5474
5473
5473
5473
5472
5472
5471
5468
5468
5468
5467
5467
5465
5464
5463
5462
5461
5460
5459
5459
5459
5459
5458
5458
5456
5456
5454
5454
5453
5453
5453
5452
5452
5451
5451
5451
5449
5448
5448
5448
5447
5446
5445
5445
5444
5442
5442
5441
5441
5440
5438
5438
5438
5437
5435
5433
5430
5430
5428
5427
5426
5426
5425
5424
5424
5422
5421
5420
5420
5420
5419
5419
5419
5419
5418
5418
5417
5417
5415
5414
5414
5414
5412
5412
5411
5411
5409
5409
5408
5407
5407
5407
5405
5404
5404
5402
5401
5401
5400
5400
5400
5399
5399
5396
5396
5396
5395
5392
5392
5389
5389
5389
5390
5387
5386
5386
5384
5383
5382
5382
5381
5379
5379
5379
5379
5378
5376
5375
5373
5372
5372
5371
5371
5370
5363
5370
5369
5369
5368
5506
5365
5365
5364
5363
5362
5362
5362
5360
5359
5359
5358
5358
5357
5357
5357
5356
5356
5354
5353
5353
5353
5350
5350
5349
5348
5348
5344
5344
5343
5341
5339
5338
5337
5337
5336
5335
5333
5332
5332
5331
5331
5330
5329
5329
5328
5328
5326
5323
5322
5321
5319
5319
5318
5317
5316
5315
5315
5315
5314
5312
5312
5310
5310
5310
5309
5309
5309
5308
5308
5308
5307
5305
5304
5304
5303
5303
5301
5301
5300
5300
5297
5297
5297
5296
5296
5295
5295
5294
5294
5294
5293
5293
5293
5292
5288
5285
5285
5284
5283
5282
5280
5280
5279
5278
5277
5277
5277
5275
5275
5275
5274
5274
5272
5272
5271
5269
5268
5268
5266
5265
5265
5262
5262
5261
5259
5258
5257
5256
5266
5255
5255
5254
5254
5254
5252
5251
5250
5250
5252
5249
5249
5249
5249
5248
5248
5248
5247
5247
5246
5246
5246
5245
5244
5244
5243
5242
5241
5239
5239
5238
5238
5238
5237
5237
5237
5235
5234
5231
5231
5230
5229
5229
5226
5225
5223
5222
5221
5221
5221
5221
5221
5219
5218
5217
5217
5217
5217
5216
5214
5189
5212
5211
5210
5209
5209
5206
5205
5200
5199
5199
5196
5195
5194
5193
5193
5193
5192
5191
5191
5190
5189
5189
5187
5183
5183
5183
5181
5180
5180
5180
5179
5179
5179
5179
5178
5178
5178
5177
5177
5176
5175
5174
5174
5174
5174
5173
5171
5171
5171
5170
5169
5168
5168
5168
5168
5168
5168
5167
5166
5165
5162
5162
5161
5160
5159
5158
5158
5154
5154
5154
5153
5152
5152
5151
5151
5151
5148
5146
5145
5143
5143
5143
5142
5141
5141
5140
5138
5138
5138
5138
5137
5135
5134
5133
5131
5130
5127
5126
5125
5124
5124
5123
5121
5120
5120
5119
5118
5117
5117
5114
5114
5113
5113
5112
5112
5110
5110
5109
5107
5107
5107
5106
5106
5106
5105
5104
5103
5102
5100
5099
5099
5097
5096
5096
5095
5094
5099
5093
5092
5091
5090
5090
5089
5089
5089
5088
5087
5085
5085
5085
5084
5083
5083
5082
5082
5081
5080
5079
5078
5077
5077
5075
5074
5072
5072
5071
5071
5070
5070
5069
5069
5068
5067
5066
5066
5065
5064
5064
5064
5063
5063
5063
5062
5062
5060
5060
5059
5057
5056
5056
5055
5054
5051
5051
5050
5050
5050
5049
5049
5048
5047
5047
5046
5045
5044
5043
5043
5041
5041
5038
5038
5038
5037
5036
5036
5036
5035
5034
5034
5033
5033
5031
5029
5029
5028
5028
5027
5026
5026
5025
5023
5023
5022
5021
5021
5020
5018
5018
5018
5017
5017
5016
5016
5015
5014
5012
5012
5011
5009
5009
5008
5006
5005
5005
5003
5002
5001
5001
5001
5000
5000
5000
5000
4999
4999
4999
4998
4997
4997
4997
4993
4992
4992
4992
4992
4992
4991
4990
4989
4989
4989
4988
4988
4986
4986
4985
4984
4984
4984
4983
4981
4980
4979
4979
4978
4978
4978
4978
4977
4977
4976
4976
4976
4975
4975
4974
4974
4974
4973
4973
4973
4972
4971
4971
4970
4969
4968
4966
4966
4965
4964
4963
4962
4962
4962
4961
4961
4960
4960
4960
4959
4958
4957
4957
4956
4955
4954
4954
4954
4953
4953
4953
4953
4950
4950
4949
4949
4949
4948
4947
4945
4943
4942
4942
4941
4941
4940
4938
4938
4938
4938
4937
4936
4935
4934
4934
4934
4933
4931
4931
4929
4929
4929
4928
4926
4926
4923
4923
4920
4920
4920
4918
4917
4917
4917
4915
4915
4914
4914
4913
4912
4911
4911
4911
4911
4910
4909
4908
4907
4906
4905
4905
4903
4903
4903
4902
4902
4901
4901
4900
4899
4899
4898
4898
4897
4897
4896
4895
4895
4894
4894
4893
4892
4892
4891
4888
4887
4886
4885
4882
4881
4881
4879
4878
4877
4877
4874
4872
4871
4871
4871
4871
4870
4870
4870
4868
4868
4864
4864
4864
4864
4863
4863
4863
4862
4862
4861
4860
4859
4858
4858
4857
4855
4855
4855
4854
4853
4853
4852
4852
4852
4850
4850
4850
4850
4850
4849
4849
4848
4848
4848
4847
4847
4846
4846
4847
4845
4845
4845
4845
4845
4844
4844
4843
4842
4841
4841
4841
4839
4836
4836
4835
4835
4834
4834
4833
4833
4833
4833
4832
4832
4831
4830
4829
4829
4827
4827
4827
4827
4826
4826
4825
4825
4825
4824
4824
4824
4823
4822
4822
4822
4821
4820
4820
4820
4820
4819
4819
4819
4818
4816
4816
4815
4814
4813
4813
4812
4812
4812
4812
4810
4810
4809
4808
4807
4807
4807
4807
4807
4805
4805
4805
4804
4804
4803
4803
4802
4801
4800
4799
4798
4797
4796
4795
4795
4795
4794
4793
4792
4792
4792
4792
4792
4791
4789
4789
4788
4788
4788
4788
4788
4786
4785
4785
4784
4783
4782
4782
4781
4779
4779
4778
4777
4777
4777
4775
4775
4775
4775
4773
4773
4773
4773
4771
4770
4769
4768
4768
4767
4766
4766
4765
4764
4764
4763
4762
4762
4761
4761
4761
4761
4759
4759
4758
4758
4757
4757
4757
4757
4756
4755
4755
4754
4753
4753
4753
4752
4750
4749
4749
4749
4748
4748
4747
4746
4745
4766
4745
4745
4743
4742
4741
4739
4739
4738
4737
4737
4737
4736
4735
4734
4743
4733
4733
4732
4731
4731
4731
4729
4729
4729
4728
4727
4726
4726
4726
4726
4725
4724
4724
4724
4724
4723
4721
4720
4720
4720
4719
4719
4718
4718
4718
4718
4717
4717
4716
4716
4716
4716
4716
4715
4715
4715
4715
4715
4714
4714
4713
4713
4712
4711
4711
4711
4710
4710
4709
4709
4709
4709
4708
4708
4707
4706
4706
4706
4705
4702
4702
4700
4698
4698
4697
4697
4696
4695
4694
4693
4693
4692
4692
4692
4691
4691
4690
4690
4689
4689
4688
4688
4687
4687
4687
4687
4687
4686
4686
4686
4685
4685
4698
4684
4683
4683
4682
4682
4681
4680
4679
4679
4678
4676
4676
4675
4674
4674
4674
4673
4672
4672
4671
4671
4668
4667
4667
4666
4665
4665
4665
4665
4665
4663
4663
4662
4661
4660
4660
4660
4660
4659
4658
4658
4658
4813
4657
4657
4657
4655
4654
4654
4654
4653
4653
4653
4652
4652
4652
4650
4650
4649
4646
4646
4646
4644
4644
4643
4642
4642
4641
4640
4639
4639
4639
4638
4638
4637
4637
4637
4637
4637
4637
4636
4636
4636
4635
4634
4633
4633
4632
4632
4632
4632
4631
4631
4631
4630
4630
4629
4628
4628
4627
4627
4626
4626
4626
4625
4625
4625
4625
4625
4624
4623
4623
4623
4622
4621
4621
4621
4620
4619
4619
4619
4619
4618
4618
4618
4617
4616
4613
4612
4612
4612
4612
4611
4611
4610
4610
4610
4609
4609
4609
4608
4608
4608
4602
4602
4601
4601
4596
4595
4594
4594
4593
4589
4588
4588
4588
4587
4586
4585
4585
4583
4583
4582
4582
4582
4581
4580
4580
4580
4579
4578
4576
4576
4576
4574
4574
4574
4574
4573
4573
4573
4572
4572
4570
4570
4568
4568
4568
4571
4567
4567
4566
4565
4564
4562
4562
4561
4557
4556
4556
4555
4555
4555
4554
4554
4554
4552
4550
4549
4549
4546
4546
4546
4546
4544
4544
4542
4542
4541
4541
4539
4538
4538
4537
4537
4537
4536
4535
4534
4534
4534
4533
4533
4532
4531
4531
4531
4530
4529
4529
4528
4528
4528
4527
4527
4526
4525
4525
4524
4523
4523
4523
4523
4523
4522
4521
4519
4519
4519
4518
4517
4517
4516
4516
4516
4516
4516
4516
4515
4515
4514
4514
4514
4512
4511
4511
4509
4509
4508
4508
4508
4508
4507
4505
4504
4504
4504
4503
4502
4502
4501
4508
4500
4500
4500
4499
4498
4498
4497
4496
4496
4494
4493
4493
4493
4492
4492
4491
4490
4490
4490
4489
4489
4488
4487
4487
4486
4486
4596
4485
4487
4485
4485
4484
4484
4484
4484
4482
4481
4480
4480
4479
4479
4479
4478
4478
4477
4476
4476
4476
4475
4474
4474
4473
4472
4472
4471
4471
4470
4470
4470
4469
4469
4469
4468
4468
4467
4466
4465
4464
4463
4462
4461
4461
4459
4459
4458
4458
4457
4457
4455
4455
4454
4453
4453
4452
4449
4448
4448
4447
4446
4445
4444
4444
4442
4442
4441
4441
4439
4439
4438
4438
4438
4437
4437
4437
4437
4437
4436
4436
4435
4434
4434
4434
4434
4434
4433
4433
4433
4432
4432
4431
4431
4430
4430
4430
4430
4427
4427
4427
4426
4439
4425
4425
4424
4423
4423
4423
4422
4421
4421
4420
4420
4420
4420
4419
4419
4418
4418
4418
4418
4417
4417
4417
4416
4415
4414
4414
4413
4412
4412
4412
4411
4411
4410
4410
4410
4409
4408
4408
4407
4407
4407
4407
4407
4431
4406
4406
4405
4404
4404
4404
4403
4402
4402
4401
4400
4400
4399
4399
4399
4399
4435
4397
4397
4396
4395
4395
4394
4394
4393
4393
4393
4392
4391
4391
4390
4389
4389
4389
4388
4388
4388
4387
4386
4385
4385
4385
4382
4382
4381
4381
4381
4380
4380
4379
4378
4377
4377
4377
4377
4376
4374
4374
4373
4373
4372
4372
4372
4372
4370
4369
4369
4369
4368
4368
4368
4368
4368
4367
4367
4367
4366
4365
4365
4365
4363
4363
4362
4362
4362
4361
4359
4359
4359
4358
4357
4357
4357
4357
4356
4356
4355
4355
4355
4355
4355
4355
4353
4353
4353
4353
4351
4351
4350
4347
4347
4347
4346
4346
4346
4345
4345
4345
4344
4344
4343
4343
4343
4342
4340
4340
4340
4339
4339
4339
4338
4338
4337
4337
4335
4333
4340
4333
4333
4333
4332
4332
4331
4331
4331
4330
4329
4328
4328
4328
4328
4327
4327
4327
4326
4326
4324
4324
4323
4323
4323
4323
4322
4322
4321
4321
4319
4318
4318
4317
4316
4316
4315
4315
4315
4315
4314
4313
4313
4312
4311
4311
4310
4309
4309
4309
4308
4307
4307
4306
4306
4306
4306
4306
4305
4304
4304
4304
4303
4302
4301
4301
4300
4300
4299
4299
4298
4298
4297
4297
4296
4294
4294
4294
4292
4292
4292
4291
4290
4289
4289
4289
4288
4287
4286
4286
4285
4284
4283
4283
4282
4281
4280
4280
4278
4277
4277
4277
4276
4276
4275
4274
4273
4273
4273
4270
4270
4269
4269
4268
4268
4268
4267
4267
4266
4266
4265
4265
4265
4264
4263
4263
4262
4262
4261
4261
4258
4258
4258
4257
4256
4256
4254
4253
4253
4253
4252
4252
4252
4252
4251
4249
4249
4249
4249
4248
4248
4248
4248
4247
4247
4247
4246
4246
4246
4245
4245
4244
4244
4242
4241
4241
4240
4240
4240
4240
4239
4239
4239
4239
4239
4238
4237
4237
4237
4234
4233
4232
4231
4231
4231
4231
4231
4231
4230
4230
4230
4230
4229
4229
4228
4227
4227
4227
4227
4226
4226
4226
4225
4225
4225
4224
4224
4224
4224
4223
4223
4222
4221
4220
4219
4219
4217
4216
4214
4214
4214
4213
4213
4212
4212
4211
4211
4209
4208
4207
4206
4206
4206
4206
4205
4204
4203
4203
4203
4202
4202
4202
4201
4200
4200
4199
4198
4198
4198
4197
4197
4197
4196
4195
4195
4195
4195
4193
4192
4192
4191
4190
4190
4190
4189
4189
4189
4188
4188
4187
4187
4186
4186
4186
4186
4185
4185
4183
4182
4182
4181
4181
4180
4180
4179
4178
4178
4178
4178
4177
4177
4177
4177
4177
4177
4176
4176
4175
4175
4173
4172
4172
4171
4170
4170
4168
4168
4168
4167
4167
4167
4167
4167
4166
4166
4166
4165
4165
4165
4164
4163
4162
4162
4160
4160
4160
4160
4160
4160
4159
4158
4158
4157
4156
4156
4156
4156
4156
4156
4156
4155
4155
4154
4153
4153
4153
4153
4153
4152
4152
4152
4152
4151
4150
4150
4149
4149
4149
4148
4147
4146
4146
4146
4146
4146
4144
4144
4142
4142
4142
4141
4140
4140
4139
4138
4137
4137
4137
4136
4136
4135
4134
4133
4133
4133
4132
4132
4132
4132
4131
4131
4130
4130
4130
4129
4126
4126
4125
4124
4124
4123
4123
4123
4123
4123
4123
4122
4122
4122
4121
4121
4120
4120
4119
4119
4118
4118
4130
4117
4117
4116
4116
4115
4115
4114
4114
4114
4114
4113
4113
4112
4112
4112
4112
4113
4111
4110
4109
4108
4107
4106
4106
4106
4105
4105
4105
4104
4104
4104
4103
4102
4102
4102
4101
4100
4100
4100
4100
4100
4099
4099
4099
4099
4099
4099
4099
4099
4098
4097
4096
4096
4096
4095
4095
4095
4095
4094
4094
4094
4094
4093
4093
4092
4091
4091
4091
4091
4090
4090
4090
4089
4088
4088
4087
4086
4086
4086
4086
4085
4085
4084
4083
4083
4083
4082
4081
4080
4080
4080
4080
4079
4079
4078
4078
4077
4076
4076
4076
4075
4075
4074
4074
4074
4074
4073
4073
4073
4073
4073
4071
4071
4071
4071
4070
4070
4070
4069
4068
4068
4068
4067
4067
4067
4067
4066
4066
4065
4065
4064
4064
4063
4063
4063
4063
4062
4062
4062
4061
4061
4060
4059
4059
4059
4058
4057
4057
4056
4056
4056
4055
4055
4054
4054
4053
4053
4052
4052
4052
4052
4052
4052
4052
4049
4049
4049
4158
4048
4048
4047
4046
4046
4046
4046
4045
4045
4044
4044
4044
4044
4044
4043
4043
4042
4042
4041
4041
4041
4041
4040
4040
4040
4039
4039
4039
4038
4038
4037
4036
4035
4035
4035
4034
4033
4033
4032
4032
4032
4032
4032
4032
4031
4031
4030
4029
4029
4029
4029
4029
4028
4028
4028
4028
4028
4028
4028
4027
4027
3962
4026
4026
4026
4026
4026
4026
4026
4025
4025
4025
4025
4024
4024
4024
4023
4022
4021
4021
4021
4020
4020
4019
4019
4019
4018
4018
4018
4017
4017
4016
4016
4016
4015
4014
4014
4014
4014
4014
4014
4014
4013
4013
4013
4013
4012
4011
4010
4010
4010
4010
4008
4008
4008
4007
4007
4007
4006
4006
4006
4005
4003
4002
4001
4001
4001
4000
3999
3999
3999
3999
3999
3998
3998
3998
3997
3997
3997
3996
3996
3996
3996
3995
3995
3995
3994
3993
3993
3993
3992
3991
3990
3990
3990
3989
3988
3987
3987
3987
3987
3987
3986
3985
3985
3985
3984
3984
3983
3983
3982
3982
3981
3981
3981
3981
3981
3981
3980
3980
3980
3980
3978
3976
3976
3976
3976
3976
3975
3975
3975
3974
3973
3971
3971
3971
3970
3970
3970
3969
3969
3969
3967
3967
3967
3966
3965
3965
3965
3965
3965
3964
3964
3964
3963
3963
3963
3962
3961
3961
3961
3960
3960
3959
3958
3958
3957
3957
3957
3957
3956
3955
3955
3954
3953
3953
3952
3952
3952
3952
3952
3952
3951
3951
3951
3950
3948
3948
3948
3947
3947
3946
3946
3945
3945
3945
3944
3944
3944
3943
3943
3943
3943
3943
3942
3942
3942
3941
3941
3940
3940
3939
3938
3937
3937
3937
3936
3936
3936
3934
3934
3934
3934
3934
3933
3933
3932
3931
3930
3929
3929
3928
3927
3927
3926
3926
3925
3925
3924
3923
3923
3923
3922
3922
3921
3921
3920
3919
3919
3918
3918
3917
3916
3915
3914
3914
3913
3912
3911
3910
3910
3910
3909
3909
3909
3909
3908
3908
3908
3908
3907
3906
3906
3906
3905
3905
3904
3903
3903
3903
3903
3902
3902
3900
3899
3898
3898
3898
3897
3897
3896
3896
3895
3895
3895
3895
3893
3893
3892
3891
3891
3891
3891
3891
3890
3890
3889
3889
3889
3887
3887
3887
3886
3886
3886
3886
3886
3886
3886
3885
3885
3885
3885
3885
3884
3884
3882
3881
3881
3881
3881
3880
3880
3880
3879
3879
3876
3875
3875
3875
3875
3874
3874
3874
3873
3873
3873
3873
3871
3871
3870
3870
3870
3870
3869
3869
3868
3867
3867
3866
3865
3865
3863
3863
3863
3863
3863
3869
3862
3862
3861
3861
3861
3861
3860
3859
3858
3858
3857
3856
3854
3854
3854
3853
3853
3853
3853
3853
3851
3851
3850
3850
3850
3849
3849
3849
3846
3846
3846
3846
3845
3845
3844
3844
3844
3843
3843
3842
3842
3842
3841
3841
3839
3838
3838
3838
3838
3837
3837
3837
3837
3847
3836
3836
3835
3835
3835
3835
3833
3833
3833
3833
3833
3833
3832
3832
3831
3831
3831
3831
3831
3831
3830
3830
3829
3829
3829
3828
3827
3827
3826
3825
3824
3823
3823
3823
3821
3818
3816
3815
3814
3814
3814
3814
3813
3812
3812
3811
3810
3810
3809
3809
3809
3809
3809
3808
3808
3807
3807
3806
3806
3805
3805
3805
3804
3804
3804
3804
3803
3803
3802
3802
3801
3801
3800
3800
3798
3797
3797
3796
3796
3796
3796
3795
3794
3793
3793
3792
3791
3791
3790
3789
3788
3788
3787
3787
3786
3785
3785
3785
3784
3784
3784
3783
3783
3783
3783
3782
3782
3782
3781
3780
3780
3779
3779
3779
3779
3778
3778
3778
3778
3777
3777
3776
3776
3775
3775
3775
3774
3774
3774
3774
3774
3773
3772
3772
3771
3771
3770
3770
3769
3769
3768
3768
3767
3767
3766
3766
3766
3766
3764
3764
3763
3763
3762
3762
3761
3760
3760
3759
3759
3758
3758
3757
3757
3756
3755
3755
3753
3752
3751
3751
3751
3750
3750
3750
3749
3749
3748
3747
3747
3747
3747
3746
3746
3746
3746
3745
3745
3744
3743
3743
3743
3742
3742
3742
3742
3741
3740
3737
3737
3737
3736
3736
3735
3735
3735
3734
3734
3734
3734
3733
3733
3733
3733
3732
3732
3732
3732
3732
3731
3731
3731
3730
3730
3730
3730
3730
3729
3729
3729
3729
3729
3728
3728
3728
3727
3727
3727
3727
3727
3727
3726
3726
3726
3725
3725
3725
3725
3724
3724
3723
3723
3722
3722
3721
3720
3720
3720
3719
3722
3718
3718
3718
3717
3717
3717
3716
3716
3716
3716
3716
3715
3715
3714
3713
3713
3713
3712
3712
3711
3711
3710
3710
3710
3710
3710
3709
3709
3709
3707
3707
3707
3707
3707
3706
3706
3706
3705
3705
3704
3702
3702
3702
3702
3701
3701
3701
3701
3701
3701
3701
3701
3699
3699
3699
3699
3699
3697
3697
3696
3696
3695
3695
3692
3691
3691
3690
3689
3689
3688
3688
3688
3687
3686
3686
3686
3685
3683
3683
3682
3682
3682
3682
3681
3681
3680
3680
3680
3679
3679
3679
3678
3678
3677
3677
3676
3675
3675
3675
3675
3675
3674
3674
3674
3674
3674
3674
3674
3673
3673
3673
3671
3671
3671
3671
3671
3670
3670
3669
3669
3669
3668
3666
3665
3664
3664
3664
3664
3663
3662
3662
3662
3661
3661
3660
3660
3659
3659
3659
3658
3657
3657
3657
3656
3656
3656
3655
3655
3655
3655
3655
3654
3654
3654
3654
3653
3653
3653
3652
3652
3652
3651
3651
3651
3650
3650
3650
3650
3649
3649
3649
3649
3649
3648
3648
3648
3648
3648
3647
3646
3646
3646
3645
3645
3644
3643
3643
3642
3642
3642
3641
3641
3640
3640
3640
3640
3639
3638
3638
3638
3638
3637
3636
3635
3634
3634
3633
3633
3632
3631
3630
3630
3630
3630
3630
3630
3629
3629
3629
3629
3629
3629
3628
3628
3628
3628
3627
3627
3626
3626
3626
3625
3625
3625
3623
3623
3622
3622
3621
3621
3620
3620
3620
3620
3620
3619
3619
3618
3618
3618
3616
3616
3615
3615
3615
3615
3614
3614
3614
3613
3613
3613
3613
3613
3612
3612
3612
3612
3612
3611
3611
3611
3611
3609
3608
3608
3607
3607
3606
3606
3606
3605
3605
3605
3605
3604
3604
3603
3602
3602
3602
3602
3601
3601
3601
3600
3598
3598
3597
3597
3597
3596
3596
3596
3595
3595
3593
3593
3593
3593
3593
3592
3592
3592
3591
3591
3590
3590
3590
3590
3589
3589
3588
3587
3587
3587
3586
3586
3586
3586
3585
3584
3584
3584
3583
3583
3582
3582
3581
3581
3580
3580
3580
3580
3580
3580
3579
3578
3578
3577
3577
3577
3576
3576
3575
3575
3575
3575
3575
3574
3573
3573
3572
3572
3572
3572
3572
3571
3571
3570
3569
3569
3569
3569
3568
3568
3568
3568
3568
3567
3567
3567
3566
3566
3566
3566
3566
3565
3564
3564
3564
3563
3563
3563
3562
3562
3562
3562
3561
3561
3560
3560
3560
3560
3560
3560
3559
3558
3558
3557
3557
3556
3556
3556
3555
3555
3554
3554
3554
3554
3553
3552
3552
3551
3551
3550
3550
3550
3550
3549
3549
3549
3549
3548
3548
3548
3548
3547
3547
3547
3546
3546
3546
3546
3546
3545
3545
3545
3545
3545
3545
3544
3544
3543
3543
3543
3542
3542
3542
3542
3542
3541
3541
3541
3541
3541
3540
3539
3539
3539
3538
3538
3538
3536
3536
3536
3536
3536
3536
3535
3534
3534
3534
3533
3533
3533
3532
3532
3531
3531
3531
3530
3530
3530
3530
3530
3530
3530
3529
3529
3528
3528
3528
3527
3526
3526
3526
3526
3526
3525
3525
3523
3523
3523
3523
3522
3522
3522
3522
3522
3522
3521
3521
3521
3521
3521
3521
3521
3520
3520
3520
3518
3517
3517
3517
3516
3515
3515
3514
3514
3514
3518
3513
3513
3513
3512
3512
3512
3512
3512
3511
3511
3510
3509
3509
3509
3509
3509
3509
3508
3508
3508
3506
3506
3506
3506
3505
3505
3505
3505
3505
3505
3504
3504
3504
3504
3503
3503
3503
3502
3502
3501
3500
3500
3500
3500
3500
3500
3500
3499
3499
3499
3499
3499
3498
3498
3498
3497
3496
3496
3496
3494
3493
3493
3493
3493
3492
3492
3492
3492
3492
3491
3491
3490
3490
3490
3490
3487
3486
3486
3486
3485
3485
3484
3484
3484
3484
3484
3484
3483
3483
3483
3483
3483
3483
3482
3480
3480
3479
3479
3478
3478
3478
3478
3478
3478
3477
3476
3476
3475
3475
3475
3475
3475
3475
3474
3474
3474
3474
3473
3473
3472
3472
3472
3472
3472
3471
3471
3471
3470
3470
3469
3469
3469
3468
3468
3468
3468
3467
3467
3466
3465
3465
3464
3464
3464
3463
3463
3463
3463
3462
3461
3461
3461
3461
3460
3460
3459
3459
3459
3459
3459
3458
3457
3457
3457
3457
3455
3454
3454
3454
3454
3453
3453
3453
3453
3453
3452
3452
3452
3451
3450
3450
3449
3449
3449
3449
3449
3449
3449
3448
3448
3448
3448
3447
3447
3446
3446
3446
3445
3445
3445
3444
3444
3444
3441
3441
3440
3440
3439
3439
3439
3439
3438
3438
3438
3437
3436
3436
3436
3436
3435
3435
3434
3433
3433
3432
3432
3432
3432
3431
3431
3431
3431
3431
3431
3430
3430
3430
3430
3429
3429
3429
3429
3428
3428
3428
3428
3428
3427
3427
3426
3426
3425
3424
3424
3423
3423
3423
3422
3421
3421
3420
3419
3418
3418
3418
3418
3418
3417
3416
3416
3415
3415
3414
3414
3414
3414
3413
3413
3412
3412
3412
3411
3411
3410
3410
3410
3409
3409
3409
3409
3408
3408
3408
3408
3408
3407
3407
3406
3405
3405
3404
3404
3404
3404
3404
3404
3403
3403
3403
3403
3402
3401
3401
3401
3401
3401
3401
3400
3400
3399
3399
3398
3398
3398
3398
3398
3398
3397
3397
3397
3397
3396
3396
3396
3396
3395
3395
3394
3393
3393
3393
3392
3392
3392
3392
3391
3391
3390
3389
3388
3388
3388
3388
3387
3387
3387
3387
3387
3387
3387
3386
3386
3386
3385
3385
3384
3384
3383
3383
3383
3383
3382
3382
3381
3380
3380
3380
3379
3379
3378
3378
3377
3377
3377
3377
3376
3376
3376
3375
3375
3375
3375
3374
3374
3374
3374
3373
3373
3373
3373
3373
3372
3372
3372
3371
3371
3370
3370
3370
3369
3369
3368
3367
3367
3366
3366
3366
3366
3365
3364
3364
3364
3363
3363
3362
3361
3361
3361
3360
3360
3359
3359
3359
3359
3358
3358
3358
3357
3357
3357
3357
3356
3356
3356
3356
3356
3356
3355
3355
3355
3355
3354
3354
3352
3352
3352
3352
3352
3351
3350
3350
3350
3362
3350
3350
3350
3349
3349
3348
3348
3348
3348
3348
3347
3347
3347
3347
3347
3346
3346
3345
3344
3344
3344
3343
3343
3343
3343
3343
3342
3342
3342
3341
3341
3339
3339
3338
3337
3337
3337
3336
3336
3335
3335
3334
3334
3334
3334
3334
3333
3333
3333
3332
3331
3331
3331
3331
3331
3331
3330
3330
3330
3329
3329
3328
3328
3328
3328
3328
3327
3327
3327
3326
3326
3326
3326
3326
3326
3324
3324
3324
3324
3324
3323
3323
3322
3322
3322
3321
3321
3321
3320
3319
3319
3319
3319
3318
3318
3318
3317
3317
3317
3316
3316
3316
3316
3315
3315
3315
3315
3314
3314
3314
3314
3314
3314
3313
3313
3313
3313
3313
3312
3311
3311
3311
3311
3310
3310
3309
3308
3308
3308
3316
3308
3307
3307
3307
3305
3305
3305
3304
3304
3304
3303
3303
3303
3303
3303
3302
3302
3302
3302
3302
3301
3301
3301
3300
3300
3300
3299
3299
3299
3299
3298
3298
3298
3297
3297
3296
3296
3296
3296
3295
3295
3295
3295
3294
3294
3294
3294
3293
3293
3293
3292
3292
3292
3291
3291
3290
3290
3290
3290
3290
3289
3289
3289
3289
3289
3289
3288
3288
3287
3287
3287
3286
3286
3286
3286
3286
3285
3284
3284
3283
3283
3283
3283
3283
3283
3282
3282
3282
3282
3282
3282
3281
3281
3281
3280
3280
3280
3280
3280
3279
3279
3279
3279
3279
3277
3277
3277
3276
3276
3276
3279
3276
3275
3275
3274
3274
3274
3273
3273
3272
3272
3272
3272
3272
3272
3271
3271
3271
3271
3271
3270
3269
3269
3269
3269
3269
3268
3268
3268
3268
3267
3267
3267
3267
3266
3266
3265
3265
3269
3265
3264
3264
3264
3263
3263
3262
3262
3262
3261
3261
3261
3261
3261
3260
3260
3260
3260
3259
3259
3259
3259
3259
3258
3258
3258
3258
3258
3258
3258
3257
3257
3257
3256
3256
3256
3256
3256
3255
3255
3254
3254
3254
3253
3253
3253
3252
3252
3251
3251
3251
3250
3250
3250
3250
3249
3249
3248
3248
3248
3247
3246
3246
3246
3245
3245
3245
3245
3245
3244
3244
3244
3244
3244
3244
3244
3244
3243
3243
3242
3242
3242
3242
3242
3242
3242
3240
3240
3240
3240
3239
3239
3239
3238
3238
3238
3238
3237
3237
3236
3236
3236
3236
3236
3235
3235
3235
3235
3234
3234
3234
3234
3234
3234
3234
3233
3233
3233
3232
3232
3232
3230
3230
3230
3230
3230
3229
3229
3229
3229
3229
3229
3229
3228
3228
3228
3228
3227
3227
3227
3227
3226
3226
3226
3226
3225
3225
3225
3224
3224
3224
3223
3223
3222
3222
3222
3222
3222
3221
3220
3220
3220
3219
3219
3219
3218
3218
3218
3217
3217
3216
3216
3216
3216
3215
3215
3215
3215
3215
3214
3214
3213
3213
3213
3212
3212
3212
3211
3211
3211
3211
3211
3211
3211
3210
3210
3210
3210
3210
3210
3210
3210
3210
3209
3208
3208
3208
3208
3208
3207
3207
3207
3207
3206
3209
3206
3206
3206
3205
3205
3205
3204
3204
3204
3204
3204
3203
3203
3203
3203
3203
3202
3201
3207
3201
3201
3201
3200
3200
3199
3199
3199
3199
3198
3198
3198
3197
3196
3196
3196
3196
3196
3196
3196
3196
3196
3195
3194
3194
3193
3193
3193
3193
3193
3192
3192
3192
3192
3192
3191
3190
3190
3189
3189
3227
3188
3188
3188
3188
3188
3188
3187
3187
3186
3186
3186
3186
3186
3186
3185
3185
3185
3184
3183
3183
3183
3183
3182
3182
3182
3182
3182
3182
3182
3182
3181
3181
3181
3180
3180
3180
3180
3180
3180
3180
3180
3179
3179
3178
3178
3177
3177
3177
3177
3176
3176
3176
3176
3176
3176
3176
3176
3176
3176
3175
3175
3175
3175
3175
3174
3174
3173
3173
3173
3172
3171
3171
3171
3171
3171
3170
3170
3170
3169
3169
3168
3168
3167
3166
3166
3165
3165
3165
3165
3164
3164
3163
3163
3163
3162
3162
3162
3162
3162
3161
3161
3161
3160
3160
3160
3160
3159
3159
3159
3159
3159
3159
3159
3159
3158
3157
3157
3157
3157
3157
3157
3157
3156
3155
3155
3155
3155
3154
3154
3154
3154
3153
3153
3153
3153
3152
3152
3152
3152
3151
3151
3151
3150
3150
3150
3150
3149
3149
3149
3149
3149
3148
3148
3147
3147
3154
3147
3147
3147
3147
3147
3147
3146
3146
3146
3146
3146
3145
3145
3144
3144
3144
3144
3144
3143
3143
3143
3143
3143
3143
3143
3142
3142
3142
3141
3140
3140
3140
3140
3140
3140
3139
3139
3139
3139
3139
3139
3138
3137
3137
3137
3137
3136
3136
3136
3136
3136
3135
3135
3135
3135
3135
3135
3134
3134
3134
3134
3134
3133
3133
3133
3133
3133
3132
3132
3131
3131
3131
3130
3130
3130
3130
3129
3129
3129
3129
3129
3127
3127
3127
3127
3127
3127
3126
3126
3126
3126
3125
3125
3124
3124
3124
3123
3123
3123
3123
3122
3122
3122
3122
3121
3121
3121
3121
3121
3121
3120
3120
3120
3119
3119
3119
3119
3119
3118
3118
3118
3134
3118
3117
3117
3116
3116
3116
3116
3116
3116
3116
3116
3115
3115
3115
3114
3114
3114
3114
3114
3114
3113
3113
3113
3113
3112
3112
3112
3114
3111
3111
3111
3111
3110
3110
3110
3110
3110
3110
3110
3109
3109
3109
3109
3108
3108
3108
3108
3108
3108
3108
3107
3107
3107
3107
3107
3107
3107
3107
3107
3106
3106
3106
3106
3105
3105
3105
3105
3105
3105
3105
3104
3104
3103
3103
3103
3102
3102
3101
3101
3101
3101
3101
3101
3100
3100
3100
3100
3100
3099
3099
3098
3098
3098
3097
3097
3097
3096
3096
3096
3094
3094
3094
3094
3094
3093
3093
3093
3093
3093
3093
3093
3093
3092
3092
3092
3092
3092
3092
3091
3090
3090
3090
3090
3089
3089
3089
3089
3088
3088
3088
3088
3088
3088
3087
3087
3087
3086
3086
3086
3086
3086
3085
3085
3085
3088
3084
3084
3083
3083
3083
3083
3083
3083
3082
3082
3082
3082
3081
3081
3081
3081
3080
3080
3080
3080
3080
3080
3079
3079
3079
3079
3079
3079
3079
3079
3078
3078
3078
3078
3077
3077
3077
3077
3077
3076
3076
3075
3075
3074
3074
3073
3073
3073
3073
3073
3072
3072
3072
3071
3071
3070
3070
3070
3070
3070
3070
3070
3070
3070
3069
3069
3069
3069
3069
3068
3068
3068
3068
3068
3067
3067
3067
3066
3066
3065
3065
3065
3065
3065
3065
3065
3064
3064
3064
3063
3063
3063
3063
3063
3062
3061
3061
3061
3060
3060
3060
3060
3060
3059
3059
3059
3059
3059
3058
3058
3058
3058
3058
3056
3056
3056
3056
3055
3055
3055
3055
3054
3054
3054
3053
3053
3052
3051
3051
3051
3051
3050
3050
3050
3050
3050
3049
3049
3049
3048
3048
3048
3046
3046
3045
3044
3043
3043
3043
3043
3043
3042
3042
3042
3042
3042
3042
3041
3041
3041
3041
3040
3040
3040
3040
3040
3039
3039
3039
3038
3038
3037
3037
3037
3036
3036
3036
3035
3035
3035
3035
3034
3034
3033
3033
3033
3032
3032
3032
3032
3032
3032
3031
3030
3030
3030
3030
3029
3029
3029
3029
3029
3029
3029
3029
3028
3028
3028
3028
3028
3028
3027
3027
3027
3027
3026
3026
3025
3024
3024
3024
3024
3024
3023
3023
3023
3023
3023
3023
3023
3022
3022
3022
3022
3021
3021
3021
3021
3020
3019
3019
3019
3018
3018
3018
3018
3018
3018
3017
3017
3017
3016
3016
3016
3016
3015
3015
3015
3015
3015
3014
3014
3014
3014
3013
3013
3013
3013
3012
3012
3012
3012
3011
3011
3011
3010
3010
3010
3028
3010
3010
3009
3009
3009
3009
3009
3008
3008
3008
3007
3007
3006
3006
3006
3006
3006
3006
3005
3005
3005
3005
3004
3004
3004
3004
3004
3004
3003
3003
3003
3003
3003
3002
3002
3000
3000
3000
3000
3000
3000
