731989
415505
362835
290484
267552
253517
239413
227642
219575
207448
206211
203560
203448
197639
196435
189282
182947
173589
172695
170440
167136
164827
160950
160274
157830
157634
155705
151163
150060
146996
146506
146079
146023
143685
143417
142319
138023
137602
137373
135868
135108
134223
130511
130063
130029
129929
127458
126863
126721
126688
125762
124433
123739
123024
122312
120780
120705
119829
119653
118630
117766
117513
116352
116261
115254
113682
111714
111231
111078
110094
109499
109331
109272
108815
107730
107268
107123
106893
106855
105594
104942
103981
101729
99740
99725
99467
99415
99359
97389
97285
97205
96563
96079
95234
95169
95048
94933
94502
93798
92127
92060
91559
91075
91074
90883
90868
90860
90821
90696
90687
90554
89267
89238
88750
88411
88130
87890
87797
87679
87506
86457
86433
85830
85619
85245
85029
84931
84872
84187
84111
84071
83846
83632
83603
83558
83184
82861
82804
82324
82173
81900
81874
81759
80471
80449
80226
80052
79941
79918
79905
79809
79634
79420
78956
78840
78781
78444
77539
77305
76838
76766
76529
76411
76286
76190
76080
75308
75207
75094
75083
74502
73967
73940
73853
73769
73623
73565
73351
73339
73263
73190
73018
72780
72719
72676
72514
72338
72296
72199
72190
72062
71821
71793
71322
71144
70333
69957
69517
69361
69152
68948
68416
68381
68232
68010
67636
67556
67369
67133
66875
66864
66666
66416
66248
66247
66076
65882
65708
65699
65559
65543
65314
64777
64430
64329
64285
64217
64134
63946
63931
63855
63751
63639
63565
63316
63039
63035
62989
62782
62166
62048
61845
61818
61537
61496
61466
61414
60895
60840
60488
60283
60253
60249
59976
59943
59845
59569
59078
59058
58848
58771
58683
58590
58249
58231
58187
58091
57717
57644
57517
57473
57386
57342
57309
57227
57168
57123
56687
56674
56471
56465
56455
56431
56203
56055
55991
55854
55733
55510
55347
55084
54841
54801
54716
54714
54648
54630
54595
54589
54446
54431
54412
54278
53990
53808
53723
53717
53699
53549
53445
52747
52726
52616
52333
52289
52225
52088
52073
52018
52017
52014
51872
51567
51342
51160
51053
50958
50497
50428
50324
50302
50195
50190
50118
50085
49933
49835
49771
49764
49759
49755
49745
49673
49392
49258
49132
49045
48984
48977
48779
48644
48552
48381
48313
48204
48040
47788
47756
47561
47524
47522
47511
47272
47051
47014
46972
46948
46947
46891
46840
46777
46741
46669
46640
46577
46515
46500
46236
46146
46130
46085
46037
45840
45592
45554
45530
45331
45276
45213
45114
45024
44859
44851
44761
44700
44681
44661
44601
44453
44255
44172
44055
44031
44005
43844
43826
43744
43739
43736
43660
43582
43543
43463
43314
43033
43028
42985
42977
42911
42900
42839
42733
42707
42577
42511
42480
42461
42379
42231
42205
42154
42048
42014
41894
41721
41717
41668
41637
41582
41422
41421
41274
41140
41114
41052
40968
40844
40788
40679
40592
40524
40513
40463
40436
40378
40355
40348
40329
40259
40054
40020
39970
39596
39540
39516
39465
39219
39147
39087
38977
38965
38908
38876
38802
38727
38671
38619
38610
38588
38585
38524
38485
38425
38398
38171
38149
38077
38065
38044
38018
38011
37967
37949
37945
37935
37910
37884
37834
37710
37641
37632
37588
37542
37539
37452
37436
37410
37395
37355
37349
37339
37276
37254
37253
37238
37197
37197
37139
37106
37067
36970
36851
36850
36823
36759
36741
36721
36701
36657
36605
36590
36585
36548
36489
36429
36299
36243
36160
36144
36139
35944
35837
35784
35769
35725
35721
35659
35646
35628
35544
35524
35509
35478
35468
35427
35416
35395
35367
35314
35290
35268
35264
35259
35230
35151
35096
34957
34938
34935
34680
34649
34600
34592
34591
34505
34401
34343
34295
34242
34186
34122
34101
34077
34029
33960
33919
33849
33829
33739
33735
33726
33704
33664
33639
33632
33622
33598
33567
33467
33459
33457
33447
33377
33314
33292
33290
33120
33104
33103
33049
32994
32973
32961
32948
32927
32918
32684
32580
32436
32428
32423
32418
32416
32375
32346
32290
32281
32261
32246
32240
32237
32233
32226
32180
32170
32166
32141
32128
32088
32078
31879
31871
31866
31854
31843
31797
31796
31768
31735
31703
31701
31658
31645
31615
31614
31612
31567
31539
31414
31403
31402
31370
31332
31259
31231
31182
31161
31161
31153
31087
30975
30948
30932
30925
30896
30878
30796
30788
30750
30739
30736
30674
30631
30617
30604
30505
30500
30500
30457
30400
30388
30385
30327
30310
30300
30295
30252
30215
30133
30043
30022
30021
29986
29935
29916
29804
29754
29744
29688
29662
29662
29655
29639
29635
29628
29550
29546
29529
29509
29488
29381
29341
29296
29266
29253
29193
29167
29146
29128
29090
29081
29021
29017
28997
28948
28840
28810
28808
28795
28758
28742
28697
28692
28661
28643
28632
28573
28562
28555
28532
28523
28509
28504
28500
28464
28458
28427
28416
28410
28382
28355
28351
28329
28273
28233
28165
28139
28130
28091
28090
27924
27899
27898
27882
27814
27806
27793
27760
27747
27694
27668
27666
27635
27593
27569
27491
27490
27469
27421
27408
27391
27310
27300
27286
27279
27234
27226
27221
27217
27211
27126
27098
27084
27061
27057
27025
26996
26988
26915
26880
26879
26826
26825
26788
26769
26742
26723
26720
26684
26666
26665
26656
26650
26579
26579
26545
26540
26533
26525
26521
26511
26495
26464
26457
26403
26364
26356
26328
26302
26256
26221
26144
26076
26068
26061
26026
26021
26014
25989
25964
25874
25843
25813
25795
25784
25780
25777
25750
25732
25684
25638
25618
25582
25539
25536
25532
25462
25456
25449
25445
25440
25313
25287
25272
25239
25190
25170
25156
25142
25100
25083
25078
25072
25002
24985
24982
24979
24958
24890
24847
24820
24799
24798
24790
24790
24772
24769
24768
24675
24670
24669
24662
24619
24610
24585
24575
24551
24548
24521
24504
24502
24488
24467
24391
24390
24383
24382
24351
24347
24322
24300
24291
24222
24177
24124
24066
23991
23987
23973
23961
23942
23935
23887
23886
23878
23854
23819
23814
23807
23741
23719
23684
23679
23677
23663
23657
23653
23631
23610
23560
23541
23541
23536
23535
23534
23533
23528
23512
23454
23449
23448
23389
23388
23363
23320
23291
23286
23265
23263
23247
23241
23236
23214
23200
23196
23192
23182
23164
23158
23105
23081
23038
23037
23029
23022
22986
22953
22916
22913
22871
22849
22846
22832
22830
22825
22800
22778
22761
22751
22691
22687
22668
22612
22594
22583
22562
22525
22522
22493
22490
22376
22339
22312
22307
22295
22292
22291
22278
22278
22267
22244
22222
22191
22164
22152
22150
22134
22130
22112
22090
22080
22032
22012
21998
21981
21964
21962
21947
21945
21933
21932
21930
21910
21891
21889
21877
21862
21849
21845
21821
21775
21762
21760
21750
21742
21727
21714
21703
21701
21700
21675
21672
21606
21592
21588
21534
21513
21499
21489
21489
21460
21454
21438
21435
21429
21427
21417
21415
21412
21371
21349
21313
21258
21252
21222
21222
21207
21187
21179
21152
21128
21117
21112
21095
21087
21078
21054
21050
21052
21045
21042
21028
21025
21021
20947
20926
20920
20877
20855
20844
20826
20785
20771
20766
20764
20743
20734
20726
20725
20714
20674
20671
20618
20580
20578
20571
20568
20559
20553
20539
20523
20520
20516
20515
20493
20477
20458
20436
20412
20410
20362
20330
20326
20298
20284
20283
20276
20273
20242
20215
20215
20203
20173
20168
20158
20139
20112
20108
20086
20082
20079
20076
20036
20010
19983
19982
19982
19958
19955
19925
19897
19889
19870
19864
19832
19828
19828
19827
19808
19783
19783
19772
19770
19742
19742
19720
19675
19663
19643
19617
19610
19601
19585
19559
19555
19551
19528
19528
19523
19517
19494
19489
19464
19444
19429
19363
19357
19322
19321
19316
19298
19298
19296
19276
19250
19247
19222
19222
19215
19177
19164
19151
19139
19114
19102
19081
19051
19041
19037
19023
19019
19013
19007
18982
18975
18948
18919
18907
18906
18905
18877
18868
18863
18852
18849
18842
18834
18815
18791
18777
18773
18724
18679
18619
18610
18608
18595
18586
18567
18567
18546
18536
18528
18505
18454
18454
18437
18413
18405
18376
18356
18349
18330
18304
18295
18295
18257
18250
18199
18199
18186
18170
18160
18146
18136
18132
18127
18119
18119
18111
18108
18089
18085
18082
18054
18024
17991
17983
17971
17944
17936
17929
17923
17891
17885
17881
17861
17818
17809
17803
17795
17785
17738
17707
17690
17686
17685
17666
17665
17642
17642
17638
17616
17610
17605
17594
17570
17526
17511
17508
17495
17491
17473
17473
17459
17425
17420
17410
17407
17400
17380
17368
17363
17347
17346
17325
17319
17315
17307
17269
17267
17265
17265
17232
17227
17187
17104
17077
17072
17070
17049
17039
17027
17021
17021
16998
16994
16988
16958
16932
16918
16903
16893
16888
16870
16854
16853
16851
16849
16807
16804
16795
16791
16783
16755
16747
16740
16738
16710
16700
16696
16687
16683
16670
16665
16648
16611
16604
16604
16600
16578
16535
16529
16502
16501
16498
16492
16464
16445
16435
16427
16423
16392
16385
16382
16348
16338
16294
16284
16278
16263
16262
16255
16248
16242
16227
16199
16197
16174
16151
16094
16091
16066
16052
16044
16042
16030
16023
16022
16001
15992
15974
15970
15969
15929
15920
15897
15890
15883
15876
15865
15855
15832
15829
15823
15807
15800
15790
15786
15786
15760
15747
15740
15740
15738
15737
15732
15732
15718
15714
15698
15693
15690
15664
15641
15611
15608
15576
15561
15548
15541
15535
15530
15528
15526
15504
15493
15488
15479
15459
15444
15394
15390
15367
15363
15355
15335
15329
15297
15291
15282
15267
15254
15220
15198
15196
15187
15176
15173
15152
15145
15140
15105
15101
15088
15081
15078
15060
15045
15034
15034
15032
15030
15021
15009
15007
15004
14999
14998
14997
14974
14958
14948
14945
14935
14927
14925
14907
14905
14891
14870
14855
14847
14837
14809
14793
14780
14771
14764
14763
14748
14742
14730
14720
14716
14714
14712
14710
14710
14700
14685
14666
14640
14636
14618
14609
14587
14583
14570
14535
14529
14515
14472
14467
14451
14438
14438
14422
14422
14420
14417
14413
14389
14383
14378
14377
14349
14349
14330
14323
14311
14306
14302
14288
14281
14263
14256
14252
14238
14237
14218
14216
14197
14172
14169
14166
14155
14143
14139
14136
14128
14127
14124
14113
14109
14105
14095
14064
14063
14054
14051
14030
14024
14011
13998
13993
13989
13982
13981
13968
13965
13964
13962
13962
13931
13903
13888
13884
13881
13878
13878
13872
13870
13858
13832
13830
13821
13814
13814
13800
13798
13787
13784
13780
13775
13769
13765
13765
13763
13759
13755
13751
13633
13739
13733
13725
13720
13716
13699
13692
13690
13689
13676
13668
13657
13651
13643
13622
13620
13618
13618
13617
13612
13596
13583
13571
13570
13562
13560
13552
13549
13534
13534
13521
13515
13508
13506
13499
13491
13462
13460
13457
13448
13446
13442
13426
13420
13414
13399
13394
13384
13379
13373
13369
13358
13323
13310
13298
13297
13275
13266
13246
13231
13222
13208
13202
13196
13193
13188
13181
13176
13174
13170
13157
13149
13139
13127
13121
13121
13111
13105
13100
13083
13082
13064
13058
13053
13047
13045
13045
13042
13042
13036
13033
13024
13023
13010
13001
12999
12977
12975
12939
12929
12929
12923
12923
12920
12915
12912
12910
12908
12854
12835
12817
12811
12779
12754
12747
12741
12738
12731
12728
12728
12722
12716
12708
12707
12682
12674
12666
12664
12645
12622
12619
12614
12571
12569
12563
12559
12544
12531
12530
12526
12524
12523
12519
12518
12515
12510
12507
12497
12491
12465
12462
12445
12443
12423
12414
12412
12407
12404
12398
12381
12372
12347
12342
12338
12326
12324
12319
12307
12257
12248
12232
12232
12227
12223
12223
12218
12211
12206
12201
12195
12189
12185
12175
12154
12146
12146
12142
12125
12121
12120
12116
12115
12113
12110
12108
12102
12097
12092
12091
12087
12081
12068
12059
12056
12054
12034
12030
12024
12024
12024
12022
12020
12004
12002
11998
11994
11988
11982
11972
11971
11962
11949
11946
11945
11936
11936
11930
11929
11923
11916
11912
11903
11902
11894
11877
11870
11862
11859
11854
11853
11851
11834
11824
11804
11799
11797
11795
11794
11780
11777
11764
11748
11741
11736
11735
11724
11705
11705
11698
11696
11688
11684
11682
11681
11679
11661
11630
11625
11619
11607
11575
11573
11572
11563
11555
11548
11548
11542
11536
11528
11526
11525
11517
11516
11492
11491
11484
11476
11475
11472
11460
11455
11447
11445
11443
11434
11430
11430
11420
11411
11404
11398
11375
11373
11360
11357
11357
11351
11348
11344
11337
11328
11324
11300
11291
11284
11277
11274
11271
11256
11253
11248
11244
11239
11238
11236
11235
11228
11225
11220
11207
11199
11178
11177
11159
11156
11156
11149
11137
11130
11128
11110
11104
11098
11096
11093
11091
11086
11074
11074
11073
11072
11068
11068
11065
11063
11061
11057
11030
11029
11025
11023
11016
10997
10992
10981
10971
10968
10966
10966
10958
10945
10936
10922
10917
10883
10855
10849
10848
10848
10845
10835
10830
10820
10814
10804
10790
10774
10768
10767
10763
10759
10750
10747
10742
10742
10735
10727
10724
10721
10719
10718
10717
10707
10703
10702
10694
10693
10678
10674
10667
10664
10650
10637
10633
10629
10624
10624
10606
10603
10600
10597
10578
10576
10575
10572
10572
10568
10566
10556
10555
10551
10547
10545
10543
10531
10525
10523
10517
10516
10506
10505
10494
10489
10473
10469
10452
10450
10438
10414
10410
10397
10389
10381
10378
10376
10374
10371
10367
10352
10352
10348
10345
10334
10332
10327
10315
10306
10304
10291
10291
10260
10247
10240
10239
10236
10235
10232
10228
10220
10219
10212
10210
10202
10200
10198
10186
10184
10182
10171
10168
10166
10140
10132
10120
10120
10114
10114
10111
10108
10104
10097
10088
10082
10079
10078
10075
10068
10063
10059
10058
10055
10055
10055
10052
10050
10043
10041
10036
10030
10029
10024
10013
10012
10005
10001
9981
9971
9965
9964
9951
9945
9938
9935
9928
9925
9920
9919
9917
9895
9893
9891
9890
9884
9880
9878
9878
9876
9876
9873
9865
9862
9858
9852
9849
9843
9838
9837
9836
9835
9827
9823
9812
9807
9807
9804
9801
9797
9793
9782
9775
9768
9765
9765
9756
9750
9743
9742
9733
9730
9729
9722
9716
9715
9712
9710
9711
9697
9691
9682
9680
9675
9673
9671
9666
9661
9651
9638
9638
9637
9627
9622
9621
9614
9602
9602
9602
9601
9597
9596
9593
9590
9588
9585
9579
9578
9573
9570
9570
9569
9566
9566
9557
9555
9548
9529
9526
9507
9504
9501
9485
9484
9476
9470
9470
9461
9461
9454
9454
9454
9452
9450
9447
9422
9417
9416
9415
9413
9411
9407
9398
9397
9394
9387
9386
9386
9381
9379
9370
9357
9346
9338
9332
9322
9322
9315
9314
9313
9309
9309
9305
9301
9300
9288
9287
9280
9278
9276
9268
9257
9257
9255
9254
9253
9249
9246
9241
9239
9238
9234
9225
9213
9212
9211
9203
9202
9196
9176
9173
9172
9170
9168
9168
9164
9151
9150
9138
9129
9125
9121
9116
9111
9102
9100
9096
9096
9095
9092
9090
9084
9081
9079
9078
9077
9071
9068
9066
9061
9044
9035
9034
9033
9030
9020
9018
9015
9009
8999
8998
8998
8990
8989
8986
8976
8966
8958
8954
8948
8946
8936
8934
8928
8926
8909
8907
8904
8901
8895
8895
8891
8888
8882
8876
8871
8866
8865
8853
8850
8849
8848
8828
8826
8818
8816
8812
8793
8787
8784
8781
8770
8766
8760
8756
8754
8750
8748
8746
8745
8742
8736
8732
8726
8715
8712
8703
8692
8682
8667
8667
8660
8658
8658
8657
8651
8646
8644
8629
8624
8614
8613
8597
8595
8590
8590
8581
8577
8572
8572
8570
8566
8563
8563
8562
8562
8559
8555
8553
8550
8544
8542
8541
8524
8515
8515
8514
8512
8509
8508
8506
8506
8504
8502
8501
8500
8500
8499
8486
8475
8475
8463
8456
8451
8450
8448
8445
8440
8439
8435
8431
8421
8416
8415
8404
8401
8389
8387
8384
8379
8379
8378
8370
8367
8366
8361
8361
8359
8346
8336
8331
8330
8328
8327
8316
8315
8314
8313
8305
8304
8300
8296
8292
8290
8286
8281
8281
8272
8271
8270
8268
8260
8246
8243
8239
8238
8233
8232
8221
8216
8214
8210
8208
8203
8198
8189
8187
8186
8180
8179
8179
8178
8168
8163
8163
8157
8155
8154
8153
8148
8138
8138
8138
8120
8118
8111
8108
8107
8107
8106
8106
8098
8095
8094
8089
8087
8085
8075
8075
8073
8070
8059
8054
8042
8035
8034
8023
8022
8022
8019
8019
8015
8015
8002
7998
7995
7995
7988
7982
7975
7962
7961
7959
7959
7956
7955
7953
7951
7945
7940
7939
7938
7932
7925
7924
7921
7911
7911
7906
7902
7897
7892
7888
7887
7884
7882
7879
7877
7875
7866
7852
7852
7843
7832
7829
7828
7819
7819
7818
7809
7806
7806
7797
7778
7776
7769
7762
7757
7751
7744
7743
7736
7735
7716
7708
7708
7706
7697
7695
7688
7687
7687
7681
7681
7676
7666
7659
7658
7654
7653
7648
7647
7645
7644
7640
7632
7628
7623
7617
7613
7608
7600
7599
7594
7592
7587
7583
7575
7573
7568
7564
7553
7550
7548
7548
7545
7543
7538
7534
7533
7531
7528
7525
7518
7503
7496
7487
7484
7484
7471
7470
7466
7466
7462
7445
7445
7438
7427
7423
7423
7418
7416
7414
7413
7409
7409
7405
7404
7403
7401
7398
7396
7371
7371
7371
7365
7364
7362
7346
7333
7330
7328
7321
7320
7320
7320
7317
7314
7313
7309
7306
7303
7298
7296
7279
7275
7274
7273
7273
7272
7267
7266
7253
7248
7244
7240
7237
7234
7231
7229
7228
7228
7228
7227
7226
7224
7221
7219
7218
7218
7216
7204
7204
7204
7203
7199
7198
7190
7187
7184
7178
7177
7175
7173
7171
7170
7170
7163
7162
7151
7148
7147
7147
7145
7141
7137
7136
7135
7135
7130
7128
7126
7126
7124
7117
7116
7116
7115
7114
7112
7110
7110
7110
7108
7106
7106
7102
7099
7099
7096
7096
7093
7092
7091
7091
7089
7085
7084
7075
7072
7072
7072
7067
7065
7065
7065
7061
7060
7057
7056
7054
7049
7045
7042
7041
7035
7031
7030
7029
7029
7022
7011
7011
7010
7010
7009
7004
7002
7000
7000
6998
6994
6986
6981
6978
6971
6968
6967
6965
6965
6964
6961
6957
6956
6955
6947
6945
6942
6937
6935
6933
6930
6929
6927
6927
6925
6920
6919
6919
6919
6917
6917
6916
6912
6912
6910
6904
6902
6901
6897
6895
6876
6873
6872
6868
6866
6865
6863
6859
6857
6847
6846
6845
6839
6836
6834
6832
6827
6827
6821
6815
6815
6810
6801
6798
6792
6785
6784
6782
6779
6778
6777
6771
6766
6765
6757
6756
6752
6744
6744
6739
6738
6726
6724
6722
6713
6711
6710
6710
6709
6705
6702
6700
6699
6699
6696
6695
6695
6694
6691
6690
6688
6684
6681
6680
6678
6676
6673
6665
6663
6661
6659
6658
6657
6656
6650
6649
6648
6645
6644
6644
6643
6643
6642
6642
6635
6635
6631
6626
6623
6621
6621
6614
6611
6608
6608
6608
6608
6603
6601
6600
6599
6596
6595
6593
6591
6591
6588
6584
6581
6580
6579
6578
6576
6564
6562
6562
6560
6557
6554
6553
6551
6549
6546
6545
6537
6536
6533
6532
6532
6522
6521
6521
6520
6516
6516
6513
6511
6510
6508
6508
6506
6501
6499
6498
6491
6489
6484
6475
6473
6471
6470
6465
6457
6455
6454
6448
6447
6445
6444
6441
6439
6439
6431
6430
6430
6424
6418
6417
6415
6412
6410
6410
6410
6407
6404
6401
6396
6395
6392
6381
6380
6379
6378
6371
6370
6370
6367
6364
6363
6362
6361
6359
6358
6357
6353
6353
6350
6345
6342
6338
6338
6332
6328
6327
6326
6320
6317
6317
6316
6316
6315
6312
6307
6306
6293
6283
6281
6280
6273
6273
6271
6271
6262
6260
6256
6255
6251
6250
6249
6247
6246
6245
6240
6239
6238
6233
6230
6229
6227
6221
6218
6218
6206
6204
6202
6197
6197
6194
6193
6190
6187
6178
6172
6168
6164
6159
6159
6157
6156
6153
6148
6145
6145
6141
6134
6131
6130
6129
6127
6126
6124
6119
6117
6115
6115
6111
6110
6110
6107
6104
6104
6102
6096
6092
6088
6086
6083
6079
6076
6076
6073
6072
6071
6068
6067
6065
6065
6065
6064
6062
6061
6058
6053
6050
6045
6043
6042
6039
6032
6031
6030
6029
6019
6017
6016
6016
6014
6012
6011
6009
6006
6004
6002
6002
6002
6000
5995
5994
5993
5990
5988
5987
5986
5984
5982
5979
5978
5978
5978
5977
5976
5976
5973
5971
5967
5966
5965
5957
5952
5952
5952
5948
5946
5946
5946
5943
5938
5937
5936
5930
5928
5927
5921
5918
5914
5911
5908
5907
5906
5899
5897
5895
5894
5890
5889
5889
5889
5888
5883
5883
5882
5877
5875
5872
5871
5869
5867
5866
5864
5863
5863
5859
5858
5858
5858
5858
5857
5856
5851
5847
5846
5840
5839
5839
5839
5839
5833
5833
5831
5826
5819
5818
5814
5811
5810
5807
5805
5802
5802
5795
5785
5778
5777
5777
5775
5774
5770
5770
5767
5766
5765
5764
5763
5763
5762
5762
5761
5761
5761
5760
5759
5757
5750
5749
5748
5747
5746
5745
5743
5742
5740
5738
5738
5737
5737
5735
5732
5729
5727
5726
5724
5722
5721
5721
5720
5718
5718
5716
5714
5711
5711
5707
5707
5707
5707
5706
5703
5699
5686
5681
5680
5680
5677
5674
5673
5669
5669
5666
5664
5664
5663
5661
5660
5660
5659
5659
5658
5656
5649
5647
5642
5642
5637
5632
5640
5631
5628
5623
5619
5617
5617
5616
5612
5610
5608
5603
5603
5599
5592
5592
5591
5591
5590
5586
5584
5575
5574
5572
5571
5569
5567
5566
5565
5565
5564
5564
5563
5555
5550
5550
5548
5547
5545
5544
5544
5544
5542
5542
5541
5540
5538
5538
5537
5536
5535
5535
5533
5532
5528
5527
5526
5525
5525
5525
5525
5524
5523
5521
5517
5515
5512
5511
5505
5502
5497
5496
5489
5489
5488
5487
5486
5482
5482
5480
5478
5476
5476
5474
5472
5472
5471
5469
5468
5467
5465
5465
5465
5465
5460
5459
5459
5454
5453
5452
5449
5449
5444
5442
5438
5437
5434
5434
5433
5428
5428
5426
5426
5421
5419
5418
5417
5414
5411
5411
5405
5404
5400
5400
5398
5395
5395
5393
5393
5390
5389
5389
5389
5389
5388
5388
5388
5387
5384
5380
5377
5376
5372
5369
5367
5367
5367
5366
5364
5363
5361
5358
5357
5352
5349
5348
5346
5345
5345
5340
5340
5338
5337
5336
5330
5330
5328
5323
5319
5314
5313
5313
5312
5310
5306
5305
5303
5300
5297
5292
5290
5290
5287
5287
5285
5284
5284
5282
5281
5280
5276
5276
5275
5272
5263
5263
5256
5255
5254
5254
5252
5251
5251
5250
5249
5248
5248
5247
5246
5245
5242
5240
5240
5240
5238
5238
5237
5235
5234
5234
5234
5232
5231
5229
5229
5229
5228
5228
5223
5222
5222
5221
5221
5220
5219
5217
5215
5215
5214
5213
5210
5209
5208
5207
5202
5201
5200
5199
5198
5196
5194
5194
5189
5189
5189
5188
5187
5187
5186
5186
5184
5183
5183
5181
5175
5175
5174
5171
5171
5169
5166
5160
5158
5156
5155
5154
5152
5147
5146
5146
5145
5138
5136
5135
5134
5134
5131
5131
5130
5129
5126
5125
5121
5120
5120
5118
5116
5115
5115
5114
5114
5114
5113
5111
5106
5106
5106
5104
5102
5101
5098
5094
5092
5090
5090
5088
5085
5084
5083
5082
5081
5080
5076
5072
5066
5063
5061
5059
5054
5051
5050
5049
5048
5047
5046
5044
5044
5042
5042
5037
5037
5033
5032
5030
5029
5024
5020
5019
5019
5019
5019
5018
5017
5016
5013
5012
5011
5011
5010
5009
5008
5006
5006
5004
5003
5003
5002
5002
5001
5001
5001
5000
5000
4997
4995
4995
4994
4993
4993
4991
4990
4990
4990
4989
4988
4985
4983
4980
4978
4978
4977
4972
4972
4971
4971
4970
4969
4969
4968
4965
4964
4963
4962
4962
4962
4960
4957
4954
4948
4945
4942
4942
4939
4938
4937
4936
4936
4934
4934
4931
4931
4930
4928
4927
4924
4924
4923
4920
4919
4918
4918
4917
4915
4915
4914
4911
4909
4906
4905
4905
4904
4902
4902
4902
4901
4899
4897
4896
4895
4893
4892
4891
4890
4890
4889
4889
4888
4888
4888
4884
4884
4880
4880
4879
4878
4877
4876
4876
4875
4873
4873
4872
4870
4870
4867
4864
4859
4856
4856
4854
4854
4853
4853
4851
4848
4846
4846
4846
4845
4841
4841
4841
4839
4839
4838
4834
4834
4833
4833
4831
4831
4830
4830
4829
4827
4827
4826
4826
4824
4821
4821
4820
4818
4817
4816
4815
4815
4814
4814
4812
4812
4811
4811
4810
4808
4807
4807
4806
4805
4805
4803
4802
4801
4798
4796
4795
4794
4793
4791
4789
4788
4783
4782
4775
4773
4772
4770
4770
4769
4768
4766
4761
4758
4757
4756
4756
4756
4756
4756
4755
4753
4752
4750
4748
4747
4747
4747
4745
4744
4741
4740
4740
4739
4739
4739
4738
4738
4738
4737
4736
4735
4734
4729
4729
4728
4727
4724
4723
4722
4722
4720
4717
4716
4716
4713
4713
4712
4712
4710
4710
4709
4709
4709
4708
4708
4708
4706
4705
4704
4703
4703
4700
4696
4695
4695
4692
4692
4688
4688
4686
4686
4686
4682
4682
4680
4680
4677
4676
4676
4675
4675
4675
4673
4673
4670
4668
4667
4667
4667
4667
4667
4664
4663
4662
4660
4657
4653
4650
4648
4645
4644
4643
4643
4643
4642
4642
4639
4638
4637
4637
4636
4635
4635
4635
4635
4634
4631
4630
4629
4628
4628
4627
4627
4627
4624
4623
4622
4621
4620
4618
4616
4616
4615
4614
4613
4611
4611
4611
4610
4606
4603
4603
4603
4602
4601
4598
4598
4596
4595
4595
4594
4592
4592
4592
4590
4587
4587
4585
4585
4584
4583
4583
4582
4581
4581
4581
4574
4573
4571
4570
4567
4566
4563
4563
4562
4560
4559
4557
4555
4552
4551
4550
4550
4549
4546
4544
4544
4542
4542
4540
4539
4538
4538
4537
4534
4534
4533
4532
4531
4531
4529
4529
4529
4526
4526
4524
4523
4523
4522
4522
4522
4520
4519
4518
4516
4516
4513
4510
4510
4510
4509
4509
4508
4508
4507
4507
4507
4506
4505
4504
4503
4498
4498
4498
4496
4493
4491
4486
4485
4481
4480
4479
4479
4476
4473
4472
4472
4472
4471
4470
4469
4466
4465
4465
4464
4463
4463
4463
4461
4461
4460
4459
4458
4456
4454
4454
4453
4453
4452
4452
4452
4451
4450
4450
4448
4446
4446
4445
4442
4440
4439
4438
4437
4436
4436
4435
4434
4433
4432
4430
4428
4426
4424
4424
4421
4421
4419
4419
4416
4416
4416
4413
4408
4407
4405
4405
4403
4400
4400
4398
4397
4397
4396
4395
4393
4393
4392
4392
4388
4387
4387
4386
4386
4385
4384
4384
4384
4384
4384
4382
4382
4381
4379
4378
4378
4377
4377
4377
4374
4373
4372
4371
4371
4369
4367
4366
4366
4366
4366
4363
4359
4359
4358
4356
4353
4352
4352
4352
4350
4350
4349
4348
4345
4344
4344
4343
4342
4342
4338
4336
4335
4331
4331
4327
4326
4325
4325
4325
4325
4324
4323
4322
4321
4321
4317
4316
4313
4312
4309
4308
4308
4308
4308
4305
4303
4302
4301
4301
4300
4299
4296
4296
4294
4292
4292
4292
4291
4289
4288
4288
4287
4286
4286
4285
4280
4279
4276
4274
4274
4273
4271
4270
4270
4269
4269
4268
4265
4265
4265
4263
4261
4258
4257
4256
4255
4255
4255
4254
4254
4253
4251
4251
4249
4249
4249
4249
4248
4247
4246
4246
4246
4244
4244
4242
4242
4242
4240
4240
4240
4239
4236
4235
4235
4232
4232
4231
4229
4229
4226
4223
4222
4222
4219
4218
4212
4211
4210
4210
4207
4207
4206
4206
4204
4204
4202
4201
4199
4198
4196
4196
4195
4193
4190
4190
4189
4188
4188
4187
4187
4186
4186
4179
4177
4175
4174
4174
4174
4173
4172
4172
4171
4171
4171
4170
4168
4165
4165
4163
4161
4160
4159
4158
4157
4154
4153
4151
4147
4145
4142
4142
4139
4139
4138
4138
4138
4137
4137
4137
4136
4136
4135
4135
4134
4134
4131
4130
4130
4128
4128
4127
4126
4126
4125
4124
4124
4124
4122
4121
4120
4119
4117
4117
4115
4113
4112
4110
4109
4105
4104
4103
4103
4102
4101
4101
4100
4098
4097
4097
4092
4091
4090
4090
4089
4087
4087
4086
4085
4084
4084
4082
4079
4076
4075
4075
4073
4072
4072
4071
4069
4069
4069
4068
4068
4068
4067
4065
4065
4065
4062
4062
4058
4056
4056
4055
4054
4054
4053
4053
4053
4053
4053
4052
4051
4050
4050
4048
4044
4044
4043
4042
4041
4040
4040
4038
4038
4037
4036
4036
4035
4035
4034
4032
4032
4031
4030
4030
4030
4029
4027
4027
4024
4024
4022
4022
4022
4020
4020
4018
4017
4016
4016
4016
4013
4013
4013
4012
4011
4008
4007
4004
4002
3999
3995
3995
3994
3993
3992
3992
3991
3991
3991
3989
3987
3987
3987
3986
3986
3986
3984
3984
3984
3983
3981
3981
3979
3978
3978
3977
3977
3977
3975
3975
3973
3971
3970
3970
3969
3965
3965
3965
3965
3964
3964
3963
3963
3962
3958
3956
3955
3954
3954
3954
3953
3953
3952
3951
3949
3948
3947
3947
3946
3945
3944
3943
3943
3943
3943
3941
3941
3940
3940
3936
3936
3935
3935
3933
3932
3931
3931
3931
3929
3929
3926
3925
3925
3924
3924
3923
3923
3923
3922
3921
3920
3919
3918
3917
3916
3916
3916
3915
3915
3914
3912
3912
3911
3908
3907
3906
3906
3904
3901
3901
3901
3900
3900
3899
3898
3898
3897
3897
3897
3896
3894
3893
3892
3892
3890
3890
3889
3889
3889
3888
3887
3886
3885
3884
3883
3881
3880
3878
3878
3877
3877
3877
3877
3877
3875
3875
3875
3874
3874
3873
3873
3873
3871
3871
3870
3869
3868
3867
3867
3867
3866
3866
3864
3864
3864
3862
3861
3861
3860
3859
3859
3859
3858
3857
3854
3852
3852
3852
3852
3851
3849
3849
3846
3845
3845
3843
3843
3842
3842
3841
3840
3840
3840
3838
3838
3837
3837
3837
3836
3835
3835
3834
3834
3833
3831
3829
3829
3828
3827
3826
3826
3826
3822
3822
3818
3817
3816
3814
3812
3812
3812
3810
3810
3809
3808
3808
3807
3807
3806
3806
3805
3805
3804
3804
3804
3804
3803
3802
3801
3801
3799
3798
3798
3796
3795
3795
3794
3793
3792
3792
3792
3792
3790
3790
3790
3789
3788
3787
3787
3786
3785
3785
3783
3783
3783
3780
3778
3778
3777
3777
3776
3776
3776
3772
3770
3770
3768
3768
3767
3765
3764
3762
3762
3761
3760
3759
3758
3754
3754
3753
3752
3752
3749
3747
3745
3744
3744
3741
3740
3737
3736
3735
3735
3735
3735
3733
3732
3731
3728
3726
3725
3722
3720
3720
3719
3719
3718
3718
3717
3714
3714
3714
3713
3712
3712
3712
3710
3709
3709
3708
3708
3707
3706
3705
3704
3702
3702
3699
3699
3699
3698
3697
3694
3692
3692
3692
3692
3691
3691
3690
3689
3689
3687
3687
3685
3685
3684
3683
3683
3681
3680
3680
3677
3676
3675
3675
3673
3670
3670
3670
3670
3670
3667
3665
3665
3665
3664
3664
3664
3663
3662
3662
3659
3659
3658
3657
3653
3652
3651
3650
3650
3649
3648
3646
3646
3646
3645
3645
3644
3643
3643
3643
3642
3642
3640
3637
3637
3637
3636
3635
3635
3635
3634
3634
3634
3632
3630
3630
3630
3630
3629
3629
3629
3627
3626
3626
3625
3625
3625
3622
3622
3619
3617
3617
3615
3615
3615
3613
3613
3612
3610
3610
3609
3608
3607
3606
3605
3605
3605
3602
3602
3602
3602
3600
3599
3598
3597
3597
3596
3595
3595
3592
3591
3591
3587
3587
3587
3586
3586
3584
3583
3582
3582
3581
3579
3577
3576
3575
3575
3573
3572
3572
3572
3570
3570
3570
3570
3568
3566
3565
3565
3564
3564
3564
3563
3563
3562
3562
3561
3560
3559
3557
3557
3557
3556
3555
3554
3553
3550
3549
3549
3549
3548
3547
3545
3544
3544
3543
3543
3543
3542
3542
3541
3540
3540
3540
3539
3538
3537
3537
3536
3535
3534
3534
3534
3533
3532
3530
3529
3527
3527
3526
3525
3521
3520
3520
3519
3518
3518
3517
3517
3517
3517
3517
3516
3516
3515
3514
3513
3513
3513
3513
3513
3511
3511
3510
3509
3508
3507
3505
3504
3504
3503
3502
3502
3502
3501
3501
3500
3500
3500
3499
3498
3498
3498
3496
3495
3495
3494
3494
3494
3493
3493
3492
3492
3492
3492
3490
3489
3488
3486
3484
3484
3484
3483
3482
3482
3482
3481
3480
3478
3477
3476
3476
3476
3475
3475
3475
3474
3474
3474
3474
3473
3473
3473
3473
3473
3472
3472
3470
3470
3470
3470
3469
3469
3468
3468
3467
3466
3466
3465
3463
3463
3463
3461
3460
3460
3459
3459
3458
3457
3457
3455
3454
3454
3452
3451
3451
3451
3449
3449
3449
3449
3448
3448
3446
3446
3445
3445
3444
3444
3443
3443
3443
3442
3441
3439
3439
3438
3437
3436
3436
3435
3434
3433
3433
3433
3433
3431
3430
3430
3430
3429
3429
3429
3429
3429
3428
3428
3428
3427
3427
3427
3426
3425
3423
3423
3422
3422
3422
3421
3421
3419
3417
3416
3413
3413
3412
3412
3411
3411
3411
3411
3410
3410
3409
3408
3408
3408
3406
3406
3405
3405
3403
3402
3402
3402
3400
3400
3400
3399
3398
3398
3397
3396
3395
3393
3392
3391
3391
3390
3390
3389
3388
3388
3387
3387
3387
3386
3385
3384
3384
3382
3382
3381
3381
3380
3380
3380
3379
3379
3378
3376
3376
3374
3373
3372
3371
3370
3370
3369
3368
3368
3368
3368
3368
3368
3367
3367
3366
3365
3364
3364
3364
3362
3362
3362
3362
3360
3359
3359
3358
3358
3357
3357
3356
3355
3355
3354
3352
3351
3351
3351
3350
3349
3348
3348
3347
3346
3346
3345
3345
3344
3344
3344
3343
3343
3343
3342
3342
3342
3341
3340
3340
3339
3338
3338
3338
3335
3335
3335
3335
3335
3334
3334
3333
3333
3333
3332
3331
3331
3330
3330
3328
3327
3327
3327
3327
3327
3326
3326
3326
3326
3326
3324
3324
3323
3323
3323
3323
3322
3322
3321
3319
3318
3318
3317
3317
3317
3316
3315
3315
3315
3315
3314
3313
3313
3311
3311
3309
3309
3308
3307
3306
3306
3306
3305
3305
3305
3305
3304
3304
3303
3303
3303
3303
3302
3302
3301
3301
3301
3300
3299
3298
3298
3298
3297
3297
3296
3296
3296
3296
3295
3295
3293
3293
3292
3291
3291
3291
3291
3290
3290
3290
3290
3289
3288
3287
3285
3284
3284
3284
3283
3283
3282
3282
3282
3282
3281
3281
3281
3281
3280
3280
3279
3277
3275
3275
3275
3275
3275
3273
3272
3272
3271
3270
3269
3268
3267
3267
3267
3266
3265
3265
3265
3265
3264
3263
3262
3262
3260
3260
3259
3259
3259
3259
3258
3258
3257
3257
3257
3257
3256
3255
3255
3255
3255
3254
3254
3254
3253
3252
3251
3251
3251
3250
3250
3248
3248
3248
3247
3246
3246
3246
3245
3245
3242
3241
3241
3240
3240
3239
3239
3238
3237
3237
3236
3235
3235
3234
3234
3233
3233
3233
3233
3232
3229
3229
3228
3228
3227
3227
3227
3225
3225
3224
3223
3221
3221
3220
3220
3220
3219
3219
3218
3217
3215
3215
3215
3214
3214
3213
3213
3212
3212
3211
3210
3209
3206
3206
3206
3206
3204
3204
3203
3202
3202
3201
3200
3200
3199
3199
3199
3199
3199
3198
3196
3196
3195
3195
3195
3194
3194
3193
3191
3190
3189
3187
3186
3186
3185
3185
3185
3185
3184
3183
3182
3182
3182
3182
3182
3181
3180
3180
3180
3180
3179
3178
3178
3176
3176
3175
3175
3174
3173
3173
3173
3172
3172
3171
3171
3171
3170
3170
3170
3169
3169
3168
3168
3168
3168
3167
3167
3166
3166
3165
3165
3165
3165
3164
3163
3162
3162
3161
3161
3161
3161
3161
3160
3160
3160
3159
3157
3155
3155
3155
3154
3153
3152
3152
3152
3151
3151
3150
3148
3147
3147
3147
3146
3146
3145
3144
3144
3144
3143
3141
3141
3140
3140
3140
3140
3139
3139
3139
3138
3138
3138
3138
3135
3133
3133
3133
3133
3131
3131
3131
3131
3130
3129
3129
3129
3129
3129
3127
3127
3126
3125
3125
3125
3124
3124
3123
3123
3122
3122
3121
3121
3120
3120
3120
3119
3118
3117
3117
3116
3115
3115
3115
3114
3114
3114
3114
3113
3113
3113
3111
3110
3109
3107
3107
3107
3115
3106
3106
3106
3105
3104
3104
3104
3104
3103
3103
3102
3102
3101
3101
3101
3100
3100
3098
3098
3098
3098
3095
3095
3095
3093
3091
3090
3090
3090
3089
3089
3088
3087
3087
3087
3085
3085
3084
3084
3082
3081
3080
3079
3079
3078
3078
3076
3076
3075
3075
3074
3073
3073
3072
3072
3072
3071
3070
3070
3070
3070
3070
3070
3069
3069
3068
3068
3068
3068
3067
3067
3067
3066
3066
3065
3065
3065
3063
3061
3061
3061
3060
3060
3060
3060
3060
3060
3059
3059
3058
3057
3057
3057
3056
3055
3053
3053
3052
3052
3051
3051
3050
3050
3049
3049
3049
3048
3048
3048
3048
3046
3046
3046
3046
3045
3044
3044
3043
3043
3043
3042
3042
3042
3041
3039
3039
3039
3039
3038
3037
3037
3036
3035
3035
3035
3033
3033
3032
3032
3031
3031
3031
3031
3030
3030
3030
3029
3029
3028
3027
3026
3025
3024
3024
3023
3022
3022
3021
3021
3020
3020
3019
3019
3018
3018
3018
3016
3016
3015
3015
3015
3014
3014
3014
3013
3011
3011
3011
3009
3009
3008
3008
3008
3008
3007
3006
3006
3006
3006
3006
3005
3005
3005
3004
3004
3003
3003
3002
3002
3002
3001
3001
3001
3001
3001
3000
