631863
528378
484512
463855
461734
452414
347753
294779
274512
255427
253833
252977
244611
243989
235353
210991
208122
207956
203437
201279
199666
199526
194796
191899
188514
176477
175842
174814
173800
168096
165701
158987
156850
153672
151963
148156
147549
146637
135938
134578
134268
127512
122030
121878
121223
120414
117894
117127
115588
112753
111848
109343
108788
106675
105171
103422
98139
97223
96459
95631
95344
94484
94105
92683
88696
87881
87799
86143
86030
85966
85733
85495
85474
85469
85359
85175
85007
84806
84525
84293
84248
84141
83573
83165
82771
82228
80721
80323
79486
78982
78794
78772
78525
78523
77303
77117
76359
76208
76034
75745
75506
75185
74560
74387
74285
74186
74173
74154
73701
73623
73507
73370
72546
71578
70875
70562
67773
67431
66171
66137
65659
65422
65346
64954
64673
64558
64206
64003
63672
63320
62916
62619
61771
61225
60966
60003
59819
59471
59319
59270
59256
59250
58985
58793
58525
58352
58291
57964
57918
57912
57864
57806
57115
57103
57050
57035
56872
56772
56571
56416
56295
56288
55797
55752
55646
54732
54453
54239
54053
53683
53361
53256
52819
52780
52675
52570
52207
52196
52095
51754
51669
51643
51574
51548
51208
51020
50998
50943
50539
50346
50081
49682
49652
49598
49378
49294
49163
48990
48771
48762
48662
48658
48594
48419
48286
48247
48035
47981
47917
47683
47311
47208
47173
47142
47091
47053
46756
46670
46337
46194
46071
45898
45576
45204
45181
45130
45084
44898
44871
44832
44544
44210
43957
43839
43761
43639
43626
43259
43193
43176
42997
42925
42882
42789
42567
42565
42519
42478
42461
42424
42397
42394
42318
42101
42008
41580
41519
41447
41006
40966
40668
40616
40578
40377
40343
40278
40232
40105
39810
39790
39790
39722
39720
39690
39562
39525
39043
39024
38936
38925
38904
38893
38803
38684
38617
38467
38364
38277
38252
38215
38018
37758
37677
37645
37597
37450
37408
37327
37069
37030
37010
36971
36872
36737
36586
36561
36555
36499
36385
36357
36353
36239
36237
36206
36194
36090
36072
35987
35976
35881
35731
35693
35693
35652
35636
35488
35438
35421
35383
35357
35336
35324
35297
35243
35216
35073
35051
34993
34963
34894
34820
34731
34652
34626
34618
34556
34554
34504
34442
34325
34293
34168
34165
34133
34133
34112
33892
33847
33832
33611
33482
33431
33414
33371
33369
33175
33169
33019
33003
32989
32971
32937
32877
32586
32558
32544
32538
32267
32262
32127
32098
32088
32082
31995
31983
31897
31850
31829
31829
31809
31806
31734
31710
31679
31635
31616
31613
31601
31560
31548
31446
31424
31391
31357
31309
31270
31232
31104
31055
31030
31018
30943
30905
30892
30890
30830
30829
30810
30710
30644
30635
30443
30396
30373
30362
30182
30159
30001
29825
29824
29642
29631
29612
29605
29588
29571
29548
29463
29412
29404
29348
29337
29308
29246
29219
29181
29174
29143
29112
28988
28861
28825
28791
28717
28668
28649
28639
28583
28519
28505
28485
28482
28468
28443
28195
28161
28120
28092
28040
27873
27793
27642
27608
27539
27521
27512
27498
27491
27455
27419
27384
27350
27317
27259
27255
27205
27135
27132
26884
26838
26808
26728
26666
26666
26634
26554
26506
26475
26457
26454
26435
26435
26401
26354
26329
26309
26277
26234
26204
26174
26131
26070
26057
25953
25908
25863
25862
25822
25774
25770
25761
25757
25737
25731
25728
25719
25664
25640
25633
25603
25580
25542
25525
25477
25458
25412
25341
25335
25305
25288
25244
25242
25205
25204
25202
25141
25108
25091
25084
25054
25043
24997
24899
24843
24830
24811
24791
24751
24738
24677
24646
24644
24580
24577
24552
24546
24507
24485
24472
24458
24438
24398
24357
24293
24283
24277
24233
24210
24208
24193
24190
24180
24135
24085
24082
24077
24075
24028
23994
23987
23986
23901
23874
23848
23835
23804
23794
23786
23758
23721
23717
23716
23694
23611
23583
23544
23539
23537
23494
23482
23478
23445
23440
23440
23408
23404
23384
23207
23193
23175
23169
23137
23126
23102
23096
23027
22932
22876
22867
22798
22785
22768
22756
22696
22662
22621
22605
22590
22542
22536
22521
22481
22480
22456
22442
22441
22433
22415
22401
22393
22352
22352
22333
22309
22284
22272
22200
22194
22170
22116
22092
22087
22081
22068
22068
22065
22015
22001
21993
21992
21932
21898
21855
21849
21811
21803
21786
21779
21776
21718
21716
21640
21572
21525
21509
21464
21423
21374
21373
21365
21353
21333
21300
21284
21283
21276
21269
21235
21189
21113
21112
21093
21090
21085
21082
21043
21025
20976
20941
20937
20937
20937
20914
20859
20850
20842
20841
20835
20808
20801
20762
20759
20753
20746
20736
20736
20730
20679
20666
20662
20662
20641
20639
20637
20635
20586
20581
20578
20577
20558
20514
20498
20481
20480
20470
20343
20340
20337
20330
20317
20303
20289
20286
20257
20246
20239
20203
20195
20179
20171
20170
20127
20092
20085
20068
20055
20010
19990
19981
19970
19961
19916
19874
19873
19856
19838
19823
19784
19760
19745
19701
19651
19630
19612
19604
19599
19586
19538
19537
19532
19532
19517
19516
19514
19486
19484
19471
19468
19467
19465
19442
19432
19388
19376
19365
19342
19342
19335
19329
19327
19293
19288
19287
19253
19252
19217
19217
19216
19179
19175
19172
19167
19124
19116
19113
19067
19062
19061
19054
19050
19021
18997
18934
18928
18914
18876
18863
18863
18840
18834
18745
18742
18703
18703
18702
18696
18690
18676
18672
18670
18662
18615
18601
18598
18574
18550
18549
18549
18540
18533
18511
18508
18460
18451
18444
18417
18404
18392
18372
18318
18318
18284
18271
18267
18253
18249
18227
18216
18199
18181
18180
18179
18174
18173
18165
18116
18116
18091
18089
18050
18000
17991
17989
17978
17971
17966
17950
17915
17870
17865
17848
17834
17812
17799
17793
17753
17751
17737
17726
17722
17702
17702
17695
17675
17651
17621
17610
17593
17589
17586
17570
17556
17536
17532
17530
17512
17498
17490
17472
17468
17459
17454
17429
17405
17404
17398
17388
17345
17342
17340
17294
17290
17285
17269
17256
17215
17212
17194
17168
17148
17116
17098
17096
17096
17046
17031
17017
17017
17003
16984
16972
16942
16919
16906
16903
16888
16887
16882
16859
16832
16822
16795
16795
16765
16680
16679
16659
16656
16653
16648
16642
16622
16593
16592
16590
16570
16560
16525
16474
16462
16454
16396
16363
16349
16343
16342
16332
16313
16312
16306
16305
16289
16287
16272
16266
16256
16248
16248
16248
16218
16217
16212
16198
16191
16181
16173
16172
16166
16162
16161
16144
16141
16140
16118
16098
16055
16010
16009
16000
15997
15996
15992
15972
15967
15957
15945
15945
15938
15920
15883
15878
15875
15873
15861
15853
15851
15816
15814
15807
15793
15768
15741
15735
15731
15730
15715
15705
15700
15669
15661
15639
15635
15629
15622
15601
15599
15594
15591
15571
15571
15556
15544
15524
15515
15480
15471
15463
15426
15424
15420
15401
15396
15393
15391
15389
15375
15368
15360
15354
15353
15351
15337
15317
15316
15307
15288
15271
15256
15247
15247
15245
15221
15218
15209
15191
15190
15159
15149
15133
15123
15103
15102
15097
15093
15087
15076
15062
15058
15044
15030
15022
15016
14997
14987
14980
14966
14961
14959
14953
14931
14930
14908
14898
14893
14879
14862
14861
14844
14826
14824
14819
14811
14809
14808
14804
14802
14797
14784
14778
14748
14718
14706
14701
14689
14683
14650
14643
14639
14631
14629
14627
14604
14583
14582
14576
14562
14556
14547
14533
14524
14522
14522
14501
14501
14499
14499
14476
14471
14460
14455
14455
14428
14424
14416
14412
14406
14389
14387
14376
14375
14351
14350
14331
14329
14329
14327
14327
14322
14321
14313
14311
14304
14285
14284
14284
14283
14279
14275
14270
14262
14259
14259
14252
14248
14238
14238
14234
14226
14217
14215
14214
14199
14191
14174
14168
14154
14153
14151
14150
14149
14146
14142
14135
14135
14132
14126
14116
14105
14104
14103
14092
14092
14075
14071
14066
14057
14050
14045
14034
14024
14011
14008
14007
14004
13994
13992
13989
13971
13964
13962
13955
13950
13922
13910
13901
13882
13877
13857
13852
13846
13835
13819
13790
13788
13785
13777
13769
13761
13758
13752
13734
13730
13711
13709
13703
13703
13699
13698
13684
13656
13655
13654
13639
13634
13619
13615
13613
13612
13610
13601
13597
13585
13582
13565
13550
13543
13539
13538
13522
13521
13516
13500
13499
13484
13479
13473
13469
13467
13427
13425
13421
13412
13412
13409
13408
13405
13402
13397
13392
13391
13386
13377
13367
13366
13364
13349
13340
13314
13313
13309
13308
13307
13302
13274
13251
13248
13224
13223
13219
13214
13191
13191
13187
13178
13175
13171
13163
13156
13139
13137
13136
13128
13127
13126
13126
13120
13114
13105
13103
13097
13097
13095
13093
13074
13067
13059
13035
13032
13006
12977
12970
12951
12941
12940
12935
12934
12933
12913
12905
12892
12890
12883
12880
12877
12877
12875
12867
12861
12857
12857
12856
12838
12838
12837
12836
12836
12832
12831
12818
12798
12784
12772
12770
12768
12765
12764
12738
12735
12717
12713
12706
12705
12703
12695
12681
12678
12675
12664
12655
12653
12646
12638
12633
12618
12615
12607
12580
12575
12574
12565
12562
12557
12556
12555
12549
12545
12544
12544
12542
12534
12526
12520
12516
12513
12510
12498
12486
12476
12475
12473
12472
12466
12410
12409
12407
12391
12385
12368
12364
12360
12350
12348
12343
12338
12334
12333
12327
12317
12304
12293
12291
12290
12287
12279
12273
12272
12269
12268
12258
12251
12249
12233
12231
12229
12227
12211
12211
12211
12209
12208
12202
12191
12172
12165
12161
12157
12152
12150
12147
12135
12123
12118
12109
12109
12107
12107
12107
12098
12089
12085
12080
12078
12059
12056
12055
12055
12053
12050
12049
12043
12042
12038
12036
12028
12021
12019
12015
12006
11992
11986
11984
11980
11977
11974
11973
11967
11967
11957
11943
11943
11923
11922
11920
11911
11905
11904
11901
11901
11899
11899
11894
11892
11891
11891
11872
11871
11869
11853
11852
11849
11842
11842
11842
11836
11824
11822
11819
11818
11811
11811
11806
11797
11795
11792
11770
11769
11761
11744
11740
11739
11735
11733
11729
11719
11710
11706
11702
11700
11693
11685
11684
11682
11681
11674
11673
11671
11663
11659
11655
11653
11653
11649
11649
11645
11644
11644
11640
11640
11631
11631
11627
11624
11617
11616
11608
11606
11591
11581
11572
11561
11550
11546
11544
11534
11527
11525
11511
11510
11507
11505
11501
11495
11495
11490
11483
11483
11481
11479
11469
11460
11458
11457
11455
11452
11441
11435
11432
11411
11408
11398
11393
11391
11381
11381
11377
11370
11361
11361
11359
11357
11356
11353
11352
11341
11332
11302
11299
11285
11283
11279
11271
11265
11262
11262
11255
11240
11237
11227
11216
11201
11200
11181
11171
11159
11152
11145
11138
11136
11114
11109
11101
11097
11078
11076
11042
11040
11037
11036
11035
11033
11030
11029
11018
11018
11006
11006
10995
10986
10975
10962
10961
10946
10944
10943
10932
10930
10927
10923
10920
10920
10919
10919
10912
10907
10900
10894
10890
10887
10881
10872
10865
10857
10852
10841
10833
10827
10824
10821
10820
10819
10812
10793
10791
10787
10785
10780
10778
10777
10768
10763
10762
10757
10756
10743
10732
10727
10723
10722
10714
10710
10707
10704
10703
10696
10690
10688
10685
10681
10673
10673
10669
10653
10652
10645
10635
10632
10629
10612
10601
10599
10597
10595
10595
10579
10578
10577
10569
10567
10566
10562
10561
10556
10551
10551
10546
10541
10535
10523
10515
10513
10502
10497
10492
10487
10486
10484
10481
10476
10461
10459
10456
10451
10449
10440
10424
10413
10408
10407
10394
10394
10377
10371
10371
10371
10370
10367
10361
10359
10350
10348
10333
10332
10332
10332
10329
10327
10320
10318
10313
10308
10307
10305
10303
10297
10294
10291
10285
10281
10281
10275
10273
10271
10270
10270
10269
10266
10266
10258
10246
10240
10238
10236
10231
10224
10224
10223
10222
10219
10218
10218
10217
10203
10202
10201
10199
10196
10194
10192
10185
10180
10178
10174
10172
10169
10160
10155
10145
10145
10144
10128
10121
10120
10116
10115
10106
10105
10101
10088
10086
10086
10085
10082
10072
10070
10066
10060
10059
10057
10055
10052
10051
10051
10051
10046
10039
10038
10038
10034
10028
10016
10013
10010
10005
9988
9987
9985
9977
9972
9962
9961
9956
9955
9954
9953
9952
9948
9943
9943
9937
9934
9931
9930
9929
9928
9928
9927
9927
9923
9923
9914
9911
9909
9909
9895
9892
9888
9884
9884
9884
9879
9872
9869
9869
9864
9858
9855
9854
9853
9852
9837
9837
9835
9832
9830
9808
9803
9801
9800
9798
9798
9787
9781
9781
9780
9775
9770
9769
9759
9746
9742
9740
9736
9735
9732
9732
9721
9721
9719
9718
9716
9711
9709
9707
9705
9702
9700
9689
9685
9680
9673
9670
9668
9662
9658
9652
9651
9648
9648
9640
9634
9633
9628
9626
9621
9619
9615
9612
9606
9603
9601
9596
9595
9591
9590
9588
9583
9577
9570
9562
9561
9558
9555
9550
9548
9533
9526
9525
9522
9522
9517
9517
9515
9500
9499
9496
9496
9495
9494
9493
9493
9489
9488
9487
9485
9478
9466
9462
9462
9457
9457
9453
9448
9441
9439
9425
9425
9423
9421
9420
9420
9419
9418
9417
9410
9408
9404
9402
9400
9400
9396
9388
9381
9381
9378
9378
9372
9372
9370
9367
9365
9363
9362
9360
9351
9345
9340
9338
9338
9327
9325
9325
9316
9315
9312
9311
9308
9307
9301
9298
9297
9297
9295
9290
9279
9278
9276
9272
9272
9272
9270
9270
9261
9256
9256
9256
9253
9251
9249
9248
9248
9244
9238
9230
9227
9221
9221
9212
9212
9208
9206
9205
9205
9203
9203
9201
9198
9194
9194
9191
9190
9188
9187
9187
9179
9179
9177
9171
9166
9159
9158
9155
9153
9152
9152
9150
9145
9144
9141
9140
9132
9131
9128
9127
9118
9115
9115
9107
9104
9099
9099
9093
9089
9083
9082
9081
9074
9074
9071
9070
9069
9065
9061
9059
9054
9044
9036
9034
9022
9021
9015
9013
9013
9012
9010
9006
9005
8994
8986
8985
8981
8979
8978
8972
8970
8967
8963
8963
8961
8961
8960
8949
8946
8942
8938
8937
8932
8928
8924
8920
8920
8913
8911
8910
8950
8904
8900
8898
8898
8898
8894
8884
8882
8880
8876
8875
8872
8871
8866
8866
8856
8856
8855
8852
8852
8849
8846
8845
8843
8840
8838
8833
8828
8826
8824
8817
8815
8809
8807
8806
8801
8795
8791
8788
8776
8775
8771
8766
8760
8759
8758
8756
8754
8750
8745
8744
8739
8736
8733
8731
8730
8729
8729
8718
8717
8710
8706
8705
8705
8705
8704
8698
8697
8689
8687
8687
8685
8683
8681
8680
8680
8679
8676
8670
8670
8669
8668
8666
8666
8659
8656
8652
8647
8643
8635
8632
8630
8625
8623
8622
8619
8619
8617
8611
8610
8608
8608
8605
8604
8604
8603
8603
8599
8597
8595
8594
8588
8581
8579
8578
8576
8569
8565
8564
8563
8558
8556
8556
8551
8549
8549
8547
8546
8544
8544
8540
8538
8537
8535
8533
8532
8531
8531
8531
8525
8525
8525
8523
8520
8518
8518
8516
8505
8504
8498
8484
8483
8483
8480
8479
8479
8478
8473
8464
8461
8460
8457
8454
8450
8443
8434
8434
8432
8432
8423
8421
8421
8419
8419
8419
8416
8416
8415
8412
8411
8407
8404
8403
8403
8401
8401
8397
8395
8395
8394
8389
8388
8384
8382
8377
8377
8368
8368
8362
8362
8362
8359
8357
8353
8343
8341
8339
8338
8339
8336
8334
8330
8330
8329
8329
8327
8326
8320
8320
8319
8319
8318
8312
8307
8305
8304
8303
8302
8297
8292
8288
8286
8281
8272
8270
8269
8264
8264
8263
8261
8259
8256
8254
8254
8238
8237
8235
8234
8233
8232
8232
8230
8228
8226
8222
8220
8218
8218
8218
8216
8214
8212
8208
8203
8202
8199
8195
8193
8190
8189
8186
8183
8179
8178
8177
8162
8160
8155
8154
8152
8150
8148
8147
8145
8144
8144
8144
8141
8132
8130
8127
8126
8126
8124
8123
8118
8117
8114
8111
8103
8103
8102
8101
8096
8094
8093
8092
8086
8084
8084
8080
8077
8075
8070
8070
8069
8066
8061
8060
8060
8058
8069
8053
8046
8046
8043
8042
8041
8041
8035
8032
8031
8030
8030
8029
8025
8024
8021
8020
8020
8016
8010
8009
8006
8005
8004
8000
7997
7996
7992
7991
7987
7982
7978
7977
7977
7975
7974
7973
7971
7970
7969
7966
7966
7965
7964
7963
7963
7961
7960
7958
7958
7950
7948
7945
7943
7943
7941
7938
7936
7936
7928
7922
7911
7907
7905
7903
7902
7897
7894
7887
7883
7881
7878
7877
7876
7874
7873
7867
7865
7857
7853
7851
7851
7845
7839
7837
7835
7833
7825
7824
7822
7821
7820
7815
7812
7807
7807
7805
7803
7799
7799
7796
7796
7795
7794
7791
7791
7788
7783
7783
7783
7782
7782
7780
7779
7777
7766
7765
7758
7757
7756
7756
7756
7755
7755
7754
7752
7750
7750
7746
7742
7741
7739
7737
7735
7735
7734
7734
7733
7730
7726
7725
7723
7721
7713
7708
7707
7707
7706
7703
7702
7702
7702
7700
7698
7697
7697
7696
7693
7684
7682
7678
7676
7673
7665
7663
7662
7660
7660
7660
7653
7651
7650
7641
7640
7640
7639
7628
7625
7623
7620
7618
7615
7613
7613
7613
7613
7613
7610
7605
7605
7600
7599
7599
7594
7594
7590
7590
7589
7585
7585
7584
7579
7576
7573
7568
7567
7567
7566
7562
7562
7561
7559
7553
7542
7540
7540
7539
7537
7536
7535
7535
7534
7533
7529
7521
7517
7509
7509
7505
7504
7504
7501
7501
7485
7484
7484
7483
7481
7478
7477
7476
7474
7464
7463
7460
7459
7449
7446
7442
7442
7436
7432
7432
7425
7421
7420
7420
7420
7411
7410
7409
7409
7409
7407
7406
7404
7404
7402
7400
7399
7397
7388
7387
7379
7372
7372
7367
7365
7362
7360
7359
7358
7356
7354
7353
7352
7351
7348
7348
7345
7343
7342
7342
7342
7341
7338
7336
7333
7333
7326
7314
7313
7307
7305
7303
7303
7299
7298
7297
7297
7296
7295
7293
7293
7285
7284
7280
7279
7279
7276
7275
7274
7271
7269
7268
7268
7265
7265
7265
7261
7260
7258
7256
7250
7243
7242
7240
7239
7233
7233
7231
7227
7222
7220
7217
7214
7210
7207
7205
7204
7199
7199
7194
7192
7192
7191
7190
7189
7187
7185
7180
7176
7174
7174
7173
7172
7171
7167
7166
7165
7162
7158
7157
7155
7155
7150
7149
7144
7144
7142
7141
7140
7138
7137
7136
7129
7124
7124
7123
7122
7122
7120
7120
7118
7117
7117
7116
7115
7115
7113
7112
7110
7108
7106
7105
7104
7104
7102
7099
7097
7097
7096
7095
7090
7090
7089
7087
7086
7086
7084
7083
7081
7080
7079
7078
7078
7077
7076
7074
7073
7072
7072
7071
7070
7068
7066
7065
7065
7062
7062
7062
7061
7059
7059
7056
7056
7053
7053
7048
7047
7044
7042
7040
7031
7030
7030
7030
7029
7028
7028
7027
7025
7024
7020
7018
7018
7016
7014
7013
7011
7011
7010
7010
7008
7007
7007
7006
7004
7002
7002
6999
6999
6997
6995
6995
6995
6991
6991
6986
6983
6981
6977
6976
6973
6973
6973
6967
6965
6964
6964
6959
6956
6956
6955
6952
6949
6948
6947
6946
6943
6942
6941
6937
6933
6931
6929
6925
6922
6921
6919
6916
6916
6915
6913
6912
6910
6910
6906
6906
6904
6900
6899
6894
6893
6892
6887
6883
6883
6879
6878
6878
6873
6872
6871
6870
6869
6869
6869
6868
6862
6861
6859
6856
6855
6853
6849
6843
6840
6839
6838
6837
6836
6836
6833
6829
6829
6828
6828
6825
6825
6824
6824
6823
6823
6822
6821
6820
6818
6818
6816
6809
6802
6801
6800
6799
6798
6798
6798
6795
6794
6793
6792
6782
6782
6781
6780
6779
6776
6776
6775
6774
6772
6770
6770
6768
6768
6767
6765
6763
6760
6759
6759
6757
6756
6755
6754
6753
6750
6746
6739
6739
6737
6736
6732
6732
6729
6725
6724
6724
6722
6718
6717
6717
6714
6712
6709
6706
6705
6704
6703
6702
6700
6699
6696
6693
6692
6691
6691
6690
6684
6682
6676
6676
6675
6675
6674
6670
6669
6668
6666
6664
6662
6661
6659
6658
6657
6656
6656
6655
6653
6652
6651
6648
6646
6646
6645
6645
6642
6642
6641
6638
6636
6634
6633
6632
6626
6622
6622
6613
6612
6611
6610
6606
6602
6597
6592
6591
6591
6589
6589
6586
6586
6586
6585
6585
6585
6583
6579
6579
6579
6578
6578
6577
6576
6575
6570
6570
6570
6569
6569
6567
6565
6561
6561
6560
6558
6558
6557
6554
6552
6552
6551
6550
6549
6548
6548
6543
6541
6541
6541
6539
6539
6535
6534
6534
6534
6530
6526
6521
6519
6518
6517
6516
6516
6515
6515
6512
6509
6506
6506
6506
6504
6499
6498
6493
6492
6491
6491
6491
6490
6488
6485
6484
6483
6480
6479
6479
6477
6476
6475
6475
6474
6473
6471
6471
6471
6469
6469
6469
6469
6469
6468
6468
6468
6465
6461
6461
6459
6457
6455
6454
6453
6450
6450
6447
6447
6446
6443
6443
6438
6434
6430
6429
6429
6428
6427
6426
6425
6425
6424
6422
6418
6417
6416
6415
6414
6414
6413
6410
6409
6407
6405
6404
6401
6400
6399
6397
6397
6396
6396
6390
6385
6384
6380
6379
6378
6378
6374
6374
6373
6366
6363
6361
6360
6357
6354
6353
6353
6348
6348
6347
6347
6345
6345
6344
6340
6336
6336
6334
6332
6332
6331
6329
6329
6327
6326
6326
6323
6322
6319
6319
6316
6316
6314
6314
6313
6307
6305
6302
6302
6294
6291
6290
6288
6288
6287
6285
6283
6282
6280
6279
6279
6279
6278
6275
6274
6274
6273
6272
6268
6268
6267
6266
6265
6265
6264
6263
6263
6261
6255
6254
6251
6250
6250
6249
6248
6245
6245
6243
6241
6241
6240
6237
6236
6234
6234
6234
6233
6231
6230
6227
6226
6225
6225
6224
6222
6219
6217
6216
6216
6214
6214
6213
6212
6208
6207
6205
6204
6203
6202
6201
6200
6199
6199
6197
6195
6195
6193
6187
6185
6185
6183
6181
6181
6181
6180
6179
6175
6175
6173
6173
6171
6171
6166
6166
6166
6163
6163
6161
6159
6158
6158
6157
6156
6154
6153
6149
6148
6148
6145
6144
6144
6143
6142
6140
6140
6138
6137
6136
6135
6134
6134
6133
6130
6128
6123
6123
6120
6117
6116
6114
6114
6113
6111
6109
6109
6108
6108
6105
6104
6103
6103
6103
6103
6102
6102
6101
6101
6101
6101
6099
6099
6097
6097
6096
6096
6095
6094
6093
6093
6091
6090
6090
6089
6088
6088
6087
6087
6086
6085
6085
6084
6084
6081
6081
6080
6080
6080
6078
6075
6075
6073
6068
6067
6067
6067
6065
6065
6062
6062
6061
6060
6060
6058
6057
6054
6052
6052
6051
6051
6051
6048
6043
6043
6043
6040
6039
6038
6037
6037
6037
6035
6034
6032
6029
6028
6026
6026
6025
6025
6025
6025
6020
6020
6019
6018
6017
6016
6016
6011
6010
6008
6001
6000
5999
5997
5997
5994
5994
5992
5992
5989
5987
5982
5982
5982
5981
5980
5979
5978
5978
5978
5977
5976
5976
5973
5972
5971
5970
5969
5969
5968
5965
5963
5962
5962
5960
5960
5960
5959
5958
5958
5958
5957
5954
5953
5953
5952
5952
5950
5949
5947
5946
5946
5946
5943
5942
5940
5940
5940
5932
5932
5930
5930
5929
5928
5925
5924
5923
5919
5917
5915
5909
5907
5907
5906
5902
5901
5900
5900
5898
5898
5897
5893
5893
5891
5891
5890
5889
5887
5886
5885
5883
5882
5881
5880
5880
5879
5878
5877
5876
5875
5875
5871
5871
5871
5869
5866
5866
5864
5863
5859
5859
5858
5857
5856
5853
5851
5845
5842
5839
5838
5837
5837
5836
5835
5835
5834
5831
5829
5828
5827
5826
5826
5824
5823
5823
5819
5819
5819
5818
5816
5812
5811
5811
5809
5808
5807
5806
5805
5803
5800
5799
5799
5798
5794
5793
5793
5805
5786
5785
5785
5785
5784
5783
5782
5781
5781
5779
5778
5777
5776
5772
5772
5769
5768
5768
5767
5766
5766
5764
5763
5762
5760
5758
5755
5754
5754
5754
5753
5752
5751
5749
5748
5745
5745
5745
5740
5740
5739
5738
5738
5737
5735
5735
5734
5732
5727
5724
5724
5723
5722
5722
5721
5718
5718
5717
5716
5715
5714
5712
5711
5707
5704
5703
5703
5703
5702
5702
5701
5701
5701
5700
5696
5695
5694
5693
5693
5693
5693
5692
5691
5690
5689
5688
5687
5687
5684
5684
5684
5683
5682
5681
5679
5678
5678
5676
5675
5674
5672
5671
5670
5669
5669
5663
5663
5663
5662
5661
5659
5656
5655
5653
5652
5650
5650
5648
5646
5643
5643
5640
5639
5639
5639
5638
5637
5637
5636
5636
5632
5632
5631
5630
5629
5628
5628
5627
5627
5627
5627
5626
5626
5626
5624
5623
5621
5620
5619
5619
5619
5617
5616
5615
5614
5613
5612
5609
5609
5609
5607
5606
5605
5604
5602
5600
5599
5596
5595
5595
5594
5592
5591
5590
5590
5589
5588
5588
5586
5584
5583
5582
5582
5580
5579
5577
5576
5576
5574
5574
5572
5572
5572
5571
5569
5566
5566
5566
5565
5565
5562
5562
5562
5562
5561
5561
5560
5557
5555
5555
5554
5553
5549
5544
5541
5541
5539
5539
5538
5538
5536
5536
5535
5534
5533
5533
5532
5531
5531
5530
5528
5527
5526
5526
5525
5522
5522
5520
5517
5516
5514
5514
5514
5514
5513
5512
5511
5510
5509
5507
5506
5501
5501
5498
5497
5497
5496
5493
5492
5491
5491
5490
5489
5486
5486
5486
5485
5485
5485
5484
5483
5482
5482
5479
5477
5476
5474
5474
5474
5473
5472
5470
5470
5469
5469
5467
5465
5465
5463
5463
5461
5460
5458
5457
5457
5456
5455
5454
5454
5453
5452
5451
5451
5448
5447
5447
5513
5445
5445
5443
5440
5440
5439
5439
5438
5436
5435
5434
5433
5432
5430
5429
5428
5428
5428
5427
5426
5426
5425
5425
5425
5424
5422
5422
5421
5421
5421
5421
5420
5420
5419
5418
5416
5415
5411
5411
5410
5409
5408
5407
5405
5405
5405
5404
5401
5401
5400
5398
5396
5395
5394
5391
5390
5390
5386
5386
5385
5384
5383
5382
5382
5381
5380
5379
5377
5377
5377
5376
5374
5374
5373
5371
5370
5370
5369
5369
5368
5368
5367
5366
5365
5365
5364
5364
5362
5360
5360
5358
5355
5355
5355
5354
5352
5351
5350
5350
5349
5349
5348
5348
5347
5346
5345
5345
5344
5344
5341
5339
5338
5336
5336
5336
5335
5335
5333
5333
5331
5329
5328
5328
5327
5326
5326
5325
5324
5324
5323
5323
5323
5322
5322
5320
5316
5316
5316
5316
5316
5316
5315
5313
5313
5312
5311
5309
5307
5307
5305
5302
5300
5300
5299
5299
5297
5297
5297
5295
5294
5293
5293
5290
5288
5286
5286
5286
5286
5281
5280
5279
5279
5277
5274
5272
5271
5269
5267
5267
5266
5261
5258
5258
5258
5257
5256
5256
5255
5253
5252
5251
5251
5249
5247
5246
5245
5244
5242
5240
5240
5240
5238
5237
5236
5235
5235
5234
5234
5234
5234
5234
5233
5232
5232
5231
5230
5229
5228
5226
5226
5226
5225
5225
5224
5224
5224
5223
5222
5220
5220
5216
5214
5209
5209
5209
5208
5203
5202
5201
5200
5200
5199
5198
5198
5197
5196
5196
5195
5195
5194
5189
5189
5186
5184
5183
5183
5179
5178
5177
5174
5172
5168
5163
5161
5159
5158
5158
5156
5154
5153
5152
5150
5149
5149
5148
5147
5146
5146
5146
5142
5141
5141
5140
5138
5137
5136
5135
5135
5134
5133
5133
5132
5131
5130
5128
5126
5125
5125
5124
5124
5122
5122
5121
5118
5118
5118
5116
5116
5116
5114
5111
5110
5109
5109
5109
5108
5106
5106
5106
5104
5104
5104
5104
5103
5102
5102
5100
5100
5099
5098
5098
5096
5094
5094
5093
5093
5093
5092
5091
5091
5091
5090
5089
5088
5087
5086
5085
5085
5085
5084
5084
5083
5083
5081
5080
5078
5077
5077
5076
5075
5075
5074
5073
5070
5069
5058
5058
5057
5055
5055
5054
5054
5054
5053
5052
5052
5052
5050
5050
5049
5049
5047
5046
5045
5044
5043
5041
5040
5038
5035
5034
5033
5032
5031
5030
5029
5029
5027
5027
5026
5026
5025
5024
5024
5023
5021
5021
5021
5019
5016
5016
5013
5013
5013
5012
5011
5010
5009
5009
5008
5007
5007
5006
5005
5005
5004
5004
5002
5002
5001
5000
4999
4999
4998
4998
4997
4996
4996
4996
4994
4993
4992
4991
4991
4990
4988
4986
4986
4986
4985
4985
4984
4984
4983
4983
4982
4978
4978
4976
4975
4975
4973
4973
4971
4971
4971
4970
4967
4966
4965
4965
4963
4963
4962
4962
4962
4962
4961
4961
4961
4959
4958
4958
4956
4956
4950
4950
4948
4948
4947
4945
4944
4943
4943
4942
4941
4940
4939
4938
4937
4937
4935
4935
4935
4935
4933
4932
4932
4930
4929
4927
4924
4923
4921
4919
4916
4916
4914
4913
4913
4910
4909
4908
4906
4904
4902
4900
4900
4899
4899
4899
4899
4898
4896
4896
4895
4895
4895
4894
4894
4891
4891
4889
4889
4888
4888
4887
4883
4883
4881
4881
4881
4880
4880
4880
4879
4878
4877
4876
4876
4875
4874
4871
4871
4870
4868
4866
4866
4866
4866
4865
4864
4862
4861
4860
4860
4869
4857
4857
4857
4855
4853
4852
4852
4851
4851
4849
4846
4846
4846
4846
4845
4840
4840
4839
4838
4837
4837
4835
4835
4834
4834
4834
4834
4834
4832
4831
4830
4830
4830
4829
4829
4828
4828
4828
4827
4827
4827
4824
4824
4824
4822
4821
4821
4818
4818
4817
4817
4816
4815
4813
4812
4812
4812
4811
4808
4805
4805
4804
4804
4801
4799
4797
4797
4797
4796
4796
4796
4795
4794
4793
4792
4792
4792
4791
4791
4790
4787
4786
4786
4784
4782
4781
4780
4780
4778
4778
4777
4776
4775
4775
4775
4774
4773
4773
4773
4771
4771
4771
4771
4769
4769
4769
4767
4767
4765
4765
4765
4763
4761
4759
4759
4759
4758
4757
4757
4757
4757
4756
4756
4756
4755
4755
4754
4753
4752
4750
4747
4746
4744
4744
4744
4743
4742
4741
4741
4740
4737
4734
4733
4733
4732
4731
4729
4728
4727
4725
4724
4723
4723
4722
4721
4721
4720
4719
4714
4714
4714
4714
4712
4711
4709
4708
4708
4707
4706
4705
4704
4704
4703
4702
4701
4700
4700
4699
4698
4696
4696
4695
4694
4694
4693
4690
4689
4689
4689
4687
4684
4683
4681
4680
4679
4675
4674
4674
4673
4672
4672
4671
4670
4669
4668
4668
4666
4666
4665
4665
4663
4663
4659
4658
4656
4656
4653
4652
4651
4651
4650
4650
4649
4649
4648
4647
4646
4645
4645
4645
4644
4644
4644
4643
4642
4642
4642
4642
4641
4641
4640
4638
4636
4636
4634
4634
4633
4632
4631
4630
4630
4628
4628
4627
4625
4624
4623
4620
4619
4618
4614
4614
4613
4613
4612
4612
4610
4610
4608
4607
4606
4604
4604
4601
4600
4599
4598
4597
4597
4596
4592
4591
4590
4590
4588
4588
4587
4587
4585
4585
4585
4584
4584
4584
4583
4581
4581
4581
4580
4580
4580
4579
4577
4577
4577
4577
4576
4576
4575
4575
4575
4575
4573
4572
4572
4570
4570
4569
4569
4567
4565
4565
4565
4564
4563
4562
4561
4561
4560
4558
4557
4557
4556
4556
4556
4555
4555
4553
4552
4552
4552
4552
4551
4549
4549
4547
4547
4545
4545
4543
4543
4543
4542
4541
4541
4540
4539
4537
4537
4537
4535
4534
4534
4534
4534
4531
4531
4531
4529
4529
4527
4526
4525
4525
4525
4524
4524
4524
4523
4523
4523
4523
4522
4522
4522
4522
4519
4519
4519
4519
4517
4517
4517
4516
4514
4512
4512
4512
4510
4508
4508
4505
4505
4505
4504
4504
4503
4502
4502
4499
4498
4498
4497
4497
4497
4497
4496
4495
4494
4494
4492
4491
4490
4490
4489
4489
4488
4487
4486
4486
4485
4485
4484
4483
4482
4481
4480
4477
4476
4476
4476
4475
4475
4474
4471
4471
4471
4470
4468
4468
4467
4467
4466
4466
4466
4465
4465
4465
4463
4463
4463
4463
4461
4460
4460
4459
4458
4457
4457
4456
4455
4453
4453
4450
4448
4447
4447
4446
4443
4443
4442
4442
4440
4439
4437
4437
4437
4436
4436
4433
4432
4431
4431
4426
4425
4424
4423
4423
4423
4422
4422
4421
4419
4419
4418
4418
4417
4416
4416
4415
4415
4414
4413
4413
4413
4412
4411
4410
4410
4409
4408
4406
4406
4403
4403
4403
4402
4402
4400
4400
4400
4400
4399
4397
4397
4397
4397
4395
4395
4395
4394
4392
4392
4392
4391
4390
4390
4389
4388
4388
4388
4387
4385
4385
4384
4383
4382
4381
4380
4379
4378
4377
4375
4375
4375
4375
4374
4373
4372
4372
4372
4371
4370
4370
4370
4370
4369
4369
4367
4367
4367
4366
4366
4366
4365
4365
4364
4363
4363
4362
4362
4362
4360
4359
4356
4353
4351
4351
4349
4349
4348
4346
4345
4345
4344
4343
4343
4342
4340
4339
4338
4337
4337
4336
4335
4334
4334
4334
4334
4333
4333
4332
4330
4329
4329
4329
4329
4328
4326
4326
4324
4323
4322
4322
4321
4320
4318
4317
4317
4317
4316
4316
4316
4314
4313
4312
4311
4310
4310
4310
4310
4310
4309
4307
4307
4306
4305
4304
4303
4302
4302
4302
4301
4300
4296
4295
4295
4292
4292
4290
4287
4287
4286
4286
4286
4286
4286
4286
4285
4283
4283
4283
4282
4282
4280
4278
4278
4275
4274
4273
4273
4270
4270
4270
4270
4268
4266
4266
4265
4263
4261
4261
4259
4259
4259
4259
4259
4258
4257
4257
4256
4255
4255
4255
4255
4254
4254
4253
4252
4251
4251
4251
4250
4250
4249
4249
4249
4248
4245
4244
4242
4241
4241
4239
4234
4232
4230
4230
4228
4227
4226
4226
4225
4224
4223
4222
4222
4221
4219
4219
4219
4218
4217
4217
4217
4216
4214
4213
4212
4212
4212
4211
4211
4210
4206
4206
4206
4206
4203
4203
4203
4203
4199
4199
4199
4199
4198
4198
4198
4196
4194
4193
4193
4193
4192
4192
4192
4192
4191
4191
4191
4190
4189
4189
4189
4188
4187
4187
4185
4185
4184
4184
4183
4180
4179
4176
4176
4175
4175
4175
4173
4172
4170
4169
4169
4167
4167
4167
4166
4165
4164
4162
4162
4162
4161
4160
4159
4159
4158
4158
4158
4157
4156
4155
4154
4154
4154
4154
4153
4152
4151
4151
4150
4150
4149
4149
4149
4148
4148
4148
4147
4147
4147
4146
4146
4144
4143
4142
4141
4140
4139
4139
4139
4137
4135
4134
4133
4133
4132
4131
4129
4129
4129
4128
4126
4126
4126
4125
4124
4123
4123
4123
4122
4122
4122
4120
4119
4118
4117
4117
4117
4116
4116
4115
4114
4113
4113
4113
4113
4112
4111
4110
4109
4107
4107
4105
4104
4104
4102
4102
4102
4102
4101
4101
4100
4100
4100
4099
4096
4096
4096
4095
4094
4094
4094
4093
4092
4092
4091
4091
4090
4090
4090
4089
4089
4088
4087
4087
4085
4084
4084
4084
4082
4082
4082
4082
4080
4080
4080
4080
4080
4079
4079
4078
4078
4078
4078
4078
4077
4076
4076
4076
4075
4075
4073
4072
4072
4072
4072
4071
4069
4069
4068
4066
4066
4064
4064
4063
4063
4061
4061
4061
4060
4060
4060
4058
4058
4057
4057
4057
4057
4057
4056
4056
4055
4055
4055
4054
4054
4053
4052
4051
4051
4051
4050
4050
4050
4049
4048
4048
4048
4047
4046
4044
4043
4042
4042
4041
4041
4040
4039
4038
4038
4038
4038
4038
4037
4037
4036
4034
4033
4032
4032
4031
4031
4031
4031
4030
4029
4029
4029
4029
4028
4026
4026
4026
4025
4025
4024
4023
4023
4023
4021
4021
4020
4020
4019
4018
4017
4015
4015
4015
4015
4014
4014
4013
4013
4011
4011
4011
4011
4011
4010
4009
4006
4006
4005
4004
4004
4003
4003
4002
4002
4001
4001
3999
3999
3997
3996
3996
3996
3995
3995
3994
3993
3993
3993
3992
3992
3992
3992
3991
3991
3990
3989
3988
3988
3988
3987
3987
3987
3987
3987
3986
3986
3985
3985
3983
3983
3982
3981
3981
3980
3980
3979
3977
3977
3976
3976
3976
3976
3976
3975
3975
3974
3974
3973
3973
3972
3972
3972
3971
3971
3969
3969
3968
3966
3965
3965
3965
3965
3965
3965
3963
3963
3961
3961
3958
3957
3956
3956
3955
3953
3953
3953
3952
3952
3952
3951
3951
3951
3950
3948
3947
3947
3947
3947
3946
3946
3945
3945
3945
3945
3944
3944
3942
3941
3940
3940
3940
3940
3940
3940
3939
3939
3938
3938
3938
3937
3937
3936
3935
3934
3934
3933
3933
3932
3932
3932
3931
3930
3930
3930
3929
3928
3927
3927
3926
3925
3924
3924
3921
3919
3919
3918
3918
3917
3916
3916
3912
3912
3912
3912
3911
3911
3910
3910
3910
3910
3910
3909
3909
3908
3908
3906
3905
3905
3903
3901
3901
3900
3900
3900
3900
3900
3899
3898
3896
3896
3895
3894
3893
3891
3891
3891
3891
3890
3890
3890
3890
3889
3888
3888
3888
3887
3887
3887
3887
3886
3886
3885
3883
3882
3882
3882
3882
3881
3881
3881
3880
3879
3878
3877
3876
3875
3875
3874
3873
3873
3873
3872
3872
3871
3871
3871
3871
3870
3870
3869
3869
3868
3868
3868
3867
3867
3866
3864
3864
3863
3862
3861
3860
3860
3859
3859
3859
3858
3857
3857
3856
3855
3855
3855
3854
3854
3854
3854
3854
3853
3852
3852
3852
3852
3851
3851
3850
3850
3850
3848
3848
3848
3846
3844
3843
3843
3841
3841
3840
3839
3878
3838
3838
3838
3838
3837
3837
3837
3837
3837
3836
3836
3836
3836
3836
3835
3834
3834
3834
3834
3833
3832
3832
3832
3832
3832
3831
3831
3830
3829
3829
3829
3827
3827
3826
3826
3826
3826
3826
3826
3825
3825
3825
3824
3824
3824
3824
3823
3823
3823
3822
3821
3821
3820
3820
3820
3819
3818
3818
3818
3817
3817
3816
3816
3815
3815
3815
3815
3815
3815
3812
3810
3810
3809
3808
3808
3808
3808
3807
3807
3804
3804
3804
3804
3803
3803
3802
3801
3801
3801
3801
3800
3800
3799
3799
3799
3799
3796
3796
3795
3794
3794
3794
3792
3791
3791
3790
3789
3789
3788
3788
3787
3784
3783
3783
3783
3783
3783
3780
3780
3779
3779
3778
3778
3778
3777
3777
3774
3773
3772
3771
3770
3769
3767
3767
3767
3767
3766
3766
3766
3765
3765
3764
3764
3764
3763
3762
3762
3760
3760
3760
3759
3759
3758
3757
3756
3756
3755
3755
3755
3754
3753
3753
3753
3751
3751
3751
3750
3750
3750
3750
3749
3749
3749
3749
3749
3748
3748
3748
3747
3747
3747
3747
3746
3745
3745
3745
3744
3744
3744
3743
3742
3742
3741
3741
3740
3740
3739
3739
3739
3738
3736
3736
3736
3736
3736
3735
3735
3734
3730
3729
3728
3727
3727
3727
3726
3726
3725
3725
3724
3724
3724
3723
3722
3722
3722
3721
3720
3720
3719
3719
3718
3718
3717
3717
3716
3716
3716
3715
3713
3712
3711
3709
3708
3707
3707
3707
3707
3706
3706
3705
3705
3705
3705
3705
3704
3704
3704
3703
3703
3703
3703
3703
3703
3702
3701
3701
3700
3700
3699
3699
3699
3699
3698
3698
3697
3695
3695
3695
3693
3692
3692
3691
3691
3691
3690
3689
3688
3688
3688
3687
3687
3686
3686
3685
3684
3684
3683
3682
3682
3682
3682
3682
3682
3681
3681
3680
3680
3680
3679
3678
3678
3678
3677
3677
3676
3675
3675
3675
3674
3674
3674
3673
3672
3671
3670
3670
3670
3669
3669
3669
3668
3667
3666
3665
3664
3664
3664
3664
3664
3664
3663
3663
3662
3660
3659
3657
3657
3657
3655
3654
3654
3654
3654
3654
3653
3653
3653
3652
3652
3651
3651
3651
3650
3649
3648
3648
3646
3646
3646
3645
3645
3644
3644
3644
3643
3643
3643
3643
3643
3642
3642
3642
3642
3641
3640
3639
3639
3637
3637
3637
3636
3636
3635
3635
3635
3635
3634
3634
3634
3634
3633
3632
3632
3631
3631
3631
3631
3629
3629
3628
3626
3625
3624
3624
3621
3621
3621
3620
3619
3618
3617
3616
3615
3615
3615
3614
3614
3610
3610
3608
3608
3608
3607
3607
3606
3606
3606
3605
3605
3605
3603
3603
3603
3603
3601
3601
3601
3599
3599
3598
3598
3598
3597
3596
3596
3595
3594
3594
3594
3594
3594
3592
3591
3591
3591
3590
3590
3588
3588
3588
3587
3586
3586
3585
3585
3585
3585
3584
3582
3582
3581
3581
3580
3580
3580
3579
3578
3578
3577
3577
3576
3576
3575
3575
3574
3574
3574
3574
3573
3573
3572
3572
3572
3572
3572
3572
3571
3570
3570
3570
3570
3570
3568
3568
3567
3567
3567
3566
3566
3565
3565
3565
3565
3564
3563
3562
3561
3561
3561
3561
3559
3559
3559
3558
3558
3558
3557
3557
3556
3555
3554
3554
3554
3553
3553
3552
3552
3552
3551
3550
3550
3549
3549
3548
3548
3548
3548
3548
3548
3547
3547
3547
3547
3546
3546
3546
3545
3545
3545
3545
3544
3543
3543
3543
3542
3542
3542
3542
3541
3541
3540
3540
3539
3539
3538
3538
3538
3537
3536
3536
3536
3536
3535
3535
3535
3534
3533
3533
3532
3532
3532
3531
3531
3531
3530
3530
3529
3529
3528
3528
3527
3527
3526
3526
3526
3526
3526
3526
3526
3526
3526
3525
3525
3524
3524
3524
3524
3524
3523
3523
3523
3523
3523
3522
3520
3519
3518
3515
3514
3514
3514
3513
3512
3512
3512
3511
3510
3508
3508
3507
3506
3506
3505
3504
3503
3503
3502
3502
3501
3501
3500
3500
3499
3499
3499
3499
3498
3496
3496
3495
3495
3494
3494
3493
3493
3493
3493
3492
3491
3491
3490
3490
3489
3489
3488
3487
3486
3486
3485
3485
3484
3484
3484
3484
3482
3482
3481
3481
3481
3480
3480
3479
3479
3478
3478
3477
3477
3477
3476
3475
3475
3474
3473
3473
3471
3471
3471
3470
3470
3469
3468
3468
3467
3466
3466
3465
3465
3465
3465
3464
3463
3463
3463
3463
3463
3463
3462
3462
3462
3461
3460
3460
3460
3460
3459
3459
3457
3457
3456
3456
3456
3455
3455
3455
3455
3455
3454
3454
3454
3453
3453
3453
3452
3452
3451
3450
3450
3449
3449
3449
3448
3448
3448
3447
3447
3446
3446
3446
3446
3445
3445
3445
3445
3445
3445
3444
3444
3443
3443
3443
3443
3442
3441
3441
3441
3441
3440
3439
3439
3438
3437
3437
3437
3437
3436
3435
3435
3434
3434
3434
3433
3432
3431
3430
3430
3430
3429
3429
3429
3428
3428
3428
3426
3426
3426
3426
3425
3425
3424
3424
3424
3423
3423
3423
3423
3422
3422
3421
3420
3420
3419
3419
3418
3418
3418
3417
3416
3415
3414
3414
3413
3413
3412
3412
3410
3410
3410
3410
3409
3409
3409
3408
3408
3408
3407
3406
3405
3405
3405
3403
3402
3402
3402
3401
3401
3401
3401
3400
3398
3398
3397
3397
3397
3396
3395
3395
3395
3395
3394
3394
3392
3392
3391
3390
3389
3389
3389
3388
3388
3388
3387
3387
3387
3387
3387
3387
3386
3385
3385
3385
3384
3384
3384
3384
3383
3383
3382
3382
3382
3382
3382
3381
3381
3380
3380
3380
3380
3379
3379
3379
3377
3377
3376
3376
3375
3375
3374
3373
3372
3372
3372
3371
3371
3371
3370
3370
3369
3369
3368
3368
3367
3367
3366
3366
3365
3365
3365
3365
3365
3364
3364
3364
3363
3363
3363
3363
3363
3361
3361
3360
3360
3359
3358
3357
3357
3356
3356
3356
3356
3356
3355
3354
3354
3354
3352
3352
3352
3351
3351
3350
3350
3350
3349
3349
3349
3348
3348
3348
3348
3346
3345
3345
3344
3344
3343
3342
3342
3341
3341
3340
3340
3340
3340
3340
3340
3339
3339
3338
3338
3338
3337
3337
3336
3336
3335
3334
3334
3334
3332
3332
3332
3332
3332
3331
3330
3330
3330
3329
3329
3329
3329
3328
3328
3327
3326
3325
3325
3325
3325
3325
3325
3324
3324
3324
3324
3324
3323
3323
3322
3322
3320
3320
3320
3320
3320
3320
3319
3318
3318
3318
3317
3316
3316
3312
3311
3311
3311
3310
3310
3309
3308
3308
3308
3307
3307
3307
3306
3305
3305
3305
3304
3304
3303
3303
3302
3301
3301
3301
3300
3300
3299
3299
3299
3299
3299
3298
3298
3298
3297
3297
3297
3295
3295
3295
3294
3294
3294
3294
3293
3292
3292
3292
3290
3290
3290
3289
3287
3287
3287
3286
3286
3285
3285
3284
3284
3284
3284
3283
3282
3281
3281
3280
3280
3280
3279
3279
3277
3277
3277
3277
3276
3275
3274
3274
3274
3274
3272
3272
3272
3272
3272
3272
3161
3271
3271
3270
3270
3270
3269
3269
3268
3267
3267
3267
3266
3266
3266
3264
3264
3263
3263
3263
3263
3263
3262
3262
3262
3261
3261
3261
3260
3260
3260
3259
3259
3258
3258
3258
3257
3257
3257
3257
3256
3256
3256
3255
3254
3253
3253
3253
3253
3253
3253
3252
3252
3251
3251
3251
3251
3250
3249
3248
3248
3248
3247
3247
3246
3246
3244
3244
3244
3244
3243
3243
3243
3243
3243
3243
3242
3242
3242
3241
3241
3240
3240
3239
3238
3237
3189
3237
3237
3236
3234
3234
3234
3234
3233
3232
3232
3231
3229
3228
3227
3227
3226
3225
3225
3225
3224
3224
3224
3224
3223
3223
3223
3223
3222
3222
3221
3221
3221
3220
3220
3219
3219
3219
3219
3218
3218
3217
3217
3216
3216
3216
3216
3215
3215
3215
3214
3214
3213
3213
3213
3213
3213
3213
3212
3212
3212
3212
3212
3212
3210
3210
3209
3208
3208
3207
3206
3205
3205
3205
3203
3203
3203
3202
3201
3201
3200
3200
3200
3199
3199
3198
3198
3198
3197
3197
3197
3196
3195
3194
3194
3193
3192
3191
3191
3190
3189
3189
3188
3187
3187
3187
3186
3186
3185
3184
3184
3183
3183
3183
3183
3182
3182
3182
3182
3181
3181
3181
3180
3180
3179
3177
3177
3177
3177
3175
3175
3175
3174
3174
3174
3174
3173
3173
3173
3172
3172
3172
3172
3171
3171
3170
3170
3170
3169
3168
3168
3168
3167
3167
3166
3165
3165
3165
3165
3164
3164
3164
3163
3163
3162
3162
3162
3162
3162
3161
3161
3160
3160
3159
3159
3159
3159
3158
3158
3158
3158
3157
3157
3157
3157
3156
3156
3156
3156
3156
3156
3155
3155
3155
3154
3154
3154
3153
3152
3152
3151
3151
3151
3151
3150
3150
3150
3150
3149
3149
3149
3148
3147
3147
3146
3145
3145
3145
3145
3145
3144
3144
3144
3143
3142
3142
3141
3141
3140
3140
3140
3139
3139
3138
3138
3138
3138
3137
3137
3137
3136
3136
3136
3135
3135
3135
3134
3134
3133
3133
3132
3132
3132
3132
3131
3131
3130
3130
3129
3128
3127
3127
3126
3126
3125
3124
3124
3124
3124
3123
3123
3122
3121
3121
3121
3121
3120
3120
3120
3120
3119
3119
3118
3117
3117
3117
3116
3116
3116
3115
3115
3114
3114
3114
3114
3113
3113
3113
3113
3112
3112
3112
3112
3111
3110
3110
3110
3110
3109
3108
3108
3107
3107
3106
3105
3105
3105
3105
3105
3105
3104
3104
3104
3103
3103
3103
3103
3102
3101
3101
3099
3099
3099
3099
3099
3098
3097
3097
3097
3097
3095
3095
3094
3094
3094
3094
3093
3093
3092
3092
3092
3092
3092
3091
3089
3089
3088
3087
3087
3086
3086
3086
3086
3085
3084
3084
3083
3083
3083
3083
3082
3082
3082
3079
3079
3078
3078
3078
3078
3078
3077
3077
3075
3075
3075
3074
3074
3074
3074
3074
3074
3073
3073
3072
3072
3072
3071
3071
3071
3071
3071
3071
3071
3070
3070
3069
3069
3069
3067
3067
3067
3067
3066
3066
3066
3065
3065
3065
3064
3063
3062
3062
3062
3061
3060
3059
3059
3059
3058
3058
3057
3057
3057
3057
3057
3057
3056
3056
3056
3056
3055
3054
3054
3054
3054
3054
3054
3052
3052
3052
3051
3051
3051
3051
3050
3050
3049
3049
3049
3049
3049
3049
3049
3048
3048
3047
3046
3046
3046
3046
3046
3046
3045
3044
3043
3042
3042
3041
3040
3040
3040
3039
3039
3039
3039
3039
3038
3038
3037
3037
3037
3037
3036
3036
3035
3035
3035
3034
3034
3033
3033
3033
3033
3031
3030
3030
3029
3028
3028
3027
3026
3026
3026
3026
3026
3025
3025
3025
3024
3024
3024
3023
3023
3023
3023
3023
3023
3021
3021
3021
3020
3020
3020
3019
3019
3018
3017
3017
3017
3016
3016
3014
3013
3012
3011
3011
3011
3011
3011
3011
3010
3010
3010
3010
3010
3010
3009
3009
3008
3008
3007
3007
3006
3006
3005
3004
3004
3004
3004
3004
3003
3002
3002
3001
3000
